345.52	1251.70
345.73	1251.70
345.94	1251.70
346.16	1242.32
346.37	1251.92
346.58	1251.19
346.79	1255.18
347.00	1249.92
347.22	1266.46
347.43	1257.56
347.64	1257.66
347.85	1253.71
348.06	1251.62
348.28	1252.80
348.49	1255.45
348.70	1254.77
348.91	1266.01
349.12	1241.58
349.34	1260.48
349.55	1251.41
349.76	1256.67
349.97	1260.50
350.18	1260.81
350.40	1259.44
350.61	1266.10
350.82	1258.70
351.03	1261.06
351.24	1252.78
351.46	1258.39
351.67	1255.45
351.88	1263.74
352.09	1256.55
352.30	1259.26
352.51	1252.44
352.73	1259.05
352.94	1257.35
353.15	1259.34
353.36	1256.43
353.57	1261.12
353.79	1251.96
354.00	1263.41
354.21	1257.76
354.42	1267.32
354.63	1249.55
354.84	1258.64
355.06	1255.67
355.27	1260.18
355.48	1257.53
355.69	1263.27
355.90	1254.77
356.11	1258.21
356.33	1258.17
356.54	1263.84
356.75	1259.44
356.96	1263.02
357.17	1241.70
357.38	1263.31
357.60	1255.65
357.81	1263.74
358.02	1257.74
358.23	1262.47
358.44	1253.30
358.65	1259.03
358.87	1256.51
359.08	1261.53
359.29	1256.22
359.50	1267.00
359.71	1252.31
359.92	1268.45
360.13	1254.46
360.35	1259.64
360.56	1254.54
360.77	1266.30
360.98	1250.41
361.19	1260.48
361.40	1251.25
361.62	1266.18
361.83	1259.46
362.04	1258.82
362.25	1257.82
362.46	1265.28
362.67	1252.46
362.88	1266.24
363.10	1257.27
363.31	1268.23
363.52	1245.47
363.73	1253.38
363.94	1256.04
364.15	1261.67
364.36	1254.63
364.57	1261.02
364.79	1254.28
365.00	1261.06
365.21	1258.76
365.42	1262.04
365.63	1258.39
365.84	1264.46
366.05	1258.42
366.27	1259.42
366.48	1253.17
366.69	1268.59
366.90	1250.69
367.11	1258.99
367.32	1260.98
367.53	1257.08
367.74	1260.22
367.95	1262.88
368.17	1262.92
368.38	1257.45
368.59	1251.80
368.80	1262.25
369.01	1256.90
369.22	1259.01
369.43	1253.99
369.64	1258.05
369.86	1266.24
370.07	1263.84
370.28	1251.15
370.49	1260.44
370.70	1255.28
370.91	1260.79
371.12	1252.33
371.33	1256.45
371.54	1260.34
371.76	1256.90
371.97	1257.70
372.18	1259.23
372.39	1252.56
372.60	1260.67
372.81	1259.42
373.02	1255.26
373.23	1260.18
373.44	1260.71
373.65	1255.04
373.87	1261.90
374.08	1258.48
374.29	1264.21
374.50	1259.17
374.71	1257.49
374.92	1255.63
375.13	1257.21
375.34	1253.64
375.55	1260.50
375.76	1253.46
375.97	1264.91
376.19	1258.48
376.40	1264.25
376.61	1260.65
376.82	1264.05
377.03	1258.95
377.24	1264.03
377.45	1261.41
377.66	1264.31
377.87	1254.50
378.08	1270.54
378.29	1257.17
378.50	1262.68
378.71	1251.47
378.93	1255.81
379.14	1264.83
379.35	1268.10
379.56	1260.73
379.77	1260.57
379.98	1259.75
380.19	1261.00
380.40	1262.88
380.61	1267.43
380.82	1257.76
381.03	1266.69
381.24	1251.15
381.45	1267.69
381.66	1251.04
381.88	1261.79
382.09	1253.36
382.30	1262.20
382.51	1260.28
382.72	1261.02
382.93	1259.71
383.14	1254.61
383.35	1257.00
383.56	1266.42
383.77	1254.69
383.98	1265.19
384.19	1257.10
384.40	1259.64
384.61	1257.21
384.82	1259.97
385.03	1257.82
385.24	1262.88
385.45	1258.68
385.67	1258.89
385.88	1259.69
386.09	1265.24
386.30	1252.17
386.51	1263.84
386.72	1253.60
386.93	1257.19
387.14	1257.49
387.35	1261.86
387.56	1258.60
387.77	1260.07
387.98	1260.36
388.19	1267.43
388.40	1255.86
388.61	1257.39
388.82	1258.13
389.03	1260.83
389.24	1261.57
389.45	1269.33
389.66	1254.09
389.87	1265.81
390.08	1254.73
390.29	1261.49
390.50	1260.98
390.71	1270.09
390.92	1253.50
391.13	1260.57
391.34	1256.10
391.55	1262.27
391.76	1256.16
391.98	1261.55
392.19	1254.79
392.40	1265.30
392.61	1263.51
392.82	1267.30
393.03	1253.52
393.24	1260.18
393.45	1256.31
393.66	1260.07
393.87	1252.84
394.08	1266.89
394.29	1264.56
394.50	1259.07
394.71	1255.10
394.92	1265.42
395.13	1255.86
395.34	1263.37
395.55	1249.71
395.76	1261.43
395.97	1253.58
396.18	1268.82
396.39	1254.48
396.60	1264.48
396.81	1262.06
397.02	1257.53
397.23	1260.79
397.44	1265.13
397.65	1256.96
397.86	1266.12
398.07	1253.11
398.28	1264.58
398.49	1259.17
398.70	1260.55
398.91	1252.56
399.12	1254.14
399.33	1258.09
399.54	1267.88
399.75	1258.23
399.96	1264.85
400.17	1258.68
400.38	1264.50
400.59	1257.84
400.80	1261.26
401.01	1257.53
401.22	1268.14
401.42	1263.13
401.63	1267.12
401.84	1257.45
402.05	1260.61
402.26	1261.47
402.47	1265.42
402.68	1259.89
402.89	1261.08
403.10	1256.43
403.31	1264.21
403.52	1255.49
403.73	1265.83
403.94	1256.53
404.15	1263.82
404.36	1261.94
404.57	1262.53
404.78	1258.07
404.99	1261.24
405.20	1257.62
405.41	1258.13
405.62	1252.27
405.83	1260.77
406.04	1263.54
406.25	1261.77
406.46	1259.97
406.67	1264.83
406.88	1261.53
407.09	1256.22
407.30	1252.70
407.50	1265.15
407.71	1255.40
407.92	1264.81
408.13	1255.90
408.34	1257.43
408.55	1266.48
408.76	1266.24
408.97	1264.35
409.18	1259.28
409.39	1263.66
409.60	1262.88
409.81	1257.21
410.02	1268.78
410.23	1258.50
410.44	1264.46
410.65	1258.05
410.86	1263.39
411.07	1251.98
411.27	1263.62
411.48	1254.52
411.69	1264.78
411.90	1256.67
412.11	1266.65
412.32	1248.30
412.53	1264.58
412.74	1258.15
412.95	1262.94
413.16	1259.56
413.37	1260.38
413.58	1258.72
413.79	1266.36
414.00	1260.67
414.20	1264.07
414.41	1254.01
414.62	1271.89
414.83	1257.45
415.04	1263.82
415.25	1253.03
415.46	1262.27
415.67	1253.48
415.88	1266.59
416.09	1250.78
416.30	1269.15
416.51	1256.55
416.71	1258.35
416.92	1253.58
417.13	1259.79
417.34	1254.50
417.55	1264.58
417.76	1254.83
417.97	1262.68
418.18	1249.59
418.39	1263.17
418.60	1256.29
418.81	1262.72
419.01	1256.18
419.22	1273.35
419.43	1256.20
419.64	1262.78
419.85	1262.92
420.06	1266.53
420.27	1258.66
420.48	1261.51
420.69	1254.95
420.90	1266.40
421.10	1262.68
421.31	1260.55
421.52	1265.42
421.73	1263.06
421.94	1252.27
422.15	1267.67
422.36	1266.10
422.57	1264.31
422.78	1258.60
422.98	1262.31
423.19	1259.48
423.40	1269.86
423.61	1258.37
423.82	1265.13
424.03	1258.07
424.24	1262.92
424.45	1260.16
424.65	1265.81
424.86	1260.83
425.07	1262.20
425.28	1255.30
425.49	1264.42
425.70	1255.24
425.91	1265.40
426.12	1254.11
426.32	1259.34
426.53	1257.27
426.74	1256.90
426.95	1256.49
427.16	1255.32
427.37	1257.58
427.58	1266.28
427.78	1256.84
427.99	1270.83
428.20	1260.44
428.41	1254.40
428.62	1254.46
428.83	1260.93
429.04	1259.38
429.24	1266.46
429.45	1255.73
429.66	1263.47
429.87	1257.47
430.08	1267.55
430.29	1253.40
430.50	1268.98
430.70	1254.97
430.91	1269.45
431.12	1260.91
431.33	1264.74
431.54	1258.66
431.75	1272.42
431.96	1258.74
432.16	1265.95
432.37	1256.67
432.58	1268.25
432.79	1254.20
433.00	1259.40
433.21	1257.94
433.41	1262.53
433.62	1252.01
433.83	1258.15
434.04	1256.26
434.25	1261.08
434.46	1255.14
434.66	1258.97
434.87	1259.28
435.08	1262.12
435.29	1258.66
435.50	1263.35
435.71	1252.95
435.91	1266.57
436.12	1252.89
436.33	1259.56
436.54	1249.65
436.75	1263.94
436.95	1260.71
437.16	1263.54
437.37	1257.33
437.58	1267.53
437.79	1254.69
438.00	1265.17
438.20	1258.27
438.41	1263.13
438.62	1263.04
438.83	1263.64
439.04	1258.42
439.24	1265.05
439.45	1255.75
439.66	1264.33
439.87	1255.24
440.08	1262.53
440.28	1254.18
440.49	1264.48
440.70	1257.94
440.91	1259.32
441.12	1257.10
441.32	1258.85
441.53	1260.46
441.74	1260.44
441.95	1260.81
442.16	1267.57
442.36	1262.18
442.57	1266.03
442.78	1251.55
442.99	1263.15
443.20	1258.99
443.40	1256.12
443.61	1253.81
443.82	1262.41
444.03	1256.41
444.24	1263.72
444.44	1254.09
444.65	1263.88
444.86	1250.82
445.07	1261.06
445.27	1252.58
445.48	1263.49
445.69	1250.47
445.90	1264.85
446.11	1257.33
446.31	1266.18
446.52	1258.39
446.73	1258.70
446.94	1252.95
447.14	1267.94
447.35	1258.50
447.56	1270.40
447.77	1262.63
447.97	1270.66
448.18	1261.06
448.39	1263.72
448.60	1252.29
448.81	1270.91
449.01	1267.26
449.22	1262.31
449.43	1251.51
449.64	1265.09
449.84	1260.95
450.05	1262.72
450.26	1259.52
450.47	1265.60
450.67	1254.97
450.88	1263.37
451.09	1256.47
451.30	1259.40
451.50	1258.23
451.71	1261.28
451.92	1260.77
452.13	1266.34
452.33	1250.61
452.54	1258.76
452.75	1255.36
452.96	1263.49
453.16	1247.77
453.37	1262.12
453.58	1259.60
453.79	1266.65
453.99	1263.04
454.20	1267.67
454.41	1256.14
454.61	1261.16
454.82	1258.99
455.03	1261.08
455.24	1256.06
455.44	1267.71
455.65	1256.92
455.86	1261.90
456.07	1257.56
456.27	1265.60
456.48	1257.64
456.69	1260.69
456.90	1257.25
457.10	1265.58
457.31	1257.23
457.52	1262.14
457.72	1257.74
457.93	1258.58
458.14	1260.61
458.35	1258.37
458.55	1255.75
458.76	1264.93
458.97	1249.77
459.17	1261.32
459.38	1261.53
459.59	1263.49
459.80	1256.04
460.00	1260.95
460.21	1258.87
460.42	1268.90
460.62	1257.39
460.83	1261.61
461.04	1259.15
461.25	1264.62
461.45	1259.36
461.66	1265.81
461.87	1258.13
462.07	1268.66
462.28	1258.09
462.49	1260.69
462.69	1263.43
462.90	1258.58
463.11	1258.07
463.31	1269.15
463.52	1249.96
463.73	1267.53
463.94	1252.78
464.14	1263.15
464.35	1255.92
464.56	1262.65
464.76	1268.23
464.97	1263.04
465.18	1254.11
465.38	1267.18
465.59	1265.89
465.80	1272.75
466.00	1262.98
466.21	1263.99
466.42	1254.61
466.62	1255.26
466.83	1256.80
467.04	1265.52
467.24	1257.96
467.45	1262.37
467.66	1256.90
467.86	1268.18
468.07	1250.08
468.28	1262.51
468.48	1254.95
468.69	1268.12
468.90	1250.22
469.10	1268.72
469.31	1254.38
469.52	1272.63
469.72	1256.74
469.93	1271.48
470.14	1252.48
470.34	1262.88
470.55	1257.92
470.76	1262.20
470.96	1262.29
471.17	1266.10
471.38	1252.29
471.58	1266.22
471.79	1256.43
472.00	1259.99
472.20	1255.55
472.41	1265.17
472.62	1257.13
472.82	1262.68
473.03	1252.52
473.24	1261.81
473.44	1262.27
473.65	1261.34
473.85	1249.94
474.06	1265.89
474.27	1255.88
474.47	1266.85
474.68	1254.97
474.89	1263.15
475.09	1254.54
475.30	1267.43
475.51	1256.49
475.71	1266.63
475.92	1264.70
476.12	1259.09
476.33	1255.47
476.54	1259.52
476.74	1258.58
476.95	1258.70
477.16	1252.33
477.36	1263.97
477.57	1256.70
477.77	1262.63
477.98	1255.22
478.19	1261.10
478.39	1248.93
478.60	1261.43
478.81	1253.44
479.01	1270.03
479.22	1256.43
479.42	1267.26
479.63	1257.53
479.84	1263.08
480.04	1255.75
480.25	1265.81
480.45	1254.77
480.66	1263.54
480.87	1258.48
481.07	1263.11
481.28	1259.05
481.48	1263.88
481.69	1259.48
481.90	1264.56
482.10	1256.14
482.31	1259.93
482.51	1263.21
482.72	1262.20
482.93	1255.90
483.13	1261.36
483.34	1263.64
483.54	1264.85
483.75	1255.94
483.96	1263.00
484.16	1258.31
484.37	1262.41
484.57	1253.17
484.78	1267.88
484.99	1254.57
485.19	1265.56
485.40	1258.56
485.60	1263.21
485.81	1254.01
486.01	1262.37
486.22	1264.60
486.43	1274.04
486.63	1252.68
486.84	1264.35
487.04	1255.28
487.25	1265.48
487.46	1256.74
487.66	1264.76
487.87	1259.77
488.07	1264.33
488.28	1257.00
488.48	1269.60
488.69	1260.16
488.89	1262.45
489.10	1258.15
489.31	1262.59
489.51	1256.18
489.72	1265.64
489.92	1257.92
490.13	1261.08
490.33	1252.97
490.54	1261.71
490.75	1251.98
490.95	1261.22
491.16	1254.50
491.36	1257.13
491.57	1257.96
491.77	1261.61
491.98	1256.55
492.18	1255.79
492.39	1266.69
492.59	1257.78
492.80	1257.47
493.01	1262.18
493.21	1260.16
493.42	1263.43
493.62	1267.67
493.83	1262.22
494.03	1259.07
494.24	1260.55
494.44	1260.32
494.65	1257.82
494.85	1257.68
495.06	1258.29
495.26	1256.37
495.47	1261.75
495.68	1254.91
495.88	1260.91
496.09	1259.50
496.29	1260.32
496.50	1256.63
496.70	1261.81
496.91	1257.76
497.11	1264.42
497.32	1263.31
497.52	1258.44
497.73	1255.22
497.93	1262.76
498.14	1256.86
498.34	1263.08
498.55	1262.14
498.75	1262.53
498.96	1258.52
499.16	1263.68
499.37	1254.97
499.57	1259.13
499.78	1257.62
499.98	1267.94
500.19	1262.78
500.39	1257.47
500.60	1253.75
500.80	1264.87
501.01	1263.11
501.21	1257.62
501.42	1258.11
501.62	1263.97
501.83	1263.15
502.03	1265.60
502.24	1261.94
502.44	1264.95
502.65	1256.55
502.85	1265.69
503.06	1255.24
503.26	1263.08
503.47	1249.55
503.67	1262.41
503.88	1257.92
504.08	1263.17
504.29	1251.33
504.49	1260.01
504.70	1258.58
504.90	1259.83
505.11	1257.19
505.31	1269.13
505.52	1259.15
505.72	1258.15
505.93	1256.39
506.13	1256.96
506.34	1261.53
506.54	1262.51
506.75	1262.86
506.95	1267.14
507.16	1258.58
507.36	1260.95
507.56	1248.81
507.77	1266.83
507.97	1250.28
508.18	1262.82
508.38	1251.92
508.59	1258.80
508.79	1255.69
509.00	1269.04
509.20	1257.29
509.41	1259.32
509.61	1259.52
509.82	1267.57
510.02	1260.75
510.22	1265.93
510.43	1259.34
510.63	1259.03
510.84	1255.63
511.04	1265.87
511.25	1262.02
511.45	1257.70
511.66	1256.76
511.86	1258.91
512.06	1256.70
512.27	1264.68
512.47	1247.62
512.68	1260.59
512.88	1254.79
513.09	1261.81
513.29	1265.73
513.50	1258.35
513.70	1257.84
513.90	1255.88
514.11	1256.10
514.31	1273.86
514.52	1263.06
514.72	1263.76
514.93	1252.39
515.13	1257.88
515.33	1257.68
515.54	1266.69
515.74	1253.66
515.95	1256.31
516.15	1259.46
516.36	1266.93
516.56	1257.90
516.76	1260.77
516.97	1260.93
517.17	1262.82
517.38	1258.60
517.58	1261.32
517.78	1257.17
517.99	1269.56
518.19	1254.38
518.40	1263.31
518.60	1261.34
518.81	1258.01
519.01	1259.46
519.21	1261.61
519.42	1258.35
519.62	1264.68
519.83	1254.59
520.03	1264.64
520.23	1253.13
520.44	1265.38
520.64	1257.29
520.85	1256.04
521.05	1254.93
521.25	1260.93
521.46	1253.19
521.66	1269.21
521.86	1256.37
522.07	1260.48
522.27	1260.50
522.48	1265.64
522.68	1252.15
522.88	1261.51
523.09	1255.16
523.29	1261.84
523.50	1256.76
523.70	1262.72
523.90	1261.24
524.11	1258.99
524.31	1250.78
524.51	1262.92
524.72	1252.87
524.92	1268.00
525.13	1254.83
525.33	1262.84
525.53	1258.93
525.74	1261.86
525.94	1259.07
526.14	1264.23
526.35	1258.58
526.55	1265.73
526.76	1252.17
526.96	1268.78
527.16	1256.43
527.37	1267.02
527.57	1247.40
527.77	1264.85
527.98	1259.15
528.18	1263.17
528.38	1254.22
528.59	1260.34
528.79	1255.73
528.99	1264.19
529.20	1253.42
529.40	1260.63
529.61	1264.85
529.81	1264.27
530.01	1259.73
530.22	1263.58
530.42	1255.06
530.62	1261.79
530.83	1259.83
531.03	1265.05
531.23	1259.46
531.44	1266.22
531.64	1255.24
531.84	1261.81
532.05	1260.09
532.25	1257.47
532.45	1255.28
532.66	1261.53
532.86	1255.32
533.06	1263.06
533.27	1255.45
533.47	1264.76
533.67	1255.71
533.88	1270.79
534.08	1262.68
534.28	1267.63
534.49	1258.72
534.69	1260.34
534.89	1257.94
535.09	1263.66
535.30	1246.68
535.50	1258.70
535.70	1248.56
535.91	1255.90
536.11	1265.34
536.31	1257.13
536.52	1263.99
536.72	1266.96
536.92	1255.24
537.13	1266.12
537.33	1253.21
537.53	1263.31
537.74	1254.20
537.94	1262.51
538.14	1253.07
538.34	1262.61
538.55	1259.48
538.75	1266.83
538.95	1263.27
539.16	1260.40
539.36	1263.88
539.56	1256.22
539.77	1256.49
539.97	1260.44
540.17	1253.64
540.37	1269.27
540.58	1253.52
540.78	1266.14
540.98	1255.08
541.19	1255.32
541.39	1259.32
541.59	1266.77
541.79	1259.83
542.00	1258.50
542.20	1254.71
542.40	1263.90
542.60	1263.39
542.81	1253.42
543.01	1259.79
543.21	1256.94
543.42	1254.77
543.62	1262.08
543.82	1259.19
544.02	1263.82
544.23	1252.52
544.43	1267.26
544.63	1257.43
544.83	1255.51
545.04	1262.43
545.24	1258.85
545.44	1262.12
545.64	1266.77
545.85	1257.90
546.05	1263.51
546.25	1259.97
546.45	1262.22
546.66	1263.45
546.86	1267.26
547.06	1259.28
547.27	1261.61
547.47	1255.83
547.67	1258.11
547.87	1257.02
548.07	1257.78
548.28	1247.54
548.48	1262.10
548.68	1255.24
548.88	1260.67
549.09	1257.25
549.29	1261.94
549.49	1255.73
549.69	1266.40
549.90	1254.91
550.10	1265.67
550.30	1253.79
550.50	1261.53
550.71	1264.70
550.91	1262.86
551.11	1253.34
551.31	1261.90
551.51	1256.47
551.72	1263.27
551.92	1258.13
552.12	1262.37
552.32	1251.86
552.53	1258.95
552.73	1254.14
552.93	1258.72
553.13	1251.72
553.33	1265.77
553.54	1252.21
553.74	1266.96
553.94	1256.12
554.14	1263.74
554.35	1259.91
554.55	1267.14
554.75	1259.71
554.95	1255.55
555.15	1257.19
555.36	1262.53
555.56	1257.43
555.76	1271.69
555.96	1256.18
556.16	1267.90
556.37	1254.22
556.57	1267.22
556.77	1257.21
556.97	1259.42
557.17	1257.43
557.38	1264.87
557.58	1255.08
557.78	1267.77
557.98	1253.01
558.18	1261.12
558.38	1257.23
558.59	1262.37
558.79	1258.60
558.99	1263.13
559.19	1251.60
559.39	1256.33
559.60	1259.58
559.80	1263.99
560.00	1252.46
560.20	1258.52
560.40	1255.00
560.60	1260.05
560.81	1248.34
561.01	1262.68
561.21	1258.52
561.41	1265.34
561.61	1252.93
561.81	1266.65
562.02	1264.27
562.22	1272.08
562.42	1257.84
562.62	1265.95
562.82	1255.63
563.02	1256.24
563.23	1253.40
563.43	1267.26
563.63	1253.95
563.83	1260.34
564.03	1261.71
564.23	1262.96
564.43	1260.20
564.64	1256.02
564.84	1255.73
565.04	1255.65
565.24	1254.11
565.44	1261.61
565.64	1262.31
565.85	1259.93
566.05	1252.41
566.25	1258.05
566.45	1252.09
566.65	1260.89
566.85	1257.25
567.05	1262.70
567.25	1254.61
567.46	1268.37
567.66	1256.22
567.86	1267.08
568.06	1253.62
568.26	1269.11
568.46	1257.90
568.66	1265.46
568.86	1262.59
569.07	1262.49
569.27	1254.85
569.47	1264.31
569.67	1254.36
569.87	1266.83
570.07	1255.51
570.27	1254.03
570.47	1259.93
570.68	1264.11
570.88	1262.33
571.08	1266.48
571.28	1253.97
571.48	1261.57
571.68	1252.84
571.88	1265.21
572.08	1255.67
572.28	1259.44
572.49	1254.18
572.69	1264.15
572.89	1258.58
573.09	1264.83
573.29	1254.42
573.49	1261.94
573.69	1264.23
573.89	1263.04
574.09	1260.24
574.29	1267.92
574.50	1259.46
574.70	1268.55
574.90	1260.18
575.10	1263.41
575.30	1257.39
575.50	1254.22
575.70	1253.21
575.90	1261.81
576.10	1259.23
576.30	1265.03
576.50	1252.31
576.70	1267.84
576.91	1259.09
577.11	1258.80
577.31	1253.42
577.51	1261.51
577.71	1255.38
577.91	1261.86
578.11	1256.67
578.31	1260.50
578.51	1258.05
578.71	1266.50
578.91	1253.68
579.11	1263.19
579.31	1261.45
579.51	1259.09
579.71	1256.63
579.92	1262.18
580.12	1256.10
580.32	1256.76
580.52	1253.32
580.72	1258.99
580.92	1257.31
581.12	1264.74
581.32	1259.17
581.52	1270.81
581.72	1256.06
581.92	1259.77
582.12	1260.46
582.32	1264.64
582.52	1260.44
582.72	1255.38
582.92	1258.29
583.12	1262.45
583.32	1254.44
583.52	1266.03
583.72	1250.92
583.92	1260.93
584.12	1259.52
584.33	1266.40
584.53	1249.55
584.73	1257.92
584.93	1249.12
585.13	1257.39
585.33	1260.22
585.53	1263.08
585.73	1257.10
585.93	1258.56
586.13	1246.11
586.33	1256.72
586.53	1259.83
586.73	1257.17
586.93	1253.27
587.13	1267.49
587.33	1261.14
587.53	1261.49
587.73	1258.29
587.93	1265.69
588.13	1264.11
588.33	1267.12
588.53	1258.52
588.73	1264.25
588.93	1248.32
589.13	1262.22
589.33	1255.08
589.53	1266.40
589.73	1257.10
589.93	1267.16
590.13	1255.67
590.33	1259.28
590.53	1262.31
590.73	1262.65
590.93	1255.75
591.13	1260.52
591.33	1251.92
591.53	1265.79
591.73	1247.81
591.93	1264.74
592.13	1262.08
592.33	1271.38
592.53	1253.11
592.73	1264.83
592.93	1260.26
593.13	1265.83
593.33	1258.70
593.53	1256.76
593.73	1256.49
593.93	1265.32
594.13	1253.60
594.33	1267.96
594.53	1249.42
594.73	1267.06
594.92	1256.67
595.12	1258.05
595.32	1260.77
595.52	1258.19
595.72	1254.93
595.92	1261.65
596.12	1263.66
596.32	1269.29
596.52	1255.22
596.72	1261.32
596.92	1260.22
597.12	1265.17
597.32	1258.66
597.52	1262.25
597.72	1250.86
597.92	1264.50
598.12	1258.03
598.32	1260.89
598.52	1258.99
598.72	1258.39
598.92	1251.66
599.12	1263.31
599.31	1260.95
599.51	1260.26
599.71	1256.65
599.91	1256.96
600.11	1257.45
600.31	1262.84
600.51	1256.88
600.71	1267.41
600.91	1251.49
601.11	1263.78
601.31	1254.05
601.51	1258.76
601.71	1262.27
601.91	1261.53
602.10	1251.25
602.30	1264.21
602.50	1256.57
602.70	1263.39
602.90	1249.47
603.10	1258.54
603.30	1256.88
603.50	1261.18
603.70	1258.11
603.90	1270.72
604.10	1262.29
604.30	1260.95
604.49	1258.58
604.69	1255.26
604.89	1264.74
605.09	1269.27
605.29	1258.70
605.49	1259.32
605.69	1256.20
605.89	1264.64
606.09	1251.74
606.29	1265.05
606.48	1253.13
606.68	1262.76
606.88	1261.73
607.08	1265.40
607.28	1253.93
607.48	1260.71
607.68	1252.23
607.88	1260.87
608.08	1256.43
608.27	1262.96
608.47	1261.08
608.67	1255.59
608.87	1256.51
609.07	1256.14
609.27	1256.39
609.47	1263.56
609.67	1261.61
609.87	1262.94
610.06	1251.35
610.26	1256.53
610.46	1256.82
610.66	1263.70
610.86	1259.60
611.06	1266.01
611.26	1253.75
611.45	1263.41
611.65	1262.14
611.85	1263.70
612.05	1252.03
612.25	1266.38
612.45	1253.87
612.65	1265.40
612.84	1260.26
613.04	1259.95
613.24	1255.16
613.44	1266.12
613.64	1254.30
613.84	1269.52
614.04	1257.56
614.23	1265.56
614.43	1256.02
614.63	1271.26
614.83	1257.66
615.03	1270.05
615.23	1250.18
615.42	1256.57
615.62	1256.22
615.82	1263.78
616.02	1257.72
616.22	1260.07
616.42	1252.76
616.61	1267.16
616.81	1250.96
617.01	1262.49
617.21	1257.13
617.41	1264.60
617.61	1258.93
617.80	1264.25
618.00	1256.94
618.20	1261.47
618.40	1255.38
618.60	1256.16
618.80	1252.37
618.99	1266.12
619.19	1258.17
619.39	1261.43
619.59	1263.41
619.79	1264.81
619.98	1252.29
620.18	1267.39
620.38	1251.84
620.58	1266.71
620.78	1259.05
620.97	1255.38
621.17	1255.57
621.37	1264.89
621.57	1257.02
621.77	1252.97
621.96	1256.10
622.16	1256.53
622.36	1262.22
622.56	1262.51
622.76	1257.64
622.95	1260.85
623.15	1255.51
623.35	1260.71
623.55	1259.75
623.75	1256.49
623.94	1252.03
624.14	1264.85
624.34	1257.68
624.54	1266.85
624.73	1256.29
624.93	1267.80
625.13	1255.83
625.33	1261.18
625.53	1254.54
625.72	1265.87
625.92	1254.57
626.12	1261.63
626.32	1255.02
626.51	1262.06
626.71	1257.53
626.91	1263.19
627.11	1255.22
627.30	1255.88
627.50	1250.94
627.70	1264.46
627.90	1263.74
628.10	1259.93
628.29	1252.64
628.49	1265.01
628.69	1253.05
628.89	1262.22
629.08	1254.91
629.28	1263.49
629.48	1251.55
629.68	1271.46
629.87	1253.50
630.07	1264.74
630.27	1258.91
630.47	1264.64
630.66	1258.82
630.86	1261.22
631.06	1255.18
631.25	1263.70
631.45	1254.36
631.65	1265.97
631.85	1260.65
632.04	1262.94
632.24	1254.75
632.44	1262.02
632.64	1251.98
632.83	1261.14
633.03	1255.51
633.23	1256.02
633.42	1257.45
633.62	1262.63
633.82	1254.07
634.02	1261.34
634.21	1252.80
634.41	1260.28
634.61	1254.57
634.81	1263.62
635.00	1251.47
635.20	1265.03
635.40	1262.74
635.59	1263.35
635.79	1256.14
635.99	1270.44
636.18	1255.98
636.38	1260.52
636.58	1258.93
636.78	1258.97
636.97	1255.69
637.17	1260.24
637.37	1257.78
637.56	1265.26
637.76	1254.83
637.96	1260.93
638.15	1256.70
638.35	1264.70
638.55	1256.18
638.74	1255.98
638.94	1253.66
639.14	1262.35
639.34	1257.17
639.53	1264.60
639.73	1254.50
639.93	1260.14
640.12	1251.90
640.32	1269.31
640.52	1256.76
640.71	1250.65
640.91	1250.90
641.11	1257.82
641.30	1254.69
641.50	1261.86
641.70	1256.41
641.89	1262.72
642.09	1256.82
642.29	1266.36
642.48	1257.94
642.68	1256.94
642.88	1254.42
643.07	1262.31
643.27	1257.27
643.47	1259.48
643.66	1254.16
643.86	1256.96
644.06	1257.23
644.25	1265.30
644.45	1252.89
644.65	1256.51
644.84	1256.47
645.04	1263.31
645.23	1258.93
645.43	1262.92
645.63	1252.19
645.82	1266.14
646.02	1254.57
646.22	1266.12
646.41	1258.52
646.61	1270.66
646.81	1250.88
647.00	1257.43
647.20	1256.55
647.39	1260.30
647.59	1258.60
647.79	1262.45
647.98	1259.13
648.18	1256.70
648.38	1251.80
648.57	1263.17
648.77	1252.89
648.96	1263.80
649.16	1253.97
649.36	1261.61
649.55	1261.65
649.75	1268.29
649.95	1257.10
650.14	1267.04
650.34	1262.33
650.53	1263.25
650.73	1251.98
650.93	1261.00
651.12	1256.67
651.32	1261.26
651.51	1253.64
651.71	1262.92
651.91	1255.10
652.10	1266.55
652.30	1259.56
652.49	1259.54
652.69	1258.68
652.89	1270.03
653.08	1257.00
653.28	1261.26
653.47	1256.02
653.67	1263.76
653.86	1256.78
654.06	1259.46
654.26	1257.08
654.45	1262.10
654.65	1256.61
654.84	1267.75
655.04	1256.24
655.24	1263.82
655.43	1261.61
655.63	1260.18
655.82	1265.40
656.02	1262.63
656.21	1255.59
656.41	1256.18
656.61	1255.28
656.80	1264.31
657.00	1256.08
657.19	1264.07
657.39	1261.45
657.58	1264.83
657.78	1254.16
657.97	1259.09
658.17	1255.43
658.37	1260.28
658.56	1254.89
658.76	1263.86
658.95	1250.10
659.15	1258.29
659.34	1258.80
659.54	1268.53
659.73	1259.83
659.93	1259.50
660.13	1262.27
660.32	1260.87
660.52	1261.24
660.71	1266.71
660.91	1258.52
661.10	1263.41
661.30	1257.62
661.49	1258.33
661.69	1260.28
661.88	1266.77
662.08	1253.99
662.27	1262.84
662.47	1257.33
662.66	1268.98
662.86	1247.17
663.06	1257.51
663.25	1256.92
663.45	1269.13
663.64	1262.68
663.84	1262.43
664.03	1250.63
664.23	1260.32
664.42	1258.60
664.62	1269.78
664.81	1259.46
665.01	1257.96
665.20	1258.95
665.40	1260.09
665.59	1253.56
665.79	1265.09
665.98	1263.17
666.18	1265.97
666.37	1260.48
666.57	1270.27
666.76	1252.50
666.96	1256.70
667.15	1252.46
667.35	1260.75
667.54	1260.69
667.74	1262.33
667.93	1257.56
668.13	1266.18
668.32	1256.94
668.52	1263.13
668.71	1259.07
668.91	1261.65
669.10	1261.16
669.30	1267.28
669.49	1264.23
669.68	1261.10
669.88	1254.61
670.07	1262.22
670.27	1259.71
670.46	1262.82
670.66	1258.78
670.85	1263.00
671.05	1257.99
671.24	1258.42
671.44	1257.17
671.63	1257.19
671.83	1255.90
672.02	1262.08
672.22	1253.13
672.41	1257.23
672.60	1261.18
672.80	1261.41
672.99	1252.60
673.19	1261.61
673.38	1253.46
673.58	1264.42
673.77	1253.91
673.97	1262.29
674.16	1256.33
674.36	1263.11
674.55	1259.69
674.74	1261.67
674.94	1257.88
675.13	1264.54
675.33	1253.97
675.52	1256.04
675.72	1257.17
675.91	1263.17
676.10	1254.20
676.30	1263.82
676.49	1256.59
676.69	1261.65
676.88	1256.24
677.08	1259.36
677.27	1265.79
677.46	1253.87
677.66	1253.99
677.85	1259.09
678.05	1256.06
678.24	1271.32
678.44	1249.45
678.63	1258.80
678.82	1258.93
679.02	1268.20
679.21	1251.37
679.41	1263.19
679.60	1253.77
679.79	1268.18
679.99	1257.06
680.18	1270.66
680.38	1254.50
680.57	1267.43
680.76	1259.34
680.96	1262.20
681.15	1251.74
681.35	1267.69
681.54	1255.43
681.73	1264.19
681.93	1256.06
682.12	1266.46
682.32	1255.67
682.51	1264.07
682.70	1258.87
682.90	1271.13
683.09	1255.71
683.29	1261.55
683.48	1257.94
683.67	1260.87
683.87	1255.34
684.06	1267.67
684.25	1249.16
684.45	1264.58
684.64	1259.62
684.84	1259.15
685.03	1258.19
685.22	1266.30
685.42	1258.87
685.61	1269.82
685.80	1254.71
686.00	1254.07
686.19	1260.65
686.38	1263.29
686.58	1252.72
686.77	1262.20
686.96	1253.03
687.16	1259.58
687.35	1261.04
687.55	1260.30
687.74	1259.58
687.93	1265.38
688.13	1256.59
688.32	1263.15
688.51	1258.31
688.71	1259.85
688.90	1251.94
689.09	1259.60
689.29	1250.76
689.48	1256.31
689.67	1252.76
689.87	1266.71
690.06	1256.76
690.25	1257.86
690.45	1254.38
690.64	1265.50
690.83	1256.08
691.03	1263.76
691.22	1258.33
691.41	1265.79
691.61	1255.14
691.80	1263.66
691.99	1262.78
692.19	1269.92
692.38	1255.49
692.57	1264.11
692.76	1254.42
692.96	1260.03
693.15	1257.31
693.34	1266.38
693.54	1260.03
693.73	1274.33
693.92	1254.50
694.12	1264.48
694.31	1255.86
694.50	1267.51
694.70	1251.64
694.89	1275.11
695.08	1253.03
695.27	1257.00
695.47	1257.19
695.66	1260.40
695.85	1253.13
696.05	1273.14
696.24	1257.19
696.43	1260.16
696.62	1258.99
696.82	1263.08
697.01	1261.26
697.20	1263.21
697.40	1256.94
697.59	1267.24
697.78	1253.85
697.97	1265.28
698.17	1260.79
698.36	1267.77
698.55	1256.14
698.74	1252.03
698.94	1263.97
699.13	1260.38
699.32	1258.23
699.52	1260.93
699.71	1260.63
699.90	1270.19
700.09	1253.52
700.29	1260.01
700.48	1254.42
700.67	1262.12
700.86	1260.07
701.06	1256.57
701.25	1259.71
701.44	1265.73
701.63	1259.36
701.83	1264.46
702.02	1254.73
702.21	1260.61
702.40	1263.27
702.60	1260.38
702.79	1258.95
702.98	1266.50
703.17	1253.60
703.37	1267.98
703.56	1259.01
703.75	1260.44
703.94	1261.02
704.13	1262.57
704.33	1258.91
704.52	1259.66
704.71	1256.43
704.90	1269.06
705.10	1256.24
705.29	1264.05
705.48	1256.76
705.67	1260.46
705.86	1250.86
706.06	1261.49
706.25	1254.75
706.44	1265.11
706.63	1253.32
706.83	1260.87
707.02	1256.94
707.21	1258.11
707.40	1252.68
707.59	1263.35
707.79	1249.28
707.98	1258.70
708.17	1260.42
708.36	1262.51
708.55	1255.40
708.75	1266.93
708.94	1256.06
709.13	1263.17
709.32	1256.47
709.51	1266.61
709.71	1255.14
709.90	1264.58
710.09	1253.13
710.28	1262.63
710.47	1256.08
710.66	1259.21
710.86	1256.14
711.05	1261.28
711.24	1256.49
711.43	1266.55
711.62	1254.38
711.82	1262.74
712.01	1255.36
712.20	1267.51
712.39	1257.80
712.58	1267.53
712.77	1253.99
712.97	1266.55
713.16	1257.74
713.35	1266.28
713.54	1260.77
713.73	1267.18
713.92	1260.12
714.11	1258.68
714.31	1260.16
714.50	1263.29
714.69	1259.34
714.88	1268.16
715.07	1254.03
715.26	1263.17
715.46	1256.86
715.65	1263.23
715.84	1256.39
716.03	1266.75
716.22	1257.06
716.41	1263.27
716.60	1263.92
716.80	1261.96
716.99	1258.05
717.18	1258.60
717.37	1257.43
717.56	1261.98
717.75	1256.04
717.94	1266.38
718.13	1257.72
718.33	1260.85
718.52	1258.58
718.71	1258.91
718.90	1264.48
719.09	1265.36
719.28	1259.19
719.47	1265.67
719.66	1253.66
719.85	1262.92
720.05	1248.36
720.24	1260.42
720.43	1262.51
720.62	1262.49
720.81	1255.26
721.00	1265.75
721.19	1259.56
721.38	1265.26
721.57	1256.49
721.77	1260.57
721.96	1258.01
722.15	1257.08
722.34	1256.92
722.53	1263.25
722.72	1249.04
722.91	1263.17
723.10	1258.72
723.29	1264.62
723.48	1256.65
723.67	1262.12
723.87	1259.62
724.06	1260.03
724.25	1258.87
724.44	1260.69
724.63	1261.32
724.82	1262.06
725.01	1250.33
725.20	1262.39
725.39	1253.79
725.58	1261.47
725.77	1261.47
725.96	1265.26
726.15	1255.63
726.34	1257.60
726.54	1259.75
726.73	1261.55
726.92	1255.12
727.11	1257.51
727.30	1258.21
727.49	1258.72
727.68	1258.11
727.87	1260.93
728.06	1260.91
728.25	1263.78
728.44	1258.29
728.63	1265.11
728.82	1252.27
729.01	1267.84
729.20	1250.51
729.39	1266.01
729.58	1248.13
729.77	1257.53
729.96	1257.02
730.15	1263.00
730.34	1255.69
730.53	1264.01
730.73	1256.35
730.92	1260.20
731.11	1261.55
731.30	1265.52
731.49	1262.37
731.68	1262.55
731.87	1258.07
732.06	1268.33
732.25	1255.83
732.44	1265.54
732.63	1258.46
732.82	1259.56
733.01	1250.04
733.20	1256.49
733.39	1254.83
733.58	1257.56
733.77	1248.26
733.96	1264.81
734.15	1258.13
734.34	1258.09
734.53	1259.15
734.72	1264.97
734.91	1249.94
735.10	1267.71
735.29	1254.26
735.48	1268.57
735.67	1256.39
735.86	1266.12
736.05	1259.42
736.24	1258.11
736.43	1256.82
736.62	1265.09
736.81	1255.94
737.00	1275.78
737.19	1257.90
737.38	1267.41
737.57	1252.76
737.76	1264.56
737.95	1253.64
738.14	1262.33
738.33	1260.75
738.51	1269.33
738.70	1259.52
738.89	1263.58
739.08	1256.08
739.27	1259.75
739.46	1254.65
739.65	1253.87
739.84	1259.03
740.03	1258.01
740.22	1260.18
740.41	1264.72
740.60	1258.17
740.79	1262.53
740.98	1253.21
741.17	1268.39
741.36	1259.30
741.55	1261.84
741.74	1262.70
741.93	1263.68
742.12	1253.54
742.31	1265.62
742.50	1258.39
742.68	1262.20
742.87	1260.38
743.06	1264.95
743.25	1260.38
743.44	1265.67
743.63	1248.95
743.82	1254.67
744.01	1251.64
744.20	1263.25
744.39	1258.46
744.58	1264.68
744.77	1260.09
744.96	1263.39
745.14	1248.56
745.33	1262.65
745.52	1256.82
745.71	1260.98
745.90	1256.39
746.09	1268.55
746.28	1255.55
746.47	1267.20
746.66	1256.33
746.85	1261.96
747.04	1255.81
747.22	1260.55
747.41	1262.92
747.60	1255.28
747.79	1259.03
747.98	1268.82
748.17	1249.73
748.36	1265.13
748.55	1248.97
748.74	1263.29
748.93	1254.05
749.11	1258.95
749.30	1255.71
749.49	1265.50
749.68	1256.29
749.87	1263.08
750.06	1257.10
750.25	1261.47
750.44	1258.15
750.62	1260.09
750.81	1256.61
751.00	1258.25
751.19	1249.06
751.38	1268.84
751.57	1254.71
751.76	1265.73
751.95	1252.99
752.13	1267.75
752.32	1255.20
752.51	1258.17
752.70	1256.84
752.89	1257.66
753.08	1260.18
753.27	1267.14
753.45	1252.37
753.64	1265.21
753.83	1256.67
754.02	1264.29
754.21	1260.09
754.40	1261.75
754.58	1257.78
754.77	1259.87
754.96	1259.07
755.15	1267.49
755.34	1256.57
755.53	1263.56
755.71	1247.87
755.90	1263.62
756.09	1251.66
756.28	1264.25
756.47	1257.78
756.66	1264.52
756.84	1254.20
757.03	1258.60
757.22	1260.22
757.41	1264.78
757.60	1246.58
757.79	1268.33
757.97	1261.20
758.16	1264.37
758.35	1257.94
758.54	1267.10
758.73	1256.20
758.91	1257.25
759.10	1255.75
759.29	1265.50
759.48	1248.05
759.67	1264.37
759.85	1253.05
760.04	1264.40
760.23	1255.61
760.42	1259.30
760.61	1262.98
760.79	1259.50
760.98	1249.96
761.17	1268.31
761.36	1244.30
761.55	1264.93
761.73	1251.55
761.92	1259.64
762.11	1257.35
762.30	1261.75
762.49	1260.89
762.67	1267.86
762.86	1259.34
763.05	1258.27
763.24	1259.03
763.42	1259.99
763.61	1248.95
763.80	1265.77
763.99	1254.14
764.17	1261.73
764.36	1248.89
764.55	1269.25
764.74	1250.18
764.92	1263.51
765.11	1254.48
765.30	1254.59
765.49	1251.74
765.68	1259.50
765.86	1250.33
766.05	1262.10
766.24	1253.56
766.43	1264.40
766.61	1253.68
766.80	1266.69
766.99	1259.71
767.17	1261.81
767.36	1258.03
767.55	1262.63
767.74	1251.64
767.92	1261.51
768.11	1259.46
768.30	1261.73
768.49	1255.00
768.67	1265.87
768.86	1254.01
769.05	1264.78
769.24	1260.16
769.42	1266.32
769.61	1258.46
769.80	1258.44
769.98	1261.57
770.17	1260.50
770.36	1250.16
770.55	1267.77
770.73	1248.44
770.92	1261.57
771.11	1259.32
771.29	1259.54
771.48	1256.00
771.67	1260.93
771.86	1255.49
772.04	1260.42
772.23	1257.82
772.42	1252.93
772.60	1253.75
772.79	1262.80
772.98	1252.72
773.16	1262.41
773.35	1255.28
773.54	1256.67
773.72	1256.49
773.91	1262.10
774.10	1257.45
774.29	1267.45
774.47	1255.43
774.66	1260.65
774.85	1261.59
775.03	1263.99
775.22	1253.56
775.41	1263.41
775.59	1259.56
775.78	1263.45
775.97	1253.17
776.15	1256.72
776.34	1258.60
776.53	1265.05
776.71	1253.73
776.90	1263.11
777.09	1255.20
777.27	1262.82
777.46	1256.84
777.65	1264.50
777.83	1261.00
778.02	1260.22
778.21	1253.71
778.39	1262.51
778.58	1253.91
778.76	1261.32
778.95	1255.86
779.14	1255.63
779.32	1260.36
779.51	1268.51
779.70	1253.48
779.88	1256.06
780.07	1247.15
780.26	1256.00
780.44	1252.60
780.63	1260.44
780.81	1247.75
781.00	1257.82
781.19	1258.52
781.37	1262.18
781.56	1256.76
781.75	1261.06
781.93	1252.52
782.12	1260.67
782.30	1256.96
782.49	1264.83
782.68	1253.05
782.86	1258.46
783.05	1254.69
783.23	1262.35
783.42	1251.88
783.61	1262.45
783.79	1248.42
783.98	1260.48
784.16	1254.05
784.35	1262.14
784.54	1257.27
784.72	1263.94
784.91	1258.01
785.09	1266.67
785.28	1258.44
785.47	1254.95
785.65	1263.23
785.84	1268.86
786.02	1260.24
786.21	1260.09
786.40	1258.11
786.58	1260.89
786.77	1252.84
786.95	1255.26
787.14	1263.86
787.32	1265.85
787.51	1263.84
787.70	1259.46
787.88	1255.20
788.07	1259.11
788.25	1252.74
788.44	1264.66
788.62	1252.07
788.81	1255.10
789.00	1255.98
789.18	1263.49
789.37	1254.22
789.55	1257.47
789.74	1252.66
789.92	1257.78
790.11	1255.06
790.29	1262.65
790.48	1261.96
790.67	1267.12
790.85	1254.73
791.04	1261.57
791.22	1249.40
791.41	1266.69
791.59	1260.16
791.78	1261.16
791.96	1251.25
792.15	1257.31
792.33	1248.03
792.52	1256.90
792.70	1254.32
792.89	1261.49
793.07	1262.08
793.26	1260.42
793.45	1254.87
793.63	1266.01
793.82	1255.69
794.00	1257.76
794.19	1259.60
794.37	1262.45
794.56	1252.39
794.74	1262.51
794.93	1260.30
795.11	1265.26
795.30	1255.98
795.48	1264.42
795.67	1255.08
795.85	1260.61
796.04	1251.53
796.22	1264.21
796.41	1254.61
796.59	1254.48
796.78	1260.69
796.96	1257.35
797.15	1259.48
797.33	1266.81
797.52	1255.57
797.70	1266.20
797.89	1254.85
798.07	1264.91
798.26	1258.74
798.44	1262.53
798.63	1258.44
798.81	1263.70
798.99	1253.62
799.18	1259.01
799.36	1262.43
799.55	1268.04
799.73	1259.56
799.92	1269.92
800.10	1260.20
800.29	1261.26
800.47	1255.43
800.66	1256.47
800.84	1253.09
801.03	1257.37
801.21	1250.06
801.39	1260.18
801.58	1253.46
801.76	1260.18
801.95	1258.97
802.13	1262.61
802.32	1245.60
802.50	1256.06
802.69	1257.80
802.87	1260.87
803.06	1256.67
803.24	1265.32
803.42	1250.45
803.61	1262.65
803.79	1252.27
803.98	1262.86
804.16	1260.95
804.35	1259.26
804.53	1257.94
804.71	1250.74
804.90	1255.18
805.08	1262.08
805.27	1260.42
805.45	1264.37
805.63	1251.37
805.82	1256.22
806.00	1258.44
806.19	1260.24
806.37	1257.58
806.56	1264.66
806.74	1252.64
806.92	1253.32
807.11	1261.41
807.29	1267.69
807.48	1256.14
807.66	1270.29
807.84	1251.86
808.03	1251.02
808.21	1255.57
808.40	1261.92
808.58	1260.28
808.76	1257.58
808.95	1258.17
809.13	1263.29
809.32	1253.25
809.50	1266.46
809.68	1253.44
809.87	1263.11
810.05	1261.02
810.23	1264.72
810.42	1259.03
810.60	1262.76
810.79	1244.14
810.97	1267.75
811.15	1259.11
811.34	1255.38
811.52	1261.65
811.70	1264.72
811.89	1255.96
812.07	1262.04
812.25	1260.63
812.44	1268.61
812.62	1253.89
812.81	1261.36
812.99	1254.07
813.17	1258.13
813.36	1258.39
813.54	1262.04
813.72	1255.14
813.91	1260.91
814.09	1255.98
814.27	1261.30
814.46	1259.75
814.64	1261.12
814.82	1255.22
815.01	1258.44
815.19	1261.38
815.37	1264.31
815.56	1258.91
815.74	1258.15
815.92	1257.06
816.11	1263.19
816.29	1254.69
816.47	1259.48
816.66	1250.49
816.84	1255.51
817.02	1263.04
817.21	1256.82
817.39	1257.27
817.57	1268.02
817.76	1253.75
817.94	1265.93
818.12	1251.43
818.30	1260.61
818.49	1257.21
818.67	1259.79
818.85	1253.77
819.04	1263.27
819.22	1257.92
819.40	1257.08
819.59	1258.27
819.77	1261.79
819.95	1255.14
820.13	1261.86
820.32	1264.09
820.50	1260.85
820.68	1258.31
820.87	1261.28
821.05	1252.44
821.23	1264.99
821.41	1255.57
821.60	1258.15
821.78	1259.34
821.96	1260.67
822.14	1257.00
822.33	1257.84
822.51	1260.09
822.69	1264.48
822.88	1264.62
823.06	1257.53
823.24	1255.10
823.42	1260.55
823.61	1256.43
823.79	1264.33
823.97	1258.11
824.15	1259.40
824.34	1252.27
824.52	1257.47
824.70	1250.47
824.88	1260.09
825.07	1252.23
825.25	1266.20
825.43	1259.36
825.61	1257.45
825.80	1256.82
825.98	1264.87
826.16	1256.51
826.34	1265.13
826.53	1261.59
826.71	1266.22
826.89	1264.91
827.07	1256.61
827.25	1256.14
827.44	1262.02
827.62	1256.94
827.80	1263.23
827.98	1248.93
828.17	1252.82
828.35	1248.93
828.53	1270.54
828.71	1263.35
828.89	1260.93
829.08	1251.55
829.26	1258.33
829.44	1261.34
829.62	1249.04
829.80	1261.10
829.99	1266.42
830.17	1246.62
830.35	1265.52
830.53	1257.53
830.71	1267.00
830.90	1253.34
831.08	1261.34
831.26	1256.10
831.44	1263.17
831.62	1253.58
831.81	1261.73
831.99	1258.68
832.17	1261.90
832.35	1258.82
832.53	1259.42
832.71	1256.67
832.90	1254.87
833.08	1258.99
833.26	1258.89
833.44	1253.89
833.62	1255.51
833.81	1257.72
833.99	1259.56
834.17	1253.99
834.35	1262.49
834.53	1258.46
834.71	1254.16
834.89	1258.58
835.08	1254.93
835.26	1252.68
835.44	1264.62
835.62	1254.03
835.80	1260.71
835.98	1254.73
836.17	1266.34
836.35	1256.10
836.53	1257.90
836.71	1257.80
836.89	1258.35
837.07	1255.98
837.25	1264.03
837.44	1252.66
837.62	1257.58
837.80	1256.22
837.98	1261.24
838.16	1263.27
838.34	1258.78
838.52	1257.56
838.70	1252.68
838.89	1256.31
839.07	1258.05
839.25	1258.07
839.43	1255.47
839.61	1256.96
839.79	1263.31
839.97	1258.05
840.15	1263.86
840.33	1261.75
840.52	1257.19
840.70	1253.87
840.88	1266.14
841.06	1262.47
841.24	1263.82
841.42	1256.72
841.60	1257.10
841.78	1263.66
841.96	1263.49
842.14	1264.83
842.33	1257.37
842.51	1262.18
842.69	1259.36
842.87	1257.92
843.05	1261.51
843.23	1254.09
843.41	1264.21
843.59	1250.35
843.77	1259.23
843.95	1249.34
844.13	1259.87
844.31	1256.67
844.49	1271.03
844.68	1258.37
844.86	1260.63
845.04	1250.33
845.22	1264.66
845.40	1253.58
845.58	1260.57
845.76	1256.51
845.94	1261.96
846.12	1251.53
846.30	1261.45
846.48	1251.64
846.66	1261.08
846.84	1248.52
847.02	1263.21
847.20	1247.58
847.38	1261.86
847.56	1254.63
847.74	1269.54
847.92	1260.67
848.11	1256.43
848.29	1259.17
848.47	1264.03
848.65	1258.72
848.83	1266.77
849.01	1257.76
849.19	1263.13
849.37	1255.94
849.55	1262.98
849.73	1254.07
849.91	1265.54
850.09	1255.30
850.27	1266.85
850.45	1252.15
850.63	1260.89
850.81	1258.85
850.99	1259.32
851.17	1256.94
851.35	1260.01
851.53	1259.32
851.71	1263.45
851.89	1264.54
852.07	1262.82
852.25	1256.18
852.43	1260.91
852.61	1249.04
852.79	1260.12
852.97	1257.86
853.15	1259.60
853.33	1255.16
853.51	1263.37
853.69	1251.27
853.87	1259.62
854.05	1260.81
854.23	1262.80
854.41	1253.36
854.59	1263.94
854.77	1252.31
854.95	1264.78
855.13	1253.42
855.31	1269.06
855.49	1260.09
855.67	1262.35
855.84	1254.89
856.02	1257.78
856.20	1253.71
856.38	1259.23
856.56	1251.96
856.74	1257.62
856.92	1260.20
857.10	1258.27
857.28	1250.41
857.46	1266.61
857.64	1255.81
857.82	1265.52
858.00	1252.37
858.18	1258.25
858.36	1253.56
858.54	1264.85
858.72	1258.03
858.90	1257.72
859.08	1258.54
859.25	1267.06
859.43	1252.29
859.61	1265.73
859.79	1255.96
859.97	1256.90
860.15	1252.19
860.33	1262.63
860.51	1251.60
860.69	1258.64
860.87	1258.89
861.05	1267.18
861.23	1260.03
861.41	1264.23
861.58	1256.24
861.76	1256.43
861.94	1259.95
862.12	1258.91
862.30	1254.57
862.48	1261.36
862.66	1256.41
862.84	1267.28
863.02	1256.78
863.20	1259.91
863.37	1257.08
863.55	1267.82
863.73	1255.47
863.91	1258.78
864.09	1256.72
864.27	1261.34
864.45	1254.81
864.63	1267.86
864.80	1254.44
864.98	1259.85
865.16	1251.17
865.34	1261.79
865.52	1267.22
865.70	1262.08
865.88	1254.24
866.06	1265.69
866.23	1259.05
866.41	1261.88
866.59	1254.89
866.77	1255.47
866.95	1259.87
867.13	1264.50
867.31	1256.59
867.48	1263.00
867.66	1249.51
867.84	1261.02
868.02	1249.22
868.20	1257.29
868.38	1250.78
868.56	1269.60
868.73	1253.73
868.91	1260.38
869.09	1259.58
869.27	1263.66
869.45	1255.75
869.63	1263.62
869.80	1255.57
869.98	1267.36
870.16	1260.75
870.34	1261.65
870.52	1254.61
870.70	1261.16
870.87	1254.07
871.05	1259.11
871.23	1256.98
871.41	1260.22
871.59	1256.80
871.76	1260.22
871.94	1257.92
872.12	1253.01
872.30	1261.49
872.48	1263.94
872.65	1258.95
872.83	1261.45
873.01	1255.49
873.19	1263.70
873.37	1255.81
873.54	1259.75
873.72	1249.71
873.90	1265.93
874.08	1246.84
874.26	1265.58
874.43	1263.92
874.61	1270.05
874.79	1255.65
874.97	1263.86
875.15	1259.11
875.32	1267.24
875.50	1256.12
875.68	1261.02
875.86	1252.23
876.03	1261.38
876.21	1249.24
876.39	1267.51
876.57	1247.19
876.74	1273.06
876.92	1256.55
877.10	1255.86
877.28	1257.43
877.45	1265.62
877.63	1252.91
877.81	1261.73
877.99	1254.28
878.17	1266.53
878.34	1255.51
878.52	1263.64
878.70	1256.35
878.87	1264.21
879.05	1253.11
879.23	1256.53
879.41	1260.46
879.58	1260.73
879.76	1264.23
879.94	1259.30
880.12	1256.37
880.29	1262.06
880.47	1249.42
880.65	1262.06
880.83	1257.33
881.00	1260.18
881.18	1258.19
881.36	1262.86
881.53	1260.71
881.71	1265.71
881.89	1251.29
882.07	1262.33
882.24	1257.08
882.42	1262.37
882.60	1254.87
882.77	1262.86
882.95	1253.62
883.13	1254.73
883.30	1256.43
883.48	1263.17
883.66	1254.77
883.84	1259.36
884.01	1257.94
884.19	1265.44
884.37	1252.37
884.54	1256.67
884.72	1258.76
884.90	1263.06
885.07	1257.35
885.25	1262.10
885.43	1250.16
885.60	1262.53
885.78	1251.43
885.96	1260.28
886.13	1252.60
886.31	1262.08
886.49	1250.49
886.66	1257.23
886.84	1261.08
887.02	1267.08
887.19	1251.39
887.37	1262.53
887.55	1253.66
887.72	1266.38
887.90	1254.07
888.08	1260.44
888.25	1253.66
888.43	1261.79
888.61	1259.42
888.78	1265.26
888.96	1263.66
889.14	1258.78
889.31	1252.27
889.49	1265.64
889.67	1251.72
889.84	1265.30
890.02	1256.06
890.19	1256.82
890.37	1264.95
890.55	1258.25
890.72	1256.96
890.90	1267.63
891.08	1247.42
891.25	1263.43
891.43	1255.83
891.60	1261.49
891.78	1254.95
891.96	1263.62
892.13	1257.04
892.31	1272.34
892.48	1253.66
892.66	1264.01
892.84	1249.10
893.01	1270.07
893.19	1258.82
893.36	1259.07
893.54	1262.02
893.72	1263.13
893.89	1251.17
894.07	1263.11
894.24	1260.75
894.42	1281.09
894.60	1261.32
894.77	1262.78
894.95	1259.01
895.12	1261.90
895.30	1254.11
895.48	1261.12
895.65	1252.80
895.83	1263.72
896.00	1256.63
896.18	1264.99
896.35	1254.07
896.53	1265.15
896.71	1248.65
896.88	1261.92
897.06	1259.44
897.23	1262.00
897.41	1257.84
897.58	1259.58
897.76	1256.98
897.93	1267.69
898.11	1254.59
898.29	1261.28
898.46	1266.30
898.64	1258.56
898.81	1255.55
898.99	1263.41
899.16	1256.65
899.34	1260.98
899.51	1261.43
899.69	1265.95
899.86	1256.14
900.04	1259.32
900.21	1253.71
900.39	1262.29
900.57	1255.71
900.74	1260.77
900.92	1254.40
901.09	1259.09
901.27	1249.79
901.44	1261.67
901.62	1251.43
901.79	1267.10
901.97	1252.35
902.14	1265.81
902.32	1252.25
902.49	1262.78
902.67	1252.78
902.84	1267.10
903.02	1257.66
903.19	1255.75
903.37	1253.03
903.54	1258.54
903.72	1257.62
903.89	1263.94
904.07	1255.94
904.24	1263.43
904.42	1251.80
904.59	1263.08
904.77	1256.90
904.94	1266.18
905.12	1260.44
905.29	1258.56
905.47	1249.75
905.64	1259.17
905.82	1253.09
905.99	1264.37
906.16	1257.41
906.34	1261.84
906.51	1252.25
906.69	1263.08
906.86	1256.26
907.04	1261.69
907.21	1252.52
907.39	1270.07
907.56	1258.13
907.74	1262.14
907.91	1254.65
908.09	1266.55
908.26	1249.77
908.43	1263.02
908.61	1255.63
908.78	1260.40
908.96	1254.36
909.13	1259.62
909.31	1259.23
909.48	1263.35
909.65	1256.35
909.83	1266.42
910.00	1257.06
910.18	1264.78
910.35	1254.50
910.53	1267.51
910.70	1253.21
910.87	1263.62
911.05	1253.66
911.22	1264.68
911.40	1250.98
911.57	1268.27
911.75	1252.87
911.92	1264.91
912.09	1257.17
912.27	1268.80
912.44	1250.78
912.62	1256.63
912.79	1251.27
912.96	1264.89
913.14	1256.90
913.31	1267.41
913.49	1264.40
913.66	1265.03
913.83	1260.05
914.01	1259.44
914.18	1257.23
914.36	1262.88
914.53	1261.96
914.70	1264.15
914.88	1261.47
915.05	1261.10
915.22	1257.68
915.40	1263.41
915.57	1260.59
915.75	1265.36
915.92	1252.84
916.09	1260.95
916.27	1263.08
916.44	1270.05
916.61	1257.27
916.79	1268.41
916.96	1252.37
917.13	1262.61
917.31	1253.46
917.48	1261.34
917.66	1263.47
917.83	1266.59
918.00	1257.10
918.18	1260.87
918.35	1265.89
918.52	1261.59
918.70	1251.27
918.87	1261.30
919.04	1248.07
919.22	1263.58
919.39	1251.98
919.56	1260.50
919.74	1256.59
919.91	1254.81
920.08	1261.26
920.26	1263.08
920.43	1252.66
920.60	1261.59
920.78	1265.67
920.95	1259.03
921.12	1259.21
921.29	1258.13
921.47	1249.30
921.64	1268.12
921.81	1261.04
921.99	1260.38
922.16	1259.07
922.33	1261.08
922.51	1257.74
922.68	1259.93
922.85	1257.66
923.03	1265.15
923.20	1257.72
923.37	1259.32
923.54	1266.44
923.72	1264.05
923.89	1253.79
924.06	1260.91
924.24	1256.35
924.41	1266.30
924.58	1252.03
924.75	1260.07
924.93	1255.92
925.10	1257.45
925.27	1259.95
925.44	1272.44
925.62	1253.13
925.79	1265.01
925.96	1256.72
926.14	1254.42
926.31	1259.09
926.48	1258.89
926.65	1252.70
926.83	1263.58
927.00	1262.86
927.17	1265.36
927.34	1252.41
927.52	1264.23
927.69	1258.85
927.86	1270.38
928.03	1255.83
928.21	1267.22
928.38	1263.19
928.55	1265.62
928.72	1258.78
928.89	1261.81
929.07	1253.56
929.24	1264.31
929.41	1255.30
929.58	1260.67
929.76	1251.25
929.93	1262.45
930.10	1249.96
930.27	1265.48
930.44	1250.06
930.62	1258.42
930.79	1253.38
930.96	1259.38
931.13	1257.27
931.31	1264.91
931.48	1252.56
931.65	1265.32
931.82	1260.14
931.99	1260.59
932.17	1249.61
932.34	1265.56
932.51	1255.22
932.68	1254.54
932.85	1261.32
933.03	1270.13
933.20	1253.25
933.37	1263.35
933.54	1253.44
933.71	1256.65
933.88	1254.50
934.06	1264.21
934.23	1255.43
934.40	1261.30
934.57	1265.67
934.74	1270.42
934.91	1252.15
935.09	1272.05
935.26	1253.15
935.43	1258.70
935.60	1251.02
935.77	1258.74
935.94	1250.55
936.12	1268.35
936.29	1255.08
936.46	1264.13
936.63	1254.71
936.80	1263.15
936.97	1256.02
937.14	1262.53
937.32	1256.92
937.49	1268.29
937.66	1253.40
937.83	1259.56
938.00	1259.44
938.17	1257.92
938.34	1257.33
938.52	1260.98
938.69	1259.85
938.86	1264.70
939.03	1249.96
939.20	1258.48
939.37	1254.46
939.54	1259.54
939.71	1256.02
939.89	1263.47
940.06	1259.46
940.23	1257.72
940.40	1258.35
940.57	1264.89
940.74	1260.87
940.91	1255.88
941.08	1252.21
941.25	1260.01
941.43	1254.16
941.60	1261.24
941.77	1258.29
941.94	1267.06
942.11	1258.74
942.28	1260.98
942.45	1256.67
942.62	1260.09
942.79	1256.39
942.96	1260.12
943.13	1262.31
943.30	1261.32
943.48	1255.59
943.65	1265.28
943.82	1267.32
943.99	1259.17
944.16	1259.19
944.33	1262.41
944.50	1253.83
944.67	1255.63
944.84	1265.50
945.01	1255.02
945.18	1258.64
945.35	1262.53
945.52	1259.46
945.69	1271.24
945.86	1258.31
946.03	1267.86
946.21	1255.57
946.38	1259.93
946.55	1249.55
946.72	1263.04
946.89	1258.76
947.06	1258.09
947.23	1251.60
947.40	1263.41
947.57	1254.18
947.74	1268.14
947.91	1260.52
948.08	1259.07
948.25	1258.15
948.42	1258.50
948.59	1265.09
948.76	1261.98
948.93	1250.31
949.10	1259.64
949.27	1255.77
949.44	1268.27
949.61	1260.38
949.78	1261.04
949.95	1254.38
950.12	1257.00
950.29	1255.88
950.46	1262.72
950.63	1256.20
950.80	1259.93
950.97	1255.51
951.14	1265.50
951.31	1254.42
951.48	1263.45
951.65	1263.70
951.82	1254.46
951.99	1262.04
952.16	1260.01
952.33	1261.06
952.50	1256.72
952.67	1257.10
952.84	1258.19
953.01	1257.74
953.18	1262.33
953.35	1261.92
953.52	1266.57
953.69	1251.64
953.86	1265.79
954.03	1260.75
954.20	1259.79
954.37	1254.85
954.54	1263.56
954.70	1262.18
954.87	1258.78
955.04	1250.04
955.21	1258.05
955.38	1256.51
955.55	1257.72
955.72	1257.10
955.89	1260.24
956.06	1262.72
956.23	1266.53
956.40	1253.15
956.57	1259.32
956.74	1256.04
956.91	1263.70
957.08	1260.07
957.25	1265.93
957.41	1253.32
957.58	1256.20
957.75	1255.51
957.92	1266.69
958.09	1257.53
958.26	1262.39
958.43	1258.64
958.60	1274.37
958.77	1260.67
958.94	1263.86
959.11	1257.62
959.27	1279.22
959.44	1258.76
959.61	1256.63
959.78	1253.66
959.95	1269.80
960.12	1252.66
960.29	1267.71
960.46	1258.23
960.63	1261.22
960.80	1262.02
960.96	1268.27
961.13	1258.89
961.30	1268.27
961.47	1263.29
961.64	1257.70
961.81	1263.37
961.98	1262.18
962.15	1257.06
962.31	1264.13
962.48	1257.74
962.65	1266.24
962.82	1262.55
962.99	1263.99
963.16	1258.95
963.33	1267.10
963.49	1256.59
963.66	1263.66
963.83	1259.95
964.00	1261.92
964.17	1248.54
964.34	1259.97
964.51	1252.23
964.67	1259.09
964.84	1260.75
965.01	1280.14
965.18	1253.62
965.35	1266.36
965.52	1257.29
965.68	1263.00
965.85	1255.28
966.02	1267.45
966.19	1261.59
966.36	1261.32
966.52	1249.79
966.69	1270.38
966.86	1253.91
967.03	1255.88
967.20	1253.11
967.37	1258.68
967.53	1257.02
967.70	1265.58
967.87	1264.50
968.04	1261.16
968.21	1256.55
968.37	1262.14
968.54	1258.66
968.71	1254.30
968.88	1258.68
969.05	1266.48
969.21	1249.34
969.38	1268.02
969.55	1251.88
969.72	1258.33
969.89	1255.30
970.05	1262.63
970.22	1253.83
970.39	1256.55
970.56	1260.48
970.72	1267.20
970.89	1254.77
971.06	1266.87
971.23	1256.76
971.39	1256.37
971.56	1263.04
971.73	1261.16
971.90	1258.11
972.07	1260.28
972.23	1264.15
972.40	1268.47
972.57	1250.20
972.74	1262.76
972.90	1255.73
973.07	1262.94
973.24	1255.22
973.40	1259.64
973.57	1260.18
973.74	1253.95
973.91	1260.79
974.07	1260.83
974.24	1253.66
974.41	1264.48
974.58	1255.18
974.74	1259.42
974.91	1262.47
975.08	1258.68
975.25	1249.92
975.41	1264.27
975.58	1258.09
975.75	1264.58
975.91	1256.84
976.08	1255.40
976.25	1249.40
976.42	1265.91
976.58	1264.52
976.75	1261.96
976.92	1250.43
977.08	1258.54
977.25	1257.82
977.42	1258.17
977.58	1255.67
977.75	1258.17
977.92	1254.87
978.08	1258.93
978.25	1263.47
978.42	1261.88
978.59	1262.82
978.75	1265.32
978.92	1264.15
979.09	1264.44
979.25	1256.55
979.42	1266.53
979.59	1257.66
979.75	1260.89
979.92	1261.28
980.09	1263.04
980.25	1260.85
980.42	1264.42
980.59	1256.96
980.75	1257.56
980.92	1251.94
981.09	1256.90
981.25	1261.84
981.42	1261.53
981.59	1260.24
981.75	1266.85
981.92	1262.14
982.08	1262.57
982.25	1254.18
982.42	1265.54
982.58	1253.81
982.75	1266.14
982.92	1261.63
983.08	1267.04
983.25	1256.24
983.42	1258.09
983.58	1259.66
983.75	1252.50
983.91	1255.43
984.08	1266.07
984.25	1262.00
984.41	1268.61
984.58	1256.00
984.74	1270.72
984.91	1255.18
985.08	1266.55
985.24	1255.69
985.41	1265.67
985.57	1266.03
985.74	1256.04
985.91	1260.59
986.07	1267.86
986.24	1257.41
986.40	1262.86
986.57	1261.59
986.74	1257.70
986.90	1260.77
987.07	1266.30
987.23	1259.36
987.40	1263.21
987.57	1263.90
987.73	1272.87
987.90	1258.82
988.06	1263.99
988.23	1252.99
988.39	1267.55
988.56	1258.35
988.73	1266.10
988.89	1257.80
989.06	1264.62
989.22	1259.48
989.39	1260.81
989.55	1259.87
989.72	1260.81
989.88	1255.51
990.05	1268.96
990.22	1256.12
990.38	1267.71
990.55	1261.32
990.71	1271.11
990.88	1251.02
991.04	1260.73
991.21	1249.34
991.37	1259.48
991.54	1264.87
991.70	1264.52
991.87	1260.95
992.03	1260.46
992.20	1266.32
992.36	1264.19
992.53	1259.77
992.69	1266.83
992.86	1262.43
993.03	1267.43
993.19	1262.41
993.36	1268.31
993.52	1265.26
993.69	1265.85
993.85	1263.41
994.02	1262.51
994.18	1254.61
994.35	1265.15
994.51	1268.88
994.68	1265.97
994.84	1265.77
995.01	1268.57
995.17	1262.76
995.34	1269.49
995.50	1262.43
995.66	1263.56
995.83	1262.98
995.99	1276.60
996.16	1265.62
996.32	1269.92
996.49	1266.77
996.65	1268.02
996.82	1263.80
996.98	1268.04
997.15	1266.24
997.31	1276.01
997.48	1262.10
997.64	1275.41
997.81	1262.43
997.97	1273.67
998.13	1267.51
998.30	1275.99
998.46	1264.78
998.63	1271.30
998.79	1274.33
998.96	1278.57
999.12	1275.25
999.29	1285.92
999.45	1288.17
999.61	1314.08
999.78	1318.09
999.94	1357.09
1000.11	1393.36
1000.27	1442.47
1000.44	1492.09
1000.60	1559.79
1000.76	1606.06
1000.93	1672.00
1001.09	1735.39
1001.26	1791.62
1001.42	1829.27
1001.59	1890.89
1001.75	1934.47
1001.91	1985.03
1002.08	2025.20
1002.24	2073.32
1002.41	2110.74
1002.57	2159.91
1002.73	2200.58
1002.90	2236.18
1003.06	2272.92
1003.23	2323.52
1003.39	2356.33
1003.55	2399.99
1003.72	2422.64
1003.88	2478.49
1004.04	2506.78
1004.21	2550.17
1004.37	2581.49
1004.54	2616.96
1004.70	2646.69
1004.86	2635.20
1005.03	2623.61
1005.19	2599.88
1005.35	2548.86
1005.52	2486.36
1005.68	2408.47
1005.85	2322.72
1006.01	2228.07
1006.17	2132.88
1006.34	2041.56
1006.50	1959.95
1006.66	1865.13
1006.83	1810.96
1006.99	1733.83
1007.15	1678.74
1007.32	1626.74
1007.48	1592.75
1007.64	1553.26
1007.81	1530.12
1007.97	1502.39
1008.13	1488.79
1008.30	1475.77
1008.46	1465.75
1008.62	1452.93
1008.79	1436.90
1008.95	1439.58
1009.11	1427.62
1009.28	1406.03
1009.44	1411.07
1009.60	1401.63
1009.77	1398.87
1009.93	1386.93
1010.09	1390.10
1010.25	1375.01
1010.42	1385.59
1010.58	1361.84
1010.74	1372.38
1010.91	1361.20
1011.07	1368.17
1011.23	1357.23
1011.40	1357.52
1011.56	1344.53
1011.72	1349.82
1011.88	1341.67
1012.05	1339.15
1012.21	1342.57
1012.37	1340.44
1012.54	1328.66
1012.70	1336.30
1012.86	1322.54
1013.02	1324.03
1013.19	1320.10
1013.35	1314.47
1013.51	1313.03
1013.67	1312.24
1013.84	1309.00
1014.00	1312.44
1014.16	1311.03
1014.33	1309.16
1014.49	1306.56
1014.65	1310.52
1014.81	1303.84
1014.98	1302.75
1015.14	1297.82
1015.30	1310.19
1015.46	1301.42
1015.62	1311.83
1015.79	1303.82
1015.95	1309.00
1016.11	1306.54
1016.27	1304.43
1016.44	1305.09
1016.60	1313.79
1016.76	1296.51
1016.92	1306.11
1017.09	1304.17
1017.25	1303.14
1017.41	1299.54
1017.57	1309.08
1017.73	1303.78
1017.90	1301.93
1018.06	1298.80
1018.22	1303.02
1018.38	1301.28
1018.54	1293.87
1018.71	1292.78
1018.87	1296.04
1019.03	1287.52
1019.19	1299.83
1019.35	1289.59
1019.52	1294.32
1019.68	1286.92
1019.84	1283.05
1020.00	1291.12
1020.16	1291.14
1020.33	1281.46
1020.49	1272.46
1020.65	1273.10
1020.81	1280.08
1020.97	1270.03
1021.13	1279.84
1021.30	1270.85
1021.46	1282.66
1021.62	1272.61
1021.78	1271.73
1021.94	1268.66
1022.10	1276.05
1022.27	1266.55
1022.43	1277.22
1022.59	1263.51
1022.75	1271.03
1022.91	1267.24
1023.07	1265.46
1023.24	1267.30
1023.40	1270.52
1023.56	1265.21
1023.72	1269.62
1023.88	1264.60
1024.04	1273.28
1024.20	1268.39
1024.36	1272.91
1024.53	1265.71
1024.69	1262.96
1024.85	1263.66
1025.01	1269.76
1025.17	1260.30
1025.33	1266.22
1025.49	1263.35
1025.65	1266.77
1025.82	1251.78
1025.98	1268.51
1026.14	1261.45
1026.30	1263.02
1026.46	1262.76
1026.62	1268.14
1026.78	1263.66
1026.94	1265.71
1027.10	1256.06
1027.26	1262.72
1027.43	1257.49
1027.59	1259.07
1027.75	1258.85
1027.91	1267.45
1028.07	1263.74
1028.23	1264.66
1028.39	1260.79
1028.55	1269.56
1028.71	1253.19
1028.87	1264.93
1029.03	1254.89
1029.19	1263.84
1029.36	1249.49
1029.52	1257.66
1029.68	1251.17
1029.84	1269.68
1030.00	1261.18
1030.16	1259.66
1030.32	1263.49
1030.48	1261.63
1030.64	1251.84
1030.80	1266.55
1030.96	1255.38
1031.12	1274.31
1031.28	1255.67
1031.44	1258.62
1031.60	1258.23
1031.76	1266.18
1031.92	1264.95
1032.08	1288.07
1032.24	1260.73
1032.40	1260.14
1032.56	1256.67
1032.73	1268.49
1032.89	1254.18
1033.05	1261.16
1033.21	1259.36
1033.37	1259.54
1033.53	1255.88
1033.69	1268.41
1033.85	1254.28
1034.01	1256.59
1034.17	1257.58
1034.33	1261.88
1034.49	1255.53
1034.65	1268.49
1034.81	1257.37
1034.97	1258.39
1035.13	1260.50
1035.29	1262.04
1035.45	1256.18
1035.61	1265.62
1035.77	1263.45
1035.93	1266.61
1036.09	1247.21
1036.25	1271.83
1036.41	1261.26
1036.57	1269.06
1036.73	1257.80
1036.88	1266.67
1037.04	1255.65
