345.52	1250.20
345.73	1250.20
345.94	1250.20
346.16	1250.04
346.37	1253.40
346.58	1252.97
346.79	1251.51
347.00	1253.66
347.22	1254.05
347.43	1249.53
347.64	1267.55
347.85	1248.63
348.06	1247.81
348.28	1256.41
348.49	1257.68
348.70	1253.32
348.91	1262.00
349.12	1249.53
349.34	1256.29
349.55	1256.10
349.76	1268.33
349.97	1241.13
350.18	1264.40
350.40	1253.73
350.61	1259.26
350.82	1254.79
351.03	1260.36
351.24	1252.60
351.46	1257.15
351.67	1256.67
351.88	1257.17
352.09	1249.98
352.30	1261.92
352.51	1252.03
352.73	1261.18
352.94	1256.37
353.15	1269.11
353.36	1254.87
353.57	1261.98
353.79	1244.78
354.00	1257.92
354.21	1256.33
354.42	1258.93
354.63	1245.25
354.84	1263.97
355.06	1258.01
355.27	1253.50
355.48	1249.61
355.69	1253.99
355.90	1252.41
356.11	1266.01
356.33	1249.47
356.54	1264.76
356.75	1260.73
356.96	1263.39
357.17	1254.77
357.38	1253.17
357.60	1251.45
357.81	1257.88
358.02	1257.53
358.23	1261.20
358.44	1250.00
358.65	1265.09
358.87	1259.83
359.08	1258.78
359.29	1248.69
359.50	1268.84
359.71	1246.68
359.92	1259.93
360.13	1257.21
360.35	1261.84
360.56	1247.75
360.77	1261.08
360.98	1251.27
361.19	1262.90
361.40	1247.79
361.62	1260.63
361.83	1258.52
362.04	1259.71
362.25	1253.89
362.46	1263.70
362.67	1245.80
362.88	1262.25
363.10	1264.54
363.31	1258.42
363.52	1261.26
363.73	1260.71
363.94	1263.54
364.15	1269.29
364.36	1252.76
364.57	1258.21
364.79	1260.07
365.00	1258.19
365.21	1263.84
365.42	1265.11
365.63	1248.56
365.84	1269.58
366.05	1254.67
366.27	1261.81
366.48	1256.67
366.69	1264.74
366.90	1251.76
367.11	1263.39
367.32	1260.32
367.53	1260.98
367.74	1260.71
367.95	1260.44
368.17	1255.71
368.38	1264.70
368.59	1259.05
368.80	1262.06
369.01	1251.10
369.22	1260.95
369.43	1257.19
369.64	1265.58
369.86	1261.63
370.07	1260.40
370.28	1253.73
370.49	1262.61
370.70	1255.71
370.91	1265.83
371.12	1251.49
371.33	1256.22
371.54	1252.56
371.76	1256.61
371.97	1255.26
372.18	1264.85
372.39	1256.94
372.60	1263.88
372.81	1252.95
373.02	1258.76
373.23	1259.69
373.44	1263.80
373.65	1254.32
373.87	1264.97
374.08	1250.92
374.29	1260.26
374.50	1254.83
374.71	1266.38
374.92	1259.03
375.13	1260.36
375.34	1257.08
375.55	1255.86
375.76	1259.40
375.97	1261.96
376.19	1256.90
376.40	1254.73
376.61	1258.17
376.82	1270.23
377.03	1252.82
377.24	1266.34
377.45	1264.05
377.66	1263.66
377.87	1261.90
378.08	1261.92
378.29	1262.12
378.50	1265.13
378.71	1254.05
378.93	1255.10
379.14	1256.55
379.35	1264.37
379.56	1256.45
379.77	1269.56
379.98	1252.27
380.19	1262.68
380.40	1258.50
380.61	1261.14
380.82	1260.57
381.03	1268.12
381.24	1261.61
381.45	1262.65
381.66	1249.75
381.88	1269.86
382.09	1253.68
382.30	1261.86
382.51	1255.79
382.72	1263.62
382.93	1251.62
383.14	1259.69
383.35	1263.92
383.56	1265.79
383.77	1257.78
383.98	1264.48
384.19	1256.35
384.40	1265.26
384.61	1252.35
384.82	1262.57
385.03	1257.31
385.24	1262.37
385.45	1262.55
385.67	1256.74
385.88	1251.12
386.09	1266.01
386.30	1257.88
386.51	1254.32
386.72	1249.96
386.93	1260.44
387.14	1258.39
387.35	1269.35
387.56	1260.32
387.77	1265.99
387.98	1249.94
388.19	1261.02
388.40	1257.39
388.61	1265.09
388.82	1254.87
389.03	1256.84
389.24	1262.22
389.45	1263.17
389.66	1262.20
389.87	1263.19
390.08	1255.59
390.29	1260.98
390.50	1256.49
390.71	1260.52
390.92	1253.07
391.13	1267.75
391.34	1258.42
391.55	1273.96
391.76	1263.88
391.98	1259.79
392.19	1257.49
392.40	1266.26
392.61	1264.89
392.82	1259.01
393.03	1254.42
393.24	1263.92
393.45	1255.77
393.66	1260.50
393.87	1253.52
394.08	1266.53
394.29	1262.55
394.50	1253.34
394.71	1252.74
394.92	1263.97
395.13	1256.02
395.34	1254.28
395.55	1262.31
395.76	1263.25
395.97	1259.34
396.18	1263.51
396.39	1253.19
396.60	1262.55
396.81	1260.63
397.02	1266.98
397.23	1261.90
397.44	1267.86
397.65	1256.37
397.86	1264.03
398.07	1250.33
398.28	1259.40
398.49	1259.89
398.70	1264.23
398.91	1256.55
399.12	1265.32
399.33	1253.64
399.54	1260.71
399.75	1261.06
399.96	1255.02
400.17	1255.43
400.38	1262.51
400.59	1252.41
400.80	1256.82
401.01	1257.17
401.22	1265.09
401.42	1257.88
401.63	1260.98
401.84	1261.08
402.05	1263.11
402.26	1266.30
402.47	1267.22
402.68	1258.29
402.89	1258.99
403.10	1257.66
403.31	1263.13
403.52	1254.01
403.73	1256.94
403.94	1258.93
404.15	1266.98
404.36	1261.59
404.57	1267.90
404.78	1251.72
404.99	1262.18
405.20	1258.82
405.41	1254.32
405.62	1254.09
405.83	1264.91
406.04	1258.13
406.25	1266.38
406.46	1257.21
406.67	1263.27
406.88	1259.77
407.09	1259.97
407.30	1253.56
407.50	1270.60
407.71	1255.94
407.92	1264.54
408.13	1258.54
408.34	1258.03
408.55	1254.46
408.76	1263.68
408.97	1259.07
409.18	1264.91
409.39	1257.86
409.60	1266.57
409.81	1255.28
410.02	1262.12
410.23	1252.74
410.44	1269.06
410.65	1255.94
410.86	1261.24
411.07	1263.15
411.27	1271.65
411.48	1257.29
411.69	1264.40
411.90	1265.85
412.11	1259.07
412.32	1268.10
412.53	1264.01
412.74	1252.15
412.95	1254.75
413.16	1249.79
413.37	1262.04
413.58	1257.88
413.79	1264.19
414.00	1254.36
414.20	1260.69
414.41	1258.11
414.62	1264.05
414.83	1257.00
415.04	1257.94
415.25	1260.42
415.46	1262.43
415.67	1259.54
415.88	1261.57
416.09	1256.35
416.30	1275.84
416.51	1252.95
416.71	1264.05
416.92	1256.82
417.13	1258.93
417.34	1255.10
417.55	1265.87
417.76	1252.13
417.97	1261.41
418.18	1258.62
418.39	1258.03
418.60	1256.92
418.81	1260.61
419.01	1257.47
419.22	1268.37
419.43	1260.32
419.64	1261.18
419.85	1256.43
420.06	1259.36
420.27	1259.64
420.48	1261.92
420.69	1250.35
420.90	1266.34
421.10	1259.79
421.31	1265.97
421.52	1259.85
421.73	1260.48
421.94	1256.08
422.15	1261.28
422.36	1259.93
422.57	1266.96
422.78	1257.47
422.98	1265.03
423.19	1258.89
423.40	1263.88
423.61	1259.03
423.82	1260.44
424.03	1266.01
424.24	1262.39
424.45	1255.08
424.65	1269.68
424.86	1256.18
425.07	1264.27
425.28	1260.42
425.49	1264.56
425.70	1268.41
425.91	1261.63
426.12	1254.50
426.32	1261.65
426.53	1258.76
426.74	1267.98
426.95	1253.44
427.16	1260.63
427.37	1255.63
427.58	1261.57
427.78	1253.95
427.99	1269.21
428.20	1267.10
428.41	1261.92
428.62	1258.27
428.83	1264.21
429.04	1250.47
429.24	1268.25
429.45	1259.05
429.66	1258.97
429.87	1261.51
430.08	1261.24
430.29	1258.03
430.50	1263.41
430.70	1253.89
430.91	1266.53
431.12	1257.60
431.33	1259.69
431.54	1252.68
431.75	1262.76
431.96	1261.53
432.16	1266.40
432.37	1256.35
432.58	1261.22
432.79	1261.47
433.00	1264.07
433.21	1256.04
433.41	1259.60
433.62	1258.74
433.83	1262.76
434.04	1247.93
434.25	1259.15
434.46	1257.62
434.66	1264.40
434.87	1262.43
435.08	1263.80
435.29	1264.62
435.50	1269.80
435.71	1260.01
435.91	1254.50
436.12	1256.41
436.33	1258.80
436.54	1250.14
436.75	1258.09
436.95	1260.85
437.16	1256.20
437.37	1256.41
437.58	1259.19
437.79	1260.01
438.00	1268.98
438.20	1253.19
438.41	1266.77
438.62	1253.91
438.83	1264.15
439.04	1264.19
439.24	1271.34
439.45	1258.27
439.66	1262.90
439.87	1259.54
440.08	1265.75
440.28	1257.56
440.49	1260.95
440.70	1250.04
440.91	1261.18
441.12	1259.52
441.32	1259.36
441.53	1256.72
441.74	1253.19
441.95	1256.92
442.16	1266.18
442.36	1254.09
442.57	1261.41
442.78	1256.45
442.99	1266.30
443.20	1261.10
443.40	1265.11
443.61	1259.09
443.82	1259.11
444.03	1256.94
444.24	1258.27
444.44	1259.11
444.65	1263.51
444.86	1247.93
445.07	1265.24
445.27	1252.82
445.48	1253.50
445.69	1252.50
445.90	1254.03
446.11	1264.31
446.31	1261.10
446.52	1256.55
446.73	1266.32
446.94	1262.80
447.14	1257.51
447.35	1260.46
447.56	1269.17
447.77	1258.01
447.97	1262.47
448.18	1254.36
448.39	1261.90
448.60	1252.19
448.81	1265.38
449.01	1255.26
449.22	1259.64
449.43	1257.74
449.64	1256.92
449.84	1254.30
450.05	1259.32
450.26	1259.95
450.47	1268.08
450.67	1255.08
450.88	1265.73
451.09	1257.35
451.30	1260.26
451.50	1257.62
451.71	1267.32
451.92	1253.27
452.13	1262.65
452.33	1257.04
452.54	1254.63
452.75	1253.48
452.96	1265.03
453.16	1250.69
453.37	1259.79
453.58	1250.26
453.79	1260.48
453.99	1252.89
454.20	1259.64
454.41	1258.87
454.61	1265.13
454.82	1260.61
455.03	1254.09
455.24	1253.05
455.44	1260.98
455.65	1259.52
455.86	1264.05
456.07	1249.79
456.27	1261.63
456.48	1255.55
456.69	1263.13
456.90	1255.51
457.10	1265.34
457.31	1257.66
457.52	1267.26
457.72	1259.93
457.93	1261.10
458.14	1261.67
458.35	1263.56
458.55	1246.91
458.76	1259.46
458.97	1258.44
459.17	1265.56
459.38	1250.74
459.59	1257.41
459.80	1257.90
460.00	1254.34
460.21	1260.40
460.42	1264.37
460.62	1259.60
460.83	1267.94
461.04	1253.44
461.25	1267.86
461.45	1251.82
461.66	1261.28
461.87	1260.18
462.07	1266.44
462.28	1252.48
462.49	1260.03
462.69	1260.81
462.90	1270.72
463.11	1258.44
463.31	1261.61
463.52	1256.31
463.73	1256.96
463.94	1258.05
464.14	1263.88
464.35	1260.12
464.56	1262.80
464.76	1266.24
464.97	1269.15
465.18	1252.68
465.38	1263.60
465.59	1252.21
465.80	1266.73
466.00	1254.95
466.21	1267.10
466.42	1255.14
466.62	1263.82
466.83	1258.35
467.04	1268.84
467.24	1255.88
467.45	1256.84
467.66	1258.17
467.86	1261.71
468.07	1253.21
468.28	1263.43
468.48	1263.11
468.69	1252.76
468.90	1262.76
469.10	1264.89
469.31	1255.40
469.52	1269.25
469.72	1254.05
469.93	1267.65
470.14	1250.69
470.34	1261.38
470.55	1261.14
470.76	1268.63
470.96	1259.21
471.17	1266.28
471.38	1254.71
471.58	1259.58
471.79	1250.98
472.00	1268.18
472.20	1257.21
472.41	1266.81
472.62	1261.30
472.82	1259.73
473.03	1251.06
473.24	1255.94
473.44	1254.46
473.65	1262.80
473.85	1257.68
474.06	1264.66
474.27	1253.42
474.47	1262.72
474.68	1257.80
474.89	1264.46
475.09	1258.62
475.30	1267.61
475.51	1253.97
475.71	1260.73
475.92	1254.89
476.12	1268.43
476.33	1258.39
476.54	1265.87
476.74	1254.09
476.95	1262.10
477.16	1254.48
477.36	1261.94
477.57	1260.87
477.77	1257.80
477.98	1260.32
478.19	1259.40
478.39	1256.22
478.60	1266.14
478.81	1254.59
479.01	1258.56
479.22	1258.13
479.42	1259.30
479.63	1262.84
479.84	1261.18
480.04	1258.82
480.25	1269.02
480.45	1253.52
480.66	1265.93
480.87	1262.84
481.07	1267.00
481.28	1256.57
481.48	1269.33
481.69	1259.64
481.90	1261.24
482.10	1249.42
482.31	1259.30
482.51	1262.31
482.72	1272.48
482.93	1257.00
483.13	1265.67
483.34	1261.63
483.54	1268.88
483.75	1253.44
483.96	1264.44
484.16	1259.56
484.37	1265.09
484.57	1256.49
484.78	1265.60
484.99	1254.97
485.19	1268.78
485.40	1258.72
485.60	1266.36
485.81	1254.40
486.01	1268.14
486.22	1264.76
486.43	1266.46
486.63	1260.89
486.84	1257.99
487.04	1260.14
487.25	1253.77
487.46	1254.87
487.66	1255.18
487.87	1263.41
488.07	1256.59
488.28	1254.24
488.48	1263.97
488.69	1260.32
488.89	1265.85
489.10	1254.54
489.31	1265.26
489.51	1253.42
489.72	1261.88
489.92	1255.73
490.13	1267.96
490.33	1262.82
490.54	1261.38
490.75	1256.33
490.95	1263.06
491.16	1257.17
491.36	1263.25
491.57	1261.59
491.77	1264.40
491.98	1253.58
492.18	1267.69
492.39	1260.01
492.59	1264.44
492.80	1254.42
493.01	1265.24
493.21	1260.40
493.42	1273.63
493.62	1259.83
493.83	1267.88
494.03	1254.42
494.24	1268.00
494.44	1252.74
494.65	1259.66
494.85	1256.31
495.06	1260.65
495.26	1262.76
495.47	1265.15
495.68	1251.86
495.88	1267.14
496.09	1253.93
496.29	1257.49
496.50	1258.56
496.70	1260.01
496.91	1256.94
497.11	1258.66
497.32	1252.11
497.52	1261.32
497.73	1255.20
497.93	1266.32
498.14	1255.61
498.34	1268.41
498.55	1258.74
498.75	1260.95
498.96	1258.35
499.16	1262.37
499.37	1255.75
499.57	1265.32
499.78	1262.45
499.98	1263.31
500.19	1259.91
500.39	1262.27
500.60	1257.23
500.80	1264.52
501.01	1258.91
501.21	1260.85
501.42	1252.13
501.62	1264.85
501.83	1251.94
502.03	1261.26
502.24	1260.36
502.44	1269.31
502.65	1258.78
502.85	1265.95
503.06	1252.48
503.26	1261.22
503.47	1253.81
503.67	1260.91
503.88	1260.69
504.08	1266.85
504.29	1261.41
504.49	1261.06
504.70	1260.46
504.90	1261.32
505.11	1256.49
505.31	1264.07
505.52	1255.32
505.72	1261.53
505.93	1260.40
506.13	1263.23
506.34	1259.21
506.54	1271.79
506.75	1252.99
506.95	1260.01
507.16	1256.57
507.36	1258.74
507.56	1254.26
507.77	1265.60
507.97	1256.94
508.18	1257.17
508.38	1250.18
508.59	1266.34
508.79	1254.89
509.00	1255.73
509.20	1255.38
509.41	1262.12
509.61	1255.63
509.82	1264.37
510.02	1254.63
510.22	1258.89
510.43	1259.71
510.63	1266.61
510.84	1245.41
511.04	1258.13
511.25	1256.26
511.45	1265.19
511.66	1259.87
511.86	1263.90
512.06	1260.18
512.27	1264.68
512.47	1255.88
512.68	1267.12
512.88	1258.80
513.09	1259.99
513.29	1256.51
513.50	1260.52
513.70	1254.24
513.90	1264.99
514.11	1250.33
514.31	1262.31
514.52	1254.57
514.72	1253.15
514.93	1258.03
515.13	1258.50
515.33	1258.42
515.54	1266.87
515.74	1253.58
515.95	1259.87
516.15	1252.60
516.36	1259.11
516.56	1256.98
516.76	1263.25
516.97	1253.42
517.17	1261.94
517.38	1265.79
517.58	1261.55
517.78	1260.50
517.99	1260.85
518.19	1260.38
518.40	1267.28
518.60	1251.23
518.81	1260.48
519.01	1262.00
519.21	1264.66
519.42	1250.76
519.62	1263.49
519.83	1258.70
520.03	1261.43
520.23	1260.30
520.44	1265.52
520.64	1263.99
520.85	1252.48
521.05	1253.93
521.25	1261.16
521.46	1253.58
521.66	1258.62
521.86	1262.22
522.07	1262.72
522.27	1249.77
522.48	1255.65
522.68	1255.88
522.88	1266.10
523.09	1254.71
523.29	1266.38
523.50	1256.35
523.70	1262.63
523.90	1255.18
524.11	1258.01
524.31	1255.06
524.51	1267.06
524.72	1253.40
524.92	1261.10
525.13	1255.96
525.33	1267.32
525.53	1260.79
525.74	1264.83
525.94	1263.82
526.14	1265.58
526.35	1266.63
526.55	1262.39
526.76	1250.45
526.96	1268.49
527.16	1251.47
527.37	1261.61
527.57	1251.60
527.77	1269.31
527.98	1258.60
528.18	1266.75
528.38	1265.15
528.59	1266.14
528.79	1259.87
528.99	1258.07
529.20	1264.09
529.40	1266.75
529.61	1250.88
529.81	1264.93
530.01	1255.49
530.22	1263.13
530.42	1254.36
530.62	1263.39
530.83	1257.04
531.03	1261.61
531.23	1257.53
531.44	1258.58
531.64	1256.90
531.84	1265.77
532.05	1257.84
532.25	1263.94
532.45	1253.34
532.66	1273.00
532.86	1255.79
533.06	1261.88
533.27	1253.01
533.47	1269.23
533.67	1253.64
533.88	1260.95
534.08	1256.08
534.28	1263.92
534.49	1259.58
534.69	1259.60
534.89	1257.19
535.09	1262.16
535.30	1251.60
535.50	1262.08
535.70	1258.05
535.91	1263.62
536.11	1258.25
536.31	1264.37
536.52	1262.27
536.72	1258.48
536.92	1249.79
537.13	1261.10
537.33	1249.47
537.53	1255.98
537.74	1258.01
537.94	1264.13
538.14	1254.42
538.34	1260.03
538.55	1254.18
538.75	1271.01
538.95	1263.64
539.16	1263.23
539.36	1256.43
539.56	1261.08
539.77	1257.99
539.97	1268.27
540.17	1255.30
540.37	1265.44
540.58	1253.93
540.78	1264.17
540.98	1253.36
541.19	1261.32
541.39	1256.67
541.59	1264.54
541.79	1256.57
542.00	1263.82
542.20	1252.95
542.40	1261.47
542.60	1260.22
542.81	1261.81
543.01	1254.87
543.21	1260.89
543.42	1256.02
543.62	1264.35
543.82	1260.73
544.02	1263.68
544.23	1255.16
544.43	1259.44
544.63	1247.46
544.83	1264.21
545.04	1262.59
545.24	1255.20
545.44	1246.80
545.64	1260.93
545.85	1253.64
546.05	1260.63
546.25	1255.34
546.45	1256.61
546.66	1258.31
546.86	1266.85
547.06	1256.31
547.27	1264.07
547.47	1251.98
547.67	1265.56
547.87	1256.33
548.07	1254.07
548.28	1258.23
548.48	1266.07
548.68	1255.22
548.88	1262.84
549.09	1252.07
549.29	1261.28
549.49	1250.84
549.69	1261.00
549.90	1255.00
550.10	1257.35
550.30	1261.28
550.50	1258.93
550.71	1254.42
550.91	1260.63
551.11	1248.81
551.31	1255.53
551.51	1253.15
551.72	1257.27
551.92	1255.61
552.12	1266.34
552.32	1256.92
552.53	1257.31
552.73	1257.96
552.93	1261.14
553.13	1251.72
553.33	1261.51
553.54	1256.63
553.74	1263.94
553.94	1258.13
554.14	1260.79
554.35	1255.98
554.55	1265.40
554.75	1262.76
554.95	1258.97
555.15	1258.31
555.36	1266.87
555.56	1254.89
555.76	1265.64
555.96	1256.02
556.16	1262.08
556.37	1256.08
556.57	1259.87
556.77	1262.37
556.97	1256.72
557.17	1253.19
557.38	1261.63
557.58	1258.29
557.78	1260.67
557.98	1257.53
558.18	1265.42
558.38	1248.99
558.59	1257.49
558.79	1255.34
558.99	1260.98
559.19	1265.32
559.39	1263.72
559.60	1249.12
559.80	1264.62
560.00	1253.85
560.20	1259.99
560.40	1252.66
560.60	1267.28
560.81	1250.35
561.01	1265.36
561.21	1255.12
561.41	1270.19
561.61	1249.69
561.81	1260.87
562.02	1255.79
562.22	1265.34
562.42	1254.63
562.62	1264.83
562.82	1257.00
563.02	1267.08
563.23	1257.17
563.43	1262.10
563.63	1256.37
563.83	1256.51
564.03	1257.25
564.23	1263.70
564.43	1257.15
564.64	1269.82
564.84	1259.73
565.04	1271.93
565.24	1251.70
565.44	1267.28
565.64	1259.13
565.85	1263.70
566.05	1259.32
566.25	1263.02
566.45	1261.00
566.65	1267.28
566.85	1257.15
567.05	1259.58
567.25	1257.76
567.46	1265.73
567.66	1256.78
567.86	1264.42
568.06	1255.98
568.26	1267.63
568.46	1254.65
568.66	1256.84
568.86	1265.91
569.07	1259.97
569.27	1258.54
569.47	1258.29
569.67	1258.35
569.87	1258.29
570.07	1258.72
570.27	1258.27
570.47	1252.48
570.68	1264.33
570.88	1248.93
571.08	1268.41
571.28	1251.94
571.48	1263.76
571.68	1254.48
571.88	1265.13
572.08	1257.45
572.28	1262.31
572.49	1259.73
572.69	1253.34
572.89	1258.23
573.09	1262.29
573.29	1259.48
573.49	1260.85
573.69	1259.32
573.89	1257.23
574.09	1261.59
574.29	1264.29
574.50	1254.34
574.70	1264.01
574.90	1262.57
575.10	1260.24
575.30	1263.31
575.50	1264.85
575.70	1256.65
575.90	1264.56
576.10	1257.43
576.30	1260.46
576.50	1260.85
576.70	1268.53
576.91	1250.61
577.11	1263.45
577.31	1256.16
577.51	1259.97
577.71	1253.83
577.91	1261.22
578.11	1262.53
578.31	1265.83
578.51	1262.94
578.71	1270.23
578.91	1258.35
579.11	1257.08
579.31	1258.54
579.51	1260.14
579.71	1261.12
579.92	1261.94
580.12	1258.17
580.32	1268.43
580.52	1258.70
580.72	1264.23
580.92	1250.63
581.12	1261.10
581.32	1261.10
581.52	1251.90
581.72	1257.76
581.92	1267.06
582.12	1252.19
582.32	1262.80
582.52	1258.72
582.72	1257.49
582.92	1253.58
583.12	1265.67
583.32	1256.92
583.52	1260.77
583.72	1256.14
583.92	1258.29
584.12	1252.27
584.33	1264.27
584.53	1251.68
584.73	1260.59
584.93	1258.68
585.13	1267.26
585.33	1259.13
585.53	1263.54
585.73	1259.99
585.93	1259.01
586.13	1259.91
586.33	1266.42
586.53	1253.64
586.73	1259.15
586.93	1257.56
587.13	1262.86
587.33	1254.48
587.53	1259.34
587.73	1255.94
587.93	1259.69
588.13	1255.32
588.33	1259.77
588.53	1253.25
588.73	1263.68
588.93	1255.14
589.13	1265.07
589.33	1254.83
589.53	1261.96
589.73	1252.21
589.93	1255.38
590.13	1252.37
590.33	1257.94
590.53	1255.92
590.73	1257.90
590.93	1256.31
591.13	1258.62
591.33	1255.34
591.53	1259.44
591.73	1259.17
591.93	1257.31
592.13	1259.07
592.33	1266.50
592.53	1254.97
592.73	1264.01
592.93	1257.45
593.13	1263.84
593.33	1253.11
593.53	1260.52
593.73	1260.32
593.93	1260.57
594.13	1251.86
594.33	1262.76
594.53	1249.77
594.73	1261.18
594.92	1257.39
595.12	1255.38
595.32	1259.44
595.52	1260.24
595.72	1256.84
595.92	1262.10
596.12	1255.98
596.32	1264.05
596.52	1256.29
596.72	1263.49
596.92	1257.45
597.12	1260.38
597.32	1258.95
597.52	1262.86
597.72	1254.83
597.92	1261.71
598.12	1254.40
598.32	1267.96
598.52	1266.93
598.72	1252.84
598.92	1263.47
599.12	1263.90
599.31	1259.34
599.51	1266.81
599.71	1252.66
599.91	1252.13
600.11	1257.99
600.31	1258.74
600.51	1251.80
600.71	1258.62
600.91	1255.10
601.11	1262.27
601.31	1253.30
601.51	1258.27
601.71	1259.30
601.91	1253.25
602.10	1261.12
602.30	1262.33
602.50	1257.10
602.70	1262.33
602.90	1253.79
603.10	1261.02
603.30	1249.88
603.50	1261.26
603.70	1256.12
603.90	1263.31
604.10	1259.56
604.30	1258.01
604.49	1256.80
604.69	1263.43
604.89	1254.65
605.09	1265.05
605.29	1257.62
605.49	1268.96
605.69	1251.53
605.89	1268.23
606.09	1257.43
606.29	1265.79
606.48	1254.61
606.68	1266.96
606.88	1251.76
607.08	1260.63
607.28	1249.94
607.48	1264.11
607.68	1258.29
607.88	1259.64
608.08	1252.19
608.27	1259.97
608.47	1256.98
608.67	1262.65
608.87	1251.33
609.07	1262.70
609.27	1251.66
609.47	1265.77
609.67	1268.84
609.87	1262.06
610.06	1253.09
610.26	1265.91
610.46	1260.55
610.66	1257.62
610.86	1258.21
611.06	1269.17
611.26	1252.25
611.45	1263.02
611.65	1251.33
611.85	1263.70
612.05	1253.58
612.25	1264.27
612.45	1259.15
612.65	1271.42
612.84	1249.61
613.04	1268.80
613.24	1253.27
613.44	1262.65
613.64	1256.55
613.84	1263.64
614.04	1257.06
614.23	1263.58
614.43	1252.23
614.63	1262.51
614.83	1247.40
615.03	1260.69
615.23	1254.87
615.42	1264.42
615.62	1254.11
615.82	1261.38
616.02	1250.88
616.22	1261.61
616.42	1269.31
616.61	1265.07
616.81	1256.70
617.01	1261.22
617.21	1255.69
617.41	1267.12
617.61	1254.85
617.80	1264.03
618.00	1251.17
618.20	1259.23
618.40	1258.03
618.60	1263.74
618.80	1249.67
618.99	1262.47
619.19	1244.98
619.39	1260.63
619.59	1260.46
619.79	1267.14
619.98	1254.85
620.18	1259.13
620.38	1252.89
620.58	1264.05
620.78	1248.44
620.97	1262.53
621.17	1253.71
621.37	1263.99
621.57	1254.93
621.77	1259.34
621.96	1256.88
622.16	1265.60
622.36	1257.33
622.56	1260.38
622.76	1259.89
622.95	1259.99
623.15	1256.02
623.35	1264.74
623.55	1251.64
623.75	1261.57
623.94	1250.41
624.14	1257.80
624.34	1255.86
624.54	1254.22
624.73	1253.50
624.93	1265.77
625.13	1254.89
625.33	1265.44
625.53	1255.63
625.72	1260.95
625.92	1252.66
626.12	1264.78
626.32	1254.03
626.51	1262.72
626.71	1252.70
626.91	1261.53
627.11	1250.84
627.30	1259.91
627.50	1261.98
627.70	1264.76
627.90	1256.37
628.10	1268.90
628.29	1256.92
628.49	1259.66
628.69	1260.28
628.89	1257.58
629.08	1258.25
629.28	1266.89
629.48	1251.29
629.68	1258.42
629.87	1247.60
630.07	1255.94
630.27	1252.41
630.47	1258.39
630.66	1260.95
630.86	1262.96
631.06	1255.53
631.25	1262.43
631.45	1258.29
631.65	1264.52
631.85	1256.31
632.04	1262.20
632.24	1250.41
632.44	1265.19
632.64	1251.08
632.83	1266.71
633.03	1252.41
633.23	1263.23
633.42	1257.10
633.62	1267.71
633.82	1251.25
634.02	1263.64
634.21	1263.47
634.41	1261.26
634.61	1252.66
634.81	1257.17
635.00	1255.08
635.20	1265.01
635.40	1260.32
635.59	1264.13
635.79	1254.71
635.99	1265.73
636.18	1254.48
636.38	1265.67
636.58	1257.41
636.78	1256.67
636.97	1255.08
637.17	1260.30
637.37	1255.77
637.56	1261.77
637.76	1252.23
637.96	1261.81
638.15	1257.41
638.35	1264.89
638.55	1263.31
638.74	1255.57
638.94	1255.38
639.14	1261.34
639.34	1249.47
639.53	1256.98
639.73	1260.16
639.93	1258.66
640.12	1252.64
640.32	1264.46
640.52	1254.07
640.71	1255.28
640.91	1253.62
641.11	1265.38
641.30	1257.78
641.50	1258.27
641.70	1262.43
641.89	1260.18
642.09	1259.19
642.29	1267.28
642.48	1254.85
642.68	1262.65
642.88	1257.33
643.07	1263.15
643.27	1255.26
643.47	1260.91
643.66	1252.17
643.86	1263.29
644.06	1261.81
644.25	1267.26
644.45	1255.81
644.65	1257.84
644.84	1254.57
645.04	1257.62
645.23	1257.82
645.43	1258.54
645.63	1253.81
645.82	1258.33
646.02	1256.14
646.22	1261.12
646.41	1253.25
646.61	1267.59
646.81	1259.07
647.00	1263.84
647.20	1251.72
647.39	1262.72
647.59	1259.40
647.79	1264.97
647.98	1255.57
648.18	1261.20
648.38	1253.66
648.57	1257.70
648.77	1253.27
648.96	1257.72
649.16	1254.63
649.36	1264.01
649.55	1257.84
649.75	1262.98
649.95	1254.09
650.14	1265.58
650.34	1260.93
650.53	1265.62
650.73	1256.47
650.93	1257.86
651.12	1254.50
651.32	1260.93
651.51	1256.08
651.71	1266.40
651.91	1255.36
652.10	1260.83
652.30	1257.58
652.49	1262.98
652.69	1251.47
652.89	1263.74
653.08	1253.71
653.28	1264.76
653.47	1263.92
653.67	1267.75
653.86	1256.39
654.06	1261.28
654.26	1258.29
654.45	1266.57
654.65	1258.58
654.84	1265.21
655.04	1250.78
655.24	1259.01
655.43	1254.67
655.63	1266.93
655.82	1255.94
656.02	1258.46
656.21	1258.01
656.41	1263.94
656.61	1258.50
656.80	1260.79
657.00	1253.50
657.19	1259.52
657.39	1255.12
657.58	1261.59
657.78	1254.42
657.97	1264.40
658.17	1249.06
658.37	1263.11
658.56	1253.99
658.76	1263.82
658.95	1255.98
659.15	1260.98
659.34	1256.78
659.54	1262.10
659.73	1257.13
659.93	1254.03
660.13	1255.38
660.32	1257.66
660.52	1257.27
660.71	1258.80
660.91	1262.59
661.10	1262.86
661.30	1250.53
661.49	1261.32
661.69	1254.24
661.88	1265.54
662.08	1257.08
662.27	1260.67
662.47	1260.32
662.66	1258.13
662.86	1259.83
663.06	1268.61
663.25	1250.22
663.45	1264.17
663.64	1254.57
663.84	1268.00
664.03	1251.39
664.23	1252.50
664.42	1259.89
664.62	1257.02
664.81	1253.42
665.01	1258.31
665.20	1259.85
665.40	1256.67
665.59	1257.04
665.79	1263.33
665.98	1266.98
666.18	1264.52
666.37	1250.86
666.57	1259.58
666.76	1251.53
666.96	1263.49
667.15	1253.09
667.35	1263.72
667.54	1257.13
667.74	1267.02
667.93	1257.31
668.13	1267.82
668.32	1259.81
668.52	1263.39
668.71	1251.88
668.91	1258.46
669.10	1257.64
669.30	1261.41
669.49	1263.51
669.68	1261.36
669.88	1254.52
670.07	1265.73
670.27	1266.07
670.46	1252.31
670.66	1260.65
670.85	1262.63
671.05	1259.09
671.24	1261.73
671.44	1256.18
671.63	1259.30
671.83	1253.50
672.02	1265.05
672.22	1256.84
672.41	1265.48
672.60	1253.64
672.80	1272.48
672.99	1265.40
673.19	1261.38
673.38	1258.66
673.58	1265.91
673.77	1261.24
673.97	1267.16
674.16	1263.43
674.36	1264.83
674.55	1255.92
674.74	1259.03
674.94	1258.37
675.13	1259.15
675.33	1252.01
675.52	1261.75
675.72	1256.72
675.91	1267.26
676.10	1260.12
676.30	1264.62
676.49	1256.04
676.69	1258.03
676.88	1254.07
677.08	1267.30
677.27	1261.38
677.46	1261.02
677.66	1252.21
677.85	1261.38
678.05	1259.11
678.24	1269.86
678.44	1253.50
678.63	1263.49
678.82	1264.89
679.02	1261.61
679.21	1252.21
679.41	1257.45
679.60	1258.64
679.79	1260.36
679.99	1254.34
680.18	1272.18
680.38	1258.85
680.57	1262.43
680.76	1260.16
680.96	1262.04
681.15	1255.55
681.35	1258.68
681.54	1250.57
681.73	1262.94
681.93	1256.80
682.12	1261.53
682.32	1260.36
682.51	1258.46
682.70	1257.84
682.90	1263.04
683.09	1244.37
683.29	1260.12
683.48	1259.73
683.67	1260.57
683.87	1257.76
684.06	1265.15
684.25	1252.35
684.45	1265.19
684.64	1254.07
684.84	1256.33
685.03	1253.66
685.22	1272.53
685.42	1256.14
685.61	1265.05
685.80	1254.71
686.00	1264.70
686.19	1265.19
686.38	1274.12
686.58	1255.24
686.77	1259.13
686.96	1256.84
687.16	1263.49
687.35	1260.95
687.55	1263.66
687.74	1257.23
687.93	1260.91
688.13	1249.20
688.32	1263.08
688.51	1251.80
688.71	1259.26
688.90	1257.94
689.09	1261.79
689.29	1257.02
689.48	1255.81
689.67	1257.41
689.87	1260.65
690.06	1254.89
690.25	1263.58
690.45	1259.83
690.64	1266.05
690.83	1259.11
691.03	1260.57
691.22	1262.25
691.41	1260.81
691.61	1261.96
691.80	1268.76
691.99	1251.51
692.19	1261.59
692.38	1262.35
692.57	1262.02
692.76	1252.54
692.96	1264.64
693.15	1253.89
693.34	1263.06
693.54	1261.20
693.73	1270.83
693.92	1263.62
694.12	1261.55
694.31	1254.89
694.50	1264.95
694.70	1250.41
694.89	1260.98
695.08	1254.69
695.27	1256.08
695.47	1257.62
695.66	1257.51
695.85	1256.82
696.05	1267.73
696.24	1252.82
696.43	1264.40
696.62	1265.67
696.82	1266.05
697.01	1265.56
697.20	1257.99
697.40	1257.62
697.59	1266.14
697.78	1251.06
697.97	1261.57
698.17	1263.45
698.36	1260.09
698.55	1262.08
698.74	1264.11
698.94	1257.33
699.13	1264.97
699.32	1251.68
699.52	1263.31
699.71	1264.70
699.90	1263.68
700.09	1253.54
700.29	1258.99
700.48	1263.15
700.67	1261.02
700.86	1252.27
701.06	1258.39
701.25	1254.03
701.44	1263.47
701.63	1258.31
701.83	1265.42
702.02	1257.33
702.21	1264.42
702.40	1250.59
702.60	1260.07
702.79	1255.98
702.98	1255.92
703.17	1255.63
703.37	1262.47
703.56	1259.81
703.75	1267.10
703.94	1262.39
704.13	1265.36
704.33	1255.02
704.52	1260.40
704.71	1253.05
704.90	1266.38
705.10	1254.48
705.29	1267.63
705.48	1258.07
705.67	1267.00
705.86	1259.64
706.06	1264.07
706.25	1255.79
706.44	1251.90
706.63	1257.88
706.83	1265.52
707.02	1249.61
707.21	1259.40
707.40	1264.76
707.59	1262.86
707.79	1248.07
707.98	1259.40
708.17	1259.46
708.36	1261.36
708.55	1260.40
708.75	1262.86
708.94	1261.04
709.13	1266.46
709.32	1250.63
709.51	1269.41
709.71	1254.65
709.90	1263.72
710.09	1254.05
710.28	1267.04
710.47	1259.89
710.66	1266.59
710.86	1254.81
711.05	1271.52
711.24	1254.97
711.43	1253.48
711.62	1259.89
711.82	1263.88
712.01	1253.03
712.20	1259.13
712.39	1263.15
712.58	1265.44
712.77	1260.03
712.97	1257.58
713.16	1254.38
713.35	1254.95
713.54	1251.04
713.73	1259.87
713.92	1258.74
714.11	1262.04
714.31	1263.37
714.50	1263.27
714.69	1262.47
714.88	1267.61
715.07	1251.35
715.26	1270.76
715.46	1253.89
715.65	1263.51
715.84	1257.02
716.03	1266.91
716.22	1256.08
716.41	1260.24
716.60	1257.37
716.80	1260.05
716.99	1259.13
717.18	1256.43
717.37	1247.79
717.56	1262.18
717.75	1262.10
717.94	1263.31
718.13	1254.97
718.33	1259.19
718.52	1253.75
718.71	1268.00
718.90	1258.19
719.09	1260.30
719.28	1253.58
719.47	1268.06
719.66	1252.27
719.85	1260.61
720.05	1251.90
720.24	1258.50
720.43	1253.34
720.62	1256.16
720.81	1253.87
721.00	1268.18
721.19	1261.79
721.38	1263.47
721.57	1256.90
721.77	1261.61
721.96	1259.44
722.15	1264.48
722.34	1257.17
722.53	1256.39
722.72	1255.38
722.91	1261.30
723.10	1260.69
723.29	1269.43
723.48	1253.68
723.67	1259.07
723.87	1260.81
724.06	1270.11
724.25	1255.45
724.44	1266.05
724.63	1253.97
724.82	1261.38
725.01	1251.39
725.20	1267.61
725.39	1255.61
725.58	1262.61
725.77	1258.68
725.96	1260.48
726.15	1264.25
726.34	1265.07
726.54	1257.49
726.73	1259.75
726.92	1252.76
727.11	1258.56
727.30	1252.64
727.49	1261.96
727.68	1255.59
727.87	1265.97
728.06	1259.09
728.25	1270.25
728.44	1257.02
728.63	1258.76
728.82	1263.47
729.01	1268.14
729.20	1253.09
729.39	1264.05
729.58	1250.92
729.77	1263.66
729.96	1252.56
730.15	1263.86
730.34	1260.16
730.53	1264.40
730.73	1256.31
730.92	1266.69
731.11	1259.56
731.30	1264.81
731.49	1262.63
731.68	1257.17
731.87	1254.89
732.06	1265.81
732.25	1259.99
732.44	1259.93
732.63	1264.54
732.82	1266.59
733.01	1257.10
733.20	1265.64
733.39	1254.34
733.58	1258.56
733.77	1253.40
733.96	1262.39
734.15	1253.93
734.34	1266.89
734.53	1267.77
734.72	1265.95
734.91	1247.87
735.10	1259.36
735.29	1258.27
735.48	1264.56
735.67	1253.71
735.86	1264.31
736.05	1255.94
736.24	1263.21
736.43	1256.70
736.62	1259.83
736.81	1257.82
737.00	1282.95
737.19	1256.33
737.38	1264.52
737.57	1256.35
737.76	1260.03
737.95	1255.73
738.14	1263.02
738.33	1248.44
738.51	1264.89
738.70	1257.31
738.89	1259.77
739.08	1258.99
739.27	1260.07
739.46	1252.76
739.65	1257.13
739.84	1255.79
740.03	1266.42
740.22	1258.23
740.41	1262.90
740.60	1255.24
740.79	1262.37
740.98	1254.97
741.17	1262.06
741.36	1261.73
741.55	1264.44
741.74	1250.98
741.93	1270.54
742.12	1248.69
742.31	1262.78
742.50	1251.76
742.68	1261.22
742.87	1255.34
743.06	1257.94
743.25	1255.71
743.44	1263.31
743.63	1253.73
743.82	1256.16
744.01	1253.91
744.20	1255.22
744.39	1259.79
744.58	1262.63
744.77	1261.06
744.96	1261.84
745.14	1260.98
745.33	1264.62
745.52	1254.05
745.71	1262.02
745.90	1247.50
746.09	1265.71
746.28	1255.49
746.47	1260.87
746.66	1249.20
746.85	1260.24
747.04	1257.92
747.22	1264.11
747.41	1246.33
747.60	1265.93
747.79	1252.70
747.98	1269.52
748.17	1243.51
748.36	1267.36
748.55	1257.74
748.74	1264.46
748.93	1267.41
749.11	1259.91
749.30	1255.51
749.49	1266.14
749.68	1257.31
749.87	1267.08
750.06	1254.42
750.25	1263.56
750.44	1260.46
750.62	1268.45
750.81	1253.50
751.00	1262.61
751.19	1250.65
751.38	1264.54
751.57	1252.09
751.76	1264.64
751.95	1258.25
752.13	1261.22
752.32	1257.23
752.51	1266.50
752.70	1261.90
752.89	1266.53
753.08	1257.02
753.27	1263.54
753.45	1256.29
753.64	1267.08
753.83	1254.05
754.02	1258.97
754.21	1259.01
754.40	1256.10
754.58	1255.63
754.77	1265.85
754.96	1259.46
755.15	1266.14
755.34	1249.49
755.53	1264.81
755.71	1260.09
755.90	1258.74
756.09	1255.92
756.28	1257.56
756.47	1252.93
756.66	1257.39
756.84	1260.77
757.03	1261.28
757.22	1249.92
757.41	1270.21
757.60	1260.30
757.79	1271.79
757.97	1259.11
758.16	1260.55
758.35	1257.23
758.54	1265.52
758.73	1253.23
758.91	1264.56
759.10	1255.32
759.29	1268.57
759.48	1257.72
759.67	1257.60
759.85	1261.12
760.04	1260.93
760.23	1255.53
760.42	1265.52
760.61	1260.20
760.79	1265.71
760.98	1259.69
761.17	1267.69
761.36	1246.29
761.55	1257.13
761.73	1256.39
761.92	1265.97
762.11	1257.23
762.30	1270.01
762.49	1252.17
762.67	1256.55
762.86	1263.35
763.05	1255.24
763.24	1267.88
763.42	1262.82
763.61	1257.84
763.80	1258.21
763.99	1263.00
764.17	1257.10
764.36	1260.01
764.55	1272.44
764.74	1259.52
764.92	1264.64
765.11	1250.16
765.30	1266.20
765.49	1253.99
765.68	1265.13
765.86	1252.62
766.05	1261.16
766.24	1258.70
766.43	1260.22
766.61	1256.65
766.80	1261.14
766.99	1257.60
767.17	1263.60
767.36	1258.13
767.55	1255.79
767.74	1260.46
767.92	1260.55
768.11	1252.84
768.30	1264.03
768.49	1258.99
768.67	1260.87
768.86	1257.10
769.05	1262.35
769.24	1259.28
769.42	1261.90
769.61	1261.90
769.80	1267.77
769.98	1258.97
770.17	1263.58
770.36	1256.10
770.55	1268.18
770.73	1266.59
770.92	1263.60
771.11	1254.85
771.29	1263.74
771.48	1263.74
771.67	1265.81
771.86	1256.98
772.04	1273.14
772.23	1252.70
772.42	1266.61
772.60	1256.61
772.79	1260.75
772.98	1251.78
773.16	1259.85
773.35	1258.85
773.54	1267.90
773.72	1263.02
773.91	1266.26
774.10	1258.33
774.29	1260.14
774.47	1260.28
774.66	1258.80
774.85	1260.85
775.03	1256.72
775.22	1260.93
775.41	1268.86
775.59	1258.54
775.78	1256.10
775.97	1253.85
776.15	1266.24
776.34	1254.20
776.53	1259.95
776.71	1261.18
776.90	1264.44
777.09	1257.78
777.27	1265.13
777.46	1256.10
777.65	1264.31
777.83	1262.22
778.02	1259.71
778.21	1255.69
778.39	1261.08
778.58	1258.31
778.76	1261.45
778.95	1256.57
779.14	1256.49
779.32	1258.23
779.51	1270.97
779.70	1257.84
779.88	1261.73
780.07	1257.37
780.26	1266.18
780.44	1256.76
780.63	1264.01
780.81	1252.05
781.00	1260.14
781.19	1265.99
781.37	1259.09
781.56	1260.95
781.75	1260.24
781.93	1257.66
782.12	1263.02
782.30	1258.25
782.49	1261.06
782.68	1258.09
782.86	1261.77
783.05	1251.84
783.23	1263.66
783.42	1267.26
783.61	1264.25
783.79	1258.70
783.98	1267.92
784.16	1259.91
784.35	1264.78
784.54	1253.38
784.72	1264.62
784.91	1264.05
785.09	1256.76
785.28	1258.78
785.47	1264.03
785.65	1263.84
785.84	1268.76
786.02	1260.20
786.21	1265.42
786.40	1257.13
786.58	1256.78
786.77	1253.17
786.95	1262.18
787.14	1263.92
787.32	1264.35
787.51	1272.26
787.70	1262.08
787.88	1262.82
788.07	1263.58
788.25	1261.14
788.44	1269.68
788.62	1265.62
788.81	1265.91
789.00	1259.40
789.18	1268.94
789.37	1255.57
789.55	1267.84
789.74	1262.20
789.92	1261.79
790.11	1260.09
790.29	1264.64
790.48	1259.66
790.67	1264.56
790.85	1260.55
791.04	1271.32
791.22	1261.59
791.41	1272.16
791.59	1248.61
791.78	1264.23
791.96	1260.75
792.15	1266.81
792.33	1258.33
792.52	1269.52
792.70	1264.87
792.89	1262.25
793.07	1262.27
793.26	1265.69
793.45	1259.87
793.63	1265.44
793.82	1253.60
794.00	1269.37
794.19	1262.98
794.37	1262.88
794.56	1261.43
794.74	1271.65
794.93	1263.08
795.11	1264.58
795.30	1258.29
795.48	1266.20
795.67	1255.79
795.85	1259.13
796.04	1259.11
796.22	1267.55
796.41	1260.09
796.59	1269.27
796.78	1264.64
796.96	1266.12
797.15	1258.91
797.33	1264.95
797.52	1256.31
797.70	1260.12
797.89	1264.27
798.07	1269.49
798.26	1260.59
798.44	1268.94
798.63	1260.85
798.81	1267.39
798.99	1261.16
799.18	1273.06
799.36	1258.78
799.55	1272.98
799.73	1266.81
799.92	1279.26
800.10	1261.28
800.29	1266.63
800.47	1264.72
800.66	1269.92
800.84	1261.34
801.03	1267.41
801.21	1263.74
801.39	1265.15
801.58	1264.37
801.76	1271.77
801.95	1258.54
802.13	1269.78
802.32	1254.48
802.50	1269.47
802.69	1263.92
802.87	1267.86
803.06	1268.35
803.24	1274.10
803.42	1257.76
803.61	1267.08
803.79	1270.72
803.98	1269.23
804.16	1259.48
804.35	1267.84
804.53	1267.73
804.71	1271.60
804.90	1263.49
805.08	1265.03
805.27	1264.17
805.45	1276.25
805.63	1266.93
805.82	1272.71
806.00	1272.55
806.19	1267.16
806.37	1266.16
806.56	1269.21
806.74	1274.51
806.92	1274.04
807.11	1268.37
807.29	1273.80
807.48	1263.56
807.66	1269.95
807.84	1268.18
808.03	1273.43
808.21	1266.63
808.40	1272.30
808.58	1266.75
808.76	1271.38
808.95	1270.29
809.13	1270.81
809.32	1271.85
809.50	1282.50
809.68	1272.87
809.87	1280.98
810.05	1271.73
810.23	1279.71
810.42	1278.08
810.60	1271.79
810.79	1265.71
810.97	1277.01
811.15	1273.73
811.34	1278.32
811.52	1274.10
811.70	1275.88
811.89	1277.36
812.07	1282.48
812.25	1269.68
812.44	1274.10
812.62	1280.86
812.81	1277.87
812.99	1280.39
813.17	1273.37
813.36	1273.10
813.54	1283.46
813.72	1278.30
813.91	1286.04
814.09	1277.91
814.27	1280.33
814.46	1276.52
814.64	1281.80
814.82	1286.80
815.01	1293.99
815.19	1274.41
815.37	1291.88
815.56	1288.91
815.74	1295.32
815.92	1281.56
816.11	1294.54
816.29	1283.99
816.47	1292.51
816.66	1285.82
816.84	1294.73
817.02	1283.56
817.21	1291.57
817.39	1290.26
817.57	1306.56
817.76	1293.27
817.94	1297.65
818.12	1288.19
818.30	1296.47
818.49	1299.23
818.67	1312.34
818.85	1298.39
819.04	1308.28
819.22	1308.75
819.40	1309.86
819.59	1297.45
819.77	1310.39
819.95	1301.85
820.13	1309.23
820.32	1297.59
820.50	1316.07
820.68	1305.29
820.87	1313.53
821.05	1301.30
821.23	1315.29
821.41	1300.81
821.60	1306.40
821.78	1301.01
821.96	1314.69
822.14	1309.47
822.33	1308.24
822.51	1312.11
822.69	1314.06
822.88	1305.54
823.06	1312.13
823.24	1302.71
823.42	1306.48
823.61	1306.48
823.79	1314.28
823.97	1302.51
824.15	1307.26
824.34	1308.73
824.52	1310.27
824.70	1303.04
824.88	1313.20
825.07	1306.62
825.25	1318.93
825.43	1315.19
825.61	1318.54
825.80	1315.90
825.98	1318.01
826.16	1310.11
826.34	1322.39
826.53	1320.78
826.71	1333.47
826.89	1353.09
827.07	1368.66
827.25	1392.76
827.44	1447.03
827.62	1501.69
827.80	1602.72
827.98	1712.14
828.17	1855.77
828.35	2030.52
828.53	2263.95
828.71	2514.41
828.89	2814.18
829.08	3121.99
829.26	3496.46
829.44	3902.90
829.62	4269.28
829.80	4758.07
829.99	5169.26
830.17	5692.02
830.35	6161.03
830.53	6767.82
830.71	7237.91
830.90	7829.10
831.08	8404.66
831.26	9031.56
831.44	9654.25
831.62	10294.98
831.81	10835.70
831.99	11417.28
832.17	12040.40
832.35	12680.18
832.53	13242.96
832.71	13658.27
832.90	14199.06
833.08	14761.06
833.26	15074.55
833.44	15348.77
833.62	15686.99
833.81	15826.58
833.99	16028.80
834.17	15871.88
834.35	15766.35
834.53	15642.22
834.71	15537.92
834.89	15104.55
835.08	14820.27
835.26	14226.28
835.44	13988.04
835.62	13425.07
835.80	12817.50
835.98	12284.86
836.17	11745.51
836.35	11171.85
836.53	10444.82
836.71	9825.13
836.89	9199.27
837.07	8499.89
837.25	7879.87
837.44	7221.94
837.62	6691.88
837.80	6098.40
837.98	5568.55
838.16	5101.26
838.34	4667.46
838.52	4290.86
838.70	3960.57
838.89	3684.13
839.07	3514.58
839.25	3283.90
839.43	3145.00
839.61	3004.00
839.79	2906.09
839.97	2824.46
840.15	2739.53
840.33	2662.71
840.52	2595.86
840.70	2533.75
840.88	2504.34
841.06	2439.27
841.24	2390.68
841.42	2350.19
841.60	2317.09
841.78	2285.70
841.96	2241.91
842.14	2202.94
842.33	2180.51
842.51	2139.74
842.69	2111.48
842.87	2071.85
843.05	2038.28
843.23	2016.37
843.41	1986.10
843.59	1952.98
843.77	1934.29
843.95	1905.16
844.13	1890.07
844.31	1859.72
844.49	1849.25
844.68	1839.26
844.86	1831.01
845.04	1802.15
845.22	1809.63
845.40	1799.82
845.58	1809.54
845.76	1798.57
845.94	1803.34
846.12	1797.99
846.30	1811.37
846.48	1794.96
846.66	1812.41
846.84	1809.05
847.02	1820.05
847.20	1815.67
847.38	1818.27
847.56	1813.87
847.74	1817.18
847.92	1804.16
848.11	1803.24
848.29	1795.37
848.47	1786.36
848.65	1774.13
848.83	1771.25
849.01	1741.86
849.19	1740.83
849.37	1711.59
849.55	1698.24
849.73	1665.35
849.91	1662.77
850.09	1630.55
850.27	1616.18
850.45	1592.50
850.63	1576.51
850.81	1550.31
850.99	1537.00
851.17	1517.57
851.35	1510.07
851.53	1487.91
851.71	1467.02
851.89	1459.16
852.07	1447.48
852.25	1426.66
852.43	1429.87
852.61	1414.04
852.79	1398.07
852.97	1386.19
853.15	1376.93
853.33	1371.28
853.51	1367.08
853.69	1353.87
853.87	1352.42
854.05	1345.56
854.23	1335.66
854.41	1329.46
854.59	1327.39
854.77	1321.04
854.95	1318.01
855.13	1302.90
855.31	1313.71
855.49	1303.00
855.67	1305.72
855.84	1298.80
856.02	1295.65
856.20	1281.25
856.38	1291.94
856.56	1278.28
856.74	1286.76
856.92	1279.47
857.10	1282.70
857.28	1264.97
857.46	1281.58
857.64	1278.55
857.82	1280.64
858.00	1272.46
858.18	1276.31
858.36	1271.05
858.54	1282.07
858.72	1265.75
858.90	1271.48
859.08	1271.15
859.25	1276.09
859.43	1280.00
859.61	1277.09
859.79	1266.85
859.97	1281.50
860.15	1270.44
860.33	1284.65
860.51	1272.87
860.69	1279.57
860.87	1272.65
861.05	1284.42
861.23	1268.35
861.41	1278.14
861.58	1271.24
861.76	1273.22
861.94	1270.38
862.12	1277.44
862.30	1275.50
862.48	1270.36
862.66	1268.47
862.84	1279.92
863.02	1270.97
863.20	1278.34
863.37	1262.82
863.55	1283.69
863.73	1273.71
863.91	1275.80
864.09	1270.21
864.27	1270.60
864.45	1265.46
864.63	1272.30
864.80	1260.91
864.98	1273.45
865.16	1265.48
865.34	1271.71
865.52	1264.17
865.70	1274.66
865.88	1259.91
866.06	1276.54
866.23	1267.30
866.41	1271.91
866.59	1262.80
866.77	1266.96
866.95	1259.89
867.13	1271.34
867.31	1266.55
867.48	1272.53
867.66	1268.74
867.84	1264.46
868.02	1264.13
868.20	1269.99
868.38	1261.71
868.56	1269.35
868.73	1264.54
868.91	1272.96
869.09	1262.37
869.27	1270.62
869.45	1261.90
869.63	1273.18
869.80	1268.08
869.98	1267.71
870.16	1266.87
870.34	1271.65
870.52	1274.78
870.70	1268.18
870.87	1261.00
871.05	1276.07
871.23	1267.06
871.41	1275.52
871.59	1267.32
871.76	1279.30
871.94	1274.39
872.12	1274.39
872.30	1273.28
872.48	1269.95
872.65	1262.16
872.83	1268.90
873.01	1271.50
873.19	1279.00
873.37	1271.58
873.54	1266.96
873.72	1276.64
873.90	1275.76
874.08	1268.72
874.26	1276.17
874.43	1269.68
874.61	1277.89
874.79	1268.70
874.97	1279.55
875.15	1274.33
875.32	1273.84
875.50	1269.41
875.68	1277.54
875.86	1274.23
876.03	1270.72
876.21	1272.38
876.39	1276.38
876.57	1264.85
876.74	1272.44
876.92	1268.66
877.10	1278.32
877.28	1270.07
877.45	1276.60
877.63	1266.75
877.81	1268.43
877.99	1265.01
878.17	1267.34
878.34	1263.97
878.52	1273.43
878.70	1269.43
878.87	1271.60
879.05	1260.44
879.23	1264.66
879.41	1262.88
879.58	1271.73
879.76	1270.21
879.94	1266.73
880.12	1262.51
880.29	1273.65
880.47	1262.80
880.65	1268.49
880.83	1253.40
881.00	1268.53
881.18	1266.67
881.36	1271.56
881.53	1251.29
881.71	1262.88
881.89	1251.35
882.07	1261.55
882.24	1259.42
882.42	1269.09
882.60	1263.76
882.77	1260.44
882.95	1262.65
883.13	1260.81
883.30	1263.90
883.48	1266.93
883.66	1252.82
883.84	1262.72
884.01	1264.44
884.19	1262.10
884.37	1256.18
884.54	1268.29
884.72	1260.01
884.90	1262.94
885.07	1256.31
885.25	1262.61
885.43	1257.35
885.60	1262.25
885.78	1255.51
885.96	1263.64
886.13	1256.43
886.31	1257.29
886.49	1264.48
886.66	1268.55
886.84	1261.45
887.02	1268.47
887.19	1253.01
887.37	1259.17
887.55	1254.26
887.72	1262.06
887.90	1257.19
888.08	1257.96
888.25	1260.44
888.43	1264.37
888.61	1256.72
888.78	1260.18
888.96	1251.76
889.14	1273.51
889.31	1260.71
889.49	1261.61
889.67	1256.47
889.84	1265.03
890.02	1256.10
890.19	1262.00
890.37	1257.41
890.55	1259.62
890.72	1262.84
890.90	1262.65
891.08	1257.10
891.25	1264.99
891.43	1261.77
891.60	1259.79
891.78	1260.36
891.96	1266.14
892.13	1261.18
892.31	1266.53
892.48	1263.45
892.66	1271.30
892.84	1259.81
893.01	1267.00
893.19	1255.08
893.36	1264.97
893.54	1262.78
893.72	1268.37
893.89	1261.18
894.07	1267.59
894.24	1256.61
894.42	1276.68
894.60	1269.19
894.77	1264.97
894.95	1254.52
895.12	1262.04
895.30	1254.77
895.48	1261.75
895.65	1257.10
895.83	1262.70
896.00	1259.15
896.18	1260.73
896.35	1260.24
896.53	1264.66
896.71	1259.42
896.88	1263.15
897.06	1257.13
897.23	1258.99
897.41	1259.89
897.58	1263.00
897.76	1256.92
897.93	1261.84
898.11	1256.02
898.29	1266.79
898.46	1257.43
898.64	1267.22
898.81	1258.54
898.99	1270.58
899.16	1258.56
899.34	1262.27
899.51	1256.31
899.69	1265.83
899.86	1259.44
900.04	1267.04
900.21	1257.23
900.39	1265.11
900.57	1256.53
900.74	1260.48
900.92	1258.05
901.09	1261.22
901.27	1253.54
901.44	1257.88
901.62	1254.18
901.79	1265.50
901.97	1250.41
902.14	1263.21
902.32	1256.06
902.49	1265.79
902.67	1252.82
902.84	1269.76
903.02	1255.94
903.19	1262.04
903.37	1256.35
903.54	1266.57
903.72	1256.43
903.89	1262.88
904.07	1255.94
904.24	1267.00
904.42	1255.57
904.59	1266.69
904.77	1257.45
904.94	1265.28
905.12	1263.21
905.29	1262.94
905.47	1255.63
905.64	1262.06
905.82	1260.59
905.99	1258.93
906.16	1259.03
906.34	1263.84
906.51	1263.25
906.69	1266.50
906.86	1252.95
907.04	1258.21
907.21	1254.48
907.39	1259.15
907.56	1250.14
907.74	1256.18
907.91	1252.11
908.09	1262.45
908.26	1260.50
908.43	1263.00
908.61	1252.91
908.78	1258.95
908.96	1254.77
909.13	1259.13
909.31	1255.40
909.48	1259.83
909.65	1258.33
909.83	1269.19
910.00	1255.06
910.18	1267.75
910.35	1259.26
910.53	1265.30
910.70	1254.61
910.87	1263.43
911.05	1257.02
911.22	1264.13
911.40	1257.04
911.57	1261.30
911.75	1260.67
911.92	1261.06
912.09	1257.00
912.27	1269.45
912.44	1248.61
912.62	1260.03
912.79	1252.33
912.96	1264.58
913.14	1256.35
913.31	1265.13
913.49	1256.35
913.66	1265.21
913.83	1262.55
914.01	1262.88
914.18	1254.03
914.36	1263.58
914.53	1250.39
914.70	1261.81
914.88	1264.83
915.05	1266.34
915.22	1256.94
915.40	1256.29
915.57	1259.21
915.75	1262.49
915.92	1261.49
916.09	1269.27
916.27	1250.39
916.44	1264.03
916.61	1250.86
916.79	1264.42
916.96	1254.52
917.13	1258.52
917.31	1260.67
917.48	1269.88
917.66	1259.69
917.83	1254.46
918.00	1250.53
918.18	1263.15
918.35	1262.70
918.52	1267.49
918.70	1257.02
918.87	1262.72
919.04	1253.05
919.22	1264.15
919.39	1256.20
919.56	1259.36
919.74	1258.11
919.91	1267.06
920.08	1255.16
920.26	1263.29
920.43	1251.64
920.60	1261.47
920.78	1257.37
920.95	1265.15
921.12	1256.70
921.29	1261.18
921.47	1256.72
921.64	1255.63
921.81	1258.31
921.99	1259.69
922.16	1256.98
922.33	1268.39
922.51	1257.00
922.68	1255.69
922.85	1260.16
923.03	1269.80
923.20	1249.81
923.37	1259.54
923.54	1261.98
923.72	1266.32
923.89	1253.95
924.06	1261.59
924.24	1254.67
924.41	1259.93
924.58	1256.41
924.75	1260.79
924.93	1262.98
925.10	1264.07
925.27	1257.23
925.44	1264.40
925.62	1254.73
925.79	1263.11
925.96	1258.89
926.14	1259.26
926.31	1257.74
926.48	1260.63
926.65	1254.34
926.83	1261.10
927.00	1255.40
927.17	1259.58
927.34	1255.04
927.52	1256.63
927.69	1258.01
927.86	1260.69
928.03	1259.46
928.21	1265.60
928.38	1257.62
928.55	1263.78
928.72	1251.74
928.89	1261.61
929.07	1255.77
929.24	1261.98
929.41	1253.99
929.58	1257.43
929.76	1257.76
929.93	1268.37
930.10	1248.03
930.27	1266.67
930.44	1256.39
930.62	1261.59
930.79	1256.14
930.96	1261.86
931.13	1253.48
931.31	1264.72
931.48	1257.56
931.65	1262.53
931.82	1254.44
931.99	1258.89
932.17	1256.02
932.34	1267.49
932.51	1260.93
932.68	1262.74
932.85	1257.13
933.03	1266.81
933.20	1266.83
933.37	1262.94
933.54	1253.64
933.71	1268.98
933.88	1260.18
934.06	1259.46
934.23	1250.80
934.40	1268.35
934.57	1253.40
934.74	1267.63
934.91	1259.40
935.09	1261.49
935.26	1260.48
935.43	1263.02
935.60	1253.21
935.77	1257.84
935.94	1256.29
936.12	1262.31
936.29	1251.53
936.46	1267.30
936.63	1258.72
936.80	1261.43
936.97	1258.17
937.14	1258.09
937.32	1254.36
937.49	1263.58
937.66	1255.00
937.83	1264.09
938.00	1255.71
938.17	1255.96
938.34	1260.36
938.52	1258.80
938.69	1245.35
938.86	1260.50
939.03	1257.29
939.20	1258.93
939.37	1255.73
939.54	1258.87
939.71	1255.63
939.89	1257.45
940.06	1259.34
940.23	1255.83
940.40	1259.03
940.57	1272.10
940.74	1263.29
940.91	1264.42
941.08	1249.96
941.25	1258.87
941.43	1253.68
941.60	1261.67
941.77	1254.36
941.94	1269.29
942.11	1253.99
942.28	1264.29
942.45	1252.19
942.62	1260.12
942.79	1253.97
942.96	1260.85
943.13	1256.96
943.30	1267.26
943.48	1255.75
943.65	1260.48
943.82	1260.26
943.99	1266.12
944.16	1261.81
944.33	1256.47
944.50	1254.69
944.67	1264.37
944.84	1258.17
945.01	1254.20
945.18	1257.08
945.35	1253.95
945.52	1261.71
945.69	1260.42
945.86	1264.44
946.03	1268.84
946.21	1260.30
946.38	1259.77
946.55	1259.11
946.72	1268.63
946.89	1263.64
947.06	1262.10
947.23	1260.89
947.40	1253.95
947.57	1249.57
947.74	1256.59
947.91	1260.38
948.08	1267.65
948.25	1256.76
948.42	1255.43
948.59	1254.59
948.76	1250.84
948.93	1256.78
949.10	1253.95
949.27	1255.38
949.44	1264.17
949.61	1253.56
949.78	1263.02
949.95	1261.81
950.12	1265.54
950.29	1248.99
950.46	1262.47
950.63	1253.54
950.80	1264.52
950.97	1248.01
951.14	1264.01
951.31	1255.40
951.48	1267.39
951.65	1258.80
951.82	1262.12
951.99	1252.37
952.16	1256.53
952.33	1255.96
952.50	1256.53
952.67	1257.90
952.84	1263.72
953.01	1248.63
953.18	1261.34
953.35	1257.88
953.52	1262.33
953.69	1255.45
953.86	1259.77
954.03	1253.48
954.20	1259.15
954.37	1265.30
954.54	1264.52
954.70	1260.91
954.87	1262.14
955.04	1256.51
955.21	1261.06
955.38	1260.93
955.55	1262.37
955.72	1264.66
955.89	1255.53
956.06	1257.35
956.23	1255.53
956.40	1261.43
956.57	1271.56
956.74	1254.07
956.91	1256.53
957.08	1261.67
957.25	1265.85
957.41	1251.90
957.58	1255.20
957.75	1257.86
957.92	1259.13
958.09	1252.39
958.26	1264.31
958.43	1256.88
958.60	1264.50
958.77	1256.98
958.94	1263.58
959.11	1254.18
959.27	1264.01
959.44	1261.79
959.61	1262.51
959.78	1258.62
959.95	1261.12
960.12	1251.17
960.29	1265.09
960.46	1256.65
960.63	1267.94
960.80	1248.99
960.96	1261.34
961.13	1254.01
961.30	1258.35
961.47	1257.60
961.64	1265.75
961.81	1255.18
961.98	1254.20
962.15	1251.84
962.31	1266.71
962.48	1264.33
962.65	1259.44
962.82	1256.08
962.99	1269.47
963.16	1253.42
963.33	1265.81
963.49	1254.65
963.66	1261.49
963.83	1256.04
964.00	1267.63
964.17	1256.86
964.34	1268.82
964.51	1259.62
964.67	1261.79
964.84	1256.00
965.01	1281.56
965.18	1260.59
965.35	1260.73
965.52	1250.20
965.68	1260.57
965.85	1258.42
966.02	1263.74
966.19	1258.35
966.36	1267.47
966.52	1251.60
966.69	1256.24
966.86	1253.46
967.03	1263.45
967.20	1254.85
967.37	1263.54
967.53	1254.95
967.70	1261.53
967.87	1257.39
968.04	1263.39
968.21	1252.91
968.37	1265.97
968.54	1254.32
968.71	1264.29
968.88	1258.68
969.05	1258.39
969.21	1255.04
969.38	1257.53
969.55	1252.84
969.72	1259.95
969.89	1256.41
970.05	1261.20
970.22	1259.26
970.39	1257.64
970.56	1260.16
970.72	1264.95
970.89	1258.74
971.06	1271.28
971.23	1255.49
971.39	1260.48
971.56	1257.94
971.73	1267.55
971.90	1259.60
972.07	1257.51
972.23	1264.58
972.40	1262.90
972.57	1253.54
972.74	1261.81
972.90	1259.62
973.07	1262.78
973.24	1255.73
973.40	1263.29
973.57	1256.12
973.74	1255.92
973.91	1257.41
974.07	1269.23
974.24	1259.66
974.41	1262.08
974.58	1254.36
974.74	1269.39
974.91	1259.11
975.08	1257.25
975.25	1259.69
975.41	1257.58
975.58	1246.64
975.75	1263.00
975.91	1256.26
976.08	1255.06
976.25	1261.26
976.42	1262.18
976.58	1256.55
976.75	1269.35
976.92	1255.96
977.08	1255.53
977.25	1249.98
977.42	1265.13
977.58	1258.35
977.75	1256.86
977.92	1257.96
978.08	1269.02
978.25	1262.90
978.42	1258.64
978.59	1255.02
978.75	1261.51
978.92	1256.98
979.09	1259.56
979.25	1251.66
979.42	1254.24
979.59	1253.25
979.75	1255.67
979.92	1256.06
980.09	1268.04
980.25	1257.60
980.42	1260.65
980.59	1254.93
980.75	1260.28
980.92	1259.54
981.09	1253.89
981.25	1257.51
981.42	1258.25
981.59	1258.93
981.75	1257.10
981.92	1255.38
982.08	1262.55
982.25	1254.07
982.42	1258.01
982.58	1255.71
982.75	1267.45
982.92	1253.30
983.08	1263.66
983.25	1255.16
983.42	1262.65
983.58	1250.57
983.75	1263.68
983.91	1258.42
984.08	1265.81
984.25	1255.43
984.41	1262.84
984.58	1255.53
984.74	1260.18
984.91	1255.18
985.08	1266.16
985.24	1256.08
985.41	1267.67
985.57	1256.90
985.74	1260.07
985.91	1255.36
986.07	1262.43
986.24	1253.25
986.40	1262.55
986.57	1253.38
986.74	1266.53
986.90	1258.42
987.07	1260.28
987.23	1250.63
987.40	1262.90
987.57	1259.13
987.73	1261.28
987.90	1251.45
988.06	1264.11
988.23	1257.53
988.39	1264.50
988.56	1251.47
988.73	1266.40
988.89	1249.88
989.06	1268.25
989.22	1260.77
989.39	1262.43
989.55	1262.68
989.72	1262.98
989.88	1252.50
990.05	1267.53
990.22	1252.05
990.38	1259.89
990.55	1252.95
990.71	1261.98
990.88	1261.77
991.04	1251.76
991.21	1252.93
991.37	1259.17
991.54	1251.23
991.70	1262.94
991.87	1248.65
992.03	1262.65
992.20	1258.80
992.36	1265.81
992.53	1259.28
992.69	1257.76
992.86	1250.92
993.03	1259.99
993.19	1257.60
993.36	1266.07
993.52	1255.53
993.69	1262.06
993.85	1255.26
994.02	1259.13
994.18	1256.53
994.35	1256.67
994.51	1255.81
994.68	1256.72
994.84	1256.37
995.01	1264.64
995.17	1260.85
995.34	1258.82
995.50	1247.91
995.66	1266.38
995.83	1251.82
995.99	1258.11
996.16	1255.92
996.32	1260.73
996.49	1255.32
996.65	1259.05
996.82	1260.50
996.98	1264.85
997.15	1256.61
997.31	1263.45
997.48	1254.38
997.64	1259.58
997.81	1263.92
997.97	1254.87
998.13	1251.47
998.30	1264.87
998.46	1250.69
998.63	1261.92
998.79	1257.27
998.96	1263.70
999.12	1250.35
999.29	1261.57
999.45	1255.88
999.61	1262.39
999.78	1251.86
999.94	1257.99
1000.11	1256.53
1000.27	1272.12
1000.44	1259.85
1000.60	1263.21
1000.76	1252.46
1000.93	1263.33
1001.09	1262.61
1001.26	1260.83
1001.42	1253.64
1001.59	1264.85
1001.75	1259.19
1001.91	1259.97
1002.08	1253.19
1002.24	1261.88
1002.41	1259.46
1002.57	1267.28
1002.73	1260.09
1002.90	1261.79
1003.06	1256.14
1003.23	1267.77
1003.39	1262.53
1003.55	1266.32
1003.72	1255.43
1003.88	1263.90
1004.04	1250.67
1004.21	1261.69
1004.37	1260.75
1004.54	1260.71
1004.70	1255.24
1004.86	1263.56
1005.03	1255.55
1005.19	1261.08
1005.35	1255.47
1005.52	1255.67
1005.68	1253.75
1005.85	1260.95
1006.01	1248.65
1006.17	1266.32
1006.34	1255.63
1006.50	1257.72
1006.66	1249.63
1006.83	1260.67
1006.99	1255.36
1007.15	1262.51
1007.32	1261.55
1007.48	1260.59
1007.64	1254.32
1007.81	1264.25
1007.97	1251.96
1008.13	1263.04
1008.30	1246.48
1008.46	1255.63
1008.62	1255.69
1008.79	1258.68
1008.95	1260.69
1009.11	1263.37
1009.28	1254.09
1009.44	1256.16
1009.60	1259.34
1009.77	1261.34
1009.93	1260.07
1010.09	1263.51
1010.25	1253.97
1010.42	1261.53
1010.58	1257.39
1010.74	1263.90
1010.91	1258.87
1011.07	1260.05
1011.23	1252.56
1011.40	1266.32
1011.56	1259.79
1011.72	1260.01
1011.88	1257.86
1012.05	1260.91
1012.21	1256.24
1012.37	1255.86
1012.54	1259.62
1012.70	1262.27
1012.86	1258.82
1013.02	1263.04
1013.19	1254.09
1013.35	1263.45
1013.51	1259.11
1013.67	1262.55
1013.84	1257.86
1014.00	1262.80
1014.16	1257.19
1014.33	1265.36
1014.49	1253.68
1014.65	1256.70
1014.81	1249.47
1014.98	1257.35
1015.14	1257.37
1015.30	1263.35
1015.46	1256.78
1015.62	1264.70
1015.79	1260.79
1015.95	1255.86
1016.11	1256.45
1016.27	1262.20
1016.44	1255.94
1016.60	1259.83
1016.76	1257.99
1016.92	1264.78
1017.09	1254.93
1017.25	1259.85
1017.41	1252.11
1017.57	1259.60
1017.73	1258.13
1017.90	1259.54
1018.06	1253.07
1018.22	1260.07
1018.38	1253.60
1018.54	1259.56
1018.71	1253.83
1018.87	1263.86
1019.03	1259.46
1019.19	1266.73
1019.35	1256.16
1019.52	1262.22
1019.68	1251.72
1019.84	1261.81
1020.00	1254.65
1020.16	1264.25
1020.33	1264.78
1020.49	1252.84
1020.65	1255.67
1020.81	1264.66
1020.97	1256.49
1021.13	1268.55
1021.30	1260.09
1021.46	1261.79
1021.62	1254.65
1021.78	1263.25
1021.94	1253.03
1022.10	1263.39
1022.27	1258.13
1022.43	1262.76
1022.59	1254.40
1022.75	1268.68
1022.91	1260.44
1023.07	1265.79
1023.24	1256.82
1023.40	1258.78
1023.56	1262.82
1023.72	1260.79
1023.88	1261.57
1024.04	1264.58
1024.20	1256.94
1024.36	1266.24
1024.53	1251.74
1024.69	1263.41
1024.85	1259.71
1025.01	1257.72
1025.17	1258.52
1025.33	1263.97
1025.49	1257.35
1025.65	1259.50
1025.82	1256.26
1025.98	1260.09
1026.14	1254.91
1026.30	1262.59
1026.46	1256.00
1026.62	1258.35
1026.78	1253.34
1026.94	1265.99
1027.10	1253.42
1027.26	1261.26
1027.43	1257.33
1027.59	1265.73
1027.75	1248.03
1027.91	1266.50
1028.07	1254.57
1028.23	1270.17
1028.39	1253.42
1028.55	1260.87
1028.71	1259.23
1028.87	1268.25
1029.03	1258.93
1029.19	1262.06
1029.36	1256.88
1029.52	1264.13
1029.68	1248.61
1029.84	1261.86
1030.00	1244.94
1030.16	1266.93
1030.32	1259.75
1030.48	1260.77
1030.64	1258.68
1030.80	1263.37
1030.96	1254.81
1031.12	1258.70
1031.28	1259.46
1031.44	1262.94
1031.60	1259.62
1031.76	1261.14
1031.92	1253.89
1032.08	1282.03
1032.24	1264.54
1032.40	1265.34
1032.56	1253.42
1032.73	1268.59
1032.89	1250.55
1033.05	1256.84
1033.21	1262.70
1033.37	1264.76
1033.53	1253.73
1033.69	1258.78
1033.85	1247.91
1034.01	1258.97
1034.17	1252.99
1034.33	1264.52
1034.49	1258.15
1034.65	1266.42
1034.81	1257.45
1034.97	1261.08
1035.13	1259.71
1035.29	1261.41
1035.45	1256.53
1035.61	1262.65
1035.77	1257.72
1035.93	1264.13
1036.09	1250.59
1036.25	1262.39
1036.41	1261.22
1036.57	1261.67
1036.73	1254.85
1036.88	1263.33
1037.04	1260.91
