345.52	1245.80
345.73	1245.80
345.94	1245.80
346.16	1245.23
346.37	1252.09
346.58	1252.74
346.79	1256.02
347.00	1251.53
347.22	1261.51
347.43	1246.84
347.64	1254.83
347.85	1252.39
348.06	1257.60
348.28	1249.34
348.49	1263.41
348.70	1242.67
348.91	1261.65
349.12	1258.29
349.34	1262.18
349.55	1256.39
349.76	1262.06
349.97	1256.31
350.18	1256.74
350.40	1253.48
350.61	1262.47
350.82	1250.76
351.03	1261.65
351.24	1256.78
351.46	1256.22
351.67	1254.18
351.88	1255.79
352.09	1251.15
352.30	1255.61
352.51	1250.16
352.73	1262.86
352.94	1250.76
353.15	1258.31
353.36	1256.29
353.57	1259.79
353.79	1253.03
354.00	1255.65
354.21	1251.88
354.42	1264.56
354.63	1257.06
354.84	1257.70
355.06	1254.77
355.27	1250.86
355.48	1252.99
355.69	1259.73
355.90	1256.02
356.11	1261.26
356.33	1255.16
356.54	1261.16
356.75	1254.54
356.96	1263.47
357.17	1258.25
357.38	1263.58
357.60	1260.73
357.81	1265.03
358.02	1253.11
358.23	1260.30
358.44	1249.40
358.65	1259.87
358.87	1256.29
359.08	1255.40
359.29	1250.12
359.50	1258.87
359.71	1252.31
359.92	1255.88
360.13	1256.06
360.35	1262.22
360.56	1258.70
360.77	1262.41
360.98	1248.91
361.19	1260.52
361.40	1259.62
361.62	1267.88
361.83	1256.04
362.04	1258.54
362.25	1254.73
362.46	1263.29
362.67	1256.67
362.88	1266.32
363.10	1262.65
363.31	1258.29
363.52	1255.81
363.73	1260.81
363.94	1252.72
364.15	1258.93
364.36	1256.80
364.57	1261.47
364.79	1256.04
365.00	1255.53
365.21	1258.01
365.42	1258.87
365.63	1254.28
365.84	1259.09
366.05	1252.05
366.27	1262.59
366.48	1252.41
366.69	1258.74
366.90	1252.17
367.11	1264.15
367.32	1256.98
367.53	1263.23
367.74	1250.51
367.95	1259.30
368.17	1259.05
368.38	1265.85
368.59	1255.86
368.80	1263.49
369.01	1254.30
369.22	1264.78
369.43	1254.34
369.64	1260.61
369.86	1253.03
370.07	1259.34
370.28	1256.26
370.49	1263.94
370.70	1254.85
370.91	1254.09
371.12	1247.83
371.33	1259.23
371.54	1255.65
371.76	1263.19
371.97	1261.38
372.18	1252.93
372.39	1258.07
372.60	1268.53
372.81	1254.22
373.02	1256.74
373.23	1254.18
373.44	1258.13
373.65	1256.16
373.87	1257.23
374.08	1253.42
374.29	1259.21
374.50	1253.54
374.71	1257.76
374.92	1258.56
375.13	1257.17
375.34	1260.83
375.55	1261.81
375.76	1260.09
375.97	1260.95
376.19	1255.26
376.40	1258.01
376.61	1252.15
376.82	1259.83
377.03	1260.69
377.24	1260.57
377.45	1258.82
377.66	1256.33
377.87	1251.58
378.08	1268.41
378.29	1258.33
378.50	1267.41
378.71	1255.36
378.93	1261.73
379.14	1259.71
379.35	1269.23
379.56	1253.85
379.77	1267.02
379.98	1259.01
380.19	1265.50
380.40	1262.84
380.61	1258.17
380.82	1253.68
381.03	1270.01
381.24	1256.80
381.45	1266.81
381.66	1252.27
381.88	1264.97
382.09	1261.65
382.30	1265.62
382.51	1258.29
382.72	1264.52
382.93	1256.26
383.14	1264.68
383.35	1253.40
383.56	1254.73
383.77	1269.27
383.98	1261.73
384.19	1253.34
384.40	1255.36
384.61	1248.44
384.82	1262.16
385.03	1256.94
385.24	1263.94
385.45	1260.28
385.67	1258.91
385.88	1259.56
386.09	1269.64
386.30	1258.15
386.51	1264.83
386.72	1261.69
386.93	1258.82
387.14	1255.83
387.35	1268.39
387.56	1254.91
387.77	1259.15
387.98	1253.05
388.19	1263.31
388.40	1257.47
388.61	1266.07
388.82	1252.23
389.03	1261.08
389.24	1253.95
389.45	1262.27
389.66	1258.54
389.87	1261.14
390.08	1259.69
390.29	1262.00
390.50	1253.38
390.71	1265.11
390.92	1254.07
391.13	1261.47
391.34	1258.07
391.55	1258.56
391.76	1261.98
391.98	1257.45
392.19	1254.83
392.40	1265.17
392.61	1256.61
392.82	1270.56
393.03	1258.13
393.24	1265.50
393.45	1256.35
393.66	1259.77
393.87	1259.38
394.08	1257.04
394.29	1258.21
394.50	1261.59
394.71	1252.91
394.92	1268.08
395.13	1249.30
395.34	1261.41
395.55	1258.05
395.76	1261.65
395.97	1259.75
396.18	1263.02
396.39	1262.08
396.60	1268.90
396.81	1257.99
397.02	1263.76
397.23	1253.54
397.44	1265.15
397.65	1258.31
397.86	1264.85
398.07	1254.24
398.28	1262.51
398.49	1254.50
398.70	1260.40
398.91	1263.33
399.12	1263.49
399.33	1259.13
399.54	1266.67
399.75	1254.46
399.96	1265.21
400.17	1256.02
400.38	1263.29
400.59	1253.13
400.80	1261.92
401.01	1257.53
401.22	1256.51
401.42	1256.20
401.63	1259.38
401.84	1251.29
402.05	1263.47
402.26	1259.13
402.47	1262.27
402.68	1260.28
402.89	1263.49
403.10	1256.20
403.31	1270.83
403.52	1266.01
403.73	1266.26
403.94	1255.57
404.15	1265.81
404.36	1252.17
404.57	1268.53
404.78	1254.20
404.99	1262.43
405.20	1251.41
405.41	1268.35
405.62	1261.43
405.83	1265.95
406.04	1260.07
406.25	1264.07
406.46	1253.46
406.67	1267.55
406.88	1257.80
407.09	1263.64
407.30	1259.87
407.50	1267.06
407.71	1257.06
407.92	1269.76
408.13	1259.58
408.34	1269.72
408.55	1263.70
408.76	1265.83
408.97	1264.40
409.18	1267.26
409.39	1267.69
409.60	1271.79
409.81	1264.03
410.02	1261.57
410.23	1266.63
410.44	1265.91
410.65	1260.22
410.86	1270.54
411.07	1264.72
411.27	1271.91
411.48	1269.23
411.69	1269.72
411.90	1265.07
412.11	1271.67
412.32	1260.42
412.53	1277.48
412.74	1265.95
412.95	1276.01
413.16	1270.09
413.37	1279.02
413.58	1269.68
413.79	1274.12
414.00	1266.93
414.20	1272.53
414.41	1267.77
414.62	1267.43
414.83	1268.33
415.04	1285.08
415.25	1274.68
415.46	1280.86
415.67	1271.69
415.88	1284.30
416.09	1261.96
416.30	1276.21
416.51	1272.20
416.71	1278.46
416.92	1267.12
417.13	1282.03
417.34	1267.63
417.55	1276.81
417.76	1270.60
417.97	1282.32
418.18	1265.50
418.39	1281.11
418.60	1269.92
418.81	1273.18
419.01	1268.51
419.22	1282.11
419.43	1273.35
419.64	1272.05
419.85	1267.88
420.06	1270.23
420.27	1266.28
420.48	1273.53
420.69	1259.44
420.90	1257.86
421.10	1255.55
421.31	1265.58
421.52	1256.98
421.73	1263.43
421.94	1259.09
422.15	1261.84
422.36	1254.05
422.57	1266.93
422.78	1253.79
422.98	1267.90
423.19	1261.18
423.40	1271.99
423.61	1259.01
423.82	1262.55
424.03	1257.60
424.24	1259.97
424.45	1248.40
424.65	1264.19
424.86	1255.67
425.07	1263.58
425.28	1258.01
425.49	1260.26
425.70	1260.59
425.91	1268.61
426.12	1261.73
426.32	1255.92
426.53	1257.58
426.74	1266.81
426.95	1257.68
427.16	1267.67
427.37	1258.95
427.58	1264.95
427.78	1258.93
427.99	1265.77
428.20	1257.00
428.41	1263.80
428.62	1258.23
428.83	1265.21
429.04	1253.62
429.24	1265.99
429.45	1257.94
429.66	1260.91
429.87	1250.53
430.08	1256.61
430.29	1261.18
430.50	1262.45
430.70	1263.58
430.91	1262.37
431.12	1253.71
431.33	1264.91
431.54	1263.31
431.75	1254.46
431.96	1258.03
432.16	1266.36
432.37	1253.38
432.58	1260.24
432.79	1255.83
433.00	1260.61
433.21	1254.79
433.41	1255.61
433.62	1253.75
433.83	1260.75
434.04	1260.32
434.25	1263.94
434.46	1259.40
434.66	1261.71
434.87	1258.91
435.08	1264.46
435.29	1253.50
435.50	1260.67
435.71	1257.45
435.91	1256.57
436.12	1256.84
436.33	1259.15
436.54	1257.06
436.75	1265.97
436.95	1256.49
437.16	1254.63
437.37	1252.09
437.58	1266.63
437.79	1256.43
438.00	1259.28
438.20	1255.88
438.41	1267.24
438.62	1261.26
438.83	1259.28
439.04	1255.96
439.24	1265.85
439.45	1255.96
439.66	1265.89
439.87	1255.83
440.08	1270.56
440.28	1260.28
440.49	1261.34
440.70	1256.92
440.91	1262.12
441.12	1262.41
441.32	1268.35
441.53	1261.30
441.74	1258.95
441.95	1259.11
442.16	1267.06
442.36	1252.17
442.57	1264.95
442.78	1257.15
442.99	1265.50
443.20	1261.04
443.40	1272.83
443.61	1258.72
443.82	1264.23
444.03	1256.37
444.24	1259.85
444.44	1254.26
444.65	1268.02
444.86	1248.75
445.07	1265.24
445.27	1258.03
445.48	1266.96
445.69	1252.64
445.90	1258.76
446.11	1253.48
446.31	1263.64
446.52	1257.45
446.73	1262.55
446.94	1255.49
447.14	1253.52
447.35	1263.74
447.56	1259.03
447.77	1262.70
447.97	1261.26
448.18	1258.91
448.39	1258.62
448.60	1257.86
448.81	1258.87
449.01	1256.10
449.22	1258.48
449.43	1253.23
449.64	1262.94
449.84	1256.16
450.05	1274.04
450.26	1257.99
450.47	1263.04
450.67	1260.40
450.88	1261.32
451.09	1254.93
451.30	1264.07
451.50	1255.73
451.71	1264.07
451.92	1250.39
452.13	1264.68
452.33	1257.56
452.54	1258.35
452.75	1254.42
452.96	1268.55
453.16	1257.47
453.37	1266.26
453.58	1256.90
453.79	1262.10
453.99	1264.52
454.20	1255.75
454.41	1263.76
454.61	1264.05
454.82	1256.06
455.03	1262.12
455.24	1253.85
455.44	1263.08
455.65	1253.44
455.86	1267.88
456.07	1245.74
456.27	1266.75
456.48	1257.10
456.69	1264.05
456.90	1257.41
457.10	1270.25
457.31	1250.43
457.52	1264.46
457.72	1247.60
457.93	1269.52
458.14	1260.12
458.35	1259.79
458.55	1259.38
458.76	1255.18
458.97	1253.07
459.17	1265.05
459.38	1258.37
459.59	1268.55
459.80	1258.21
460.00	1266.53
460.21	1254.42
460.42	1263.97
460.62	1257.92
460.83	1260.63
461.04	1259.95
461.25	1265.83
461.45	1255.61
461.66	1263.72
461.87	1255.24
462.07	1267.53
462.28	1251.17
462.49	1261.65
462.69	1251.37
462.90	1268.94
463.11	1257.56
463.31	1268.41
463.52	1256.70
463.73	1263.08
463.94	1260.05
464.14	1259.58
464.35	1261.20
464.56	1264.42
464.76	1264.99
464.97	1260.79
465.18	1255.00
465.38	1256.55
465.59	1258.99
465.80	1264.68
466.00	1253.54
466.21	1263.08
466.42	1256.10
466.62	1260.52
466.83	1257.06
467.04	1264.27
467.24	1255.43
467.45	1261.49
467.66	1253.11
467.86	1262.18
468.07	1257.35
468.28	1262.82
468.48	1252.76
468.69	1266.16
468.90	1256.24
469.10	1259.11
469.31	1260.52
469.52	1264.03
469.72	1262.47
469.93	1262.57
470.14	1255.34
470.34	1257.37
470.55	1259.11
470.76	1264.48
470.96	1254.32
471.17	1270.11
471.38	1252.80
471.58	1264.52
471.79	1264.72
472.00	1262.12
472.20	1252.58
472.41	1258.74
472.62	1255.08
472.82	1266.20
473.03	1255.43
473.24	1260.63
473.44	1260.71
473.65	1267.88
473.85	1259.77
474.06	1261.36
474.27	1257.10
474.47	1260.28
474.68	1257.58
474.89	1264.99
475.09	1257.43
475.30	1264.35
475.51	1258.09
475.71	1266.91
475.92	1255.28
476.12	1268.37
476.33	1257.80
476.54	1262.27
476.74	1261.79
476.95	1270.72
477.16	1263.15
477.36	1263.17
477.57	1258.42
477.77	1254.95
477.98	1257.68
478.19	1250.24
478.39	1252.46
478.60	1260.44
478.81	1253.07
479.01	1263.11
479.22	1266.24
479.42	1258.56
479.63	1258.13
479.84	1262.82
480.04	1257.47
480.25	1264.35
480.45	1263.25
480.66	1260.98
480.87	1259.69
481.07	1268.96
481.28	1253.60
481.48	1260.81
481.69	1264.09
481.90	1263.39
482.10	1253.38
482.31	1265.38
482.51	1258.23
482.72	1262.45
482.93	1253.50
483.13	1266.89
483.34	1255.26
483.54	1266.10
483.75	1259.15
483.96	1261.81
484.16	1264.81
484.37	1256.84
484.57	1260.18
484.78	1264.31
484.99	1256.84
485.19	1259.85
485.40	1252.25
485.60	1260.46
485.81	1255.79
486.01	1256.29
486.22	1267.34
486.43	1265.79
486.63	1254.63
486.84	1258.91
487.04	1253.83
487.25	1258.93
487.46	1259.30
487.66	1262.29
487.87	1263.58
488.07	1264.27
488.28	1260.34
488.48	1264.66
488.69	1261.32
488.89	1264.17
489.10	1253.48
489.31	1264.15
489.51	1256.57
489.72	1258.46
489.92	1261.84
490.13	1262.39
490.33	1255.59
490.54	1255.96
490.75	1258.72
490.95	1253.81
491.16	1264.50
491.36	1264.83
491.57	1255.22
491.77	1265.46
491.98	1262.84
492.18	1263.70
492.39	1256.70
492.59	1262.31
492.80	1254.67
493.01	1261.77
493.21	1254.32
493.42	1258.48
493.62	1263.58
493.83	1259.71
494.03	1256.12
494.24	1260.98
494.44	1264.17
494.65	1262.90
494.85	1262.31
495.06	1263.27
495.26	1259.17
495.47	1262.80
495.68	1254.16
495.88	1258.29
496.09	1264.25
496.29	1261.61
496.50	1259.56
496.70	1258.05
496.91	1257.21
497.11	1262.78
497.32	1259.42
497.52	1262.10
497.73	1261.67
497.93	1265.81
498.14	1255.36
498.34	1258.74
498.55	1256.43
498.75	1263.19
498.96	1267.86
499.16	1267.94
499.37	1256.59
499.57	1261.73
499.78	1261.67
499.98	1262.80
500.19	1265.52
500.39	1258.72
500.60	1256.16
500.80	1257.62
501.01	1250.57
501.21	1262.16
501.42	1258.21
501.62	1261.94
501.83	1254.38
502.03	1265.73
502.24	1266.50
502.44	1267.30
502.65	1259.30
502.85	1264.13
503.06	1249.65
503.26	1270.56
503.47	1254.24
503.67	1260.87
503.88	1257.82
504.08	1262.51
504.29	1261.92
504.49	1263.25
504.70	1253.48
504.90	1262.49
505.11	1259.13
505.31	1264.37
505.52	1254.83
505.72	1263.19
505.93	1261.24
506.13	1263.94
506.34	1265.56
506.54	1264.48
506.75	1255.08
506.95	1263.47
507.16	1260.03
507.36	1261.94
507.56	1257.84
507.77	1261.61
507.97	1259.23
508.18	1256.29
508.38	1257.96
508.59	1269.31
508.79	1257.13
509.00	1269.68
509.20	1257.56
509.41	1257.96
509.61	1260.79
509.82	1261.57
510.02	1260.73
510.22	1263.64
510.43	1260.65
510.63	1266.32
510.84	1262.57
511.04	1260.22
511.25	1256.47
511.45	1271.40
511.66	1257.04
511.86	1265.11
512.06	1261.45
512.27	1263.47
512.47	1256.08
512.68	1263.00
512.88	1263.90
513.09	1264.40
513.29	1260.26
513.50	1260.30
513.70	1255.51
513.90	1258.54
514.11	1255.49
514.31	1264.05
514.52	1257.70
514.72	1264.03
514.93	1255.90
515.13	1264.21
515.33	1259.34
515.54	1266.48
515.74	1251.21
515.95	1265.13
516.15	1258.13
516.36	1266.63
516.56	1261.86
516.76	1260.42
516.97	1255.47
517.17	1263.04
517.38	1259.21
517.58	1259.23
517.78	1258.35
517.99	1265.73
518.19	1256.35
518.40	1263.13
518.60	1250.90
518.81	1261.41
519.01	1253.52
519.21	1261.53
519.42	1247.56
519.62	1262.57
519.83	1254.24
520.03	1268.33
520.23	1267.20
520.44	1258.19
520.64	1256.51
520.85	1258.62
521.05	1264.50
521.25	1263.13
521.46	1252.29
521.66	1264.66
521.86	1251.10
522.07	1273.96
522.27	1257.29
522.48	1260.63
522.68	1257.58
522.88	1262.59
523.09	1260.44
523.29	1267.14
523.50	1264.48
523.70	1262.98
523.90	1249.16
524.11	1259.17
524.31	1248.83
524.51	1267.82
524.72	1264.27
524.92	1262.55
525.13	1256.06
525.33	1266.44
525.53	1257.08
525.74	1264.74
525.94	1259.54
526.14	1265.54
526.35	1257.06
526.55	1259.93
526.76	1257.70
526.96	1264.89
527.16	1246.58
527.37	1263.82
527.57	1256.47
527.77	1273.98
527.98	1259.38
528.18	1264.95
528.38	1256.72
528.59	1259.89
528.79	1260.09
528.99	1261.12
529.20	1257.86
529.40	1261.14
529.61	1257.13
529.81	1261.77
530.01	1260.32
530.22	1255.51
530.42	1257.04
530.62	1260.26
530.83	1256.35
531.03	1263.33
531.23	1259.07
531.44	1262.06
531.64	1254.30
531.84	1265.01
532.05	1257.27
532.25	1259.42
532.45	1255.57
532.66	1276.29
532.86	1253.50
533.06	1260.32
533.27	1258.72
533.47	1263.25
533.67	1256.84
533.88	1266.44
534.08	1257.92
534.28	1268.12
534.49	1255.71
534.69	1257.39
534.89	1254.54
535.09	1264.07
535.30	1250.59
535.50	1266.05
535.70	1257.37
535.91	1267.39
536.11	1258.68
536.31	1263.90
536.52	1263.56
536.72	1264.37
536.92	1256.31
537.13	1269.66
537.33	1254.07
537.53	1262.63
537.74	1252.58
537.94	1259.42
538.14	1260.07
538.34	1269.37
538.55	1255.24
538.75	1278.18
538.95	1258.80
539.16	1263.72
539.36	1256.49
539.56	1262.35
539.77	1260.77
539.97	1264.58
540.17	1250.96
540.37	1260.89
540.58	1258.05
540.78	1267.30
540.98	1254.38
541.19	1263.76
541.39	1265.85
541.59	1267.04
541.79	1258.19
542.00	1266.16
542.20	1259.66
542.40	1266.98
542.60	1256.43
542.81	1260.48
543.01	1260.42
543.21	1264.42
543.42	1255.55
543.62	1265.13
543.82	1253.17
544.02	1265.60
544.23	1259.09
544.43	1257.99
544.63	1255.71
544.83	1267.77
545.04	1262.39
545.24	1262.31
545.44	1252.76
545.64	1259.36
545.85	1258.50
546.05	1267.08
546.25	1260.87
546.45	1262.16
546.66	1261.14
546.86	1261.98
547.06	1254.81
547.27	1265.34
547.47	1254.75
547.67	1267.02
547.87	1265.56
548.07	1260.65
548.28	1259.07
548.48	1262.96
548.68	1263.54
548.88	1265.95
549.09	1258.09
549.29	1254.91
549.49	1255.63
549.69	1260.22
549.90	1259.40
550.10	1272.77
550.30	1260.48
550.50	1261.47
550.71	1259.36
550.91	1269.35
551.11	1254.22
551.31	1269.31
551.51	1261.84
551.72	1270.31
551.92	1253.83
552.12	1261.30
552.32	1257.96
552.53	1267.90
552.73	1262.82
552.93	1256.94
553.13	1263.78
553.33	1270.68
553.54	1254.93
553.74	1267.06
553.94	1268.76
554.14	1266.22
554.35	1259.28
554.55	1276.29
554.75	1256.04
554.95	1263.72
555.15	1257.19
555.36	1272.42
555.56	1263.56
555.76	1264.33
555.96	1258.62
556.16	1267.18
556.37	1261.84
556.57	1268.18
556.77	1266.69
556.97	1265.24
557.17	1260.18
557.38	1268.31
557.58	1265.07
557.78	1262.68
557.98	1257.56
558.18	1266.03
558.38	1255.71
558.59	1265.07
558.79	1258.95
558.99	1272.44
559.19	1263.84
559.39	1267.10
559.60	1261.34
559.80	1268.49
560.00	1264.09
560.20	1265.73
560.40	1256.92
560.60	1264.52
560.81	1259.81
561.01	1267.45
561.21	1261.73
561.41	1266.24
561.61	1255.96
561.81	1268.57
562.02	1260.73
562.22	1267.06
562.42	1260.48
562.62	1265.64
562.82	1258.76
563.02	1257.78
563.23	1264.17
563.43	1262.04
563.63	1260.07
563.83	1265.60
564.03	1261.98
564.23	1264.40
564.43	1255.94
564.64	1265.28
564.84	1253.58
565.04	1264.48
565.24	1260.22
565.44	1263.39
565.64	1263.06
565.85	1265.83
566.05	1248.44
566.25	1257.94
566.45	1255.18
566.65	1264.99
566.85	1261.30
567.05	1260.73
567.25	1264.62
567.46	1263.19
567.66	1254.77
567.86	1264.23
568.06	1262.16
568.26	1264.72
568.46	1259.32
568.66	1266.12
568.86	1259.48
569.07	1267.22
569.27	1255.83
569.47	1261.59
569.67	1256.31
569.87	1267.88
570.07	1257.86
570.27	1267.10
570.47	1263.82
570.68	1269.02
570.88	1260.03
571.08	1263.80
571.28	1255.88
571.48	1263.11
571.68	1262.18
571.88	1268.94
572.08	1265.46
572.28	1264.72
572.49	1260.69
572.69	1259.42
572.89	1255.63
573.09	1267.02
573.29	1256.45
573.49	1266.96
573.69	1264.68
573.89	1262.63
574.09	1260.83
574.29	1266.87
574.50	1254.69
574.70	1263.68
574.90	1261.61
575.10	1263.90
575.30	1256.51
575.50	1262.22
575.70	1259.34
575.90	1264.44
576.10	1263.39
576.30	1266.53
576.50	1256.12
576.70	1265.19
576.91	1259.95
577.11	1263.49
577.31	1259.46
577.51	1262.31
577.71	1257.70
577.91	1261.36
578.11	1262.22
578.31	1265.28
578.51	1258.05
578.71	1261.88
578.91	1255.59
579.11	1269.29
579.31	1259.75
579.51	1262.16
579.71	1258.64
579.92	1257.45
580.12	1260.30
580.32	1267.82
580.52	1258.39
580.72	1259.97
580.92	1250.33
581.12	1262.47
581.32	1262.57
581.52	1264.13
581.72	1253.42
581.92	1263.08
582.12	1255.06
582.32	1267.71
582.52	1262.57
582.72	1263.31
582.92	1262.68
583.12	1271.97
583.32	1261.04
583.52	1260.03
583.72	1261.67
583.92	1264.54
584.12	1255.34
584.33	1265.71
584.53	1259.58
584.73	1268.37
584.93	1253.19
585.13	1266.81
585.33	1255.36
585.53	1256.24
585.73	1264.13
585.93	1270.09
586.13	1261.12
586.33	1259.64
586.53	1259.40
586.73	1268.14
586.93	1253.95
587.13	1270.64
587.33	1256.59
587.53	1269.78
587.73	1250.65
587.93	1261.47
588.13	1257.68
588.33	1261.94
588.53	1259.64
588.73	1264.33
588.93	1256.12
589.13	1261.94
589.33	1255.18
589.53	1265.52
589.73	1258.52
589.93	1264.87
590.13	1259.91
590.33	1264.70
590.53	1258.01
590.73	1271.71
590.93	1255.47
591.13	1267.43
591.33	1262.80
591.53	1264.72
591.73	1263.08
591.93	1260.69
592.13	1261.77
592.33	1261.16
592.53	1256.76
592.73	1264.70
592.93	1258.89
593.13	1268.35
593.33	1264.01
593.53	1273.10
593.73	1263.23
593.93	1266.89
594.13	1264.44
594.33	1265.79
594.53	1257.10
594.73	1262.04
594.92	1254.81
595.12	1262.10
595.32	1265.17
595.52	1260.34
595.72	1261.28
595.92	1265.54
596.12	1256.96
596.32	1263.51
596.52	1255.92
596.72	1263.86
596.92	1253.56
597.12	1271.30
597.32	1260.42
597.52	1264.21
597.72	1258.54
597.92	1266.28
598.12	1260.01
598.32	1265.46
598.52	1259.69
598.72	1258.80
598.92	1260.93
599.12	1259.13
599.31	1258.25
599.51	1268.90
599.71	1263.31
599.91	1265.79
600.11	1268.37
600.31	1258.29
600.51	1263.62
600.71	1265.11
600.91	1257.84
601.11	1263.33
601.31	1263.06
601.51	1266.83
601.71	1264.50
601.91	1265.15
602.10	1258.70
602.30	1267.51
602.50	1255.83
602.70	1264.11
602.90	1258.58
603.10	1264.29
603.30	1261.75
603.50	1266.32
603.70	1262.74
603.90	1267.24
604.10	1265.48
604.30	1265.64
604.49	1251.78
604.69	1263.86
604.89	1262.41
605.09	1273.10
605.29	1258.99
605.49	1268.23
605.69	1260.38
605.89	1269.31
606.09	1260.75
606.29	1263.15
606.48	1260.63
606.68	1263.80
606.88	1264.89
607.08	1261.02
607.28	1258.97
607.48	1266.57
607.68	1257.80
607.88	1265.44
608.08	1263.15
608.27	1265.30
608.47	1261.32
608.67	1270.76
608.87	1262.31
609.07	1268.66
609.27	1258.39
609.47	1272.08
609.67	1262.25
609.87	1277.36
610.06	1268.96
610.26	1261.57
610.46	1263.08
610.66	1265.93
610.86	1262.70
611.06	1266.14
611.26	1264.03
611.45	1268.92
611.65	1263.54
611.85	1269.00
612.05	1256.78
612.25	1262.43
612.45	1262.49
612.65	1267.57
612.84	1264.13
613.04	1272.36
613.24	1260.71
613.44	1264.17
613.64	1250.69
613.84	1266.81
614.04	1263.39
614.23	1267.10
614.43	1265.71
614.63	1269.17
614.83	1253.19
615.03	1270.05
615.23	1261.34
615.42	1269.52
615.62	1268.94
615.82	1266.48
616.02	1260.87
616.22	1275.80
616.42	1257.99
616.61	1277.36
616.81	1262.94
617.01	1275.19
617.21	1265.83
617.41	1269.17
617.61	1266.71
617.80	1271.30
618.00	1269.66
618.20	1264.23
618.40	1262.35
618.60	1267.69
618.80	1270.95
618.99	1268.16
619.19	1264.23
619.39	1271.89
619.59	1264.95
619.79	1273.55
619.98	1263.84
620.18	1272.26
620.38	1260.38
620.58	1269.68
620.78	1264.52
620.97	1266.42
621.17	1261.34
621.37	1270.76
621.57	1264.78
621.77	1270.31
621.96	1259.83
622.16	1265.15
622.36	1266.93
622.56	1272.38
622.76	1257.29
622.95	1273.32
623.15	1258.17
623.35	1265.34
623.55	1262.37
623.75	1273.57
623.94	1268.47
624.14	1269.41
624.34	1270.17
624.54	1267.26
624.73	1263.37
624.93	1274.14
625.13	1267.12
625.33	1270.85
625.53	1266.61
625.72	1265.03
625.92	1265.75
626.12	1266.42
626.32	1270.23
626.51	1271.09
626.71	1272.28
626.91	1274.14
627.11	1268.00
627.30	1269.31
627.50	1265.11
627.70	1266.73
627.90	1268.25
628.10	1273.47
628.29	1263.23
628.49	1270.64
628.69	1268.29
628.89	1276.62
629.08	1262.72
629.28	1271.30
629.48	1268.86
629.68	1279.88
629.87	1262.18
630.07	1278.92
630.27	1262.74
630.47	1263.82
630.66	1276.66
630.86	1271.17
631.06	1266.71
631.25	1274.16
631.45	1261.32
631.65	1275.04
631.85	1268.04
632.04	1274.16
632.24	1263.13
632.44	1272.36
632.64	1271.42
632.83	1268.55
633.03	1269.66
633.23	1270.42
633.42	1266.83
633.62	1278.55
633.82	1270.05
634.02	1272.96
634.21	1274.21
634.41	1274.76
634.61	1268.00
634.81	1272.34
635.00	1267.67
635.20	1275.88
635.40	1275.33
635.59	1272.08
635.79	1269.49
635.99	1273.51
636.18	1272.08
636.38	1278.96
636.58	1270.15
636.78	1275.70
636.97	1262.80
637.17	1276.58
637.37	1275.64
637.56	1272.22
637.76	1269.66
637.96	1281.13
638.15	1273.84
638.35	1274.94
638.55	1275.91
638.74	1287.46
638.94	1270.52
639.14	1277.38
639.34	1272.22
639.53	1276.36
639.73	1273.94
639.93	1277.89
640.12	1272.79
640.32	1277.13
640.52	1270.58
640.71	1282.42
640.91	1275.43
641.11	1284.04
641.30	1280.00
641.50	1280.90
641.70	1281.46
641.89	1278.77
642.09	1280.04
642.29	1283.95
642.48	1280.29
642.68	1285.31
642.88	1269.68
643.07	1288.15
643.27	1280.78
643.47	1290.30
643.66	1281.07
643.86	1287.35
644.06	1283.22
644.25	1285.49
644.45	1279.20
644.65	1282.85
644.84	1278.24
645.04	1282.62
645.23	1278.53
645.43	1285.51
645.63	1285.53
645.82	1290.22
646.02	1283.81
646.22	1292.04
646.41	1286.72
646.61	1297.65
646.81	1289.20
647.00	1294.03
647.20	1288.05
647.39	1288.89
647.59	1289.38
647.79	1292.49
647.98	1289.38
648.18	1294.30
648.38	1293.52
648.57	1300.93
648.77	1284.08
648.96	1292.58
649.16	1287.37
649.36	1298.02
649.55	1297.14
649.75	1293.95
649.95	1293.46
650.14	1305.44
650.34	1298.92
650.53	1297.59
650.73	1298.35
650.93	1304.39
651.12	1303.78
651.32	1300.83
651.51	1301.85
651.71	1306.62
651.91	1296.32
652.10	1314.39
652.30	1305.85
652.49	1310.54
652.69	1299.68
652.89	1312.81
653.08	1302.79
653.28	1314.86
653.47	1304.09
653.67	1318.01
653.86	1311.44
654.06	1316.50
654.26	1311.72
654.45	1317.66
654.65	1313.14
654.84	1326.26
655.04	1322.33
655.24	1320.98
655.43	1321.23
655.63	1329.07
655.82	1317.83
656.02	1331.59
656.21	1318.71
656.41	1333.35
656.61	1333.23
656.80	1340.64
657.00	1336.22
657.19	1336.28
657.39	1342.89
657.58	1351.19
657.78	1344.55
657.97	1362.98
658.17	1353.65
658.37	1363.87
658.56	1354.77
658.76	1371.79
658.95	1361.94
659.15	1376.52
659.34	1373.76
659.54	1389.24
659.73	1385.21
659.93	1388.24
660.13	1392.48
660.32	1407.08
660.52	1401.49
660.71	1412.05
660.91	1410.23
661.10	1413.86
661.30	1415.13
661.49	1421.86
661.69	1420.02
661.88	1427.23
662.08	1427.80
662.27	1438.58
662.47	1434.52
662.66	1436.04
662.86	1442.08
663.06	1449.49
663.25	1452.81
663.45	1467.74
663.64	1470.24
663.84	1468.60
664.03	1470.65
664.23	1480.03
664.42	1483.75
664.62	1489.82
664.81	1489.04
665.01	1506.06
665.20	1498.46
665.40	1514.74
665.59	1517.63
665.79	1520.99
665.98	1514.10
666.18	1517.63
666.37	1523.07
666.57	1540.85
666.76	1533.50
666.96	1535.79
667.15	1534.24
667.35	1542.80
667.54	1539.52
667.74	1548.92
667.93	1527.78
668.13	1538.56
668.32	1540.67
668.52	1536.43
668.71	1533.21
668.91	1533.03
669.10	1523.18
669.30	1520.02
669.49	1513.43
669.68	1505.03
669.88	1509.23
670.07	1512.14
670.27	1494.24
670.46	1493.60
670.66	1480.11
670.85	1482.34
671.05	1474.05
671.24	1477.00
671.44	1464.13
671.63	1465.85
671.83	1454.59
672.02	1462.17
672.22	1446.89
672.41	1455.25
672.60	1442.45
672.80	1454.34
672.99	1443.90
673.19	1447.77
673.38	1434.36
673.58	1447.91
673.77	1441.20
673.97	1457.93
674.16	1455.76
674.36	1463.58
674.55	1473.33
674.74	1480.33
674.94	1487.15
675.13	1505.05
675.33	1510.64
675.52	1525.29
675.72	1549.92
675.91	1569.11
676.10	1598.17
676.30	1646.08
676.49	1688.65
676.69	1795.78
676.88	1928.92
677.08	2123.95
677.27	2389.39
677.46	2799.86
677.66	3335.28
677.85	4031.57
678.05	4894.75
678.24	5957.42
678.44	7140.55
678.63	8497.92
678.82	9970.39
679.02	11542.27
679.21	13206.18
679.41	15052.12
679.60	16857.61
679.79	18675.51
679.99	20543.63
680.18	22528.89
680.38	24524.57
680.57	26398.42
680.76	28431.58
680.96	30303.75
681.15	32377.18
681.35	34480.69
681.54	36472.62
681.73	38287.96
681.93	40103.12
682.12	41571.90
682.32	43026.27
682.51	44246.98
682.70	45228.26
682.90	46354.40
683.09	46980.40
683.29	47816.57
683.48	47765.98
683.67	47679.99
683.87	47591.17
684.06	46929.53
684.25	46431.98
684.45	45511.23
684.64	44298.77
684.84	42837.42
685.03	41509.58
685.22	39638.33
685.42	38072.17
685.61	36358.57
685.80	34606.13
686.00	32790.91
686.19	30961.31
686.38	28955.08
686.58	26884.83
686.77	24906.64
686.96	22866.33
687.16	20749.69
687.35	18827.02
687.55	16942.66
687.74	15195.72
687.93	13640.62
688.13	12072.45
688.32	10856.41
688.51	9741.72
688.71	8848.82
688.90	8036.15
689.09	7358.60
689.29	6842.30
689.48	6312.54
689.67	6012.26
689.87	5690.40
690.06	5450.53
690.25	5223.20
690.45	5029.24
690.64	4880.29
690.83	4700.15
691.03	4566.64
691.22	4421.20
691.41	4310.38
691.61	4159.71
691.80	4058.50
691.99	3903.20
692.19	3832.63
692.38	3697.36
692.57	3640.02
692.76	3489.82
692.96	3417.36
693.15	3305.85
693.34	3229.83
693.54	3126.14
693.73	3066.73
693.92	2979.36
694.12	2917.39
694.31	2856.61
694.50	2796.38
694.70	2753.64
694.89	2714.42
695.08	2688.04
695.27	2679.28
695.47	2665.00
695.66	2661.89
695.85	2655.99
696.05	2682.49
696.24	2686.89
696.43	2711.37
696.62	2717.43
696.82	2752.72
697.01	2761.91
697.20	2801.29
697.40	2828.57
697.59	2843.30
697.78	2855.83
697.97	2857.57
698.17	2877.72
698.36	2885.14
698.55	2857.65
698.74	2867.61
698.94	2845.32
699.13	2832.69
699.32	2792.41
699.52	2769.06
699.71	2700.88
699.90	2685.26
700.09	2606.96
700.29	2552.65
700.48	2482.12
700.67	2421.17
700.86	2343.78
701.06	2292.03
701.25	2211.91
701.44	2161.55
701.63	2088.56
701.83	2041.50
702.02	1988.80
702.21	1949.69
702.40	1894.51
702.60	1861.62
702.79	1815.89
702.98	1794.49
703.17	1747.59
703.37	1714.95
703.56	1672.82
703.75	1656.29
703.94	1618.84
704.13	1598.01
704.33	1576.71
704.52	1556.11
704.71	1531.74
704.90	1520.82
705.10	1496.21
705.29	1490.33
705.48	1470.15
705.67	1459.24
705.86	1426.41
706.06	1423.07
706.25	1399.54
706.44	1392.54
706.63	1378.67
706.83	1373.20
707.02	1357.74
707.21	1333.15
707.40	1339.37
707.59	1335.01
707.79	1325.57
707.98	1328.91
708.17	1322.95
708.36	1330.24
708.55	1314.94
708.75	1327.84
708.94	1313.20
709.13	1317.05
709.32	1308.51
709.51	1315.68
709.71	1308.22
709.90	1320.16
710.09	1303.94
710.28	1306.21
710.47	1304.76
710.66	1308.45
710.86	1299.09
711.05	1308.67
711.24	1301.93
711.43	1307.48
711.62	1302.88
711.82	1310.33
712.01	1297.53
712.20	1303.12
712.39	1298.43
712.58	1302.12
712.77	1304.27
712.97	1308.45
713.16	1300.11
713.35	1301.18
713.54	1284.88
713.73	1305.68
713.92	1282.95
714.11	1297.65
714.31	1286.76
714.50	1296.10
714.69	1283.71
714.88	1287.91
715.07	1289.91
715.26	1292.80
715.46	1282.09
715.65	1285.65
715.84	1282.42
716.03	1294.85
716.22	1281.93
716.41	1290.88
716.60	1285.55
716.80	1287.84
716.99	1279.41
717.18	1284.81
717.37	1275.15
717.56	1277.40
717.75	1279.16
717.94	1287.13
718.13	1274.14
718.33	1288.56
718.52	1273.80
718.71	1287.87
718.90	1289.18
719.09	1291.26
719.28	1281.23
719.47	1283.85
719.66	1278.51
719.85	1289.79
720.05	1285.49
720.24	1287.48
720.43	1286.29
720.62	1286.23
720.81	1284.85
721.00	1287.78
721.19	1285.59
721.38	1300.21
721.57	1283.03
721.77	1289.42
721.96	1292.76
722.15	1293.23
722.34	1282.91
722.53	1299.87
722.72	1287.33
722.91	1290.88
723.10	1285.78
723.29	1300.48
723.48	1289.95
723.67	1293.52
723.87	1295.77
724.06	1296.47
724.25	1294.15
724.44	1298.43
724.63	1298.49
724.82	1298.35
725.01	1295.85
725.20	1295.28
725.39	1286.70
725.58	1297.10
725.77	1288.11
725.96	1291.47
726.15	1292.58
726.34	1294.83
726.54	1286.43
726.73	1291.24
726.92	1283.93
727.11	1301.32
727.30	1293.82
727.49	1288.91
727.68	1284.45
727.87	1294.75
728.06	1286.25
728.25	1284.96
728.44	1281.56
728.63	1288.66
728.82	1284.92
729.01	1290.96
729.20	1284.79
729.39	1289.03
729.58	1273.88
729.77	1286.27
729.96	1273.63
730.15	1276.31
730.34	1276.66
730.53	1282.03
730.73	1269.52
730.92	1273.92
731.11	1273.57
731.30	1277.87
731.49	1267.41
731.68	1276.13
731.87	1272.38
732.06	1272.24
732.25	1266.34
732.44	1274.45
732.63	1263.86
732.82	1279.53
733.01	1265.19
733.20	1266.14
733.39	1264.27
733.58	1270.99
733.77	1256.18
733.96	1273.26
734.15	1260.09
734.34	1269.62
734.53	1266.05
734.72	1273.88
734.91	1264.21
735.10	1272.28
735.29	1265.48
735.48	1272.77
735.67	1253.97
735.86	1270.83
736.05	1264.74
736.24	1276.13
736.43	1262.27
736.62	1271.46
736.81	1260.38
737.00	1280.64
737.19	1258.72
737.38	1277.99
737.57	1257.82
737.76	1274.80
737.95	1261.26
738.14	1275.95
738.33	1259.09
738.51	1267.96
738.70	1263.72
738.89	1265.26
739.08	1262.04
739.27	1266.30
739.46	1257.08
739.65	1257.00
739.84	1265.07
740.03	1267.67
740.22	1262.04
740.41	1267.41
740.60	1259.40
740.79	1267.88
740.98	1265.97
741.17	1270.46
741.36	1262.04
741.55	1267.30
741.74	1260.52
741.93	1263.70
742.12	1258.85
742.31	1258.21
742.50	1257.78
742.68	1266.98
742.87	1271.11
743.06	1267.10
743.25	1260.77
743.44	1265.71
743.63	1261.59
743.82	1268.78
744.01	1265.34
744.20	1258.85
744.39	1256.65
744.58	1264.11
744.77	1270.50
744.96	1262.61
745.14	1262.04
745.33	1269.06
745.52	1258.17
745.71	1268.23
745.90	1258.99
746.09	1276.42
746.28	1258.17
746.47	1264.66
746.66	1255.88
746.85	1262.45
747.04	1265.69
747.22	1264.74
747.41	1259.46
747.60	1266.07
747.79	1267.14
747.98	1260.42
748.17	1257.43
748.36	1273.67
748.55	1256.88
748.74	1266.46
748.93	1255.59
749.11	1266.75
749.30	1258.17
749.49	1269.88
749.68	1259.89
749.87	1262.80
750.06	1260.24
750.25	1266.93
750.44	1259.44
750.62	1262.35
750.81	1258.31
751.00	1271.83
751.19	1257.82
751.38	1263.80
751.57	1261.81
751.76	1261.90
751.95	1265.97
752.13	1268.27
752.32	1260.14
752.51	1264.44
752.70	1258.76
752.89	1264.52
753.08	1259.46
753.27	1264.07
753.45	1255.65
753.64	1260.34
753.83	1260.40
754.02	1266.59
754.21	1253.36
754.40	1268.00
754.58	1258.64
754.77	1266.73
754.96	1250.71
755.15	1270.11
755.34	1254.87
755.53	1266.96
755.71	1259.79
755.90	1261.86
756.09	1263.66
756.28	1266.57
756.47	1258.05
756.66	1269.82
756.84	1256.63
757.03	1271.81
757.22	1255.14
757.41	1267.61
757.60	1261.12
757.79	1271.26
757.97	1262.88
758.16	1260.16
758.35	1263.78
758.54	1270.42
758.73	1255.28
758.91	1264.25
759.10	1258.74
759.29	1268.10
759.48	1250.33
759.67	1260.26
759.85	1261.43
760.04	1266.53
760.23	1260.55
760.42	1266.98
760.61	1261.59
760.79	1263.21
760.98	1261.94
761.17	1265.99
761.36	1254.20
761.55	1265.91
761.73	1261.04
761.92	1259.79
762.11	1255.10
762.30	1262.43
762.49	1260.24
762.67	1262.55
762.86	1261.45
763.05	1265.11
763.24	1258.39
763.42	1261.57
763.61	1255.43
763.80	1264.29
763.99	1260.32
764.17	1264.97
764.36	1259.99
764.55	1263.37
764.74	1257.41
764.92	1263.31
765.11	1255.86
765.30	1260.30
765.49	1259.26
765.68	1269.60
765.86	1259.97
766.05	1259.91
766.24	1255.34
766.43	1268.96
766.61	1251.92
766.80	1264.99
766.99	1257.62
767.17	1270.38
767.36	1264.95
767.55	1261.96
767.74	1254.38
767.92	1267.39
768.11	1266.40
768.30	1258.44
768.49	1257.66
768.67	1258.21
768.86	1265.97
769.05	1260.28
769.24	1261.28
769.42	1266.28
769.61	1261.12
769.80	1268.49
769.98	1267.45
770.17	1270.38
770.36	1263.54
770.55	1266.71
770.73	1259.26
770.92	1267.08
771.11	1263.94
771.29	1261.30
771.48	1259.85
771.67	1252.91
771.86	1257.88
772.04	1260.07
772.23	1258.89
772.42	1262.90
772.60	1261.06
772.79	1265.93
772.98	1260.95
773.16	1265.44
773.35	1255.71
773.54	1262.22
773.72	1259.36
773.91	1252.80
774.10	1258.95
774.29	1269.27
774.47	1258.25
774.66	1269.13
774.85	1254.83
775.03	1262.18
775.22	1261.45
775.41	1262.63
775.59	1260.61
775.78	1261.04
775.97	1256.41
776.15	1262.35
776.34	1257.66
776.53	1262.84
776.71	1256.72
776.90	1259.77
777.09	1252.21
777.27	1263.47
777.46	1253.95
777.65	1266.65
777.83	1255.81
778.02	1265.73
778.21	1259.42
778.39	1267.39
778.58	1256.78
778.76	1263.88
778.95	1252.87
779.14	1267.77
779.32	1257.13
779.51	1264.44
779.70	1255.65
779.88	1258.91
780.07	1256.72
780.26	1263.72
780.44	1253.83
780.63	1260.46
780.81	1258.91
781.00	1262.25
781.19	1255.22
781.37	1271.32
781.56	1264.05
781.75	1267.24
781.93	1260.05
782.12	1267.10
782.30	1254.91
782.49	1260.20
782.68	1258.64
782.86	1272.26
783.05	1261.04
783.23	1261.75
783.42	1253.30
783.61	1265.01
783.79	1259.30
783.98	1260.22
784.16	1256.67
784.35	1260.46
784.54	1261.73
784.72	1267.06
784.91	1255.00
785.09	1265.75
785.28	1265.17
785.47	1256.22
785.65	1254.24
785.84	1264.31
786.02	1258.93
786.21	1264.15
786.40	1261.14
786.58	1267.77
786.77	1254.32
786.95	1267.22
787.14	1262.04
787.32	1263.99
787.51	1263.86
787.70	1258.31
787.88	1264.70
788.07	1265.83
788.25	1253.11
788.44	1263.35
788.62	1255.94
788.81	1253.79
789.00	1257.58
789.18	1263.49
789.37	1250.49
789.55	1261.79
789.74	1255.53
789.92	1258.48
790.11	1247.36
790.29	1264.40
790.48	1254.20
790.67	1265.05
790.85	1256.94
791.04	1262.47
791.22	1254.87
791.41	1260.77
791.59	1254.91
791.78	1262.33
791.96	1249.77
792.15	1261.22
792.33	1247.09
792.52	1271.05
792.70	1259.01
792.89	1271.83
793.07	1258.93
793.26	1261.30
793.45	1256.59
793.63	1266.75
793.82	1257.08
794.00	1260.28
794.19	1254.73
794.37	1259.87
794.56	1256.78
794.74	1263.35
794.93	1257.92
795.11	1268.31
795.30	1256.26
795.48	1260.42
795.67	1255.08
795.85	1263.29
796.04	1251.02
796.22	1268.59
796.41	1253.09
796.59	1266.77
796.78	1267.10
796.96	1260.44
797.15	1256.24
797.33	1262.06
797.52	1260.03
797.70	1267.06
797.89	1258.19
798.07	1261.94
798.26	1248.34
798.44	1259.79
798.63	1265.28
798.81	1261.65
798.99	1254.91
799.18	1255.81
799.36	1258.01
799.55	1265.50
799.73	1255.32
799.92	1264.01
800.10	1256.43
800.29	1257.66
800.47	1256.96
800.66	1264.33
800.84	1261.20
801.03	1261.92
801.21	1255.16
801.39	1265.97
801.58	1262.96
801.76	1262.82
801.95	1254.79
802.13	1263.43
802.32	1251.78
802.50	1259.89
802.69	1254.20
802.87	1265.24
803.06	1255.10
803.24	1262.59
803.42	1258.25
803.61	1266.03
803.79	1256.43
803.98	1271.85
804.16	1260.20
804.35	1257.45
804.53	1257.86
804.71	1265.38
804.90	1256.98
805.08	1261.69
805.27	1259.87
805.45	1264.81
805.63	1258.85
805.82	1254.52
806.00	1258.87
806.19	1260.67
806.37	1251.74
806.56	1260.91
806.74	1258.56
806.92	1264.35
807.11	1259.97
807.29	1259.58
807.48	1259.09
807.66	1268.10
807.84	1258.25
808.03	1259.91
808.21	1259.42
808.40	1266.28
808.58	1251.94
808.76	1263.33
808.95	1257.31
809.13	1258.31
809.32	1259.56
809.50	1266.96
809.68	1257.33
809.87	1260.03
810.05	1261.02
810.23	1260.16
810.42	1255.45
810.60	1262.84
810.79	1252.48
810.97	1264.11
811.15	1252.76
811.34	1268.82
811.52	1257.56
811.70	1265.64
811.89	1257.82
812.07	1257.21
812.25	1260.63
812.44	1258.64
812.62	1245.25
812.81	1258.33
812.99	1258.31
813.17	1259.03
813.36	1257.15
813.54	1264.78
813.72	1249.98
813.91	1260.52
814.09	1251.02
814.27	1263.97
814.46	1253.19
814.64	1269.00
814.82	1256.10
815.01	1267.67
815.19	1251.41
815.37	1264.64
815.56	1261.49
815.74	1265.50
815.92	1261.16
816.11	1269.13
816.29	1247.46
816.47	1259.91
816.66	1260.73
816.84	1261.38
817.02	1268.59
817.21	1257.58
817.39	1252.54
817.57	1262.14
817.76	1254.40
817.94	1256.35
818.12	1254.38
818.30	1259.85
818.49	1255.57
818.67	1257.13
818.85	1250.53
819.04	1261.10
819.22	1258.93
819.40	1262.86
819.59	1254.63
819.77	1267.51
819.95	1258.62
820.13	1267.53
820.32	1252.58
820.50	1259.36
820.68	1254.42
820.87	1271.32
821.05	1256.22
821.23	1265.26
821.41	1253.68
821.60	1267.43
821.78	1253.58
821.96	1263.29
822.14	1257.96
822.33	1259.79
822.51	1250.92
822.69	1263.41
822.88	1257.99
823.06	1258.09
823.24	1256.86
823.42	1262.84
823.61	1264.23
823.79	1266.57
823.97	1254.85
824.15	1262.06
824.34	1256.94
824.52	1267.26
824.70	1253.19
824.88	1262.27
825.07	1258.85
825.25	1260.40
825.43	1255.92
825.61	1263.31
825.80	1259.32
825.98	1262.43
826.16	1248.30
826.34	1262.92
826.53	1261.90
826.71	1255.71
826.89	1260.61
827.07	1268.90
827.25	1251.15
827.44	1261.28
827.62	1258.03
827.80	1264.60
827.98	1258.87
828.17	1261.73
828.35	1258.68
828.53	1259.64
828.71	1264.29
828.89	1262.70
829.08	1259.58
829.26	1262.35
829.44	1268.45
829.62	1262.35
829.80	1254.38
829.99	1258.89
830.17	1258.80
830.35	1262.27
830.53	1254.42
830.71	1260.18
830.90	1260.87
831.08	1265.97
831.26	1247.85
831.44	1267.67
831.62	1259.58
831.81	1260.87
831.99	1263.27
832.17	1258.25
832.35	1252.60
832.53	1264.70
832.71	1254.63
832.90	1262.18
833.08	1258.48
833.26	1259.01
833.44	1254.79
833.62	1258.42
833.81	1261.12
833.99	1259.17
834.17	1258.37
834.35	1261.24
834.53	1257.41
834.71	1263.84
834.89	1254.30
835.08	1258.03
835.26	1252.17
835.44	1265.91
835.62	1258.37
835.80	1261.14
835.98	1253.40
836.17	1264.97
836.35	1262.59
836.53	1255.57
836.71	1255.51
836.89	1262.35
837.07	1254.89
837.25	1267.80
837.44	1255.81
837.62	1260.81
837.80	1255.63
837.98	1264.54
838.16	1257.08
838.34	1264.89
838.52	1260.79
838.70	1258.56
838.89	1258.01
839.07	1265.15
839.25	1254.57
839.43	1268.51
839.61	1251.25
839.79	1257.53
839.97	1260.59
840.15	1255.63
840.33	1250.31
840.52	1265.11
840.70	1259.28
840.88	1258.03
841.06	1250.82
841.24	1255.38
841.42	1268.35
841.60	1260.55
841.78	1258.37
841.96	1259.38
842.14	1256.31
842.33	1266.30
842.51	1253.40
842.69	1256.57
842.87	1255.14
843.05	1263.49
843.23	1254.57
843.41	1259.21
843.59	1252.87
843.77	1262.82
843.95	1258.21
844.13	1264.35
844.31	1260.79
844.49	1261.63
844.68	1266.61
844.86	1261.67
845.04	1258.19
845.22	1264.54
845.40	1257.78
845.58	1261.43
845.76	1255.77
845.94	1263.25
846.12	1251.19
846.30	1263.11
846.48	1250.08
846.66	1258.23
846.84	1248.32
847.02	1262.92
847.20	1245.49
847.38	1253.81
847.56	1254.69
847.74	1259.40
847.92	1253.07
848.11	1256.82
848.29	1259.30
848.47	1262.06
848.65	1253.64
848.83	1263.15
849.01	1256.20
849.19	1257.13
849.37	1253.13
849.55	1261.22
849.73	1252.60
849.91	1265.93
850.09	1256.14
850.27	1268.35
850.45	1259.71
850.63	1257.88
850.81	1257.68
850.99	1259.60
851.17	1256.35
851.35	1266.01
851.53	1253.73
851.71	1255.63
851.89	1254.03
852.07	1264.23
852.25	1251.94
852.43	1262.90
852.61	1251.94
852.79	1258.11
852.97	1258.25
853.15	1262.12
853.33	1248.79
853.51	1259.99
853.69	1255.47
853.87	1258.44
854.05	1261.69
854.23	1259.52
854.41	1257.23
854.59	1264.05
854.77	1257.66
854.95	1262.72
855.13	1257.51
855.31	1269.45
855.49	1247.93
855.67	1258.37
855.84	1258.54
856.02	1255.32
856.20	1258.91
856.38	1261.59
856.56	1255.69
856.74	1258.68
856.92	1262.55
857.10	1259.89
857.28	1258.29
857.46	1262.96
857.64	1258.95
857.82	1263.74
858.00	1245.10
858.18	1267.08
858.36	1257.47
858.54	1262.51
858.72	1252.93
858.90	1262.92
859.08	1261.43
859.25	1260.01
859.43	1248.28
859.61	1262.76
859.79	1253.19
859.97	1261.94
860.15	1257.31
860.33	1262.39
860.51	1261.61
860.69	1259.09
860.87	1252.41
861.05	1265.77
861.23	1261.38
861.41	1259.64
861.58	1252.99
861.76	1263.66
861.94	1256.70
862.12	1259.15
862.30	1264.46
862.48	1265.11
862.66	1248.24
862.84	1264.56
863.02	1264.54
863.20	1264.40
863.37	1254.20
863.55	1265.15
863.73	1262.10
863.91	1265.97
864.09	1254.85
864.27	1265.19
864.45	1252.66
864.63	1258.85
864.80	1250.00
864.98	1264.40
865.16	1257.88
865.34	1262.43
865.52	1260.50
865.70	1265.07
865.88	1259.48
866.06	1259.19
866.23	1259.89
866.41	1264.72
866.59	1248.75
866.77	1260.57
866.95	1250.37
867.13	1258.44
867.31	1256.31
867.48	1255.73
867.66	1261.26
867.84	1262.18
868.02	1251.19
868.20	1262.53
868.38	1247.70
868.56	1266.48
868.73	1252.15
868.91	1265.01
869.09	1255.63
869.27	1257.53
869.45	1252.21
869.63	1263.97
869.80	1263.33
869.98	1263.35
870.16	1255.57
870.34	1262.55
870.52	1254.14
870.70	1268.00
870.87	1255.81
871.05	1257.96
871.23	1253.99
871.41	1263.11
871.59	1262.86
871.76	1265.73
871.94	1247.70
872.12	1265.75
872.30	1259.97
872.48	1262.92
872.65	1261.08
872.83	1267.55
873.01	1252.33
873.19	1265.01
873.37	1256.61
873.54	1269.06
873.72	1255.00
873.90	1259.66
874.08	1253.54
874.26	1263.66
874.43	1258.87
874.61	1259.44
874.79	1255.92
874.97	1257.72
875.15	1262.00
875.32	1270.60
875.50	1256.49
875.68	1259.15
875.86	1259.60
876.03	1258.50
876.21	1256.90
876.39	1268.55
876.57	1256.51
876.74	1268.82
876.92	1253.30
877.10	1259.62
877.28	1255.45
877.45	1272.51
877.63	1255.24
877.81	1263.68
877.99	1245.64
878.17	1265.30
878.34	1261.12
878.52	1261.20
878.70	1258.25
878.87	1264.66
879.05	1252.27
879.23	1259.75
879.41	1258.97
879.58	1264.81
879.76	1256.92
879.94	1263.00
880.12	1255.20
880.29	1264.50
880.47	1255.26
880.65	1267.82
880.83	1251.80
881.00	1259.66
881.18	1254.61
881.36	1260.09
881.53	1252.95
881.71	1270.87
881.89	1251.72
882.07	1255.81
882.24	1256.92
882.42	1257.68
882.60	1255.38
882.77	1262.47
882.95	1248.46
883.13	1259.91
883.30	1250.80
883.48	1254.79
883.66	1253.56
883.84	1258.60
884.01	1265.19
884.19	1257.49
884.37	1255.12
884.54	1254.09
884.72	1261.69
884.90	1261.22
885.07	1248.38
885.25	1263.43
885.43	1256.76
885.60	1269.41
885.78	1250.35
885.96	1264.42
886.13	1253.36
886.31	1261.41
886.49	1261.06
886.66	1261.73
886.84	1251.53
887.02	1264.64
887.19	1252.48
887.37	1264.35
887.55	1259.89
887.72	1257.99
887.90	1256.04
888.08	1267.24
888.25	1249.08
888.43	1260.69
888.61	1254.69
888.78	1261.47
888.96	1253.93
889.14	1260.81
889.31	1253.99
889.49	1257.80
889.67	1252.97
889.84	1260.32
890.02	1253.95
890.19	1258.74
890.37	1250.53
890.55	1263.56
890.72	1259.69
890.90	1260.30
891.08	1249.49
891.25	1262.72
891.43	1259.46
891.60	1256.53
891.78	1253.68
891.96	1265.28
892.13	1260.16
892.31	1265.97
892.48	1255.83
892.66	1259.87
892.84	1252.29
893.01	1261.96
893.19	1253.66
893.36	1262.72
893.54	1255.92
893.72	1260.34
893.89	1255.26
894.07	1264.81
894.24	1254.97
894.42	1274.45
894.60	1255.06
894.77	1264.56
894.95	1252.56
895.12	1264.19
895.30	1259.11
895.48	1259.44
895.65	1257.76
895.83	1264.48
896.00	1257.13
896.18	1263.60
896.35	1254.26
896.53	1259.99
896.71	1258.87
896.88	1262.76
897.06	1258.33
897.23	1259.36
897.41	1256.22
897.58	1262.63
897.76	1247.93
897.93	1266.10
898.11	1255.75
898.29	1252.80
898.46	1257.60
898.64	1260.91
898.81	1257.51
898.99	1268.47
899.16	1252.21
899.34	1256.90
899.51	1256.22
899.69	1259.99
899.86	1256.80
900.04	1258.17
900.21	1255.04
900.39	1258.19
900.57	1261.57
900.74	1257.43
900.92	1247.87
901.09	1265.58
901.27	1256.10
901.44	1256.26
901.62	1256.43
901.79	1260.32
901.97	1255.75
902.14	1251.62
902.32	1252.03
902.49	1259.13
902.67	1250.55
902.84	1264.91
903.02	1255.32
903.19	1261.51
903.37	1246.09
903.54	1261.65
903.72	1263.08
903.89	1265.64
904.07	1258.33
904.24	1262.33
904.42	1254.28
904.59	1263.39
904.77	1253.62
904.94	1268.29
905.12	1251.25
905.29	1261.41
905.47	1255.98
905.64	1264.72
905.82	1255.30
905.99	1264.25
906.16	1253.75
906.34	1261.45
906.51	1252.84
906.69	1262.63
906.86	1258.37
907.04	1259.23
907.21	1253.83
907.39	1264.99
907.56	1253.89
907.74	1270.31
907.91	1259.66
908.09	1257.70
908.26	1254.69
908.43	1261.55
908.61	1259.83
908.78	1262.45
908.96	1258.68
909.13	1257.74
909.31	1255.83
909.48	1259.44
909.65	1255.59
909.83	1270.42
910.00	1257.37
910.18	1261.04
910.35	1256.31
910.53	1261.55
910.70	1256.88
910.87	1267.75
911.05	1261.04
911.22	1250.67
911.40	1253.46
911.57	1257.00
911.75	1252.76
911.92	1263.84
912.09	1256.53
912.27	1259.52
912.44	1254.65
912.62	1259.03
912.79	1259.50
912.96	1267.59
913.14	1253.34
913.31	1261.90
913.49	1258.25
913.66	1263.11
913.83	1253.75
914.01	1260.69
914.18	1257.23
914.36	1261.47
914.53	1250.90
914.70	1262.72
914.88	1258.82
915.05	1260.01
915.22	1253.25
915.40	1254.75
915.57	1244.63
915.75	1261.96
915.92	1250.10
916.09	1267.28
916.27	1263.78
916.44	1257.58
916.61	1252.29
916.79	1259.11
916.96	1256.08
917.13	1260.36
917.31	1251.90
917.48	1263.23
917.66	1256.41
917.83	1258.87
918.00	1254.87
918.18	1272.42
918.35	1257.13
918.52	1254.77
918.70	1254.73
918.87	1267.41
919.04	1256.35
919.22	1268.10
919.39	1251.10
919.56	1259.79
919.74	1256.84
919.91	1261.75
920.08	1256.22
920.26	1258.97
920.43	1263.86
920.60	1258.87
920.78	1259.77
920.95	1256.76
921.12	1253.42
921.29	1258.19
921.47	1255.98
921.64	1261.08
921.81	1249.20
921.99	1264.15
922.16	1253.79
922.33	1258.76
922.51	1260.59
922.68	1254.42
922.85	1256.80
923.03	1259.21
923.20	1252.07
923.37	1256.94
923.54	1254.26
923.72	1260.14
923.89	1259.66
924.06	1259.93
924.24	1262.51
924.41	1263.72
924.58	1248.44
924.75	1258.19
924.93	1261.75
925.10	1262.22
925.27	1260.30
925.44	1264.19
925.62	1263.74
925.79	1263.11
925.96	1256.65
926.14	1263.97
926.31	1262.49
926.48	1266.91
926.65	1248.16
926.83	1264.09
927.00	1253.91
927.17	1259.93
927.34	1257.64
927.52	1260.95
927.69	1250.37
927.86	1259.19
928.03	1252.62
928.21	1255.26
928.38	1254.87
928.55	1258.82
928.72	1258.93
928.89	1255.81
929.07	1256.92
929.24	1267.18
929.41	1252.66
929.58	1256.37
929.76	1242.65
929.93	1268.82
930.10	1254.83
930.27	1266.26
930.44	1255.83
930.62	1257.84
930.79	1250.55
930.96	1264.56
931.13	1255.22
931.31	1261.90
931.48	1259.95
931.65	1261.84
931.82	1254.38
931.99	1256.39
932.17	1252.35
932.34	1262.25
932.51	1255.75
932.68	1260.01
932.85	1255.10
933.03	1257.58
933.20	1256.70
933.37	1256.94
933.54	1251.66
933.71	1261.88
933.88	1254.71
934.06	1261.84
934.23	1257.29
934.40	1261.32
934.57	1263.13
934.74	1258.91
934.91	1247.58
935.09	1263.94
935.26	1257.96
935.43	1264.31
935.60	1255.59
935.77	1270.17
935.94	1255.16
936.12	1262.96
936.29	1252.72
936.46	1259.46
936.63	1247.17
936.80	1260.59
936.97	1253.62
937.14	1258.66
937.32	1255.92
937.49	1267.14
937.66	1252.27
937.83	1261.73
938.00	1257.08
938.17	1258.31
938.34	1252.89
938.52	1262.88
938.69	1254.34
938.86	1253.21
939.03	1260.63
939.20	1258.11
939.37	1248.54
939.54	1256.74
939.71	1249.40
939.89	1262.92
940.06	1258.25
940.23	1256.45
940.40	1251.02
940.57	1259.50
940.74	1255.75
940.91	1263.88
941.08	1257.84
941.25	1258.80
941.43	1255.32
941.60	1259.64
941.77	1259.66
941.94	1264.97
942.11	1254.71
942.28	1270.52
942.45	1255.79
942.62	1266.05
942.79	1248.16
942.96	1257.76
943.13	1261.75
943.30	1263.19
943.48	1257.82
943.65	1256.65
943.82	1254.69
943.99	1260.16
944.16	1257.45
944.33	1266.40
944.50	1253.19
944.67	1257.66
944.84	1255.71
945.01	1258.64
945.18	1249.67
945.35	1265.58
945.52	1256.24
945.69	1262.12
945.86	1259.73
946.03	1262.94
946.21	1259.09
946.38	1255.53
946.55	1258.60
946.72	1261.92
946.89	1263.97
947.06	1267.39
947.23	1252.19
947.40	1261.69
947.57	1257.60
947.74	1258.13
947.91	1263.88
948.08	1259.73
948.25	1247.97
948.42	1252.23
948.59	1259.66
948.76	1258.74
948.93	1258.48
949.10	1261.96
949.27	1254.85
949.44	1263.54
949.61	1250.10
949.78	1264.72
949.95	1258.66
950.12	1257.06
950.29	1250.39
950.46	1267.61
950.63	1253.75
950.80	1258.25
950.97	1244.39
951.14	1261.59
951.31	1254.32
951.48	1262.63
951.65	1249.34
951.82	1259.62
951.99	1250.92
952.16	1258.31
952.33	1250.45
952.50	1260.69
952.67	1256.57
952.84	1255.06
953.01	1255.18
953.18	1261.63
953.35	1254.87
953.52	1260.16
953.69	1256.39
953.86	1261.81
954.03	1253.48
954.20	1258.66
954.37	1262.88
954.54	1257.08
954.70	1262.10
954.87	1258.80
955.04	1254.01
955.21	1261.20
955.38	1253.66
955.55	1263.29
955.72	1250.04
955.89	1259.95
956.06	1257.96
956.23	1259.19
956.40	1250.22
956.57	1257.99
956.74	1258.70
956.91	1262.65
957.08	1258.48
957.25	1256.43
957.41	1255.34
957.58	1255.20
957.75	1244.53
957.92	1265.73
958.09	1253.34
958.26	1259.91
958.43	1254.40
958.60	1265.56
958.77	1251.04
958.94	1259.58
959.11	1246.82
959.27	1263.43
959.44	1258.93
959.61	1257.33
959.78	1255.77
959.95	1262.25
960.12	1251.45
960.29	1267.00
960.46	1258.48
960.63	1266.18
960.80	1261.61
960.96	1265.67
961.13	1253.34
961.30	1262.94
961.47	1257.17
961.64	1254.52
961.81	1254.07
961.98	1260.30
962.15	1252.97
962.31	1262.74
962.48	1256.14
962.65	1265.46
962.82	1251.02
962.99	1264.83
963.16	1254.54
963.33	1263.02
963.49	1253.97
963.66	1262.76
963.83	1257.06
964.00	1259.26
964.17	1250.12
964.34	1263.08
964.51	1249.90
964.67	1260.09
964.84	1258.05
965.01	1280.49
965.18	1256.35
965.35	1264.19
965.52	1252.48
965.68	1262.25
965.85	1256.39
966.02	1263.02
966.19	1260.71
966.36	1254.18
966.52	1250.61
966.69	1269.06
966.86	1247.77
967.03	1265.28
967.20	1254.26
967.37	1258.78
967.53	1256.37
967.70	1259.52
967.87	1253.23
968.04	1259.58
968.21	1259.40
968.37	1256.39
968.54	1253.97
968.71	1266.67
968.88	1254.40
969.05	1261.08
969.21	1254.38
969.38	1268.33
969.55	1249.55
969.72	1264.21
969.89	1253.64
970.05	1258.35
970.22	1245.12
970.39	1261.18
970.56	1256.80
970.72	1254.91
970.89	1257.33
971.06	1268.66
971.23	1250.69
971.39	1258.52
971.56	1256.84
971.73	1265.71
971.90	1257.00
972.07	1255.06
972.23	1254.97
972.40	1257.23
972.57	1255.90
972.74	1258.78
972.90	1253.03
973.07	1257.80
973.24	1249.30
973.40	1260.40
973.57	1259.56
973.74	1261.08
973.91	1256.04
974.07	1267.73
974.24	1255.02
974.41	1259.64
974.58	1253.11
974.74	1262.18
974.91	1260.20
975.08	1260.79
975.25	1246.93
975.41	1267.61
975.58	1248.13
975.75	1260.42
975.91	1250.12
976.08	1263.11
976.25	1254.97
976.42	1258.01
976.58	1258.66
976.75	1259.03
976.92	1258.25
977.08	1262.57
977.25	1253.19
977.42	1263.31
977.58	1248.77
977.75	1263.64
977.92	1251.41
978.08	1254.63
978.25	1256.76
978.42	1258.25
978.59	1258.93
978.75	1258.42
978.92	1262.00
979.09	1255.02
979.25	1252.78
979.42	1262.98
979.59	1248.34
979.75	1260.89
979.92	1251.84
980.09	1255.26
980.25	1254.69
980.42	1262.14
980.59	1248.24
980.75	1250.06
980.92	1259.36
981.09	1260.98
981.25	1250.59
981.42	1256.37
981.59	1253.68
981.75	1255.38
981.92	1257.00
982.08	1260.98
982.25	1260.67
982.42	1261.41
982.58	1253.66
982.75	1263.60
982.92	1255.96
983.08	1258.74
983.25	1256.70
983.42	1258.31
983.58	1255.49
983.75	1259.62
983.91	1262.41
984.08	1262.84
984.25	1249.22
984.41	1262.16
984.58	1250.26
984.74	1255.55
984.91	1249.94
985.08	1259.85
985.24	1252.33
985.41	1263.78
985.57	1254.44
985.74	1258.50
985.91	1253.60
986.07	1259.19
986.24	1253.95
986.40	1262.59
986.57	1250.78
986.74	1260.75
986.90	1261.86
987.07	1258.58
987.23	1251.10
987.40	1259.83
987.57	1256.90
987.73	1258.60
987.90	1254.05
988.06	1257.96
988.23	1254.61
988.39	1262.74
988.56	1251.15
988.73	1258.54
988.89	1246.60
989.06	1260.12
989.22	1254.61
989.39	1258.66
989.55	1250.41
989.72	1264.74
989.88	1256.35
990.05	1254.11
990.22	1250.24
990.38	1256.29
990.55	1252.54
990.71	1263.60
990.88	1257.17
991.04	1258.72
991.21	1251.60
991.37	1263.39
991.54	1255.40
991.70	1259.07
991.87	1254.18
992.03	1261.41
992.20	1259.48
992.36	1263.19
992.53	1253.52
992.69	1258.64
992.86	1250.82
993.03	1252.05
993.19	1258.97
993.36	1263.60
993.52	1256.84
993.69	1256.24
993.85	1258.07
994.02	1250.37
994.18	1256.22
994.35	1268.16
994.51	1258.99
994.68	1264.31
994.84	1260.85
995.01	1261.96
995.17	1257.17
995.34	1264.81
995.50	1246.54
995.66	1264.35
995.83	1258.05
995.99	1261.18
996.16	1252.82
996.32	1261.59
996.49	1254.73
996.65	1257.62
996.82	1258.05
996.98	1263.94
997.15	1256.39
997.31	1263.78
997.48	1255.83
997.64	1264.62
997.81	1257.00
997.97	1262.41
998.13	1263.13
998.30	1259.03
998.46	1259.44
998.63	1257.76
998.79	1250.82
998.96	1265.75
999.12	1256.55
999.29	1260.20
999.45	1248.13
999.61	1255.69
999.78	1251.41
999.94	1262.41
1000.11	1255.10
1000.27	1266.24
1000.44	1261.81
1000.60	1262.92
1000.76	1256.55
1000.93	1265.09
1001.09	1258.25
1001.26	1264.37
1001.42	1252.33
1001.59	1265.40
1001.75	1250.06
1001.91	1261.65
1002.08	1257.10
1002.24	1266.91
1002.41	1258.89
1002.57	1269.54
1002.73	1257.08
1002.90	1262.88
1003.06	1260.03
1003.23	1254.83
1003.39	1252.44
1003.55	1263.99
1003.72	1259.42
1003.88	1265.71
1004.04	1254.44
1004.21	1262.18
1004.37	1257.99
1004.54	1257.04
1004.70	1259.85
1004.86	1262.12
1005.03	1250.76
1005.19	1254.14
1005.35	1260.42
1005.52	1261.00
1005.68	1249.79
1005.85	1261.00
1006.01	1252.11
1006.17	1272.42
1006.34	1252.50
1006.50	1267.59
1006.66	1258.19
1006.83	1262.25
1006.99	1253.95
1007.15	1264.29
1007.32	1254.97
1007.48	1261.81
1007.64	1252.82
1007.81	1259.32
1007.97	1256.67
1008.13	1262.12
1008.30	1253.09
1008.46	1258.15
1008.62	1258.97
1008.79	1264.42
1008.95	1257.94
1009.11	1256.29
1009.28	1245.23
1009.44	1264.91
1009.60	1255.57
1009.77	1259.09
1009.93	1256.04
1010.09	1255.10
1010.25	1249.77
1010.42	1257.84
1010.58	1254.18
1010.74	1264.81
1010.91	1249.96
1011.07	1263.78
1011.23	1255.92
1011.40	1262.92
1011.56	1248.85
1011.72	1258.93
1011.88	1256.98
1012.05	1266.75
1012.21	1258.21
1012.37	1261.67
1012.54	1261.14
1012.70	1262.04
1012.86	1252.76
1013.02	1263.41
1013.19	1256.20
1013.35	1262.94
1013.51	1253.97
1013.67	1265.28
1013.84	1257.90
1014.00	1265.67
1014.16	1254.38
1014.33	1258.72
1014.49	1253.81
1014.65	1263.25
1014.81	1248.26
1014.98	1264.46
1015.14	1251.94
1015.30	1258.87
1015.46	1256.20
1015.62	1265.52
1015.79	1253.73
1015.95	1264.05
1016.11	1257.96
1016.27	1261.73
1016.44	1253.95
1016.60	1266.32
1016.76	1253.81
1016.92	1267.12
1017.09	1254.91
1017.25	1261.61
1017.41	1250.39
1017.57	1271.17
1017.73	1258.66
1017.90	1262.45
1018.06	1250.90
1018.22	1255.77
1018.38	1253.75
1018.54	1256.24
1018.71	1251.19
1018.87	1259.64
1019.03	1255.71
1019.19	1267.53
1019.35	1252.62
1019.52	1263.41
1019.68	1255.28
1019.84	1261.84
1020.00	1257.47
1020.16	1259.28
1020.33	1249.90
1020.49	1257.39
1020.65	1252.29
1020.81	1265.17
1020.97	1255.59
1021.13	1265.15
1021.30	1258.44
1021.46	1257.41
1021.62	1254.32
1021.78	1258.27
1021.94	1251.96
1022.10	1261.12
1022.27	1258.39
1022.43	1264.07
1022.59	1253.99
1022.75	1265.58
1022.91	1257.86
1023.07	1259.44
1023.24	1249.73
1023.40	1262.10
1023.56	1255.61
1023.72	1261.88
1023.88	1254.05
1024.04	1259.73
1024.20	1255.57
1024.36	1265.93
1024.53	1252.48
1024.69	1262.78
1024.85	1254.48
1025.01	1266.10
1025.17	1256.41
1025.33	1261.77
1025.49	1257.88
1025.65	1269.17
1025.82	1258.62
1025.98	1265.73
1026.14	1257.15
1026.30	1266.03
1026.46	1261.75
1026.62	1262.53
1026.78	1248.24
1026.94	1259.64
1027.10	1257.60
1027.26	1260.44
1027.43	1252.93
1027.59	1257.10
1027.75	1255.12
1027.91	1268.47
1028.07	1259.01
1028.23	1264.29
1028.39	1253.36
1028.55	1269.04
1028.71	1248.67
1028.87	1260.40
1029.03	1257.43
1029.19	1258.15
1029.36	1252.21
1029.52	1260.63
1029.68	1257.41
1029.84	1257.19
1030.00	1257.51
1030.16	1267.65
1030.32	1261.96
1030.48	1263.82
1030.64	1250.47
1030.80	1272.40
1030.96	1254.71
1031.12	1263.84
1031.28	1258.05
1031.44	1263.29
1031.60	1251.15
1031.76	1263.13
1031.92	1257.58
1032.08	1273.86
1032.24	1258.39
1032.40	1257.66
1032.56	1245.51
1032.73	1262.70
1032.89	1252.17
1033.05	1262.65
1033.21	1247.62
1033.37	1258.60
1033.53	1251.86
1033.69	1262.63
1033.85	1258.09
1034.01	1264.35
1034.17	1258.74
1034.33	1266.34
1034.49	1251.78
1034.65	1257.33
1034.81	1249.20
1034.97	1256.98
1035.13	1260.14
1035.29	1258.82
1035.45	1250.06
1035.61	1266.32
1035.77	1257.99
1035.93	1265.05
1036.09	1260.95
1036.25	1260.38
1036.41	1256.18
1036.57	1267.51
1036.73	1260.30
1036.88	1256.12
1037.04	1255.20
