345.52	1249.18
345.73	1249.18
345.94	1249.18
346.16	1246.11
346.37	1257.94
346.58	1239.70
346.79	1251.04
347.00	1250.26
347.22	1256.04
347.43	1250.49
347.64	1261.02
347.85	1246.62
348.06	1258.64
348.28	1253.66
348.49	1254.38
348.70	1255.49
348.91	1260.40
349.12	1247.32
349.34	1257.23
349.55	1251.84
349.76	1256.49
349.97	1250.14
350.18	1255.36
350.40	1253.52
350.61	1261.75
350.82	1251.60
351.03	1257.60
351.24	1251.37
351.46	1257.17
351.67	1248.63
351.88	1254.48
352.09	1255.12
352.30	1252.52
352.51	1246.43
352.73	1257.51
352.94	1258.95
353.15	1258.76
353.36	1257.72
353.57	1261.38
353.79	1253.44
354.00	1266.12
354.21	1262.47
354.42	1260.18
354.63	1251.74
354.84	1263.06
355.06	1255.28
355.27	1256.88
355.48	1245.53
355.69	1258.23
355.90	1250.90
356.11	1266.67
356.33	1256.29
356.54	1253.38
356.75	1252.97
356.96	1259.75
357.17	1255.94
357.38	1249.88
357.60	1253.87
357.81	1263.04
358.02	1249.26
358.23	1258.64
358.44	1253.13
358.65	1258.70
358.87	1260.48
359.08	1256.26
359.29	1252.68
359.50	1260.73
359.71	1245.74
359.92	1263.80
360.13	1248.93
360.35	1259.46
360.56	1252.78
360.77	1260.79
360.98	1250.71
361.19	1259.21
361.40	1257.35
361.62	1261.71
361.83	1252.54
362.04	1258.15
362.25	1253.46
362.46	1264.21
362.67	1253.32
362.88	1265.36
363.10	1250.98
363.31	1258.95
363.52	1253.03
363.73	1264.62
363.94	1259.73
364.15	1255.61
364.36	1258.76
364.57	1264.52
364.79	1255.20
365.00	1257.33
365.21	1251.64
365.42	1262.04
365.63	1252.31
365.84	1258.60
366.05	1248.63
366.27	1254.28
366.48	1249.16
366.69	1263.37
366.90	1258.93
367.11	1253.73
367.32	1253.44
367.53	1258.17
367.74	1256.37
367.95	1259.93
368.17	1255.55
368.38	1263.68
368.59	1256.80
368.80	1252.13
369.01	1249.79
369.22	1261.14
369.43	1257.29
369.64	1255.32
369.86	1253.27
370.07	1261.16
370.28	1253.48
370.49	1267.53
370.70	1256.45
370.91	1266.46
371.12	1260.26
371.33	1259.36
371.54	1258.11
371.76	1257.08
371.97	1251.64
372.18	1264.66
372.39	1257.96
372.60	1264.54
372.81	1255.10
373.02	1261.96
373.23	1259.11
373.44	1265.30
373.65	1263.35
373.87	1263.82
374.08	1256.04
374.29	1250.92
374.50	1259.87
374.71	1259.83
374.92	1263.76
375.13	1256.53
375.34	1256.10
375.55	1263.58
375.76	1256.37
375.97	1265.91
376.19	1256.37
376.40	1263.39
376.61	1255.67
376.82	1260.73
377.03	1259.69
377.24	1266.75
377.45	1262.86
377.66	1263.19
377.87	1261.86
378.08	1261.18
378.29	1260.09
378.50	1265.75
378.71	1260.50
378.93	1267.36
379.14	1256.18
379.35	1261.06
379.56	1256.55
379.77	1259.19
379.98	1258.89
380.19	1263.37
380.40	1259.81
380.61	1258.68
380.82	1256.31
381.03	1265.26
381.24	1254.61
381.45	1264.35
381.66	1262.14
381.88	1258.62
382.09	1253.99
382.30	1262.41
382.51	1257.33
382.72	1262.04
382.93	1254.40
383.14	1258.74
383.35	1262.90
383.56	1258.64
383.77	1250.84
383.98	1265.64
384.19	1256.31
384.40	1268.94
384.61	1254.97
384.82	1260.65
385.03	1255.88
385.24	1261.84
385.45	1260.57
385.67	1264.54
385.88	1259.07
386.09	1264.54
386.30	1258.44
386.51	1254.67
386.72	1255.63
386.93	1267.12
387.14	1250.51
387.35	1263.49
387.56	1255.53
387.77	1263.06
387.98	1246.91
388.19	1266.44
388.40	1257.17
388.61	1256.70
388.82	1257.66
389.03	1261.30
389.24	1251.72
389.45	1259.58
389.66	1258.11
389.87	1266.01
390.08	1257.19
390.29	1267.59
390.50	1254.83
390.71	1261.96
390.92	1258.78
391.13	1264.42
391.34	1254.20
391.55	1262.70
391.76	1254.93
391.98	1259.44
392.19	1246.76
392.40	1258.35
392.61	1258.52
392.82	1260.36
393.03	1261.26
393.24	1262.16
393.45	1260.36
393.66	1264.95
393.87	1264.37
394.08	1259.75
394.29	1256.37
394.50	1257.96
394.71	1254.44
394.92	1265.87
395.13	1253.93
395.34	1261.38
395.55	1251.21
395.76	1261.02
395.97	1257.58
396.18	1265.97
396.39	1262.47
396.60	1267.28
396.81	1255.81
397.02	1264.68
397.23	1252.66
397.44	1264.27
397.65	1259.97
397.86	1262.96
398.07	1258.13
398.28	1263.13
398.49	1249.45
398.70	1258.93
398.91	1254.69
399.12	1265.67
399.33	1254.46
399.54	1260.09
399.75	1258.05
399.96	1264.64
400.17	1252.80
400.38	1258.80
400.59	1256.51
400.80	1268.37
401.01	1256.59
401.22	1260.42
401.42	1252.82
401.63	1255.67
401.84	1252.64
402.05	1259.56
402.26	1266.48
402.47	1267.63
402.68	1258.27
402.89	1254.32
403.10	1253.36
403.31	1259.95
403.52	1250.55
403.73	1268.55
403.94	1255.55
404.15	1265.58
404.36	1252.05
404.57	1261.12
404.78	1253.23
404.99	1264.01
405.20	1256.70
405.41	1262.78
405.62	1261.69
405.83	1266.48
406.04	1258.23
406.25	1264.48
406.46	1263.43
406.67	1271.95
406.88	1263.41
407.09	1262.10
407.30	1262.18
407.50	1264.95
407.71	1251.00
407.92	1266.59
408.13	1253.62
408.34	1257.23
408.55	1267.26
408.76	1262.47
408.97	1267.51
409.18	1259.36
409.39	1258.72
409.60	1268.94
409.81	1256.20
410.02	1261.63
410.23	1253.50
410.44	1259.93
410.65	1253.07
410.86	1264.56
411.07	1246.56
411.27	1266.71
411.48	1259.36
411.69	1268.41
411.90	1261.06
412.11	1266.57
412.32	1254.75
412.53	1268.02
412.74	1251.47
412.95	1259.07
413.16	1260.32
413.37	1262.98
413.58	1259.17
413.79	1267.18
414.00	1247.27
414.20	1266.96
414.41	1264.35
414.62	1264.07
414.83	1250.00
415.04	1266.38
415.25	1264.72
415.46	1261.84
415.67	1262.80
415.88	1261.77
416.09	1251.58
416.30	1267.88
416.51	1256.43
416.71	1264.54
416.92	1252.37
417.13	1260.95
417.34	1256.08
417.55	1267.84
417.76	1258.13
417.97	1254.38
418.18	1258.25
418.39	1260.61
418.60	1253.68
418.81	1261.63
419.01	1250.45
419.22	1262.59
419.43	1257.70
419.64	1264.35
419.85	1253.73
420.06	1259.60
420.27	1258.56
420.48	1266.03
420.69	1263.23
420.90	1259.89
421.10	1256.86
421.31	1261.77
421.52	1258.60
421.73	1266.79
421.94	1252.84
422.15	1262.41
422.36	1260.59
422.57	1269.21
422.78	1258.68
422.98	1265.91
423.19	1258.44
423.40	1264.72
423.61	1262.02
423.82	1271.22
424.03	1261.32
424.24	1256.63
424.45	1253.62
424.65	1261.02
424.86	1260.36
425.07	1265.85
425.28	1257.43
425.49	1267.04
425.70	1257.90
425.91	1266.71
426.12	1259.11
426.32	1261.92
426.53	1256.55
426.74	1257.35
426.95	1257.74
427.16	1273.80
427.37	1262.49
427.58	1261.71
427.78	1260.05
427.99	1263.04
428.20	1254.16
428.41	1263.80
428.62	1250.37
428.83	1268.47
429.04	1248.22
429.24	1271.40
429.45	1255.34
429.66	1261.16
429.87	1257.60
430.08	1267.92
430.29	1254.01
430.50	1266.65
430.70	1252.91
430.91	1256.76
431.12	1256.74
431.33	1266.83
431.54	1266.87
431.75	1268.92
431.96	1262.74
432.16	1259.28
432.37	1250.84
432.58	1256.74
432.79	1257.72
433.00	1266.50
433.21	1260.67
433.41	1261.10
433.62	1254.11
433.83	1263.66
434.04	1257.47
434.25	1264.01
434.46	1254.57
434.66	1263.27
434.87	1258.29
435.08	1265.52
435.29	1259.40
435.50	1257.15
435.71	1260.50
435.91	1264.74
436.12	1259.38
436.33	1261.94
436.54	1262.27
436.75	1265.95
436.95	1255.51
437.16	1261.71
437.37	1259.28
437.58	1264.83
437.79	1265.58
438.00	1270.93
438.20	1254.36
438.41	1262.78
438.62	1258.80
438.83	1270.93
439.04	1258.60
439.24	1265.60
439.45	1259.11
439.66	1259.36
439.87	1266.12
440.08	1260.26
440.28	1263.51
440.49	1261.55
440.70	1260.40
440.91	1267.80
441.12	1265.15
441.32	1261.00
441.53	1259.66
441.74	1263.78
441.95	1256.33
442.16	1270.60
442.36	1261.96
442.57	1268.14
442.78	1264.21
442.99	1266.07
443.20	1258.62
443.40	1265.13
443.61	1259.56
443.82	1271.54
444.03	1257.43
444.24	1266.46
444.44	1254.32
444.65	1266.01
444.86	1256.78
445.07	1266.42
445.27	1262.70
445.48	1268.84
445.69	1261.49
445.90	1272.10
446.11	1256.61
446.31	1260.44
446.52	1261.55
446.73	1262.49
446.94	1257.10
447.14	1260.65
447.35	1262.41
447.56	1267.73
447.77	1260.34
447.97	1266.36
448.18	1262.43
448.39	1266.16
448.60	1264.05
448.81	1262.59
449.01	1263.23
449.22	1272.61
449.43	1256.84
449.64	1268.39
449.84	1265.69
450.05	1265.50
450.26	1259.54
450.47	1268.14
450.67	1261.59
450.88	1271.22
451.09	1263.47
451.30	1273.12
451.50	1264.27
451.71	1269.37
451.92	1264.15
452.13	1268.25
452.33	1264.52
452.54	1268.23
452.75	1261.84
452.96	1275.41
453.16	1263.66
453.37	1269.52
453.58	1261.65
453.79	1265.28
453.99	1263.47
454.20	1266.38
454.41	1261.81
454.61	1273.08
454.82	1271.62
455.03	1268.53
455.24	1261.77
455.44	1264.09
455.65	1271.99
455.86	1274.90
456.07	1262.78
456.27	1279.94
456.48	1262.59
456.69	1272.67
456.90	1264.46
457.10	1277.17
457.31	1262.78
457.52	1280.59
457.72	1267.69
457.93	1268.31
458.14	1265.91
458.35	1269.62
458.55	1264.54
458.76	1282.09
458.97	1267.86
459.17	1269.37
459.38	1265.34
459.59	1279.08
459.80	1264.68
460.00	1279.84
460.21	1274.82
460.42	1275.86
460.62	1269.56
460.83	1272.18
461.04	1277.24
461.25	1279.73
461.45	1278.34
461.66	1277.05
461.87	1274.70
462.07	1286.41
462.28	1276.07
462.49	1278.26
462.69	1275.72
462.90	1285.63
463.11	1282.19
463.31	1284.01
463.52	1279.33
463.73	1289.24
463.94	1275.25
464.14	1286.23
464.35	1278.87
464.56	1289.79
464.76	1284.26
464.97	1287.23
465.18	1274.33
465.38	1290.47
465.59	1287.76
465.80	1291.26
466.00	1287.68
466.21	1294.11
466.42	1284.75
466.62	1288.05
466.83	1287.05
467.04	1296.32
467.24	1292.02
467.45	1295.81
467.66	1294.99
467.86	1292.96
468.07	1290.36
468.28	1295.85
468.48	1288.46
468.69	1298.04
468.90	1298.15
469.10	1307.85
469.31	1295.69
469.52	1302.49
469.72	1291.90
469.93	1305.64
470.14	1296.94
470.34	1311.15
470.55	1305.05
470.76	1313.96
470.96	1306.42
471.17	1306.75
471.38	1303.43
471.58	1311.38
471.79	1307.87
472.00	1315.70
472.20	1308.14
472.41	1318.26
472.62	1318.50
472.82	1319.79
473.03	1318.38
473.24	1315.02
473.44	1313.40
473.65	1315.88
473.85	1314.88
474.06	1324.36
474.27	1315.49
474.47	1323.30
474.68	1326.12
474.89	1326.74
475.09	1315.12
475.30	1320.86
475.51	1319.94
475.71	1324.99
475.92	1325.20
476.12	1320.55
476.33	1320.20
476.54	1324.22
476.74	1322.64
476.95	1327.15
477.16	1319.53
477.36	1323.23
477.57	1320.82
477.77	1324.05
477.98	1315.29
478.19	1318.44
478.39	1311.21
478.60	1320.71
478.81	1316.74
479.01	1321.37
479.22	1318.15
479.42	1321.04
479.63	1321.51
479.84	1314.98
480.04	1308.55
480.25	1319.75
480.45	1313.03
480.66	1311.91
480.87	1312.77
481.07	1313.32
481.28	1303.59
481.48	1313.22
481.69	1313.71
481.90	1315.33
482.10	1306.75
482.31	1308.77
482.51	1310.23
482.72	1310.76
482.93	1307.57
483.13	1313.36
483.34	1305.33
483.54	1313.87
483.75	1302.65
483.96	1306.52
484.16	1314.28
484.37	1314.57
484.57	1307.12
484.78	1316.35
484.99	1312.15
485.19	1318.36
485.40	1316.86
485.60	1325.88
485.81	1317.27
486.01	1330.18
486.22	1341.17
486.43	1337.86
486.63	1339.08
486.84	1347.24
487.04	1347.56
487.25	1354.55
487.46	1359.44
487.66	1373.39
487.87	1384.88
488.07	1402.78
488.28	1405.93
488.48	1422.40
488.69	1429.11
488.89	1452.01
489.10	1449.59
489.31	1489.08
489.51	1503.43
489.72	1537.45
489.92	1569.79
490.13	1642.37
490.33	1713.00
490.54	1882.21
490.75	2098.31
490.95	2404.52
491.16	2781.98
491.36	3242.57
491.57	3773.48
491.77	4386.05
491.98	5029.75
492.18	5712.85
492.39	6429.15
492.59	7190.34
492.80	7917.82
493.01	8785.29
493.21	9512.14
493.42	10287.50
493.62	11193.87
493.83	11987.56
494.03	12818.20
494.24	13667.57
494.44	14353.11
494.65	15270.52
494.85	15956.34
495.06	16702.02
495.26	17206.89
495.47	17833.83
495.68	18393.54
495.88	18737.75
496.09	19034.42
496.29	19305.71
496.50	19361.72
496.70	19369.63
496.91	19291.27
497.11	18940.58
497.32	18719.77
497.52	18235.05
497.73	17622.03
497.93	17128.19
498.14	16431.63
498.34	15831.82
498.55	15170.08
498.75	14468.96
498.96	13824.16
499.16	12988.01
499.37	12213.04
499.57	11357.24
499.78	10551.73
499.98	9749.79
500.19	8944.07
500.39	8125.60
500.60	7342.19
500.80	6643.59
501.01	6010.36
501.21	5458.00
501.42	4994.07
501.62	4593.27
501.83	4247.55
502.03	4018.18
502.24	3777.91
502.44	3596.93
502.65	3454.78
502.85	3338.60
503.06	3215.72
503.26	3109.86
503.47	3018.09
503.67	2939.24
503.88	2876.66
504.08	2791.07
504.29	2712.37
504.49	2673.89
504.70	2597.44
504.90	2552.67
505.11	2482.81
505.31	2435.92
505.52	2382.48
505.72	2351.76
505.93	2296.74
506.13	2250.92
506.34	2229.15
506.54	2196.08
506.75	2143.49
506.95	2122.66
507.16	2095.40
507.36	2080.04
507.56	2051.43
507.77	2053.11
507.97	2031.05
508.18	2041.50
508.38	2033.61
508.59	2046.84
508.79	2066.38
509.00	2104.00
509.20	2122.76
509.41	2162.70
509.61	2200.91
509.82	2235.07
510.02	2265.01
510.22	2290.92
510.43	2328.27
510.63	2368.68
510.84	2391.90
511.04	2407.35
511.25	2420.97
511.45	2446.42
511.66	2448.76
511.86	2457.09
512.06	2447.75
512.27	2453.61
512.47	2418.16
512.68	2402.55
512.88	2363.54
513.09	2328.40
513.29	2285.45
513.50	2236.12
513.70	2177.89
513.90	2133.86
514.11	2065.95
514.31	2015.39
514.52	1964.88
514.72	1917.68
514.93	1871.86
515.13	1825.89
515.33	1790.74
515.54	1744.48
515.74	1709.07
515.95	1672.99
516.15	1639.97
516.36	1611.36
516.56	1582.65
516.76	1554.37
516.97	1520.56
517.17	1503.50
517.38	1483.67
517.58	1478.06
517.78	1460.22
517.99	1446.40
518.19	1427.09
518.40	1423.99
518.60	1402.94
518.81	1393.60
519.01	1375.52
519.21	1368.53
519.42	1353.95
519.62	1351.99
519.83	1336.14
520.03	1338.98
520.23	1317.48
520.44	1319.51
520.64	1307.24
520.85	1305.83
521.05	1297.76
521.25	1313.59
521.46	1303.29
521.66	1302.06
521.86	1295.59
522.07	1303.16
522.27	1295.81
522.48	1304.47
522.68	1297.29
522.88	1296.32
523.09	1297.53
523.29	1296.53
523.50	1292.27
523.70	1290.73
523.90	1283.65
524.11	1298.27
524.31	1282.58
524.51	1296.98
524.72	1286.55
524.92	1285.26
525.13	1284.57
525.33	1295.48
525.53	1284.75
525.74	1291.16
525.94	1281.25
526.14	1282.75
526.35	1281.33
526.55	1285.76
526.76	1282.81
526.96	1281.00
527.16	1268.51
527.37	1288.50
527.57	1274.41
527.77	1284.96
527.98	1275.93
528.18	1283.40
528.38	1273.10
528.59	1275.78
528.79	1272.94
528.99	1280.92
529.20	1274.27
529.40	1278.61
529.61	1269.78
529.81	1281.76
530.01	1270.38
530.22	1276.36
530.42	1274.74
530.62	1276.91
530.83	1271.30
531.03	1278.81
531.23	1277.95
531.44	1280.41
531.64	1266.71
531.84	1284.59
532.05	1270.27
532.25	1273.18
532.45	1267.18
532.66	1280.88
532.86	1270.56
533.06	1272.53
533.27	1276.03
533.47	1282.25
533.67	1276.62
533.88	1280.16
534.08	1274.14
534.28	1284.65
534.49	1273.61
534.69	1287.50
534.89	1275.00
535.09	1277.54
535.30	1273.80
535.50	1281.33
535.70	1271.71
535.91	1279.92
536.11	1266.93
536.31	1277.69
536.52	1277.81
536.72	1285.12
536.92	1273.14
537.13	1284.16
537.33	1274.14
537.53	1284.20
537.74	1280.33
537.94	1278.65
538.14	1278.59
538.34	1282.11
538.55	1272.05
538.75	1290.69
538.95	1282.17
539.16	1272.59
539.36	1278.90
539.56	1278.69
539.77	1274.61
539.97	1283.13
540.17	1271.07
540.37	1271.87
540.58	1270.81
540.78	1276.91
540.98	1271.24
541.19	1272.71
541.39	1270.38
541.59	1272.20
541.79	1275.04
542.00	1273.51
542.20	1263.84
542.40	1266.38
542.60	1265.54
542.81	1268.06
543.01	1262.76
543.21	1270.27
543.42	1260.61
543.62	1272.30
543.82	1262.55
544.02	1263.94
544.23	1268.92
544.43	1268.00
544.63	1257.58
544.83	1267.06
545.04	1270.56
545.24	1267.92
545.44	1266.98
545.64	1264.95
545.85	1255.88
546.05	1267.41
546.25	1260.52
546.45	1258.52
546.66	1265.13
546.86	1259.32
547.06	1258.52
547.27	1269.23
547.47	1262.22
547.67	1262.80
547.87	1264.89
548.07	1259.75
548.28	1259.52
548.48	1263.80
548.68	1259.66
548.88	1272.53
549.09	1257.27
549.29	1263.80
549.49	1262.45
549.69	1261.16
549.90	1250.04
550.10	1267.73
550.30	1255.24
550.50	1265.60
550.71	1262.57
550.91	1259.50
551.11	1264.76
551.31	1262.45
551.51	1259.97
551.72	1261.30
551.92	1256.96
552.12	1268.33
552.32	1253.17
552.53	1264.46
552.73	1254.97
552.93	1264.60
553.13	1263.70
553.33	1262.35
553.54	1249.81
553.74	1264.09
553.94	1260.95
554.14	1266.18
554.35	1267.04
554.55	1265.13
554.75	1251.02
554.95	1262.47
555.15	1258.35
555.36	1267.51
555.56	1256.18
555.76	1264.31
555.96	1252.54
556.16	1262.80
556.37	1257.80
556.57	1259.50
556.77	1256.59
556.97	1261.22
557.17	1255.40
557.38	1270.46
557.58	1250.78
557.78	1258.97
557.98	1260.83
558.18	1263.54
558.38	1256.33
558.59	1263.41
558.79	1251.74
558.99	1266.07
559.19	1263.27
559.39	1267.26
559.60	1257.02
559.80	1264.72
560.00	1251.78
560.20	1259.64
560.40	1256.78
560.60	1272.81
560.81	1257.51
561.01	1265.71
561.21	1256.76
561.41	1270.56
561.61	1251.72
561.81	1262.94
562.02	1262.59
562.22	1260.32
562.42	1254.46
562.62	1263.04
562.82	1257.76
563.02	1248.24
563.23	1255.55
563.43	1266.30
563.63	1253.27
563.83	1269.95
564.03	1258.54
564.23	1265.36
564.43	1254.18
564.64	1251.31
564.84	1258.99
565.04	1264.46
565.24	1259.87
565.44	1266.28
565.64	1254.14
565.85	1269.99
566.05	1253.89
566.25	1258.48
566.45	1260.52
566.65	1259.58
566.85	1259.15
567.05	1255.83
567.25	1255.73
567.46	1259.23
567.66	1257.02
567.86	1263.64
568.06	1255.59
568.26	1269.68
568.46	1251.04
568.66	1263.06
568.86	1265.30
569.07	1255.96
569.27	1257.92
569.47	1259.75
569.67	1255.00
569.87	1264.93
570.07	1254.93
570.27	1252.97
570.47	1253.75
570.68	1265.64
570.88	1260.20
571.08	1265.71
571.28	1251.17
571.48	1258.29
571.68	1254.09
571.88	1268.16
572.08	1253.32
572.28	1255.22
572.49	1256.78
572.69	1264.81
572.89	1249.30
573.09	1259.89
573.29	1255.90
573.49	1263.99
573.69	1253.91
573.89	1265.67
574.09	1258.95
574.29	1258.54
574.50	1256.76
574.70	1264.15
574.90	1259.81
575.10	1261.69
575.30	1253.58
575.50	1263.41
575.70	1261.24
575.90	1258.33
576.10	1261.61
576.30	1263.60
576.50	1258.11
576.70	1258.76
576.91	1260.38
577.11	1254.09
577.31	1251.02
577.51	1266.01
577.71	1255.73
577.91	1266.77
578.11	1260.03
578.31	1263.72
578.51	1257.02
578.71	1262.27
578.91	1253.79
579.11	1255.51
579.31	1257.88
579.51	1266.16
579.71	1250.10
579.92	1257.99
580.12	1256.06
580.32	1256.31
580.52	1255.28
580.72	1261.55
580.92	1251.04
581.12	1263.21
581.32	1261.02
581.52	1262.25
581.72	1252.91
581.92	1260.87
582.12	1250.90
582.32	1266.59
582.52	1255.94
582.72	1265.50
582.92	1255.88
583.12	1256.80
583.32	1257.90
583.52	1259.11
583.72	1253.66
583.92	1268.86
584.12	1253.21
584.33	1260.59
584.53	1254.42
584.73	1266.03
584.93	1264.50
585.13	1257.41
585.33	1260.67
585.53	1254.34
585.73	1255.83
585.93	1257.04
586.13	1252.84
586.33	1263.06
586.53	1259.34
586.73	1259.99
586.93	1252.93
587.13	1264.72
587.33	1253.19
587.53	1268.49
587.73	1260.85
587.93	1261.86
588.13	1253.73
588.33	1260.16
588.53	1252.29
588.73	1268.53
588.93	1256.29
589.13	1262.72
589.33	1257.35
589.53	1267.47
589.73	1247.87
589.93	1260.89
590.13	1255.90
590.33	1265.42
590.53	1248.34
590.73	1262.45
590.93	1256.78
591.13	1261.77
591.33	1248.56
591.53	1257.82
591.73	1259.73
591.93	1261.20
592.13	1260.73
592.33	1258.78
592.53	1262.65
592.73	1258.64
592.93	1253.34
593.13	1261.02
593.33	1258.33
593.53	1266.55
593.73	1255.53
593.93	1258.87
594.13	1256.47
594.33	1264.76
594.53	1249.14
594.73	1258.37
594.92	1260.52
595.12	1257.99
595.32	1250.35
595.52	1268.82
595.72	1251.25
595.92	1259.91
596.12	1258.89
596.32	1261.79
596.52	1257.08
596.72	1258.76
596.92	1253.13
597.12	1261.43
597.32	1252.52
597.52	1261.96
597.72	1259.38
597.92	1256.57
598.12	1254.40
598.32	1263.66
598.52	1268.31
598.72	1269.82
598.92	1255.20
599.12	1264.97
599.31	1261.12
599.51	1258.27
599.71	1249.98
599.91	1264.72
600.11	1259.42
600.31	1262.41
600.51	1255.38
600.71	1268.12
600.91	1255.16
601.11	1257.58
601.31	1255.30
601.51	1263.64
601.71	1259.42
601.91	1257.68
602.10	1258.70
602.30	1262.04
602.50	1252.23
602.70	1259.34
602.90	1257.06
603.10	1263.23
603.30	1256.98
603.50	1262.27
603.70	1255.92
603.90	1260.75
604.10	1262.16
604.30	1261.96
604.49	1258.91
604.69	1261.43
604.89	1260.81
605.09	1263.76
605.29	1259.50
605.49	1255.73
605.69	1255.04
605.89	1254.36
606.09	1253.46
606.29	1262.68
606.48	1251.39
606.68	1263.41
606.88	1253.11
607.08	1264.25
607.28	1251.66
607.48	1259.58
607.68	1251.80
607.88	1255.71
608.08	1253.81
608.27	1266.48
608.47	1256.65
608.67	1258.48
608.87	1250.16
609.07	1261.79
609.27	1257.29
609.47	1261.30
609.67	1259.95
609.87	1260.73
610.06	1256.80
610.26	1261.51
610.46	1258.25
610.66	1261.94
610.86	1264.15
611.06	1259.91
611.26	1255.81
611.45	1259.73
611.65	1260.93
611.85	1259.05
612.05	1256.51
612.25	1269.29
612.45	1247.85
612.65	1265.67
612.84	1257.99
613.04	1267.06
613.24	1261.36
613.44	1258.91
613.64	1253.34
613.84	1262.57
614.04	1256.80
614.23	1258.64
614.43	1253.36
614.63	1255.77
614.83	1250.69
615.03	1264.50
615.23	1262.27
615.42	1260.01
615.62	1246.13
615.82	1257.66
616.02	1256.55
616.22	1263.23
616.42	1254.67
616.61	1267.86
616.81	1255.26
617.01	1264.07
617.21	1258.82
617.41	1259.64
617.61	1259.01
617.80	1258.72
618.00	1252.93
618.20	1262.27
618.40	1252.72
618.60	1255.90
618.80	1252.17
618.99	1260.24
619.19	1252.17
619.39	1263.13
619.59	1261.32
619.79	1260.40
619.98	1252.48
620.18	1263.49
620.38	1257.99
620.58	1263.88
620.78	1254.26
620.97	1257.66
621.17	1258.35
621.37	1258.29
621.57	1249.98
621.77	1262.65
621.96	1256.59
622.16	1258.60
622.36	1259.99
622.56	1267.41
622.76	1256.88
622.95	1270.29
623.15	1258.56
623.35	1258.97
623.55	1251.25
623.75	1258.54
623.94	1249.73
624.14	1258.64
624.34	1256.59
624.54	1258.44
624.73	1252.41
624.93	1261.92
625.13	1255.75
625.33	1259.07
625.53	1261.96
625.72	1260.73
625.92	1256.14
626.12	1256.80
626.32	1251.02
626.51	1257.23
626.71	1253.77
626.91	1259.46
627.11	1255.98
627.30	1265.42
627.50	1256.41
627.70	1261.53
627.90	1255.69
628.10	1262.53
628.29	1254.07
628.49	1262.98
628.69	1255.79
628.89	1262.92
629.08	1258.01
629.28	1264.74
629.48	1252.01
629.68	1264.81
629.87	1253.27
630.07	1265.83
630.27	1257.56
630.47	1274.41
630.66	1257.74
630.86	1253.89
631.06	1265.13
631.25	1264.87
631.45	1256.47
631.65	1257.76
631.85	1260.73
632.04	1259.30
632.24	1251.88
632.44	1265.28
632.64	1255.81
632.83	1260.81
633.03	1260.55
633.23	1257.56
633.42	1258.17
633.62	1261.43
633.82	1253.97
634.02	1261.84
634.21	1258.85
634.41	1259.40
634.61	1257.39
634.81	1264.27
635.00	1258.95
635.20	1264.35
635.40	1261.41
635.59	1268.98
635.79	1266.24
635.99	1259.48
636.18	1258.66
636.38	1269.13
636.58	1255.32
636.78	1263.92
636.97	1257.90
637.17	1264.76
637.37	1264.44
637.56	1267.59
637.76	1259.26
637.96	1265.40
638.15	1266.32
638.35	1264.27
638.55	1267.94
638.74	1264.40
638.94	1261.28
639.14	1265.32
639.34	1257.96
639.53	1268.27
639.73	1259.30
639.93	1261.73
640.12	1255.36
640.32	1261.26
640.52	1255.77
640.71	1262.86
640.91	1265.67
641.11	1269.58
641.30	1261.28
641.50	1259.07
641.70	1257.41
641.89	1266.18
642.09	1262.96
642.29	1262.90
642.48	1258.60
642.68	1261.45
642.88	1256.22
643.07	1262.84
643.27	1261.51
643.47	1263.70
643.66	1256.96
643.86	1256.76
644.06	1258.62
644.25	1258.39
644.45	1259.93
644.65	1260.28
644.84	1259.01
645.04	1259.97
645.23	1249.90
645.43	1264.29
645.63	1253.77
645.82	1267.34
646.02	1255.12
646.22	1268.90
646.41	1261.41
646.61	1258.95
646.81	1260.77
647.00	1266.89
647.20	1253.89
647.39	1263.72
647.59	1257.53
647.79	1259.73
647.98	1256.61
648.18	1256.04
648.38	1255.32
648.57	1263.90
648.77	1254.85
648.96	1262.63
649.16	1253.11
649.36	1260.52
649.55	1262.33
649.75	1260.42
649.95	1253.19
650.14	1258.15
650.34	1249.65
650.53	1263.15
650.73	1250.45
650.93	1267.26
651.12	1252.74
651.32	1260.12
651.51	1261.65
651.71	1259.60
651.91	1255.10
652.10	1267.55
652.30	1255.65
652.49	1254.79
652.69	1255.04
652.89	1262.92
653.08	1259.03
653.28	1261.10
653.47	1255.47
653.67	1262.10
653.86	1259.93
654.06	1259.89
654.26	1256.18
654.45	1264.54
654.65	1255.79
654.84	1263.37
655.04	1258.46
655.24	1262.90
655.43	1256.12
655.63	1261.22
655.82	1258.03
656.02	1264.58
656.21	1258.80
656.41	1268.78
656.61	1255.81
656.80	1265.40
657.00	1252.74
657.19	1261.06
657.39	1247.93
657.58	1265.07
657.78	1256.82
657.97	1266.05
658.17	1258.09
658.37	1259.38
658.56	1264.13
658.76	1264.35
658.95	1262.02
659.15	1267.49
659.34	1258.25
659.54	1263.13
659.73	1254.87
659.93	1263.56
660.13	1258.42
660.32	1260.98
660.52	1257.39
660.71	1264.23
660.91	1253.36
661.10	1266.81
661.30	1254.36
661.49	1258.15
661.69	1260.03
661.88	1270.93
662.08	1266.12
662.27	1251.86
662.47	1262.86
662.66	1258.25
662.86	1249.96
663.06	1269.68
663.25	1256.37
663.45	1265.48
663.64	1258.27
663.84	1261.53
664.03	1258.11
664.23	1263.76
664.42	1258.54
664.62	1257.53
664.81	1252.29
665.01	1263.76
665.20	1255.22
665.40	1258.58
665.59	1256.82
665.79	1264.05
665.98	1253.27
666.18	1265.19
666.37	1255.79
666.57	1263.54
666.76	1253.95
666.96	1258.64
667.15	1261.36
667.35	1260.50
667.54	1260.36
667.74	1264.60
667.93	1262.31
668.13	1262.10
668.32	1251.86
668.52	1259.99
668.71	1259.21
668.91	1263.94
669.10	1258.19
669.30	1256.74
669.49	1258.80
669.68	1255.63
669.88	1252.09
670.07	1257.60
670.27	1252.17
670.46	1266.30
670.66	1252.17
670.85	1257.21
671.05	1254.63
671.24	1262.80
671.44	1251.80
671.63	1262.20
671.83	1253.83
672.02	1260.52
672.22	1249.73
672.41	1262.59
672.60	1254.38
672.80	1263.39
672.99	1251.55
673.19	1262.37
673.38	1260.44
673.58	1260.03
673.77	1258.80
673.97	1259.44
674.16	1254.69
674.36	1266.42
674.55	1254.63
674.74	1263.39
674.94	1259.85
675.13	1265.56
675.33	1245.76
675.52	1257.76
675.72	1259.73
675.91	1262.27
676.10	1248.09
676.30	1261.92
676.49	1255.71
676.69	1263.31
676.88	1261.65
677.08	1264.56
677.27	1253.05
677.46	1265.05
677.66	1248.22
677.85	1259.07
678.05	1252.91
678.24	1260.44
678.44	1252.39
678.63	1265.69
678.82	1263.13
679.02	1268.86
679.21	1255.79
679.41	1267.02
679.60	1261.45
679.79	1261.36
679.99	1259.26
680.18	1261.34
680.38	1250.45
680.57	1258.09
680.76	1257.66
680.96	1262.70
681.15	1254.71
681.35	1264.05
681.54	1252.54
681.73	1256.12
681.93	1259.66
682.12	1261.45
682.32	1257.21
682.51	1265.77
682.70	1251.45
682.90	1266.91
683.09	1249.49
683.29	1258.50
683.48	1253.09
683.67	1256.49
683.87	1256.94
684.06	1263.80
684.25	1255.00
684.45	1259.75
684.64	1254.30
684.84	1260.93
685.03	1257.15
685.22	1262.10
685.42	1248.93
685.61	1262.96
685.80	1259.01
686.00	1264.95
686.19	1260.75
686.38	1269.21
686.58	1250.35
686.77	1261.41
686.96	1253.91
687.16	1265.30
687.35	1257.76
687.55	1266.30
687.74	1260.67
687.93	1257.27
688.13	1256.92
688.32	1263.08
688.51	1253.38
688.71	1260.93
688.90	1255.71
689.09	1260.16
689.29	1254.69
689.48	1255.61
689.67	1255.12
689.87	1257.13
690.06	1252.68
690.25	1260.48
690.45	1259.09
690.64	1258.76
690.83	1259.13
691.03	1260.12
691.22	1254.77
691.41	1256.88
691.61	1257.45
691.80	1261.38
691.99	1256.45
692.19	1267.92
692.38	1256.70
692.57	1261.65
692.76	1255.32
692.96	1262.96
693.15	1254.57
693.34	1263.06
693.54	1258.66
693.73	1262.68
693.92	1255.02
694.12	1257.35
694.31	1255.08
694.50	1264.99
694.70	1250.86
694.89	1251.92
695.08	1252.60
695.27	1256.14
695.47	1254.93
695.66	1262.29
695.85	1252.03
696.05	1267.16
696.24	1247.72
696.43	1261.51
696.62	1254.14
696.82	1259.64
697.01	1262.55
697.20	1259.69
697.40	1256.49
697.59	1257.13
697.78	1253.46
697.97	1254.18
698.17	1247.48
698.36	1258.95
698.55	1252.48
698.74	1257.88
698.94	1260.50
699.13	1263.64
699.32	1255.94
699.52	1260.87
699.71	1259.73
699.90	1262.37
700.09	1249.79
700.29	1259.11
700.48	1251.60
700.67	1261.20
700.86	1251.55
701.06	1263.27
701.25	1258.62
701.44	1264.60
701.63	1249.71
701.83	1258.31
702.02	1259.07
702.21	1255.59
702.40	1250.37
702.60	1265.44
702.79	1255.24
702.98	1264.66
703.17	1251.68
703.37	1267.75
703.56	1258.21
703.75	1263.23
703.94	1254.65
704.13	1257.08
704.33	1249.98
704.52	1257.62
704.71	1256.02
704.90	1264.81
705.10	1253.32
705.29	1258.11
705.48	1253.68
705.67	1260.83
705.86	1253.25
706.06	1256.04
706.25	1256.78
706.44	1258.78
706.63	1260.87
706.83	1258.13
707.02	1246.54
707.21	1260.61
707.40	1254.50
707.59	1258.15
707.79	1257.15
707.98	1258.68
708.17	1259.19
708.36	1260.73
708.55	1262.94
708.75	1265.93
708.94	1246.89
709.13	1264.05
709.32	1252.21
709.51	1259.66
709.71	1249.71
709.90	1267.47
710.09	1260.01
710.28	1255.32
710.47	1255.20
710.66	1252.80
710.86	1262.20
711.05	1256.16
711.24	1246.35
711.43	1262.61
711.62	1260.83
711.82	1265.05
712.01	1261.38
712.20	1263.33
712.39	1254.75
712.58	1263.00
712.77	1259.99
712.97	1252.80
713.16	1254.09
713.35	1262.92
713.54	1255.28
713.73	1265.09
713.92	1266.03
714.11	1259.99
714.31	1253.44
714.50	1257.62
714.69	1258.93
714.88	1252.07
715.07	1264.68
715.26	1270.66
715.46	1253.75
715.65	1259.05
715.84	1256.88
716.03	1259.77
716.22	1255.18
716.41	1263.41
716.60	1257.60
716.80	1266.55
716.99	1264.81
717.18	1262.57
717.37	1252.58
717.56	1257.68
717.75	1255.92
717.94	1262.59
718.13	1257.94
718.33	1268.74
718.52	1246.13
718.71	1260.36
718.90	1251.53
719.09	1269.80
719.28	1247.99
719.47	1260.77
719.66	1258.31
719.85	1261.98
720.05	1254.03
720.24	1266.69
720.43	1256.57
720.62	1261.16
720.81	1257.60
721.00	1262.47
721.19	1255.83
721.38	1267.86
721.57	1254.18
721.77	1262.59
721.96	1258.17
722.15	1255.73
722.34	1251.84
722.53	1255.34
722.72	1260.81
722.91	1256.80
723.10	1252.74
723.29	1269.58
723.48	1248.24
723.67	1261.69
723.87	1262.68
724.06	1257.72
724.25	1250.76
724.44	1261.16
724.63	1262.98
724.82	1258.93
725.01	1259.01
725.20	1258.50
725.39	1257.56
725.58	1264.11
725.77	1248.63
725.96	1269.09
726.15	1261.41
726.34	1259.23
726.54	1250.20
726.73	1262.25
726.92	1250.74
727.11	1259.46
727.30	1262.68
727.49	1263.00
727.68	1260.14
727.87	1263.27
728.06	1253.54
728.25	1262.22
728.44	1260.24
728.63	1258.82
728.82	1261.84
729.01	1268.39
729.20	1254.54
729.39	1260.67
729.58	1251.21
729.77	1265.40
729.96	1252.15
730.15	1265.46
730.34	1258.95
730.53	1258.25
730.73	1253.77
730.92	1252.48
731.11	1250.49
731.30	1267.02
731.49	1269.39
731.68	1262.55
731.87	1257.45
732.06	1259.09
732.25	1258.76
732.44	1261.04
732.63	1261.88
732.82	1259.44
733.01	1251.43
733.20	1263.25
733.39	1256.86
733.58	1263.41
733.77	1251.82
733.96	1265.77
734.15	1258.60
734.34	1260.93
734.53	1252.93
734.72	1263.06
734.91	1259.54
735.10	1258.91
735.29	1251.10
735.48	1265.40
735.67	1248.34
735.86	1262.59
736.05	1262.74
736.24	1260.42
736.43	1254.11
736.62	1262.86
736.81	1255.45
737.00	1272.91
737.19	1253.66
737.38	1262.20
737.57	1257.74
737.76	1263.15
737.95	1253.15
738.14	1254.18
738.33	1250.35
738.51	1262.82
738.70	1257.56
738.89	1259.79
739.08	1256.49
739.27	1257.51
739.46	1251.58
739.65	1258.80
739.84	1252.76
740.03	1261.34
740.22	1254.26
740.41	1266.67
740.60	1253.75
740.79	1256.78
740.98	1247.99
741.17	1268.78
741.36	1258.74
741.55	1257.64
741.74	1252.64
741.93	1260.03
742.12	1251.04
742.31	1256.33
742.50	1255.79
742.68	1258.50
742.87	1252.93
743.06	1256.08
743.25	1250.80
743.44	1263.39
743.63	1251.10
743.82	1260.12
744.01	1253.85
744.20	1261.20
744.39	1254.93
744.58	1258.78
744.77	1261.26
744.96	1259.34
745.14	1257.99
745.33	1262.47
745.52	1246.35
745.71	1264.95
745.90	1251.86
746.09	1268.66
746.28	1253.62
746.47	1251.02
746.66	1255.98
746.85	1264.31
747.04	1256.20
747.22	1257.17
747.41	1253.01
747.60	1268.55
747.79	1258.05
747.98	1256.59
748.17	1257.39
748.36	1261.41
748.55	1250.65
748.74	1256.02
748.93	1252.11
749.11	1261.96
749.30	1256.33
749.49	1264.19
749.68	1256.72
749.87	1256.88
750.06	1248.16
750.25	1266.22
750.44	1254.77
750.62	1259.30
750.81	1253.32
751.00	1257.49
751.19	1249.26
751.38	1265.54
751.57	1257.45
751.76	1262.04
751.95	1249.85
752.13	1263.74
752.32	1249.81
752.51	1260.16
752.70	1250.55
752.89	1262.16
753.08	1256.06
753.27	1262.16
753.45	1254.63
753.64	1262.41
753.83	1248.07
754.02	1257.92
754.21	1260.57
754.40	1256.90
754.58	1256.29
754.77	1264.23
754.96	1254.34
755.15	1256.86
755.34	1255.88
755.53	1261.26
755.71	1255.94
755.90	1261.55
756.09	1258.74
756.28	1263.15
756.47	1255.88
756.66	1256.29
756.84	1249.85
757.03	1248.61
757.22	1253.07
757.41	1271.17
757.60	1250.69
757.79	1261.14
757.97	1257.39
758.16	1261.75
758.35	1257.17
758.54	1254.89
758.73	1252.27
758.91	1255.86
759.10	1252.07
759.29	1257.88
759.48	1252.87
759.67	1257.13
759.85	1251.94
760.04	1264.99
760.23	1250.24
760.42	1262.08
760.61	1252.76
760.79	1253.66
760.98	1259.13
761.17	1261.10
761.36	1258.97
761.55	1257.08
761.73	1250.24
761.92	1256.35
762.11	1250.65
762.30	1256.92
762.49	1259.66
762.67	1254.26
762.86	1247.70
763.05	1270.36
763.24	1254.77
763.42	1263.02
763.61	1252.76
763.80	1259.11
763.99	1245.80
764.17	1256.12
764.36	1250.37
764.55	1264.35
764.74	1250.45
764.92	1260.63
765.11	1254.28
765.30	1263.00
765.49	1255.02
765.68	1259.34
765.86	1244.73
766.05	1262.06
766.24	1256.31
766.43	1259.64
766.61	1251.19
766.80	1260.63
766.99	1250.51
767.17	1261.57
767.36	1250.14
767.55	1256.02
767.74	1258.72
767.92	1264.05
768.11	1255.81
768.30	1266.16
768.49	1254.77
768.67	1255.79
768.86	1249.45
769.05	1253.17
769.24	1248.87
769.42	1262.61
769.61	1253.89
769.80	1267.39
769.98	1257.56
770.17	1260.40
770.36	1254.16
770.55	1266.65
770.73	1247.48
770.92	1257.64
771.11	1260.34
771.29	1259.99
771.48	1257.47
771.67	1255.32
771.86	1253.36
772.04	1261.24
772.23	1256.39
772.42	1259.54
772.60	1250.80
772.79	1261.71
772.98	1249.34
773.16	1269.31
773.35	1254.20
773.54	1267.88
773.72	1253.87
773.91	1263.68
774.10	1261.47
774.29	1259.11
774.47	1253.81
774.66	1261.98
774.85	1251.06
775.03	1260.85
775.22	1250.69
775.41	1265.01
775.59	1252.99
775.78	1257.15
775.97	1258.42
776.15	1260.12
776.34	1256.55
776.53	1259.40
776.71	1246.11
776.90	1258.56
777.09	1255.83
777.27	1262.53
777.46	1255.24
777.65	1264.09
777.83	1256.43
778.02	1262.59
778.21	1253.25
778.39	1264.68
778.58	1253.17
778.76	1254.79
778.95	1252.19
779.14	1259.50
779.32	1253.21
779.51	1261.51
779.70	1250.14
779.88	1260.67
780.07	1257.68
780.26	1262.92
780.44	1250.08
780.63	1262.04
780.81	1248.16
781.00	1260.48
781.19	1251.74
781.37	1267.14
781.56	1257.74
781.75	1264.52
781.93	1248.67
782.12	1258.99
782.30	1253.93
782.49	1256.47
782.68	1251.68
782.86	1263.88
783.05	1260.07
783.23	1257.62
783.42	1256.88
783.61	1261.24
783.79	1253.95
783.98	1258.39
784.16	1250.80
784.35	1260.05
784.54	1257.51
784.72	1265.95
784.91	1252.52
785.09	1263.74
785.28	1249.94
785.47	1263.39
785.65	1260.05
785.84	1260.26
786.02	1256.53
786.21	1268.92
786.40	1254.63
786.58	1260.03
786.77	1253.93
786.95	1253.48
787.14	1256.06
787.32	1261.08
787.51	1267.34
787.70	1263.23
787.88	1257.27
788.07	1261.32
788.25	1258.89
788.44	1262.88
788.62	1257.74
788.81	1255.26
789.00	1253.34
789.18	1259.40
789.37	1250.90
789.55	1265.95
789.74	1253.01
789.92	1265.75
790.11	1252.99
790.29	1257.88
790.48	1248.20
790.67	1259.26
790.85	1259.40
791.04	1263.02
791.22	1260.55
791.41	1253.68
791.59	1254.22
791.78	1258.93
791.96	1258.64
792.15	1264.21
792.33	1254.65
792.52	1254.46
792.70	1255.63
792.89	1259.62
793.07	1245.78
793.26	1261.47
793.45	1256.04
793.63	1263.56
793.82	1259.36
794.00	1266.10
794.19	1259.03
794.37	1260.71
794.56	1251.84
794.74	1257.49
794.93	1251.49
795.11	1267.51
795.30	1249.98
795.48	1261.84
795.67	1253.09
795.85	1258.78
796.04	1253.34
796.22	1265.81
796.41	1256.49
796.59	1264.91
796.78	1251.66
796.96	1261.47
797.15	1260.52
797.33	1261.24
797.52	1253.01
797.70	1260.75
797.89	1247.40
798.07	1265.64
798.26	1256.57
798.44	1259.87
798.63	1260.32
798.81	1255.67
798.99	1252.68
799.18	1257.60
799.36	1255.04
799.55	1257.76
799.73	1252.11
799.92	1262.25
800.10	1254.87
800.29	1260.26
800.47	1259.01
800.66	1260.69
800.84	1258.85
801.03	1257.62
801.21	1258.70
801.39	1264.27
801.58	1245.98
801.76	1257.27
801.95	1248.97
802.13	1258.74
802.32	1249.92
802.50	1258.95
802.69	1252.62
802.87	1261.98
803.06	1253.93
803.24	1259.30
803.42	1244.71
803.61	1260.63
803.79	1251.55
803.98	1260.52
804.16	1256.94
804.35	1260.36
804.53	1254.48
804.71	1268.20
804.90	1249.20
805.08	1258.99
805.27	1247.72
805.45	1259.71
805.63	1247.68
805.82	1255.55
806.00	1248.30
806.19	1255.88
806.37	1258.46
806.56	1260.67
806.74	1254.63
806.92	1256.88
807.11	1256.88
807.29	1261.73
807.48	1250.88
807.66	1256.92
807.84	1252.66
808.03	1252.74
808.21	1251.68
808.40	1255.75
808.58	1251.88
808.76	1268.88
808.95	1260.42
809.13	1259.09
809.32	1258.66
809.50	1254.59
809.68	1253.07
809.87	1256.70
810.05	1256.41
810.23	1260.83
810.42	1251.82
810.60	1262.53
810.79	1247.19
810.97	1260.48
811.15	1253.99
811.34	1258.80
811.52	1253.32
811.70	1258.64
811.89	1248.71
812.07	1258.33
812.25	1252.70
812.44	1261.36
812.62	1257.72
812.81	1257.58
812.99	1255.51
813.17	1261.04
813.36	1253.81
813.54	1258.58
813.72	1253.60
813.91	1260.89
814.09	1252.50
814.27	1260.22
814.46	1250.41
814.64	1262.53
814.82	1253.95
815.01	1260.95
815.19	1249.59
815.37	1258.48
815.56	1262.10
815.74	1258.48
815.92	1250.47
816.11	1260.03
816.29	1251.27
816.47	1255.81
816.66	1261.69
816.84	1260.93
817.02	1261.00
817.21	1249.79
817.39	1250.92
817.57	1261.51
817.76	1250.49
817.94	1259.77
818.12	1255.24
818.30	1256.86
818.49	1256.67
818.67	1262.08
818.85	1253.71
819.04	1259.73
819.22	1258.95
819.40	1264.09
819.59	1251.17
819.77	1253.64
819.95	1245.86
820.13	1261.79
820.32	1251.55
820.50	1259.60
820.68	1252.46
820.87	1262.04
821.05	1252.11
821.23	1265.62
821.41	1253.50
821.60	1254.42
821.78	1258.19
821.96	1260.20
822.14	1253.52
822.33	1260.38
822.51	1261.36
822.69	1258.48
822.88	1252.80
823.06	1263.29
823.24	1252.48
823.42	1255.10
823.61	1253.23
823.79	1259.99
823.97	1253.25
824.15	1259.93
824.34	1247.97
824.52	1262.37
824.70	1256.26
824.88	1258.33
825.07	1254.67
825.25	1266.12
825.43	1253.60
825.61	1262.20
825.80	1251.92
825.98	1259.11
826.16	1253.95
826.34	1258.95
826.53	1254.52
826.71	1256.47
826.89	1252.15
827.07	1262.78
827.25	1250.37
827.44	1263.43
827.62	1248.89
827.80	1261.45
827.98	1251.21
828.17	1262.68
828.35	1252.78
828.53	1254.63
828.71	1250.90
828.89	1254.61
829.08	1247.38
829.26	1262.10
829.44	1252.93
829.62	1259.50
829.80	1247.34
829.99	1263.97
830.17	1249.77
830.35	1259.28
830.53	1263.72
830.71	1263.31
830.90	1257.02
831.08	1253.40
831.26	1251.82
831.44	1257.94
831.62	1247.64
831.81	1264.03
831.99	1250.63
832.17	1257.82
832.35	1251.64
832.53	1251.27
832.71	1253.77
832.90	1257.66
833.08	1251.66
833.26	1266.87
833.44	1254.38
833.62	1260.30
833.81	1258.76
833.99	1258.60
834.17	1243.63
834.35	1259.60
834.53	1258.31
834.71	1254.32
834.89	1250.16
835.08	1260.75
835.26	1251.17
835.44	1256.47
835.62	1250.88
835.80	1260.83
835.98	1255.53
836.17	1254.83
836.35	1256.88
836.53	1259.54
836.71	1255.49
836.89	1259.69
837.07	1247.44
837.25	1257.02
837.44	1251.76
837.62	1266.77
837.80	1256.63
837.98	1255.40
838.16	1264.09
838.34	1260.83
838.52	1257.64
838.70	1256.35
838.89	1257.51
839.07	1263.86
839.25	1252.62
839.43	1261.41
839.61	1258.64
839.79	1253.99
839.97	1256.47
840.15	1263.13
840.33	1254.83
840.52	1258.05
840.70	1250.20
840.88	1260.98
841.06	1251.41
841.24	1264.62
841.42	1252.89
841.60	1259.75
841.78	1248.03
841.96	1254.77
842.14	1256.70
842.33	1253.56
842.51	1253.66
842.69	1266.75
842.87	1251.58
843.05	1264.23
843.23	1251.15
843.41	1260.50
843.59	1253.36
843.77	1258.42
843.95	1250.14
844.13	1259.79
844.31	1256.94
844.49	1262.49
844.68	1253.71
844.86	1260.52
845.04	1249.92
845.22	1256.49
845.40	1253.07
845.58	1259.13
845.76	1252.21
845.94	1259.54
846.12	1257.64
846.30	1258.46
846.48	1251.27
846.66	1252.91
846.84	1251.82
847.02	1261.38
847.20	1258.85
847.38	1258.54
847.56	1252.48
847.74	1262.45
847.92	1252.74
848.11	1251.98
848.29	1266.10
848.47	1256.57
848.65	1251.64
848.83	1261.34
849.01	1250.59
849.19	1258.48
849.37	1261.36
849.55	1260.65
849.73	1250.94
849.91	1254.01
850.09	1255.51
850.27	1258.13
850.45	1255.16
850.63	1251.98
850.81	1256.86
850.99	1259.89
851.17	1259.71
851.35	1258.97
851.53	1253.44
851.71	1263.72
851.89	1250.76
852.07	1255.40
852.25	1255.04
852.43	1257.53
852.61	1249.18
852.79	1260.61
852.97	1254.85
853.15	1255.71
853.33	1257.80
853.51	1260.24
853.69	1247.07
853.87	1258.82
854.05	1257.27
854.23	1264.35
854.41	1256.51
854.59	1258.93
854.77	1254.91
854.95	1254.22
855.13	1251.45
855.31	1258.35
855.49	1261.61
855.67	1254.65
855.84	1248.93
856.02	1255.40
856.20	1250.53
856.38	1257.72
856.56	1254.20
856.74	1255.20
856.92	1257.06
857.10	1260.01
857.28	1252.11
857.46	1261.96
857.64	1253.73
857.82	1259.05
858.00	1248.56
858.18	1263.27
858.36	1257.74
858.54	1264.37
858.72	1257.37
858.90	1261.94
859.08	1260.98
859.25	1255.51
859.43	1254.73
859.61	1261.20
859.79	1254.59
859.97	1262.84
860.15	1255.22
860.33	1265.97
860.51	1256.57
860.69	1257.82
860.87	1253.97
861.05	1266.36
861.23	1258.03
861.41	1259.44
861.58	1247.87
861.76	1256.43
861.94	1256.61
862.12	1260.28
862.30	1256.82
862.48	1253.07
862.66	1251.27
862.84	1261.77
863.02	1254.28
863.20	1261.43
863.37	1247.50
863.55	1259.11
863.73	1250.18
863.91	1259.97
864.09	1261.53
864.27	1256.92
864.45	1248.30
864.63	1261.92
864.80	1251.74
864.98	1262.20
865.16	1258.48
865.34	1256.57
865.52	1256.29
865.70	1257.86
865.88	1252.60
866.06	1263.49
866.23	1253.17
866.41	1261.02
866.59	1254.03
866.77	1260.95
866.95	1248.81
867.13	1264.81
867.31	1252.72
867.48	1262.12
867.66	1255.98
867.84	1259.34
868.02	1256.26
868.20	1255.30
868.38	1254.44
868.56	1263.70
868.73	1253.48
868.91	1257.99
869.09	1249.69
869.27	1254.63
869.45	1257.45
869.63	1265.56
869.80	1263.04
869.98	1257.68
870.16	1258.62
870.34	1262.37
870.52	1261.77
870.70	1255.22
870.87	1253.50
871.05	1256.72
871.23	1255.45
871.41	1257.27
871.59	1255.00
871.76	1257.31
871.94	1248.13
872.12	1260.87
872.30	1252.39
872.48	1259.11
872.65	1258.89
872.83	1263.45
873.01	1254.61
873.19	1260.03
873.37	1252.52
873.54	1261.24
873.72	1255.16
873.90	1255.20
874.08	1260.44
874.26	1257.78
874.43	1255.32
874.61	1258.52
874.79	1247.77
874.97	1259.03
875.15	1261.04
875.32	1261.69
875.50	1255.28
875.68	1265.36
875.86	1253.40
876.03	1252.91
876.21	1257.02
876.39	1261.67
876.57	1251.60
876.74	1264.13
876.92	1251.74
877.10	1254.32
877.28	1250.16
877.45	1256.90
877.63	1253.54
877.81	1260.81
877.99	1252.91
878.17	1263.74
878.34	1249.22
878.52	1262.43
878.70	1247.81
878.87	1263.25
879.05	1251.21
879.23	1256.78
879.41	1246.56
879.58	1255.24
879.76	1252.01
879.94	1258.54
880.12	1255.77
880.29	1258.58
880.47	1247.38
880.65	1259.95
880.83	1244.94
881.00	1262.82
881.18	1253.05
881.36	1260.42
881.53	1253.52
881.71	1250.69
881.89	1252.29
882.07	1254.44
882.24	1250.65
882.42	1257.99
882.60	1253.17
882.77	1256.76
882.95	1252.46
883.13	1255.55
883.30	1257.58
883.48	1258.39
883.66	1251.49
883.84	1261.47
884.01	1264.83
884.19	1261.00
884.37	1255.88
884.54	1264.54
884.72	1257.78
884.90	1258.46
885.07	1255.75
885.25	1262.78
885.43	1250.84
885.60	1259.56
885.78	1254.28
885.96	1257.62
886.13	1253.77
886.31	1256.80
886.49	1259.15
886.66	1256.70
886.84	1256.74
887.02	1256.06
887.19	1248.93
887.37	1261.90
887.55	1253.01
887.72	1256.57
887.90	1256.14
888.08	1265.36
888.25	1255.08
888.43	1261.04
888.61	1256.90
888.78	1262.86
888.96	1248.59
889.14	1264.07
889.31	1254.91
889.49	1255.81
889.67	1254.79
889.84	1262.74
890.02	1251.45
890.19	1262.78
890.37	1250.43
890.55	1270.50
890.72	1255.38
890.90	1264.19
891.08	1253.05
891.25	1257.06
891.43	1252.23
891.60	1260.85
891.78	1261.41
891.96	1258.17
892.13	1253.36
892.31	1257.76
892.48	1256.18
892.66	1263.64
892.84	1252.97
893.01	1263.06
893.19	1256.18
893.36	1255.20
893.54	1256.02
893.72	1264.07
893.89	1252.64
894.07	1262.86
894.24	1250.55
894.42	1282.66
894.60	1252.78
894.77	1256.88
894.95	1257.35
895.12	1262.80
895.30	1254.73
895.48	1268.20
895.65	1245.53
895.83	1258.99
896.00	1259.05
896.18	1253.85
896.35	1253.79
896.53	1263.29
896.71	1255.96
896.88	1264.31
897.06	1257.90
897.23	1263.11
897.41	1252.39
897.58	1263.33
897.76	1258.74
897.93	1255.92
898.11	1251.94
898.29	1257.29
898.46	1253.17
898.64	1260.75
898.81	1255.96
898.99	1260.50
899.16	1260.05
899.34	1254.11
899.51	1258.56
899.69	1263.97
899.86	1247.13
900.04	1265.54
900.21	1258.39
900.39	1259.01
900.57	1250.61
900.74	1254.09
900.92	1251.06
901.09	1261.06
901.27	1249.65
901.44	1259.69
901.62	1256.90
901.79	1262.06
901.97	1256.55
902.14	1262.27
902.32	1256.16
902.49	1262.55
902.67	1258.58
902.84	1261.75
903.02	1249.88
903.19	1267.10
903.37	1260.81
903.54	1264.83
903.72	1255.55
903.89	1256.90
904.07	1247.34
904.24	1266.14
904.42	1256.31
904.59	1262.20
904.77	1256.61
904.94	1258.78
905.12	1253.05
905.29	1254.63
905.47	1256.86
905.64	1258.50
905.82	1253.99
905.99	1259.32
906.16	1256.80
906.34	1260.95
906.51	1251.90
906.69	1263.33
906.86	1250.16
907.04	1256.94
907.21	1257.99
907.39	1258.99
907.56	1256.57
907.74	1259.91
907.91	1254.63
908.09	1258.93
908.26	1255.10
908.43	1258.29
908.61	1251.72
908.78	1256.18
908.96	1255.57
909.13	1262.22
909.31	1247.64
909.48	1259.17
909.65	1252.68
909.83	1257.99
910.00	1253.56
910.18	1258.91
910.35	1263.97
910.53	1253.36
910.70	1253.48
910.87	1263.72
911.05	1252.91
911.22	1261.38
911.40	1247.32
911.57	1254.09
911.75	1261.65
911.92	1256.39
912.09	1255.94
912.27	1259.32
912.44	1248.44
912.62	1257.64
912.79	1246.00
912.96	1260.85
913.14	1249.55
913.31	1258.35
913.49	1253.64
913.66	1260.71
913.83	1251.78
914.01	1263.17
914.18	1257.15
914.36	1265.30
914.53	1248.05
914.70	1265.91
914.88	1261.10
915.05	1267.36
915.22	1257.27
915.40	1261.22
915.57	1262.33
915.75	1255.51
915.92	1258.42
916.09	1266.26
916.27	1263.82
916.44	1263.23
916.61	1252.13
916.79	1262.45
916.96	1251.60
917.13	1258.35
917.31	1255.40
917.48	1259.01
917.66	1252.15
917.83	1270.31
918.00	1252.41
918.18	1257.72
918.35	1256.92
918.52	1269.64
918.70	1254.11
918.87	1262.22
919.04	1250.86
919.22	1264.29
919.39	1249.98
919.56	1258.13
919.74	1252.74
919.91	1256.51
920.08	1253.75
920.26	1258.05
920.43	1255.10
920.60	1260.09
920.78	1252.93
920.95	1258.85
921.12	1256.80
921.29	1258.72
921.47	1252.91
921.64	1262.31
921.81	1253.46
921.99	1261.12
922.16	1255.69
922.33	1260.36
922.51	1250.02
922.68	1257.31
922.85	1256.82
923.03	1257.17
923.20	1255.55
923.37	1267.20
923.54	1256.90
923.72	1260.12
923.89	1250.74
924.06	1260.30
924.24	1261.57
924.41	1258.15
924.58	1245.19
924.75	1256.39
924.93	1252.87
925.10	1259.46
925.27	1254.85
925.44	1262.02
925.62	1257.51
925.79	1260.14
925.96	1254.22
926.14	1263.39
926.31	1257.70
926.48	1258.11
926.65	1255.53
926.83	1267.24
927.00	1253.27
927.17	1263.25
927.34	1255.45
927.52	1258.74
927.69	1254.26
927.86	1256.84
928.03	1253.64
928.21	1263.72
928.38	1248.83
928.55	1267.06
928.72	1257.06
928.89	1257.23
929.07	1254.52
929.24	1251.70
929.41	1249.51
929.58	1261.75
929.76	1254.26
929.93	1256.80
930.10	1248.65
930.27	1254.09
930.44	1252.52
930.62	1256.53
930.79	1255.51
930.96	1261.69
931.13	1255.86
931.31	1260.05
931.48	1247.72
931.65	1257.88
931.82	1255.40
931.99	1261.77
932.17	1257.86
932.34	1270.74
932.51	1249.12
932.68	1257.06
932.85	1261.22
933.03	1264.83
933.20	1247.56
933.37	1259.36
933.54	1253.75
933.71	1256.98
933.88	1252.87
934.06	1268.00
934.23	1255.36
934.40	1262.00
934.57	1256.82
934.74	1264.33
934.91	1254.69
935.09	1265.60
935.26	1255.40
935.43	1256.29
935.60	1255.06
935.77	1261.14
935.94	1258.21
936.12	1262.27
936.29	1254.16
936.46	1264.50
936.63	1256.22
936.80	1263.47
936.97	1246.07
937.14	1256.43
937.32	1256.29
937.49	1264.09
937.66	1256.59
937.83	1262.78
938.00	1245.90
938.17	1255.34
938.34	1244.88
938.52	1258.15
938.69	1258.68
938.86	1260.67
939.03	1254.75
939.20	1259.77
939.37	1255.61
939.54	1258.76
939.71	1254.91
939.89	1271.40
940.06	1253.64
940.23	1261.88
940.40	1258.99
940.57	1256.59
940.74	1253.62
940.91	1265.99
941.08	1250.14
941.25	1263.49
941.43	1251.49
941.60	1261.18
941.77	1261.61
941.94	1260.36
942.11	1253.56
942.28	1262.18
942.45	1250.20
942.62	1257.04
942.79	1255.49
942.96	1251.96
943.13	1253.34
943.30	1267.28
943.48	1250.39
943.65	1261.94
943.82	1256.31
943.99	1263.88
944.16	1261.45
944.33	1262.06
944.50	1250.53
944.67	1258.64
944.84	1250.78
945.01	1259.87
945.18	1253.13
945.35	1253.83
945.52	1249.57
945.69	1263.58
945.86	1253.93
946.03	1269.25
946.21	1262.88
946.38	1258.68
946.55	1253.81
946.72	1267.36
946.89	1254.87
947.06	1261.65
947.23	1249.83
947.40	1257.13
947.57	1247.52
947.74	1259.05
947.91	1261.69
948.08	1263.37
948.25	1248.73
948.42	1259.95
948.59	1256.67
948.76	1258.11
948.93	1254.67
949.10	1259.48
949.27	1254.36
949.44	1257.96
949.61	1249.26
949.78	1259.21
949.95	1257.10
950.12	1263.80
950.29	1251.35
950.46	1253.89
950.63	1260.42
950.80	1254.01
950.97	1251.17
951.14	1259.26
951.31	1262.68
951.48	1256.96
951.65	1252.82
951.82	1256.67
951.99	1258.39
952.16	1258.01
952.33	1247.68
952.50	1264.48
952.67	1256.53
952.84	1260.81
953.01	1253.38
953.18	1264.03
953.35	1254.05
953.52	1258.35
953.69	1256.02
953.86	1262.29
954.03	1258.91
954.20	1256.29
954.37	1260.79
954.54	1261.53
954.70	1252.82
954.87	1262.27
955.04	1253.99
955.21	1260.65
955.38	1248.48
955.55	1258.76
955.72	1255.30
955.89	1261.69
956.06	1256.35
956.23	1255.10
956.40	1245.35
956.57	1259.81
956.74	1257.49
956.91	1261.45
957.08	1257.60
957.25	1261.84
957.41	1254.97
957.58	1259.89
957.75	1246.93
957.92	1256.78
958.09	1262.29
958.26	1254.59
958.43	1254.54
958.60	1264.09
958.77	1250.63
958.94	1263.15
959.11	1252.82
959.27	1262.04
959.44	1253.11
959.61	1262.49
959.78	1247.85
959.95	1255.32
960.12	1251.64
960.29	1265.34
960.46	1253.54
960.63	1264.46
960.80	1243.90
960.96	1259.62
961.13	1252.74
961.30	1258.19
961.47	1259.52
961.64	1266.61
961.81	1256.76
961.98	1258.62
962.15	1246.74
962.31	1259.42
962.48	1252.74
962.65	1264.58
962.82	1258.44
962.99	1261.06
963.16	1248.30
963.33	1260.73
963.49	1255.79
963.66	1258.91
963.83	1252.03
964.00	1262.49
964.17	1251.98
964.34	1266.18
964.51	1254.50
964.67	1264.27
964.84	1259.85
965.01	1270.11
965.18	1254.38
965.35	1260.63
965.52	1255.63
965.68	1262.08
965.85	1258.62
966.02	1259.81
966.19	1255.75
966.36	1257.45
966.52	1252.62
966.69	1263.35
966.86	1253.62
967.03	1260.14
967.20	1252.72
967.37	1265.75
967.53	1253.79
967.70	1263.43
967.87	1257.72
968.04	1258.09
968.21	1256.98
968.37	1264.46
968.54	1252.19
968.71	1263.11
968.88	1252.78
969.05	1263.31
969.21	1251.06
969.38	1262.14
969.55	1253.46
969.72	1264.56
969.89	1256.16
970.05	1259.79
970.22	1248.71
970.39	1259.87
970.56	1260.28
970.72	1260.63
970.89	1257.37
971.06	1264.09
971.23	1245.90
971.39	1260.52
971.56	1250.82
971.73	1256.82
971.90	1249.81
972.07	1256.86
972.23	1248.81
972.40	1265.99
972.57	1253.46
972.74	1263.92
972.90	1258.70
973.07	1264.17
973.24	1255.77
973.40	1262.20
973.57	1262.68
973.74	1262.08
973.91	1255.67
974.07	1264.89
974.24	1250.92
974.41	1262.76
974.58	1257.08
974.74	1258.33
974.91	1254.03
975.08	1260.28
975.25	1251.96
975.41	1265.17
975.58	1252.19
975.75	1253.77
975.91	1244.49
976.08	1262.86
976.25	1255.65
976.42	1259.05
976.58	1255.67
976.75	1260.69
976.92	1249.92
977.08	1258.97
977.25	1247.79
977.42	1265.64
977.58	1253.75
977.75	1254.65
977.92	1257.10
978.08	1258.95
978.25	1253.93
978.42	1261.79
978.59	1250.71
978.75	1260.77
978.92	1260.28
979.09	1256.98
979.25	1249.67
979.42	1256.92
979.59	1252.68
979.75	1261.49
979.92	1259.23
980.09	1260.40
980.25	1255.26
980.42	1257.39
980.59	1255.77
980.75	1253.48
980.92	1254.34
981.09	1265.28
981.25	1248.77
981.42	1257.53
981.59	1252.74
981.75	1254.32
981.92	1254.20
982.08	1260.07
982.25	1252.23
982.42	1258.25
982.58	1249.65
982.75	1259.75
982.92	1250.78
983.08	1255.71
983.25	1249.81
983.42	1252.87
983.58	1255.57
983.75	1258.05
983.91	1252.19
984.08	1262.00
984.25	1256.18
984.41	1256.90
984.58	1252.41
984.74	1264.13
984.91	1255.77
985.08	1258.33
985.24	1255.20
985.41	1259.13
985.57	1251.47
985.74	1263.00
985.91	1250.55
986.07	1261.92
986.24	1256.63
986.40	1263.86
986.57	1253.93
986.74	1263.99
986.90	1248.79
987.07	1260.83
987.23	1255.38
987.40	1259.03
987.57	1256.29
987.73	1260.48
987.90	1252.80
988.06	1262.35
988.23	1250.88
988.39	1262.00
988.56	1247.70
988.73	1259.40
988.89	1255.73
989.06	1265.69
989.22	1252.82
989.39	1260.18
989.55	1261.79
989.72	1265.24
989.88	1253.30
990.05	1257.00
990.22	1246.80
990.38	1263.15
990.55	1250.88
990.71	1262.29
990.88	1260.81
991.04	1255.86
991.21	1256.43
991.37	1263.06
991.54	1261.98
991.70	1259.75
991.87	1254.07
992.03	1254.46
992.20	1253.97
992.36	1255.79
992.53	1252.64
992.69	1254.40
992.86	1249.04
993.03	1260.01
993.19	1255.16
993.36	1269.13
993.52	1258.39
993.69	1256.37
993.85	1256.76
994.02	1259.60
994.18	1262.08
994.35	1261.22
994.51	1259.46
994.68	1258.68
994.84	1253.17
995.01	1259.48
995.17	1260.24
995.34	1258.99
995.50	1247.52
995.66	1266.48
995.83	1258.05
995.99	1263.19
996.16	1249.49
996.32	1256.90
996.49	1257.29
996.65	1257.21
996.82	1259.36
996.98	1257.99
997.15	1257.21
997.31	1263.33
997.48	1256.31
997.64	1259.58
997.81	1255.53
997.97	1264.70
998.13	1253.38
998.30	1263.45
998.46	1250.33
998.63	1252.60
998.79	1249.34
998.96	1264.89
999.12	1251.21
999.29	1261.45
999.45	1255.36
999.61	1267.67
999.78	1252.99
999.94	1251.86
1000.11	1258.42
1000.27	1267.14
1000.44	1256.35
1000.60	1256.65
1000.76	1249.51
1000.93	1261.86
1001.09	1254.77
1001.26	1264.05
1001.42	1258.37
1001.59	1264.68
1001.75	1247.79
1001.91	1263.15
1002.08	1258.35
1002.24	1273.86
1002.41	1260.34
1002.57	1258.17
1002.73	1254.83
1002.90	1258.89
1003.06	1260.34
1003.23	1261.75
1003.39	1257.31
1003.55	1263.78
1003.72	1252.74
1003.88	1264.74
1004.04	1258.42
1004.21	1262.45
1004.37	1249.38
1004.54	1253.66
1004.70	1253.56
1004.86	1263.66
1005.03	1257.06
1005.19	1268.92
1005.35	1250.47
1005.52	1260.55
1005.68	1252.70
1005.85	1256.47
1006.01	1258.01
1006.17	1255.83
1006.34	1246.09
1006.50	1260.03
1006.66	1249.79
1006.83	1264.56
1006.99	1246.25
1007.15	1268.68
1007.32	1249.08
1007.48	1258.27
1007.64	1252.33
1007.81	1267.61
1007.97	1254.11
1008.13	1261.51
1008.30	1260.38
1008.46	1257.78
1008.62	1260.59
1008.79	1254.63
1008.95	1260.98
1009.11	1262.35
1009.28	1257.43
1009.44	1252.72
1009.60	1251.33
1009.77	1261.61
1009.93	1260.61
1010.09	1259.93
1010.25	1248.42
1010.42	1258.48
1010.58	1253.99
1010.74	1257.49
1010.91	1254.71
1011.07	1266.24
1011.23	1249.10
1011.40	1256.76
1011.56	1248.32
1011.72	1256.80
1011.88	1253.13
1012.05	1258.07
1012.21	1249.98
1012.37	1262.16
1012.54	1254.85
1012.70	1255.26
1012.86	1259.03
1013.02	1258.58
1013.19	1259.44
1013.35	1254.87
1013.51	1252.29
1013.67	1258.56
1013.84	1259.17
1014.00	1261.08
1014.16	1253.13
1014.33	1260.42
1014.49	1252.87
1014.65	1261.08
1014.81	1251.53
1014.98	1263.74
1015.14	1255.88
1015.30	1255.88
1015.46	1260.69
1015.62	1262.33
1015.79	1249.83
1015.95	1261.04
1016.11	1251.41
1016.27	1264.64
1016.44	1251.04
1016.60	1259.07
1016.76	1259.93
1016.92	1256.16
1017.09	1248.16
1017.25	1260.69
1017.41	1251.68
1017.57	1263.00
1017.73	1253.81
1017.90	1257.56
1018.06	1249.20
1018.22	1262.88
1018.38	1258.74
1018.54	1253.99
1018.71	1254.57
1018.87	1262.29
1019.03	1254.63
1019.19	1260.52
1019.35	1249.94
1019.52	1261.94
1019.68	1260.57
1019.84	1260.46
1020.00	1257.41
1020.16	1257.37
1020.33	1248.34
1020.49	1260.83
1020.65	1249.94
1020.81	1255.32
1020.97	1254.93
1021.13	1264.95
1021.30	1249.73
1021.46	1259.93
1021.62	1259.93
1021.78	1257.80
1021.94	1256.35
1022.10	1257.00
1022.27	1249.69
1022.43	1266.50
1022.59	1249.34
1022.75	1253.46
1022.91	1256.72
1023.07	1254.36
1023.24	1258.21
1023.40	1263.70
1023.56	1248.91
1023.72	1256.90
1023.88	1255.45
1024.04	1260.87
1024.20	1255.40
1024.36	1261.98
1024.53	1250.63
1024.69	1256.57
1024.85	1262.55
1025.01	1260.01
1025.17	1250.88
1025.33	1256.37
1025.49	1251.08
1025.65	1260.67
1025.82	1254.16
1025.98	1258.52
1026.14	1260.79
1026.30	1264.13
1026.46	1253.42
1026.62	1259.71
1026.78	1253.36
1026.94	1263.02
1027.10	1249.40
1027.26	1263.45
1027.43	1256.98
1027.59	1258.50
1027.75	1249.16
1027.91	1261.08
1028.07	1254.95
1028.23	1264.78
1028.39	1257.23
1028.55	1264.87
1028.71	1256.98
1028.87	1259.40
1029.03	1254.61
1029.19	1259.50
1029.36	1245.98
1029.52	1259.28
1029.68	1253.75
1029.84	1263.00
1030.00	1249.79
1030.16	1268.18
1030.32	1255.38
1030.48	1256.55
1030.64	1250.35
1030.80	1269.64
1030.96	1254.75
1031.12	1261.12
1031.28	1254.71
1031.44	1263.54
1031.60	1264.07
1031.76	1262.00
1031.92	1252.35
1032.08	1274.94
1032.24	1250.61
1032.40	1262.80
1032.56	1255.45
1032.73	1263.92
1032.89	1246.39
1033.05	1257.21
1033.21	1254.42
1033.37	1254.87
1033.53	1253.09
1033.69	1259.81
1033.85	1255.26
1034.01	1265.03
1034.17	1254.14
1034.33	1262.90
1034.49	1253.34
1034.65	1262.22
1034.81	1249.53
1034.97	1262.76
1035.13	1259.15
1035.29	1252.21
1035.45	1252.27
1035.61	1258.62
1035.77	1259.58
1035.93	1256.35
1036.09	1251.29
1036.25	1264.93
1036.41	1253.77
1036.57	1261.47
1036.73	1254.59
1036.88	1263.06
1037.04	1251.49
