345.52	1241.56
345.73	1241.56
345.94	1241.56
346.16	1236.52
346.37	1252.03
346.58	1250.47
346.79	1260.77
347.00	1250.35
347.22	1250.88
347.43	1249.12
347.64	1255.79
347.85	1253.25
348.06	1250.92
348.28	1251.00
348.49	1259.13
348.70	1248.18
348.91	1250.92
349.12	1247.21
349.34	1259.23
349.55	1250.08
349.76	1265.89
349.97	1252.84
350.18	1252.80
350.40	1246.21
350.61	1261.36
350.82	1249.61
351.03	1260.89
351.24	1246.62
351.46	1256.00
351.67	1255.65
351.88	1259.54
352.09	1253.32
352.30	1258.91
352.51	1252.25
352.73	1265.15
352.94	1255.63
353.15	1263.68
353.36	1256.22
353.57	1258.13
353.79	1253.48
354.00	1250.22
354.21	1253.07
354.42	1270.33
354.63	1254.22
354.84	1257.53
355.06	1257.08
355.27	1251.64
355.48	1255.51
355.69	1258.31
355.90	1258.82
356.11	1268.31
356.33	1253.46
356.54	1266.87
356.75	1255.59
356.96	1260.22
357.17	1257.86
357.38	1254.77
357.60	1254.83
357.81	1262.41
358.02	1261.75
358.23	1254.91
358.44	1252.72
358.65	1254.73
358.87	1252.62
359.08	1262.92
359.29	1253.17
359.50	1260.95
359.71	1252.66
359.92	1263.97
360.13	1261.04
360.35	1260.44
360.56	1259.11
360.77	1261.96
360.98	1251.76
361.19	1261.26
361.40	1253.68
361.62	1259.77
361.83	1250.43
362.04	1255.40
362.25	1253.46
362.46	1264.89
362.67	1251.00
362.88	1261.12
363.10	1261.00
363.31	1269.09
363.52	1248.26
363.73	1261.65
363.94	1253.95
364.15	1259.21
364.36	1253.87
364.57	1262.96
364.79	1253.17
365.00	1261.86
365.21	1259.11
365.42	1260.59
365.63	1251.90
365.84	1260.73
366.05	1253.30
366.27	1253.52
366.48	1253.46
366.69	1265.15
366.90	1248.73
367.11	1262.04
367.32	1259.79
367.53	1261.47
367.74	1261.55
367.95	1260.01
368.17	1254.93
368.38	1257.62
368.59	1263.45
368.80	1257.99
369.01	1253.19
369.22	1261.20
369.43	1257.17
369.64	1257.04
369.86	1260.14
370.07	1262.55
370.28	1256.80
370.49	1263.21
370.70	1254.81
370.91	1260.85
371.12	1249.38
371.33	1252.44
371.54	1248.97
371.76	1266.28
371.97	1254.14
372.18	1260.22
372.39	1251.19
372.60	1264.70
372.81	1256.67
373.02	1260.14
373.23	1254.79
373.44	1262.92
373.65	1255.36
373.87	1263.21
374.08	1257.72
374.29	1255.18
374.50	1257.64
374.71	1255.14
374.92	1264.25
375.13	1260.73
375.34	1253.32
375.55	1254.54
375.76	1255.59
375.97	1259.56
376.19	1258.42
376.40	1261.14
376.61	1249.63
376.82	1265.34
377.03	1257.49
377.24	1256.33
377.45	1256.57
377.66	1260.40
377.87	1248.97
378.08	1268.27
378.29	1254.26
378.50	1261.65
378.71	1257.76
378.93	1258.62
379.14	1249.67
379.35	1263.97
379.56	1260.32
379.77	1255.86
379.98	1252.29
380.19	1263.15
380.40	1252.56
380.61	1263.76
380.82	1257.25
381.03	1268.37
381.24	1259.21
381.45	1261.32
381.66	1251.72
381.88	1263.84
382.09	1254.97
382.30	1260.30
382.51	1261.61
382.72	1266.59
382.93	1256.45
383.14	1263.25
383.35	1258.25
383.56	1257.33
383.77	1256.86
383.98	1260.03
384.19	1256.18
384.40	1269.41
384.61	1259.87
384.82	1262.51
385.03	1256.20
385.24	1262.10
385.45	1255.02
385.67	1260.83
385.88	1257.86
386.09	1264.21
386.30	1257.37
386.51	1263.66
386.72	1255.59
386.93	1262.72
387.14	1254.95
387.35	1259.77
387.56	1252.62
387.77	1258.21
387.98	1249.04
388.19	1260.40
388.40	1256.10
388.61	1268.51
388.82	1252.50
389.03	1262.51
389.24	1259.56
389.45	1257.56
389.66	1256.55
389.87	1262.10
390.08	1255.26
390.29	1259.05
390.50	1255.63
390.71	1261.04
390.92	1251.43
391.13	1259.75
391.34	1250.16
391.55	1262.49
391.76	1257.96
391.98	1264.46
392.19	1256.02
392.40	1263.33
392.61	1255.45
392.82	1267.84
393.03	1257.76
393.24	1259.34
393.45	1253.21
393.66	1257.82
393.87	1253.95
394.08	1266.91
394.29	1258.78
394.50	1264.85
394.71	1258.70
394.92	1267.65
395.13	1258.85
395.34	1265.83
395.55	1258.13
395.76	1262.84
395.97	1255.49
396.18	1267.67
396.39	1263.97
396.60	1256.76
396.81	1262.78
397.02	1258.48
397.23	1258.70
397.44	1260.52
397.65	1253.56
397.86	1268.18
398.07	1257.25
398.28	1271.44
398.49	1255.79
398.70	1256.72
398.91	1263.82
399.12	1267.90
399.33	1254.46
399.54	1267.98
399.75	1258.07
399.96	1268.04
400.17	1252.05
400.38	1257.04
400.59	1256.86
400.80	1261.63
401.01	1246.37
401.22	1268.27
401.42	1257.25
401.63	1263.15
401.84	1259.32
402.05	1262.39
402.26	1259.73
402.47	1264.83
402.68	1255.26
402.89	1263.66
403.10	1259.85
403.31	1265.11
403.52	1261.86
403.73	1263.45
403.94	1254.07
404.15	1270.21
404.36	1259.97
404.57	1265.56
404.78	1259.77
404.99	1256.18
405.20	1254.07
405.41	1258.56
405.62	1248.22
405.83	1267.12
406.04	1262.57
406.25	1266.18
406.46	1256.39
406.67	1269.29
406.88	1259.66
407.09	1260.42
407.30	1258.60
407.50	1267.77
407.71	1255.16
407.92	1263.82
408.13	1259.42
408.34	1271.69
408.55	1262.76
408.76	1267.00
408.97	1263.00
409.18	1268.14
409.39	1263.45
409.60	1266.73
409.81	1254.71
410.02	1258.27
410.23	1256.26
410.44	1263.49
410.65	1254.48
410.86	1265.89
411.07	1255.28
411.27	1265.54
411.48	1257.35
411.69	1258.68
411.90	1261.47
412.11	1263.68
412.32	1255.26
412.53	1255.96
412.74	1255.83
412.95	1262.63
413.16	1266.05
413.37	1266.18
413.58	1257.64
413.79	1260.93
414.00	1258.70
414.20	1264.09
414.41	1257.45
414.62	1267.32
414.83	1256.98
415.04	1269.82
415.25	1261.06
415.46	1262.33
415.67	1261.84
415.88	1263.41
416.09	1257.60
416.30	1263.02
416.51	1252.09
416.71	1268.61
416.92	1253.15
417.13	1266.57
417.34	1251.90
417.55	1267.86
417.76	1262.10
417.97	1261.71
418.18	1250.31
418.39	1266.44
418.60	1261.61
418.81	1260.69
419.01	1254.85
419.22	1265.34
419.43	1256.78
419.64	1266.91
419.85	1260.59
420.06	1273.73
420.27	1260.01
420.48	1265.52
420.69	1257.04
420.90	1259.50
421.10	1261.00
421.31	1253.99
421.52	1253.56
421.73	1263.08
421.94	1255.69
422.15	1265.05
422.36	1260.24
422.57	1258.97
422.78	1255.40
422.98	1261.92
423.19	1263.29
423.40	1262.53
423.61	1262.49
423.82	1267.10
424.03	1251.66
424.24	1261.02
424.45	1261.84
424.65	1258.76
424.86	1252.23
425.07	1266.57
425.28	1257.29
425.49	1265.97
425.70	1256.12
425.91	1267.82
426.12	1260.57
426.32	1260.75
426.53	1261.38
426.74	1263.49
426.95	1259.83
427.16	1266.22
427.37	1255.40
427.58	1263.76
427.78	1252.07
427.99	1268.82
428.20	1257.68
428.41	1273.39
428.62	1253.52
428.83	1268.35
429.04	1254.28
429.24	1263.13
429.45	1261.77
429.66	1261.81
429.87	1255.10
430.08	1264.42
430.29	1256.43
430.50	1260.01
430.70	1255.51
430.91	1257.49
431.12	1253.68
431.33	1260.36
431.54	1255.00
431.75	1262.80
431.96	1262.45
432.16	1265.30
432.37	1254.18
432.58	1262.68
432.79	1258.03
433.00	1262.41
433.21	1254.54
433.41	1262.63
433.62	1250.57
433.83	1266.83
434.04	1253.85
434.25	1256.20
434.46	1252.31
434.66	1267.28
434.87	1262.14
435.08	1264.60
435.29	1259.40
435.50	1259.99
435.71	1260.18
435.91	1265.50
436.12	1258.66
436.33	1255.32
436.54	1256.98
436.75	1268.96
436.95	1260.91
437.16	1266.28
437.37	1262.16
437.58	1259.81
437.79	1260.50
438.00	1268.20
438.20	1258.19
438.41	1271.71
438.62	1254.57
438.83	1266.57
439.04	1256.61
439.24	1270.40
439.45	1256.26
439.66	1260.65
439.87	1253.73
440.08	1264.52
440.28	1257.80
440.49	1266.67
440.70	1260.26
440.91	1262.61
441.12	1260.73
441.32	1262.45
441.53	1257.49
441.74	1266.30
441.95	1262.20
442.16	1262.94
442.36	1249.53
442.57	1266.57
442.78	1256.53
442.99	1265.60
443.20	1257.47
443.40	1262.33
443.61	1262.51
443.82	1259.40
444.03	1257.04
444.24	1262.61
444.44	1265.07
444.65	1263.62
444.86	1258.82
445.07	1267.28
445.27	1254.77
445.48	1260.22
445.69	1260.87
445.90	1271.01
446.11	1259.62
446.31	1263.88
446.52	1256.51
446.73	1261.04
446.94	1267.71
447.14	1261.53
447.35	1256.74
447.56	1267.24
447.77	1256.78
447.97	1268.00
448.18	1263.47
448.39	1266.10
448.60	1258.60
448.81	1261.61
449.01	1252.62
449.22	1271.46
449.43	1251.70
449.64	1254.69
449.84	1259.21
450.05	1259.36
450.26	1265.42
450.47	1262.47
450.67	1252.27
450.88	1266.67
451.09	1252.27
451.30	1262.06
451.50	1259.77
451.71	1260.46
451.92	1257.99
452.13	1266.87
452.33	1251.64
452.54	1260.34
452.75	1261.14
452.96	1272.65
453.16	1251.27
453.37	1261.24
453.58	1256.29
453.79	1267.18
453.99	1255.06
454.20	1255.06
454.41	1255.24
454.61	1264.64
454.82	1257.39
455.03	1261.36
455.24	1253.48
455.44	1268.70
455.65	1260.22
455.86	1268.20
456.07	1260.26
456.27	1264.48
456.48	1258.58
456.69	1267.32
456.90	1261.38
457.10	1266.83
457.31	1257.45
457.52	1261.51
457.72	1257.43
457.93	1259.62
458.14	1252.35
458.35	1267.49
458.55	1263.74
458.76	1260.81
458.97	1257.45
459.17	1260.65
459.38	1259.81
459.59	1260.85
459.80	1257.02
460.00	1260.44
460.21	1258.82
460.42	1261.71
460.62	1258.44
460.83	1267.65
461.04	1259.99
461.25	1268.92
461.45	1256.39
461.66	1260.20
461.87	1253.56
462.07	1267.96
462.28	1252.66
462.49	1262.63
462.69	1262.98
462.90	1266.12
463.11	1261.65
463.31	1262.33
463.52	1258.25
463.73	1270.27
463.94	1253.09
464.14	1264.85
464.35	1260.55
464.56	1262.80
464.76	1262.20
464.97	1265.64
465.18	1258.09
465.38	1264.66
465.59	1255.98
465.80	1261.00
466.00	1255.47
466.21	1261.59
466.42	1257.21
466.62	1260.57
466.83	1254.38
467.04	1261.81
467.24	1255.55
467.45	1266.28
467.66	1258.99
467.86	1268.14
468.07	1253.97
468.28	1263.37
468.48	1259.42
468.69	1259.60
468.90	1260.50
469.10	1255.94
469.31	1263.76
469.52	1269.41
469.72	1252.54
469.93	1264.07
470.14	1252.80
470.34	1268.37
470.55	1261.12
470.76	1268.72
470.96	1258.19
471.17	1262.18
471.38	1256.41
471.58	1263.56
471.79	1254.67
472.00	1264.23
472.20	1257.47
472.41	1261.18
472.62	1260.12
472.82	1262.45
473.03	1250.35
473.24	1260.28
473.44	1261.10
473.65	1267.14
473.85	1258.39
474.06	1258.35
474.27	1256.86
474.47	1261.96
474.68	1264.72
474.89	1265.56
475.09	1258.82
475.30	1268.04
475.51	1264.78
475.71	1269.25
475.92	1262.96
476.12	1268.90
476.33	1255.16
476.54	1270.21
476.74	1257.23
476.95	1274.37
477.16	1260.77
477.36	1268.72
477.57	1262.00
477.77	1262.22
477.98	1255.40
478.19	1257.47
478.39	1260.55
478.60	1264.54
478.81	1265.91
479.01	1269.00
479.22	1260.93
479.42	1267.51
479.63	1259.60
479.84	1260.69
480.04	1258.99
480.25	1263.54
480.45	1268.06
480.66	1266.34
480.87	1257.10
481.07	1264.54
481.28	1257.84
481.48	1255.08
481.69	1262.61
481.90	1264.58
482.10	1259.46
482.31	1268.29
482.51	1263.43
482.72	1270.76
482.93	1256.61
483.13	1264.95
483.34	1261.41
483.54	1261.71
483.75	1261.73
483.96	1259.42
484.16	1260.89
484.37	1267.26
484.57	1257.88
484.78	1265.83
484.99	1261.73
485.19	1268.70
485.40	1256.74
485.60	1263.60
485.81	1258.23
486.01	1271.46
486.22	1271.75
486.43	1264.46
486.63	1258.99
486.84	1271.30
487.04	1258.56
487.25	1265.60
487.46	1257.76
487.66	1262.25
487.87	1261.34
488.07	1255.75
488.28	1265.26
488.48	1272.55
488.69	1258.58
488.89	1269.60
489.10	1254.57
489.31	1263.31
489.51	1254.87
489.72	1262.78
489.92	1260.52
490.13	1266.24
490.33	1258.13
490.54	1262.80
490.75	1252.78
490.95	1261.51
491.16	1257.53
491.36	1263.62
491.57	1256.26
491.77	1264.25
491.98	1252.72
492.18	1270.23
492.39	1252.03
492.59	1258.97
492.80	1260.52
493.01	1263.45
493.21	1267.49
493.42	1266.61
493.62	1263.99
493.83	1270.21
494.03	1262.10
494.24	1262.22
494.44	1260.91
494.65	1265.26
494.85	1260.52
495.06	1268.94
495.26	1264.78
495.47	1259.95
495.68	1253.07
495.88	1269.04
496.09	1264.91
496.29	1263.64
496.50	1260.38
496.70	1263.43
496.91	1259.28
497.11	1264.87
497.32	1263.31
497.52	1269.54
497.73	1261.41
497.93	1270.66
498.14	1264.50
498.34	1269.84
498.55	1253.85
498.75	1262.59
498.96	1260.36
499.16	1262.10
499.37	1264.25
499.57	1259.91
499.78	1272.16
499.98	1265.54
500.19	1263.72
500.39	1260.59
500.60	1259.19
500.80	1264.95
501.01	1256.88
501.21	1265.91
501.42	1260.67
501.62	1268.57
501.83	1256.29
502.03	1266.42
502.24	1263.25
502.44	1267.92
502.65	1254.44
502.85	1266.91
503.06	1259.83
503.26	1258.37
503.47	1259.05
503.67	1270.29
503.88	1259.21
504.08	1267.82
504.29	1262.04
504.49	1276.89
504.70	1262.27
504.90	1267.98
505.11	1267.28
505.31	1263.47
505.52	1260.69
505.72	1265.11
505.93	1255.34
506.13	1265.03
506.34	1260.07
506.54	1271.24
506.75	1261.18
506.95	1265.69
507.16	1271.07
507.36	1268.78
507.56	1261.43
507.77	1259.42
507.97	1256.65
508.18	1264.62
508.38	1259.17
508.59	1270.48
508.79	1260.87
509.00	1269.72
509.20	1264.17
509.41	1266.10
509.61	1261.59
509.82	1264.56
510.02	1267.86
510.22	1262.65
510.43	1263.41
510.63	1261.86
510.84	1262.61
511.04	1270.72
511.25	1259.09
511.45	1267.34
511.66	1256.57
511.86	1270.36
512.06	1265.36
512.27	1267.34
512.47	1256.94
512.68	1259.58
512.88	1260.26
513.09	1266.07
513.29	1263.90
513.50	1274.27
513.70	1262.04
513.90	1268.10
514.11	1260.89
514.31	1263.86
514.52	1263.94
514.72	1271.03
514.93	1266.16
515.13	1269.60
515.33	1259.34
515.54	1264.03
515.74	1263.41
515.95	1262.53
516.15	1255.67
516.36	1274.72
516.56	1267.32
516.76	1266.12
516.97	1256.57
517.17	1264.42
517.38	1257.23
517.58	1262.86
517.78	1260.57
517.99	1272.24
518.19	1267.24
518.40	1266.77
518.60	1259.75
518.81	1269.41
519.01	1262.98
519.21	1267.77
519.42	1261.75
519.62	1271.07
519.83	1264.31
520.03	1271.73
520.23	1270.01
520.44	1272.18
520.64	1267.14
520.85	1265.79
521.05	1263.80
521.25	1270.27
521.46	1262.16
521.66	1268.90
521.86	1267.71
522.07	1265.89
522.27	1267.08
522.48	1268.80
522.68	1264.27
522.88	1274.53
523.09	1264.19
523.29	1274.23
523.50	1266.98
523.70	1268.33
523.90	1263.54
524.11	1267.75
524.31	1264.58
524.51	1274.66
524.72	1265.75
524.92	1270.87
525.13	1262.20
525.33	1261.55
525.53	1275.80
525.74	1269.47
525.94	1263.04
526.14	1274.47
526.35	1259.89
526.55	1271.46
526.76	1266.57
526.96	1272.94
527.16	1261.63
527.37	1271.40
527.57	1263.92
527.77	1277.56
527.98	1261.12
528.18	1270.13
528.38	1266.59
528.59	1271.32
528.79	1276.79
528.99	1272.24
529.20	1262.55
529.40	1273.10
529.61	1268.00
529.81	1277.48
530.01	1274.80
530.22	1273.96
530.42	1262.63
530.62	1272.63
530.83	1270.07
531.03	1272.26
531.23	1266.22
531.44	1275.21
531.64	1264.78
531.84	1276.89
532.05	1265.60
532.25	1264.29
532.45	1265.17
532.66	1278.69
532.86	1270.33
533.06	1272.51
533.27	1264.25
533.47	1276.01
533.67	1269.49
533.88	1280.96
534.08	1272.28
534.28	1279.78
534.49	1263.41
534.69	1272.83
534.89	1268.06
535.09	1274.59
535.30	1268.92
535.50	1277.20
535.70	1270.99
535.91	1289.13
536.11	1269.09
536.31	1273.78
536.52	1282.48
536.72	1279.49
536.92	1276.01
537.13	1278.14
537.33	1270.54
537.53	1280.43
537.74	1277.93
537.94	1275.74
538.14	1278.77
538.34	1277.87
538.55	1276.11
538.75	1285.63
538.95	1277.05
539.16	1288.52
539.36	1280.62
539.56	1280.45
539.77	1277.93
539.97	1284.20
540.17	1275.99
540.37	1280.49
540.58	1278.03
540.78	1288.46
540.98	1278.94
541.19	1283.91
541.39	1282.89
541.59	1289.77
541.79	1278.55
542.00	1284.98
542.20	1269.97
542.40	1285.22
542.60	1275.15
542.81	1280.02
543.01	1281.76
543.21	1281.13
543.42	1279.02
543.62	1285.67
543.82	1282.17
544.02	1287.31
544.23	1281.46
544.43	1291.14
544.63	1279.80
544.83	1285.41
545.04	1286.74
545.24	1290.49
545.44	1283.05
545.64	1286.55
545.85	1279.86
546.05	1290.94
546.25	1284.73
546.45	1293.44
546.66	1288.27
546.86	1293.50
547.06	1288.19
547.27	1297.53
547.47	1294.30
547.67	1297.86
547.87	1291.24
548.07	1295.52
548.28	1295.81
548.48	1302.53
548.68	1297.10
548.88	1298.88
549.09	1288.46
549.29	1301.07
549.49	1292.45
549.69	1305.93
549.90	1302.41
550.10	1303.80
550.30	1293.13
550.50	1306.71
550.71	1302.73
550.91	1313.57
551.11	1301.12
551.31	1310.74
551.51	1304.13
551.72	1306.05
551.92	1297.08
552.12	1305.60
552.32	1305.64
552.53	1310.58
552.73	1313.12
552.93	1311.11
553.13	1311.52
553.33	1310.50
553.54	1306.01
553.74	1316.86
553.94	1321.98
554.14	1314.45
554.35	1323.21
554.55	1329.87
554.75	1323.13
554.95	1323.64
555.15	1328.60
555.36	1338.61
555.56	1332.63
555.76	1337.43
555.96	1337.90
556.16	1337.00
556.37	1337.98
556.57	1339.45
556.77	1341.01
556.97	1350.35
557.17	1348.57
557.38	1358.89
557.58	1348.81
557.78	1361.51
557.98	1352.44
558.18	1367.18
558.38	1366.06
558.59	1367.08
558.79	1370.79
558.99	1375.52
559.19	1375.64
559.39	1380.80
559.60	1378.36
559.80	1383.53
560.00	1381.19
560.20	1389.63
560.40	1385.94
560.60	1385.94
560.81	1386.11
561.01	1390.39
561.21	1391.70
561.41	1408.08
561.61	1393.13
561.81	1406.20
562.02	1413.30
562.22	1418.42
562.42	1413.06
562.62	1419.32
562.82	1412.73
563.02	1425.30
563.23	1429.67
563.43	1442.57
563.63	1430.04
563.83	1448.55
564.03	1450.21
564.23	1443.88
564.43	1452.03
564.64	1459.05
564.84	1451.74
565.04	1462.29
565.24	1458.97
565.44	1462.11
565.64	1466.28
565.85	1470.67
566.05	1467.00
566.25	1474.68
566.45	1472.06
566.65	1483.67
566.85	1472.26
567.05	1477.32
567.25	1471.42
567.46	1478.22
567.66	1470.58
567.86	1477.51
568.06	1477.14
568.26	1480.09
568.46	1468.41
568.66	1475.17
568.86	1465.57
569.07	1476.20
569.27	1460.55
569.47	1468.09
569.67	1458.19
569.87	1451.33
570.07	1450.04
570.27	1442.75
570.47	1439.52
570.68	1451.54
570.88	1432.14
571.08	1441.63
571.28	1427.70
571.48	1440.27
571.68	1423.87
571.88	1430.26
572.08	1427.25
572.28	1422.11
572.49	1416.54
572.69	1428.09
572.89	1411.01
573.09	1419.26
573.29	1410.58
573.49	1416.46
573.69	1410.09
573.89	1411.28
574.09	1415.45
574.29	1407.88
574.50	1407.08
574.70	1420.23
574.90	1420.70
575.10	1423.32
575.30	1424.10
575.50	1435.69
575.70	1428.21
575.90	1443.12
576.10	1437.12
576.30	1456.56
576.50	1464.05
576.70	1484.84
576.91	1493.21
577.11	1512.47
577.31	1518.86
577.51	1550.15
577.71	1558.14
577.91	1591.64
578.11	1616.32
578.31	1648.53
578.51	1675.89
578.71	1724.88
578.91	1778.03
579.11	1867.99
579.31	1994.80
579.51	2228.31
579.71	2567.85
579.92	3070.54
580.12	3749.05
580.32	4630.42
580.52	5678.94
580.72	6893.63
580.92	8269.68
581.12	9843.25
581.32	11469.59
581.52	13348.35
581.72	15130.27
581.92	17071.93
582.12	19179.72
582.32	20975.32
582.52	23063.20
582.72	25247.50
582.92	27493.71
583.12	29463.86
583.32	31645.97
583.52	33567.07
583.72	35421.87
583.92	37532.18
584.12	39098.10
584.33	40699.84
584.53	42563.36
584.73	43479.77
584.93	44777.67
585.13	45650.64
585.33	46443.45
585.53	47188.05
585.73	47398.37
585.93	47381.03
586.13	47180.04
586.33	46758.79
586.53	45987.28
586.73	45037.29
586.93	43925.24
587.13	42519.58
587.33	40821.01
587.53	39249.42
587.73	37577.44
587.93	35319.66
588.13	33801.60
588.33	31426.49
588.53	29530.03
588.73	27488.02
588.93	25186.17
589.13	23254.44
589.33	20945.56
589.53	19020.06
589.73	17026.67
589.93	15069.59
590.13	13570.48
590.33	12042.57
590.53	10725.50
590.73	9651.54
590.93	8754.21
591.13	8004.53
591.33	7379.53
591.53	6854.65
591.73	6506.93
591.93	6105.94
592.13	5858.54
592.33	5604.84
592.53	5382.53
592.73	5221.95
592.93	5000.55
593.13	4846.70
593.33	4725.40
593.53	4588.70
593.73	4408.40
593.93	4280.42
594.13	4153.63
594.33	4039.13
594.53	3893.39
594.73	3788.99
594.92	3682.94
595.12	3566.23
595.32	3480.03
595.52	3366.33
595.72	3278.53
595.92	3210.38
596.12	3134.68
596.32	3045.33
596.52	2975.21
596.72	2924.13
596.92	2871.70
597.12	2848.03
597.32	2798.41
597.52	2817.92
597.72	2804.43
597.92	2824.39
598.12	2846.51
598.32	2871.31
598.52	2920.36
598.72	2954.54
598.92	3020.67
599.12	3074.72
599.31	3118.73
599.51	3167.55
599.71	3212.57
599.91	3246.52
600.11	3290.35
600.31	3323.18
600.51	3340.13
600.71	3364.96
600.91	3362.93
601.11	3353.24
601.31	3324.45
601.51	3310.17
601.71	3259.28
601.91	3214.31
602.10	3147.65
602.30	3064.33
602.50	3001.87
602.70	2906.03
602.90	2823.39
603.10	2734.04
603.30	2631.58
603.50	2547.98
603.70	2445.07
603.90	2379.29
604.10	2299.38
604.30	2223.81
604.49	2163.80
604.69	2108.90
604.89	2036.70
605.09	2000.09
605.29	1943.15
605.49	1889.13
605.69	1832.42
605.89	1802.27
606.09	1748.54
606.29	1723.90
606.48	1680.89
606.68	1658.34
606.88	1630.08
607.08	1603.13
607.28	1574.66
607.48	1552.81
607.68	1523.14
607.88	1505.52
608.08	1477.88
608.27	1472.22
608.47	1444.13
608.67	1426.70
608.87	1403.88
609.07	1391.49
609.27	1372.41
609.47	1370.25
609.67	1353.22
609.87	1361.02
610.06	1337.28
610.26	1340.95
610.46	1334.95
610.66	1337.16
610.86	1333.56
611.06	1336.22
611.26	1322.03
611.45	1333.25
611.65	1319.42
611.85	1324.48
612.05	1316.05
612.25	1322.99
612.45	1320.61
612.65	1328.85
612.84	1312.17
613.04	1321.64
613.24	1303.55
613.44	1311.72
613.64	1308.34
613.84	1319.59
614.04	1303.94
614.23	1316.80
614.43	1302.94
614.63	1305.78
614.83	1303.04
615.03	1316.23
615.23	1303.55
615.42	1302.88
615.62	1297.20
615.82	1298.27
616.02	1286.70
616.22	1302.18
616.42	1302.43
616.61	1302.36
616.81	1284.90
617.01	1296.32
617.21	1288.34
617.41	1292.51
617.61	1289.73
617.80	1286.47
618.00	1288.07
618.20	1292.84
618.40	1286.17
618.60	1289.67
618.80	1282.58
618.99	1297.51
619.19	1280.90
619.39	1293.80
619.59	1283.32
619.79	1284.18
619.98	1276.60
620.18	1287.66
620.38	1276.83
620.58	1295.46
620.78	1280.66
620.97	1288.15
621.17	1282.89
621.37	1285.51
621.57	1278.98
621.77	1282.97
621.96	1285.20
622.16	1283.34
622.36	1280.96
622.56	1286.25
622.76	1280.86
622.95	1290.63
623.15	1285.49
623.35	1288.03
623.55	1276.11
623.75	1286.08
623.94	1290.94
624.14	1285.51
624.34	1289.56
624.54	1294.89
624.73	1280.47
624.93	1302.59
625.13	1284.98
625.33	1297.14
625.53	1285.59
625.72	1288.44
625.92	1287.33
626.12	1294.05
626.32	1284.57
626.51	1290.28
626.71	1288.68
626.91	1299.58
627.11	1287.91
627.30	1293.44
627.50	1286.51
627.70	1298.08
627.90	1290.18
628.10	1295.69
628.29	1286.55
628.49	1295.81
628.69	1287.70
628.89	1292.62
629.08	1282.42
629.28	1292.53
629.48	1283.67
629.68	1295.81
629.87	1281.25
630.07	1286.62
630.27	1282.91
630.47	1289.28
630.66	1281.00
630.86	1283.09
631.06	1280.06
631.25	1288.91
631.45	1279.69
631.65	1280.84
631.85	1277.73
632.04	1277.17
632.24	1271.75
632.44	1280.82
632.64	1268.84
632.83	1275.72
633.03	1267.14
633.23	1280.00
633.42	1265.30
633.62	1266.93
633.82	1267.34
634.02	1273.16
634.21	1269.09
634.41	1276.50
634.61	1272.46
634.81	1277.60
635.00	1262.41
635.20	1263.51
635.40	1266.12
635.59	1271.13
635.79	1263.47
635.99	1272.48
636.18	1267.02
636.38	1272.22
636.58	1266.91
636.78	1265.93
636.97	1261.14
637.17	1267.16
637.37	1260.46
637.56	1273.80
637.76	1262.61
637.96	1264.15
638.15	1259.09
638.35	1267.04
638.55	1267.69
638.74	1258.99
638.94	1264.68
639.14	1271.83
639.34	1260.61
639.53	1272.40
639.73	1264.21
639.93	1263.37
640.12	1258.09
640.32	1273.35
640.52	1258.72
640.71	1261.26
640.91	1264.15
641.11	1274.76
641.30	1257.99
641.50	1265.89
641.70	1259.01
641.89	1264.70
642.09	1262.70
642.29	1269.41
642.48	1264.68
642.68	1264.01
642.88	1261.28
643.07	1265.26
643.27	1262.00
643.47	1272.55
643.66	1260.61
643.86	1258.82
644.06	1266.18
644.25	1267.04
644.45	1262.55
644.65	1264.50
644.84	1264.37
645.04	1266.36
645.23	1262.43
645.43	1266.81
645.63	1262.51
645.82	1260.71
646.02	1266.71
646.22	1273.35
646.41	1252.58
646.61	1270.87
646.81	1258.99
647.00	1264.09
647.20	1262.04
647.39	1273.20
647.59	1265.97
647.79	1271.73
647.98	1261.06
648.18	1264.27
648.38	1252.70
648.57	1260.61
648.77	1256.31
648.96	1264.03
649.16	1263.51
649.36	1267.73
649.55	1257.19
649.75	1270.17
649.95	1257.72
650.14	1264.35
650.34	1260.22
650.53	1264.44
650.73	1256.16
650.93	1267.08
651.12	1261.88
651.32	1271.01
651.51	1260.18
651.71	1269.88
651.91	1256.65
652.10	1270.17
652.30	1261.34
652.49	1263.84
652.69	1255.32
652.89	1265.81
653.08	1269.17
653.28	1263.29
653.47	1263.04
653.67	1272.51
653.86	1266.12
654.06	1257.96
654.26	1263.15
654.45	1261.69
654.65	1252.87
654.84	1268.90
655.04	1259.58
655.24	1265.28
655.43	1262.47
655.63	1264.99
655.82	1256.20
656.02	1267.04
656.21	1259.48
656.41	1274.92
656.61	1262.14
656.80	1271.85
657.00	1261.30
657.19	1265.21
657.39	1253.71
657.58	1259.03
657.78	1259.62
657.97	1268.59
658.17	1261.36
658.37	1265.73
658.56	1254.97
658.76	1269.41
658.95	1260.59
659.15	1263.00
659.34	1261.02
659.54	1260.83
659.73	1263.11
659.93	1263.15
660.13	1260.75
660.32	1266.42
660.52	1260.50
660.71	1266.24
660.91	1261.28
661.10	1267.71
661.30	1258.25
661.49	1265.97
661.69	1263.94
661.88	1262.41
662.08	1262.29
662.27	1263.11
662.47	1260.55
662.66	1262.61
662.86	1260.59
663.06	1267.82
663.25	1260.59
663.45	1263.35
663.64	1262.41
663.84	1262.16
664.03	1261.53
664.23	1258.70
664.42	1262.39
664.62	1267.24
664.81	1260.87
665.01	1263.19
665.20	1255.96
665.40	1271.30
665.59	1263.56
665.79	1259.85
665.98	1264.74
666.18	1266.81
666.37	1263.33
666.57	1263.62
666.76	1253.46
666.96	1274.55
667.15	1263.23
667.35	1269.17
667.54	1254.91
667.74	1264.56
667.93	1260.91
668.13	1271.17
668.32	1263.27
668.52	1263.58
668.71	1257.10
668.91	1265.30
669.10	1257.25
669.30	1267.82
669.49	1265.79
669.68	1267.18
669.88	1247.99
670.07	1260.79
670.27	1259.46
670.46	1262.20
670.66	1255.45
670.85	1264.46
671.05	1265.40
671.24	1265.87
671.44	1260.12
671.63	1264.68
671.83	1257.74
672.02	1266.79
672.22	1257.58
672.41	1260.38
672.60	1261.86
672.80	1266.77
672.99	1263.25
673.19	1261.94
673.38	1260.01
673.58	1262.00
673.77	1255.26
673.97	1268.35
674.16	1257.92
674.36	1264.33
674.55	1251.06
674.74	1263.15
674.94	1260.83
675.13	1261.61
675.33	1248.24
675.52	1265.30
675.72	1255.30
675.91	1254.67
676.10	1254.77
676.30	1259.34
676.49	1260.22
676.69	1261.71
676.88	1254.07
677.08	1264.62
677.27	1261.84
677.46	1266.32
677.66	1258.60
677.85	1268.02
678.05	1253.58
678.24	1262.76
678.44	1260.63
678.63	1254.65
678.82	1261.38
679.02	1258.50
679.21	1255.38
679.41	1257.47
679.60	1259.07
679.79	1273.88
679.99	1255.45
680.18	1264.15
680.38	1254.40
680.57	1262.43
680.76	1255.63
680.96	1259.89
681.15	1254.50
681.35	1265.64
681.54	1261.92
681.73	1267.55
681.93	1255.57
682.12	1260.95
682.32	1259.77
682.51	1267.04
682.70	1245.98
682.90	1260.46
683.09	1263.17
683.29	1266.30
683.48	1258.64
683.67	1262.31
683.87	1258.11
684.06	1266.98
684.25	1260.50
684.45	1261.12
684.64	1259.32
684.84	1264.50
685.03	1250.61
685.22	1263.06
685.42	1257.25
685.61	1266.98
685.80	1261.75
686.00	1259.56
686.19	1261.59
686.38	1267.59
686.58	1251.43
686.77	1259.26
686.96	1259.46
687.16	1261.98
687.35	1258.70
687.55	1268.10
687.74	1255.65
687.93	1259.32
688.13	1260.12
688.32	1264.74
688.51	1255.12
688.71	1272.32
688.90	1256.41
689.09	1263.15
689.29	1250.71
689.48	1263.17
689.67	1258.09
689.87	1268.04
690.06	1257.56
690.25	1266.53
690.45	1267.24
690.64	1262.68
690.83	1256.18
691.03	1266.01
691.22	1258.97
691.41	1261.65
691.61	1258.13
691.80	1263.43
691.99	1256.39
692.19	1271.79
692.38	1263.92
692.57	1268.25
692.76	1257.96
692.96	1265.52
693.15	1261.77
693.34	1261.90
693.54	1263.43
693.73	1273.06
693.92	1249.34
694.12	1261.24
694.31	1253.58
694.50	1267.98
694.70	1258.44
694.89	1265.07
695.08	1257.58
695.27	1265.93
695.47	1254.32
695.66	1263.82
695.85	1253.58
696.05	1262.98
696.24	1261.06
696.43	1254.83
696.62	1255.51
696.82	1263.62
697.01	1262.78
697.20	1256.22
697.40	1259.19
697.59	1259.79
697.78	1257.04
697.97	1263.66
698.17	1254.48
698.36	1264.89
698.55	1256.63
698.74	1263.74
698.94	1259.38
699.13	1262.20
699.32	1256.72
699.52	1261.30
699.71	1261.43
699.90	1262.02
700.09	1259.21
700.29	1261.92
700.48	1258.39
700.67	1261.67
700.86	1259.99
701.06	1252.93
701.25	1253.89
701.44	1259.77
701.63	1258.09
701.83	1266.46
702.02	1258.33
702.21	1263.23
702.40	1256.92
702.60	1263.19
702.79	1255.96
702.98	1267.57
703.17	1255.18
703.37	1258.85
703.56	1253.91
703.75	1260.87
703.94	1263.11
704.13	1257.37
704.33	1262.18
704.52	1268.02
704.71	1257.70
704.90	1264.68
705.10	1254.71
705.29	1259.60
705.48	1250.76
705.67	1265.05
705.86	1255.59
706.06	1261.59
706.25	1257.25
706.44	1259.42
706.63	1260.05
706.83	1263.25
707.02	1258.64
707.21	1260.85
707.40	1259.93
707.59	1264.56
707.79	1252.78
707.98	1267.47
708.17	1262.10
708.36	1262.43
708.55	1260.73
708.75	1264.91
708.94	1260.38
709.13	1264.62
709.32	1258.95
709.51	1255.47
709.71	1255.16
709.90	1262.16
710.09	1250.39
710.28	1264.50
710.47	1254.61
710.66	1255.63
710.86	1248.16
711.05	1255.18
711.24	1255.55
711.43	1261.41
711.62	1256.88
711.82	1263.45
712.01	1258.58
712.20	1261.59
712.39	1257.08
712.58	1266.40
712.77	1257.04
712.97	1264.54
713.16	1255.38
713.35	1265.26
713.54	1257.45
713.73	1266.34
713.92	1256.86
714.11	1270.72
714.31	1254.61
714.50	1261.86
714.69	1251.53
714.88	1266.50
715.07	1255.88
715.26	1265.52
715.46	1250.33
715.65	1265.48
715.84	1253.68
716.03	1265.09
716.22	1254.93
716.41	1257.53
716.60	1253.89
716.80	1259.38
716.99	1252.41
717.18	1263.45
717.37	1250.84
717.56	1262.25
717.75	1254.18
717.94	1265.52
718.13	1262.51
718.33	1257.08
718.52	1260.18
718.71	1256.98
718.90	1258.91
719.09	1269.82
719.28	1252.29
719.47	1265.75
719.66	1257.10
719.85	1263.41
720.05	1256.88
720.24	1265.30
720.43	1258.52
720.62	1265.28
720.81	1256.96
721.00	1265.38
721.19	1257.80
721.38	1258.74
721.57	1257.80
721.77	1268.45
721.96	1258.03
722.15	1254.79
722.34	1256.94
722.53	1257.90
722.72	1253.25
722.91	1255.67
723.10	1253.30
723.29	1267.80
723.48	1256.67
723.67	1254.77
723.87	1260.73
724.06	1261.49
724.25	1253.93
724.44	1263.06
724.63	1253.23
724.82	1265.42
725.01	1258.23
725.20	1263.92
725.39	1254.38
725.58	1262.53
725.77	1255.10
725.96	1258.52
726.15	1256.51
726.34	1267.28
726.54	1255.16
726.73	1254.81
726.92	1259.64
727.11	1264.83
727.30	1258.95
727.49	1266.22
727.68	1257.96
727.87	1261.67
728.06	1256.45
728.25	1262.90
728.44	1255.53
728.63	1261.94
728.82	1256.76
729.01	1260.14
729.20	1256.33
729.39	1265.89
729.58	1258.09
729.77	1269.35
729.96	1261.02
730.15	1264.89
730.34	1254.87
730.53	1256.10
730.73	1252.64
730.92	1264.07
731.11	1258.19
731.30	1256.82
731.49	1256.41
731.68	1270.11
731.87	1255.81
732.06	1261.28
732.25	1256.18
732.44	1260.05
732.63	1262.47
732.82	1267.65
733.01	1261.08
733.20	1260.83
733.39	1258.09
733.58	1264.46
733.77	1256.04
733.96	1261.41
734.15	1260.16
734.34	1256.74
734.53	1260.95
734.72	1258.95
734.91	1252.09
735.10	1254.97
735.29	1257.33
735.48	1262.02
735.67	1252.23
735.86	1262.29
736.05	1250.69
736.24	1258.66
736.43	1260.63
736.62	1262.90
736.81	1262.29
737.00	1274.25
737.19	1259.99
737.38	1263.13
737.57	1253.71
737.76	1262.96
737.95	1258.97
738.14	1261.26
738.33	1259.09
738.51	1266.40
738.70	1247.50
738.89	1267.90
739.08	1254.48
739.27	1258.48
739.46	1259.13
739.65	1262.33
739.84	1256.59
740.03	1260.75
740.22	1262.59
740.41	1266.91
740.60	1249.32
740.79	1265.19
740.98	1256.76
741.17	1259.36
741.36	1262.55
741.55	1264.09
741.74	1250.57
741.93	1264.56
742.12	1251.88
742.31	1261.65
742.50	1251.35
742.68	1258.99
742.87	1255.79
743.06	1264.72
743.25	1258.85
743.44	1262.02
743.63	1258.89
743.82	1260.89
744.01	1253.13
744.20	1262.76
744.39	1255.47
744.58	1268.27
744.77	1262.47
744.96	1261.22
745.14	1249.49
745.33	1260.89
745.52	1256.61
745.71	1262.22
745.90	1256.82
746.09	1265.89
746.28	1256.12
746.47	1266.30
746.66	1251.29
746.85	1263.15
747.04	1253.40
747.22	1261.84
747.41	1254.44
747.60	1269.02
747.79	1258.62
747.98	1263.00
748.17	1256.14
748.36	1259.44
748.55	1265.52
748.74	1268.10
748.93	1257.15
749.11	1266.07
749.30	1249.63
749.49	1269.09
749.68	1258.66
749.87	1263.88
750.06	1260.59
750.25	1262.53
750.44	1256.84
750.62	1262.22
750.81	1253.11
751.00	1266.96
751.19	1255.24
751.38	1269.60
751.57	1253.44
751.76	1260.03
751.95	1256.04
752.13	1261.96
752.32	1255.47
752.51	1265.19
752.70	1254.73
752.89	1259.01
753.08	1262.57
753.27	1270.44
753.45	1264.07
753.64	1265.44
753.83	1257.92
754.02	1269.02
754.21	1254.48
754.40	1262.27
754.58	1256.02
754.77	1266.61
754.96	1262.22
755.15	1262.94
755.34	1260.42
755.53	1264.83
755.71	1266.98
755.90	1267.57
756.09	1263.70
756.28	1259.66
756.47	1258.80
756.66	1263.15
756.84	1250.31
757.03	1263.39
757.22	1263.49
757.41	1260.77
757.60	1261.51
757.79	1267.41
757.97	1251.82
758.16	1261.36
758.35	1255.55
758.54	1270.85
758.73	1254.77
758.91	1258.91
759.10	1262.70
759.29	1265.26
759.48	1259.99
759.67	1262.20
759.85	1251.62
760.04	1266.12
760.23	1260.75
760.42	1261.63
760.61	1255.32
760.79	1268.41
760.98	1264.50
761.17	1260.63
761.36	1256.18
761.55	1257.72
761.73	1259.66
761.92	1262.35
762.11	1253.89
762.30	1264.46
762.49	1261.51
762.67	1255.04
762.86	1260.44
763.05	1258.76
763.24	1253.15
763.42	1257.41
763.61	1255.14
763.80	1264.89
763.99	1260.75
764.17	1260.42
764.36	1252.31
764.55	1262.39
764.74	1255.10
764.92	1268.18
765.11	1257.23
765.30	1260.32
765.49	1258.13
765.68	1266.01
765.86	1256.45
766.05	1256.53
766.24	1248.56
766.43	1260.87
766.61	1251.66
766.80	1261.18
766.99	1252.99
767.17	1257.88
767.36	1253.50
767.55	1257.62
767.74	1251.64
767.92	1261.47
768.11	1254.42
768.30	1268.76
768.49	1255.47
768.67	1256.98
768.86	1262.49
769.05	1259.26
769.24	1258.62
769.42	1264.78
769.61	1258.68
769.80	1266.30
769.98	1254.52
770.17	1263.23
770.36	1252.99
770.55	1261.47
770.73	1247.52
770.92	1254.24
771.11	1252.41
771.29	1255.88
771.48	1259.44
771.67	1254.87
771.86	1252.99
772.04	1265.71
772.23	1252.19
772.42	1260.95
772.60	1250.18
772.79	1258.87
772.98	1260.63
773.16	1264.29
773.35	1257.86
773.54	1265.34
773.72	1261.96
773.91	1259.07
774.10	1255.53
774.29	1264.58
774.47	1253.13
774.66	1261.98
774.85	1253.62
775.03	1261.98
775.22	1253.91
775.41	1260.71
775.59	1259.01
775.78	1255.20
775.97	1256.90
776.15	1265.34
776.34	1253.89
776.53	1261.20
776.71	1262.80
776.90	1263.60
777.09	1252.01
777.27	1263.25
777.46	1256.08
777.65	1266.34
777.83	1257.62
778.02	1263.76
778.21	1258.93
778.39	1261.55
778.58	1257.51
778.76	1263.15
778.95	1254.75
779.14	1266.03
779.32	1257.17
779.51	1255.90
779.70	1258.76
779.88	1264.52
780.07	1259.60
780.26	1256.00
780.44	1249.59
780.63	1265.13
780.81	1251.86
781.00	1259.13
781.19	1258.09
781.37	1259.58
781.56	1256.65
781.75	1257.51
781.93	1256.29
782.12	1258.01
782.30	1255.79
782.49	1261.75
782.68	1256.94
782.86	1260.07
783.05	1254.11
783.23	1259.40
783.42	1253.52
783.61	1262.70
783.79	1260.71
783.98	1261.12
784.16	1253.91
784.35	1268.20
784.54	1260.69
784.72	1254.40
784.91	1254.16
785.09	1265.85
785.28	1261.67
785.47	1256.39
785.65	1259.26
785.84	1261.36
786.02	1256.39
786.21	1259.26
786.40	1247.85
786.58	1263.70
786.77	1251.10
786.95	1262.80
787.14	1252.54
787.32	1260.83
787.51	1266.46
787.70	1259.64
787.88	1265.62
788.07	1263.49
788.25	1251.12
788.44	1257.62
788.62	1251.72
788.81	1261.00
789.00	1251.86
789.18	1263.43
789.37	1247.23
789.55	1252.72
789.74	1262.63
789.92	1256.59
790.11	1255.90
790.29	1257.51
790.48	1251.80
790.67	1263.23
790.85	1254.22
791.04	1261.43
791.22	1253.77
791.41	1255.77
791.59	1252.19
791.78	1260.01
791.96	1258.37
792.15	1258.46
792.33	1254.20
792.52	1258.05
792.70	1253.93
792.89	1259.52
793.07	1249.88
793.26	1263.49
793.45	1258.13
793.63	1267.84
793.82	1255.79
794.00	1262.55
794.19	1253.93
794.37	1260.32
794.56	1256.29
794.74	1263.37
794.93	1250.98
795.11	1263.35
795.30	1259.48
795.48	1261.67
795.67	1254.22
795.85	1261.16
796.04	1253.79
796.22	1261.61
796.41	1257.49
796.59	1260.01
796.78	1262.43
796.96	1259.03
797.15	1253.71
797.33	1255.92
797.52	1256.72
797.70	1260.79
797.89	1258.33
798.07	1256.94
798.26	1251.19
798.44	1260.61
798.63	1259.99
798.81	1260.91
798.99	1260.65
799.18	1254.36
799.36	1253.68
799.55	1265.58
799.73	1252.01
799.92	1263.66
800.10	1258.46
800.29	1260.38
800.47	1254.20
800.66	1259.93
800.84	1255.83
801.03	1262.41
801.21	1253.05
801.39	1257.43
801.58	1255.10
801.76	1260.40
801.95	1252.37
802.13	1256.41
802.32	1252.05
802.50	1256.59
802.69	1247.75
802.87	1260.46
803.06	1251.17
803.24	1262.51
803.42	1256.06
803.61	1265.36
803.79	1253.73
803.98	1260.01
804.16	1261.26
804.35	1260.32
804.53	1255.14
804.71	1256.53
804.90	1252.46
805.08	1262.10
805.27	1256.08
805.45	1256.90
805.63	1253.32
805.82	1266.79
806.00	1254.93
806.19	1257.43
806.37	1253.32
806.56	1260.75
806.74	1255.53
806.92	1255.06
807.11	1257.62
807.29	1257.29
807.48	1259.07
807.66	1256.10
807.84	1250.96
808.03	1254.83
808.21	1255.22
808.40	1258.72
808.58	1248.42
808.76	1262.10
808.95	1255.30
809.13	1260.98
809.32	1250.57
809.50	1263.66
809.68	1253.50
809.87	1254.65
810.05	1254.95
810.23	1261.67
810.42	1252.07
810.60	1263.56
810.79	1251.02
810.97	1269.13
811.15	1261.57
811.34	1263.17
811.52	1260.73
811.70	1263.49
811.89	1254.71
812.07	1262.55
812.25	1251.45
812.44	1260.59
812.62	1251.76
812.81	1258.21
812.99	1256.67
813.17	1257.29
813.36	1255.92
813.54	1259.75
813.72	1250.41
813.91	1266.98
814.09	1255.28
814.27	1253.36
814.46	1256.59
814.64	1261.24
814.82	1252.56
815.01	1261.00
815.19	1250.53
815.37	1251.88
815.56	1258.48
815.74	1258.52
815.92	1245.35
816.11	1268.29
816.29	1255.10
816.47	1259.01
816.66	1254.83
816.84	1258.72
817.02	1259.79
817.21	1261.20
817.39	1253.75
817.57	1266.55
817.76	1254.81
817.94	1256.67
818.12	1252.56
818.30	1264.85
818.49	1256.84
818.67	1259.32
818.85	1260.32
819.04	1265.62
819.22	1253.79
819.40	1265.50
819.59	1256.26
819.77	1259.05
819.95	1253.89
820.13	1262.00
820.32	1251.21
820.50	1260.24
820.68	1253.17
820.87	1255.81
821.05	1260.71
821.23	1252.64
821.41	1253.54
821.60	1260.52
821.78	1249.02
821.96	1257.49
822.14	1254.09
822.33	1266.10
822.51	1258.91
822.69	1256.20
822.88	1250.74
823.06	1253.56
823.24	1256.06
823.42	1258.62
823.61	1252.23
823.79	1260.44
823.97	1255.00
824.15	1257.35
824.34	1255.63
824.52	1263.49
824.70	1260.98
824.88	1262.47
825.07	1252.05
825.25	1257.80
825.43	1260.30
825.61	1257.74
825.80	1252.87
825.98	1262.45
826.16	1246.46
826.34	1259.01
826.53	1249.61
826.71	1260.89
826.89	1255.96
827.07	1261.49
827.25	1256.39
827.44	1264.19
827.62	1256.04
827.80	1262.02
827.98	1251.39
828.17	1259.64
828.35	1254.61
828.53	1267.77
828.71	1248.50
828.89	1258.91
829.08	1258.87
829.26	1255.75
829.44	1261.90
829.62	1261.28
829.80	1250.35
829.99	1256.70
830.17	1252.64
830.35	1264.01
830.53	1261.59
830.71	1262.51
830.90	1257.45
831.08	1263.58
831.26	1250.00
831.44	1257.80
831.62	1248.83
831.81	1264.40
831.99	1256.49
832.17	1261.47
832.35	1256.10
832.53	1257.49
832.71	1254.61
832.90	1267.73
833.08	1254.93
833.26	1256.18
833.44	1257.74
833.62	1255.24
833.81	1256.02
833.99	1261.86
834.17	1255.18
834.35	1265.60
834.53	1254.95
834.71	1256.04
834.89	1255.00
835.08	1264.46
835.26	1257.94
835.44	1262.57
835.62	1258.13
835.80	1262.88
835.98	1256.96
836.17	1268.94
836.35	1260.63
836.53	1257.04
836.71	1248.73
836.89	1259.71
837.07	1254.54
837.25	1260.87
837.44	1249.79
837.62	1264.76
837.80	1254.83
837.98	1263.68
838.16	1251.78
838.34	1262.25
838.52	1251.76
838.70	1260.73
838.89	1253.71
839.07	1262.31
839.25	1253.85
839.43	1264.17
839.61	1259.26
839.79	1260.09
839.97	1253.77
840.15	1260.32
840.33	1256.80
840.52	1268.51
840.70	1255.32
840.88	1266.16
841.06	1246.82
841.24	1260.44
841.42	1254.11
841.60	1263.78
841.78	1251.58
841.96	1253.36
842.14	1257.04
842.33	1259.15
842.51	1252.48
842.69	1263.45
842.87	1253.81
843.05	1259.79
843.23	1256.37
843.41	1258.68
843.59	1248.03
843.77	1251.58
843.95	1256.41
844.13	1254.71
844.31	1254.77
844.49	1263.62
844.68	1258.23
844.86	1256.82
845.04	1250.51
845.22	1252.23
845.40	1254.79
845.58	1259.99
845.76	1250.82
845.94	1260.73
846.12	1261.81
846.30	1257.94
846.48	1257.13
846.66	1260.63
846.84	1253.71
847.02	1251.25
847.20	1250.08
847.38	1261.36
847.56	1248.59
847.74	1270.72
847.92	1254.83
848.11	1255.38
848.29	1263.11
848.47	1261.04
848.65	1253.99
848.83	1262.61
849.01	1256.82
849.19	1256.72
849.37	1250.78
849.55	1262.16
849.73	1252.91
849.91	1260.48
850.09	1254.44
850.27	1257.78
850.45	1258.95
850.63	1266.44
850.81	1253.58
850.99	1260.98
851.17	1251.06
851.35	1255.06
851.53	1256.24
851.71	1263.04
851.89	1253.97
852.07	1257.53
852.25	1261.86
852.43	1260.61
852.61	1243.08
852.79	1262.72
852.97	1251.64
853.15	1257.86
853.33	1256.84
853.51	1259.54
853.69	1246.62
853.87	1256.86
854.05	1254.07
854.23	1257.86
854.41	1253.38
854.59	1262.06
854.77	1256.88
854.95	1258.54
855.13	1248.32
855.31	1260.44
855.49	1255.32
855.67	1261.28
855.84	1251.06
856.02	1261.79
856.20	1256.08
856.38	1260.50
856.56	1249.85
856.74	1265.48
856.92	1251.51
857.10	1259.77
857.28	1256.94
857.46	1263.17
857.64	1246.39
857.82	1260.44
858.00	1255.26
858.18	1262.86
858.36	1251.94
858.54	1260.83
858.72	1256.76
858.90	1265.81
859.08	1255.83
859.25	1257.21
859.43	1257.27
859.61	1263.78
859.79	1261.20
859.97	1256.67
860.15	1251.29
860.33	1262.14
860.51	1254.73
860.69	1255.75
860.87	1257.17
861.05	1264.78
861.23	1258.07
861.41	1259.75
861.58	1254.42
861.76	1266.12
861.94	1254.75
862.12	1261.55
862.30	1258.19
862.48	1262.78
862.66	1255.28
862.84	1265.75
863.02	1256.04
863.20	1260.24
863.37	1252.76
863.55	1260.42
863.73	1256.84
863.91	1257.56
864.09	1256.49
864.27	1257.64
864.45	1256.78
864.63	1258.89
864.80	1254.26
864.98	1259.28
865.16	1263.51
865.34	1254.42
865.52	1253.60
865.70	1261.10
865.88	1262.06
866.06	1265.60
866.23	1257.68
866.41	1258.78
866.59	1249.20
866.77	1260.38
866.95	1258.13
867.13	1261.59
867.31	1255.73
867.48	1259.93
867.66	1255.67
867.84	1259.28
868.02	1251.04
868.20	1258.48
868.38	1253.13
868.56	1260.01
868.73	1260.77
868.91	1264.89
869.09	1256.26
869.27	1264.35
869.45	1256.57
869.63	1256.43
869.80	1247.19
869.98	1256.31
870.16	1257.72
870.34	1267.34
870.52	1260.20
870.70	1255.02
870.87	1258.62
871.05	1259.28
871.23	1256.86
871.41	1256.51
871.59	1255.18
871.76	1256.63
871.94	1259.69
872.12	1258.76
872.30	1248.05
872.48	1256.63
872.65	1252.82
872.83	1260.38
873.01	1255.24
873.19	1263.66
873.37	1259.36
873.54	1264.15
873.72	1255.61
873.90	1254.05
874.08	1257.06
874.26	1255.45
874.43	1255.73
874.61	1259.66
874.79	1247.79
874.97	1265.77
875.15	1252.62
875.32	1261.94
875.50	1253.23
875.68	1264.64
875.86	1257.74
876.03	1254.46
876.21	1255.69
876.39	1265.93
876.57	1256.47
876.74	1262.20
876.92	1249.22
877.10	1262.25
877.28	1253.11
877.45	1262.43
877.63	1255.63
877.81	1260.57
877.99	1251.02
878.17	1264.83
878.34	1257.39
878.52	1255.98
878.70	1252.97
878.87	1258.54
879.05	1248.28
879.23	1267.90
879.41	1251.31
879.58	1257.74
879.76	1253.23
879.94	1254.87
880.12	1259.71
880.29	1262.31
880.47	1250.16
880.65	1259.56
880.83	1251.82
881.00	1259.26
881.18	1259.77
881.36	1262.35
881.53	1250.55
881.71	1265.56
881.89	1258.99
882.07	1264.52
882.24	1259.77
882.42	1258.27
882.60	1259.93
882.77	1263.08
882.95	1253.71
883.13	1261.04
883.30	1253.75
883.48	1255.14
883.66	1250.37
883.84	1264.54
884.01	1257.02
884.19	1261.30
884.37	1259.23
884.54	1264.09
884.72	1255.26
884.90	1256.33
885.07	1251.58
885.25	1256.90
885.43	1248.67
885.60	1261.41
885.78	1257.35
885.96	1258.58
886.13	1251.88
886.31	1256.86
886.49	1257.35
886.66	1257.88
886.84	1260.18
887.02	1261.43
887.19	1245.96
887.37	1259.79
887.55	1249.61
887.72	1255.30
887.90	1247.85
888.08	1260.07
888.25	1260.71
888.43	1260.91
888.61	1249.83
888.78	1262.45
888.96	1256.41
889.14	1263.49
889.31	1258.23
889.49	1262.94
889.67	1253.48
889.84	1257.06
890.02	1257.56
890.19	1259.05
890.37	1245.31
890.55	1258.13
890.72	1256.74
890.90	1270.62
891.08	1253.79
891.25	1260.12
891.43	1254.30
891.60	1257.02
891.78	1256.53
891.96	1260.67
892.13	1249.98
892.31	1258.85
892.48	1256.33
892.66	1267.96
892.84	1242.97
893.01	1259.71
893.19	1253.30
893.36	1259.85
893.54	1267.18
893.72	1256.63
893.89	1260.71
894.07	1257.76
894.24	1252.48
894.42	1277.79
894.60	1255.22
894.77	1255.65
894.95	1256.96
895.12	1257.19
895.30	1256.18
895.48	1262.72
895.65	1252.48
895.83	1259.21
896.00	1255.96
896.18	1264.03
896.35	1247.77
896.53	1262.63
896.71	1258.39
896.88	1262.53
897.06	1255.51
897.23	1259.17
897.41	1259.03
897.58	1261.71
897.76	1255.08
897.93	1265.64
898.11	1251.60
898.29	1264.25
898.46	1252.13
898.64	1260.77
898.81	1254.11
898.99	1271.03
899.16	1261.98
899.34	1268.55
899.51	1257.15
899.69	1256.08
899.86	1254.95
900.04	1260.20
900.21	1256.57
900.39	1257.04
900.57	1260.03
900.74	1253.50
900.92	1256.14
901.09	1257.00
901.27	1250.33
901.44	1266.61
901.62	1262.90
901.79	1262.08
901.97	1252.35
902.14	1257.04
902.32	1254.20
902.49	1259.05
902.67	1254.16
902.84	1264.17
903.02	1249.98
903.19	1251.45
903.37	1254.85
903.54	1258.78
903.72	1255.77
903.89	1257.74
904.07	1257.41
904.24	1266.34
904.42	1246.00
904.59	1262.61
904.77	1257.37
904.94	1260.34
905.12	1257.23
905.29	1256.12
905.47	1249.38
905.64	1259.95
905.82	1258.68
905.99	1258.89
906.16	1258.19
906.34	1261.84
906.51	1252.62
906.69	1255.10
906.86	1249.32
907.04	1262.59
907.21	1252.54
907.39	1261.38
907.56	1256.84
907.74	1256.33
907.91	1246.93
908.09	1263.47
908.26	1253.09
908.43	1257.66
908.61	1253.03
908.78	1264.85
908.96	1257.72
909.13	1257.70
909.31	1248.87
909.48	1258.95
909.65	1250.06
909.83	1255.88
910.00	1257.99
910.18	1261.84
910.35	1257.02
910.53	1263.62
910.70	1257.92
910.87	1262.41
911.05	1256.96
911.22	1252.84
911.40	1246.19
911.57	1258.11
911.75	1256.37
911.92	1254.85
912.09	1253.27
912.27	1258.07
912.44	1256.51
912.62	1255.55
912.79	1250.96
912.96	1263.72
913.14	1250.88
913.31	1261.36
913.49	1255.59
913.66	1263.02
913.83	1257.45
914.01	1269.09
914.18	1259.21
914.36	1260.34
914.53	1253.71
914.70	1257.19
914.88	1261.47
915.05	1258.50
915.22	1256.47
915.40	1256.98
915.57	1254.89
915.75	1259.03
915.92	1251.12
916.09	1260.71
916.27	1259.79
916.44	1261.53
916.61	1253.40
916.79	1257.92
916.96	1254.69
917.13	1257.33
917.31	1252.48
917.48	1267.69
917.66	1258.27
917.83	1263.49
918.00	1256.90
918.18	1259.03
918.35	1258.01
918.52	1264.01
918.70	1252.84
918.87	1258.58
919.04	1253.75
919.22	1266.98
919.39	1255.12
919.56	1260.30
919.74	1258.17
919.91	1265.03
920.08	1256.94
920.26	1257.37
920.43	1256.12
920.60	1265.48
920.78	1252.52
920.95	1264.42
921.12	1258.11
921.29	1259.52
921.47	1260.20
921.64	1260.07
921.81	1250.65
921.99	1263.15
922.16	1248.65
922.33	1262.16
922.51	1263.06
922.68	1262.06
922.85	1258.70
923.03	1267.41
923.20	1254.52
923.37	1253.27
923.54	1254.46
923.72	1259.91
923.89	1252.62
924.06	1259.11
924.24	1256.49
924.41	1263.86
924.58	1250.78
924.75	1263.43
924.93	1251.19
925.10	1264.93
925.27	1255.00
925.44	1263.19
925.62	1264.99
925.79	1262.08
925.96	1253.50
926.14	1255.36
926.31	1256.80
926.48	1264.23
926.65	1247.58
926.83	1255.14
927.00	1249.79
927.17	1262.72
927.34	1263.99
927.52	1257.08
927.69	1252.15
927.86	1261.65
928.03	1257.17
928.21	1265.54
928.38	1254.32
928.55	1262.20
928.72	1254.50
928.89	1254.85
929.07	1255.02
929.24	1262.88
929.41	1256.76
929.58	1262.45
929.76	1257.84
929.93	1260.09
930.10	1257.64
930.27	1255.67
930.44	1259.36
930.62	1266.16
930.79	1253.38
930.96	1260.69
931.13	1253.54
931.31	1259.21
931.48	1253.77
931.65	1260.77
931.82	1257.33
931.99	1260.16
932.17	1249.90
932.34	1265.75
932.51	1250.24
932.68	1263.99
932.85	1257.45
933.03	1260.32
933.20	1252.84
933.37	1260.46
933.54	1255.40
933.71	1270.09
933.88	1257.60
934.06	1261.73
934.23	1257.17
934.40	1259.09
934.57	1260.22
934.74	1255.26
934.91	1260.79
935.09	1260.28
935.26	1257.56
935.43	1264.11
935.60	1255.65
935.77	1260.30
935.94	1258.31
936.12	1262.78
936.29	1257.47
936.46	1250.41
936.63	1254.38
936.80	1265.05
936.97	1263.47
937.14	1263.80
937.32	1255.81
937.49	1258.29
937.66	1253.93
937.83	1262.33
938.00	1255.22
938.17	1255.59
938.34	1254.24
938.52	1266.12
938.69	1252.82
938.86	1262.80
939.03	1258.91
939.20	1267.28
939.37	1260.36
939.54	1259.05
939.71	1254.20
939.89	1260.36
940.06	1251.29
940.23	1251.27
940.40	1258.17
940.57	1264.87
940.74	1256.67
940.91	1261.47
941.08	1253.73
941.25	1254.09
941.43	1249.04
941.60	1258.56
941.77	1258.01
941.94	1259.93
942.11	1247.27
942.28	1266.63
942.45	1258.78
942.62	1263.68
942.79	1253.68
942.96	1258.76
943.13	1254.91
943.30	1258.25
943.48	1252.29
943.65	1258.93
943.82	1251.19
943.99	1253.75
944.16	1250.43
944.33	1262.20
944.50	1251.78
944.67	1255.83
944.84	1252.01
945.01	1258.35
945.18	1250.04
945.35	1267.88
945.52	1256.96
945.69	1265.19
945.86	1259.79
946.03	1253.34
946.21	1258.93
946.38	1260.95
946.55	1254.40
946.72	1262.84
946.89	1255.45
947.06	1255.98
947.23	1260.30
947.40	1256.76
947.57	1255.10
947.74	1259.19
947.91	1253.66
948.08	1260.09
948.25	1255.30
948.42	1253.52
948.59	1252.97
948.76	1260.38
948.93	1251.06
949.10	1257.08
949.27	1249.79
949.44	1256.37
949.61	1252.33
949.78	1255.86
949.95	1256.39
950.12	1254.05
950.29	1254.26
950.46	1259.32
950.63	1251.76
950.80	1257.68
950.97	1251.47
951.14	1259.44
951.31	1257.27
951.48	1264.35
951.65	1256.06
951.82	1261.94
951.99	1259.75
952.16	1258.48
952.33	1258.42
952.50	1263.58
952.67	1258.09
952.84	1257.96
953.01	1255.00
953.18	1259.81
953.35	1254.59
953.52	1260.67
953.69	1262.08
953.86	1264.85
954.03	1256.53
954.20	1257.39
954.37	1254.18
954.54	1255.00
954.70	1260.38
954.87	1263.17
955.04	1250.51
955.21	1255.02
955.38	1250.82
955.55	1259.91
955.72	1254.83
955.89	1261.10
956.06	1258.15
956.23	1264.42
956.40	1251.45
956.57	1260.48
956.74	1250.92
956.91	1261.14
957.08	1258.50
957.25	1264.76
957.41	1256.31
957.58	1256.06
957.75	1248.99
957.92	1262.29
958.09	1243.28
958.26	1262.96
958.43	1258.25
958.60	1264.97
958.77	1253.99
958.94	1261.77
959.11	1260.50
959.27	1259.34
959.44	1257.90
959.61	1261.81
959.78	1250.78
959.95	1262.72
960.12	1251.06
960.29	1261.18
960.46	1253.27
960.63	1261.73
960.80	1250.16
960.96	1257.47
961.13	1251.60
961.30	1262.57
961.47	1254.93
961.64	1258.25
961.81	1261.14
961.98	1257.04
962.15	1247.34
962.31	1262.84
962.48	1256.26
962.65	1264.21
962.82	1251.23
962.99	1259.30
963.16	1256.29
963.33	1272.14
963.49	1253.17
963.66	1254.77
963.83	1251.51
964.00	1257.43
964.17	1253.93
964.34	1263.13
964.51	1252.05
964.67	1255.65
964.84	1259.21
965.01	1274.47
965.18	1246.58
965.35	1260.24
965.52	1252.25
965.68	1268.12
965.85	1254.73
966.02	1259.50
966.19	1255.14
966.36	1260.95
966.52	1248.40
966.69	1272.98
966.86	1250.55
967.03	1264.64
967.20	1261.81
967.37	1259.07
967.53	1253.54
967.70	1257.45
967.87	1255.36
968.04	1253.64
968.21	1253.15
968.37	1266.03
968.54	1249.10
968.71	1261.24
968.88	1251.51
969.05	1260.69
969.21	1250.28
969.38	1259.75
969.55	1248.93
969.72	1264.09
969.89	1251.15
970.05	1262.06
970.22	1251.06
970.39	1262.14
970.56	1256.47
970.72	1253.77
970.89	1258.91
971.06	1264.01
971.23	1251.23
971.39	1262.18
971.56	1253.95
971.73	1263.13
971.90	1254.71
972.07	1257.94
972.23	1251.19
972.40	1265.56
972.57	1258.37
972.74	1261.59
972.90	1259.62
973.07	1266.85
973.24	1248.52
973.40	1264.11
973.57	1261.84
973.74	1260.81
973.91	1255.06
974.07	1256.59
974.24	1250.26
974.41	1267.32
974.58	1256.31
974.74	1260.91
974.91	1257.19
975.08	1256.88
975.25	1251.96
975.41	1259.99
975.58	1246.97
975.75	1258.78
975.91	1255.81
976.08	1256.41
976.25	1250.90
976.42	1263.45
976.58	1258.03
976.75	1257.04
976.92	1253.42
977.08	1258.15
977.25	1249.57
977.42	1257.37
977.58	1249.92
977.75	1259.81
977.92	1245.12
978.08	1254.59
978.25	1252.84
978.42	1257.70
978.59	1251.27
978.75	1260.09
978.92	1261.41
979.09	1260.95
979.25	1252.62
979.42	1264.62
979.59	1247.95
979.75	1255.73
979.92	1251.88
980.09	1271.28
980.25	1256.41
980.42	1256.29
980.59	1254.67
980.75	1263.02
980.92	1249.12
981.09	1262.74
981.25	1251.02
981.42	1256.90
981.59	1256.20
981.75	1258.07
981.92	1252.82
982.08	1267.18
982.25	1252.97
982.42	1266.38
982.58	1255.65
982.75	1257.00
982.92	1255.04
983.08	1252.56
983.25	1252.50
983.42	1260.65
983.58	1251.35
983.75	1254.32
983.91	1257.64
984.08	1256.22
984.25	1255.40
984.41	1259.58
984.58	1256.84
984.74	1259.75
984.91	1250.86
985.08	1262.06
985.24	1257.41
985.41	1260.20
985.57	1258.89
985.74	1257.21
985.91	1254.07
986.07	1265.69
986.24	1252.97
986.40	1258.99
986.57	1252.74
986.74	1264.76
986.90	1258.60
987.07	1259.38
987.23	1251.66
987.40	1254.87
987.57	1250.65
987.73	1259.87
987.90	1260.55
988.06	1260.73
988.23	1249.18
988.39	1262.16
988.56	1252.70
988.73	1261.77
988.89	1260.77
989.06	1263.66
989.22	1255.83
989.39	1269.29
989.55	1258.62
989.72	1262.94
989.88	1250.14
990.05	1260.14
990.22	1256.92
990.38	1260.38
990.55	1248.46
990.71	1264.03
990.88	1254.73
991.04	1264.93
991.21	1257.56
991.37	1262.63
991.54	1259.44
991.70	1260.48
991.87	1250.92
992.03	1258.66
992.20	1255.16
992.36	1252.39
992.53	1257.15
992.69	1265.42
992.86	1253.91
993.03	1258.50
993.19	1255.08
993.36	1265.30
993.52	1259.81
993.69	1266.44
993.85	1255.65
994.02	1264.07
994.18	1255.73
994.35	1260.48
994.51	1255.65
994.68	1262.25
994.84	1258.39
995.01	1262.18
995.17	1254.20
995.34	1261.26
995.50	1248.50
995.66	1262.96
995.83	1250.20
995.99	1262.94
996.16	1256.55
996.32	1253.48
996.49	1248.85
996.65	1259.26
996.82	1265.62
996.98	1260.77
997.15	1254.95
997.31	1256.29
997.48	1252.13
997.64	1263.97
997.81	1252.23
997.97	1265.26
998.13	1252.68
998.30	1264.25
998.46	1254.83
998.63	1257.56
998.79	1250.55
998.96	1260.87
999.12	1250.76
999.29	1259.91
999.45	1256.94
999.61	1257.47
999.78	1260.79
999.94	1260.07
1000.11	1255.63
1000.27	1262.02
1000.44	1250.76
1000.60	1262.55
1000.76	1253.23
1000.93	1261.86
1001.09	1265.11
1001.26	1256.80
1001.42	1255.18
1001.59	1267.00
1001.75	1252.44
1001.91	1254.44
1002.08	1254.28
1002.24	1259.11
1002.41	1256.41
1002.57	1259.48
1002.73	1261.36
1002.90	1260.44
1003.06	1258.31
1003.23	1260.28
1003.39	1253.23
1003.55	1261.55
1003.72	1253.44
1003.88	1265.13
1004.04	1258.93
1004.21	1257.64
1004.37	1258.82
1004.54	1258.66
1004.70	1254.79
1004.86	1261.43
1005.03	1250.10
1005.19	1261.47
1005.35	1252.54
1005.52	1258.72
1005.68	1256.92
1005.85	1258.72
1006.01	1255.26
1006.17	1260.61
1006.34	1255.73
1006.50	1260.26
1006.66	1255.69
1006.83	1266.30
1006.99	1243.44
1007.15	1251.70
1007.32	1252.87
1007.48	1262.16
1007.64	1262.27
1007.81	1254.03
1007.97	1256.29
1008.13	1255.69
1008.30	1254.73
1008.46	1264.68
1008.62	1255.30
1008.79	1264.44
1008.95	1255.69
1009.11	1252.23
1009.28	1250.08
1009.44	1256.00
1009.60	1249.77
1009.77	1261.53
1009.93	1244.47
1010.09	1264.62
1010.25	1253.42
1010.42	1270.29
1010.58	1254.73
1010.74	1256.24
1010.91	1253.87
1011.07	1260.48
1011.23	1254.77
1011.40	1257.04
1011.56	1255.20
1011.72	1253.27
1011.88	1258.82
1012.05	1260.57
1012.21	1257.02
1012.37	1263.80
1012.54	1253.03
1012.70	1268.37
1012.86	1256.78
1013.02	1261.88
1013.19	1262.04
1013.35	1265.44
1013.51	1255.34
1013.67	1262.61
1013.84	1255.24
1014.00	1260.09
1014.16	1256.43
1014.33	1258.17
1014.49	1255.45
1014.65	1266.65
1014.81	1256.53
1014.98	1261.69
1015.14	1253.54
1015.30	1257.92
1015.46	1258.76
1015.62	1259.40
1015.79	1254.32
1015.95	1263.66
1016.11	1254.46
1016.27	1265.85
1016.44	1254.89
1016.60	1266.53
1016.76	1261.26
1016.92	1258.01
1017.09	1255.22
1017.25	1258.56
1017.41	1255.49
1017.57	1260.20
1017.73	1257.64
1017.90	1257.21
1018.06	1260.89
1018.22	1259.79
1018.38	1259.05
1018.54	1262.65
1018.71	1253.83
1018.87	1263.94
1019.03	1250.22
1019.19	1262.39
1019.35	1254.67
1019.52	1264.99
1019.68	1258.37
1019.84	1257.17
1020.00	1256.98
1020.16	1264.13
1020.33	1259.28
1020.49	1257.86
1020.65	1248.75
1020.81	1259.83
1020.97	1256.55
1021.13	1264.68
1021.30	1253.58
1021.46	1262.45
1021.62	1250.04
1021.78	1254.75
1021.94	1247.15
1022.10	1260.65
1022.27	1252.74
1022.43	1266.32
1022.59	1255.02
1022.75	1254.79
1022.91	1254.97
1023.07	1254.24
1023.24	1251.39
1023.40	1264.68
1023.56	1251.55
1023.72	1258.46
1023.88	1253.66
1024.04	1265.38
1024.20	1259.93
1024.36	1261.10
1024.53	1244.53
1024.69	1260.26
1024.85	1257.08
1025.01	1263.43
1025.17	1255.40
1025.33	1259.71
1025.49	1253.36
1025.65	1255.30
1025.82	1250.78
1025.98	1263.29
1026.14	1252.60
1026.30	1261.96
1026.46	1253.99
1026.62	1263.64
1026.78	1252.58
1026.94	1269.86
1027.10	1255.24
1027.26	1261.28
1027.43	1254.09
1027.59	1262.33
1027.75	1250.55
1027.91	1257.43
1028.07	1249.92
1028.23	1263.08
1028.39	1251.98
1028.55	1261.36
1028.71	1252.35
1028.87	1263.37
1029.03	1251.25
1029.19	1252.31
1029.36	1262.22
1029.52	1254.36
1029.68	1243.14
1029.84	1263.39
1030.00	1255.34
1030.16	1253.73
1030.32	1263.06
1030.48	1259.66
1030.64	1256.02
1030.80	1261.75
1030.96	1253.40
1031.12	1262.94
1031.28	1256.51
1031.44	1263.54
1031.60	1262.43
1031.76	1259.32
1031.92	1252.05
1032.08	1279.96
1032.24	1256.84
1032.40	1262.08
1032.56	1256.92
1032.73	1264.21
1032.89	1258.60
1033.05	1257.60
1033.21	1255.36
1033.37	1256.37
1033.53	1250.45
1033.69	1254.73
1033.85	1255.08
1034.01	1259.66
1034.17	1254.52
1034.33	1259.36
1034.49	1252.48
1034.65	1261.90
1034.81	1249.63
1034.97	1259.95
1035.13	1263.92
1035.29	1261.38
1035.45	1257.00
1035.61	1261.73
1035.77	1259.01
1035.93	1260.09
1036.09	1255.02
1036.25	1260.05
1036.41	1246.58
1036.57	1259.85
1036.73	1257.15
1036.88	1262.47
1037.04	1260.22
