345.52	1255.12
345.73	1255.12
345.94	1255.12
346.16	1242.99
346.37	1243.47
346.58	1255.98
346.79	1257.94
347.00	1255.94
347.22	1260.93
347.43	1244.61
347.64	1256.04
347.85	1254.14
348.06	1263.68
348.28	1256.65
348.49	1259.40
348.70	1257.21
348.91	1259.38
349.12	1249.61
349.34	1260.81
349.55	1250.92
349.76	1259.34
349.97	1243.36
350.18	1256.41
350.40	1251.82
350.61	1261.32
350.82	1246.56
351.03	1261.63
351.24	1245.31
351.46	1259.01
351.67	1256.08
351.88	1259.52
352.09	1256.04
352.30	1256.67
352.51	1247.68
352.73	1261.36
352.94	1253.75
353.15	1268.18
353.36	1256.35
353.57	1257.70
353.79	1255.63
354.00	1253.50
354.21	1257.92
354.42	1259.87
354.63	1254.87
354.84	1256.53
355.06	1250.39
355.27	1251.35
355.48	1254.57
355.69	1257.17
355.90	1256.12
356.11	1259.05
356.33	1244.59
356.54	1265.73
356.75	1249.94
356.96	1259.28
357.17	1251.58
357.38	1254.54
357.60	1256.04
357.81	1263.27
358.02	1256.22
358.23	1265.36
358.44	1253.81
358.65	1257.88
358.87	1254.28
359.08	1255.45
359.29	1247.72
359.50	1258.50
359.71	1250.57
359.92	1263.25
360.13	1250.04
360.35	1259.87
360.56	1250.86
360.77	1258.09
360.98	1251.08
361.19	1260.32
361.40	1257.17
361.62	1260.81
361.83	1250.82
362.04	1249.96
362.25	1256.37
362.46	1265.54
362.67	1252.33
362.88	1262.06
363.10	1261.41
363.31	1258.87
363.52	1258.56
363.73	1262.68
363.94	1253.99
364.15	1266.24
364.36	1256.90
364.57	1255.96
364.79	1254.09
365.00	1262.88
365.21	1250.16
365.42	1262.16
365.63	1255.53
365.84	1267.51
366.05	1250.55
366.27	1253.25
366.48	1250.08
366.69	1259.95
366.90	1253.93
367.11	1258.99
367.32	1255.28
367.53	1261.12
367.74	1258.44
367.95	1257.04
368.17	1268.14
368.38	1259.50
368.59	1254.01
368.80	1261.67
369.01	1256.35
369.22	1263.90
369.43	1265.01
369.64	1253.68
369.86	1257.00
370.07	1268.20
370.28	1255.34
370.49	1265.67
370.70	1251.41
370.91	1264.07
371.12	1256.63
371.33	1257.37
371.54	1252.68
371.76	1258.31
371.97	1249.47
372.18	1253.44
372.39	1255.10
372.60	1264.35
372.81	1259.46
373.02	1262.31
373.23	1261.81
373.44	1265.09
373.65	1252.89
373.87	1263.13
374.08	1260.67
374.29	1258.37
374.50	1260.65
374.71	1260.34
374.92	1261.49
375.13	1258.93
375.34	1254.40
375.55	1264.87
375.76	1254.67
375.97	1266.22
376.19	1255.20
376.40	1266.34
376.61	1254.14
376.82	1268.12
377.03	1252.35
377.24	1259.79
377.45	1259.81
377.66	1264.11
377.87	1263.39
378.08	1268.12
378.29	1264.13
378.50	1264.54
378.71	1258.17
378.93	1266.67
379.14	1259.34
379.35	1268.02
379.56	1266.16
379.77	1266.40
379.98	1259.03
380.19	1263.47
380.40	1263.70
380.61	1260.03
380.82	1257.99
381.03	1267.69
381.24	1254.87
381.45	1260.48
381.66	1259.28
381.88	1269.29
382.09	1264.68
382.30	1261.02
382.51	1262.22
382.72	1266.75
382.93	1258.52
383.14	1266.16
383.35	1254.52
383.56	1259.79
383.77	1256.16
383.98	1262.43
384.19	1261.94
384.40	1264.74
384.61	1257.94
384.82	1266.85
385.03	1256.72
385.24	1263.02
385.45	1257.43
385.67	1264.87
385.88	1250.45
386.09	1265.34
386.30	1257.02
386.51	1262.25
386.72	1252.17
386.93	1262.39
387.14	1259.85
387.35	1265.67
387.56	1262.70
387.77	1259.85
387.98	1261.45
388.19	1262.45
388.40	1266.36
388.61	1259.56
388.82	1254.73
389.03	1264.07
389.24	1264.17
389.45	1258.93
389.66	1258.42
389.87	1275.04
390.08	1257.39
390.29	1265.17
390.50	1259.73
390.71	1264.07
390.92	1254.01
391.13	1262.53
391.34	1251.12
391.55	1264.76
391.76	1262.41
391.98	1268.23
392.19	1255.94
392.40	1265.73
392.61	1262.61
392.82	1271.01
393.03	1263.76
393.24	1266.77
393.45	1263.00
393.66	1265.01
393.87	1262.78
394.08	1265.17
394.29	1264.40
394.50	1257.70
394.71	1266.34
394.92	1270.33
395.13	1259.50
395.34	1268.63
395.55	1271.01
395.76	1275.93
395.97	1271.85
396.18	1274.33
396.39	1268.45
396.60	1266.69
396.81	1272.69
397.02	1279.47
397.23	1276.72
397.44	1282.36
397.65	1271.85
397.86	1292.47
398.07	1280.31
398.28	1296.30
398.49	1300.42
398.70	1302.75
398.91	1317.85
399.12	1342.30
399.33	1356.25
399.54	1391.47
399.75	1407.71
399.96	1446.15
400.17	1476.07
400.38	1510.83
400.59	1546.26
400.80	1592.38
401.01	1627.66
401.22	1670.51
401.42	1716.32
401.63	1757.26
401.84	1799.49
402.05	1839.44
402.26	1889.23
402.47	1931.87
402.68	1964.10
402.89	2001.66
403.10	2039.35
403.31	2071.17
403.52	2097.75
403.73	2115.80
403.94	2113.81
404.15	2179.59
404.36	2126.90
404.57	2127.43
404.78	2120.20
404.99	2126.39
405.20	2077.60
405.41	2069.53
405.62	2049.03
405.83	2031.93
406.04	1982.43
406.25	1947.02
406.46	1903.16
406.67	1888.72
406.88	1841.33
407.09	1806.57
407.30	1771.00
407.50	1719.04
407.71	1668.52
407.92	1647.53
408.13	1607.25
408.34	1567.27
408.55	1534.19
408.76	1514.96
408.97	1471.47
409.18	1459.32
409.39	1439.80
409.60	1418.94
409.81	1407.92
410.02	1400.18
410.23	1377.91
410.44	1382.13
410.65	1355.04
410.86	1369.95
411.07	1359.09
411.27	1362.21
411.48	1355.12
411.69	1349.80
411.90	1345.17
412.11	1342.81
412.32	1337.57
412.53	1340.19
412.74	1327.62
412.95	1333.39
413.16	1326.86
413.37	1326.82
413.58	1325.40
413.79	1326.74
414.00	1315.53
414.20	1319.75
414.41	1310.29
414.62	1316.31
414.83	1316.17
415.04	1322.05
415.25	1311.17
415.46	1317.75
415.67	1312.81
415.88	1323.09
416.09	1307.71
416.30	1321.19
416.51	1322.54
416.71	1332.90
416.92	1326.16
417.13	1346.89
417.34	1343.49
417.55	1362.53
417.76	1352.23
417.97	1361.92
418.18	1364.64
418.39	1377.50
418.60	1377.26
418.81	1378.77
419.01	1384.16
419.22	1398.74
419.43	1397.53
419.64	1403.58
419.85	1393.85
420.06	1405.38
420.27	1392.15
420.48	1394.99
420.69	1388.17
420.90	1388.63
421.10	1382.30
421.31	1385.43
421.52	1373.37
421.73	1367.57
421.94	1361.90
422.15	1353.75
422.36	1348.12
422.57	1339.78
422.78	1327.80
422.98	1335.13
423.19	1312.60
423.40	1317.56
423.61	1304.41
423.82	1302.79
424.03	1291.04
424.24	1289.03
424.45	1279.69
424.65	1278.20
424.86	1283.46
425.07	1280.04
425.28	1270.85
425.49	1270.19
425.70	1282.32
425.91	1277.20
426.12	1267.32
426.32	1263.04
426.53	1259.66
426.74	1263.78
426.95	1262.16
427.16	1264.07
427.37	1253.36
427.58	1261.26
427.78	1254.79
427.99	1267.75
428.20	1254.89
428.41	1260.73
428.62	1252.39
428.83	1266.07
429.04	1254.97
429.24	1264.66
429.45	1249.83
429.66	1257.78
429.87	1260.20
430.08	1268.80
430.29	1251.27
430.50	1267.32
430.70	1251.68
430.91	1266.07
431.12	1252.54
431.33	1266.75
431.54	1248.73
431.75	1267.51
431.96	1251.90
432.16	1269.43
432.37	1254.54
432.58	1263.97
432.79	1256.65
433.00	1259.11
433.21	1253.85
433.41	1260.73
433.62	1255.32
433.83	1257.70
434.04	1253.71
434.25	1263.19
434.46	1252.95
434.66	1256.37
434.87	1260.77
435.08	1261.77
435.29	1250.47
435.50	1257.29
435.71	1255.83
435.91	1262.00
436.12	1253.34
436.33	1257.68
436.54	1252.48
436.75	1261.20
436.95	1253.21
437.16	1264.76
437.37	1255.79
437.58	1258.42
437.79	1260.63
438.00	1261.71
438.20	1258.52
438.41	1257.90
438.62	1264.15
438.83	1269.45
439.04	1246.76
439.24	1264.07
439.45	1252.62
439.66	1264.97
439.87	1252.97
440.08	1265.95
440.28	1260.03
440.49	1268.29
440.70	1259.71
440.91	1260.14
441.12	1265.13
441.32	1262.61
441.53	1255.59
441.74	1264.42
441.95	1262.92
442.16	1261.57
442.36	1257.62
442.57	1263.15
442.78	1257.78
442.99	1264.52
443.20	1259.58
443.40	1263.88
443.61	1250.33
443.82	1267.06
444.03	1258.29
444.24	1265.58
444.44	1259.87
444.65	1266.63
444.86	1255.26
445.07	1251.66
445.27	1255.81
445.48	1261.96
445.69	1256.06
445.90	1262.47
446.11	1248.69
446.31	1257.53
446.52	1255.22
446.73	1261.38
446.94	1253.09
447.14	1263.92
447.35	1250.24
447.56	1269.06
447.77	1256.57
447.97	1260.03
448.18	1260.28
448.39	1261.43
448.60	1254.85
448.81	1262.31
449.01	1252.99
449.22	1263.70
449.43	1261.26
449.64	1262.49
449.84	1258.03
450.05	1269.70
450.26	1251.45
450.47	1256.14
450.67	1251.94
450.88	1258.46
451.09	1259.15
451.30	1259.97
451.50	1256.94
451.71	1255.98
451.92	1252.89
452.13	1267.16
452.33	1256.86
452.54	1260.44
452.75	1255.65
452.96	1265.73
453.16	1255.22
453.37	1262.12
453.58	1254.83
453.79	1258.85
453.99	1254.48
454.20	1261.30
454.41	1250.61
454.61	1260.81
454.82	1260.26
455.03	1258.72
455.24	1257.31
455.44	1261.57
455.65	1254.59
455.86	1272.01
456.07	1254.22
456.27	1254.81
456.48	1250.47
456.69	1257.37
456.90	1261.02
457.10	1264.68
457.31	1248.61
457.52	1263.00
457.72	1250.69
457.93	1260.57
458.14	1257.25
458.35	1257.51
458.55	1255.53
458.76	1256.92
458.97	1253.83
459.17	1259.75
459.38	1260.12
459.59	1264.54
459.80	1254.87
460.00	1263.17
460.21	1254.16
460.42	1257.86
460.62	1261.00
460.83	1254.16
461.04	1262.39
461.25	1260.22
461.45	1252.84
461.66	1262.16
461.87	1257.99
462.07	1261.84
462.28	1251.53
462.49	1263.94
462.69	1253.05
462.90	1257.06
463.11	1264.05
463.31	1260.89
463.52	1252.17
463.73	1257.37
463.94	1251.88
464.14	1259.42
464.35	1259.52
464.56	1255.69
464.76	1261.49
464.97	1257.27
465.18	1248.83
465.38	1263.11
465.59	1258.80
465.80	1261.86
466.00	1252.76
466.21	1264.93
466.42	1247.93
466.62	1258.95
466.83	1254.59
467.04	1253.56
467.24	1254.97
467.45	1258.50
467.66	1258.19
467.86	1259.23
468.07	1259.58
468.28	1265.89
468.48	1256.41
468.69	1261.57
468.90	1255.22
469.10	1263.99
469.31	1253.42
469.52	1260.46
469.72	1251.43
469.93	1261.24
470.14	1256.76
470.34	1259.69
470.55	1257.02
470.76	1262.43
470.96	1250.82
471.17	1259.58
471.38	1257.21
471.58	1259.50
471.79	1252.39
472.00	1262.80
472.20	1251.64
472.41	1262.04
472.62	1254.93
472.82	1259.93
473.03	1256.04
473.24	1264.44
473.44	1256.74
473.65	1261.34
473.85	1255.63
474.06	1265.87
474.27	1250.61
474.47	1262.37
474.68	1258.82
474.89	1262.84
475.09	1247.11
475.30	1258.76
475.51	1257.84
475.71	1265.44
475.92	1258.72
476.12	1267.88
476.33	1259.09
476.54	1266.38
476.74	1254.65
476.95	1262.78
477.16	1253.56
477.36	1259.83
477.57	1255.53
477.77	1260.52
477.98	1255.65
478.19	1258.46
478.39	1265.38
478.60	1265.24
478.81	1250.69
479.01	1264.13
479.22	1255.59
479.42	1266.20
479.63	1255.20
479.84	1258.85
480.04	1249.38
480.25	1258.91
480.45	1250.18
480.66	1267.92
480.87	1257.47
481.07	1258.21
481.28	1254.81
481.48	1259.79
481.69	1256.80
481.90	1259.05
482.10	1256.88
482.31	1253.60
482.51	1257.66
482.72	1263.47
482.93	1253.46
483.13	1259.75
483.34	1249.98
483.54	1266.28
483.75	1251.98
483.96	1263.43
484.16	1256.20
484.37	1261.06
484.57	1255.79
484.78	1257.29
484.99	1257.19
485.19	1261.71
485.40	1250.78
485.60	1269.47
485.81	1259.03
486.01	1265.11
486.22	1261.24
486.43	1264.87
486.63	1253.23
486.84	1263.00
487.04	1248.52
487.25	1261.81
487.46	1253.23
487.66	1264.23
487.87	1259.28
488.07	1264.58
488.28	1263.66
488.48	1268.66
488.69	1258.56
488.89	1265.48
489.10	1261.34
489.31	1257.17
489.51	1259.23
489.72	1264.15
489.92	1255.28
490.13	1265.75
490.33	1248.87
490.54	1259.17
490.75	1259.91
490.95	1251.88
491.16	1252.97
491.36	1260.61
491.57	1251.49
491.77	1254.52
491.98	1254.59
492.18	1259.87
492.39	1259.97
492.59	1267.08
492.80	1253.09
493.01	1258.25
493.21	1259.40
493.42	1262.37
493.62	1256.84
493.83	1260.65
494.03	1255.40
494.24	1261.73
494.44	1253.05
494.65	1260.71
494.85	1251.53
495.06	1256.51
495.26	1256.16
495.47	1263.37
495.68	1250.57
495.88	1256.92
496.09	1254.57
496.29	1262.65
496.50	1252.46
496.70	1261.20
496.91	1248.11
497.11	1256.41
497.32	1254.91
497.52	1266.22
497.73	1259.15
497.93	1258.44
498.14	1260.40
498.34	1263.04
498.55	1252.21
498.75	1259.89
498.96	1253.40
499.16	1261.18
499.37	1249.65
499.57	1262.12
499.78	1254.73
499.98	1262.82
500.19	1256.82
500.39	1254.75
500.60	1256.63
500.80	1260.28
501.01	1250.08
501.21	1256.14
501.42	1257.25
501.62	1264.93
501.83	1246.09
502.03	1263.02
502.24	1261.71
502.44	1257.27
502.65	1254.22
502.85	1267.90
503.06	1263.13
503.26	1257.72
503.47	1257.76
503.67	1266.10
503.88	1261.84
504.08	1261.92
504.29	1254.32
504.49	1260.12
504.70	1255.30
504.90	1261.47
505.11	1256.02
505.31	1258.93
505.52	1256.96
505.72	1253.89
505.93	1255.67
506.13	1262.86
506.34	1257.23
506.54	1259.05
506.75	1249.28
506.95	1259.23
507.16	1260.46
507.36	1257.13
507.56	1253.11
507.77	1253.17
507.97	1252.35
508.18	1262.22
508.38	1249.12
508.59	1258.27
508.79	1259.21
509.00	1264.01
509.20	1255.86
509.41	1264.66
509.61	1258.48
509.82	1260.05
510.02	1254.14
510.22	1259.60
510.43	1258.37
510.63	1260.01
510.84	1251.60
511.04	1264.33
511.25	1257.17
511.45	1266.01
511.66	1252.01
511.86	1260.71
512.06	1257.31
512.27	1260.67
512.47	1250.06
512.68	1263.90
512.88	1255.34
513.09	1263.23
513.29	1257.23
513.50	1265.56
513.70	1251.27
513.90	1263.41
514.11	1255.36
514.31	1260.95
514.52	1253.36
514.72	1259.93
514.93	1262.76
515.13	1259.17
515.33	1259.42
515.54	1261.26
515.74	1256.49
515.95	1252.52
516.15	1265.36
516.36	1265.79
516.56	1250.28
516.76	1259.15
516.97	1259.09
517.17	1261.79
517.38	1254.59
517.58	1260.65
517.78	1250.22
517.99	1268.53
518.19	1259.87
518.40	1257.88
518.60	1257.04
518.81	1259.69
519.01	1255.22
519.21	1258.52
519.42	1257.41
519.62	1263.35
519.83	1255.83
520.03	1262.06
520.23	1255.63
520.44	1264.89
520.64	1258.03
520.85	1263.74
521.05	1250.86
521.25	1261.81
521.46	1250.76
521.66	1258.25
521.86	1260.34
522.07	1266.57
522.27	1248.99
522.48	1257.62
522.68	1256.06
522.88	1262.18
523.09	1256.22
523.29	1255.63
523.50	1259.54
523.70	1261.79
523.90	1255.45
524.11	1256.70
524.31	1255.12
524.51	1264.27
524.72	1247.05
524.92	1255.92
525.13	1247.38
525.33	1255.71
525.53	1257.31
525.74	1259.30
525.94	1254.81
526.14	1268.35
526.35	1254.28
526.55	1261.30
526.76	1250.20
526.96	1269.43
527.16	1254.07
527.37	1263.35
527.57	1251.25
527.77	1265.58
527.98	1257.00
528.18	1263.13
528.38	1256.00
528.59	1256.67
528.79	1258.33
528.99	1263.82
529.20	1257.49
529.40	1257.39
529.61	1260.09
529.81	1263.06
530.01	1253.58
530.22	1256.02
530.42	1258.99
530.62	1267.47
530.83	1259.23
531.03	1258.07
531.23	1255.49
531.44	1255.63
531.64	1248.79
531.84	1258.52
532.05	1258.19
532.25	1256.90
532.45	1252.62
532.66	1264.78
532.86	1259.60
533.06	1260.40
533.27	1252.93
533.47	1261.69
533.67	1255.61
533.88	1260.36
534.08	1252.21
534.28	1265.75
534.49	1255.77
534.69	1260.48
534.89	1252.68
535.09	1264.42
535.30	1250.12
535.50	1255.43
535.70	1255.71
535.91	1264.64
536.11	1252.17
536.31	1264.99
536.52	1256.18
536.72	1262.92
536.92	1257.31
537.13	1261.67
537.33	1251.49
537.53	1259.69
537.74	1257.21
537.94	1264.85
538.14	1253.48
538.34	1267.00
538.55	1249.55
538.75	1269.95
538.95	1256.35
539.16	1257.60
539.36	1260.61
539.56	1265.24
539.77	1252.74
539.97	1262.84
540.17	1252.56
540.37	1256.63
540.58	1254.26
540.78	1262.45
540.98	1253.87
541.19	1259.07
541.39	1258.64
541.59	1253.42
541.79	1258.91
542.00	1262.41
542.20	1249.02
542.40	1262.08
542.60	1257.56
542.81	1252.41
543.01	1254.18
543.21	1257.94
543.42	1255.30
543.62	1260.14
543.82	1262.22
544.02	1260.26
544.23	1250.92
544.43	1262.27
544.63	1257.21
544.83	1260.30
545.04	1259.21
545.24	1262.10
545.44	1257.27
545.64	1264.37
545.85	1256.84
546.05	1256.76
546.25	1256.43
546.45	1267.80
546.66	1261.08
546.86	1266.46
547.06	1257.49
547.27	1262.18
547.47	1261.57
547.67	1261.73
547.87	1253.42
548.07	1258.48
548.28	1256.35
548.48	1261.90
548.68	1250.26
548.88	1269.27
549.09	1250.24
549.29	1262.55
549.49	1252.58
549.69	1251.98
549.90	1256.84
550.10	1258.07
550.30	1259.11
550.50	1262.57
550.71	1252.68
550.91	1265.95
551.11	1257.60
551.31	1265.81
551.51	1257.64
551.72	1264.29
551.92	1251.45
552.12	1261.16
552.32	1250.63
552.53	1260.03
552.73	1251.84
552.93	1255.20
553.13	1255.67
553.33	1258.27
553.54	1250.94
553.74	1269.76
553.94	1263.43
554.14	1257.47
554.35	1256.43
554.55	1262.96
554.75	1253.64
554.95	1264.58
555.15	1256.78
555.36	1267.63
555.56	1259.30
555.76	1259.89
555.96	1259.97
556.16	1262.53
556.37	1261.47
556.57	1261.00
556.77	1258.13
556.97	1258.33
557.17	1255.94
557.38	1263.27
557.58	1260.95
557.78	1261.53
557.98	1251.49
558.18	1260.46
558.38	1257.25
558.59	1254.40
558.79	1255.00
558.99	1263.15
559.19	1255.12
559.39	1268.18
559.60	1251.49
559.80	1267.45
560.00	1253.15
560.20	1269.09
560.40	1260.75
560.60	1254.18
560.81	1264.23
561.01	1268.02
561.21	1253.68
561.41	1267.63
561.61	1255.34
561.81	1261.06
562.02	1252.46
562.22	1268.41
562.42	1257.90
562.62	1260.20
562.82	1249.73
563.02	1264.81
563.23	1261.53
563.43	1265.38
563.63	1254.46
563.83	1260.24
564.03	1263.21
564.23	1261.04
564.43	1255.61
564.64	1263.58
564.84	1256.12
565.04	1267.20
565.24	1251.90
565.44	1262.47
565.64	1261.08
565.85	1264.72
566.05	1255.96
566.25	1264.70
566.45	1256.20
566.65	1261.94
566.85	1261.12
567.05	1264.91
567.25	1259.28
567.46	1257.70
567.66	1254.18
567.86	1268.27
568.06	1259.07
568.26	1262.16
568.46	1251.68
568.66	1261.16
568.86	1260.46
569.07	1266.10
569.27	1262.00
569.47	1257.56
569.67	1248.79
569.87	1262.41
570.07	1255.59
570.27	1257.21
570.47	1252.13
570.68	1260.20
570.88	1255.49
571.08	1268.04
571.28	1258.44
571.48	1257.74
571.68	1257.37
571.88	1267.34
572.08	1259.77
572.28	1259.93
572.49	1259.62
572.69	1263.62
572.89	1249.55
573.09	1266.61
573.29	1256.82
573.49	1266.26
573.69	1258.29
573.89	1258.91
574.09	1262.63
574.29	1264.09
574.50	1261.59
574.70	1269.80
574.90	1259.30
575.10	1265.03
575.30	1251.76
575.50	1264.23
575.70	1260.36
575.90	1266.20
576.10	1256.51
576.30	1267.06
576.50	1253.79
576.70	1263.56
576.91	1253.75
577.11	1262.25
577.31	1261.24
577.51	1267.34
577.71	1260.05
577.91	1264.50
578.11	1251.08
578.31	1262.10
578.51	1250.88
578.71	1262.63
578.91	1256.70
579.11	1264.60
579.31	1259.30
579.51	1261.36
579.71	1259.50
579.92	1265.46
580.12	1258.01
580.32	1267.20
580.52	1259.56
580.72	1259.05
580.92	1251.00
581.12	1260.79
581.32	1257.80
581.52	1264.07
581.72	1260.77
581.92	1262.72
582.12	1261.16
582.32	1261.14
582.52	1259.13
582.72	1262.25
582.92	1260.12
583.12	1262.98
583.32	1253.60
583.52	1258.68
583.72	1248.46
583.92	1259.71
584.12	1259.03
584.33	1263.72
584.53	1256.06
584.73	1260.85
584.93	1256.18
585.13	1267.59
585.33	1255.18
585.53	1257.47
585.73	1255.81
585.93	1264.19
586.13	1253.13
586.33	1261.67
586.53	1259.87
586.73	1258.78
586.93	1255.55
587.13	1265.34
587.33	1249.69
587.53	1258.19
587.73	1252.74
587.93	1265.30
588.13	1253.91
588.33	1267.80
588.53	1253.56
588.73	1260.07
588.93	1250.35
589.13	1260.73
589.33	1257.23
589.53	1262.98
589.73	1253.27
589.93	1258.42
590.13	1252.09
590.33	1260.67
590.53	1256.61
590.73	1265.85
590.93	1250.39
591.13	1259.15
591.33	1254.69
591.53	1262.74
591.73	1256.02
591.93	1260.63
592.13	1262.49
592.33	1259.77
592.53	1245.43
592.73	1256.00
592.93	1254.63
593.13	1256.82
593.33	1259.28
593.53	1256.94
593.73	1253.85
593.93	1257.96
594.13	1256.59
594.33	1263.62
594.53	1256.20
594.73	1262.43
594.92	1248.93
595.12	1261.88
595.32	1254.30
595.52	1263.92
595.72	1255.92
595.92	1259.05
596.12	1259.50
596.32	1260.61
596.52	1255.24
596.72	1262.37
596.92	1261.59
597.12	1255.96
597.32	1255.06
597.52	1258.33
597.72	1253.13
597.92	1266.42
598.12	1248.44
598.32	1258.50
598.52	1253.38
598.72	1257.84
598.92	1257.33
599.12	1260.46
599.31	1262.61
599.51	1256.06
599.71	1251.62
599.91	1262.37
600.11	1247.23
600.31	1260.65
600.51	1257.35
600.71	1264.52
600.91	1256.00
601.11	1263.19
601.31	1253.56
601.51	1260.75
601.71	1254.79
601.91	1261.57
602.10	1248.26
602.30	1263.27
602.50	1255.20
602.70	1266.79
602.90	1257.58
603.10	1272.73
603.30	1251.06
603.50	1255.57
603.70	1253.93
603.90	1259.81
604.10	1255.30
604.30	1261.34
604.49	1253.23
604.69	1258.66
604.89	1251.74
605.09	1268.27
605.29	1255.57
605.49	1253.11
605.69	1246.82
605.89	1259.85
606.09	1258.66
606.29	1255.69
606.48	1256.12
606.68	1259.87
606.88	1253.60
607.08	1253.58
607.28	1257.56
607.48	1259.60
607.68	1251.21
607.88	1258.80
608.08	1258.74
608.27	1259.73
608.47	1260.57
608.67	1261.02
608.87	1247.21
609.07	1269.97
609.27	1252.07
609.47	1262.90
609.67	1248.95
609.87	1265.07
610.06	1250.57
610.26	1259.60
610.46	1254.01
610.66	1254.46
610.86	1261.53
611.06	1264.50
611.26	1252.11
611.45	1261.98
611.65	1249.02
611.85	1263.33
612.05	1256.20
612.25	1255.63
612.45	1256.72
612.65	1264.58
612.84	1251.86
613.04	1258.78
613.24	1259.23
613.44	1261.20
613.64	1249.51
613.84	1264.95
614.04	1258.15
614.23	1265.99
614.43	1254.77
614.63	1257.39
614.83	1249.83
615.03	1264.54
615.23	1258.54
615.42	1259.40
615.62	1250.12
615.82	1264.58
616.02	1249.77
616.22	1254.77
616.42	1253.23
616.61	1264.29
616.81	1249.18
617.01	1264.76
617.21	1255.53
617.41	1261.08
617.61	1253.36
617.80	1261.71
618.00	1253.27
618.20	1254.73
618.40	1251.92
618.60	1260.98
618.80	1255.30
618.99	1260.81
619.19	1250.82
619.39	1257.88
619.59	1259.89
619.79	1254.48
619.98	1246.99
620.18	1266.26
620.38	1254.77
620.58	1259.93
620.78	1248.59
620.97	1260.38
621.17	1257.06
621.37	1255.88
621.57	1255.36
621.77	1263.29
621.96	1258.11
622.16	1258.27
622.36	1261.47
622.56	1257.08
622.76	1257.13
622.95	1262.55
623.15	1258.60
623.35	1264.58
623.55	1249.81
623.75	1263.70
623.94	1255.43
624.14	1264.40
624.34	1256.35
624.54	1256.80
624.73	1249.55
624.93	1259.26
625.13	1255.04
625.33	1259.99
625.53	1257.29
625.72	1258.46
625.92	1259.28
626.12	1259.01
626.32	1260.71
626.51	1258.33
626.71	1261.16
626.91	1265.40
627.11	1256.94
627.30	1256.92
627.50	1248.65
627.70	1260.05
627.90	1257.74
628.10	1255.81
628.29	1254.91
628.49	1264.07
628.69	1253.91
628.89	1258.48
629.08	1251.04
629.28	1258.09
629.48	1253.07
629.68	1260.28
629.87	1251.88
630.07	1259.13
630.27	1256.29
630.47	1257.58
630.66	1256.08
630.86	1252.70
631.06	1250.55
631.25	1258.39
631.45	1249.18
631.65	1262.39
631.85	1259.01
632.04	1261.65
632.24	1256.22
632.44	1261.43
632.64	1255.57
632.83	1265.50
633.03	1264.66
633.23	1262.51
633.42	1258.17
633.62	1265.60
633.82	1255.98
634.02	1266.24
634.21	1257.41
634.41	1257.62
634.61	1258.07
634.81	1261.86
635.00	1255.77
635.20	1259.38
635.40	1253.87
635.59	1259.81
635.79	1253.48
635.99	1265.17
636.18	1255.30
636.38	1262.35
636.58	1253.77
636.78	1257.35
636.97	1248.95
637.17	1255.55
637.37	1251.98
637.56	1260.28
637.76	1256.35
637.96	1256.45
638.15	1260.77
638.35	1262.88
638.55	1257.37
638.74	1260.20
638.94	1256.29
639.14	1255.14
639.34	1251.39
639.53	1265.09
639.73	1241.40
639.93	1255.36
640.12	1250.96
640.32	1255.71
640.52	1256.47
640.71	1258.78
640.91	1252.46
641.11	1260.91
641.30	1257.58
641.50	1266.89
641.70	1255.94
641.89	1259.54
642.09	1256.33
642.29	1256.84
642.48	1254.26
642.68	1258.19
642.88	1254.73
643.07	1263.13
643.27	1250.92
643.47	1257.76
643.66	1253.68
643.86	1258.64
644.06	1252.05
644.25	1265.36
644.45	1254.20
644.65	1256.70
644.84	1254.83
645.04	1254.26
645.23	1249.34
645.43	1255.43
645.63	1256.67
645.82	1264.03
646.02	1252.25
646.22	1260.40
646.41	1247.32
646.61	1262.37
646.81	1250.51
647.00	1260.87
647.20	1251.17
647.39	1261.24
647.59	1252.44
647.79	1262.70
647.98	1247.89
648.18	1259.83
648.38	1252.74
648.57	1263.56
648.77	1255.90
648.96	1260.52
649.16	1252.56
649.36	1258.70
649.55	1254.77
649.75	1262.33
649.95	1248.48
650.14	1252.84
650.34	1255.16
650.53	1260.32
650.73	1258.80
650.93	1261.90
651.12	1255.75
651.32	1257.90
651.51	1258.68
651.71	1261.51
651.91	1258.91
652.10	1261.34
652.30	1253.54
652.49	1257.21
652.69	1250.55
652.89	1261.67
653.08	1253.27
653.28	1259.62
653.47	1258.64
653.67	1256.16
653.86	1256.70
654.06	1260.63
654.26	1258.70
654.45	1257.90
654.65	1255.98
654.84	1262.82
655.04	1257.41
655.24	1260.44
655.43	1256.84
655.63	1263.80
655.82	1253.11
656.02	1261.57
656.21	1255.36
656.41	1261.73
656.61	1258.15
656.80	1261.90
657.00	1252.23
657.19	1264.31
657.39	1250.02
657.58	1255.53
657.78	1250.26
657.97	1261.34
658.17	1266.14
658.37	1258.80
658.56	1259.91
658.76	1266.30
658.95	1264.33
659.15	1259.32
659.34	1248.73
659.54	1261.71
659.73	1246.00
659.93	1267.41
660.13	1252.76
660.32	1253.93
660.52	1258.11
660.71	1258.37
660.91	1255.16
661.10	1268.74
661.30	1254.42
661.49	1256.92
661.69	1252.99
661.88	1259.62
662.08	1253.87
662.27	1261.55
662.47	1254.44
662.66	1252.78
662.86	1253.15
663.06	1264.29
663.25	1252.15
663.45	1264.95
663.64	1258.76
663.84	1265.62
664.03	1252.68
664.23	1262.37
664.42	1257.00
664.62	1259.71
664.81	1254.30
665.01	1255.20
665.20	1250.49
665.40	1254.63
665.59	1252.89
665.79	1262.08
665.98	1252.95
666.18	1253.77
666.37	1251.00
666.57	1259.50
666.76	1249.26
666.96	1261.79
667.15	1249.34
667.35	1260.71
667.54	1259.56
667.74	1264.21
667.93	1257.29
668.13	1263.31
668.32	1260.81
668.52	1255.69
668.71	1258.52
668.91	1259.05
669.10	1248.38
669.30	1260.75
669.49	1257.21
669.68	1262.33
669.88	1254.77
670.07	1264.27
670.27	1253.77
670.46	1255.96
670.66	1252.97
670.85	1256.82
671.05	1252.87
671.24	1259.69
671.44	1253.81
671.63	1262.55
671.83	1253.38
672.02	1263.41
672.22	1251.60
672.41	1258.85
672.60	1256.43
672.80	1253.48
672.99	1254.30
673.19	1264.37
673.38	1258.03
673.58	1259.62
673.77	1254.32
673.97	1257.45
674.16	1252.25
674.36	1262.90
674.55	1254.77
674.74	1260.89
674.94	1259.30
675.13	1263.92
675.33	1250.10
675.52	1260.85
675.72	1256.96
675.91	1261.41
676.10	1255.57
676.30	1251.41
676.49	1254.11
676.69	1257.29
676.88	1258.97
677.08	1256.67
677.27	1254.81
677.46	1262.18
677.66	1251.35
677.85	1259.03
678.05	1250.14
678.24	1260.52
678.44	1251.43
678.63	1252.35
678.82	1246.37
679.02	1262.27
679.21	1252.25
679.41	1259.66
679.60	1253.81
679.79	1263.47
679.99	1255.63
680.18	1256.59
680.38	1249.28
680.57	1260.38
680.76	1257.06
680.96	1260.83
681.15	1254.97
681.35	1263.04
681.54	1250.63
681.73	1263.62
681.93	1249.59
682.12	1253.07
682.32	1249.49
682.51	1262.65
682.70	1251.21
682.90	1263.39
683.09	1248.42
683.29	1259.48
683.48	1251.37
683.67	1265.44
683.87	1252.93
684.06	1260.18
684.25	1249.96
684.45	1263.58
684.64	1245.98
684.84	1258.52
685.03	1253.03
685.22	1260.91
685.42	1256.49
685.61	1264.54
685.80	1250.57
686.00	1262.31
686.19	1258.09
686.38	1266.10
686.58	1251.23
686.77	1264.11
686.96	1252.84
687.16	1259.32
687.35	1259.40
687.55	1261.92
687.74	1252.46
687.93	1253.85
688.13	1254.14
688.32	1255.92
688.51	1248.26
688.71	1268.51
688.90	1251.00
689.09	1256.29
689.29	1258.09
689.48	1253.38
689.67	1251.64
689.87	1259.03
690.06	1250.37
690.25	1259.48
690.45	1261.38
690.64	1266.10
690.83	1258.11
691.03	1266.05
691.22	1252.52
691.41	1258.87
691.61	1252.48
691.80	1261.06
691.99	1260.52
692.19	1265.15
692.38	1250.49
692.57	1255.75
692.76	1257.31
692.96	1263.56
693.15	1254.57
693.34	1258.33
693.54	1258.74
693.73	1266.28
693.92	1258.48
694.12	1263.68
694.31	1252.91
694.50	1262.49
694.70	1250.88
694.89	1258.76
695.08	1253.93
695.27	1257.70
695.47	1261.86
695.66	1255.86
695.85	1253.93
696.05	1261.06
696.24	1259.93
696.43	1261.22
696.62	1260.50
696.82	1256.00
697.01	1253.60
697.20	1264.78
697.40	1255.53
697.59	1258.29
697.78	1254.09
697.97	1260.98
698.17	1258.25
698.36	1259.48
698.55	1258.82
698.74	1260.93
698.94	1253.54
699.13	1262.55
699.32	1258.82
699.52	1260.89
699.71	1255.88
699.90	1257.56
700.09	1258.25
700.29	1258.99
700.48	1259.11
700.67	1259.26
700.86	1252.80
701.06	1258.60
701.25	1255.40
701.44	1268.27
701.63	1256.14
701.83	1264.01
702.02	1248.85
702.21	1266.42
702.40	1250.02
702.60	1260.98
702.79	1257.88
702.98	1254.67
703.17	1250.08
703.37	1264.13
703.56	1252.82
703.75	1263.47
703.94	1253.64
704.13	1261.38
704.33	1257.08
704.52	1261.18
704.71	1263.17
704.90	1262.96
705.10	1256.14
705.29	1263.19
705.48	1249.85
705.67	1267.75
705.86	1259.69
706.06	1255.69
706.25	1248.89
706.44	1261.90
706.63	1257.13
706.83	1257.74
707.02	1257.94
707.21	1259.73
707.40	1256.55
707.59	1261.04
707.79	1249.88
707.98	1253.23
708.17	1254.77
708.36	1260.71
708.55	1255.38
708.75	1261.45
708.94	1255.49
709.13	1257.47
709.32	1255.83
709.51	1253.97
709.71	1263.54
709.90	1268.92
710.09	1249.14
710.28	1261.59
710.47	1262.47
710.66	1257.49
710.86	1248.20
711.05	1259.38
711.24	1252.76
711.43	1264.74
711.62	1252.21
711.82	1259.56
712.01	1251.58
712.20	1258.48
712.39	1253.11
712.58	1263.56
712.77	1253.83
712.97	1264.01
713.16	1257.37
713.35	1264.35
713.54	1256.24
713.73	1262.59
713.92	1258.05
714.11	1259.44
714.31	1252.95
714.50	1250.94
714.69	1259.15
714.88	1262.96
715.07	1261.98
715.26	1261.45
715.46	1246.62
715.65	1255.28
715.84	1249.61
716.03	1258.82
716.22	1260.48
716.41	1261.32
716.60	1253.50
716.80	1255.18
716.99	1251.39
717.18	1261.45
717.37	1250.74
717.56	1258.01
717.75	1261.49
717.94	1260.01
718.13	1254.87
718.33	1259.64
718.52	1256.61
718.71	1256.57
718.90	1262.04
719.09	1269.27
719.28	1253.30
719.47	1267.20
719.66	1253.66
719.85	1255.30
720.05	1251.86
720.24	1262.10
720.43	1253.48
720.62	1255.40
720.81	1249.57
721.00	1254.18
721.19	1251.70
721.38	1262.76
721.57	1252.84
721.77	1265.19
721.96	1256.02
722.15	1261.75
722.34	1257.62
722.53	1265.17
722.72	1247.95
722.91	1255.14
723.10	1254.16
723.29	1270.07
723.48	1260.87
723.67	1255.51
723.87	1254.54
724.06	1259.89
724.25	1256.43
724.44	1257.88
724.63	1258.39
724.82	1260.75
725.01	1255.49
725.20	1261.98
725.39	1259.17
725.58	1261.32
725.77	1251.35
725.96	1258.48
726.15	1252.84
726.34	1263.37
726.54	1254.24
726.73	1262.72
726.92	1252.15
727.11	1262.47
727.30	1260.32
727.49	1259.58
727.68	1254.91
727.87	1253.15
728.06	1260.59
728.25	1255.12
728.44	1257.39
728.63	1256.12
728.82	1247.99
729.01	1256.70
729.20	1250.84
729.39	1267.24
729.58	1250.14
729.77	1258.46
729.96	1251.27
730.15	1257.10
730.34	1254.61
730.53	1250.20
730.73	1250.55
730.92	1260.09
731.11	1252.78
731.30	1265.64
731.49	1258.68
731.68	1268.23
731.87	1252.82
732.06	1251.60
732.25	1256.02
732.44	1254.87
732.63	1255.59
732.82	1266.34
733.01	1257.02
733.20	1258.27
733.39	1251.82
733.58	1256.35
733.77	1258.42
733.96	1264.87
734.15	1254.09
734.34	1259.32
734.53	1259.93
734.72	1271.54
734.91	1255.20
735.10	1260.89
735.29	1254.73
735.48	1266.87
735.67	1253.23
735.86	1261.55
736.05	1254.65
736.24	1261.84
736.43	1255.81
736.62	1262.86
736.81	1250.37
737.00	1277.03
737.19	1248.75
737.38	1263.78
737.57	1259.48
737.76	1260.63
737.95	1250.10
738.14	1258.05
738.33	1257.72
738.51	1259.38
738.70	1255.38
738.89	1269.47
739.08	1249.55
739.27	1266.28
739.46	1257.17
739.65	1261.75
739.84	1246.86
740.03	1255.73
740.22	1261.65
740.41	1262.49
740.60	1246.95
740.79	1257.35
740.98	1257.27
741.17	1260.71
741.36	1248.52
741.55	1255.59
741.74	1254.50
741.93	1262.22
742.12	1257.80
742.31	1259.46
742.50	1256.20
742.68	1259.17
742.87	1254.32
743.06	1258.46
743.25	1246.19
743.44	1259.11
743.63	1259.87
743.82	1255.53
744.01	1253.19
744.20	1263.17
744.39	1260.55
744.58	1258.29
744.77	1258.91
744.96	1255.75
745.14	1253.52
745.33	1262.76
745.52	1253.87
745.71	1256.20
745.90	1248.46
746.09	1256.43
746.28	1251.78
746.47	1259.15
746.66	1255.55
746.85	1250.33
747.04	1256.12
747.22	1261.92
747.41	1249.47
747.60	1254.69
747.79	1255.83
747.98	1256.37
748.17	1245.88
748.36	1261.20
748.55	1253.11
748.74	1255.59
748.93	1256.96
749.11	1262.16
749.30	1256.98
749.49	1258.13
749.68	1258.48
749.87	1252.74
750.06	1251.51
750.25	1262.04
750.44	1259.56
750.62	1261.92
750.81	1254.46
751.00	1258.42
751.19	1251.49
751.38	1263.76
751.57	1257.90
751.76	1265.83
751.95	1252.93
752.13	1259.05
752.32	1260.77
752.51	1259.95
752.70	1252.33
752.89	1256.12
753.08	1254.07
753.27	1261.24
753.45	1249.81
753.64	1259.07
753.83	1255.32
754.02	1259.58
754.21	1255.88
754.40	1265.64
754.58	1251.00
754.77	1262.16
754.96	1253.60
755.15	1263.45
755.34	1254.73
755.53	1260.52
755.71	1250.43
755.90	1264.03
756.09	1258.25
756.28	1255.53
756.47	1247.56
756.66	1259.32
756.84	1253.03
757.03	1262.33
757.22	1251.51
757.41	1261.20
757.60	1245.70
757.79	1259.66
757.97	1254.26
758.16	1255.18
758.35	1260.55
758.54	1261.28
758.73	1254.11
758.91	1258.66
759.10	1262.29
759.29	1253.99
759.48	1251.10
759.67	1256.65
759.85	1253.13
760.04	1263.74
760.23	1260.63
760.42	1259.09
760.61	1258.60
760.79	1258.82
760.98	1252.11
761.17	1266.63
761.36	1251.62
761.55	1253.27
761.73	1249.18
761.92	1259.42
762.11	1249.61
762.30	1265.89
762.49	1258.21
762.67	1258.37
762.86	1258.64
763.05	1258.76
763.24	1250.84
763.42	1258.60
763.61	1252.68
763.80	1264.21
763.99	1251.15
764.17	1255.43
764.36	1255.96
764.55	1263.47
764.74	1250.37
764.92	1262.78
765.11	1251.98
765.30	1257.53
765.49	1258.68
765.68	1262.76
765.86	1253.17
766.05	1260.67
766.24	1245.53
766.43	1262.86
766.61	1259.05
766.80	1258.64
766.99	1251.74
767.17	1265.56
767.36	1254.75
767.55	1260.85
767.74	1257.31
767.92	1259.69
768.11	1261.98
768.30	1255.86
768.49	1253.32
768.67	1260.18
768.86	1259.83
769.05	1261.84
769.24	1252.19
769.42	1262.37
769.61	1250.63
769.80	1263.11
769.98	1251.86
770.17	1259.58
770.36	1249.83
770.55	1259.03
770.73	1250.53
770.92	1264.33
771.11	1257.23
771.29	1254.81
771.48	1254.63
771.67	1263.66
771.86	1259.81
772.04	1263.72
772.23	1252.31
772.42	1260.05
772.60	1257.41
772.79	1258.33
772.98	1249.96
773.16	1265.24
773.35	1256.88
773.54	1259.66
773.72	1254.67
773.91	1263.08
774.10	1255.36
774.29	1255.69
774.47	1255.40
774.66	1260.77
774.85	1253.05
775.03	1259.75
775.22	1249.10
775.41	1262.25
775.59	1256.49
775.78	1258.23
775.97	1250.67
776.15	1256.98
776.34	1255.96
776.53	1261.75
776.71	1255.22
776.90	1263.80
777.09	1257.17
777.27	1261.79
777.46	1249.81
777.65	1260.12
777.83	1258.17
778.02	1261.96
778.21	1251.17
778.39	1253.38
778.58	1249.59
778.76	1258.01
778.95	1245.04
779.14	1258.80
779.32	1254.30
779.51	1264.58
779.70	1251.64
779.88	1260.44
780.07	1260.12
780.26	1257.92
780.44	1257.41
780.63	1256.04
780.81	1246.41
781.00	1259.54
781.19	1258.72
781.37	1253.87
781.56	1254.71
781.75	1259.19
781.93	1257.39
782.12	1254.79
782.30	1244.80
782.49	1262.27
782.68	1257.78
782.86	1266.16
783.05	1262.65
783.23	1253.34
783.42	1246.60
783.61	1256.39
783.79	1248.13
783.98	1258.17
784.16	1251.31
784.35	1259.17
784.54	1255.04
784.72	1256.94
784.91	1261.12
785.09	1255.10
785.28	1251.49
785.47	1260.59
785.65	1256.96
785.84	1258.42
786.02	1247.38
786.21	1266.30
786.40	1256.84
786.58	1259.91
786.77	1248.22
786.95	1253.07
787.14	1255.38
787.32	1264.74
787.51	1259.01
787.70	1259.30
787.88	1257.66
788.07	1263.35
788.25	1251.90
788.44	1261.43
788.62	1255.96
788.81	1251.45
789.00	1250.41
789.18	1258.93
789.37	1252.84
789.55	1250.22
789.74	1255.40
789.92	1261.26
790.11	1252.60
790.29	1259.44
790.48	1252.52
790.67	1256.63
790.85	1256.10
791.04	1261.28
791.22	1253.93
791.41	1260.42
791.59	1252.76
791.78	1259.97
791.96	1250.31
792.15	1255.69
792.33	1253.89
792.52	1265.89
792.70	1248.50
792.89	1264.29
793.07	1251.12
793.26	1259.69
793.45	1249.34
793.63	1261.55
793.82	1259.26
794.00	1263.15
794.19	1256.96
794.37	1262.12
794.56	1261.86
794.74	1260.85
794.93	1253.27
795.11	1259.30
795.30	1253.36
795.48	1260.69
795.67	1251.27
795.85	1261.65
796.04	1250.26
796.22	1259.89
796.41	1255.96
796.59	1257.66
796.78	1259.28
796.96	1257.49
797.15	1254.05
797.33	1264.05
797.52	1249.26
797.70	1257.86
797.89	1253.13
798.07	1259.01
798.26	1249.77
798.44	1264.70
798.63	1250.96
798.81	1259.52
798.99	1253.68
799.18	1263.99
799.36	1256.08
799.55	1259.52
799.73	1255.04
799.92	1262.98
800.10	1252.50
800.29	1258.03
800.47	1257.45
800.66	1262.02
800.84	1256.35
801.03	1261.65
801.21	1248.16
801.39	1258.42
801.58	1255.57
801.76	1256.63
801.95	1249.92
802.13	1261.38
802.32	1247.15
802.50	1260.63
802.69	1247.72
802.87	1257.27
803.06	1256.59
803.24	1260.20
803.42	1253.11
803.61	1261.45
803.79	1257.37
803.98	1258.68
804.16	1255.51
804.35	1258.03
804.53	1254.22
804.71	1258.72
804.90	1245.94
805.08	1266.69
805.27	1251.60
805.45	1258.64
805.63	1253.99
805.82	1253.95
806.00	1257.31
806.19	1257.68
806.37	1254.48
806.56	1254.52
806.74	1254.79
806.92	1266.36
807.11	1247.68
807.29	1261.63
807.48	1253.01
807.66	1255.55
807.84	1248.77
808.03	1260.40
808.21	1254.54
808.40	1257.84
808.58	1246.23
808.76	1262.59
808.95	1257.02
809.13	1262.14
809.32	1254.32
809.50	1262.25
809.68	1254.01
809.87	1264.40
810.05	1259.07
810.23	1259.99
810.42	1252.07
810.60	1253.66
810.79	1248.65
810.97	1261.67
811.15	1248.79
811.34	1266.98
811.52	1251.27
811.70	1260.69
811.89	1250.98
812.07	1260.93
812.25	1254.11
812.44	1260.69
812.62	1257.13
812.81	1258.68
812.99	1257.06
813.17	1264.74
813.36	1253.52
813.54	1250.92
813.72	1247.15
813.91	1257.08
814.09	1254.34
814.27	1259.87
814.46	1257.62
814.64	1257.58
814.82	1254.40
815.01	1260.61
815.19	1260.38
815.37	1262.20
815.56	1262.70
815.74	1262.37
815.92	1252.70
816.11	1260.69
816.29	1254.89
816.47	1256.53
816.66	1253.75
816.84	1261.61
817.02	1245.86
817.21	1261.86
817.39	1251.47
817.57	1258.07
817.76	1253.54
817.94	1266.67
818.12	1254.95
818.30	1260.71
818.49	1248.77
818.67	1258.29
818.85	1247.11
819.04	1260.30
819.22	1253.25
819.40	1257.64
819.59	1254.30
819.77	1259.42
819.95	1256.80
820.13	1265.01
820.32	1253.03
820.50	1259.11
820.68	1255.69
820.87	1255.45
821.05	1258.13
821.23	1253.44
821.41	1252.93
821.60	1258.70
821.78	1251.78
821.96	1263.29
822.14	1255.86
822.33	1267.90
822.51	1253.97
822.69	1260.26
822.88	1259.60
823.06	1262.33
823.24	1247.32
823.42	1260.30
823.61	1260.28
823.79	1258.56
823.97	1256.65
824.15	1258.60
824.34	1256.35
824.52	1254.69
824.70	1253.19
824.88	1256.78
825.07	1254.44
825.25	1262.63
825.43	1252.72
825.61	1260.01
825.80	1254.52
825.98	1263.84
826.16	1251.08
826.34	1261.90
826.53	1256.61
826.71	1259.87
826.89	1249.14
827.07	1261.75
827.25	1246.86
827.44	1267.69
827.62	1253.23
827.80	1261.86
827.98	1257.21
828.17	1252.91
828.35	1246.56
828.53	1260.73
828.71	1253.50
828.89	1256.70
829.08	1253.75
829.26	1265.01
829.44	1261.41
829.62	1256.26
829.80	1251.96
829.99	1258.31
830.17	1250.92
830.35	1254.32
830.53	1253.44
830.71	1253.91
830.90	1256.63
831.08	1258.25
831.26	1257.31
831.44	1256.90
831.62	1249.77
831.81	1262.16
831.99	1258.80
832.17	1263.06
832.35	1259.73
832.53	1257.47
832.71	1253.66
832.90	1256.82
833.08	1251.43
833.26	1268.41
833.44	1254.52
833.62	1262.43
833.81	1262.68
833.99	1259.09
834.17	1249.47
834.35	1260.40
834.53	1256.88
834.71	1259.91
834.89	1251.64
835.08	1258.58
835.26	1252.76
835.44	1262.68
835.62	1259.54
835.80	1253.85
835.98	1253.11
836.17	1262.76
836.35	1255.32
836.53	1259.66
836.71	1252.39
836.89	1257.02
837.07	1249.98
837.25	1260.83
837.44	1251.19
837.62	1261.16
837.80	1247.64
837.98	1258.11
838.16	1254.46
838.34	1255.30
838.52	1251.35
838.70	1253.15
838.89	1250.04
839.07	1261.32
839.25	1252.09
839.43	1258.89
839.61	1250.84
839.79	1256.22
839.97	1262.63
840.15	1262.72
840.33	1252.05
840.52	1261.84
840.70	1259.60
840.88	1260.67
841.06	1246.19
841.24	1260.73
841.42	1256.49
841.60	1263.06
841.78	1255.83
841.96	1259.73
842.14	1259.07
842.33	1265.07
842.51	1258.42
842.69	1264.72
842.87	1248.71
843.05	1255.32
843.23	1250.74
843.41	1250.90
843.59	1259.64
843.77	1250.98
843.95	1251.25
844.13	1260.67
844.31	1247.11
844.49	1253.66
844.68	1247.09
844.86	1263.29
845.04	1256.39
845.22	1258.29
845.40	1255.12
845.58	1259.83
845.76	1252.78
845.94	1258.19
846.12	1258.17
846.30	1263.54
846.48	1250.57
846.66	1259.40
846.84	1255.30
847.02	1261.32
847.20	1251.27
847.38	1257.27
847.56	1257.15
847.74	1260.87
847.92	1249.38
848.11	1256.82
848.29	1257.37
848.47	1256.94
848.65	1254.14
848.83	1251.27
849.01	1252.23
849.19	1260.42
849.37	1258.66
849.55	1255.90
849.73	1260.71
849.91	1258.03
850.09	1254.85
850.27	1262.31
850.45	1253.42
850.63	1255.49
850.81	1250.94
850.99	1263.31
851.17	1251.08
851.35	1254.40
851.53	1252.25
851.71	1262.08
851.89	1249.47
852.07	1258.31
852.25	1250.74
852.43	1253.09
852.61	1247.87
852.79	1255.69
852.97	1244.08
853.15	1257.41
853.33	1251.27
853.51	1262.70
853.69	1245.90
853.87	1258.01
854.05	1253.46
854.23	1264.54
854.41	1252.56
854.59	1261.10
854.77	1257.92
854.95	1249.10
855.13	1252.11
855.31	1264.62
855.49	1260.36
855.67	1257.21
855.84	1249.49
856.02	1261.02
856.20	1252.68
856.38	1253.42
856.56	1255.32
856.74	1254.38
856.92	1262.25
857.10	1262.72
857.28	1246.29
857.46	1259.62
857.64	1256.72
857.82	1259.54
858.00	1247.11
858.18	1256.20
858.36	1250.24
858.54	1259.79
858.72	1251.86
858.90	1259.79
859.08	1257.82
859.25	1259.42
859.43	1254.16
859.61	1266.65
859.79	1252.25
859.97	1257.27
860.15	1252.23
860.33	1264.72
860.51	1261.63
860.69	1259.01
860.87	1251.76
861.05	1255.90
861.23	1254.57
861.41	1254.61
861.58	1249.67
861.76	1261.04
861.94	1256.37
862.12	1260.61
862.30	1259.85
862.48	1253.87
862.66	1258.46
862.84	1254.73
863.02	1253.15
863.20	1260.42
863.37	1250.67
863.55	1257.15
863.73	1255.16
863.91	1259.95
864.09	1247.70
864.27	1260.65
864.45	1260.38
864.63	1258.64
864.80	1257.45
864.98	1266.16
865.16	1258.31
865.34	1255.81
865.52	1252.58
865.70	1260.52
865.88	1249.77
866.06	1256.53
866.23	1247.72
866.41	1261.02
866.59	1248.91
866.77	1261.34
866.95	1257.43
867.13	1256.39
867.31	1262.20
867.48	1264.01
867.66	1254.73
867.84	1258.19
868.02	1257.90
868.20	1267.22
868.38	1249.67
868.56	1260.59
868.73	1253.75
868.91	1256.61
869.09	1258.87
869.27	1261.36
869.45	1252.44
869.63	1262.12
869.80	1260.12
869.98	1260.65
870.16	1253.62
870.34	1261.00
870.52	1256.78
870.70	1265.75
870.87	1253.38
871.05	1262.90
871.23	1252.70
871.41	1257.70
871.59	1251.02
871.76	1261.86
871.94	1254.71
872.12	1262.49
872.30	1246.17
872.48	1261.30
872.65	1261.47
872.83	1258.60
873.01	1246.58
873.19	1262.74
873.37	1251.88
873.54	1262.16
873.72	1253.79
873.90	1257.80
874.08	1247.44
874.26	1257.43
874.43	1258.05
874.61	1257.13
874.79	1257.33
874.97	1262.02
875.15	1254.36
875.32	1257.80
875.50	1251.68
875.68	1259.60
875.86	1255.38
876.03	1258.62
876.21	1253.66
876.39	1258.05
876.57	1257.78
876.74	1264.87
876.92	1251.96
877.10	1266.93
877.28	1254.89
877.45	1267.69
877.63	1247.15
877.81	1260.95
877.99	1247.79
878.17	1249.14
878.34	1253.50
878.52	1262.82
878.70	1255.20
878.87	1263.64
879.05	1251.62
879.23	1264.64
879.41	1256.94
879.58	1264.68
879.76	1257.64
879.94	1259.26
880.12	1261.94
880.29	1261.41
880.47	1252.60
880.65	1262.14
880.83	1257.23
881.00	1260.42
881.18	1245.41
881.36	1256.80
881.53	1252.97
881.71	1259.11
881.89	1254.30
882.07	1261.34
882.24	1255.81
882.42	1264.09
882.60	1256.49
882.77	1258.15
882.95	1254.36
883.13	1257.31
883.30	1251.88
883.48	1258.66
883.66	1254.97
883.84	1260.09
884.01	1253.77
884.19	1256.65
884.37	1256.04
884.54	1254.20
884.72	1255.81
884.90	1256.22
885.07	1256.94
885.25	1261.26
885.43	1252.17
885.60	1263.23
885.78	1254.46
885.96	1254.18
886.13	1248.52
886.31	1263.39
886.49	1256.84
886.66	1262.02
886.84	1257.74
887.02	1260.69
887.19	1250.74
887.37	1261.98
887.55	1258.19
887.72	1257.56
887.90	1247.60
888.08	1264.09
888.25	1249.83
888.43	1259.13
888.61	1253.87
888.78	1257.35
888.96	1253.36
889.14	1257.51
889.31	1254.77
889.49	1256.43
889.67	1255.22
889.84	1259.46
890.02	1256.14
890.19	1260.14
890.37	1257.31
890.55	1263.35
890.72	1249.22
890.90	1252.41
891.08	1256.12
891.25	1255.94
891.43	1253.46
891.60	1261.16
891.78	1254.30
891.96	1259.50
892.13	1256.78
892.31	1262.55
892.48	1253.73
892.66	1261.94
892.84	1259.30
893.01	1259.93
893.19	1257.47
893.36	1260.50
893.54	1258.93
893.72	1253.11
893.89	1252.95
894.07	1259.56
894.24	1255.00
894.42	1281.25
894.60	1255.61
894.77	1259.48
894.95	1250.51
895.12	1256.61
895.30	1255.51
895.48	1262.49
895.65	1251.45
895.83	1257.49
896.00	1257.33
896.18	1260.40
896.35	1254.75
896.53	1258.23
896.71	1252.48
896.88	1261.90
897.06	1242.54
897.23	1262.90
897.41	1255.10
897.58	1261.00
897.76	1255.20
897.93	1255.26
898.11	1247.03
898.29	1265.44
898.46	1250.06
898.64	1260.30
898.81	1250.41
898.99	1259.32
899.16	1257.08
899.34	1259.07
899.51	1254.85
899.69	1256.78
899.86	1248.11
900.04	1253.42
900.21	1250.57
900.39	1261.88
900.57	1255.38
900.74	1257.56
900.92	1250.63
901.09	1262.57
901.27	1254.87
901.44	1260.20
901.62	1251.15
901.79	1261.57
901.97	1262.33
902.14	1253.73
902.32	1250.94
902.49	1261.88
902.67	1252.62
902.84	1262.49
903.02	1250.35
903.19	1255.02
903.37	1252.74
903.54	1264.17
903.72	1258.07
903.89	1261.26
904.07	1254.87
904.24	1259.97
904.42	1252.76
904.59	1265.79
904.77	1263.72
904.94	1261.34
905.12	1261.22
905.29	1263.08
905.47	1253.44
905.64	1261.84
905.82	1253.36
905.99	1268.25
906.16	1257.00
906.34	1257.27
906.51	1250.00
906.69	1258.80
906.86	1257.78
907.04	1261.65
907.21	1260.42
907.39	1258.91
907.56	1256.70
907.74	1256.70
907.91	1257.08
908.09	1258.15
908.26	1253.32
908.43	1260.63
908.61	1257.13
908.78	1265.36
908.96	1260.59
909.13	1251.23
909.31	1257.33
909.48	1253.54
909.65	1245.57
909.83	1260.22
910.00	1267.80
910.18	1259.44
910.35	1251.68
910.53	1255.88
910.70	1248.67
910.87	1256.84
911.05	1251.90
911.22	1254.11
911.40	1255.83
911.57	1264.17
911.75	1259.03
911.92	1256.86
912.09	1256.45
912.27	1259.42
912.44	1255.79
912.62	1265.64
912.79	1251.53
912.96	1264.78
913.14	1249.61
913.31	1259.26
913.49	1254.32
913.66	1256.96
913.83	1261.61
914.01	1265.91
914.18	1253.34
914.36	1254.87
914.53	1253.48
914.70	1261.98
914.88	1256.51
915.05	1265.85
915.22	1251.58
915.40	1262.16
915.57	1250.06
915.75	1253.81
915.92	1253.07
916.09	1252.52
916.27	1254.30
916.44	1258.29
916.61	1251.31
916.79	1257.10
916.96	1259.50
917.13	1265.71
917.31	1255.36
917.48	1256.26
917.66	1251.04
917.83	1266.53
918.00	1247.21
918.18	1260.61
918.35	1259.73
918.52	1262.27
918.70	1252.03
918.87	1256.94
919.04	1249.73
919.22	1263.58
919.39	1243.87
919.56	1263.11
919.74	1260.07
919.91	1261.43
920.08	1254.40
920.26	1257.96
920.43	1254.59
920.60	1262.35
920.78	1253.93
920.95	1262.16
921.12	1260.09
921.29	1259.50
921.47	1254.83
921.64	1259.40
921.81	1249.16
921.99	1256.06
922.16	1252.89
922.33	1250.06
922.51	1258.76
922.68	1260.28
922.85	1254.63
923.03	1262.98
923.20	1250.55
923.37	1255.22
923.54	1257.47
923.72	1266.14
923.89	1254.38
924.06	1257.49
924.24	1259.01
924.41	1254.97
924.58	1250.35
924.75	1257.27
924.93	1255.02
925.10	1261.45
925.27	1253.30
925.44	1265.60
925.62	1249.04
925.79	1254.44
925.96	1251.64
926.14	1261.45
926.31	1249.02
926.48	1261.32
926.65	1257.53
926.83	1254.97
927.00	1257.96
927.17	1261.57
927.34	1251.88
927.52	1257.70
927.69	1259.71
927.86	1255.40
928.03	1253.52
928.21	1261.77
928.38	1258.42
928.55	1262.06
928.72	1256.82
928.89	1254.57
929.07	1256.22
929.24	1260.59
929.41	1252.64
929.58	1257.02
929.76	1253.48
929.93	1264.85
930.10	1254.57
930.27	1254.20
930.44	1248.87
930.62	1259.03
930.79	1254.24
930.96	1263.02
931.13	1252.91
931.31	1264.56
931.48	1253.05
931.65	1264.01
931.82	1255.38
931.99	1258.89
932.17	1254.30
932.34	1260.18
932.51	1254.63
932.68	1258.33
932.85	1254.09
933.03	1257.78
933.20	1252.19
933.37	1263.00
933.54	1257.76
933.71	1261.81
933.88	1256.22
934.06	1250.90
934.23	1259.87
934.40	1265.32
934.57	1256.86
934.74	1262.70
934.91	1247.05
935.09	1260.93
935.26	1253.93
935.43	1258.95
935.60	1254.05
935.77	1258.66
935.94	1254.81
936.12	1262.68
936.29	1254.03
936.46	1262.84
936.63	1255.34
936.80	1260.67
936.97	1256.04
937.14	1254.50
937.32	1258.99
937.49	1261.98
937.66	1252.70
937.83	1253.17
938.00	1253.66
938.17	1255.02
938.34	1257.78
938.52	1261.14
938.69	1251.53
938.86	1268.20
939.03	1253.05
939.20	1259.66
939.37	1256.78
939.54	1255.45
939.71	1257.08
939.89	1263.37
940.06	1252.33
940.23	1258.99
940.40	1252.19
940.57	1262.43
940.74	1247.79
940.91	1259.01
941.08	1252.27
941.25	1255.75
941.43	1251.78
941.60	1255.12
941.77	1254.20
941.94	1254.75
942.11	1253.42
942.28	1257.43
942.45	1256.18
942.62	1259.71
942.79	1253.15
942.96	1253.38
943.13	1250.84
943.30	1254.14
943.48	1258.05
943.65	1263.37
943.82	1258.76
943.99	1262.61
944.16	1253.13
944.33	1253.15
944.50	1257.08
944.67	1256.65
944.84	1257.31
945.01	1256.65
945.18	1257.74
945.35	1266.32
945.52	1258.89
945.69	1255.92
945.86	1261.55
946.03	1263.49
946.21	1256.55
946.38	1253.21
946.55	1253.11
946.72	1264.11
946.89	1251.96
947.06	1259.62
947.23	1264.81
947.40	1256.29
947.57	1249.08
947.74	1258.17
947.91	1254.57
948.08	1258.39
948.25	1254.79
948.42	1261.77
948.59	1253.91
948.76	1256.88
948.93	1249.94
949.10	1254.77
949.27	1253.42
949.44	1261.00
949.61	1251.92
949.78	1260.44
949.95	1257.49
950.12	1258.91
950.29	1256.61
950.46	1262.78
950.63	1247.72
950.80	1259.13
950.97	1249.45
951.14	1263.29
951.31	1252.99
951.48	1261.73
951.65	1256.20
951.82	1260.42
951.99	1253.58
952.16	1263.47
952.33	1257.66
952.50	1258.78
952.67	1262.33
952.84	1260.07
953.01	1253.07
953.18	1264.33
953.35	1257.82
953.52	1263.64
953.69	1258.89
953.86	1265.46
954.03	1253.77
954.20	1257.25
954.37	1259.46
954.54	1264.23
954.70	1248.73
954.87	1256.61
955.04	1255.96
955.21	1258.15
955.38	1250.71
955.55	1254.57
955.72	1259.85
955.89	1264.13
956.06	1255.92
956.23	1266.65
956.40	1252.39
956.57	1269.37
956.74	1258.72
956.91	1262.57
957.08	1250.92
957.25	1267.96
957.41	1250.43
957.58	1259.54
957.75	1253.17
957.92	1261.98
958.09	1248.79
958.26	1265.03
958.43	1254.87
958.60	1262.49
958.77	1254.24
958.94	1262.65
959.11	1251.02
959.27	1265.32
959.44	1250.92
959.61	1260.73
959.78	1247.29
959.95	1266.67
960.12	1253.97
960.29	1262.61
960.46	1251.86
960.63	1265.03
960.80	1258.54
960.96	1264.25
961.13	1257.37
961.30	1264.40
961.47	1249.10
961.64	1250.80
961.81	1253.75
961.98	1258.46
962.15	1254.01
962.31	1264.03
962.48	1248.36
962.65	1259.28
962.82	1252.74
962.99	1260.83
963.16	1250.10
963.33	1256.35
963.49	1259.32
963.66	1265.69
963.83	1254.36
964.00	1256.45
964.17	1252.48
964.34	1257.92
964.51	1249.14
964.67	1255.24
964.84	1257.51
965.01	1275.25
965.18	1250.76
965.35	1257.10
965.52	1252.56
965.68	1262.20
965.85	1254.85
966.02	1256.06
966.19	1255.98
966.36	1253.81
966.52	1252.07
966.69	1262.22
966.86	1246.80
967.03	1254.87
967.20	1254.67
967.37	1262.45
967.53	1255.43
967.70	1262.88
967.87	1251.31
968.04	1260.55
968.21	1250.00
968.37	1260.98
968.54	1251.74
968.71	1261.20
968.88	1255.32
969.05	1266.44
969.21	1247.91
969.38	1256.88
969.55	1247.23
969.72	1257.15
969.89	1252.05
970.05	1261.00
970.22	1253.23
970.39	1258.33
970.56	1256.33
970.72	1257.90
970.89	1258.42
971.06	1265.64
971.23	1256.16
971.39	1254.11
971.56	1250.14
971.73	1255.73
971.90	1255.02
972.07	1254.44
972.23	1258.07
972.40	1259.42
972.57	1258.78
972.74	1254.28
972.90	1261.34
973.07	1254.91
973.24	1255.67
973.40	1265.50
973.57	1254.93
973.74	1261.71
973.91	1256.16
974.07	1264.62
974.24	1256.57
974.41	1261.75
974.58	1255.06
974.74	1258.72
974.91	1254.91
975.08	1255.32
975.25	1244.53
975.41	1259.60
975.58	1252.33
975.75	1259.36
975.91	1251.78
976.08	1252.56
976.25	1247.23
976.42	1254.67
976.58	1253.71
976.75	1265.19
976.92	1244.65
977.08	1254.24
977.25	1257.78
977.42	1261.08
977.58	1247.38
977.75	1263.33
977.92	1263.76
978.08	1258.66
978.25	1258.91
978.42	1261.75
978.59	1254.20
978.75	1262.96
978.92	1254.48
979.09	1262.80
979.25	1248.20
979.42	1265.32
979.59	1256.86
979.75	1260.22
979.92	1257.90
980.09	1263.72
980.25	1254.22
980.42	1260.32
980.59	1252.60
980.75	1260.46
980.92	1254.36
981.09	1259.36
981.25	1251.60
981.42	1258.82
981.59	1256.82
981.75	1262.37
981.92	1261.22
982.08	1254.97
982.25	1245.82
982.42	1257.04
982.58	1248.91
982.75	1266.79
982.92	1253.21
983.08	1263.54
983.25	1255.38
983.42	1254.50
983.58	1249.24
983.75	1258.15
983.91	1253.99
984.08	1266.69
984.25	1252.09
984.41	1252.74
984.58	1251.86
984.74	1258.52
984.91	1253.52
985.08	1258.44
985.24	1246.21
985.41	1259.48
985.57	1253.05
985.74	1258.42
985.91	1259.79
986.07	1258.07
986.24	1248.07
986.40	1267.16
986.57	1252.48
986.74	1259.91
986.90	1249.16
987.07	1264.05
987.23	1265.24
987.40	1264.87
987.57	1271.32
987.73	1261.18
987.90	1257.39
988.06	1263.00
988.23	1254.38
988.39	1260.67
988.56	1246.46
988.73	1260.65
988.89	1254.42
989.06	1261.14
989.22	1254.18
989.39	1260.81
989.55	1256.08
989.72	1253.91
989.88	1257.13
990.05	1263.97
990.22	1252.78
990.38	1264.99
990.55	1256.59
990.71	1261.47
990.88	1256.49
991.04	1253.85
991.21	1258.85
991.37	1255.12
991.54	1252.41
991.70	1259.09
991.87	1256.55
992.03	1268.16
992.20	1259.77
992.36	1262.39
992.53	1255.75
992.69	1262.68
992.86	1251.35
993.03	1259.75
993.19	1258.68
993.36	1256.18
993.52	1246.64
993.69	1260.30
993.85	1253.54
994.02	1256.67
994.18	1252.50
994.35	1260.01
994.51	1253.66
994.68	1258.42
994.84	1252.05
995.01	1258.33
995.17	1259.23
995.34	1258.60
995.50	1248.59
995.66	1267.96
995.83	1256.14
995.99	1257.33
996.16	1249.02
996.32	1251.06
996.49	1249.67
996.65	1254.46
996.82	1254.65
996.98	1264.48
997.15	1251.60
997.31	1263.58
997.48	1248.44
997.64	1256.90
997.81	1257.49
997.97	1259.75
998.13	1249.96
998.30	1259.91
998.46	1255.77
998.63	1258.99
998.79	1253.71
998.96	1260.55
999.12	1256.18
999.29	1254.61
999.45	1253.99
999.61	1262.63
999.78	1258.13
999.94	1258.13
1000.11	1252.70
1000.27	1264.95
1000.44	1260.59
1000.60	1263.02
1000.76	1255.18
1000.93	1257.66
1001.09	1253.73
1001.26	1263.31
1001.42	1255.10
1001.59	1261.81
1001.75	1251.45
1001.91	1259.83
1002.08	1250.82
1002.24	1256.84
1002.41	1250.00
1002.57	1262.14
1002.73	1257.56
1002.90	1257.76
1003.06	1256.67
1003.23	1258.09
1003.39	1248.89
1003.55	1259.56
1003.72	1253.34
1003.88	1263.49
1004.04	1252.17
1004.21	1260.40
1004.37	1254.14
1004.54	1256.65
1004.70	1250.43
1004.86	1255.57
1005.03	1250.69
1005.19	1260.46
1005.35	1258.78
1005.52	1257.06
1005.68	1254.65
1005.85	1256.06
1006.01	1257.10
1006.17	1262.98
1006.34	1260.32
1006.50	1265.17
1006.66	1256.45
1006.83	1264.52
1006.99	1247.64
1007.15	1260.48
1007.32	1257.84
1007.48	1258.93
1007.64	1259.13
1007.81	1262.12
1007.97	1251.35
1008.13	1260.36
1008.30	1253.79
1008.46	1250.00
1008.62	1253.09
1008.79	1250.18
1008.95	1257.23
1009.11	1258.52
1009.28	1247.97
1009.44	1255.45
1009.60	1253.52
1009.77	1257.80
1009.93	1256.53
1010.09	1255.43
1010.25	1254.54
1010.42	1257.31
1010.58	1255.40
1010.74	1263.80
1010.91	1252.97
1011.07	1259.30
1011.23	1256.39
1011.40	1268.43
1011.56	1258.46
1011.72	1253.99
1011.88	1258.37
1012.05	1260.83
1012.21	1257.23
1012.37	1258.80
1012.54	1261.61
1012.70	1263.04
1012.86	1255.14
1013.02	1257.82
1013.19	1256.14
1013.35	1261.61
1013.51	1263.15
1013.67	1269.15
1013.84	1260.12
1014.00	1250.71
1014.16	1251.88
1014.33	1258.03
1014.49	1247.97
1014.65	1259.32
1014.81	1255.90
1014.98	1263.08
1015.14	1254.75
1015.30	1257.68
1015.46	1253.42
1015.62	1263.02
1015.79	1246.72
1015.95	1258.25
1016.11	1256.45
1016.27	1264.74
1016.44	1252.41
1016.60	1264.11
1016.76	1254.09
1016.92	1259.50
1017.09	1251.68
1017.25	1253.71
1017.41	1248.03
1017.57	1261.08
1017.73	1251.06
1017.90	1264.56
1018.06	1252.37
1018.22	1258.46
1018.38	1254.85
1018.54	1258.54
1018.71	1253.34
1018.87	1256.90
1019.03	1252.50
1019.19	1259.99
1019.35	1263.97
1019.52	1263.41
1019.68	1250.78
1019.84	1261.51
1020.00	1254.91
1020.16	1256.98
1020.33	1249.45
1020.49	1257.80
1020.65	1250.14
1020.81	1257.76
1020.97	1250.04
1021.13	1260.79
1021.30	1253.60
1021.46	1261.84
1021.62	1254.52
1021.78	1254.63
1021.94	1248.71
1022.10	1257.15
1022.27	1254.89
1022.43	1266.71
1022.59	1259.58
1022.75	1264.54
1022.91	1249.04
1023.07	1258.99
1023.24	1251.43
1023.40	1259.46
1023.56	1253.60
1023.72	1261.63
1023.88	1256.24
1024.04	1256.39
1024.20	1250.08
1024.36	1265.09
1024.53	1254.22
1024.69	1259.79
1024.85	1259.21
1025.01	1258.37
1025.17	1257.66
1025.33	1260.52
1025.49	1253.60
1025.65	1261.22
1025.82	1249.04
1025.98	1264.64
1026.14	1246.17
1026.30	1261.24
1026.46	1253.50
1026.62	1262.41
1026.78	1255.00
1026.94	1257.92
1027.10	1255.04
1027.26	1261.26
1027.43	1254.16
1027.59	1260.50
1027.75	1253.71
1027.91	1253.05
1028.07	1258.29
1028.23	1256.63
1028.39	1259.03
1028.55	1260.55
1028.71	1254.54
1028.87	1255.30
1029.03	1250.43
1029.19	1260.87
1029.36	1256.26
1029.52	1257.94
1029.68	1245.60
1029.84	1265.05
1030.00	1250.24
1030.16	1261.53
1030.32	1258.46
1030.48	1265.48
1030.64	1261.73
1030.80	1257.58
1030.96	1254.61
1031.12	1266.18
1031.28	1252.89
1031.44	1262.10
1031.60	1253.95
1031.76	1256.86
1031.92	1260.57
1032.08	1278.24
1032.24	1257.88
1032.40	1262.57
1032.56	1254.48
1032.73	1260.07
1032.89	1252.97
1033.05	1262.80
1033.21	1253.23
1033.37	1263.94
1033.53	1251.31
1033.69	1257.35
1033.85	1253.99
1034.01	1253.05
1034.17	1250.80
1034.33	1257.29
1034.49	1256.41
1034.65	1260.69
1034.81	1252.13
1034.97	1262.80
1035.13	1263.04
1035.29	1261.20
1035.45	1256.04
1035.61	1263.15
1035.77	1253.75
1035.93	1262.51
1036.09	1252.23
1036.25	1261.10
1036.41	1256.02
1036.57	1262.57
1036.73	1253.38
1036.88	1257.88
1037.04	1255.36
