345.52	1249.08
345.73	1249.08
345.94	1249.08
346.16	1243.59
346.37	1255.10
346.58	1245.68
346.79	1255.79
347.00	1247.40
347.22	1252.56
347.43	1248.46
347.64	1255.71
347.85	1250.43
348.06	1251.33
348.28	1248.16
348.49	1252.25
348.70	1246.95
348.91	1263.27
349.12	1246.48
349.34	1257.70
349.55	1251.53
349.76	1257.15
349.97	1245.35
350.18	1257.53
350.40	1255.88
350.61	1261.51
350.82	1251.47
351.03	1257.66
351.24	1249.08
351.46	1258.19
351.67	1249.98
351.88	1262.92
352.09	1249.83
352.30	1259.62
352.51	1252.03
352.73	1261.28
352.94	1258.44
353.15	1256.96
353.36	1248.07
353.57	1265.48
353.79	1253.68
354.00	1263.37
354.21	1258.70
354.42	1257.72
354.63	1254.09
354.84	1250.74
355.06	1250.43
355.27	1263.97
355.48	1256.04
355.69	1262.51
355.90	1253.54
356.11	1263.70
356.33	1259.89
356.54	1263.19
356.75	1262.98
356.96	1257.74
357.17	1248.07
357.38	1258.68
357.60	1248.24
357.81	1253.30
358.02	1255.28
358.23	1258.52
358.44	1259.13
358.65	1252.72
358.87	1256.18
359.08	1257.39
359.29	1259.38
359.50	1265.09
359.71	1250.24
359.92	1261.00
360.13	1256.12
360.35	1260.91
360.56	1257.10
360.77	1259.75
360.98	1254.48
361.19	1266.10
361.40	1253.07
361.62	1265.81
361.83	1257.60
362.04	1256.41
362.25	1255.86
362.46	1261.30
362.67	1256.06
362.88	1256.12
363.10	1255.94
363.31	1262.96
363.52	1256.10
363.73	1259.05
363.94	1263.41
364.15	1260.46
364.36	1260.55
364.57	1256.08
364.79	1250.96
365.00	1260.48
365.21	1254.61
365.42	1265.87
365.63	1254.73
365.84	1268.06
366.05	1252.62
366.27	1251.51
366.48	1252.29
366.69	1262.53
366.90	1254.05
367.11	1265.32
367.32	1263.06
367.53	1264.05
367.74	1255.26
367.95	1257.72
368.17	1252.07
368.38	1255.30
368.59	1259.95
368.80	1261.06
369.01	1246.99
369.22	1256.74
369.43	1254.22
369.64	1256.35
369.86	1259.64
370.07	1263.54
370.28	1257.19
370.49	1260.24
370.70	1256.02
370.91	1258.29
371.12	1257.45
371.33	1259.23
371.54	1252.48
371.76	1260.69
371.97	1256.96
372.18	1265.46
372.39	1255.71
372.60	1260.01
372.81	1263.37
373.02	1261.77
373.23	1253.58
373.44	1263.60
373.65	1261.55
373.87	1262.10
374.08	1256.82
374.29	1260.24
374.50	1253.19
374.71	1264.40
374.92	1262.98
375.13	1258.42
375.34	1256.39
375.55	1263.88
375.76	1255.24
375.97	1267.49
376.19	1255.92
376.40	1261.41
376.61	1257.45
376.82	1263.80
377.03	1252.13
377.24	1267.73
377.45	1260.34
377.66	1259.97
377.87	1257.60
378.08	1264.58
378.29	1254.59
378.50	1264.03
378.71	1251.06
378.93	1254.93
379.14	1245.84
379.35	1266.01
379.56	1256.76
379.77	1271.26
379.98	1252.01
380.19	1268.84
380.40	1256.92
380.61	1258.91
380.82	1261.73
381.03	1261.12
381.24	1261.18
381.45	1262.37
381.66	1253.46
381.88	1265.40
382.09	1251.15
382.30	1270.81
382.51	1260.05
382.72	1262.55
382.93	1254.11
383.14	1260.69
383.35	1257.10
383.56	1267.67
383.77	1261.36
383.98	1262.06
384.19	1254.61
384.40	1260.07
384.61	1257.43
384.82	1265.77
385.03	1250.37
385.24	1266.57
385.45	1256.88
385.67	1260.30
385.88	1257.92
386.09	1263.39
386.30	1251.21
386.51	1259.60
386.72	1252.44
386.93	1268.37
387.14	1258.21
387.35	1259.28
387.56	1254.89
387.77	1259.81
387.98	1253.91
388.19	1263.06
388.40	1259.89
388.61	1268.06
388.82	1252.27
389.03	1262.59
389.24	1253.38
389.45	1263.64
389.66	1257.06
389.87	1267.06
390.08	1256.57
390.29	1262.63
390.50	1255.02
390.71	1261.86
390.92	1263.92
391.13	1267.34
391.34	1252.97
391.55	1262.72
391.76	1251.84
391.98	1266.10
392.19	1252.91
392.40	1264.11
392.61	1262.14
392.82	1261.47
393.03	1252.60
393.24	1267.71
393.45	1256.33
393.66	1262.06
393.87	1257.41
394.08	1265.73
394.29	1263.25
394.50	1261.47
394.71	1253.97
394.92	1269.33
395.13	1250.90
395.34	1263.99
395.55	1253.87
395.76	1268.94
395.97	1253.25
396.18	1265.79
396.39	1249.90
396.60	1260.69
396.81	1267.00
397.02	1267.65
397.23	1256.65
397.44	1268.90
397.65	1259.81
397.86	1260.93
398.07	1255.94
398.28	1261.75
398.49	1254.97
398.70	1262.86
398.91	1257.27
399.12	1264.78
399.33	1250.22
399.54	1260.40
399.75	1262.47
399.96	1260.44
400.17	1256.61
400.38	1257.19
400.59	1254.36
400.80	1259.81
401.01	1252.25
401.22	1264.05
401.42	1254.93
401.63	1268.61
401.84	1257.41
402.05	1258.21
402.26	1253.58
402.47	1265.67
402.68	1261.75
402.89	1260.30
403.10	1254.61
403.31	1265.09
403.52	1253.75
403.73	1263.13
403.94	1250.63
404.15	1262.98
404.36	1255.20
404.57	1261.73
404.78	1255.22
404.99	1257.68
405.20	1255.53
405.41	1267.51
405.62	1259.54
405.83	1267.12
406.04	1262.16
406.25	1262.22
406.46	1256.70
406.67	1268.53
406.88	1260.67
407.09	1268.66
407.30	1251.02
407.50	1268.27
407.71	1259.11
407.92	1266.36
408.13	1256.76
408.34	1266.81
408.55	1257.96
408.76	1259.11
408.97	1257.06
409.18	1264.64
409.39	1263.35
409.60	1264.60
409.81	1257.92
410.02	1267.82
410.23	1259.34
410.44	1263.54
410.65	1248.87
410.86	1262.33
411.07	1254.79
411.27	1269.39
411.48	1266.55
411.69	1265.60
411.90	1251.66
412.11	1264.54
412.32	1252.72
412.53	1266.30
412.74	1248.54
412.95	1269.31
413.16	1256.51
413.37	1267.90
413.58	1260.79
413.79	1260.14
414.00	1255.57
414.20	1262.70
414.41	1254.38
414.62	1267.59
414.83	1258.03
415.04	1256.80
415.25	1259.83
415.46	1268.45
415.67	1257.13
415.88	1261.86
416.09	1261.88
416.30	1265.38
416.51	1259.46
416.71	1263.84
416.92	1255.77
417.13	1266.05
417.34	1254.87
417.55	1270.27
417.76	1256.88
417.97	1266.10
418.18	1256.26
418.39	1269.25
418.60	1259.64
418.81	1254.11
419.01	1252.25
419.22	1263.29
419.43	1256.49
419.64	1265.54
419.85	1255.71
420.06	1262.06
420.27	1262.41
420.48	1270.38
420.69	1254.09
420.90	1259.05
421.10	1258.93
421.31	1267.26
421.52	1257.96
421.73	1257.51
421.94	1261.63
422.15	1262.53
422.36	1257.08
422.57	1269.45
422.78	1254.30
422.98	1264.83
423.19	1255.81
423.40	1265.09
423.61	1251.25
423.82	1265.79
424.03	1258.89
424.24	1266.16
424.45	1257.86
424.65	1259.79
424.86	1255.79
425.07	1260.65
425.28	1256.41
425.49	1263.13
425.70	1255.02
425.91	1258.48
426.12	1253.95
426.32	1261.20
426.53	1255.26
426.74	1263.99
426.95	1255.53
427.16	1266.55
427.37	1249.75
427.58	1264.76
427.78	1256.80
427.99	1264.60
428.20	1262.31
428.41	1265.05
428.62	1254.44
428.83	1264.21
429.04	1257.13
429.24	1269.19
429.45	1257.84
429.66	1260.28
429.87	1262.45
430.08	1259.54
430.29	1257.02
430.50	1257.33
430.70	1255.69
430.91	1261.98
431.12	1261.86
431.33	1263.27
431.54	1257.47
431.75	1268.02
431.96	1258.87
432.16	1258.29
432.37	1255.38
432.58	1261.00
432.79	1260.28
433.00	1267.65
433.21	1256.51
433.41	1266.65
433.62	1255.98
433.83	1268.25
434.04	1259.60
434.25	1259.95
434.46	1251.35
434.66	1265.21
434.87	1252.11
435.08	1267.02
435.29	1256.98
435.50	1265.93
435.71	1263.25
435.91	1260.93
436.12	1256.39
436.33	1254.24
436.54	1264.05
436.75	1260.30
436.95	1248.87
437.16	1262.86
437.37	1250.20
437.58	1259.09
437.79	1264.01
438.00	1265.75
438.20	1255.20
438.41	1271.28
438.62	1257.31
438.83	1263.54
439.04	1251.37
439.24	1264.09
439.45	1256.02
439.66	1271.01
439.87	1265.07
440.08	1262.68
440.28	1258.72
440.49	1265.62
440.70	1260.89
440.91	1262.63
441.12	1260.16
441.32	1259.97
441.53	1254.93
441.74	1255.36
441.95	1266.67
442.16	1263.15
442.36	1254.32
442.57	1261.77
442.78	1257.33
442.99	1268.96
443.20	1253.17
443.40	1269.54
443.61	1257.49
443.82	1277.01
444.03	1255.51
444.24	1265.97
444.44	1252.25
444.65	1264.15
444.86	1257.00
445.07	1263.80
445.27	1251.94
445.48	1266.28
445.69	1256.98
445.90	1260.14
446.11	1254.91
446.31	1267.77
446.52	1253.56
446.73	1262.82
446.94	1257.39
447.14	1257.53
447.35	1259.11
447.56	1271.91
447.77	1258.31
447.97	1270.01
448.18	1261.51
448.39	1268.39
448.60	1259.62
448.81	1261.96
449.01	1255.14
449.22	1263.68
449.43	1257.62
449.64	1262.45
449.84	1258.58
450.05	1263.68
450.26	1257.41
450.47	1254.22
450.67	1252.29
450.88	1267.26
451.09	1258.50
451.30	1258.95
451.50	1265.07
451.71	1265.50
451.92	1259.36
452.13	1265.89
452.33	1247.52
452.54	1262.08
452.75	1269.39
452.96	1274.61
453.16	1258.56
453.37	1269.06
453.58	1257.15
453.79	1262.68
453.99	1264.09
454.20	1261.10
454.41	1262.86
454.61	1265.81
454.82	1260.63
455.03	1260.63
455.24	1257.66
455.44	1264.78
455.65	1258.70
455.86	1262.02
456.07	1255.53
456.27	1263.35
456.48	1256.57
456.69	1266.96
456.90	1262.47
457.10	1266.10
457.31	1264.17
457.52	1266.24
457.72	1255.90
457.93	1265.91
458.14	1259.79
458.35	1260.32
458.55	1258.48
458.76	1264.48
458.97	1253.17
459.17	1263.06
459.38	1260.28
459.59	1262.06
459.80	1262.70
460.00	1265.36
460.21	1264.13
460.42	1261.02
460.62	1259.23
460.83	1259.89
461.04	1261.53
461.25	1263.66
461.45	1256.65
461.66	1260.59
461.87	1256.74
462.07	1267.98
462.28	1261.18
462.49	1261.81
462.69	1258.82
462.90	1270.70
463.11	1255.98
463.31	1268.00
463.52	1261.96
463.73	1259.30
463.94	1254.24
464.14	1262.57
464.35	1262.29
464.56	1260.77
464.76	1258.25
464.97	1264.03
465.18	1257.33
465.38	1266.96
465.59	1258.82
465.80	1261.67
466.00	1262.22
466.21	1269.76
466.42	1259.46
466.62	1256.43
466.83	1257.29
467.04	1270.19
467.24	1265.13
467.45	1270.48
467.66	1252.78
467.86	1264.72
468.07	1253.81
468.28	1266.16
468.48	1259.56
468.69	1266.42
468.90	1254.87
469.10	1269.31
469.31	1256.96
469.52	1268.29
469.72	1254.22
469.93	1264.74
470.14	1257.92
470.34	1267.41
470.55	1258.01
470.76	1267.92
470.96	1259.38
471.17	1264.64
471.38	1258.25
471.58	1262.35
471.79	1260.28
472.00	1271.50
472.20	1261.41
472.41	1269.68
472.62	1261.98
472.82	1261.71
473.03	1254.71
473.24	1267.18
473.44	1257.06
473.65	1268.51
473.85	1253.23
474.06	1262.68
474.27	1261.59
474.47	1266.07
474.68	1254.14
474.89	1259.81
475.09	1265.11
475.30	1260.40
475.51	1262.25
475.71	1271.46
475.92	1262.55
476.12	1266.79
476.33	1257.10
476.54	1266.87
476.74	1262.76
476.95	1265.73
477.16	1260.63
477.36	1262.96
477.57	1263.47
477.77	1269.25
477.98	1258.07
478.19	1259.64
478.39	1257.27
478.60	1265.81
478.81	1263.15
479.01	1267.08
479.22	1256.18
479.42	1266.59
479.63	1255.28
479.84	1262.63
480.04	1259.60
480.25	1261.77
480.45	1256.72
480.66	1267.73
480.87	1259.54
481.07	1265.97
481.28	1252.64
481.48	1262.86
481.69	1258.74
481.90	1262.53
482.10	1257.39
482.31	1267.45
482.51	1263.17
482.72	1259.40
482.93	1259.09
483.13	1263.08
483.34	1263.02
483.54	1262.18
483.75	1258.13
483.96	1266.42
484.16	1256.51
484.37	1260.65
484.57	1258.64
484.78	1268.33
484.99	1259.44
485.19	1269.35
485.40	1259.77
485.60	1260.42
485.81	1258.80
486.01	1267.84
486.22	1269.35
486.43	1272.77
486.63	1266.91
486.84	1257.94
487.04	1256.37
487.25	1256.20
487.46	1259.77
487.66	1270.01
487.87	1263.60
488.07	1263.88
488.28	1260.83
488.48	1267.86
488.69	1269.31
488.89	1263.76
489.10	1260.63
489.31	1265.89
489.51	1262.08
489.72	1260.55
489.92	1257.56
490.13	1271.65
490.33	1251.23
490.54	1265.11
490.75	1266.05
490.95	1266.93
491.16	1259.85
491.36	1266.05
491.57	1262.43
491.77	1261.43
491.98	1264.76
492.18	1257.70
492.39	1261.00
492.59	1272.08
492.80	1260.42
493.01	1260.85
493.21	1260.95
493.42	1260.87
493.62	1260.67
493.83	1265.67
494.03	1263.21
494.24	1262.90
494.44	1258.17
494.65	1263.60
494.85	1254.14
495.06	1256.84
495.26	1261.98
495.47	1264.78
495.68	1260.12
495.88	1265.60
496.09	1260.46
496.29	1270.81
496.50	1262.22
496.70	1272.08
496.91	1262.08
497.11	1269.25
497.32	1256.22
497.52	1265.36
497.73	1260.95
497.93	1263.76
498.14	1258.52
498.34	1262.51
498.55	1258.93
498.75	1264.48
498.96	1266.65
499.16	1267.28
499.37	1258.33
499.57	1269.62
499.78	1261.84
499.98	1261.53
500.19	1262.72
500.39	1264.89
500.60	1259.97
500.80	1259.11
501.01	1261.00
501.21	1265.99
501.42	1263.54
501.62	1264.62
501.83	1263.02
502.03	1266.69
502.24	1262.61
502.44	1262.98
502.65	1262.59
502.85	1268.04
503.06	1263.86
503.26	1262.45
503.47	1257.74
503.67	1271.26
503.88	1255.71
504.08	1262.96
504.29	1255.88
504.49	1268.92
504.70	1261.49
504.90	1269.86
505.11	1253.23
505.31	1266.71
505.52	1256.55
505.72	1269.06
505.93	1261.20
506.13	1268.14
506.34	1262.74
506.54	1275.54
506.75	1261.20
506.95	1266.42
507.16	1261.20
507.36	1272.20
507.56	1259.62
507.77	1268.72
507.97	1268.25
508.18	1264.33
508.38	1262.35
508.59	1273.28
508.79	1261.22
509.00	1273.98
509.20	1263.86
509.41	1265.30
509.61	1256.33
509.82	1269.99
510.02	1262.92
510.22	1268.76
510.43	1261.69
510.63	1266.81
510.84	1262.88
511.04	1271.36
511.25	1263.76
511.45	1266.77
511.66	1260.34
511.86	1273.16
512.06	1265.81
512.27	1267.67
512.47	1266.36
512.68	1274.31
512.88	1265.21
513.09	1262.86
513.29	1259.87
513.50	1271.34
513.70	1266.44
513.90	1267.53
514.11	1263.45
514.31	1268.08
514.52	1265.69
514.72	1268.47
514.93	1259.38
515.13	1273.96
515.33	1261.20
515.54	1262.49
515.74	1257.84
515.95	1271.34
516.15	1259.40
516.36	1275.54
516.56	1263.80
516.76	1270.81
516.97	1267.04
517.17	1271.75
517.38	1262.39
517.58	1268.70
517.78	1265.87
517.99	1274.53
518.19	1264.78
518.40	1273.98
518.60	1267.02
518.81	1266.71
519.01	1264.89
519.21	1266.73
519.42	1263.66
519.62	1270.11
519.83	1260.34
520.03	1279.49
520.23	1265.21
520.44	1273.86
520.64	1264.89
520.85	1268.90
521.05	1263.86
521.25	1273.35
521.46	1258.01
521.66	1277.22
521.86	1269.25
522.07	1274.06
522.27	1275.15
522.48	1264.46
522.68	1272.24
522.88	1268.55
523.09	1267.24
523.29	1277.32
523.50	1266.46
523.70	1281.05
523.90	1271.73
524.11	1270.79
524.31	1265.64
524.51	1278.42
524.72	1267.08
524.92	1270.72
525.13	1270.09
525.33	1275.91
525.53	1266.55
525.74	1272.46
525.94	1269.23
526.14	1272.81
526.35	1268.08
526.55	1281.23
526.76	1266.05
526.96	1281.60
527.16	1265.97
527.37	1276.05
527.57	1267.39
527.77	1277.13
527.98	1274.49
528.18	1276.97
528.38	1270.46
528.59	1274.43
528.79	1275.07
528.99	1277.63
529.20	1271.44
529.40	1277.36
529.61	1268.02
529.81	1280.41
530.01	1277.05
530.22	1283.81
530.42	1274.84
530.62	1282.32
530.83	1270.17
531.03	1274.43
531.23	1281.84
531.44	1282.83
531.64	1273.10
531.84	1283.07
532.05	1277.38
532.25	1277.22
532.45	1277.81
532.66	1294.54
532.86	1274.21
533.06	1279.61
533.27	1278.40
533.47	1282.17
533.67	1283.28
533.88	1287.66
534.08	1278.30
534.28	1282.48
534.49	1281.41
534.69	1283.15
534.89	1282.81
535.09	1287.64
535.30	1278.28
535.50	1290.26
535.70	1280.66
535.91	1285.96
536.11	1291.08
536.31	1285.57
536.52	1288.70
536.72	1295.34
536.92	1283.22
537.13	1289.81
537.33	1282.48
537.53	1291.61
537.74	1287.78
537.94	1285.08
538.14	1285.00
538.34	1291.33
538.55	1290.04
538.75	1303.00
538.95	1295.44
539.16	1299.27
539.36	1292.39
539.56	1297.06
539.77	1289.67
539.97	1304.95
540.17	1294.07
540.37	1304.43
540.58	1295.73
540.78	1297.78
540.98	1297.16
541.19	1301.67
541.39	1291.20
541.59	1304.52
541.79	1297.16
542.00	1305.54
542.20	1295.65
542.40	1304.39
542.60	1303.43
542.81	1302.28
543.01	1313.03
543.21	1310.86
543.42	1300.03
543.62	1308.02
543.82	1309.51
544.02	1311.15
544.23	1309.61
544.43	1319.83
544.63	1312.71
544.83	1314.96
545.04	1318.73
545.24	1323.07
545.44	1320.33
545.64	1322.39
545.85	1317.13
546.05	1319.81
546.25	1328.93
546.45	1331.55
546.66	1327.92
546.86	1337.20
547.06	1329.79
547.27	1340.46
547.47	1339.39
547.67	1348.87
547.87	1344.14
548.07	1343.77
548.28	1345.33
548.48	1353.77
548.68	1347.07
548.88	1356.31
549.09	1360.06
549.29	1361.96
549.49	1359.15
549.69	1373.31
549.90	1362.62
550.10	1371.52
550.30	1377.71
550.50	1386.58
550.71	1377.36
550.91	1381.74
551.11	1380.35
551.31	1386.90
551.51	1381.44
551.72	1395.61
551.92	1382.19
552.12	1389.08
552.32	1388.79
552.53	1408.96
552.73	1395.96
552.93	1411.58
553.13	1407.81
553.33	1419.71
553.54	1414.29
553.74	1423.28
553.94	1429.42
554.14	1422.81
554.35	1431.43
554.55	1435.99
554.75	1437.59
554.95	1451.09
555.15	1451.60
555.36	1458.97
555.56	1459.92
555.76	1464.30
555.96	1469.64
556.16	1476.20
556.37	1476.22
556.57	1471.88
556.77	1470.61
556.97	1488.30
557.17	1478.39
557.38	1490.78
557.58	1490.22
557.78	1499.34
557.98	1488.67
558.18	1501.71
558.38	1485.11
558.59	1491.99
558.79	1488.55
558.99	1502.64
559.19	1497.00
559.39	1492.17
559.60	1484.43
559.80	1490.57
560.00	1488.07
560.20	1481.62
560.40	1485.56
560.60	1488.73
560.81	1477.12
561.01	1485.21
561.21	1469.44
561.41	1468.31
561.61	1464.22
561.81	1471.12
562.02	1460.24
562.22	1461.51
562.42	1454.67
562.62	1454.16
562.82	1447.85
563.02	1447.03
563.23	1444.31
563.43	1447.85
563.63	1429.24
563.83	1438.21
564.03	1433.68
564.23	1431.06
564.43	1423.87
564.64	1424.81
564.84	1419.18
565.04	1425.39
565.24	1411.36
565.44	1423.62
565.64	1415.27
565.85	1417.24
566.05	1408.96
566.25	1411.91
566.45	1414.63
566.65	1425.20
566.85	1425.55
567.05	1430.57
567.25	1425.32
567.46	1435.50
567.66	1439.60
567.86	1453.77
568.06	1458.28
568.26	1479.43
568.46	1479.58
568.66	1500.03
568.86	1515.48
569.07	1537.49
569.27	1554.37
569.47	1572.74
569.67	1597.17
569.87	1638.50
570.07	1670.55
570.27	1720.66
570.47	1798.46
570.68	1930.60
570.88	2085.88
571.08	2347.36
571.28	2666.03
571.48	3156.49
571.68	3745.92
571.88	4511.45
572.08	5487.68
572.28	6578.55
572.49	7781.99
572.69	9293.29
572.89	10765.23
573.09	12394.12
573.29	14087.42
573.49	15962.01
573.69	17701.88
573.89	19558.55
574.09	21434.10
574.29	23507.67
574.50	25362.93
574.70	27433.91
574.90	29314.93
575.10	31323.48
575.30	33274.23
575.50	35214.33
575.70	36792.58
575.90	38428.54
576.10	39905.78
576.30	40782.61
576.50	42000.21
576.70	42868.90
576.91	43458.22
577.11	43820.20
577.31	44370.10
577.51	44361.17
577.71	43829.87
577.91	43617.39
578.11	43106.30
578.31	42177.06
578.51	41019.40
578.71	39971.00
578.91	38481.91
579.11	37089.21
579.31	35325.25
579.51	33752.45
579.71	31852.02
579.92	30047.53
580.12	28179.15
580.32	26341.38
580.52	24206.54
580.72	22142.37
580.92	19995.67
581.12	18127.23
581.32	16183.50
581.52	14463.62
581.72	12754.63
581.92	11288.75
582.12	10064.03
582.32	8884.58
582.52	8059.97
582.72	7398.45
582.92	6845.50
583.12	6390.56
583.32	6050.91
583.52	5759.69
583.72	5503.22
583.92	5323.10
584.12	5105.77
584.33	4943.76
584.53	4808.24
584.73	4617.92
584.93	4494.82
585.13	4351.52
585.33	4200.55
585.53	4099.52
585.73	3972.24
585.93	3856.86
586.13	3746.51
586.33	3648.01
586.53	3519.54
586.73	3425.68
586.93	3350.95
587.13	3267.00
587.33	3172.39
587.53	3096.71
587.73	3023.52
587.93	2943.22
588.13	2904.72
588.33	2845.59
588.53	2805.25
588.73	2783.99
588.93	2753.68
589.13	2759.37
589.33	2742.11
589.53	2781.28
589.73	2796.71
589.93	2808.99
590.13	2865.62
590.33	2904.08
590.53	2945.00
590.73	2993.45
590.93	3048.81
591.13	3101.32
591.33	3150.70
591.53	3187.09
591.73	3231.49
591.93	3233.97
592.13	3288.77
592.33	3289.26
592.53	3301.84
592.73	3312.45
592.93	3270.73
593.13	3258.36
593.33	3239.42
593.53	3194.57
593.73	3123.25
593.93	3062.16
594.13	2990.38
594.33	2914.61
594.53	2795.78
594.73	2708.97
594.92	2623.53
595.12	2516.97
595.32	2440.95
595.52	2358.87
595.72	2276.87
595.92	2218.79
596.12	2144.57
596.32	2081.68
596.52	2018.99
596.72	1977.93
596.92	1911.66
597.12	1875.82
597.32	1807.43
597.52	1788.39
597.72	1729.22
597.92	1706.39
598.12	1674.83
598.32	1641.02
598.52	1626.17
598.72	1595.10
598.92	1572.18
599.12	1542.51
599.31	1524.84
599.51	1512.98
599.71	1472.90
599.91	1464.79
600.11	1441.87
600.31	1425.12
600.51	1407.06
600.71	1391.82
600.91	1368.04
601.11	1370.73
601.31	1351.33
601.51	1344.37
601.71	1340.87
601.91	1343.10
602.10	1328.60
602.30	1338.33
602.50	1329.79
602.70	1325.73
602.90	1319.16
603.10	1327.00
603.30	1320.53
603.50	1327.76
603.70	1315.53
603.90	1323.64
604.10	1320.94
604.30	1316.76
604.49	1311.27
604.69	1318.79
604.89	1310.64
605.09	1318.09
605.29	1303.14
605.49	1313.49
605.69	1306.79
605.89	1311.42
606.09	1298.21
606.29	1303.45
606.48	1297.80
606.68	1300.23
606.88	1298.25
607.08	1307.10
607.28	1301.03
607.48	1305.42
607.68	1288.21
607.88	1298.60
608.08	1297.33
608.27	1299.58
608.47	1298.00
608.67	1296.63
608.87	1284.77
609.07	1300.23
609.27	1289.91
609.47	1287.27
609.67	1288.17
609.87	1292.00
610.06	1286.29
610.26	1287.52
610.46	1284.96
610.66	1286.86
610.86	1285.45
611.06	1287.78
611.26	1275.76
611.45	1286.80
611.65	1282.25
611.85	1286.88
612.05	1278.83
612.25	1288.56
612.45	1274.98
612.65	1292.60
612.84	1280.78
613.04	1289.24
613.24	1283.85
613.44	1291.47
613.64	1278.08
613.84	1289.52
614.04	1282.29
614.23	1289.63
614.43	1282.75
614.63	1289.34
614.83	1280.76
615.03	1293.01
615.23	1283.83
615.42	1286.27
615.62	1288.58
615.82	1288.56
616.02	1286.55
616.22	1286.74
616.42	1286.04
616.61	1295.24
616.81	1288.81
617.01	1293.95
617.21	1291.51
617.41	1289.28
617.61	1289.93
617.80	1296.41
618.00	1292.60
618.20	1295.65
618.40	1287.21
618.60	1295.22
618.80	1291.61
618.99	1292.45
619.19	1286.78
619.39	1297.16
619.59	1290.34
619.79	1291.65
619.98	1288.01
620.18	1288.23
620.38	1287.95
620.58	1293.48
620.78	1284.10
620.97	1285.82
621.17	1284.51
621.37	1289.48
621.57	1283.28
621.77	1286.17
621.96	1282.85
622.16	1290.04
622.36	1281.29
622.56	1290.24
622.76	1278.32
622.95	1288.17
623.15	1276.23
623.35	1281.97
623.55	1274.86
623.75	1273.78
623.94	1270.17
624.14	1282.29
624.34	1268.49
624.54	1270.05
624.73	1274.12
624.93	1271.89
625.13	1273.92
625.33	1270.62
625.53	1263.88
625.72	1274.55
625.92	1265.44
626.12	1270.52
626.32	1261.84
626.51	1277.01
626.71	1265.44
626.91	1272.85
627.11	1265.11
627.30	1266.44
627.50	1261.77
627.70	1270.29
627.90	1260.65
628.10	1271.81
628.29	1265.83
628.49	1266.48
628.69	1264.60
628.89	1269.78
629.08	1264.72
629.28	1273.32
629.48	1257.41
629.68	1265.99
629.87	1254.20
630.07	1272.01
630.27	1254.61
630.47	1266.40
630.66	1261.92
630.86	1263.17
631.06	1259.11
631.25	1268.66
631.45	1262.39
631.65	1270.27
631.85	1264.09
632.04	1260.83
632.24	1261.65
632.44	1268.39
632.64	1259.03
632.83	1264.54
633.03	1261.59
633.23	1267.10
633.42	1264.66
633.62	1261.61
633.82	1264.46
634.02	1272.53
634.21	1260.83
634.41	1265.85
634.61	1263.78
634.81	1266.22
635.00	1255.30
635.20	1273.71
635.40	1264.40
635.59	1261.02
635.79	1265.07
635.99	1273.39
636.18	1259.38
636.38	1266.83
636.58	1256.33
636.78	1269.31
636.97	1252.35
637.17	1269.02
637.37	1263.58
637.56	1261.41
637.76	1264.60
637.96	1270.44
638.15	1263.66
638.35	1264.21
638.55	1261.86
638.74	1261.12
638.94	1262.90
639.14	1269.76
639.34	1259.89
639.53	1271.19
639.73	1260.87
639.93	1265.13
640.12	1261.16
640.32	1265.01
640.52	1260.01
640.71	1264.27
640.91	1264.54
641.11	1266.20
641.30	1256.47
641.50	1270.79
641.70	1262.51
641.89	1261.10
642.09	1261.28
642.29	1272.77
642.48	1258.85
642.68	1264.68
642.88	1261.08
643.07	1265.36
643.27	1262.90
643.47	1258.03
643.66	1259.97
643.86	1262.18
644.06	1259.13
644.25	1266.40
644.45	1257.41
644.65	1266.12
644.84	1259.34
645.04	1260.09
645.23	1254.20
645.43	1267.80
645.63	1255.14
645.82	1270.46
646.02	1258.09
646.22	1266.44
646.41	1258.50
646.61	1268.18
646.81	1256.31
647.00	1265.60
647.20	1265.03
647.39	1260.59
647.59	1260.91
647.79	1262.96
647.98	1262.72
648.18	1263.76
648.38	1260.46
648.57	1264.85
648.77	1251.60
648.96	1267.59
649.16	1254.83
649.36	1267.73
649.55	1259.87
649.75	1269.09
649.95	1265.99
650.14	1269.60
650.34	1254.32
650.53	1268.04
650.73	1260.65
650.93	1259.23
651.12	1256.94
651.32	1265.17
651.51	1254.71
651.71	1261.49
651.91	1261.55
652.10	1267.28
652.30	1254.81
652.49	1262.33
652.69	1258.33
652.89	1270.44
653.08	1256.90
653.28	1265.50
653.47	1260.28
653.67	1265.01
653.86	1259.73
654.06	1254.16
654.26	1259.89
654.45	1269.29
654.65	1262.59
654.84	1267.36
655.04	1254.34
655.24	1265.09
655.43	1255.32
655.63	1265.77
655.82	1258.33
656.02	1264.78
656.21	1256.47
656.41	1269.49
656.61	1252.58
656.80	1264.89
657.00	1261.73
657.19	1264.01
657.39	1254.87
657.58	1264.62
657.78	1255.51
657.97	1264.05
658.17	1257.35
658.37	1261.36
658.56	1256.41
658.76	1259.01
658.95	1256.72
659.15	1266.55
659.34	1260.16
659.54	1267.43
659.73	1260.87
659.93	1261.04
660.13	1259.69
660.32	1262.78
660.52	1253.89
660.71	1267.53
660.91	1262.10
661.10	1269.27
661.30	1261.06
661.49	1263.62
661.69	1251.62
661.88	1257.68
662.08	1251.98
662.27	1261.32
662.47	1258.37
662.66	1263.27
662.86	1259.62
663.06	1265.87
663.25	1259.58
663.45	1264.76
663.64	1257.00
663.84	1260.14
664.03	1259.32
664.23	1263.56
664.42	1257.74
664.62	1258.93
664.81	1252.39
665.01	1273.08
665.20	1262.00
665.40	1264.13
665.59	1258.58
665.79	1265.19
665.98	1254.26
666.18	1266.61
666.37	1256.90
666.57	1262.47
666.76	1257.47
666.96	1265.99
667.15	1261.26
667.35	1266.01
667.54	1263.19
667.74	1269.72
667.93	1258.66
668.13	1269.43
668.32	1249.75
668.52	1265.15
668.71	1254.57
668.91	1264.76
669.10	1255.69
669.30	1259.28
669.49	1257.06
669.68	1270.19
669.88	1258.13
670.07	1271.93
670.27	1255.12
670.46	1263.27
670.66	1255.59
670.85	1258.33
671.05	1257.72
671.24	1265.81
671.44	1251.66
671.63	1257.10
671.83	1254.50
672.02	1263.37
672.22	1254.32
672.41	1265.42
672.60	1256.29
672.80	1267.32
672.99	1255.61
673.19	1264.48
673.38	1256.74
673.58	1265.44
673.77	1253.99
673.97	1265.56
674.16	1254.28
674.36	1267.43
674.55	1257.92
674.74	1259.48
674.94	1256.65
675.13	1266.77
675.33	1261.20
675.52	1265.28
675.72	1258.85
675.91	1261.96
676.10	1252.52
676.30	1265.26
676.49	1254.11
676.69	1268.98
676.88	1256.88
677.08	1260.67
677.27	1258.27
677.46	1257.84
677.66	1254.69
677.85	1263.02
678.05	1260.36
678.24	1265.64
678.44	1256.43
678.63	1259.62
678.82	1257.53
679.02	1265.64
679.21	1251.27
679.41	1263.23
679.60	1266.16
679.79	1264.48
679.99	1256.84
680.18	1265.03
680.38	1249.26
680.57	1256.57
680.76	1259.83
680.96	1266.75
681.15	1257.51
681.35	1263.49
681.54	1247.27
681.73	1256.31
681.93	1264.09
682.12	1262.65
682.32	1256.16
682.51	1266.34
682.70	1256.94
682.90	1268.29
683.09	1256.37
683.29	1260.30
683.48	1259.77
683.67	1263.56
683.87	1253.89
684.06	1263.62
684.25	1254.14
684.45	1264.95
684.64	1260.65
684.84	1264.25
685.03	1259.15
685.22	1264.46
685.42	1256.22
685.61	1257.78
685.80	1257.10
686.00	1261.04
686.19	1259.46
686.38	1264.03
686.58	1249.34
686.77	1258.03
686.96	1255.79
687.16	1262.43
687.35	1261.22
687.55	1265.73
687.74	1253.75
687.93	1260.40
688.13	1256.61
688.32	1262.90
688.51	1260.30
688.71	1259.97
688.90	1253.46
689.09	1253.93
689.29	1258.62
689.48	1261.45
689.67	1259.89
689.87	1261.12
690.06	1261.16
690.25	1267.16
690.45	1257.06
690.64	1270.11
690.83	1261.61
691.03	1261.71
691.22	1254.52
691.41	1264.91
691.61	1256.78
691.80	1266.77
691.99	1260.93
692.19	1268.49
692.38	1252.87
692.57	1261.10
692.76	1261.47
692.96	1258.29
693.15	1259.19
693.34	1262.65
693.54	1254.38
693.73	1266.71
693.92	1256.67
694.12	1260.85
694.31	1253.83
694.50	1263.47
694.70	1253.36
694.89	1262.90
695.08	1255.71
695.27	1267.12
695.47	1250.53
695.66	1265.21
695.85	1256.65
696.05	1267.59
696.24	1257.37
696.43	1263.19
696.62	1251.51
696.82	1262.37
697.01	1255.55
697.20	1261.06
697.40	1258.54
697.59	1269.09
697.78	1258.70
697.97	1258.56
698.17	1261.08
698.36	1268.33
698.55	1267.18
698.74	1263.27
698.94	1263.90
699.13	1266.79
699.32	1257.92
699.52	1258.01
699.71	1257.94
699.90	1258.13
700.09	1265.07
700.29	1250.71
700.48	1254.20
700.67	1257.41
700.86	1260.46
701.06	1259.46
701.25	1261.10
701.44	1258.27
701.63	1264.60
701.83	1264.48
702.02	1251.60
702.21	1268.02
702.40	1257.90
702.60	1261.67
702.79	1257.51
702.98	1261.20
703.17	1254.97
703.37	1266.46
703.56	1250.20
703.75	1263.17
703.94	1260.26
704.13	1260.65
704.33	1257.27
704.52	1260.57
704.71	1255.20
704.90	1264.35
705.10	1255.20
705.29	1264.13
705.48	1255.38
705.67	1258.01
705.86	1253.62
706.06	1265.71
706.25	1254.18
706.44	1266.85
706.63	1257.45
706.83	1259.85
707.02	1255.30
707.21	1256.29
707.40	1253.36
707.59	1259.97
707.79	1256.33
707.98	1259.85
708.17	1271.91
708.36	1263.02
708.55	1262.53
708.75	1261.14
708.94	1251.06
709.13	1265.40
709.32	1252.56
709.51	1263.41
709.71	1260.03
709.90	1263.54
710.09	1258.39
710.28	1263.84
710.47	1253.75
710.66	1264.40
710.86	1256.02
711.05	1262.33
711.24	1254.83
711.43	1256.88
711.62	1253.23
711.82	1260.83
712.01	1256.53
712.20	1261.22
712.39	1252.56
712.58	1264.48
712.77	1248.16
712.97	1265.52
713.16	1257.23
713.35	1269.06
713.54	1254.20
713.73	1265.30
713.92	1256.84
714.11	1258.89
714.31	1260.30
714.50	1270.91
714.69	1255.88
714.88	1261.86
715.07	1252.62
715.26	1264.07
715.46	1257.33
715.65	1258.85
715.84	1259.91
716.03	1262.80
716.22	1248.75
716.41	1267.67
716.60	1255.92
716.80	1259.75
716.99	1263.41
717.18	1260.05
717.37	1260.93
717.56	1263.33
717.75	1250.39
717.94	1259.54
718.13	1253.19
718.33	1258.27
718.52	1259.97
718.71	1261.41
718.90	1258.23
719.09	1262.02
719.28	1257.04
719.47	1265.95
719.66	1255.36
719.85	1264.42
720.05	1258.33
720.24	1266.34
720.43	1264.52
720.62	1260.57
720.81	1261.67
721.00	1261.04
721.19	1256.55
721.38	1267.80
721.57	1251.19
721.77	1264.21
721.96	1255.96
722.15	1262.92
722.34	1256.10
722.53	1264.83
722.72	1253.56
722.91	1262.63
723.10	1255.47
723.29	1262.84
723.48	1251.53
723.67	1266.01
723.87	1264.62
724.06	1264.07
724.25	1262.88
724.44	1263.25
724.63	1253.21
724.82	1262.35
725.01	1255.71
725.20	1266.14
725.39	1255.86
725.58	1265.46
725.77	1258.23
725.96	1262.27
726.15	1263.45
726.34	1265.40
726.54	1249.85
726.73	1258.31
726.92	1253.75
727.11	1261.77
727.30	1261.30
727.49	1259.79
727.68	1250.28
727.87	1265.73
728.06	1254.91
728.25	1261.57
728.44	1260.73
728.63	1257.76
728.82	1258.76
729.01	1260.71
729.20	1256.00
729.39	1263.78
729.58	1253.42
729.77	1272.57
729.96	1257.74
730.15	1263.35
730.34	1253.99
730.53	1261.92
730.73	1262.35
730.92	1265.60
731.11	1254.93
731.30	1264.81
731.49	1258.37
731.68	1263.84
731.87	1259.03
732.06	1266.14
732.25	1261.06
732.44	1273.37
732.63	1257.29
732.82	1264.54
733.01	1258.48
733.20	1257.64
733.39	1260.34
733.58	1265.30
733.77	1254.09
733.96	1271.28
734.15	1256.96
734.34	1259.56
734.53	1261.86
734.72	1266.89
734.91	1259.93
735.10	1269.78
735.29	1256.20
735.48	1271.11
735.67	1254.11
735.86	1269.86
736.05	1264.07
736.24	1266.85
736.43	1258.87
736.62	1263.90
736.81	1255.79
737.00	1277.05
737.19	1255.61
737.38	1265.81
737.57	1261.55
737.76	1269.06
737.95	1262.43
738.14	1273.90
738.33	1264.54
738.51	1261.12
738.70	1254.83
738.89	1268.72
739.08	1259.34
739.27	1266.75
739.46	1260.63
739.65	1267.22
739.84	1257.35
740.03	1268.76
740.22	1265.30
740.41	1270.50
740.60	1264.25
740.79	1262.63
740.98	1257.66
741.17	1263.84
741.36	1255.02
741.55	1267.16
741.74	1259.54
741.93	1271.83
742.12	1258.21
742.31	1263.47
742.50	1258.68
742.68	1261.55
742.87	1267.26
743.06	1266.81
743.25	1259.34
743.44	1262.31
743.63	1252.52
743.82	1267.73
744.01	1263.19
744.20	1259.97
744.39	1265.60
744.58	1266.87
744.77	1263.21
744.96	1265.07
745.14	1264.64
745.33	1258.93
745.52	1258.56
745.71	1262.63
745.90	1261.53
746.09	1264.56
746.28	1259.28
746.47	1265.34
746.66	1256.53
746.85	1263.35
747.04	1259.11
747.22	1253.66
747.41	1252.01
747.60	1262.96
747.79	1265.93
747.98	1265.32
748.17	1249.49
748.36	1262.41
748.55	1256.49
748.74	1259.21
748.93	1255.22
749.11	1263.86
749.30	1250.96
749.49	1257.15
749.68	1254.24
749.87	1260.65
750.06	1252.82
750.25	1268.78
750.44	1256.24
750.62	1261.75
750.81	1255.00
751.00	1264.93
751.19	1257.49
751.38	1268.72
751.57	1248.69
751.76	1264.97
751.95	1252.31
752.13	1261.00
752.32	1258.25
752.51	1264.46
752.70	1254.57
752.89	1267.98
753.08	1261.84
753.27	1263.56
753.45	1251.23
753.64	1262.45
753.83	1262.68
754.02	1256.47
754.21	1252.48
754.40	1256.55
754.58	1252.44
754.77	1257.80
754.96	1256.35
755.15	1263.72
755.34	1257.88
755.53	1263.04
755.71	1254.95
755.90	1261.36
756.09	1257.70
756.28	1257.25
756.47	1254.36
756.66	1260.38
756.84	1260.32
757.03	1253.01
757.22	1256.92
757.41	1257.90
757.60	1254.59
757.79	1268.45
757.97	1250.06
758.16	1258.58
758.35	1252.95
758.54	1271.83
758.73	1252.31
758.91	1270.03
759.10	1255.88
759.29	1257.82
759.48	1251.60
759.67	1263.94
759.85	1260.73
760.04	1260.59
760.23	1249.67
760.42	1261.04
760.61	1257.92
760.79	1257.37
760.98	1252.15
761.17	1261.00
761.36	1256.86
761.55	1260.30
761.73	1248.09
761.92	1260.91
762.11	1257.23
762.30	1264.72
762.49	1258.56
762.67	1260.09
762.86	1257.66
763.05	1256.72
763.24	1246.86
763.42	1262.84
763.61	1251.49
763.80	1256.41
763.99	1257.00
764.17	1260.75
764.36	1253.60
764.55	1259.85
764.74	1256.63
764.92	1269.84
765.11	1260.67
765.30	1256.59
765.49	1254.69
765.68	1266.83
765.86	1252.29
766.05	1260.01
766.24	1255.47
766.43	1256.86
766.61	1251.86
766.80	1260.44
766.99	1257.74
767.17	1261.45
767.36	1260.32
767.55	1260.65
767.74	1257.84
767.92	1266.36
768.11	1257.60
768.30	1261.32
768.49	1266.03
768.67	1260.98
768.86	1257.90
769.05	1260.67
769.24	1262.98
769.42	1264.93
769.61	1253.54
769.80	1261.79
769.98	1254.01
770.17	1265.42
770.36	1260.36
770.55	1258.19
770.73	1257.90
770.92	1261.63
771.11	1255.20
771.29	1263.04
771.48	1255.92
771.67	1255.83
771.86	1252.13
772.04	1266.55
772.23	1251.12
772.42	1259.93
772.60	1264.13
772.79	1260.28
772.98	1253.81
773.16	1264.17
773.35	1250.80
773.54	1261.61
773.72	1262.53
773.91	1254.28
774.10	1257.70
774.29	1263.19
774.47	1257.56
774.66	1261.08
774.85	1256.35
775.03	1258.93
775.22	1257.86
775.41	1256.94
775.59	1256.00
775.78	1259.66
775.97	1252.80
776.15	1259.11
776.34	1252.25
776.53	1263.37
776.71	1261.45
776.90	1259.34
777.09	1257.53
777.27	1264.05
777.46	1253.38
777.65	1259.91
777.83	1253.71
778.02	1258.11
778.21	1261.12
778.39	1260.83
778.58	1254.81
778.76	1264.64
778.95	1250.10
779.14	1267.22
779.32	1251.74
779.51	1266.10
779.70	1255.88
779.88	1255.98
780.07	1257.84
780.26	1258.44
780.44	1260.34
780.63	1266.79
780.81	1252.66
781.00	1260.05
781.19	1249.94
781.37	1262.63
781.56	1259.60
781.75	1251.17
781.93	1253.87
782.12	1269.23
782.30	1249.34
782.49	1254.67
782.68	1249.59
782.86	1268.20
783.05	1250.86
783.23	1259.93
783.42	1252.80
783.61	1254.36
783.79	1252.15
783.98	1258.93
784.16	1264.35
784.35	1260.63
784.54	1254.57
784.72	1262.65
784.91	1251.04
785.09	1262.53
785.28	1252.31
785.47	1252.91
785.65	1260.26
785.84	1261.16
786.02	1258.35
786.21	1261.90
786.40	1249.34
786.58	1259.77
786.77	1253.25
786.95	1258.46
787.14	1264.40
787.32	1262.14
787.51	1262.02
787.70	1263.76
787.88	1259.81
788.07	1262.90
788.25	1255.65
788.44	1259.79
788.62	1247.52
788.81	1263.31
789.00	1254.46
789.18	1260.63
789.37	1255.08
789.55	1262.80
789.74	1250.16
789.92	1257.04
790.11	1248.79
790.29	1262.31
790.48	1256.14
790.67	1261.90
790.85	1254.07
791.04	1260.38
791.22	1252.01
791.41	1254.67
791.59	1256.61
791.78	1259.40
791.96	1252.23
792.15	1253.54
792.33	1255.81
792.52	1259.09
792.70	1252.54
792.89	1263.56
793.07	1252.01
793.26	1263.31
793.45	1257.58
793.63	1262.45
793.82	1258.27
794.00	1262.45
794.19	1260.26
794.37	1261.86
794.56	1254.30
794.74	1262.06
794.93	1254.61
795.11	1257.62
795.30	1259.21
795.48	1251.47
795.67	1246.60
795.85	1261.26
796.04	1252.64
796.22	1253.71
796.41	1252.52
796.59	1256.43
796.78	1249.90
796.96	1254.63
797.15	1260.71
797.33	1259.83
797.52	1251.68
797.70	1260.32
797.89	1244.37
798.07	1264.97
798.26	1255.96
798.44	1255.53
798.63	1248.22
798.81	1259.71
798.99	1255.47
799.18	1263.43
799.36	1253.09
799.55	1264.97
799.73	1255.57
799.92	1263.74
800.10	1255.00
800.29	1260.38
800.47	1249.30
800.66	1264.50
800.84	1251.66
801.03	1257.90
801.21	1255.94
801.39	1266.50
801.58	1257.17
801.76	1264.33
801.95	1257.84
802.13	1260.69
802.32	1249.53
802.50	1260.32
802.69	1255.55
802.87	1256.49
803.06	1256.67
803.24	1253.17
803.42	1255.71
803.61	1267.59
803.79	1259.95
803.98	1263.45
804.16	1253.89
804.35	1256.47
804.53	1261.20
804.71	1261.71
804.90	1256.24
805.08	1257.47
805.27	1256.22
805.45	1258.21
805.63	1251.66
805.82	1261.18
806.00	1247.27
806.19	1257.21
806.37	1253.34
806.56	1262.16
806.74	1257.60
806.92	1257.70
807.11	1248.24
807.29	1259.50
807.48	1254.75
807.66	1254.44
807.84	1252.87
808.03	1257.33
808.21	1251.78
808.40	1256.51
808.58	1251.33
808.76	1264.35
808.95	1255.98
809.13	1266.83
809.32	1249.40
809.50	1263.39
809.68	1249.16
809.87	1262.18
810.05	1257.56
810.23	1258.56
810.42	1253.91
810.60	1256.10
810.79	1254.93
810.97	1263.35
811.15	1258.05
811.34	1263.51
811.52	1262.82
811.70	1256.08
811.89	1260.09
812.07	1262.86
812.25	1259.48
812.44	1260.57
812.62	1246.89
812.81	1261.53
812.99	1255.88
813.17	1251.43
813.36	1249.94
813.54	1256.10
813.72	1253.99
813.91	1269.35
814.09	1255.18
814.27	1258.31
814.46	1254.61
814.64	1252.82
814.82	1258.33
815.01	1258.11
815.19	1253.64
815.37	1259.34
815.56	1265.75
815.74	1268.43
815.92	1250.78
816.11	1263.56
816.29	1257.43
816.47	1261.38
816.66	1251.12
816.84	1262.82
817.02	1255.08
817.21	1257.78
817.39	1254.85
817.57	1257.25
817.76	1255.32
817.94	1261.51
818.12	1253.93
818.30	1258.58
818.49	1250.24
818.67	1259.28
818.85	1251.49
819.04	1257.66
819.22	1249.85
819.40	1259.87
819.59	1253.62
819.77	1262.04
819.95	1259.71
820.13	1262.12
820.32	1250.00
820.50	1260.85
820.68	1258.11
820.87	1255.77
821.05	1256.39
821.23	1255.81
821.41	1251.90
821.60	1264.23
821.78	1255.71
821.96	1263.25
822.14	1250.69
822.33	1258.15
822.51	1257.99
822.69	1261.73
822.88	1260.26
823.06	1257.43
823.24	1252.48
823.42	1254.50
823.61	1253.56
823.79	1266.01
823.97	1254.46
824.15	1261.94
824.34	1250.26
824.52	1264.93
824.70	1253.83
824.88	1258.05
825.07	1247.40
825.25	1260.98
825.43	1249.36
825.61	1261.36
825.80	1255.10
825.98	1259.62
826.16	1255.55
826.34	1257.56
826.53	1255.53
826.71	1261.84
826.89	1254.32
827.07	1254.38
827.25	1253.95
827.44	1269.74
827.62	1249.67
827.80	1258.33
827.98	1261.16
828.17	1255.96
828.35	1260.24
828.53	1264.81
828.71	1260.36
828.89	1258.93
829.08	1255.90
829.26	1258.74
829.44	1259.30
829.62	1257.49
829.80	1248.22
829.99	1265.64
830.17	1250.33
830.35	1257.60
830.53	1252.70
830.71	1259.11
830.90	1257.88
831.08	1256.08
831.26	1253.68
831.44	1262.02
831.62	1255.86
831.81	1252.23
831.99	1257.70
832.17	1260.09
832.35	1257.60
832.53	1257.99
832.71	1253.07
832.90	1260.57
833.08	1245.82
833.26	1254.50
833.44	1257.64
833.62	1264.56
833.81	1255.34
833.99	1255.75
834.17	1246.66
834.35	1258.17
834.53	1252.15
834.71	1260.05
834.89	1251.70
835.08	1261.12
835.26	1253.99
835.44	1269.17
835.62	1250.26
835.80	1265.09
835.98	1255.77
836.17	1260.95
836.35	1249.85
836.53	1261.32
836.71	1261.75
836.89	1258.01
837.07	1249.16
837.25	1262.10
837.44	1251.23
837.62	1264.52
837.80	1251.47
837.98	1258.17
838.16	1253.93
838.34	1263.49
838.52	1254.09
838.70	1266.55
838.89	1254.18
839.07	1269.66
839.25	1250.69
839.43	1264.76
839.61	1251.00
839.79	1262.27
839.97	1263.74
840.15	1267.73
840.33	1251.78
840.52	1266.65
840.70	1254.01
840.88	1268.20
841.06	1246.52
841.24	1266.36
841.42	1257.62
841.60	1265.21
841.78	1256.98
841.96	1258.48
842.14	1263.19
842.33	1254.01
842.51	1248.16
842.69	1260.65
842.87	1254.54
843.05	1262.98
843.23	1253.46
843.41	1268.14
843.59	1255.20
843.77	1258.39
843.95	1252.54
844.13	1259.23
844.31	1259.21
844.49	1256.08
844.68	1253.89
844.86	1257.47
845.04	1248.77
845.22	1261.10
845.40	1255.24
845.58	1259.28
845.76	1254.67
845.94	1256.35
846.12	1246.82
846.30	1262.31
846.48	1255.86
846.66	1263.56
846.84	1252.27
847.02	1262.08
847.20	1253.73
847.38	1260.65
847.56	1253.23
847.74	1261.51
847.92	1261.41
848.11	1257.60
848.29	1260.79
848.47	1263.64
848.65	1256.43
848.83	1260.24
849.01	1252.17
849.19	1258.99
849.37	1257.84
849.55	1262.94
849.73	1248.24
849.91	1258.42
850.09	1258.89
850.27	1265.30
850.45	1256.90
850.63	1259.69
850.81	1250.35
850.99	1255.79
851.17	1256.70
851.35	1259.60
851.53	1251.53
851.71	1260.05
851.89	1255.98
852.07	1258.95
852.25	1262.29
852.43	1261.34
852.61	1255.49
852.79	1261.65
852.97	1258.23
853.15	1258.21
853.33	1260.36
853.51	1256.78
853.69	1250.74
853.87	1262.78
854.05	1256.92
854.23	1254.32
854.41	1252.01
854.59	1265.24
854.77	1253.93
854.95	1257.88
855.13	1256.02
855.31	1258.48
855.49	1258.97
855.67	1253.99
855.84	1251.45
856.02	1260.05
856.20	1255.49
856.38	1261.16
856.56	1256.98
856.74	1262.55
856.92	1260.16
857.10	1257.80
857.28	1250.88
857.46	1253.95
857.64	1249.55
857.82	1265.15
858.00	1252.41
858.18	1259.75
858.36	1251.43
858.54	1251.55
858.72	1254.69
858.90	1257.33
859.08	1250.41
859.25	1262.57
859.43	1250.59
859.61	1259.36
859.79	1252.66
859.97	1253.85
860.15	1253.66
860.33	1257.68
860.51	1261.14
860.69	1256.20
860.87	1249.20
861.05	1255.34
861.23	1261.55
861.41	1262.96
861.58	1253.83
861.76	1256.82
861.94	1256.06
862.12	1257.72
862.30	1257.08
862.48	1255.73
862.66	1254.16
862.84	1261.81
863.02	1258.01
863.20	1258.01
863.37	1254.91
863.55	1261.65
863.73	1256.37
863.91	1259.38
864.09	1251.82
864.27	1265.34
864.45	1261.92
864.63	1258.62
864.80	1252.35
864.98	1261.14
865.16	1261.04
865.34	1257.25
865.52	1251.06
865.70	1260.42
865.88	1256.12
866.06	1268.86
866.23	1257.13
866.41	1262.80
866.59	1248.22
866.77	1263.37
866.95	1247.29
867.13	1261.90
867.31	1251.72
867.48	1261.90
867.66	1257.53
867.84	1253.95
868.02	1256.12
868.20	1265.83
868.38	1256.63
868.56	1262.57
868.73	1250.39
868.91	1264.70
869.09	1259.38
869.27	1264.48
869.45	1257.23
869.63	1263.45
869.80	1258.23
869.98	1256.00
870.16	1253.09
870.34	1255.53
870.52	1262.51
870.70	1258.76
870.87	1253.60
871.05	1262.82
871.23	1262.06
871.41	1256.59
871.59	1249.22
871.76	1253.58
871.94	1255.96
872.12	1258.64
872.30	1252.17
872.48	1263.27
872.65	1258.82
872.83	1262.74
873.01	1255.45
873.19	1258.44
873.37	1254.52
873.54	1259.69
873.72	1253.93
873.90	1258.91
874.08	1259.03
874.26	1258.29
874.43	1259.46
874.61	1262.22
874.79	1252.54
874.97	1258.29
875.15	1255.75
875.32	1266.26
875.50	1255.26
875.68	1263.17
875.86	1259.13
876.03	1252.78
876.21	1254.32
876.39	1261.55
876.57	1255.38
876.74	1262.96
876.92	1258.44
877.10	1264.21
877.28	1256.72
877.45	1260.46
877.63	1253.40
877.81	1260.69
877.99	1256.51
878.17	1260.69
878.34	1253.03
878.52	1263.51
878.70	1254.28
878.87	1262.76
879.05	1243.06
879.23	1253.19
879.41	1258.54
879.58	1260.26
879.76	1252.74
879.94	1260.30
880.12	1255.59
880.29	1267.28
880.47	1244.16
880.65	1263.90
880.83	1255.24
881.00	1255.40
881.18	1255.34
881.36	1255.86
881.53	1254.18
881.71	1257.74
881.89	1250.26
882.07	1262.27
882.24	1252.44
882.42	1260.03
882.60	1253.36
882.77	1255.08
882.95	1249.36
883.13	1255.00
883.30	1254.18
883.48	1256.20
883.66	1255.63
883.84	1264.37
884.01	1252.60
884.19	1260.85
884.37	1253.21
884.54	1263.68
884.72	1259.73
884.90	1263.25
885.07	1257.04
885.25	1262.16
885.43	1261.36
885.60	1263.84
885.78	1258.11
885.96	1255.71
886.13	1252.44
886.31	1249.81
886.49	1259.03
886.66	1263.31
886.84	1261.96
887.02	1258.52
887.19	1246.05
887.37	1258.25
887.55	1254.67
887.72	1259.09
887.90	1254.14
888.08	1262.04
888.25	1251.29
888.43	1255.22
888.61	1253.13
888.78	1260.44
888.96	1258.89
889.14	1258.97
889.31	1256.08
889.49	1259.21
889.67	1256.39
889.84	1266.16
890.02	1249.51
890.19	1257.88
890.37	1256.88
890.55	1267.08
890.72	1256.29
890.90	1259.73
891.08	1250.20
891.25	1260.95
891.43	1257.35
891.60	1249.08
891.78	1261.86
891.96	1262.98
892.13	1255.88
892.31	1263.90
892.48	1251.70
892.66	1268.59
892.84	1251.19
893.01	1268.08
893.19	1255.73
893.36	1263.15
893.54	1252.97
893.72	1258.56
893.89	1256.12
894.07	1264.29
894.24	1254.95
894.42	1266.81
894.60	1261.63
894.77	1258.74
894.95	1252.99
895.12	1265.46
895.30	1257.31
895.48	1258.62
895.65	1250.41
895.83	1266.14
896.00	1251.96
896.18	1255.59
896.35	1253.15
896.53	1259.54
896.71	1258.31
896.88	1267.10
897.06	1254.97
897.23	1260.77
897.41	1253.38
897.58	1258.07
897.76	1250.24
897.93	1257.53
898.11	1257.31
898.29	1259.58
898.46	1249.45
898.64	1260.40
898.81	1252.21
898.99	1266.87
899.16	1249.47
899.34	1258.80
899.51	1251.86
899.69	1261.86
899.86	1257.25
900.04	1253.15
900.21	1258.72
900.39	1263.27
900.57	1253.36
900.74	1264.33
900.92	1251.19
901.09	1262.65
901.27	1246.39
901.44	1257.72
901.62	1250.31
901.79	1259.44
901.97	1251.78
902.14	1253.62
902.32	1262.68
902.49	1268.02
902.67	1256.35
902.84	1260.34
903.02	1254.01
903.19	1266.77
903.37	1257.82
903.54	1260.20
903.72	1250.90
903.89	1260.83
904.07	1250.98
904.24	1256.14
904.42	1256.61
904.59	1257.51
904.77	1252.93
904.94	1261.79
905.12	1253.17
905.29	1258.27
905.47	1255.28
905.64	1261.55
905.82	1256.65
905.99	1259.83
906.16	1256.72
906.34	1267.65
906.51	1254.32
906.69	1259.73
906.86	1246.11
907.04	1259.50
907.21	1255.49
907.39	1262.18
907.56	1255.73
907.74	1266.96
907.91	1256.80
908.09	1256.08
908.26	1260.61
908.43	1263.25
908.61	1257.94
908.78	1258.68
908.96	1255.30
909.13	1260.95
909.31	1255.38
909.48	1254.40
909.65	1259.30
909.83	1264.40
910.00	1257.60
910.18	1257.76
910.35	1255.96
910.53	1258.29
910.70	1252.46
910.87	1265.58
911.05	1252.58
911.22	1251.04
911.40	1248.77
911.57	1258.60
911.75	1264.44
911.92	1257.47
912.09	1251.15
912.27	1253.83
912.44	1257.86
912.62	1259.38
912.79	1249.49
912.96	1262.20
913.14	1259.97
913.31	1257.74
913.49	1255.63
913.66	1260.81
913.83	1256.94
914.01	1255.22
914.18	1263.49
914.36	1257.08
914.53	1247.27
914.70	1270.07
914.88	1254.16
915.05	1262.10
915.22	1258.29
915.40	1267.69
915.57	1251.41
915.75	1258.99
915.92	1247.15
916.09	1257.41
916.27	1258.60
916.44	1262.63
916.61	1250.76
916.79	1260.93
916.96	1255.77
917.13	1260.44
917.31	1258.11
917.48	1267.39
917.66	1253.11
917.83	1262.31
918.00	1255.83
918.18	1264.93
918.35	1260.50
918.52	1256.65
918.70	1249.20
918.87	1256.63
919.04	1253.99
919.22	1265.05
919.39	1254.54
919.56	1257.86
919.74	1252.56
919.91	1265.81
920.08	1256.12
920.26	1253.07
920.43	1260.91
920.60	1267.61
920.78	1253.03
920.95	1260.71
921.12	1257.29
921.29	1260.03
921.47	1254.46
921.64	1254.11
921.81	1249.98
921.99	1263.82
922.16	1249.10
922.33	1268.23
922.51	1260.50
922.68	1264.50
922.85	1258.21
923.03	1262.63
923.20	1254.57
923.37	1260.16
923.54	1251.33
923.72	1264.70
923.89	1254.20
924.06	1264.35
924.24	1249.83
924.41	1260.65
924.58	1257.02
924.75	1255.36
924.93	1255.30
925.10	1256.67
925.27	1253.13
925.44	1271.67
925.62	1253.60
925.79	1262.90
925.96	1259.75
926.14	1259.64
926.31	1257.84
926.48	1260.20
926.65	1255.40
926.83	1261.02
927.00	1250.69
927.17	1260.93
927.34	1251.86
927.52	1257.60
927.69	1254.48
927.86	1261.36
928.03	1251.33
928.21	1257.10
928.38	1256.43
928.55	1254.42
928.72	1256.80
928.89	1258.78
929.07	1255.88
929.24	1259.73
929.41	1248.61
929.58	1254.69
929.76	1249.65
929.93	1262.29
930.10	1255.96
930.27	1259.09
930.44	1259.66
930.62	1259.99
930.79	1251.86
930.96	1264.68
931.13	1251.98
931.31	1257.37
931.48	1246.50
931.65	1257.21
931.82	1252.72
931.99	1257.27
932.17	1256.10
932.34	1256.61
932.51	1257.23
932.68	1258.29
932.85	1256.26
933.03	1255.45
933.20	1254.73
933.37	1263.15
933.54	1258.07
933.71	1262.94
933.88	1255.08
934.06	1257.35
934.23	1253.38
934.40	1260.48
934.57	1256.65
934.74	1271.22
934.91	1253.97
935.09	1258.82
935.26	1255.18
935.43	1264.72
935.60	1251.29
935.77	1262.82
935.94	1252.62
936.12	1264.46
936.29	1248.22
936.46	1257.58
936.63	1260.85
936.80	1270.01
936.97	1254.14
937.14	1259.30
937.32	1254.71
937.49	1260.52
937.66	1249.77
937.83	1259.11
938.00	1252.89
938.17	1263.13
938.34	1252.07
938.52	1265.13
938.69	1252.46
938.86	1263.58
939.03	1252.52
939.20	1254.63
939.37	1253.42
939.54	1258.33
939.71	1253.03
939.89	1265.17
940.06	1254.95
940.23	1261.20
940.40	1257.78
940.57	1263.54
940.74	1256.63
940.91	1258.29
941.08	1250.20
941.25	1253.68
941.43	1253.07
941.60	1256.39
941.77	1249.94
941.94	1263.31
942.11	1251.17
942.28	1268.33
942.45	1253.66
942.62	1257.49
942.79	1251.19
942.96	1253.48
943.13	1262.55
943.30	1257.70
943.48	1253.38
943.65	1261.06
943.82	1257.66
943.99	1269.99
944.16	1260.87
944.33	1258.66
944.50	1251.64
944.67	1260.61
944.84	1246.72
945.01	1255.73
945.18	1258.09
945.35	1263.94
945.52	1252.50
945.69	1254.20
945.86	1260.32
946.03	1266.73
946.21	1259.81
946.38	1261.12
946.55	1256.70
946.72	1257.92
946.89	1250.45
947.06	1259.56
947.23	1255.00
947.40	1259.56
947.57	1250.35
947.74	1255.75
947.91	1248.24
948.08	1261.18
948.25	1253.38
948.42	1258.52
948.59	1256.22
948.76	1259.46
948.93	1256.33
949.10	1262.12
949.27	1254.42
949.44	1255.79
949.61	1253.05
949.78	1260.85
949.95	1263.37
950.12	1263.72
950.29	1249.22
950.46	1264.29
950.63	1250.84
950.80	1260.93
950.97	1255.83
951.14	1261.51
951.31	1251.31
951.48	1258.44
951.65	1253.73
951.82	1256.04
951.99	1254.69
952.16	1260.48
952.33	1258.23
952.50	1260.91
952.67	1253.66
952.84	1262.98
953.01	1248.73
953.18	1253.38
953.35	1254.59
953.52	1255.81
953.69	1248.11
953.86	1257.25
954.03	1252.72
954.20	1262.06
954.37	1254.93
954.54	1261.26
954.70	1253.09
954.87	1258.70
955.04	1250.43
955.21	1254.07
955.38	1258.37
955.55	1263.08
955.72	1255.94
955.89	1257.56
956.06	1252.19
956.23	1264.27
956.40	1254.75
956.57	1259.11
956.74	1253.52
956.91	1260.67
957.08	1252.70
957.25	1253.79
957.41	1259.50
957.58	1264.68
957.75	1248.13
957.92	1261.51
958.09	1255.92
958.26	1256.63
958.43	1261.20
958.60	1265.36
958.77	1256.80
958.94	1257.82
959.11	1253.77
959.27	1259.28
959.44	1258.64
959.61	1261.04
959.78	1253.50
959.95	1261.32
960.12	1253.81
960.29	1267.80
960.46	1248.03
960.63	1266.14
960.80	1250.04
960.96	1262.22
961.13	1253.34
961.30	1258.31
961.47	1256.37
961.64	1263.15
961.81	1251.68
961.98	1263.47
962.15	1252.93
962.31	1260.30
962.48	1253.32
962.65	1259.77
962.82	1251.78
962.99	1256.53
963.16	1254.42
963.33	1262.41
963.49	1249.92
963.66	1258.31
963.83	1255.57
964.00	1257.80
964.17	1250.28
964.34	1260.36
964.51	1255.59
964.67	1262.84
964.84	1257.99
965.01	1278.16
965.18	1255.67
965.35	1260.14
965.52	1255.20
965.68	1258.70
965.85	1253.17
966.02	1255.88
966.19	1253.03
966.36	1252.54
966.52	1248.42
966.69	1263.43
966.86	1243.14
967.03	1261.12
967.20	1252.80
967.37	1259.07
967.53	1257.80
967.70	1258.25
967.87	1252.15
968.04	1255.53
968.21	1259.50
968.37	1260.14
968.54	1250.35
968.71	1253.89
968.88	1255.24
969.05	1250.78
969.21	1252.27
969.38	1261.06
969.55	1252.56
969.72	1268.76
969.89	1252.31
970.05	1261.53
970.22	1253.56
970.39	1259.15
970.56	1254.03
970.72	1258.54
970.89	1256.84
971.06	1263.62
971.23	1255.45
971.39	1263.27
971.56	1260.93
971.73	1263.02
971.90	1255.71
972.07	1255.32
972.23	1249.79
972.40	1257.00
972.57	1254.44
972.74	1268.82
972.90	1261.20
973.07	1269.31
973.24	1255.36
973.40	1260.69
973.57	1260.14
973.74	1260.22
973.91	1254.91
974.07	1264.89
974.24	1259.42
974.41	1265.17
974.58	1250.61
974.74	1259.66
974.91	1262.70
975.08	1251.62
975.25	1256.29
975.41	1265.01
975.58	1247.64
975.75	1254.95
975.91	1248.71
976.08	1264.07
976.25	1254.67
976.42	1256.82
976.58	1257.43
976.75	1257.00
976.92	1251.47
977.08	1265.44
977.25	1255.28
977.42	1255.81
977.58	1253.62
977.75	1258.09
977.92	1256.35
978.08	1260.63
978.25	1255.10
978.42	1260.89
978.59	1250.90
978.75	1257.47
978.92	1256.39
979.09	1259.83
979.25	1255.83
979.42	1264.68
979.59	1249.20
979.75	1256.98
979.92	1251.68
980.09	1259.26
980.25	1254.24
980.42	1264.42
980.59	1256.57
980.75	1260.32
980.92	1254.26
981.09	1263.35
981.25	1243.69
981.42	1261.45
981.59	1258.29
981.75	1261.08
981.92	1258.11
982.08	1254.65
982.25	1259.15
982.42	1259.01
982.58	1254.87
982.75	1260.89
982.92	1252.21
983.08	1260.55
983.25	1248.48
983.42	1252.70
983.58	1255.57
983.75	1256.02
983.91	1251.33
984.08	1257.60
984.25	1255.96
984.41	1255.88
984.58	1250.37
984.74	1261.47
984.91	1249.65
985.08	1258.13
985.24	1250.20
985.41	1263.37
985.57	1254.67
985.74	1261.69
985.91	1255.69
986.07	1267.59
986.24	1249.12
986.40	1264.89
986.57	1254.20
986.74	1258.11
986.90	1256.51
987.07	1258.72
987.23	1250.86
987.40	1262.55
987.57	1261.84
987.73	1262.41
987.90	1254.46
988.06	1265.21
988.23	1257.60
988.39	1267.73
988.56	1252.64
988.73	1261.36
988.89	1250.98
989.06	1257.39
989.22	1255.67
989.39	1261.49
989.55	1256.88
989.72	1254.67
989.88	1255.47
990.05	1258.07
990.22	1254.03
990.38	1264.83
990.55	1251.29
990.71	1261.71
990.88	1256.57
991.04	1267.39
991.21	1253.79
991.37	1258.58
991.54	1255.47
991.70	1259.58
991.87	1249.67
992.03	1263.88
992.20	1258.87
992.36	1264.74
992.53	1248.93
992.69	1256.80
992.86	1255.53
993.03	1263.00
993.19	1254.22
993.36	1262.53
993.52	1256.59
993.69	1255.16
993.85	1249.18
994.02	1260.93
994.18	1251.88
994.35	1261.49
994.51	1254.59
994.68	1264.62
994.84	1255.88
995.01	1262.43
995.17	1250.78
995.34	1259.54
995.50	1251.94
995.66	1269.64
995.83	1251.25
995.99	1260.36
996.16	1258.85
996.32	1262.88
996.49	1257.51
996.65	1264.89
996.82	1252.25
996.98	1268.43
997.15	1249.71
997.31	1255.57
997.48	1257.88
997.64	1264.50
997.81	1244.39
997.97	1263.06
998.13	1247.07
998.30	1252.62
998.46	1250.57
998.63	1258.54
998.79	1250.69
998.96	1256.29
999.12	1254.44
999.29	1256.98
999.45	1258.74
999.61	1263.17
999.78	1257.62
999.94	1252.76
1000.11	1250.08
1000.27	1260.50
1000.44	1256.43
1000.60	1260.71
1000.76	1248.75
1000.93	1260.16
1001.09	1250.26
1001.26	1259.34
1001.42	1256.86
1001.59	1264.56
1001.75	1256.70
1001.91	1260.95
1002.08	1253.15
1002.24	1262.74
1002.41	1247.60
1002.57	1268.45
1002.73	1253.11
1002.90	1260.69
1003.06	1253.77
1003.23	1258.39
1003.39	1256.04
1003.55	1258.76
1003.72	1255.28
1003.88	1261.71
1004.04	1252.31
1004.21	1254.07
1004.37	1253.36
1004.54	1259.79
1004.70	1251.39
1004.86	1261.65
1005.03	1261.43
1005.19	1258.91
1005.35	1257.68
1005.52	1265.69
1005.68	1251.35
1005.85	1260.26
1006.01	1250.80
1006.17	1261.32
1006.34	1258.52
1006.50	1257.76
1006.66	1249.24
1006.83	1261.16
1006.99	1243.24
1007.15	1258.70
1007.32	1255.73
1007.48	1259.66
1007.64	1249.90
1007.81	1262.43
1007.97	1257.74
1008.13	1263.08
1008.30	1255.53
1008.46	1258.95
1008.62	1250.18
1008.79	1260.65
1008.95	1258.33
1009.11	1256.53
1009.28	1248.71
1009.44	1263.80
1009.60	1254.40
1009.77	1256.70
1009.93	1254.09
1010.09	1258.91
1010.25	1260.52
1010.42	1257.72
1010.58	1257.39
1010.74	1255.63
1010.91	1251.74
1011.07	1263.13
1011.23	1255.83
1011.40	1257.53
1011.56	1256.72
1011.72	1261.06
1011.88	1256.63
1012.05	1256.67
1012.21	1249.73
1012.37	1265.69
1012.54	1253.32
1012.70	1263.66
1012.86	1258.54
1013.02	1262.14
1013.19	1252.80
1013.35	1258.82
1013.51	1258.52
1013.67	1261.90
1013.84	1260.20
1014.00	1257.99
1014.16	1263.35
1014.33	1265.91
1014.49	1253.64
1014.65	1261.49
1014.81	1254.75
1014.98	1264.33
1015.14	1256.90
1015.30	1263.00
1015.46	1258.03
1015.62	1265.07
1015.79	1252.23
1015.95	1263.00
1016.11	1262.78
1016.27	1255.96
1016.44	1254.16
1016.60	1263.06
1016.76	1249.32
1016.92	1261.67
1017.09	1249.83
1017.25	1264.15
1017.41	1255.59
1017.57	1265.32
1017.73	1252.15
1017.90	1260.95
1018.06	1248.97
1018.22	1254.01
1018.38	1255.43
1018.54	1252.52
1018.71	1245.74
1018.87	1256.70
1019.03	1255.92
1019.19	1258.29
1019.35	1253.23
1019.52	1254.73
1019.68	1257.15
1019.84	1266.03
1020.00	1259.01
1020.16	1259.13
1020.33	1246.11
1020.49	1259.30
1020.65	1263.06
1020.81	1265.44
1020.97	1258.23
1021.13	1262.65
1021.30	1251.58
1021.46	1262.45
1021.62	1260.77
1021.78	1256.10
1021.94	1254.83
1022.10	1257.78
1022.27	1251.98
1022.43	1261.45
1022.59	1249.92
1022.75	1261.24
1022.91	1255.96
1023.07	1263.97
1023.24	1252.89
1023.40	1260.03
1023.56	1256.45
1023.72	1263.47
1023.88	1259.34
1024.04	1258.76
1024.20	1253.27
1024.36	1261.20
1024.53	1255.98
1024.69	1257.27
1024.85	1255.38
1025.01	1262.22
1025.17	1252.44
1025.33	1262.72
1025.49	1253.27
1025.65	1263.60
1025.82	1255.08
1025.98	1264.37
1026.14	1250.94
1026.30	1263.76
1026.46	1257.86
1026.62	1259.99
1026.78	1256.22
1026.94	1257.15
1027.10	1247.91
1027.26	1266.96
1027.43	1252.89
1027.59	1263.72
1027.75	1246.62
1027.91	1263.17
1028.07	1259.46
1028.23	1262.51
1028.39	1251.25
1028.55	1258.82
1028.71	1255.43
1028.87	1254.85
1029.03	1253.30
1029.19	1251.72
1029.36	1248.61
1029.52	1261.41
1029.68	1253.99
1029.84	1264.31
1030.00	1253.38
1030.16	1252.44
1030.32	1260.67
1030.48	1264.17
1030.64	1254.57
1030.80	1270.66
1030.96	1259.75
1031.12	1263.49
1031.28	1257.56
1031.44	1263.17
1031.60	1258.39
1031.76	1257.51
1031.92	1252.95
1032.08	1273.14
1032.24	1261.41
1032.40	1257.56
1032.56	1252.87
1032.73	1264.81
1032.89	1248.54
1033.05	1262.18
1033.21	1254.83
1033.37	1258.80
1033.53	1257.29
1033.69	1259.13
1033.85	1254.22
1034.01	1257.76
1034.17	1250.61
1034.33	1255.94
1034.49	1260.48
1034.65	1258.58
1034.81	1248.63
1034.97	1262.31
1035.13	1263.47
1035.29	1256.02
1035.45	1257.64
1035.61	1259.36
1035.77	1259.89
1035.93	1257.19
1036.09	1256.84
1036.25	1255.98
1036.41	1251.64
1036.57	1262.39
1036.73	1255.43
1036.88	1256.76
1037.04	1253.93
