345.52	1248.61
345.73	1248.61
345.94	1248.61
346.16	1244.14
346.37	1250.96
346.58	1248.63
346.79	1251.25
347.00	1247.66
347.22	1257.33
347.43	1251.25
347.64	1254.69
347.85	1251.78
348.06	1251.06
348.28	1250.96
348.49	1263.68
348.70	1252.99
348.91	1259.46
349.12	1253.11
349.34	1260.09
349.55	1256.06
349.76	1258.93
349.97	1258.13
350.18	1265.03
350.40	1254.11
350.61	1259.40
350.82	1250.35
351.03	1254.57
351.24	1250.02
351.46	1261.92
351.67	1252.52
351.88	1262.00
352.09	1250.74
352.30	1248.89
352.51	1247.83
352.73	1263.31
352.94	1254.77
353.15	1259.97
353.36	1246.56
353.57	1258.33
353.79	1255.18
354.00	1256.55
354.21	1251.39
354.42	1265.85
354.63	1260.07
354.84	1262.27
355.06	1258.52
355.27	1253.11
355.48	1259.58
355.69	1251.62
355.90	1251.60
356.11	1264.33
356.33	1250.31
356.54	1268.43
356.75	1257.53
356.96	1258.29
357.17	1252.80
357.38	1252.93
357.60	1248.05
357.81	1263.82
358.02	1259.42
358.23	1258.09
358.44	1256.49
358.65	1254.85
358.87	1253.60
359.08	1258.58
359.29	1245.98
359.50	1262.08
359.71	1253.23
359.92	1270.87
360.13	1249.71
360.35	1260.46
360.56	1257.10
360.77	1258.58
360.98	1251.29
361.19	1261.53
361.40	1256.39
361.62	1259.95
361.83	1246.95
362.04	1258.87
362.25	1258.70
362.46	1261.71
362.67	1249.59
362.88	1256.02
363.10	1264.31
363.31	1255.00
363.52	1258.39
363.73	1259.99
363.94	1258.01
364.15	1257.90
364.36	1258.19
364.57	1262.37
364.79	1247.62
365.00	1261.69
365.21	1253.68
365.42	1260.36
365.63	1251.00
365.84	1260.61
366.05	1258.09
366.27	1253.66
366.48	1250.16
366.69	1263.45
366.90	1257.04
367.11	1259.23
367.32	1258.52
367.53	1259.87
367.74	1255.55
367.95	1270.54
368.17	1254.93
368.38	1260.50
368.59	1256.82
368.80	1269.33
369.01	1256.39
369.22	1259.38
369.43	1251.94
369.64	1266.12
369.86	1259.73
370.07	1262.12
370.28	1258.19
370.49	1257.37
370.70	1255.08
370.91	1261.63
371.12	1256.10
371.33	1260.77
371.54	1255.65
371.76	1256.14
371.97	1253.52
372.18	1264.03
372.39	1253.19
372.60	1261.41
372.81	1250.98
373.02	1260.89
373.23	1261.28
373.44	1265.46
373.65	1250.59
373.87	1259.32
374.08	1260.22
374.29	1266.55
374.50	1258.37
374.71	1255.69
374.92	1259.60
375.13	1260.05
375.34	1255.34
375.55	1253.68
375.76	1257.62
375.97	1268.27
376.19	1253.40
376.40	1273.41
376.61	1255.47
376.82	1261.84
377.03	1251.37
377.24	1268.10
377.45	1252.99
377.66	1257.56
377.87	1255.98
378.08	1273.71
378.29	1260.46
378.50	1268.14
378.71	1258.91
378.93	1263.08
379.14	1252.80
379.35	1260.55
379.56	1259.89
379.77	1267.43
379.98	1250.20
380.19	1259.85
380.40	1259.26
380.61	1258.29
380.82	1258.44
381.03	1264.56
381.24	1254.01
381.45	1261.75
381.66	1262.27
381.88	1260.57
382.09	1259.62
382.30	1268.96
382.51	1258.76
382.72	1262.18
382.93	1264.50
383.14	1260.22
383.35	1261.86
383.56	1256.80
383.77	1249.85
383.98	1257.99
384.19	1247.87
384.40	1259.28
384.61	1256.96
384.82	1266.63
385.03	1247.66
385.24	1258.44
385.45	1257.78
385.67	1258.29
385.88	1254.20
386.09	1268.90
386.30	1256.08
386.51	1264.40
386.72	1254.26
386.93	1262.18
387.14	1248.56
387.35	1254.63
387.56	1259.64
387.77	1261.16
387.98	1252.11
388.19	1267.18
388.40	1256.04
388.61	1263.23
388.82	1256.22
389.03	1264.56
389.24	1255.57
389.45	1263.68
389.66	1251.94
389.87	1271.50
390.08	1251.55
390.29	1250.63
390.50	1257.10
390.71	1259.81
390.92	1259.11
391.13	1264.91
391.34	1255.30
391.55	1260.42
391.76	1257.41
391.98	1261.38
392.19	1250.51
392.40	1265.26
392.61	1260.77
392.82	1264.11
393.03	1258.99
393.24	1268.25
393.45	1259.15
393.66	1263.97
393.87	1258.95
394.08	1258.50
394.29	1257.35
394.50	1264.44
394.71	1255.22
394.92	1271.05
395.13	1257.25
395.34	1260.81
395.55	1253.03
395.76	1262.55
395.97	1263.49
396.18	1264.11
396.39	1255.47
396.60	1264.33
396.81	1258.60
397.02	1253.93
397.23	1255.43
397.44	1263.25
397.65	1249.55
397.86	1269.43
398.07	1258.42
398.28	1262.33
398.49	1252.76
398.70	1261.73
398.91	1256.86
399.12	1260.28
399.33	1259.26
399.54	1260.77
399.75	1259.60
399.96	1268.63
400.17	1251.64
400.38	1262.51
400.59	1256.51
400.80	1261.30
401.01	1260.40
401.22	1261.24
401.42	1257.76
401.63	1259.38
401.84	1252.41
402.05	1262.84
402.26	1259.85
402.47	1260.50
402.68	1252.17
402.89	1259.52
403.10	1257.41
403.31	1267.24
403.52	1259.60
403.73	1267.22
403.94	1250.02
404.15	1260.93
404.36	1251.21
404.57	1262.00
404.78	1254.52
404.99	1268.57
405.20	1258.62
405.41	1260.81
405.62	1253.58
405.83	1269.23
406.04	1253.81
406.25	1262.37
406.46	1254.38
406.67	1262.80
406.88	1262.57
407.09	1262.27
407.30	1258.74
407.50	1270.03
407.71	1259.97
407.92	1268.84
408.13	1254.87
408.34	1257.80
408.55	1258.95
408.76	1258.44
408.97	1255.61
409.18	1260.52
409.39	1266.01
409.60	1265.79
409.81	1257.31
410.02	1262.78
410.23	1250.39
410.44	1259.91
410.65	1249.61
410.86	1268.68
411.07	1255.10
411.27	1264.89
411.48	1264.54
411.69	1257.70
411.90	1261.45
412.11	1260.18
412.32	1256.94
412.53	1260.85
412.74	1252.48
412.95	1266.46
413.16	1253.11
413.37	1264.31
413.58	1259.03
413.79	1265.48
414.00	1253.56
414.20	1258.11
414.41	1255.14
414.62	1264.17
414.83	1260.24
415.04	1265.93
415.25	1255.73
415.46	1264.27
415.67	1253.89
415.88	1266.81
416.09	1262.27
416.30	1261.71
416.51	1255.49
416.71	1267.02
416.92	1261.06
417.13	1262.72
417.34	1249.14
417.55	1270.03
417.76	1261.10
417.97	1263.62
418.18	1257.72
418.39	1259.91
418.60	1250.37
418.81	1261.36
419.01	1256.20
419.22	1267.12
419.43	1259.52
419.64	1262.78
419.85	1258.21
420.06	1253.97
420.27	1252.99
420.48	1259.66
420.69	1251.35
420.90	1259.54
421.10	1255.83
421.31	1266.36
421.52	1256.47
421.73	1260.57
421.94	1253.44
422.15	1263.19
422.36	1260.65
422.57	1257.68
422.78	1255.73
422.98	1262.45
423.19	1261.12
423.40	1258.17
423.61	1259.69
423.82	1263.17
424.03	1257.27
424.24	1263.78
424.45	1258.09
424.65	1267.63
424.86	1255.06
425.07	1261.86
425.28	1251.53
425.49	1257.13
425.70	1256.10
425.91	1260.61
426.12	1259.19
426.32	1259.54
426.53	1255.30
426.74	1263.51
426.95	1251.78
427.16	1265.91
427.37	1251.51
427.58	1262.20
427.78	1263.08
427.99	1261.30
428.20	1256.80
428.41	1269.02
428.62	1260.87
428.83	1268.08
429.04	1247.85
429.24	1264.64
429.45	1260.52
429.66	1264.03
429.87	1255.40
430.08	1261.10
430.29	1260.20
430.50	1261.04
430.70	1257.47
430.91	1260.75
431.12	1250.65
431.33	1259.13
431.54	1253.05
431.75	1263.27
431.96	1261.02
432.16	1272.32
432.37	1257.68
432.58	1260.61
432.79	1257.88
433.00	1264.70
433.21	1249.32
433.41	1266.91
433.62	1256.90
433.83	1257.92
434.04	1256.20
434.25	1258.07
434.46	1248.77
434.66	1261.53
434.87	1253.91
435.08	1267.22
435.29	1247.29
435.50	1264.60
435.71	1256.67
435.91	1254.50
436.12	1261.73
436.33	1260.83
436.54	1257.49
436.75	1263.25
436.95	1258.25
437.16	1265.83
437.37	1261.12
437.58	1258.60
437.79	1261.28
438.00	1271.01
438.20	1255.02
438.41	1264.15
438.62	1257.37
438.83	1260.87
439.04	1255.73
439.24	1264.35
439.45	1253.75
439.66	1262.68
439.87	1260.03
440.08	1270.31
440.28	1252.89
440.49	1263.21
440.70	1254.52
440.91	1257.02
441.12	1258.58
441.32	1260.32
441.53	1255.94
441.74	1262.55
441.95	1262.90
442.16	1267.88
442.36	1252.31
442.57	1263.66
442.78	1251.45
442.99	1262.76
443.20	1251.53
443.40	1271.85
443.61	1255.57
443.82	1257.10
444.03	1255.36
444.24	1260.32
444.44	1259.85
444.65	1265.73
444.86	1255.88
445.07	1265.19
445.27	1256.26
445.48	1264.29
445.69	1264.87
445.90	1263.02
446.11	1254.09
446.31	1265.11
446.52	1252.41
446.73	1262.80
446.94	1245.45
447.14	1266.36
447.35	1259.44
447.56	1264.15
447.77	1264.60
447.97	1268.63
448.18	1254.91
448.39	1255.90
448.60	1251.39
448.81	1259.91
449.01	1255.30
449.22	1260.71
449.43	1253.13
449.64	1252.33
449.84	1253.99
450.05	1258.82
450.26	1256.16
450.47	1266.24
450.67	1259.99
450.88	1266.69
451.09	1259.42
451.30	1265.48
451.50	1252.72
451.71	1260.71
451.92	1256.74
452.13	1264.81
452.33	1258.64
452.54	1265.07
452.75	1256.45
452.96	1262.49
453.16	1253.05
453.37	1261.61
453.58	1252.48
453.79	1268.27
453.99	1256.98
454.20	1253.68
454.41	1262.92
454.61	1265.50
454.82	1252.95
455.03	1260.32
455.24	1255.88
455.44	1260.40
455.65	1256.31
455.86	1257.58
456.07	1258.70
456.27	1264.35
456.48	1246.50
456.69	1258.39
456.90	1256.65
457.10	1262.88
457.31	1257.19
457.52	1264.21
457.72	1257.96
457.93	1260.85
458.14	1262.35
458.35	1260.07
458.55	1254.81
458.76	1257.41
458.97	1260.24
459.17	1263.21
459.38	1260.75
459.59	1259.62
459.80	1253.81
460.00	1260.01
460.21	1255.47
460.42	1261.34
460.62	1251.10
460.83	1259.09
461.04	1257.33
461.25	1263.86
461.45	1256.90
461.66	1254.59
461.87	1255.36
462.07	1266.40
462.28	1256.33
462.49	1255.88
462.69	1252.82
462.90	1270.09
463.11	1253.42
463.31	1264.70
463.52	1250.02
463.73	1260.85
463.94	1244.20
464.14	1262.74
464.35	1255.65
464.56	1259.87
464.76	1261.63
464.97	1258.56
465.18	1247.03
465.38	1273.71
465.59	1257.00
465.80	1266.83
466.00	1257.08
466.21	1254.91
466.42	1258.11
466.62	1261.34
466.83	1254.91
467.04	1265.44
467.24	1255.24
467.45	1260.71
467.66	1254.40
467.86	1262.57
468.07	1256.02
468.28	1261.26
468.48	1251.88
468.69	1261.61
468.90	1260.75
469.10	1260.71
469.31	1252.60
469.52	1262.10
469.72	1253.38
469.93	1265.79
470.14	1256.00
470.34	1259.60
470.55	1255.75
470.76	1266.24
470.96	1258.33
471.17	1258.97
471.38	1248.13
471.58	1256.22
471.79	1256.51
472.00	1258.80
472.20	1250.39
472.41	1265.67
472.62	1257.88
472.82	1265.56
473.03	1256.61
473.24	1264.09
473.44	1257.80
473.65	1268.29
473.85	1254.59
474.06	1262.84
474.27	1258.03
474.47	1264.50
474.68	1256.26
474.89	1258.44
475.09	1256.88
475.30	1261.75
475.51	1259.93
475.71	1268.78
475.92	1263.00
476.12	1261.49
476.33	1259.66
476.54	1263.72
476.74	1257.78
476.95	1261.79
477.16	1257.33
477.36	1266.34
477.57	1255.43
477.77	1262.02
477.98	1256.41
478.19	1260.85
478.39	1251.78
478.60	1261.47
478.81	1252.11
479.01	1261.81
479.22	1254.87
479.42	1265.42
479.63	1259.07
479.84	1262.98
480.04	1255.79
480.25	1260.09
480.45	1256.04
480.66	1259.71
480.87	1257.02
481.07	1267.14
481.28	1252.80
481.48	1260.63
481.69	1257.31
481.90	1260.42
482.10	1249.06
482.31	1266.69
482.51	1260.55
482.72	1261.92
482.93	1257.04
483.13	1262.90
483.34	1257.04
483.54	1262.80
483.75	1258.87
483.96	1268.55
484.16	1252.46
484.37	1258.33
484.57	1255.22
484.78	1263.60
484.99	1258.09
485.19	1270.03
485.40	1253.34
485.60	1264.19
485.81	1253.73
486.01	1263.27
486.22	1269.31
486.43	1257.10
486.63	1258.46
486.84	1264.68
487.04	1255.26
487.25	1264.50
487.46	1257.06
487.66	1257.25
487.87	1260.12
488.07	1261.26
488.28	1263.06
488.48	1261.06
488.69	1270.54
488.89	1257.00
489.10	1259.89
489.31	1258.66
489.51	1251.27
489.72	1269.45
489.92	1256.70
490.13	1264.44
490.33	1254.83
490.54	1264.44
490.75	1254.79
490.95	1261.81
491.16	1251.90
491.36	1259.46
491.57	1262.98
491.77	1257.51
491.98	1257.27
492.18	1268.18
492.39	1261.34
492.59	1260.24
492.80	1252.93
493.01	1260.14
493.21	1256.55
493.42	1261.04
493.62	1256.74
493.83	1262.41
494.03	1258.93
494.24	1254.38
494.44	1254.24
494.65	1262.27
494.85	1250.06
495.06	1261.06
495.26	1262.51
495.47	1262.08
495.68	1244.92
495.88	1260.34
496.09	1252.58
496.29	1265.28
496.50	1257.60
496.70	1260.34
496.91	1252.60
497.11	1258.93
497.32	1254.42
497.52	1257.94
497.73	1257.15
497.93	1258.60
498.14	1253.15
498.34	1262.70
498.55	1254.28
498.75	1262.65
498.96	1259.56
499.16	1268.49
499.37	1253.27
499.57	1261.04
499.78	1249.20
499.98	1264.93
500.19	1261.36
500.39	1261.02
500.60	1264.01
500.80	1261.86
501.01	1258.93
501.21	1262.90
501.42	1257.49
501.62	1256.80
501.83	1252.33
502.03	1266.22
502.24	1259.71
502.44	1267.24
502.65	1253.68
502.85	1261.77
503.06	1254.01
503.26	1260.14
503.47	1260.77
503.67	1267.45
503.88	1260.50
504.08	1261.98
504.29	1257.90
504.49	1260.14
504.70	1255.86
504.90	1260.48
505.11	1250.92
505.31	1258.44
505.52	1253.66
505.72	1259.95
505.93	1257.68
506.13	1259.40
506.34	1261.55
506.54	1264.83
506.75	1256.12
506.95	1264.76
507.16	1259.11
507.36	1258.46
507.56	1256.94
507.77	1255.04
507.97	1254.30
508.18	1254.77
508.38	1253.48
508.59	1262.92
508.79	1254.65
509.00	1263.54
509.20	1258.03
509.41	1263.39
509.61	1250.22
509.82	1258.23
510.02	1255.65
510.22	1258.68
510.43	1256.16
510.63	1266.61
510.84	1257.39
511.04	1268.74
511.25	1252.37
511.45	1265.05
511.66	1257.45
511.86	1267.30
512.06	1254.95
512.27	1262.86
512.47	1251.15
512.68	1258.91
512.88	1257.13
513.09	1255.02
513.29	1250.28
513.50	1260.52
513.70	1258.37
513.90	1255.20
514.11	1255.61
514.31	1260.09
514.52	1255.98
514.72	1260.40
514.93	1253.64
515.13	1263.88
515.33	1257.08
515.54	1261.65
515.74	1253.91
515.95	1261.67
516.15	1257.43
516.36	1270.91
516.56	1260.44
516.76	1257.23
516.97	1256.02
517.17	1262.45
517.38	1263.68
517.58	1259.99
517.78	1256.82
517.99	1263.08
518.19	1256.18
518.40	1268.94
518.60	1255.71
518.81	1266.55
519.01	1258.58
519.21	1256.94
519.42	1255.51
519.62	1263.64
519.83	1255.69
520.03	1262.57
520.23	1256.24
520.44	1262.18
520.64	1258.76
520.85	1258.09
521.05	1250.04
521.25	1256.14
521.46	1259.38
521.66	1265.26
521.86	1255.30
522.07	1259.36
522.27	1257.78
522.48	1257.47
522.68	1258.64
522.88	1260.14
523.09	1247.52
523.29	1264.78
523.50	1256.33
523.70	1260.91
523.90	1258.70
524.11	1268.53
524.31	1249.53
524.51	1259.40
524.72	1252.91
524.92	1267.02
525.13	1252.35
525.33	1261.18
525.53	1258.27
525.74	1266.38
525.94	1246.93
526.14	1260.73
526.35	1254.03
526.55	1258.17
526.76	1250.28
526.96	1255.73
527.16	1253.36
527.37	1267.22
527.57	1250.71
527.77	1263.72
527.98	1254.77
528.18	1259.56
528.38	1260.63
528.59	1260.30
528.79	1257.88
528.99	1263.68
529.20	1263.43
529.40	1261.67
529.61	1257.80
529.81	1260.81
530.01	1257.58
530.22	1259.60
530.42	1254.93
530.62	1264.19
530.83	1247.32
531.03	1261.86
531.23	1255.40
531.44	1262.94
531.64	1254.22
531.84	1265.11
532.05	1251.78
532.25	1261.61
532.45	1253.21
532.66	1268.25
532.86	1248.93
533.06	1264.89
533.27	1257.99
533.47	1264.91
533.67	1256.92
533.88	1264.35
534.08	1254.61
534.28	1270.60
534.49	1258.37
534.69	1263.15
534.89	1257.66
535.09	1264.19
535.30	1251.08
535.50	1257.90
535.70	1252.95
535.91	1259.48
536.11	1256.61
536.31	1258.13
536.52	1260.28
536.72	1259.81
536.92	1254.14
537.13	1265.15
537.33	1258.09
537.53	1263.62
537.74	1254.95
537.94	1260.69
538.14	1254.11
538.34	1256.43
538.55	1253.93
538.75	1273.59
538.95	1260.69
539.16	1262.57
539.36	1258.58
539.56	1259.23
539.77	1264.29
539.97	1272.75
540.17	1251.62
540.37	1268.76
540.58	1262.04
540.78	1264.78
540.98	1257.35
541.19	1255.59
541.39	1256.10
541.59	1268.25
541.79	1249.26
542.00	1262.98
542.20	1258.17
542.40	1261.57
542.60	1253.58
542.81	1256.51
543.01	1260.09
543.21	1255.92
543.42	1248.07
543.62	1258.46
543.82	1259.75
544.02	1258.27
544.23	1256.16
544.43	1264.56
544.63	1255.14
544.83	1255.81
545.04	1255.43
545.24	1253.64
545.44	1254.46
545.64	1259.60
545.85	1258.80
546.05	1267.34
546.25	1262.74
546.45	1261.73
546.66	1256.90
546.86	1260.87
547.06	1257.78
547.27	1264.11
547.47	1256.70
547.67	1261.10
547.87	1252.31
548.07	1261.08
548.28	1255.26
548.48	1263.41
548.68	1255.90
548.88	1266.10
549.09	1252.41
549.29	1258.78
549.49	1252.29
549.69	1265.85
549.90	1257.78
550.10	1255.43
550.30	1260.07
550.50	1257.94
550.71	1260.30
550.91	1260.67
551.11	1254.01
551.31	1260.24
551.51	1253.91
551.72	1262.51
551.92	1252.74
552.12	1262.59
552.32	1255.90
552.53	1264.48
552.73	1255.96
552.93	1261.67
553.13	1251.29
553.33	1260.34
553.54	1263.25
553.74	1266.36
553.94	1251.90
554.14	1261.69
554.35	1250.22
554.55	1264.44
554.75	1251.78
554.95	1257.47
555.15	1248.85
555.36	1263.97
555.56	1255.04
555.76	1265.79
555.96	1250.18
556.16	1259.15
556.37	1259.89
556.57	1262.90
556.77	1256.57
556.97	1267.24
557.17	1253.09
557.38	1266.53
557.58	1256.26
557.78	1259.83
557.98	1258.37
558.18	1258.66
558.38	1257.08
558.59	1267.98
558.79	1255.10
558.99	1271.97
559.19	1256.45
559.39	1264.07
559.60	1248.59
559.80	1260.16
560.00	1255.61
560.20	1267.30
560.40	1250.57
560.60	1266.53
560.81	1256.02
561.01	1257.49
561.21	1256.08
561.41	1258.80
561.61	1256.04
561.81	1268.45
562.02	1259.44
562.22	1259.23
562.42	1251.08
562.62	1267.94
562.82	1257.10
563.02	1261.55
563.23	1259.54
563.43	1259.66
563.63	1256.92
563.83	1258.44
564.03	1258.13
564.23	1258.76
564.43	1253.23
564.64	1254.03
564.84	1257.10
565.04	1266.89
565.24	1252.27
565.44	1256.53
565.64	1253.07
565.85	1258.68
566.05	1256.70
566.25	1265.17
566.45	1257.49
566.65	1261.02
566.85	1252.44
567.05	1259.62
567.25	1256.70
567.46	1264.15
567.66	1257.45
567.86	1258.87
568.06	1257.88
568.26	1265.54
568.46	1257.99
568.66	1260.93
568.86	1261.34
569.07	1257.94
569.27	1246.58
569.47	1257.56
569.67	1252.72
569.87	1258.58
570.07	1253.15
570.27	1267.18
570.47	1261.22
570.68	1265.62
570.88	1255.45
571.08	1263.76
571.28	1259.87
571.48	1265.01
571.68	1254.63
571.88	1270.95
572.08	1254.75
572.28	1261.36
572.49	1256.31
572.69	1257.86
572.89	1254.79
573.09	1266.16
573.29	1255.94
573.49	1259.85
573.69	1263.92
573.89	1264.99
574.09	1254.48
574.29	1259.64
574.50	1252.09
574.70	1260.38
574.90	1254.48
575.10	1260.55
575.30	1253.89
575.50	1260.63
575.70	1259.40
575.90	1260.52
576.10	1255.94
576.30	1265.85
576.50	1255.28
576.70	1259.77
576.91	1251.80
577.11	1256.08
577.31	1254.26
577.51	1265.54
577.71	1259.85
577.91	1267.59
578.11	1256.43
578.31	1272.32
578.51	1260.30
578.71	1264.93
578.91	1260.77
579.11	1267.45
579.31	1261.71
579.51	1266.16
579.71	1257.56
579.92	1257.76
580.12	1260.50
580.32	1258.91
580.52	1257.25
580.72	1266.14
580.92	1259.32
581.12	1263.90
581.32	1258.05
581.52	1254.01
581.72	1259.34
581.92	1264.25
582.12	1253.36
582.32	1263.90
582.52	1257.80
582.72	1261.51
582.92	1249.59
583.12	1261.94
583.32	1257.04
583.52	1261.61
583.72	1254.77
583.92	1266.63
584.12	1252.23
584.33	1257.62
584.53	1259.62
584.73	1265.28
584.93	1258.99
585.13	1256.22
585.33	1254.38
585.53	1251.37
585.73	1256.59
585.93	1264.21
586.13	1254.40
586.33	1262.51
586.53	1254.07
586.73	1259.50
586.93	1259.46
587.13	1261.20
587.33	1253.73
587.53	1262.37
587.73	1254.52
587.93	1258.42
588.13	1250.51
588.33	1263.29
588.53	1252.54
588.73	1257.70
588.93	1261.18
589.13	1269.80
589.33	1258.82
589.53	1266.12
589.73	1252.62
589.93	1264.54
590.13	1253.99
590.33	1259.32
590.53	1255.73
590.73	1259.48
590.93	1251.15
591.13	1265.03
591.33	1252.97
591.53	1258.50
591.73	1258.60
591.93	1254.38
592.13	1259.50
592.33	1259.97
592.53	1258.89
592.73	1265.11
592.93	1251.62
593.13	1257.68
593.33	1258.70
593.53	1255.02
593.73	1255.69
593.93	1261.75
594.13	1253.66
594.33	1266.14
594.53	1253.03
594.73	1261.30
594.92	1253.66
595.12	1265.30
595.32	1256.82
595.52	1261.92
595.72	1253.66
595.92	1259.62
596.12	1264.27
596.32	1259.91
596.52	1252.44
596.72	1257.68
596.92	1258.11
597.12	1262.06
597.32	1253.73
597.52	1270.85
597.72	1250.84
597.92	1261.73
598.12	1252.33
598.32	1261.51
598.52	1262.25
598.72	1259.73
598.92	1249.49
599.12	1261.20
599.31	1263.43
599.51	1264.15
599.71	1254.91
599.91	1255.73
600.11	1259.05
600.31	1266.59
600.51	1250.88
600.71	1271.65
600.91	1249.65
601.11	1257.49
601.31	1259.69
601.51	1256.70
601.71	1261.16
601.91	1261.30
602.10	1251.80
602.30	1258.62
602.50	1260.85
602.70	1259.85
602.90	1256.31
603.10	1271.24
603.30	1260.93
603.50	1264.09
603.70	1259.13
603.90	1261.10
604.10	1259.93
604.30	1258.95
604.49	1260.32
604.69	1259.81
604.89	1257.64
605.09	1264.95
605.29	1248.89
605.49	1260.81
605.69	1253.60
605.89	1270.62
606.09	1250.37
606.29	1259.58
606.48	1250.26
606.68	1261.00
606.88	1254.93
607.08	1262.27
607.28	1263.08
607.48	1263.64
607.68	1251.55
607.88	1259.46
608.08	1252.39
608.27	1260.44
608.47	1259.03
608.67	1259.81
608.87	1257.51
609.07	1266.77
609.27	1252.52
609.47	1258.66
609.67	1259.42
609.87	1263.43
610.06	1251.92
610.26	1256.39
610.46	1254.14
610.66	1265.07
610.86	1257.10
611.06	1259.66
611.26	1258.89
611.45	1267.08
611.65	1260.95
611.85	1265.54
612.05	1256.12
612.25	1268.06
612.45	1262.39
612.65	1270.89
612.84	1256.10
613.04	1258.74
613.24	1258.25
613.44	1251.90
613.64	1258.19
613.84	1256.08
614.04	1254.61
614.23	1264.93
614.43	1253.97
614.63	1265.56
614.83	1257.23
615.03	1261.41
615.23	1256.33
615.42	1253.56
615.62	1259.71
615.82	1257.19
616.02	1251.00
616.22	1267.75
616.42	1254.71
616.61	1258.66
616.81	1252.15
617.01	1265.11
617.21	1255.18
617.41	1265.71
617.61	1260.46
617.80	1259.07
618.00	1259.79
618.20	1261.47
618.40	1258.48
618.60	1260.61
618.80	1257.21
618.99	1260.81
619.19	1255.53
619.39	1272.75
619.59	1260.09
619.79	1263.04
619.98	1254.91
620.18	1255.57
620.38	1252.54
620.58	1263.15
620.78	1257.74
620.97	1263.97
621.17	1259.62
621.37	1261.12
621.57	1262.92
621.77	1256.76
621.96	1257.78
622.16	1259.85
622.36	1255.61
622.56	1256.86
622.76	1257.04
622.95	1251.94
623.15	1252.89
623.35	1257.62
623.55	1249.69
623.75	1264.09
623.94	1260.81
624.14	1263.62
624.34	1259.15
624.54	1270.13
624.73	1252.09
624.93	1263.80
625.13	1250.22
625.33	1262.61
625.53	1259.23
625.72	1261.24
625.92	1256.55
626.12	1265.56
626.32	1257.15
626.51	1265.60
626.71	1254.57
626.91	1265.67
627.11	1253.58
627.30	1263.08
627.50	1253.85
627.70	1258.80
627.90	1255.88
628.10	1258.95
628.29	1254.93
628.49	1259.97
628.69	1261.38
628.89	1261.38
629.08	1261.84
629.28	1262.92
629.48	1254.01
629.68	1258.74
629.87	1249.77
630.07	1260.63
630.27	1262.31
630.47	1261.10
630.66	1257.60
630.86	1264.17
631.06	1249.12
631.25	1260.73
631.45	1248.56
631.65	1261.00
631.85	1253.27
632.04	1258.27
632.24	1253.97
632.44	1261.53
632.64	1255.02
632.83	1266.30
633.03	1259.56
633.23	1255.94
633.42	1256.51
633.62	1259.52
633.82	1251.43
634.02	1259.71
634.21	1258.25
634.41	1260.40
634.61	1249.12
634.81	1255.02
635.00	1250.94
635.20	1258.37
635.40	1257.51
635.59	1264.62
635.79	1253.05
635.99	1268.57
636.18	1249.98
636.38	1259.03
636.58	1257.68
636.78	1256.12
636.97	1249.83
637.17	1262.49
637.37	1250.69
637.56	1263.19
637.76	1251.23
637.96	1260.12
638.15	1256.80
638.35	1266.36
638.55	1255.04
638.74	1259.60
638.94	1259.97
639.14	1263.23
639.34	1257.23
639.53	1263.51
639.73	1258.80
639.93	1262.02
640.12	1251.62
640.32	1256.37
640.52	1260.52
640.71	1255.90
640.91	1259.15
641.11	1258.21
641.30	1254.73
641.50	1259.03
641.70	1251.06
641.89	1267.16
642.09	1258.72
642.29	1262.80
642.48	1261.57
642.68	1262.41
642.88	1258.19
643.07	1265.28
643.27	1258.64
643.47	1265.40
643.66	1254.50
643.86	1256.00
644.06	1256.96
644.25	1263.13
644.45	1252.52
644.65	1260.61
644.84	1254.61
645.04	1252.89
645.23	1258.66
645.43	1252.33
645.63	1250.53
645.82	1260.07
646.02	1257.02
646.22	1261.22
646.41	1254.69
646.61	1262.78
646.81	1251.04
647.00	1260.01
647.20	1257.35
647.39	1255.32
647.59	1260.09
647.79	1266.24
647.98	1256.88
648.18	1267.24
648.38	1254.69
648.57	1267.28
648.77	1254.91
648.96	1260.07
649.16	1250.80
649.36	1266.12
649.55	1256.18
649.75	1264.46
649.95	1253.77
650.14	1262.12
650.34	1255.77
650.53	1265.32
650.73	1257.94
650.93	1261.73
651.12	1260.42
651.32	1260.67
651.51	1251.84
651.71	1263.68
651.91	1253.97
652.10	1263.21
652.30	1250.00
652.49	1260.91
652.69	1255.55
652.89	1260.42
653.08	1251.25
653.28	1269.82
653.47	1258.74
653.67	1266.22
653.86	1260.42
654.06	1255.86
654.26	1255.12
654.45	1259.77
654.65	1252.44
654.84	1271.09
655.04	1255.43
655.24	1260.63
655.43	1256.78
655.63	1258.23
655.82	1254.36
656.02	1260.75
656.21	1260.93
656.41	1263.70
656.61	1256.90
656.80	1259.71
657.00	1258.03
657.19	1258.23
657.39	1254.79
657.58	1264.54
657.78	1256.29
657.97	1266.14
658.17	1257.10
658.37	1271.34
658.56	1256.94
658.76	1259.87
658.95	1259.11
659.15	1261.84
659.34	1262.59
659.54	1256.61
659.73	1252.27
659.93	1257.19
660.13	1257.19
660.32	1265.60
660.52	1260.05
660.71	1262.59
660.91	1255.26
661.10	1270.17
661.30	1253.36
661.49	1259.34
661.69	1255.51
661.88	1256.20
662.08	1261.84
662.27	1260.30
662.47	1256.35
662.66	1262.88
662.86	1262.59
663.06	1255.83
663.25	1252.82
663.45	1267.71
663.64	1251.86
663.84	1264.31
664.03	1260.28
664.23	1259.19
664.42	1249.24
664.62	1263.02
664.81	1248.59
665.01	1266.40
665.20	1255.40
665.40	1263.84
665.59	1250.96
665.79	1261.18
665.98	1263.25
666.18	1258.62
666.37	1252.93
666.57	1263.51
666.76	1261.94
666.96	1264.64
667.15	1254.24
667.35	1261.94
667.54	1256.26
667.74	1263.60
667.93	1259.75
668.13	1266.87
668.32	1255.38
668.52	1265.21
668.71	1263.64
668.91	1263.37
669.10	1263.94
669.30	1264.93
669.49	1254.32
669.68	1265.77
669.88	1250.06
670.07	1270.23
670.27	1260.26
670.46	1264.09
670.66	1262.25
670.85	1267.51
671.05	1251.98
671.24	1272.26
671.44	1250.35
671.63	1261.45
671.83	1259.13
672.02	1261.36
672.22	1255.86
672.41	1270.38
672.60	1261.47
672.80	1268.04
672.99	1250.94
673.19	1258.37
673.38	1269.11
673.58	1267.82
673.77	1260.93
673.97	1262.00
674.16	1258.27
674.36	1263.88
674.55	1251.39
674.74	1258.64
674.94	1261.08
675.13	1264.83
675.33	1259.38
675.52	1264.76
675.72	1250.33
675.91	1268.53
676.10	1245.86
676.30	1266.20
676.49	1257.62
676.69	1261.79
676.88	1258.91
677.08	1260.42
677.27	1261.26
677.46	1263.23
677.66	1252.27
677.85	1265.60
678.05	1259.58
678.24	1264.76
678.44	1253.52
678.63	1262.88
678.82	1257.35
679.02	1266.03
679.21	1251.04
679.41	1264.95
679.60	1257.37
679.79	1260.98
679.99	1250.76
680.18	1262.53
680.38	1259.23
680.57	1261.79
680.76	1254.18
680.96	1257.13
681.15	1253.75
681.35	1255.83
681.54	1248.75
681.73	1262.70
681.93	1254.03
682.12	1263.41
682.32	1257.66
682.51	1265.32
682.70	1251.72
682.90	1265.13
683.09	1252.76
683.29	1260.52
683.48	1262.27
683.67	1255.63
683.87	1264.70
684.06	1265.93
684.25	1254.63
684.45	1271.30
684.64	1254.57
684.84	1260.07
685.03	1253.97
685.22	1266.63
685.42	1253.89
685.61	1266.01
685.80	1254.07
686.00	1267.71
686.19	1260.61
686.38	1263.82
686.58	1252.78
686.77	1260.67
686.96	1259.36
687.16	1262.55
687.35	1257.60
687.55	1267.55
687.74	1263.68
687.93	1260.71
688.13	1252.68
688.32	1262.53
688.51	1258.17
688.71	1262.92
688.90	1258.50
689.09	1259.52
689.29	1260.18
689.48	1258.03
689.67	1254.42
689.87	1258.95
690.06	1258.72
690.25	1257.17
690.45	1257.90
690.64	1261.88
690.83	1256.31
691.03	1262.61
691.22	1259.01
691.41	1265.28
691.61	1256.59
691.80	1262.96
691.99	1254.93
692.19	1261.45
692.38	1256.92
692.57	1261.55
692.76	1263.97
692.96	1260.87
693.15	1256.49
693.34	1261.43
693.54	1256.98
693.73	1262.68
693.92	1262.29
694.12	1261.90
694.31	1258.13
694.50	1257.43
694.70	1257.27
694.89	1261.77
695.08	1255.08
695.27	1255.51
695.47	1257.99
695.66	1258.19
695.85	1254.36
696.05	1262.88
696.24	1252.54
696.43	1258.52
696.62	1254.03
696.82	1266.26
697.01	1257.78
697.20	1265.05
697.40	1260.38
697.59	1262.27
697.78	1258.99
697.97	1270.62
698.17	1262.04
698.36	1261.22
698.55	1261.10
698.74	1261.18
698.94	1255.86
699.13	1265.89
699.32	1252.93
699.52	1259.60
699.71	1262.14
699.90	1262.82
700.09	1253.73
700.29	1261.55
700.48	1262.92
700.67	1262.74
700.86	1258.48
701.06	1261.47
701.25	1257.80
701.44	1262.94
701.63	1260.03
701.83	1265.50
702.02	1255.81
702.21	1267.12
702.40	1250.57
702.60	1257.41
702.79	1261.94
702.98	1260.30
703.17	1257.80
703.37	1265.99
703.56	1254.93
703.75	1265.73
703.94	1257.84
704.13	1266.42
704.33	1251.84
704.52	1266.34
704.71	1264.48
704.90	1264.81
705.10	1258.29
705.29	1259.83
705.48	1252.62
705.67	1264.52
705.86	1256.98
706.06	1259.62
706.25	1258.37
706.44	1263.06
706.63	1255.73
706.83	1262.55
707.02	1255.69
707.21	1262.37
707.40	1256.29
707.59	1259.48
707.79	1251.12
707.98	1259.54
708.17	1258.33
708.36	1268.98
708.55	1258.56
708.75	1260.38
708.94	1256.55
709.13	1262.43
709.32	1251.47
709.51	1261.86
709.71	1260.32
709.90	1264.15
710.09	1260.09
710.28	1267.94
710.47	1263.08
710.66	1262.82
710.86	1256.18
711.05	1258.44
711.24	1251.68
711.43	1256.33
711.62	1257.51
711.82	1261.38
712.01	1257.47
712.20	1262.55
712.39	1253.60
712.58	1268.94
712.77	1256.10
712.97	1261.67
713.16	1264.58
713.35	1269.09
713.54	1258.89
713.73	1266.77
713.92	1259.91
714.11	1254.07
714.31	1264.95
714.50	1259.58
714.69	1257.02
714.88	1262.65
715.07	1250.10
715.26	1268.84
715.46	1252.25
715.65	1263.82
715.84	1252.50
716.03	1258.27
716.22	1255.55
716.41	1267.39
716.60	1260.46
716.80	1261.88
716.99	1254.77
717.18	1258.27
717.37	1256.49
717.56	1266.85
717.75	1258.87
717.94	1262.82
718.13	1249.90
718.33	1261.59
718.52	1264.99
718.71	1261.16
718.90	1261.16
719.09	1264.31
719.28	1258.91
719.47	1269.84
719.66	1256.22
719.85	1267.20
720.05	1256.20
720.24	1260.59
720.43	1259.11
720.62	1254.67
720.81	1256.92
721.00	1266.32
721.19	1250.24
721.38	1258.78
721.57	1247.87
721.77	1257.82
721.96	1256.35
722.15	1258.46
722.34	1257.23
722.53	1257.70
722.72	1252.29
722.91	1254.40
723.10	1259.71
723.29	1271.60
723.48	1259.93
723.67	1263.43
723.87	1265.36
724.06	1259.60
724.25	1259.64
724.44	1257.53
724.63	1259.15
724.82	1262.98
725.01	1254.36
725.20	1262.82
725.39	1260.24
725.58	1260.28
725.77	1260.77
725.96	1272.30
726.15	1254.79
726.34	1268.63
726.54	1250.14
726.73	1263.13
726.92	1254.03
727.11	1258.52
727.30	1254.28
727.49	1261.59
727.68	1253.44
727.87	1260.30
728.06	1258.70
728.25	1260.34
728.44	1261.08
728.63	1260.40
728.82	1256.67
729.01	1265.01
729.20	1260.16
729.39	1261.12
729.58	1259.91
729.77	1265.17
729.96	1257.23
730.15	1263.97
730.34	1258.46
730.53	1259.64
730.73	1266.69
730.92	1264.27
731.11	1257.72
731.30	1257.49
731.49	1259.30
731.68	1258.72
731.87	1260.48
732.06	1263.02
732.25	1261.53
732.44	1256.29
732.63	1255.00
732.82	1262.51
733.01	1253.01
733.20	1256.74
733.39	1262.55
733.58	1263.76
733.77	1261.84
733.96	1270.31
734.15	1261.22
734.34	1265.81
734.53	1255.36
734.72	1265.11
734.91	1253.56
735.10	1263.64
735.29	1258.09
735.48	1262.76
735.67	1257.25
735.86	1262.65
736.05	1250.88
736.24	1263.49
736.43	1266.48
736.62	1269.64
736.81	1254.01
737.00	1268.63
737.19	1259.83
737.38	1266.75
737.57	1256.65
737.76	1266.69
737.95	1259.42
738.14	1262.92
738.33	1250.41
738.51	1265.13
738.70	1257.41
738.89	1261.98
739.08	1262.18
739.27	1256.43
739.46	1259.62
739.65	1259.60
739.84	1257.72
740.03	1264.48
740.22	1260.03
740.41	1261.59
740.60	1257.62
740.79	1260.83
740.98	1254.26
741.17	1268.37
741.36	1259.58
741.55	1266.38
741.74	1257.23
741.93	1262.53
742.12	1255.92
742.31	1257.00
742.50	1255.30
742.68	1265.26
742.87	1260.85
743.06	1265.11
743.25	1257.08
743.44	1257.72
743.63	1252.01
743.82	1263.76
744.01	1260.65
744.20	1269.58
744.39	1258.29
744.58	1262.55
744.77	1255.32
744.96	1263.99
745.14	1260.20
745.33	1266.71
745.52	1253.66
745.71	1255.92
745.90	1258.23
746.09	1260.91
746.28	1254.24
746.47	1267.20
746.66	1249.71
746.85	1271.03
747.04	1255.94
747.22	1262.80
747.41	1259.81
747.60	1265.93
747.79	1253.27
747.98	1268.37
748.17	1251.98
748.36	1263.27
748.55	1253.93
748.74	1259.17
748.93	1259.15
749.11	1267.49
749.30	1253.46
749.49	1264.60
749.68	1255.34
749.87	1254.79
750.06	1255.08
750.25	1262.84
750.44	1254.95
750.62	1265.19
750.81	1254.63
751.00	1263.02
751.19	1253.13
751.38	1270.42
751.57	1256.70
751.76	1260.93
751.95	1251.82
752.13	1259.62
752.32	1255.53
752.51	1262.16
752.70	1257.13
752.89	1263.76
753.08	1260.67
753.27	1265.87
753.45	1258.46
753.64	1260.89
753.83	1256.61
754.02	1260.30
754.21	1261.14
754.40	1261.14
754.58	1263.37
754.77	1259.28
754.96	1257.86
755.15	1269.47
755.34	1265.36
755.53	1257.47
755.71	1260.48
755.90	1258.29
756.09	1253.27
756.28	1260.16
756.47	1250.24
756.66	1266.16
756.84	1259.46
757.03	1263.64
757.22	1264.05
757.41	1261.47
757.60	1259.28
757.79	1261.26
757.97	1257.88
758.16	1264.76
758.35	1263.06
758.54	1265.89
758.73	1253.83
758.91	1267.92
759.10	1260.50
759.29	1264.11
759.48	1257.43
759.67	1267.71
759.85	1255.24
760.04	1261.53
760.23	1258.13
760.42	1260.38
760.61	1255.43
760.79	1262.25
760.98	1257.06
761.17	1262.68
761.36	1254.42
761.55	1262.76
761.73	1251.47
761.92	1262.45
762.11	1256.45
762.30	1278.36
762.49	1258.99
762.67	1261.36
762.86	1256.35
763.05	1268.08
763.24	1258.56
763.42	1268.49
763.61	1260.67
763.80	1261.28
763.99	1262.43
764.17	1255.16
764.36	1262.49
764.55	1271.83
764.74	1256.94
764.92	1260.71
765.11	1254.30
765.30	1261.06
765.49	1259.19
765.68	1261.06
765.86	1259.69
766.05	1259.46
766.24	1262.96
766.43	1263.82
766.61	1254.48
766.80	1262.86
766.99	1254.20
767.17	1262.41
767.36	1264.37
767.55	1267.47
767.74	1251.96
767.92	1265.91
768.11	1257.41
768.30	1268.31
768.49	1255.47
768.67	1261.98
768.86	1263.99
769.05	1258.54
769.24	1257.31
769.42	1264.81
769.61	1258.35
769.80	1265.09
769.98	1255.00
770.17	1265.75
770.36	1258.68
770.55	1264.56
770.73	1257.99
770.92	1263.23
771.11	1259.09
771.29	1263.43
771.48	1253.73
771.67	1260.22
771.86	1257.88
772.04	1269.54
772.23	1259.85
772.42	1270.56
772.60	1259.56
772.79	1268.27
772.98	1252.33
773.16	1267.47
773.35	1260.16
773.54	1266.24
773.72	1262.27
773.91	1260.28
774.10	1256.72
774.29	1266.01
774.47	1257.68
774.66	1260.95
774.85	1255.98
775.03	1265.05
775.22	1255.10
775.41	1268.57
775.59	1268.53
775.78	1263.19
775.97	1260.93
776.15	1261.36
776.34	1259.46
776.53	1261.94
776.71	1263.41
776.90	1259.09
777.09	1260.73
777.27	1270.27
777.46	1259.58
777.65	1268.08
777.83	1261.63
778.02	1263.84
778.21	1260.28
778.39	1270.11
778.58	1259.32
778.76	1266.89
778.95	1255.02
779.14	1267.80
779.32	1262.98
779.51	1265.81
779.70	1256.86
779.88	1266.61
780.07	1265.83
780.26	1269.60
780.44	1258.95
780.63	1261.51
780.81	1255.49
781.00	1259.87
781.19	1260.83
781.37	1265.38
781.56	1263.62
781.75	1260.36
781.93	1266.28
782.12	1270.95
782.30	1261.45
782.49	1270.38
782.68	1262.00
782.86	1264.23
783.05	1262.74
783.23	1259.32
783.42	1260.91
783.61	1266.83
783.79	1266.36
783.98	1264.17
784.16	1260.81
784.35	1262.39
784.54	1261.61
784.72	1259.30
784.91	1257.02
785.09	1269.70
785.28	1263.35
785.47	1263.84
785.65	1258.01
785.84	1263.90
786.02	1260.42
786.21	1270.62
786.40	1256.12
786.58	1262.76
786.77	1264.62
786.95	1266.26
787.14	1263.25
787.32	1266.67
787.51	1264.01
787.70	1269.90
787.88	1265.83
788.07	1266.57
788.25	1257.02
788.44	1264.11
788.62	1264.31
788.81	1263.64
789.00	1260.26
789.18	1265.40
789.37	1261.75
789.55	1266.77
789.74	1262.63
789.92	1269.27
790.11	1260.65
790.29	1261.49
790.48	1264.50
790.67	1266.73
790.85	1261.88
791.04	1270.50
791.22	1262.59
791.41	1266.01
791.59	1261.20
791.78	1268.61
791.96	1258.64
792.15	1264.44
792.33	1261.96
792.52	1271.03
792.70	1258.35
792.89	1276.25
793.07	1266.10
793.26	1272.59
793.45	1261.26
793.63	1269.86
793.82	1271.81
794.00	1271.17
794.19	1271.07
794.37	1272.40
794.56	1266.07
794.74	1268.47
794.93	1268.10
795.11	1277.85
795.30	1269.64
795.48	1272.16
795.67	1263.04
795.85	1270.05
796.04	1272.69
796.22	1272.38
796.41	1266.53
796.59	1266.01
796.78	1265.91
796.96	1272.65
797.15	1271.62
797.33	1276.91
797.52	1270.07
797.70	1272.32
797.89	1267.22
798.07	1273.84
798.26	1265.62
798.44	1273.00
798.63	1270.31
798.81	1268.41
798.99	1269.45
799.18	1271.44
799.36	1269.64
799.55	1280.57
799.73	1269.41
799.92	1279.88
800.10	1267.98
800.29	1279.47
800.47	1271.42
800.66	1275.07
800.84	1273.41
801.03	1280.10
801.21	1278.10
801.39	1277.79
801.58	1272.65
801.76	1281.07
801.95	1278.55
802.13	1281.52
802.32	1272.71
802.50	1275.54
802.69	1270.23
802.87	1281.97
803.06	1282.25
803.24	1282.64
803.42	1268.35
803.61	1284.51
803.79	1276.31
803.98	1281.05
804.16	1280.47
804.35	1281.46
804.53	1276.95
804.71	1284.49
804.90	1283.34
805.08	1287.27
805.27	1277.75
805.45	1287.33
805.63	1281.84
805.82	1291.24
806.00	1288.21
806.19	1294.50
806.37	1286.21
806.56	1294.38
806.74	1291.06
806.92	1297.16
807.11	1294.48
807.29	1297.45
807.48	1295.89
807.66	1303.55
807.84	1293.80
808.03	1300.28
808.21	1297.22
808.40	1301.81
808.58	1304.78
808.76	1305.31
808.95	1302.49
809.13	1307.48
809.32	1304.84
809.50	1314.43
809.68	1302.45
809.87	1300.21
810.05	1311.97
810.23	1314.02
810.42	1307.69
810.60	1315.43
810.79	1310.76
810.97	1320.86
811.15	1313.03
811.34	1313.89
811.52	1310.80
811.70	1317.62
811.89	1315.41
812.07	1318.75
812.25	1313.55
812.44	1311.50
812.62	1317.13
812.81	1320.16
812.99	1313.26
813.17	1314.90
813.36	1314.86
813.54	1311.19
813.72	1312.22
813.91	1313.89
814.09	1317.23
814.27	1313.63
814.46	1306.87
814.64	1317.29
814.82	1308.28
815.01	1318.01
815.19	1309.29
815.37	1317.15
815.56	1308.04
815.74	1307.67
815.92	1311.70
816.11	1325.24
816.29	1313.12
816.47	1313.16
816.66	1306.62
816.84	1321.72
817.02	1320.74
817.21	1325.90
817.39	1324.44
817.57	1338.00
817.76	1337.43
817.94	1352.54
818.12	1363.58
818.30	1409.84
818.49	1450.23
818.67	1532.23
818.85	1616.46
819.04	1761.25
819.22	1912.33
819.40	2140.33
819.59	2371.06
819.77	2664.82
819.95	2969.70
820.13	3365.78
820.32	3750.26
820.50	4175.30
820.68	4627.04
820.87	5149.54
821.05	5692.04
821.23	6176.53
821.41	6734.56
821.60	7313.13
821.78	7904.91
821.96	8477.98
822.14	9135.82
822.33	9696.21
822.51	10354.57
822.69	11072.10
822.88	11656.67
823.06	12268.62
823.24	12975.25
823.42	13588.05
823.61	14190.42
823.79	14751.13
823.97	15298.78
824.15	15772.96
824.34	16202.42
824.52	16573.88
824.70	16861.89
824.88	17129.05
825.07	17194.05
825.25	17116.35
825.43	16962.90
825.61	16991.85
825.80	16632.37
825.98	16248.46
826.16	15854.41
826.34	15313.03
826.53	14930.08
826.71	14276.90
826.89	13666.59
827.07	13125.25
827.25	12395.11
827.44	11821.59
827.62	11209.93
827.80	10569.63
827.98	9887.33
828.17	9257.39
828.35	8600.49
828.53	7991.36
828.71	7363.39
828.89	6816.60
829.08	6205.39
829.26	5729.09
829.44	5245.89
829.62	4789.97
829.80	4441.49
829.99	4096.86
830.17	3831.87
830.35	3601.78
830.53	3430.45
830.71	3264.71
830.90	3122.13
831.08	3031.87
831.26	2923.95
831.44	2848.79
831.62	2773.71
831.81	2709.34
831.99	2632.62
832.17	2595.31
832.35	2544.33
832.53	2501.82
832.71	2428.71
832.90	2392.01
833.08	2356.54
833.26	2323.58
833.44	2258.77
833.62	2233.43
833.81	2186.29
833.99	2166.83
834.17	2108.36
834.35	2082.42
834.53	2052.82
834.71	2030.46
834.89	1986.10
835.08	1967.07
835.26	1926.79
835.44	1936.81
835.62	1908.60
835.80	1889.64
835.98	1884.91
836.17	1871.45
836.35	1863.51
836.53	1854.78
836.71	1859.39
836.89	1861.73
837.07	1852.78
837.25	1858.94
837.44	1846.10
837.62	1863.39
837.80	1855.62
837.98	1864.78
838.16	1856.52
838.34	1862.53
838.52	1855.89
838.70	1851.67
838.89	1844.30
839.07	1853.78
839.25	1822.69
839.43	1826.13
839.61	1808.29
839.79	1797.81
839.97	1783.74
840.15	1785.34
840.33	1751.73
840.52	1738.21
840.70	1718.53
840.88	1710.73
841.06	1680.42
841.24	1671.33
841.42	1634.18
841.60	1631.21
841.78	1598.28
841.96	1584.00
842.14	1557.03
842.33	1539.58
842.51	1524.84
842.69	1514.72
842.87	1487.79
843.05	1472.80
843.23	1451.85
843.41	1451.31
843.59	1424.10
843.77	1422.50
843.95	1413.90
844.13	1407.55
844.31	1390.20
844.49	1388.01
844.68	1371.77
844.86	1365.50
845.04	1350.08
845.22	1352.93
845.40	1341.07
845.58	1346.23
845.76	1330.28
845.94	1328.66
846.12	1309.70
846.30	1316.02
846.48	1312.93
846.66	1313.06
846.84	1302.57
847.02	1307.67
847.20	1295.81
847.38	1292.31
847.56	1287.05
847.74	1295.07
847.92	1287.11
848.11	1279.82
848.29	1280.49
848.47	1280.53
848.65	1276.77
848.83	1287.31
849.01	1277.34
849.19	1279.53
849.37	1272.10
849.55	1280.16
849.73	1275.25
849.91	1277.56
850.09	1274.64
850.27	1272.28
850.45	1278.01
850.63	1273.53
850.81	1272.61
850.99	1276.72
851.17	1270.81
851.35	1271.32
851.53	1277.65
851.71	1282.09
851.89	1272.26
852.07	1280.12
852.25	1265.85
852.43	1272.14
852.61	1266.63
852.79	1274.94
852.97	1273.69
853.15	1270.66
853.33	1273.16
853.51	1280.37
853.69	1269.06
853.87	1276.52
854.05	1272.57
854.23	1274.78
854.41	1268.61
854.59	1276.27
854.77	1267.73
854.95	1275.54
855.13	1268.29
855.31	1271.54
855.49	1269.47
855.67	1273.39
855.84	1264.85
856.02	1269.04
856.20	1271.48
856.38	1270.05
856.56	1266.55
856.74	1271.54
856.92	1263.99
857.10	1269.19
857.28	1260.42
857.46	1273.71
857.64	1264.66
857.82	1275.29
858.00	1259.07
858.18	1265.40
858.36	1263.47
858.54	1270.79
858.72	1265.75
858.90	1268.70
859.08	1267.63
859.25	1272.55
859.43	1258.62
859.61	1282.85
859.79	1265.05
859.97	1274.49
860.15	1259.99
860.33	1271.95
860.51	1269.31
860.69	1271.07
860.87	1264.11
861.05	1270.89
861.23	1267.71
861.41	1272.59
861.58	1262.47
861.76	1274.41
861.94	1263.94
862.12	1268.37
862.30	1271.46
862.48	1274.23
862.66	1263.02
862.84	1277.63
863.02	1267.94
863.20	1278.85
863.37	1267.22
863.55	1271.85
863.73	1273.26
863.91	1278.59
864.09	1262.25
864.27	1269.92
864.45	1266.42
864.63	1282.25
864.80	1263.92
864.98	1272.18
865.16	1271.75
865.34	1281.21
865.52	1273.20
865.70	1272.57
865.88	1265.24
866.06	1277.81
866.23	1269.13
866.41	1279.35
866.59	1266.14
866.77	1280.72
866.95	1267.55
867.13	1275.11
867.31	1268.86
867.48	1260.40
867.66	1269.25
867.84	1269.56
868.02	1268.80
868.20	1273.57
868.38	1267.49
868.56	1273.06
868.73	1272.89
868.91	1274.61
869.09	1273.71
869.27	1265.97
869.45	1262.02
869.63	1272.61
869.80	1265.52
869.98	1273.12
870.16	1266.30
870.34	1271.07
870.52	1264.09
870.70	1269.06
870.87	1267.02
871.05	1261.02
871.23	1262.63
871.41	1270.25
871.59	1265.11
871.76	1273.08
871.94	1262.00
872.12	1262.20
872.30	1254.83
872.48	1264.60
872.65	1261.77
872.83	1268.66
873.01	1259.09
873.19	1271.38
873.37	1258.64
873.54	1268.18
873.72	1252.66
873.90	1271.91
874.08	1256.86
874.26	1263.72
874.43	1251.53
874.61	1257.10
874.79	1260.34
874.97	1254.93
875.15	1260.50
875.32	1265.60
875.50	1257.78
875.68	1260.91
875.86	1256.45
876.03	1258.23
876.21	1257.60
876.39	1268.66
876.57	1255.75
876.74	1268.06
876.92	1258.87
877.10	1264.83
877.28	1254.36
877.45	1261.45
877.63	1263.13
877.81	1260.93
877.99	1254.11
878.17	1265.97
878.34	1255.43
878.52	1267.47
878.70	1253.21
878.87	1266.14
879.05	1258.68
879.23	1265.13
879.41	1251.62
879.58	1258.70
879.76	1261.61
879.94	1267.67
880.12	1263.64
880.29	1268.25
880.47	1254.54
880.65	1260.87
880.83	1257.62
881.00	1262.04
881.18	1255.86
881.36	1268.53
881.53	1255.32
881.71	1261.55
881.89	1254.38
882.07	1261.00
882.24	1255.92
882.42	1262.68
882.60	1258.97
882.77	1257.58
882.95	1263.64
883.13	1262.31
883.30	1255.81
883.48	1264.15
883.66	1253.21
883.84	1264.25
884.01	1256.78
884.19	1264.68
884.37	1254.95
884.54	1265.77
884.72	1254.87
884.90	1264.93
885.07	1264.05
885.25	1258.62
885.43	1256.76
885.60	1267.82
885.78	1257.72
885.96	1260.07
886.13	1256.53
886.31	1263.11
886.49	1257.37
886.66	1255.59
886.84	1259.85
887.02	1265.81
887.19	1250.47
887.37	1261.38
887.55	1260.36
887.72	1266.96
887.90	1257.58
888.08	1269.78
888.25	1251.41
888.43	1264.54
888.61	1253.07
888.78	1259.42
888.96	1259.91
889.14	1264.78
889.31	1260.73
889.49	1267.77
889.67	1255.22
889.84	1260.42
890.02	1256.70
890.19	1262.82
890.37	1253.60
890.55	1270.40
890.72	1253.40
890.90	1262.20
891.08	1256.00
891.25	1264.97
891.43	1255.47
891.60	1261.20
891.78	1264.40
891.96	1258.15
892.13	1255.98
892.31	1268.20
892.48	1252.03
892.66	1264.74
892.84	1257.53
893.01	1264.48
893.19	1254.83
893.36	1260.77
893.54	1262.35
893.72	1265.19
893.89	1259.38
894.07	1261.73
894.24	1258.82
894.42	1275.64
894.60	1261.98
894.77	1264.56
894.95	1249.28
895.12	1257.64
895.30	1260.18
895.48	1265.85
895.65	1258.62
895.83	1258.89
896.00	1259.91
896.18	1263.72
896.35	1253.05
896.53	1262.14
896.71	1255.28
896.88	1264.27
897.06	1256.61
897.23	1266.93
897.41	1254.85
897.58	1264.35
897.76	1255.83
897.93	1261.77
898.11	1257.99
898.29	1263.88
898.46	1263.80
898.64	1261.34
898.81	1250.74
898.99	1265.24
899.16	1258.46
899.34	1263.11
899.51	1263.64
899.69	1266.38
899.86	1252.39
900.04	1257.39
900.21	1255.06
900.39	1262.88
900.57	1258.13
900.74	1256.57
900.92	1257.17
901.09	1265.85
901.27	1256.47
901.44	1257.41
901.62	1262.04
901.79	1260.83
901.97	1248.59
902.14	1254.28
902.32	1259.81
902.49	1265.46
902.67	1251.72
902.84	1260.75
903.02	1256.61
903.19	1262.08
903.37	1254.28
903.54	1259.26
903.72	1259.42
903.89	1258.99
904.07	1257.56
904.24	1260.50
904.42	1255.79
904.59	1259.75
904.77	1261.86
904.94	1260.81
905.12	1255.22
905.29	1258.89
905.47	1249.55
905.64	1254.54
905.82	1258.66
905.99	1260.61
906.16	1258.68
906.34	1261.49
906.51	1248.87
906.69	1259.01
906.86	1250.80
907.04	1260.28
907.21	1254.26
907.39	1258.03
907.56	1256.43
907.74	1264.25
907.91	1259.71
908.09	1261.63
908.26	1248.97
908.43	1265.58
908.61	1263.43
908.78	1261.51
908.96	1262.41
909.13	1259.42
909.31	1261.04
909.48	1264.07
909.65	1257.13
909.83	1262.61
910.00	1264.99
910.18	1265.75
910.35	1255.59
910.53	1260.77
910.70	1261.69
910.87	1275.04
911.05	1263.13
911.22	1254.57
911.40	1254.59
911.57	1262.33
911.75	1254.65
911.92	1254.46
912.09	1248.91
912.27	1265.44
912.44	1254.44
912.62	1266.81
912.79	1255.90
912.96	1264.74
913.14	1251.70
913.31	1264.54
913.49	1255.43
913.66	1263.62
913.83	1250.43
914.01	1264.70
914.18	1258.82
914.36	1265.50
914.53	1253.19
914.70	1264.60
914.88	1255.53
915.05	1264.35
915.22	1257.04
915.40	1256.78
915.57	1250.88
915.75	1264.74
915.92	1252.66
916.09	1259.71
916.27	1264.15
916.44	1258.74
916.61	1256.67
916.79	1259.97
916.96	1253.21
917.13	1265.48
917.31	1254.52
917.48	1267.41
917.66	1259.19
917.83	1262.59
918.00	1257.39
918.18	1267.10
918.35	1255.77
918.52	1267.80
918.70	1257.62
918.87	1261.18
919.04	1253.81
919.22	1273.12
919.39	1254.14
919.56	1262.16
919.74	1256.74
919.91	1258.62
920.08	1254.20
920.26	1259.58
920.43	1254.93
920.60	1264.31
920.78	1255.06
920.95	1263.31
921.12	1259.52
921.29	1257.13
921.47	1254.42
921.64	1265.11
921.81	1256.90
921.99	1266.65
922.16	1257.04
922.33	1262.68
922.51	1258.50
922.68	1262.41
922.85	1258.87
923.03	1257.60
923.20	1256.02
923.37	1259.75
923.54	1256.39
923.72	1262.68
923.89	1255.61
924.06	1264.50
924.24	1260.91
924.41	1264.95
924.58	1249.30
924.75	1264.40
924.93	1252.76
925.10	1259.42
925.27	1258.27
925.44	1260.46
925.62	1257.47
925.79	1257.23
925.96	1259.89
926.14	1259.66
926.31	1261.75
926.48	1262.55
926.65	1253.13
926.83	1265.01
927.00	1247.07
927.17	1254.34
927.34	1253.21
927.52	1263.66
927.69	1249.36
927.86	1255.53
928.03	1259.71
928.21	1257.84
928.38	1254.44
928.55	1264.74
928.72	1258.91
928.89	1255.96
929.07	1260.38
929.24	1261.26
929.41	1254.89
929.58	1259.81
929.76	1259.19
929.93	1260.59
930.10	1249.20
930.27	1263.82
930.44	1251.68
930.62	1263.41
930.79	1250.67
930.96	1262.80
931.13	1258.33
931.31	1265.42
931.48	1256.98
931.65	1263.64
931.82	1254.89
931.99	1261.36
932.17	1259.69
932.34	1263.72
932.51	1254.44
932.68	1263.23
932.85	1258.64
933.03	1262.12
933.20	1253.11
933.37	1267.26
933.54	1249.69
933.71	1260.38
933.88	1262.14
934.06	1261.28
934.23	1250.20
934.40	1265.48
934.57	1255.14
934.74	1264.66
934.91	1251.51
935.09	1263.56
935.26	1252.50
935.43	1264.76
935.60	1256.55
935.77	1266.91
935.94	1252.48
936.12	1260.93
936.29	1253.83
936.46	1268.53
936.63	1253.52
936.80	1261.36
936.97	1256.96
937.14	1257.43
937.32	1250.49
937.49	1257.78
937.66	1253.91
937.83	1254.14
938.00	1253.34
938.17	1257.94
938.34	1253.56
938.52	1255.94
938.69	1249.02
938.86	1263.99
939.03	1252.44
939.20	1261.63
939.37	1255.53
939.54	1265.07
939.71	1256.37
939.89	1263.37
940.06	1253.75
940.23	1254.18
940.40	1257.37
940.57	1259.93
940.74	1259.05
940.91	1259.01
941.08	1254.69
941.25	1254.91
941.43	1255.14
941.60	1257.56
941.77	1258.46
941.94	1269.13
942.11	1263.54
942.28	1259.99
942.45	1255.43
942.62	1259.54
942.79	1255.38
942.96	1259.66
943.13	1249.51
943.30	1257.49
943.48	1259.15
943.65	1262.10
943.82	1257.41
943.99	1265.83
944.16	1250.08
944.33	1260.87
944.50	1251.31
944.67	1260.05
944.84	1246.21
945.01	1264.44
945.18	1252.87
945.35	1261.36
945.52	1261.10
945.69	1260.61
945.86	1259.36
946.03	1265.83
946.21	1260.91
946.38	1260.67
946.55	1249.75
946.72	1264.87
946.89	1258.17
947.06	1258.62
947.23	1260.57
947.40	1260.30
947.57	1257.25
947.74	1254.34
947.91	1248.61
948.08	1259.56
948.25	1250.76
948.42	1260.85
948.59	1257.82
948.76	1256.47
948.93	1248.28
949.10	1253.71
949.27	1251.10
949.44	1261.26
949.61	1246.23
949.78	1260.07
949.95	1257.80
950.12	1263.41
950.29	1256.10
950.46	1261.96
950.63	1257.72
950.80	1262.18
950.97	1250.90
951.14	1261.30
951.31	1259.71
951.48	1263.15
951.65	1256.00
951.82	1258.19
951.99	1255.06
952.16	1264.48
952.33	1259.38
952.50	1261.36
952.67	1259.83
952.84	1257.64
953.01	1259.42
953.18	1264.50
953.35	1258.72
953.52	1264.89
953.69	1253.71
953.86	1257.10
954.03	1255.47
954.20	1259.95
954.37	1259.81
954.54	1255.69
954.70	1257.76
954.87	1257.37
955.04	1252.11
955.21	1258.50
955.38	1250.80
955.55	1260.63
955.72	1248.89
955.89	1261.73
956.06	1259.17
956.23	1261.61
956.40	1254.38
956.57	1268.66
956.74	1251.23
956.91	1256.96
957.08	1250.71
957.25	1260.77
957.41	1257.00
957.58	1262.04
957.75	1250.26
957.92	1262.76
958.09	1259.26
958.26	1260.55
958.43	1259.01
958.60	1271.99
958.77	1259.83
958.94	1263.15
959.11	1259.83
959.27	1260.83
959.44	1253.58
959.61	1264.72
959.78	1251.55
959.95	1259.36
960.12	1254.50
960.29	1255.47
960.46	1249.04
960.63	1261.94
960.80	1259.38
960.96	1263.08
961.13	1257.49
961.30	1267.92
961.47	1256.18
961.64	1260.26
961.81	1257.56
961.98	1262.04
962.15	1256.41
962.31	1260.05
962.48	1258.17
962.65	1263.08
962.82	1257.06
962.99	1262.16
963.16	1260.09
963.33	1262.70
963.49	1257.10
963.66	1258.58
963.83	1250.65
964.00	1260.05
964.17	1251.41
964.34	1265.56
964.51	1259.77
964.67	1264.97
964.84	1261.45
965.01	1285.12
965.18	1257.94
965.35	1271.01
965.52	1252.17
965.68	1255.98
965.85	1251.43
966.02	1259.60
966.19	1255.71
966.36	1258.93
966.52	1249.51
966.69	1267.55
966.86	1252.37
967.03	1265.50
967.20	1260.55
967.37	1257.82
967.53	1258.29
967.70	1268.33
967.87	1253.77
968.04	1263.15
968.21	1254.14
968.37	1262.06
968.54	1254.22
968.71	1261.18
968.88	1254.57
969.05	1262.55
969.21	1248.11
969.38	1260.50
969.55	1258.85
969.72	1269.49
969.89	1255.83
970.05	1262.45
970.22	1250.76
970.39	1257.41
970.56	1249.63
970.72	1259.85
970.89	1264.87
971.06	1273.57
971.23	1253.36
971.39	1260.79
971.56	1259.77
971.73	1258.91
971.90	1263.13
972.07	1262.37
972.23	1264.46
972.40	1259.79
972.57	1256.67
972.74	1261.34
972.90	1253.42
973.07	1262.00
973.24	1254.85
973.40	1259.52
973.57	1258.64
973.74	1262.70
973.91	1263.41
974.07	1265.87
974.24	1255.08
974.41	1261.79
974.58	1256.61
974.74	1262.94
974.91	1259.23
975.08	1257.00
975.25	1254.71
975.41	1267.16
975.58	1254.89
975.75	1255.75
975.91	1259.56
976.08	1258.66
976.25	1258.42
976.42	1255.53
976.58	1253.34
976.75	1253.03
976.92	1256.10
977.08	1259.89
977.25	1248.93
977.42	1253.91
977.58	1255.06
977.75	1261.38
977.92	1252.62
978.08	1261.28
978.25	1250.10
978.42	1260.91
978.59	1250.65
978.75	1266.26
978.92	1259.48
979.09	1258.76
979.25	1250.53
979.42	1267.98
979.59	1254.63
979.75	1259.17
979.92	1258.95
980.09	1261.02
980.25	1255.51
980.42	1261.94
980.59	1256.65
980.75	1255.55
980.92	1249.10
981.09	1269.21
981.25	1250.20
981.42	1253.83
981.59	1254.34
981.75	1263.47
981.92	1253.54
982.08	1265.19
982.25	1248.32
982.42	1262.70
982.58	1253.71
982.75	1259.40
982.92	1249.36
983.08	1253.52
983.25	1251.68
983.42	1258.89
983.58	1248.34
983.75	1253.03
983.91	1251.19
984.08	1258.23
984.25	1261.88
984.41	1262.00
984.58	1256.02
984.74	1257.84
984.91	1247.11
985.08	1258.17
985.24	1254.07
985.41	1260.65
985.57	1252.44
985.74	1259.71
985.91	1257.29
986.07	1262.00
986.24	1251.62
986.40	1253.09
986.57	1255.61
986.74	1259.07
986.90	1259.23
987.07	1263.06
987.23	1265.58
987.40	1260.89
987.57	1259.09
987.73	1262.80
987.90	1253.97
988.06	1258.66
988.23	1256.37
988.39	1261.16
988.56	1255.86
988.73	1262.65
988.89	1255.20
989.06	1258.78
989.22	1255.32
989.39	1257.60
989.55	1256.82
989.72	1261.59
989.88	1251.80
990.05	1265.83
990.22	1254.07
990.38	1268.43
990.55	1252.54
990.71	1264.05
990.88	1252.44
991.04	1255.30
991.21	1244.20
991.37	1258.52
991.54	1256.96
991.70	1258.78
991.87	1261.00
992.03	1264.46
992.20	1251.25
992.36	1266.65
992.53	1248.28
992.69	1263.84
992.86	1258.68
993.03	1259.93
993.19	1259.73
993.36	1267.82
993.52	1259.77
993.69	1259.69
993.85	1255.30
994.02	1259.62
994.18	1252.76
994.35	1264.03
994.51	1259.26
994.68	1261.41
994.84	1259.66
995.01	1265.85
995.17	1259.69
995.34	1265.79
995.50	1248.93
995.66	1266.38
995.83	1251.04
995.99	1255.88
996.16	1263.49
996.32	1257.19
996.49	1247.72
996.65	1254.59
996.82	1248.67
996.98	1265.81
997.15	1249.59
997.31	1272.98
997.48	1247.68
997.64	1257.06
997.81	1254.95
997.97	1259.01
998.13	1255.71
998.30	1261.30
998.46	1251.86
998.63	1265.52
998.79	1250.76
998.96	1262.02
999.12	1255.16
999.29	1266.61
999.45	1262.10
999.61	1264.74
999.78	1250.94
999.94	1262.63
1000.11	1256.22
1000.27	1266.28
1000.44	1259.07
1000.60	1263.47
1000.76	1259.52
1000.93	1270.09
1001.09	1265.58
1001.26	1266.57
1001.42	1262.53
1001.59	1265.30
1001.75	1254.36
1001.91	1266.01
1002.08	1256.90
1002.24	1260.71
1002.41	1254.59
1002.57	1261.02
1002.73	1254.26
1002.90	1258.70
1003.06	1255.79
1003.23	1260.73
1003.39	1259.87
1003.55	1260.03
1003.72	1259.15
1003.88	1267.02
1004.04	1257.64
1004.21	1261.98
1004.37	1254.48
1004.54	1258.54
1004.70	1254.40
1004.86	1262.49
1005.03	1251.64
1005.19	1263.66
1005.35	1252.54
1005.52	1257.00
1005.68	1252.76
1005.85	1265.34
1006.01	1250.45
1006.17	1261.10
1006.34	1258.27
1006.50	1260.50
1006.66	1259.09
1006.83	1256.16
1006.99	1252.89
1007.15	1256.18
1007.32	1249.38
1007.48	1261.02
1007.64	1256.31
1007.81	1254.83
1007.97	1257.17
1008.13	1264.17
1008.30	1253.97
1008.46	1262.27
1008.62	1261.16
1008.79	1257.76
1008.95	1251.43
1009.11	1256.61
1009.28	1254.28
1009.44	1257.19
1009.60	1251.39
1009.77	1260.18
1009.93	1254.93
1010.09	1258.52
1010.25	1255.45
1010.42	1260.20
1010.58	1251.06
1010.74	1262.31
1010.91	1254.83
1011.07	1263.64
1011.23	1259.71
1011.40	1256.20
1011.56	1257.43
1011.72	1253.01
1011.88	1257.74
1012.05	1259.64
1012.21	1262.43
1012.37	1254.01
1012.54	1259.09
1012.70	1254.97
1012.86	1257.90
1013.02	1257.96
1013.19	1261.90
1013.35	1260.73
1013.51	1255.20
1013.67	1255.92
1013.84	1260.91
1014.00	1258.25
1014.16	1258.31
1014.33	1261.57
1014.49	1253.75
1014.65	1254.40
1014.81	1250.12
1014.98	1265.07
1015.14	1260.22
1015.30	1258.09
1015.46	1261.69
1015.62	1262.63
1015.79	1256.33
1015.95	1263.35
1016.11	1260.42
1016.27	1261.49
1016.44	1247.77
1016.60	1256.45
1016.76	1247.11
1016.92	1258.54
1017.09	1250.51
1017.25	1268.14
1017.41	1255.04
1017.57	1267.26
1017.73	1253.19
1017.90	1270.68
1018.06	1258.11
1018.22	1262.22
1018.38	1250.82
1018.54	1261.67
1018.71	1255.77
1018.87	1252.52
1019.03	1254.87
1019.19	1265.60
1019.35	1258.03
1019.52	1264.33
1019.68	1250.94
1019.84	1262.35
1020.00	1260.65
1020.16	1258.99
1020.33	1264.72
1020.49	1255.22
1020.65	1248.38
1020.81	1263.06
1020.97	1256.02
1021.13	1262.29
1021.30	1256.06
1021.46	1266.69
1021.62	1254.79
1021.78	1265.38
1021.94	1247.46
1022.10	1266.85
1022.27	1252.89
1022.43	1262.49
1022.59	1256.00
1022.75	1255.49
1022.91	1253.85
1023.07	1258.48
1023.24	1251.62
1023.40	1254.28
1023.56	1255.51
1023.72	1261.81
1023.88	1254.67
1024.04	1260.42
1024.20	1261.06
1024.36	1259.03
1024.53	1256.08
1024.69	1259.89
1024.85	1254.73
1025.01	1262.76
1025.17	1253.21
1025.33	1263.80
1025.49	1256.31
1025.65	1258.48
1025.82	1251.55
1025.98	1269.92
1026.14	1257.86
1026.30	1260.73
1026.46	1252.54
1026.62	1270.48
1026.78	1257.23
1026.94	1257.35
1027.10	1252.78
1027.26	1263.74
1027.43	1244.53
1027.59	1267.10
1027.75	1247.81
1027.91	1263.00
1028.07	1250.41
1028.23	1262.88
1028.39	1253.44
1028.55	1261.51
1028.71	1258.09
1028.87	1263.39
1029.03	1255.36
1029.19	1258.76
1029.36	1253.05
1029.52	1262.90
1029.68	1251.96
1029.84	1270.29
1030.00	1255.79
1030.16	1263.06
1030.32	1259.69
1030.48	1265.11
1030.64	1255.26
1030.80	1264.09
1030.96	1256.96
1031.12	1263.06
1031.28	1251.64
1031.44	1258.91
1031.60	1257.64
1031.76	1264.91
1031.92	1250.55
1032.08	1282.66
1032.24	1253.15
1032.40	1261.90
1032.56	1257.13
1032.73	1272.53
1032.89	1251.98
1033.05	1258.35
1033.21	1252.31
1033.37	1260.28
1033.53	1253.27
1033.69	1264.07
1033.85	1250.74
1034.01	1264.03
1034.17	1255.69
1034.33	1261.16
1034.49	1261.14
1034.65	1261.38
1034.81	1250.00
1034.97	1254.87
1035.13	1255.63
1035.29	1259.93
1035.45	1254.26
1035.61	1258.29
1035.77	1262.43
1035.93	1259.05
1036.09	1249.85
1036.25	1259.75
1036.41	1258.95
1036.57	1262.59
1036.73	1255.61
1036.88	1259.85
1037.04	1251.12
