345.52	1193.76
345.73	1193.76
345.94	1193.76
346.16	1193.00
346.37	1198.04
346.58	1200.23
346.79	1205.99
347.00	1199.68
347.22	1202.83
347.43	1196.77
347.64	1207.48
347.85	1201.73
348.06	1209.28
348.28	1199.41
348.49	1208.40
348.70	1197.22
348.91	1205.78
349.12	1199.47
349.34	1209.82
349.55	1197.88
349.76	1213.18
349.97	1202.79
350.18	1210.23
350.40	1200.19
350.61	1211.29
350.82	1203.35
351.03	1211.93
351.24	1207.75
351.46	1206.23
351.67	1203.94
351.88	1206.79
352.09	1201.44
352.30	1211.70
352.51	1197.94
352.73	1212.54
352.94	1201.50
353.15	1206.48
353.36	1201.91
353.57	1204.43
353.79	1204.25
354.00	1205.21
354.21	1202.36
354.42	1210.27
354.63	1197.82
354.84	1204.00
355.06	1200.62
355.27	1207.79
355.48	1204.12
355.69	1204.27
355.90	1201.40
356.11	1210.96
356.33	1205.15
356.54	1220.88
356.75	1204.62
356.96	1208.32
357.17	1208.40
357.38	1209.43
357.60	1200.56
357.81	1212.77
358.02	1199.13
358.23	1209.71
358.44	1200.60
358.65	1206.79
358.87	1211.17
359.08	1205.72
359.29	1204.64
359.50	1210.08
359.71	1197.59
359.92	1210.60
360.13	1199.13
360.35	1208.87
360.56	1203.16
360.77	1201.40
360.98	1209.28
361.19	1210.74
361.40	1199.52
361.62	1206.64
361.83	1201.11
362.04	1207.54
362.25	1203.22
362.46	1206.85
362.67	1206.72
362.88	1211.19
363.10	1211.89
363.31	1207.38
363.52	1203.71
363.73	1206.34
363.94	1201.44
364.15	1209.43
364.36	1214.63
364.57	1207.93
364.79	1198.12
365.00	1211.37
365.21	1202.69
365.42	1208.47
365.63	1195.54
365.84	1207.87
366.05	1200.07
366.27	1208.75
366.48	1200.23
366.69	1212.17
366.90	1196.96
367.11	1213.54
367.32	1210.92
367.53	1219.59
367.74	1200.62
367.95	1208.01
368.17	1198.39
368.38	1209.12
368.59	1204.43
368.80	1207.20
369.01	1204.47
369.22	1209.24
369.43	1209.18
369.64	1210.57
369.86	1205.93
370.07	1209.37
370.28	1192.61
370.49	1213.69
370.70	1203.88
370.91	1213.46
371.12	1200.74
371.33	1210.96
371.54	1209.26
371.76	1207.71
371.97	1197.45
372.18	1214.83
372.39	1201.71
372.60	1217.95
372.81	1205.07
373.02	1211.52
373.23	1211.89
373.44	1210.90
373.65	1210.35
373.87	1208.30
374.08	1205.80
374.29	1211.74
374.50	1207.44
374.71	1211.66
374.92	1212.79
375.13	1209.86
375.34	1201.91
375.55	1210.10
375.76	1204.94
375.97	1212.19
376.19	1208.61
376.40	1212.44
376.61	1202.98
376.82	1214.83
377.03	1207.46
377.24	1208.90
377.45	1205.33
377.66	1203.57
377.87	1205.41
378.08	1214.53
378.29	1207.81
378.50	1208.87
378.71	1195.65
378.93	1215.88
379.14	1201.89
379.35	1210.88
379.56	1215.00
379.77	1214.06
379.98	1200.40
380.19	1213.01
380.40	1210.39
380.61	1211.09
380.82	1201.09
381.03	1215.92
381.24	1206.81
381.45	1213.91
381.66	1196.71
381.88	1216.23
382.09	1202.40
382.30	1212.89
382.51	1206.79
382.72	1208.73
382.93	1198.74
383.14	1215.12
383.35	1204.43
383.56	1214.08
383.77	1201.71
383.98	1204.31
384.19	1204.21
384.40	1209.69
384.61	1203.51
384.82	1213.75
385.03	1203.98
385.24	1203.71
385.45	1207.50
385.67	1212.97
385.88	1203.04
386.09	1210.04
386.30	1202.53
386.51	1206.99
386.72	1212.34
386.93	1212.60
387.14	1211.11
387.35	1210.08
387.56	1219.79
387.77	1209.43
387.98	1202.85
388.19	1208.20
388.40	1199.74
388.61	1208.85
388.82	1206.72
389.03	1209.47
389.24	1202.57
389.45	1210.51
389.66	1207.05
389.87	1214.40
390.08	1210.64
390.29	1213.20
390.50	1202.53
390.71	1218.85
390.92	1206.81
391.13	1208.49
391.34	1206.34
391.55	1214.32
391.76	1209.53
391.98	1215.10
392.19	1203.55
392.40	1209.82
392.61	1207.28
392.82	1208.87
393.03	1207.85
393.24	1216.17
393.45	1206.52
393.66	1212.03
393.87	1206.54
394.08	1214.88
394.29	1209.69
394.50	1212.03
394.71	1203.12
394.92	1215.59
395.13	1205.80
395.34	1213.79
395.55	1202.83
395.76	1221.49
395.97	1202.34
396.18	1215.88
396.39	1206.01
396.60	1209.80
396.81	1212.93
397.02	1211.15
397.23	1209.69
397.44	1214.69
397.65	1208.98
397.86	1218.01
398.07	1208.20
398.28	1209.18
398.49	1209.90
398.70	1216.90
398.91	1198.49
399.12	1211.74
399.33	1206.85
399.54	1213.18
399.75	1197.98
399.96	1211.27
400.17	1206.97
400.38	1206.56
400.59	1202.40
400.80	1208.16
401.01	1205.48
401.22	1214.22
401.42	1204.49
401.63	1213.75
401.84	1203.28
402.05	1211.15
402.26	1202.12
402.47	1210.80
402.68	1202.69
402.89	1208.55
403.10	1202.96
403.31	1207.97
403.52	1205.39
403.73	1211.70
403.94	1211.39
404.15	1210.74
404.36	1205.35
404.57	1214.08
404.78	1206.46
404.99	1207.28
405.20	1199.13
405.41	1215.10
405.62	1202.73
405.83	1208.47
406.04	1205.11
406.25	1209.43
406.46	1206.91
406.67	1216.35
406.88	1204.70
407.09	1207.56
407.30	1207.46
407.50	1215.80
407.71	1206.07
407.92	1216.29
408.13	1207.61
408.34	1207.75
408.55	1208.01
408.76	1207.40
408.97	1212.54
409.18	1207.18
409.39	1211.64
409.60	1205.15
409.81	1207.77
410.02	1208.65
410.23	1203.76
410.44	1210.53
410.65	1203.45
410.86	1214.73
411.07	1203.47
411.27	1220.51
411.48	1207.73
411.69	1214.47
411.90	1204.62
412.11	1209.90
412.32	1202.57
412.53	1212.23
412.74	1205.07
412.95	1213.91
413.16	1204.72
413.37	1202.98
413.58	1202.96
413.79	1220.71
414.00	1202.73
414.20	1207.09
414.41	1204.78
414.62	1210.53
414.83	1211.68
415.04	1214.32
415.25	1213.89
415.46	1208.87
415.67	1204.43
415.88	1221.90
416.09	1208.40
416.30	1212.01
416.51	1208.38
416.71	1213.85
416.92	1203.12
417.13	1208.75
417.34	1205.13
417.55	1212.91
417.76	1200.03
417.97	1209.65
418.18	1205.58
418.39	1208.36
418.60	1204.74
418.81	1209.69
419.01	1200.77
419.22	1210.10
419.43	1212.40
419.64	1206.34
419.85	1207.13
420.06	1211.03
420.27	1203.90
420.48	1213.77
420.69	1201.46
420.90	1210.78
421.10	1207.38
421.31	1216.43
421.52	1206.29
421.73	1209.18
421.94	1191.26
422.15	1205.31
422.36	1201.17
422.57	1207.75
422.78	1206.83
422.98	1207.85
423.19	1204.92
423.40	1212.66
423.61	1206.66
423.82	1211.54
424.03	1204.00
424.24	1215.51
424.45	1199.27
424.65	1205.95
424.86	1200.56
425.07	1209.43
425.28	1204.37
425.49	1217.87
425.70	1202.12
425.91	1204.35
426.12	1206.66
426.32	1207.91
426.53	1202.32
426.74	1215.61
426.95	1205.07
427.16	1216.35
427.37	1206.09
427.58	1207.91
427.78	1203.02
427.99	1217.07
428.20	1208.75
428.41	1218.58
428.62	1207.87
428.83	1209.69
429.04	1202.10
429.24	1211.97
429.45	1213.32
429.66	1211.95
429.87	1203.28
430.08	1212.25
430.29	1202.49
430.50	1214.61
430.70	1204.94
430.91	1203.14
431.12	1205.93
431.33	1213.63
431.54	1201.52
431.75	1214.55
431.96	1210.70
432.16	1222.21
432.37	1202.89
432.58	1208.18
432.79	1204.82
433.00	1206.56
433.21	1199.43
433.41	1206.62
433.62	1204.98
433.83	1205.02
434.04	1204.31
434.25	1208.28
434.46	1203.49
434.66	1212.46
434.87	1203.92
435.08	1212.73
435.29	1207.40
435.50	1209.06
435.71	1211.58
435.91	1209.31
436.12	1212.54
436.33	1205.21
436.54	1211.11
436.75	1211.31
436.95	1208.63
437.16	1205.09
437.37	1203.39
437.58	1209.39
437.79	1200.15
438.00	1215.98
438.20	1200.85
438.41	1219.16
438.62	1203.35
438.83	1211.50
439.04	1193.88
439.24	1212.56
439.45	1206.64
439.66	1209.22
439.87	1204.31
440.08	1209.88
440.28	1207.54
440.49	1207.81
440.70	1201.50
440.91	1222.56
441.12	1207.67
441.32	1210.29
441.53	1204.88
441.74	1206.85
441.95	1208.96
442.16	1200.25
442.36	1202.30
442.57	1213.26
442.78	1203.88
442.99	1213.03
443.20	1204.45
443.40	1209.39
443.61	1204.94
443.82	1211.76
444.03	1202.96
444.24	1214.22
444.44	1201.83
444.65	1211.50
444.86	1200.83
445.07	1213.03
445.27	1199.93
445.48	1205.19
445.69	1206.21
445.90	1208.26
446.11	1200.89
446.31	1213.73
446.52	1202.67
446.73	1209.02
446.94	1213.13
447.14	1212.52
447.35	1206.46
447.56	1221.49
447.77	1204.51
447.97	1213.73
448.18	1208.87
448.39	1213.38
448.60	1200.40
448.81	1217.23
449.01	1201.60
449.22	1217.78
449.43	1202.36
449.64	1207.89
449.84	1207.93
450.05	1213.13
450.26	1201.50
450.47	1211.78
450.67	1204.92
450.88	1208.57
451.09	1203.86
451.30	1209.47
451.50	1202.51
451.71	1213.11
451.92	1205.43
452.13	1207.85
452.33	1203.90
452.54	1209.14
452.75	1193.90
452.96	1210.53
453.16	1196.36
453.37	1208.98
453.58	1203.59
453.79	1212.73
453.99	1210.88
454.20	1213.42
454.41	1203.10
454.61	1206.46
454.82	1206.27
455.03	1211.33
455.24	1203.92
455.44	1208.53
455.65	1207.48
455.86	1212.25
456.07	1200.95
456.27	1207.22
456.48	1205.99
456.69	1214.10
456.90	1212.70
457.10	1213.81
457.31	1210.04
457.52	1213.38
457.72	1206.68
457.93	1211.82
458.14	1210.14
458.35	1206.68
458.55	1198.43
458.76	1216.72
458.97	1206.09
459.17	1205.60
459.38	1206.72
459.59	1208.18
459.80	1207.48
460.00	1212.46
460.21	1207.50
460.42	1207.67
460.62	1202.89
460.83	1209.71
461.04	1210.74
461.25	1213.24
461.45	1213.34
461.66	1210.47
461.87	1209.26
462.07	1215.59
462.28	1212.21
462.49	1215.51
462.69	1208.18
462.90	1207.97
463.11	1202.49
463.31	1213.67
463.52	1201.34
463.73	1214.63
463.94	1204.43
464.14	1208.65
464.35	1207.81
464.56	1214.96
464.76	1205.58
464.97	1218.46
465.18	1202.65
465.38	1208.71
465.59	1212.36
465.80	1212.13
466.00	1200.54
466.21	1214.90
466.42	1200.11
466.62	1207.54
466.83	1202.98
467.04	1216.17
467.24	1203.88
467.45	1209.39
467.66	1207.09
467.86	1211.66
468.07	1207.26
468.28	1212.62
468.48	1212.66
468.69	1214.53
468.90	1205.05
469.10	1214.22
469.31	1208.40
469.52	1211.72
469.72	1207.93
469.93	1208.94
470.14	1206.25
470.34	1210.43
470.55	1204.55
470.76	1215.02
470.96	1208.55
471.17	1207.13
471.38	1206.44
471.58	1211.74
471.79	1208.10
472.00	1210.14
472.20	1205.70
472.41	1211.62
472.62	1211.09
472.82	1208.98
473.03	1201.89
473.24	1207.42
473.44	1204.35
473.65	1208.40
473.85	1202.81
474.06	1219.87
474.27	1209.26
474.47	1213.11
474.68	1203.06
474.89	1218.89
475.09	1205.86
475.30	1214.32
475.51	1204.21
475.71	1216.12
475.92	1208.49
476.12	1211.82
476.33	1209.88
476.54	1210.68
476.74	1204.39
476.95	1213.46
477.16	1203.47
477.36	1206.34
477.57	1201.73
477.77	1215.98
477.98	1202.63
478.19	1209.31
478.39	1200.03
478.60	1214.26
478.81	1200.31
479.01	1214.47
479.22	1208.61
479.42	1206.32
479.63	1209.31
479.84	1206.25
480.04	1204.35
480.25	1209.39
480.45	1207.77
480.66	1209.53
480.87	1205.41
481.07	1215.45
481.28	1208.81
481.48	1215.90
481.69	1206.68
481.90	1209.76
482.10	1209.59
482.31	1209.06
482.51	1209.98
482.72	1211.66
482.93	1205.72
483.13	1212.21
483.34	1206.34
483.54	1210.33
483.75	1204.96
483.96	1206.38
484.16	1201.05
484.37	1208.79
484.57	1198.14
484.78	1212.09
484.99	1209.80
485.19	1202.71
485.40	1205.91
485.60	1214.83
485.81	1199.72
486.01	1211.19
486.22	1216.64
486.43	1208.92
486.63	1207.52
486.84	1207.99
487.04	1208.92
487.25	1213.01
487.46	1208.53
487.66	1210.86
487.87	1210.62
488.07	1210.31
488.28	1200.99
488.48	1209.14
488.69	1203.55
488.89	1211.50
489.10	1207.93
489.31	1211.48
489.51	1208.12
489.72	1215.49
489.92	1210.41
490.13	1217.50
490.33	1203.94
490.54	1216.51
490.75	1197.14
490.95	1204.55
491.16	1205.07
491.36	1209.06
491.57	1206.21
491.77	1212.40
491.98	1206.44
492.18	1213.85
492.39	1208.61
492.59	1218.85
492.80	1201.77
493.01	1218.62
493.21	1210.82
493.42	1216.74
493.62	1204.19
493.83	1211.37
494.03	1207.71
494.24	1209.24
494.44	1209.22
494.65	1212.73
494.85	1201.52
495.06	1208.18
495.26	1208.87
495.47	1215.26
495.68	1204.98
495.88	1218.21
496.09	1203.63
496.29	1216.68
496.50	1207.05
496.70	1209.33
496.91	1211.13
497.11	1206.85
497.32	1204.35
497.52	1214.24
497.73	1203.96
497.93	1214.53
498.14	1202.89
498.34	1209.65
498.55	1205.56
498.75	1209.69
498.96	1205.58
499.16	1206.66
499.37	1201.54
499.57	1218.54
499.78	1205.74
499.98	1212.13
500.19	1210.62
500.39	1209.67
500.60	1199.88
500.80	1214.81
501.01	1203.49
501.21	1212.70
501.42	1208.73
501.62	1206.81
501.83	1201.81
502.03	1211.89
502.24	1204.47
502.44	1211.03
502.65	1206.03
502.85	1212.54
503.06	1210.35
503.26	1207.40
503.47	1206.29
503.67	1213.50
503.88	1207.24
504.08	1213.56
504.29	1199.60
504.49	1217.46
504.70	1209.53
504.90	1213.30
505.11	1212.15
505.31	1213.32
505.52	1206.25
505.72	1205.21
505.93	1208.01
506.13	1208.63
506.34	1210.82
506.54	1212.52
506.75	1207.56
506.95	1209.00
507.16	1209.94
507.36	1216.41
507.56	1205.93
507.77	1204.51
507.97	1209.35
508.18	1215.88
508.38	1209.22
508.59	1212.42
508.79	1197.57
509.00	1210.94
509.20	1206.97
509.41	1209.35
509.61	1206.42
509.82	1213.05
510.02	1205.15
510.22	1217.39
510.43	1206.07
510.63	1215.51
510.84	1202.71
511.04	1203.94
511.25	1206.64
511.45	1213.32
511.66	1207.95
511.86	1216.84
512.06	1208.94
512.27	1204.08
512.47	1198.53
512.68	1209.10
512.88	1209.14
513.09	1211.35
513.29	1208.49
513.50	1207.56
513.70	1197.04
513.90	1212.25
514.11	1205.27
514.31	1207.89
514.52	1204.41
514.72	1217.44
514.93	1209.67
515.13	1210.62
515.33	1206.83
515.54	1206.72
515.74	1208.10
515.95	1210.00
516.15	1204.80
516.36	1218.50
516.56	1209.10
516.76	1212.23
516.97	1206.23
517.17	1211.80
517.38	1209.35
517.58	1216.29
517.78	1210.86
517.99	1208.71
518.19	1203.69
518.40	1205.25
518.60	1209.80
518.81	1213.13
519.01	1201.83
519.21	1209.08
519.42	1206.40
519.62	1209.80
519.83	1201.77
520.03	1209.86
520.23	1204.84
520.44	1210.29
520.64	1205.56
520.85	1207.13
521.05	1200.62
521.25	1214.71
521.46	1201.56
521.66	1213.40
521.86	1198.51
522.07	1211.58
522.27	1201.73
522.48	1219.61
522.68	1209.39
522.88	1208.51
523.09	1210.92
523.29	1214.59
523.50	1210.94
523.70	1218.05
523.90	1198.16
524.11	1209.49
524.31	1201.11
524.51	1213.73
524.72	1202.24
524.92	1215.94
525.13	1204.00
525.33	1210.92
525.53	1207.89
525.74	1204.49
525.94	1207.79
526.14	1210.82
526.35	1204.78
526.55	1214.12
526.76	1205.25
526.96	1213.40
527.16	1200.81
527.37	1213.22
527.57	1208.83
527.77	1213.05
527.98	1202.81
528.18	1216.19
528.38	1207.58
528.59	1209.08
528.79	1205.86
528.99	1212.11
529.20	1210.53
529.40	1209.24
529.61	1200.13
529.81	1213.91
530.01	1208.18
530.22	1214.10
530.42	1208.16
530.62	1207.46
530.83	1209.90
531.03	1204.62
531.23	1211.21
531.44	1214.96
531.64	1206.05
531.84	1212.09
532.05	1210.53
532.25	1209.65
532.45	1199.54
532.66	1205.27
532.86	1208.71
533.06	1209.39
533.27	1207.79
533.47	1219.54
533.67	1202.61
533.88	1217.58
534.08	1206.36
534.28	1217.29
534.49	1202.26
534.69	1216.70
534.89	1206.19
535.09	1207.56
535.30	1207.40
535.50	1206.19
535.70	1205.52
535.91	1215.31
536.11	1202.77
536.31	1212.01
536.52	1209.24
536.72	1217.85
536.92	1198.88
537.13	1209.53
537.33	1207.93
537.53	1214.49
537.74	1203.61
537.94	1205.02
538.14	1197.32
538.34	1215.29
538.55	1206.46
538.75	1212.13
538.95	1214.96
539.16	1216.25
539.36	1213.89
539.56	1210.39
539.77	1204.12
539.97	1213.40
540.17	1197.94
540.37	1212.75
540.58	1207.99
540.78	1213.89
540.98	1205.80
541.19	1206.60
541.39	1201.81
541.59	1210.78
541.79	1208.08
542.00	1215.82
542.20	1211.76
542.40	1211.09
542.60	1196.26
542.81	1208.77
543.01	1208.49
543.21	1208.51
543.42	1199.45
543.62	1214.02
543.82	1207.65
544.02	1213.65
544.23	1212.68
544.43	1207.99
544.63	1203.92
544.83	1211.35
545.04	1212.77
545.24	1212.89
545.44	1207.07
545.64	1212.75
545.85	1202.16
546.05	1209.88
546.25	1208.92
546.45	1215.08
546.66	1214.30
546.86	1204.88
547.06	1209.10
547.27	1214.65
547.47	1210.86
547.67	1207.63
547.87	1209.59
548.07	1211.70
548.28	1206.05
548.48	1216.31
548.68	1207.97
548.88	1206.79
549.09	1205.54
549.29	1210.86
549.49	1203.88
549.69	1219.28
549.90	1208.06
550.10	1214.14
550.30	1213.54
550.50	1211.39
550.71	1213.24
550.91	1207.69
551.11	1197.26
551.31	1213.24
551.51	1203.90
551.72	1204.57
551.92	1206.85
552.12	1207.36
552.32	1198.82
552.53	1214.06
552.73	1200.97
552.93	1217.37
553.13	1207.30
553.33	1209.12
553.54	1211.46
553.74	1217.58
553.94	1205.70
554.14	1218.42
554.35	1203.45
554.55	1213.42
554.75	1209.20
554.95	1214.92
555.15	1202.26
555.36	1210.31
555.56	1205.93
555.76	1207.91
555.96	1206.44
556.16	1210.35
556.37	1207.46
556.57	1212.50
556.77	1208.14
556.97	1208.69
557.17	1208.06
557.38	1212.58
557.58	1208.20
557.78	1209.41
557.98	1207.30
558.18	1211.17
558.38	1207.13
558.59	1215.16
558.79	1207.65
558.99	1211.15
559.19	1207.50
559.39	1210.80
559.60	1205.25
559.80	1211.54
560.00	1204.31
560.20	1210.51
560.40	1208.44
560.60	1212.91
560.81	1203.45
561.01	1210.02
561.21	1210.49
561.41	1209.35
561.61	1206.27
561.81	1211.58
562.02	1206.70
562.22	1212.93
562.42	1208.96
562.62	1220.96
562.82	1202.75
563.02	1212.38
563.23	1209.41
563.43	1210.49
563.63	1202.96
563.83	1208.08
564.03	1210.06
564.23	1209.90
564.43	1203.00
564.64	1209.92
564.84	1214.34
565.04	1208.08
565.24	1205.95
565.44	1212.56
565.64	1199.72
565.85	1216.47
566.05	1201.99
566.25	1216.12
566.45	1208.20
566.65	1218.58
566.85	1205.91
567.05	1211.46
567.25	1206.07
567.46	1211.62
567.66	1205.93
567.86	1210.29
568.06	1198.49
568.26	1215.88
568.46	1203.82
568.66	1212.91
568.86	1211.21
569.07	1219.79
569.27	1201.42
569.47	1208.12
569.67	1206.93
569.87	1215.18
570.07	1201.03
570.27	1213.30
570.47	1201.03
570.68	1216.00
570.88	1205.19
571.08	1209.31
571.28	1200.42
571.48	1209.16
571.68	1204.80
571.88	1214.63
572.08	1203.26
572.28	1218.97
572.49	1201.50
572.69	1217.21
572.89	1206.29
573.09	1215.24
573.29	1206.81
573.49	1208.77
573.69	1203.18
573.89	1214.73
574.09	1206.64
574.29	1215.96
574.50	1206.13
574.70	1209.94
574.90	1212.44
575.10	1212.23
575.30	1206.32
575.50	1215.20
575.70	1206.32
575.90	1202.92
576.10	1204.45
576.30	1215.22
576.50	1211.03
576.70	1208.92
576.91	1203.82
577.11	1212.30
577.31	1205.48
577.51	1213.75
577.71	1212.87
577.91	1207.63
578.11	1207.44
578.31	1213.63
578.51	1204.92
578.71	1215.00
578.91	1205.99
579.11	1206.25
579.31	1206.32
579.51	1213.11
579.71	1203.22
579.92	1214.75
580.12	1209.98
580.32	1213.71
580.52	1200.17
580.72	1211.00
580.92	1207.15
581.12	1211.29
581.32	1211.00
581.52	1207.24
581.72	1208.55
581.92	1212.87
582.12	1207.15
582.32	1208.63
582.52	1206.68
582.72	1208.36
582.92	1208.61
583.12	1215.74
583.32	1204.45
583.52	1217.11
583.72	1206.75
583.92	1213.38
584.12	1207.54
584.33	1220.20
584.53	1205.52
584.73	1210.14
584.93	1211.33
585.13	1211.15
585.33	1206.11
585.53	1217.89
585.73	1206.58
585.93	1212.44
586.13	1207.13
586.33	1215.43
586.53	1211.82
586.73	1206.87
586.93	1213.09
587.13	1209.65
587.33	1204.80
587.53	1222.97
587.73	1202.55
587.93	1206.23
588.13	1209.41
588.33	1212.30
588.53	1207.32
588.73	1212.52
588.93	1207.15
589.13	1217.82
589.33	1199.09
589.53	1212.60
589.73	1204.23
589.93	1214.92
590.13	1206.50
590.33	1212.85
590.53	1215.08
590.73	1212.79
590.93	1207.38
591.13	1212.05
591.33	1209.86
591.53	1219.22
591.73	1212.91
591.93	1213.40
592.13	1204.14
592.33	1217.23
592.53	1210.04
592.73	1215.37
592.93	1211.31
593.13	1215.98
593.33	1204.14
593.53	1218.17
593.73	1208.36
593.93	1215.65
594.13	1211.89
594.33	1215.76
594.53	1211.91
594.73	1210.08
594.92	1209.26
595.12	1218.46
595.32	1208.67
595.52	1213.95
595.72	1214.30
595.92	1214.69
596.12	1213.54
596.32	1213.65
596.52	1206.60
596.72	1211.03
596.92	1207.42
597.12	1209.53
597.32	1206.81
597.52	1219.18
597.72	1203.00
597.92	1216.00
598.12	1201.97
598.32	1214.18
598.52	1217.01
598.72	1217.35
598.92	1215.43
599.12	1218.95
599.31	1206.01
599.51	1208.69
599.71	1205.58
599.91	1220.30
600.11	1216.33
600.31	1213.89
600.51	1219.54
600.71	1214.90
600.91	1203.61
601.11	1218.54
601.31	1209.47
601.51	1210.80
601.71	1208.92
601.91	1213.95
602.10	1204.78
602.30	1209.69
602.50	1205.88
602.70	1220.92
602.90	1205.56
603.10	1214.14
603.30	1213.65
603.50	1213.93
603.70	1214.22
603.90	1219.09
604.10	1211.21
604.30	1208.53
604.49	1210.78
604.69	1211.29
604.89	1217.46
605.09	1222.99
605.29	1210.29
605.49	1218.87
605.69	1207.67
605.89	1213.40
606.09	1214.45
606.29	1215.69
606.48	1204.21
606.68	1220.63
606.88	1203.96
607.08	1212.83
607.28	1215.45
607.48	1217.85
607.68	1213.91
607.88	1221.16
608.08	1212.75
608.27	1219.52
608.47	1212.81
608.67	1219.77
608.87	1204.53
609.07	1221.94
609.27	1204.14
609.47	1224.85
609.67	1220.96
609.87	1221.65
610.06	1210.29
610.26	1222.64
610.46	1216.84
610.66	1221.70
610.86	1222.15
611.06	1217.15
611.26	1215.12
611.45	1222.49
611.65	1213.75
611.85	1218.09
612.05	1206.83
612.25	1216.72
612.45	1211.89
612.65	1224.73
612.84	1214.34
613.04	1214.98
613.24	1218.05
613.44	1217.44
613.64	1210.51
613.84	1221.08
614.04	1217.31
614.23	1220.55
614.43	1211.74
614.63	1226.79
614.83	1210.04
615.03	1236.07
615.23	1217.09
615.42	1223.46
615.62	1214.90
615.82	1221.06
616.02	1215.16
616.22	1226.84
616.42	1216.53
616.61	1223.66
616.81	1214.10
617.01	1224.71
617.21	1219.16
617.41	1218.81
617.61	1221.20
617.80	1218.68
618.00	1223.05
618.20	1226.51
618.40	1220.94
618.60	1227.41
618.80	1218.23
618.99	1221.72
619.19	1221.29
619.39	1235.09
619.59	1223.31
619.79	1230.97
619.98	1222.70
620.18	1233.59
620.38	1231.05
620.58	1236.93
620.78	1231.12
620.97	1233.25
621.17	1238.39
621.37	1233.59
621.57	1226.88
621.77	1239.10
621.96	1232.16
622.16	1240.29
622.36	1237.36
622.56	1240.93
622.76	1238.12
622.95	1241.64
623.15	1241.21
623.35	1243.92
623.55	1232.51
623.75	1246.19
623.94	1242.67
624.14	1243.81
624.34	1232.37
624.54	1244.63
624.73	1239.35
624.93	1250.78
625.13	1255.10
625.33	1250.61
625.53	1240.58
625.72	1252.19
625.92	1249.10
626.12	1249.28
626.32	1241.15
626.51	1259.73
626.71	1249.34
626.91	1260.20
627.11	1251.86
627.30	1254.75
627.50	1257.51
627.70	1264.50
627.90	1249.71
628.10	1264.89
628.29	1261.86
628.49	1261.55
628.69	1256.10
628.89	1264.35
629.08	1266.73
629.28	1263.62
629.48	1262.04
629.68	1270.31
629.87	1268.59
630.07	1265.87
630.27	1262.53
630.47	1270.85
630.66	1266.48
630.86	1273.43
631.06	1264.50
631.25	1275.41
631.45	1268.86
631.65	1276.58
631.85	1268.27
632.04	1276.29
632.24	1269.31
632.44	1268.94
632.64	1270.62
632.83	1272.24
633.03	1267.39
633.23	1271.42
633.42	1270.81
633.62	1273.24
633.82	1269.66
634.02	1276.36
634.21	1271.83
634.41	1281.15
634.61	1263.11
634.81	1268.37
635.00	1269.25
635.20	1270.15
635.40	1270.72
635.59	1280.98
635.79	1259.21
635.99	1273.00
636.18	1259.42
636.38	1272.57
636.58	1263.37
636.78	1271.19
636.97	1264.27
637.17	1271.73
637.37	1267.80
637.56	1270.91
637.76	1267.39
637.96	1278.57
638.15	1271.42
638.35	1271.05
638.55	1267.16
638.74	1267.41
638.94	1263.13
639.14	1280.74
639.34	1279.22
639.53	1284.49
639.73	1278.22
639.93	1291.22
640.12	1284.57
640.32	1299.03
640.52	1300.56
640.71	1308.37
640.91	1313.63
641.11	1336.18
641.30	1335.99
641.50	1358.07
641.70	1375.44
641.89	1410.50
642.09	1430.73
642.29	1458.77
642.48	1483.32
642.68	1512.88
642.88	1535.61
643.07	1577.43
643.27	1608.27
643.47	1642.86
643.66	1685.33
643.86	1738.19
644.06	1799.26
644.25	1904.16
644.45	2007.11
644.65	2178.61
644.84	2385.33
645.04	2754.33
645.23	3191.06
645.43	3775.08
645.63	4509.85
645.82	5316.79
646.02	6124.84
646.22	6967.97
646.41	7801.27
646.61	8499.64
646.81	9178.22
647.00	9787.10
647.20	10165.83
647.39	10571.10
647.59	10804.57
647.79	11077.52
647.98	11271.43
648.18	11412.06
648.38	11522.47
648.57	11566.76
648.77	11700.95
648.96	11772.32
649.16	11803.02
649.36	11936.61
649.55	11985.96
649.75	12045.99
649.95	11974.80
650.14	11953.05
650.34	11918.46
650.53	11831.96
650.73	11656.71
650.93	11442.66
651.12	11223.48
651.32	10760.70
651.51	10285.57
651.71	9645.79
651.91	8969.08
652.10	8240.88
652.30	7436.89
652.49	6739.87
652.69	6086.65
652.89	5534.45
653.08	5059.67
653.28	4662.12
653.47	4347.86
653.67	4127.41
653.86	3918.85
654.06	3759.29
654.26	3607.68
654.45	3479.17
654.65	3363.50
654.84	3248.73
655.04	3166.14
655.24	3101.55
655.43	3009.76
655.63	2948.95
655.82	2868.00
656.02	2819.25
656.21	2744.50
656.41	2692.16
656.61	2640.86
656.80	2583.33
657.00	2518.08
657.19	2457.28
657.39	2400.47
657.58	2363.25
657.78	2298.58
657.97	2261.96
658.17	2212.34
658.37	2174.21
658.56	2129.03
658.76	2101.54
658.95	2051.33
659.15	2022.92
659.34	1989.54
659.54	1968.69
659.73	1937.81
659.93	1912.48
660.13	1889.33
660.32	1870.92
660.52	1848.66
660.71	1827.71
660.91	1827.28
661.10	1812.23
661.30	1803.18
661.49	1811.47
661.69	1812.02
661.88	1844.93
662.08	1875.92
662.27	1931.32
662.47	2010.59
662.66	2118.48
662.86	2223.42
663.06	2340.15
663.25	2443.94
663.45	2537.58
663.64	2610.79
663.84	2662.50
664.03	2696.79
664.23	2717.72
664.42	2731.93
664.62	2710.10
664.81	2664.61
665.01	2639.36
665.20	2561.09
665.40	2515.27
665.59	2429.59
665.79	2363.83
665.98	2291.19
666.18	2218.48
666.37	2137.55
666.57	2069.33
666.76	1994.52
666.96	1933.20
667.15	1870.51
667.35	1799.84
667.54	1738.38
667.74	1693.08
667.93	1644.99
668.13	1607.82
668.32	1571.39
668.52	1553.77
668.71	1532.13
668.91	1529.26
669.10	1521.64
669.30	1505.18
669.49	1503.11
669.68	1499.89
669.88	1478.94
670.07	1480.70
670.27	1456.11
670.46	1432.06
670.66	1394.73
670.85	1373.06
671.05	1337.43
671.24	1317.07
671.44	1291.45
671.63	1282.32
671.83	1266.32
672.02	1277.24
672.22	1253.93
672.41	1265.56
672.60	1258.68
672.80	1261.57
672.99	1260.89
673.19	1257.88
673.38	1240.39
673.58	1260.63
673.77	1247.70
673.97	1255.30
674.16	1248.65
674.36	1254.54
674.55	1239.12
674.74	1260.07
674.94	1242.13
675.13	1244.96
675.33	1240.58
675.52	1244.55
675.72	1238.78
675.91	1248.20
676.10	1239.74
676.30	1243.04
676.49	1234.50
676.69	1244.28
676.88	1238.10
677.08	1235.01
677.27	1232.94
677.46	1242.79
677.66	1232.51
677.85	1235.62
678.05	1234.74
678.24	1243.75
678.44	1223.07
678.63	1234.86
678.82	1227.02
679.02	1234.86
679.21	1232.28
679.41	1238.63
679.60	1226.14
679.79	1232.24
679.99	1221.24
680.18	1232.94
680.38	1227.14
680.57	1220.86
680.76	1228.54
680.96	1217.95
681.15	1215.39
681.35	1225.61
681.54	1224.44
681.73	1227.39
681.93	1214.28
682.12	1225.87
682.32	1218.77
682.51	1229.48
682.70	1218.62
682.90	1226.84
683.09	1213.63
683.29	1223.97
683.48	1221.86
683.67	1223.25
683.87	1218.13
684.06	1227.96
684.25	1212.11
684.45	1224.26
684.64	1218.73
684.84	1221.90
685.03	1211.99
685.22	1218.99
685.42	1218.75
685.61	1226.10
685.80	1215.43
686.00	1222.82
686.19	1221.51
686.38	1223.93
686.58	1211.19
686.77	1228.56
686.96	1219.14
687.16	1222.35
687.35	1217.13
687.55	1219.34
687.74	1216.58
687.93	1230.09
688.13	1212.62
688.32	1216.70
688.51	1212.50
688.71	1215.72
688.90	1211.46
689.09	1213.44
689.29	1205.74
689.48	1213.13
689.67	1218.77
689.87	1227.51
690.06	1214.65
690.25	1222.17
690.45	1215.80
690.64	1228.21
690.83	1217.97
691.03	1220.45
691.22	1214.20
691.41	1219.03
691.61	1216.49
691.80	1231.24
691.99	1210.19
692.19	1223.23
692.38	1213.71
692.57	1220.94
692.76	1217.70
692.96	1228.17
693.15	1212.40
693.34	1214.98
693.54	1213.81
693.73	1228.43
693.92	1219.48
694.12	1221.76
694.31	1209.04
694.50	1215.10
694.70	1217.64
694.89	1211.52
695.08	1216.27
695.27	1224.52
695.47	1224.17
695.66	1219.11
695.85	1210.31
696.05	1231.96
696.24	1209.86
696.43	1220.34
696.62	1208.77
696.82	1219.75
697.01	1208.55
697.20	1213.03
697.40	1215.29
697.59	1216.39
697.78	1213.16
697.97	1218.30
698.17	1209.41
698.36	1218.05
698.55	1204.92
698.74	1219.77
698.94	1209.45
699.13	1221.33
699.32	1212.09
699.52	1218.23
699.71	1210.27
699.90	1216.62
700.09	1208.30
700.29	1212.13
700.48	1209.71
700.67	1212.83
700.86	1202.10
701.06	1213.85
701.25	1202.75
701.44	1211.11
701.63	1208.83
701.83	1210.08
702.02	1205.19
702.21	1216.86
702.40	1202.34
702.60	1217.19
702.79	1205.72
702.98	1216.35
703.17	1201.73
703.37	1211.05
703.56	1202.94
703.75	1214.57
703.94	1203.43
704.13	1208.36
704.33	1201.63
704.52	1217.13
704.71	1209.63
704.90	1215.16
705.10	1211.43
705.29	1212.58
705.48	1208.20
705.67	1211.13
705.86	1208.22
706.06	1207.65
706.25	1201.24
706.44	1210.21
706.63	1204.94
706.83	1211.29
707.02	1209.53
707.21	1212.48
707.40	1207.38
707.59	1211.05
707.79	1210.47
707.98	1209.92
708.17	1212.19
708.36	1216.45
708.55	1211.15
708.75	1210.64
708.94	1202.53
709.13	1217.97
709.32	1206.52
709.51	1211.97
709.71	1205.80
709.90	1213.50
710.09	1203.76
710.28	1218.48
710.47	1203.32
710.66	1211.76
710.86	1207.71
711.05	1216.06
711.24	1205.48
711.43	1213.42
711.62	1211.74
711.82	1214.51
712.01	1205.35
712.20	1208.57
712.39	1206.11
712.58	1210.62
712.77	1207.69
712.97	1208.30
713.16	1213.75
713.35	1213.89
713.54	1198.92
713.73	1215.47
713.92	1208.04
714.11	1210.92
714.31	1215.92
714.50	1209.20
714.69	1203.65
714.88	1215.43
715.07	1202.85
715.26	1207.69
715.46	1204.31
715.65	1215.18
715.84	1205.13
716.03	1213.61
716.22	1210.29
716.41	1209.51
716.60	1202.59
716.80	1214.94
716.99	1206.72
717.18	1215.04
717.37	1200.79
717.56	1211.43
717.75	1207.67
717.94	1216.82
718.13	1204.25
718.33	1213.97
718.52	1206.70
718.71	1208.53
718.90	1210.19
719.09	1212.05
719.28	1200.31
719.47	1219.69
719.66	1205.78
719.85	1211.50
720.05	1200.48
720.24	1205.82
720.43	1206.17
720.62	1209.00
720.81	1203.37
721.00	1217.35
721.19	1212.36
721.38	1214.02
721.57	1200.05
721.77	1215.18
721.96	1203.82
722.15	1206.34
722.34	1203.86
722.53	1215.35
722.72	1203.04
722.91	1215.55
723.10	1205.82
723.29	1211.93
723.48	1202.59
723.67	1207.56
723.87	1206.75
724.06	1209.14
724.25	1208.63
724.44	1214.77
724.63	1202.85
724.82	1214.16
725.01	1205.84
725.20	1209.53
725.39	1205.11
725.58	1209.51
725.77	1215.90
725.96	1216.51
726.15	1202.20
726.34	1211.29
726.54	1211.25
726.73	1213.03
726.92	1208.59
727.11	1213.56
727.30	1201.30
727.49	1208.75
727.68	1203.47
727.87	1216.04
728.06	1210.88
728.25	1206.44
728.44	1209.86
728.63	1215.53
728.82	1205.00
729.01	1207.09
729.20	1206.17
729.39	1212.01
729.58	1201.52
729.77	1208.44
729.96	1198.80
730.15	1211.56
730.34	1204.96
730.53	1212.66
730.73	1205.80
730.92	1214.20
731.11	1206.70
731.30	1212.62
731.49	1208.63
731.68	1212.70
731.87	1204.41
732.06	1216.80
732.25	1208.04
732.44	1212.15
732.63	1205.27
732.82	1213.07
733.01	1201.26
733.20	1210.33
733.39	1206.13
733.58	1220.00
733.77	1202.59
733.96	1213.77
734.15	1209.67
734.34	1215.29
734.53	1209.20
734.72	1214.32
734.91	1204.10
735.10	1215.08
735.29	1205.70
735.48	1218.32
735.67	1206.79
735.86	1216.49
736.05	1206.85
736.24	1215.31
736.43	1209.88
736.62	1208.61
736.81	1202.67
737.00	1219.20
737.19	1203.35
737.38	1213.54
737.57	1204.12
737.76	1211.80
737.95	1207.77
738.14	1212.44
738.33	1202.71
738.51	1217.48
738.70	1204.31
738.89	1214.77
739.08	1208.06
739.27	1205.33
739.46	1204.25
739.65	1211.23
739.84	1202.67
740.03	1209.06
740.22	1208.12
740.41	1208.22
740.60	1206.36
740.79	1207.30
740.98	1207.44
741.17	1219.11
741.36	1201.79
741.55	1211.66
741.74	1203.14
741.93	1214.45
742.12	1202.83
742.31	1209.67
742.50	1205.27
742.68	1207.67
742.87	1207.89
743.06	1218.62
743.25	1201.65
743.44	1206.44
743.63	1207.32
743.82	1211.33
744.01	1205.70
744.20	1212.52
744.39	1208.10
744.58	1207.22
744.77	1206.36
744.96	1203.80
745.14	1199.76
745.33	1209.90
745.52	1199.56
745.71	1208.16
745.90	1207.52
746.09	1212.54
746.28	1205.78
746.47	1213.01
746.66	1202.77
746.85	1205.78
747.04	1206.66
747.22	1211.19
747.41	1205.72
747.60	1215.02
747.79	1205.95
747.98	1213.01
748.17	1204.76
748.36	1209.84
748.55	1205.09
748.74	1211.50
748.93	1199.45
749.11	1205.99
749.30	1210.25
749.49	1212.15
749.68	1206.32
749.87	1210.57
750.06	1200.60
750.25	1207.32
750.44	1202.51
750.62	1207.63
750.81	1203.69
751.00	1206.32
751.19	1205.07
751.38	1205.21
751.57	1210.12
751.76	1209.22
751.95	1201.95
752.13	1212.38
752.32	1208.04
752.51	1210.88
752.70	1202.22
752.89	1203.55
753.08	1206.09
753.27	1207.44
753.45	1204.49
753.64	1211.68
753.83	1206.19
754.02	1209.84
754.21	1207.79
754.40	1208.81
754.58	1200.72
754.77	1210.92
754.96	1210.23
755.15	1214.47
755.34	1202.61
755.53	1208.90
755.71	1206.27
755.90	1205.80
756.09	1202.96
756.28	1204.84
756.47	1199.23
756.66	1205.82
756.84	1204.57
757.03	1215.61
757.22	1206.40
757.41	1213.73
757.60	1210.02
757.79	1214.34
757.97	1205.66
758.16	1212.70
758.35	1208.26
758.54	1207.32
758.73	1205.80
758.91	1204.47
759.10	1206.50
759.29	1211.50
759.48	1205.35
759.67	1215.04
759.85	1213.97
760.04	1213.44
760.23	1207.63
760.42	1205.93
760.61	1202.61
760.79	1213.87
760.98	1203.28
761.17	1201.20
761.36	1198.37
761.55	1203.92
761.73	1199.68
761.92	1209.59
762.11	1207.01
762.30	1212.07
762.49	1209.59
762.67	1209.92
762.86	1202.26
763.05	1207.69
763.24	1206.99
763.42	1212.91
763.61	1205.88
763.80	1205.13
763.99	1206.56
764.17	1205.33
764.36	1208.06
764.55	1204.86
764.74	1205.74
764.92	1208.92
765.11	1203.84
765.30	1211.13
765.49	1210.78
765.68	1211.62
765.86	1204.84
766.05	1214.04
766.24	1202.08
766.43	1218.30
766.61	1196.96
766.80	1210.55
766.99	1206.19
767.17	1210.35
767.36	1205.54
767.55	1210.19
767.74	1196.10
767.92	1205.19
768.11	1201.97
768.30	1206.11
768.49	1205.00
768.67	1213.36
768.86	1207.65
769.05	1210.02
769.24	1205.50
769.42	1215.02
769.61	1203.35
769.80	1211.56
769.98	1205.84
770.17	1210.70
770.36	1206.38
770.55	1208.59
770.73	1204.35
770.92	1215.90
771.11	1205.97
771.29	1204.82
771.48	1202.18
771.67	1213.18
771.86	1207.32
772.04	1208.36
772.23	1207.20
772.42	1210.53
772.60	1204.02
772.79	1209.69
772.98	1201.48
773.16	1206.62
773.35	1207.73
773.54	1217.21
773.72	1207.26
773.91	1207.97
774.10	1197.75
774.29	1216.41
774.47	1209.28
774.66	1216.49
774.85	1206.50
775.03	1217.74
775.22	1201.99
775.41	1213.63
775.59	1203.71
775.78	1212.01
775.97	1197.08
776.15	1212.93
776.34	1195.15
776.53	1209.02
776.71	1207.73
776.90	1205.43
777.09	1201.40
777.27	1215.12
777.46	1197.69
777.65	1211.74
777.83	1204.35
778.02	1207.65
778.21	1202.59
778.39	1205.76
778.58	1205.56
778.76	1206.97
778.95	1203.12
779.14	1211.00
779.32	1207.75
779.51	1211.23
779.70	1204.02
779.88	1207.75
780.07	1201.11
780.26	1210.29
780.44	1201.69
780.63	1207.91
780.81	1205.05
781.00	1212.17
781.19	1206.72
781.37	1209.12
781.56	1206.87
781.75	1201.60
781.93	1207.97
782.12	1212.70
782.30	1194.19
782.49	1199.29
782.68	1201.24
782.86	1216.29
783.05	1212.50
783.23	1212.15
783.42	1207.28
783.61	1217.27
783.79	1199.52
783.98	1208.30
784.16	1204.55
784.35	1205.48
784.54	1202.16
784.72	1213.61
784.91	1203.76
785.09	1214.20
785.28	1204.41
785.47	1215.55
785.65	1210.35
785.84	1207.61
786.02	1199.80
786.21	1208.63
786.40	1204.55
786.58	1209.31
786.77	1204.37
786.95	1208.94
787.14	1201.83
787.32	1210.49
787.51	1207.61
787.70	1210.29
787.88	1211.31
788.07	1206.62
788.25	1208.96
788.44	1218.50
788.62	1199.74
788.81	1202.42
789.00	1207.42
789.18	1208.38
789.37	1194.17
789.55	1210.12
789.74	1201.69
789.92	1213.03
790.11	1203.61
790.29	1208.98
790.48	1205.15
790.67	1207.34
790.85	1205.09
791.04	1208.40
791.22	1203.02
791.41	1207.46
791.59	1206.17
791.78	1204.41
791.96	1200.29
792.15	1212.07
792.33	1205.41
792.52	1210.12
792.70	1197.49
792.89	1212.87
793.07	1207.97
793.26	1211.07
793.45	1202.65
793.63	1214.40
793.82	1200.19
794.00	1214.75
794.19	1206.15
794.37	1208.28
794.56	1205.13
794.74	1202.77
794.93	1208.83
795.11	1212.75
795.30	1203.51
795.48	1205.68
795.67	1207.93
795.85	1211.25
796.04	1210.70
796.22	1210.47
796.41	1194.21
796.59	1204.57
796.78	1198.16
796.96	1212.85
797.15	1205.21
797.33	1203.24
797.52	1202.06
797.70	1212.68
797.89	1202.20
798.07	1207.38
798.26	1201.87
798.44	1216.41
798.63	1207.58
798.81	1203.65
798.99	1196.75
799.18	1210.31
799.36	1207.32
799.55	1218.05
799.73	1202.65
799.92	1213.81
800.10	1203.80
800.29	1205.60
800.47	1198.80
800.66	1219.75
800.84	1201.28
801.03	1213.89
801.21	1204.47
801.39	1206.46
801.58	1201.05
801.76	1209.86
801.95	1200.97
802.13	1208.49
802.32	1206.40
802.50	1211.31
802.69	1197.98
802.87	1209.63
803.06	1203.10
803.24	1212.46
803.42	1205.97
803.61	1208.51
803.79	1207.36
803.98	1212.58
804.16	1206.68
804.35	1210.49
804.53	1205.68
804.71	1213.11
804.90	1203.00
805.08	1206.32
805.27	1199.47
805.45	1212.07
805.63	1203.71
805.82	1209.67
806.00	1204.96
806.19	1212.27
806.37	1206.32
806.56	1213.20
806.74	1208.63
806.92	1212.44
807.11	1200.01
807.29	1210.78
807.48	1200.31
807.66	1211.66
807.84	1201.34
808.03	1203.90
808.21	1206.97
808.40	1202.40
808.58	1200.83
808.76	1214.75
808.95	1208.63
809.13	1211.11
809.32	1205.37
809.50	1209.63
809.68	1198.68
809.87	1205.56
810.05	1204.57
810.23	1207.42
810.42	1204.45
810.60	1213.26
810.79	1202.01
810.97	1212.85
811.15	1207.40
811.34	1210.78
811.52	1204.80
811.70	1214.75
811.89	1208.79
812.07	1217.17
812.25	1207.44
812.44	1210.76
812.62	1199.39
812.81	1214.28
812.99	1197.67
813.17	1211.80
813.36	1203.80
813.54	1207.58
813.72	1194.70
813.91	1210.55
814.09	1205.91
814.27	1208.77
814.46	1208.28
814.64	1208.67
814.82	1204.66
815.01	1207.91
815.19	1209.02
815.37	1209.94
815.56	1203.08
815.74	1208.36
815.92	1206.58
816.11	1213.48
816.29	1204.98
816.47	1209.49
816.66	1201.32
816.84	1212.07
817.02	1206.87
817.21	1208.28
817.39	1206.29
817.57	1216.98
817.76	1202.67
817.94	1211.43
818.12	1202.69
818.30	1211.37
818.49	1205.35
818.67	1213.89
818.85	1195.95
819.04	1213.63
819.22	1202.10
819.40	1209.96
819.59	1197.28
819.77	1214.79
819.95	1205.15
820.13	1209.67
820.32	1213.97
820.50	1204.08
820.68	1211.13
820.87	1215.12
821.05	1202.87
821.23	1214.38
821.41	1197.53
821.60	1207.99
821.78	1209.10
821.96	1205.11
822.14	1195.15
822.33	1209.80
822.51	1206.77
822.69	1209.82
822.88	1201.71
823.06	1203.82
823.24	1208.96
823.42	1216.27
823.61	1198.39
823.79	1213.65
823.97	1205.72
824.15	1212.32
824.34	1199.43
824.52	1215.69
824.70	1211.82
824.88	1206.64
825.07	1207.61
825.25	1208.96
825.43	1199.56
825.61	1210.84
825.80	1203.37
825.98	1217.09
826.16	1198.82
826.34	1208.67
826.53	1201.15
826.71	1207.46
826.89	1211.78
827.07	1212.77
827.25	1214.26
827.44	1209.10
827.62	1205.58
827.80	1208.01
827.98	1203.41
828.17	1204.23
828.35	1202.16
828.53	1213.73
828.71	1205.13
828.89	1200.93
829.08	1204.06
829.26	1212.42
829.44	1202.89
829.62	1210.12
829.80	1193.09
829.99	1206.77
830.17	1203.18
830.35	1212.05
830.53	1202.06
830.71	1208.32
830.90	1202.51
831.08	1208.94
831.26	1208.38
831.44	1217.62
831.62	1201.11
831.81	1207.63
831.99	1199.62
832.17	1206.58
832.35	1204.14
832.53	1217.46
832.71	1201.17
832.90	1210.41
833.08	1208.44
833.26	1206.09
833.44	1202.89
833.62	1205.66
833.81	1206.21
833.99	1214.36
834.17	1202.42
834.35	1204.62
834.53	1213.03
834.71	1211.07
834.89	1204.31
835.08	1213.97
835.26	1206.15
835.44	1209.61
835.62	1204.78
835.80	1210.10
835.98	1209.80
836.17	1211.48
836.35	1203.22
836.53	1213.85
836.71	1203.82
836.89	1210.49
837.07	1205.41
837.25	1211.84
837.44	1201.40
837.62	1212.60
837.80	1204.72
837.98	1213.03
838.16	1205.13
838.34	1204.10
838.52	1208.83
838.70	1204.88
838.89	1211.58
839.07	1215.53
839.25	1210.37
839.43	1210.43
839.61	1197.73
839.79	1209.55
839.97	1206.11
840.15	1211.03
840.33	1196.79
840.52	1211.35
840.70	1201.69
840.88	1205.25
841.06	1202.46
841.24	1210.78
841.42	1207.42
841.60	1209.65
841.78	1204.92
841.96	1212.01
842.14	1210.86
842.33	1213.77
842.51	1204.41
842.69	1209.61
842.87	1197.08
843.05	1217.11
843.23	1196.94
843.41	1213.83
843.59	1208.49
843.77	1208.38
843.95	1200.29
844.13	1209.94
844.31	1197.53
844.49	1210.08
844.68	1206.01
844.86	1207.09
845.04	1205.95
845.22	1212.05
845.40	1206.48
845.58	1211.60
845.76	1198.86
845.94	1213.18
846.12	1202.55
846.30	1210.53
846.48	1198.51
846.66	1203.39
846.84	1201.28
847.02	1210.78
847.20	1213.28
847.38	1214.36
847.56	1199.52
847.74	1216.51
847.92	1206.34
848.11	1201.38
848.29	1210.92
848.47	1211.17
848.65	1202.55
848.83	1209.76
849.01	1205.07
849.19	1207.11
849.37	1202.03
849.55	1207.42
849.73	1201.20
849.91	1209.06
850.09	1201.79
850.27	1212.44
850.45	1204.47
850.63	1210.39
850.81	1201.20
850.99	1213.93
851.17	1207.58
851.35	1208.51
851.53	1203.41
851.71	1215.04
851.89	1209.10
852.07	1208.73
852.25	1208.16
852.43	1203.80
852.61	1199.84
852.79	1207.91
852.97	1206.70
853.15	1212.62
853.33	1202.32
853.51	1211.54
853.69	1198.02
853.87	1208.77
854.05	1208.12
854.23	1208.10
854.41	1203.12
854.59	1204.62
854.77	1208.38
854.95	1207.46
855.13	1199.86
855.31	1212.25
855.49	1202.69
855.67	1207.05
855.84	1205.95
856.02	1206.01
856.20	1204.10
856.38	1210.43
856.56	1204.16
856.74	1211.54
856.92	1200.68
857.10	1210.62
857.28	1203.00
857.46	1206.83
857.64	1204.92
857.82	1206.85
858.00	1206.85
858.18	1212.38
858.36	1206.01
858.54	1213.81
858.72	1205.54
858.90	1207.91
859.08	1205.25
859.25	1206.23
859.43	1202.42
859.61	1214.88
859.79	1207.97
859.97	1211.46
860.15	1204.78
860.33	1207.67
860.51	1204.55
860.69	1207.99
860.87	1201.87
861.05	1213.48
861.23	1198.84
861.41	1209.57
861.58	1207.07
861.76	1203.86
861.94	1205.50
862.12	1213.56
862.30	1206.34
862.48	1203.45
862.66	1194.70
862.84	1210.02
863.02	1204.14
863.20	1207.99
863.37	1206.11
863.55	1207.75
863.73	1207.89
863.91	1207.81
864.09	1209.63
864.27	1212.75
864.45	1211.31
864.63	1208.81
864.80	1202.03
864.98	1206.87
865.16	1205.86
865.34	1217.05
865.52	1204.51
865.70	1211.95
865.88	1199.56
866.06	1214.45
866.23	1203.96
866.41	1213.87
866.59	1205.48
866.77	1206.48
866.95	1205.48
867.13	1211.74
867.31	1203.08
867.48	1210.60
867.66	1205.45
867.84	1207.75
868.02	1209.65
868.20	1213.75
868.38	1200.79
868.56	1209.10
868.73	1205.29
868.91	1211.91
869.09	1203.71
869.27	1205.56
869.45	1204.98
869.63	1209.84
869.80	1213.87
869.98	1211.21
870.16	1203.18
870.34	1212.40
870.52	1199.95
870.70	1208.67
870.87	1201.24
871.05	1211.07
871.23	1203.73
871.41	1216.31
871.59	1200.58
871.76	1214.90
871.94	1203.98
872.12	1208.65
872.30	1205.19
872.48	1210.47
872.65	1195.60
872.83	1207.87
873.01	1198.31
873.19	1209.74
873.37	1201.99
873.54	1209.37
873.72	1206.52
873.90	1210.23
874.08	1205.88
874.26	1209.24
874.43	1196.81
874.61	1210.39
874.79	1198.64
874.97	1207.61
875.15	1204.76
875.32	1209.10
875.50	1202.53
875.68	1215.04
875.86	1209.80
876.03	1202.22
876.21	1204.16
876.39	1221.76
876.57	1202.49
876.74	1212.56
876.92	1202.12
877.10	1210.82
877.28	1203.69
877.45	1203.84
877.63	1203.55
877.81	1207.65
877.99	1204.33
878.17	1204.27
878.34	1212.89
878.52	1212.30
878.70	1205.05
878.87	1217.31
879.05	1203.04
879.23	1208.24
879.41	1206.32
879.58	1211.50
879.76	1206.81
879.94	1212.30
880.12	1201.81
880.29	1210.86
880.47	1202.51
880.65	1208.04
880.83	1198.64
881.00	1204.45
881.18	1205.37
881.36	1213.71
881.53	1196.65
881.71	1202.32
881.89	1206.17
882.07	1209.37
882.24	1202.85
882.42	1214.34
882.60	1202.85
882.77	1212.75
882.95	1200.48
883.13	1208.26
883.30	1199.93
883.48	1210.66
883.66	1206.68
883.84	1208.38
884.01	1195.30
884.19	1201.56
884.37	1201.81
884.54	1215.51
884.72	1209.26
884.90	1213.52
885.07	1209.71
885.25	1212.68
885.43	1213.93
885.60	1212.73
885.78	1207.56
885.96	1210.17
886.13	1202.01
886.31	1212.09
886.49	1204.10
886.66	1211.64
886.84	1204.64
887.02	1203.80
887.19	1202.75
887.37	1204.82
887.55	1205.17
887.72	1206.72
887.90	1197.92
888.08	1216.08
888.25	1203.63
888.43	1199.78
888.61	1197.53
888.78	1210.39
888.96	1210.47
889.14	1215.69
889.31	1208.14
889.49	1214.28
889.67	1205.64
889.84	1207.09
890.02	1201.54
890.19	1208.67
890.37	1203.49
890.55	1214.22
890.72	1200.13
890.90	1210.29
891.08	1208.85
891.25	1208.16
891.43	1205.60
891.60	1213.46
891.78	1208.24
891.96	1209.55
892.13	1201.91
892.31	1215.41
892.48	1204.82
892.66	1204.78
892.84	1200.07
893.01	1212.05
893.19	1208.14
893.36	1209.02
893.54	1203.80
893.72	1204.62
893.89	1203.24
894.07	1215.06
894.24	1207.22
894.42	1226.10
894.60	1198.04
894.77	1209.04
894.95	1208.59
895.12	1203.82
895.30	1207.67
895.48	1213.73
895.65	1200.33
895.83	1210.10
896.00	1204.55
896.18	1212.01
896.35	1205.60
896.53	1207.95
896.71	1203.78
896.88	1209.82
897.06	1201.91
897.23	1214.38
897.41	1203.00
897.58	1207.11
897.76	1202.28
897.93	1207.65
898.11	1200.23
898.29	1208.34
898.46	1202.10
898.64	1207.56
898.81	1211.52
898.99	1214.08
899.16	1205.50
899.34	1205.84
899.51	1200.56
899.69	1210.27
899.86	1215.57
900.04	1206.64
900.21	1202.22
900.39	1212.17
900.57	1209.69
900.74	1212.11
900.92	1201.63
901.09	1206.23
901.27	1204.74
901.44	1210.66
901.62	1200.31
901.79	1208.77
901.97	1199.23
902.14	1207.38
902.32	1200.42
902.49	1209.96
902.67	1200.97
902.84	1212.05
903.02	1203.32
903.19	1212.42
903.37	1205.09
903.54	1208.55
903.72	1206.05
903.89	1213.56
904.07	1202.63
904.24	1210.02
904.42	1202.40
904.59	1213.05
904.77	1201.87
904.94	1213.20
905.12	1206.23
905.29	1203.08
905.47	1203.69
905.64	1209.33
905.82	1196.55
905.99	1208.04
906.16	1202.61
906.34	1210.78
906.51	1209.10
906.69	1210.70
906.86	1200.95
907.04	1204.14
907.21	1203.24
907.39	1207.09
907.56	1208.47
907.74	1209.90
907.91	1200.31
908.09	1216.19
908.26	1202.49
908.43	1209.37
908.61	1208.14
908.78	1208.24
908.96	1199.29
909.13	1206.62
909.31	1199.02
909.48	1211.89
909.65	1211.19
909.83	1205.52
910.00	1204.16
910.18	1207.81
910.35	1203.39
910.53	1208.83
910.70	1205.86
910.87	1210.29
911.05	1200.09
911.22	1212.23
911.40	1205.88
911.57	1208.75
911.75	1207.07
911.92	1209.43
912.09	1201.44
912.27	1207.54
912.44	1199.74
912.62	1205.62
912.79	1208.26
912.96	1209.18
913.14	1198.10
913.31	1212.62
913.49	1197.65
913.66	1209.74
913.83	1206.29
914.01	1215.06
914.18	1203.02
914.36	1209.71
914.53	1202.87
914.70	1209.57
914.88	1204.94
915.05	1211.43
915.22	1201.99
915.40	1206.21
915.57	1204.02
915.75	1212.54
915.92	1205.99
916.09	1211.66
916.27	1210.35
916.44	1210.45
916.61	1202.03
916.79	1209.47
916.96	1195.73
917.13	1211.17
917.31	1206.07
917.48	1205.31
917.66	1208.69
917.83	1206.91
918.00	1203.10
918.18	1209.76
918.35	1204.76
918.52	1214.12
918.70	1203.00
918.87	1210.72
919.04	1213.95
919.22	1210.60
919.39	1203.22
919.56	1207.71
919.74	1202.63
919.91	1213.61
920.08	1198.06
920.26	1204.19
920.43	1206.07
920.60	1209.06
920.78	1204.80
920.95	1212.15
921.12	1207.97
921.29	1212.23
921.47	1199.37
921.64	1207.81
921.81	1210.78
921.99	1209.39
922.16	1200.48
922.33	1207.69
922.51	1204.41
922.68	1216.78
922.85	1202.59
923.03	1211.00
923.20	1208.08
923.37	1214.42
923.54	1207.54
923.72	1212.70
923.89	1203.59
924.06	1206.95
924.24	1204.06
924.41	1206.99
924.58	1199.99
924.75	1210.04
924.93	1200.05
925.10	1208.65
925.27	1202.67
925.44	1218.07
925.62	1199.84
925.79	1208.92
925.96	1202.24
926.14	1206.01
926.31	1204.12
926.48	1217.80
926.65	1197.24
926.83	1209.53
927.00	1203.84
927.17	1211.82
927.34	1202.26
927.52	1210.47
927.69	1202.75
927.86	1212.23
928.03	1209.59
928.21	1211.82
928.38	1199.39
928.55	1207.79
928.72	1203.04
928.89	1202.59
929.07	1206.11
929.24	1207.63
929.41	1199.78
929.58	1204.25
929.76	1196.18
929.93	1213.61
930.10	1202.08
930.27	1208.26
930.44	1206.99
930.62	1213.36
930.79	1202.01
930.96	1210.04
931.13	1205.72
931.31	1204.04
931.48	1200.62
931.65	1214.59
931.82	1206.66
931.99	1210.66
932.17	1202.16
932.34	1215.47
932.51	1198.68
932.68	1213.26
932.85	1207.46
933.03	1208.77
933.20	1198.96
933.37	1213.20
933.54	1205.41
933.71	1209.31
933.88	1209.20
934.06	1209.55
934.23	1202.65
934.40	1207.46
934.57	1208.73
934.74	1208.59
934.91	1207.67
935.09	1207.07
935.26	1199.35
935.43	1216.80
935.60	1203.82
935.77	1208.04
935.94	1203.88
936.12	1215.82
936.29	1193.76
936.46	1208.28
936.63	1214.36
936.80	1205.93
936.97	1206.81
937.14	1206.17
937.32	1205.21
937.49	1204.45
937.66	1203.02
937.83	1204.27
938.00	1203.43
938.17	1200.25
938.34	1201.26
938.52	1209.06
938.69	1200.68
938.86	1206.29
939.03	1207.69
939.20	1208.55
939.37	1198.47
939.54	1215.16
939.71	1205.50
939.89	1207.58
940.06	1205.09
940.23	1210.68
940.40	1209.49
940.57	1213.97
940.74	1206.01
940.91	1207.89
941.08	1202.03
941.25	1205.27
941.43	1199.99
941.60	1210.49
941.77	1200.23
941.94	1212.03
942.11	1209.10
942.28	1213.40
942.45	1198.21
942.62	1210.02
942.79	1207.22
942.96	1205.95
943.13	1209.20
943.30	1216.39
943.48	1199.52
943.65	1207.28
943.82	1197.08
943.99	1206.17
944.16	1201.01
944.33	1213.54
944.50	1197.94
944.67	1207.50
944.84	1209.39
945.01	1211.76
945.18	1204.78
945.35	1208.36
945.52	1206.03
945.69	1204.68
945.86	1206.79
946.03	1218.54
946.21	1208.08
946.38	1208.28
946.55	1203.63
946.72	1223.17
946.89	1198.49
947.06	1210.94
947.23	1204.45
947.40	1208.71
947.57	1196.22
947.74	1208.55
947.91	1206.09
948.08	1220.79
948.25	1202.57
948.42	1211.03
948.59	1213.61
948.76	1205.54
948.93	1197.92
949.10	1214.14
949.27	1198.72
949.44	1213.44
949.61	1205.76
949.78	1207.52
949.95	1206.81
950.12	1210.17
950.29	1205.13
950.46	1208.26
950.63	1210.47
950.80	1206.48
950.97	1198.92
951.14	1213.22
951.31	1203.39
951.48	1215.94
951.65	1202.75
951.82	1208.47
951.99	1205.74
952.16	1212.81
952.33	1206.42
952.50	1213.24
952.67	1197.96
952.84	1210.17
953.01	1205.54
953.18	1207.81
953.35	1207.11
953.52	1214.61
953.69	1202.57
953.86	1214.06
954.03	1204.84
954.20	1203.08
954.37	1200.03
954.54	1207.13
954.70	1198.82
954.87	1205.60
955.04	1204.41
955.21	1205.48
955.38	1198.68
955.55	1208.85
955.72	1212.77
955.89	1212.07
956.06	1200.03
956.23	1207.81
956.40	1201.28
956.57	1206.64
956.74	1204.98
956.91	1213.18
957.08	1201.38
957.25	1211.95
957.41	1205.02
957.58	1207.56
957.75	1199.78
957.92	1206.89
958.09	1199.99
958.26	1208.22
958.43	1198.47
958.60	1212.27
958.77	1203.94
958.94	1211.35
959.11	1201.15
959.27	1207.24
959.44	1207.07
959.61	1207.40
959.78	1203.04
959.95	1215.55
960.12	1200.42
960.29	1207.01
960.46	1204.66
960.63	1210.47
960.80	1203.80
960.96	1218.19
961.13	1210.68
961.30	1208.36
961.47	1206.03
961.64	1210.78
961.81	1205.33
961.98	1204.82
962.15	1198.82
962.31	1212.05
962.48	1206.21
962.65	1214.18
962.82	1203.24
962.99	1210.76
963.16	1198.64
963.33	1208.83
963.49	1208.73
963.66	1214.45
963.83	1205.50
964.00	1213.44
964.17	1201.34
964.34	1212.48
964.51	1199.62
964.67	1205.56
964.84	1201.46
965.01	1228.27
965.18	1209.86
965.35	1211.21
965.52	1207.22
965.68	1210.21
965.85	1204.57
966.02	1204.21
966.19	1201.91
966.36	1211.05
966.52	1205.29
966.69	1211.74
966.86	1200.52
967.03	1211.93
967.20	1199.07
967.37	1208.73
967.53	1200.31
967.70	1207.01
967.87	1203.82
968.04	1207.81
968.21	1207.13
968.37	1209.90
968.54	1206.40
968.71	1212.99
968.88	1199.64
969.05	1213.09
969.21	1203.69
969.38	1204.62
969.55	1201.89
969.72	1204.51
969.89	1205.82
970.05	1208.28
970.22	1199.80
970.39	1203.86
970.56	1207.11
970.72	1210.14
970.89	1203.96
971.06	1206.60
971.23	1206.13
971.39	1202.12
971.56	1204.10
971.73	1209.43
971.90	1199.88
972.07	1208.22
972.23	1207.87
972.40	1210.86
972.57	1201.28
972.74	1214.59
972.90	1201.50
973.07	1206.68
973.24	1195.05
973.40	1208.26
973.57	1202.98
973.74	1211.41
973.91	1199.39
974.07	1206.23
974.24	1205.17
974.41	1216.78
974.58	1206.17
974.74	1209.53
974.91	1209.02
975.08	1209.59
975.25	1201.95
975.41	1209.10
975.58	1205.19
975.75	1214.61
975.91	1210.78
976.08	1211.82
976.25	1209.96
976.42	1209.69
976.58	1205.68
976.75	1209.31
976.92	1206.21
977.08	1207.81
977.25	1208.28
977.42	1211.76
977.58	1206.56
977.75	1208.20
977.92	1195.50
978.08	1212.58
978.25	1209.47
978.42	1213.28
978.59	1201.22
978.75	1208.04
978.92	1209.16
979.09	1207.24
979.25	1200.87
979.42	1209.86
979.59	1207.61
979.75	1209.18
979.92	1202.87
980.09	1208.20
980.25	1201.11
980.42	1204.53
980.59	1202.32
980.75	1217.62
980.92	1203.78
981.09	1210.39
981.25	1205.27
981.42	1213.28
981.59	1204.92
981.75	1207.56
981.92	1200.68
982.08	1206.21
982.25	1200.27
982.42	1221.06
982.58	1201.17
982.75	1205.09
982.92	1201.67
983.08	1210.96
983.25	1203.80
983.42	1203.65
983.58	1205.62
983.75	1206.13
983.91	1203.49
984.08	1210.96
984.25	1202.26
984.41	1204.64
984.58	1191.67
984.74	1206.87
984.91	1203.35
985.08	1209.02
985.24	1202.96
985.41	1208.32
985.57	1205.54
985.74	1212.85
985.91	1197.26
986.07	1212.21
986.24	1203.35
986.40	1205.82
986.57	1207.83
986.74	1204.78
986.90	1201.20
987.07	1204.29
987.23	1204.70
987.40	1210.53
987.57	1203.69
987.73	1206.81
987.90	1207.11
988.06	1214.65
988.23	1201.36
988.39	1203.86
988.56	1210.31
988.73	1209.74
988.89	1202.65
989.06	1214.51
989.22	1202.63
989.39	1211.70
989.55	1206.85
989.72	1206.34
989.88	1203.59
990.05	1210.62
990.22	1202.53
990.38	1210.53
990.55	1200.70
990.71	1208.26
990.88	1209.35
991.04	1213.79
991.21	1210.10
991.37	1210.62
991.54	1204.92
991.70	1214.75
991.87	1200.97
992.03	1215.74
992.20	1207.22
992.36	1210.68
992.53	1201.22
992.69	1207.09
992.86	1204.57
993.03	1209.04
993.19	1207.38
993.36	1210.62
993.52	1208.06
993.69	1211.39
993.85	1196.63
994.02	1212.46
994.18	1201.50
994.35	1208.49
994.51	1208.77
994.68	1211.70
994.84	1201.91
995.01	1215.51
995.17	1204.43
995.34	1208.90
995.50	1199.33
995.66	1215.18
995.83	1206.68
995.99	1209.92
996.16	1201.67
996.32	1210.68
996.49	1206.40
996.65	1209.80
996.82	1204.68
996.98	1211.39
997.15	1209.33
997.31	1215.00
997.48	1197.55
997.64	1217.09
997.81	1205.35
997.97	1207.61
998.13	1205.13
998.30	1205.58
998.46	1207.03
998.63	1203.76
998.79	1200.72
998.96	1207.09
999.12	1203.78
999.29	1207.01
999.45	1203.16
999.61	1214.92
999.78	1204.35
999.94	1201.81
1000.11	1206.44
1000.27	1206.64
1000.44	1205.68
1000.60	1209.02
1000.76	1208.59
1000.93	1212.60
1001.09	1211.93
1001.26	1211.84
1001.42	1200.54
1001.59	1212.03
1001.75	1206.42
1001.91	1211.70
1002.08	1200.33
1002.24	1208.30
1002.41	1203.20
1002.57	1210.70
1002.73	1205.11
1002.90	1213.89
1003.06	1202.92
1003.23	1210.25
1003.39	1206.68
1003.55	1205.78
1003.72	1207.89
1003.88	1215.04
1004.04	1206.09
1004.21	1203.04
1004.37	1207.07
1004.54	1213.34
1004.70	1204.16
1004.86	1207.03
1005.03	1203.39
1005.19	1211.52
1005.35	1204.16
1005.52	1211.27
1005.68	1197.80
1005.85	1209.43
1006.01	1203.92
1006.17	1204.57
1006.34	1199.86
1006.50	1210.88
1006.66	1215.26
1006.83	1215.45
1006.99	1203.24
1007.15	1203.28
1007.32	1204.72
1007.48	1208.59
1007.64	1200.64
1007.81	1214.40
1007.97	1202.83
1008.13	1213.16
1008.30	1202.30
1008.46	1216.92
1008.62	1196.77
1008.79	1203.16
1008.95	1207.15
1009.11	1209.26
1009.28	1203.43
1009.44	1211.95
1009.60	1196.22
1009.77	1208.28
1009.93	1208.77
1010.09	1205.17
1010.25	1198.98
1010.42	1202.65
1010.58	1206.42
1010.74	1211.43
1010.91	1209.41
1011.07	1216.04
1011.23	1207.30
1011.40	1203.61
1011.56	1207.61
1011.72	1212.19
1011.88	1210.00
1012.05	1208.24
1012.21	1205.33
1012.37	1210.64
1012.54	1203.08
1012.70	1215.41
1012.86	1208.16
1013.02	1206.97
1013.19	1206.79
1013.35	1213.13
1013.51	1204.16
1013.67	1213.73
1013.84	1204.92
1014.00	1211.48
1014.16	1204.39
1014.33	1207.65
1014.49	1206.46
1014.65	1208.57
1014.81	1205.29
1014.98	1215.20
1015.14	1203.00
1015.30	1212.70
1015.46	1203.96
1015.62	1215.29
1015.79	1208.51
1015.95	1209.71
1016.11	1201.58
1016.27	1212.62
1016.44	1203.61
1016.60	1211.84
1016.76	1210.14
1016.92	1206.87
1017.09	1208.26
1017.25	1213.36
1017.41	1201.93
1017.57	1217.29
1017.73	1206.05
1017.90	1208.96
1018.06	1199.97
1018.22	1209.92
1018.38	1198.43
1018.54	1207.77
1018.71	1206.50
1018.87	1209.92
1019.03	1200.27
1019.19	1210.04
1019.35	1196.26
1019.52	1213.73
1019.68	1205.17
1019.84	1207.05
1020.00	1203.67
1020.16	1202.42
1020.33	1203.24
1020.49	1215.14
1020.65	1208.75
1020.81	1211.07
1020.97	1201.73
1021.13	1213.91
1021.30	1199.17
1021.46	1203.49
1021.62	1205.27
1021.78	1208.12
1021.94	1200.25
1022.10	1208.51
1022.27	1201.58
1022.43	1209.53
1022.59	1204.41
1022.75	1219.52
1022.91	1206.60
1023.07	1210.43
1023.24	1203.57
1023.40	1214.36
1023.56	1201.24
1023.72	1212.30
1023.88	1211.17
1024.04	1206.87
1024.20	1201.87
1024.36	1215.35
1024.53	1203.63
1024.69	1208.87
1024.85	1205.70
1025.01	1203.71
1025.17	1208.06
1025.33	1207.11
1025.49	1207.13
1025.65	1210.60
1025.82	1202.18
1025.98	1203.57
1026.14	1199.86
1026.30	1212.23
1026.46	1211.99
1026.62	1208.04
1026.78	1207.85
1026.94	1214.24
1027.10	1196.08
1027.26	1207.11
1027.43	1203.80
1027.59	1207.56
1027.75	1203.49
1027.91	1215.63
1028.07	1206.29
1028.23	1207.34
1028.39	1202.30
1028.55	1210.86
1028.71	1196.85
1028.87	1208.75
1029.03	1207.56
1029.19	1217.85
1029.36	1202.42
1029.52	1207.44
1029.68	1203.18
1029.84	1215.74
1030.00	1208.85
1030.16	1209.82
1030.32	1206.77
1030.48	1218.79
1030.64	1198.82
1030.80	1209.78
1030.96	1199.54
1031.12	1210.94
1031.28	1207.03
1031.44	1210.92
1031.60	1203.45
1031.76	1209.45
1031.92	1205.39
1032.08	1223.99
1032.24	1205.68
1032.40	1213.50
1032.56	1207.30
1032.73	1219.42
1032.89	1203.51
1033.05	1206.09
1033.21	1202.65
1033.37	1207.05
1033.53	1210.92
1033.69	1216.02
1033.85	1206.91
1034.01	1208.40
1034.17	1200.31
1034.33	1204.33
1034.49	1197.63
1034.65	1209.31
1034.81	1201.93
1034.97	1205.80
1035.13	1202.18
1035.29	1209.02
1035.45	1208.34
1035.61	1211.05
1035.77	1207.36
1035.93	1205.07
1036.09	1205.70
1036.25	1213.09
1036.41	1198.35
1036.57	1216.86
1036.73	1207.11
1036.88	1204.49
1037.04	1206.42
