345.52	1191.57
345.73	1191.57
345.94	1191.57
346.16	1181.29
346.37	1196.46
346.58	1192.57
346.79	1201.03
347.00	1197.90
347.22	1199.39
347.43	1197.24
347.64	1200.05
347.85	1199.41
348.06	1203.82
348.28	1191.47
348.49	1202.44
348.70	1202.03
348.91	1199.47
349.12	1189.23
349.34	1205.07
349.55	1191.02
349.76	1198.49
349.97	1200.52
350.18	1201.91
350.40	1198.16
350.61	1200.25
350.82	1195.95
351.03	1199.90
351.24	1197.26
351.46	1199.93
351.67	1204.51
351.88	1198.23
352.09	1202.49
352.30	1201.32
352.51	1197.28
352.73	1203.84
352.94	1191.92
353.15	1204.35
353.36	1196.87
353.57	1204.84
353.79	1197.41
354.00	1203.47
354.21	1196.44
354.42	1204.72
354.63	1193.21
354.84	1197.26
355.06	1196.79
355.27	1202.16
355.48	1203.82
355.69	1199.95
355.90	1199.84
356.11	1201.65
356.33	1194.62
356.54	1204.06
356.75	1198.16
356.96	1204.41
357.17	1190.79
357.38	1212.54
357.60	1195.42
357.81	1202.49
358.02	1196.20
358.23	1202.67
358.44	1196.94
358.65	1203.69
358.87	1200.52
359.08	1200.91
359.29	1196.14
359.50	1202.22
359.71	1198.53
359.92	1201.36
360.13	1193.62
360.35	1207.01
360.56	1191.84
360.77	1202.12
360.98	1197.47
361.19	1206.52
361.40	1199.76
361.62	1200.62
361.83	1198.29
362.04	1203.28
362.25	1198.45
362.46	1201.38
362.67	1197.47
362.88	1208.44
363.10	1202.26
363.31	1200.60
363.52	1203.69
363.73	1206.40
363.94	1201.87
364.15	1203.88
364.36	1196.18
364.57	1201.69
364.79	1202.57
365.00	1205.37
365.21	1197.67
365.42	1205.11
365.63	1202.38
365.84	1212.09
366.05	1194.91
366.27	1199.27
366.48	1198.39
366.69	1199.66
366.90	1199.37
367.11	1210.88
367.32	1199.70
367.53	1203.78
367.74	1195.79
367.95	1204.96
368.17	1199.82
368.38	1207.85
368.59	1193.35
368.80	1205.78
369.01	1198.88
369.22	1209.47
369.43	1195.83
369.64	1199.70
369.86	1195.44
370.07	1200.21
370.28	1193.97
370.49	1203.73
370.70	1195.56
370.91	1197.78
371.12	1188.37
371.33	1205.86
371.54	1195.65
371.76	1205.70
371.97	1192.18
372.18	1214.20
372.39	1194.91
372.60	1206.36
372.81	1202.36
373.02	1206.34
373.23	1200.19
373.44	1208.71
373.65	1201.79
373.87	1206.54
374.08	1192.98
374.29	1207.22
374.50	1199.54
374.71	1203.84
374.92	1198.04
375.13	1207.97
375.34	1195.87
375.55	1207.52
375.76	1197.10
375.97	1201.83
376.19	1194.27
376.40	1205.33
376.61	1202.92
376.82	1208.20
377.03	1195.40
377.24	1204.80
377.45	1205.45
377.66	1207.58
377.87	1201.01
378.08	1212.17
378.29	1196.89
378.50	1198.16
378.71	1189.89
378.93	1200.19
379.14	1196.69
379.35	1208.85
379.56	1204.21
379.77	1203.08
379.98	1196.26
380.19	1211.97
380.40	1197.34
380.61	1200.72
380.82	1200.85
381.03	1207.20
381.24	1191.65
381.45	1210.68
381.66	1198.70
381.88	1213.09
382.09	1196.53
382.30	1205.91
382.51	1208.06
382.72	1206.13
382.93	1194.40
383.14	1202.24
383.35	1201.83
383.56	1203.37
383.77	1198.78
383.98	1196.81
384.19	1200.68
384.40	1203.47
384.61	1200.27
384.82	1204.76
385.03	1202.08
385.24	1206.97
385.45	1205.33
385.67	1206.15
385.88	1196.55
386.09	1213.67
386.30	1197.78
386.51	1203.76
386.72	1199.19
386.93	1206.85
387.14	1194.91
387.35	1199.17
387.56	1203.92
387.77	1202.75
387.98	1197.16
388.19	1202.12
388.40	1208.01
388.61	1207.30
388.82	1191.67
389.03	1200.72
389.24	1205.09
389.45	1202.67
389.66	1197.65
389.87	1206.25
390.08	1197.94
390.29	1211.37
390.50	1199.21
390.71	1205.58
390.92	1202.32
391.13	1206.87
391.34	1196.71
391.55	1208.55
391.76	1199.95
391.98	1206.21
392.19	1200.44
392.40	1212.85
392.61	1205.21
392.82	1207.89
393.03	1203.26
393.24	1207.01
393.45	1199.80
393.66	1210.19
393.87	1201.52
394.08	1203.43
394.29	1200.13
394.50	1203.37
394.71	1200.36
394.92	1211.78
395.13	1203.73
395.34	1202.08
395.55	1201.97
395.76	1199.68
395.97	1200.27
396.18	1212.40
396.39	1195.03
396.60	1204.86
396.81	1203.37
397.02	1208.24
397.23	1199.31
397.44	1205.31
397.65	1196.42
397.86	1207.24
398.07	1206.85
398.28	1210.31
398.49	1198.96
398.70	1208.81
398.91	1200.58
399.12	1206.56
399.33	1201.05
399.54	1205.33
399.75	1202.38
399.96	1211.58
400.17	1200.05
400.38	1197.78
400.59	1190.42
400.80	1211.39
401.01	1198.70
401.22	1204.31
401.42	1200.42
401.63	1206.29
401.84	1202.03
402.05	1201.24
402.26	1199.21
402.47	1206.58
402.68	1200.79
402.89	1207.93
403.10	1206.11
403.31	1207.20
403.52	1199.37
403.73	1200.77
403.94	1201.67
404.15	1210.12
404.36	1202.44
404.57	1206.70
404.78	1195.38
404.99	1204.94
405.20	1199.00
405.41	1204.12
405.62	1197.84
405.83	1208.61
406.04	1195.89
406.25	1206.36
406.46	1198.41
406.67	1205.25
406.88	1197.04
407.09	1201.81
407.30	1206.46
407.50	1206.17
407.71	1198.61
407.92	1204.04
408.13	1205.21
408.34	1207.28
408.55	1201.15
408.76	1209.57
408.97	1202.24
409.18	1209.39
409.39	1204.08
409.60	1215.10
409.81	1196.44
410.02	1212.44
410.23	1203.80
410.44	1204.72
410.65	1195.62
410.86	1203.51
411.07	1201.85
411.27	1213.83
411.48	1207.73
411.69	1202.01
411.90	1199.64
412.11	1212.89
412.32	1195.09
412.53	1201.58
412.74	1201.46
412.95	1204.57
413.16	1196.42
413.37	1207.20
413.58	1197.32
413.79	1205.78
414.00	1197.67
414.20	1209.74
414.41	1197.71
414.62	1213.09
414.83	1202.73
415.04	1207.61
415.25	1203.04
415.46	1207.38
415.67	1198.33
415.88	1209.26
416.09	1194.91
416.30	1205.29
416.51	1199.50
416.71	1201.38
416.92	1202.14
417.13	1198.33
417.34	1205.25
417.55	1208.34
417.76	1203.22
417.97	1209.33
418.18	1200.68
418.39	1206.32
418.60	1202.44
418.81	1204.66
419.01	1200.21
419.22	1202.61
419.43	1198.08
419.64	1210.90
419.85	1211.99
420.06	1202.40
420.27	1194.07
420.48	1213.95
420.69	1201.48
420.90	1201.67
421.10	1196.34
421.31	1209.98
421.52	1200.03
421.73	1201.83
421.94	1202.85
422.15	1204.78
422.36	1198.84
422.57	1203.53
422.78	1201.42
422.98	1203.26
423.19	1203.12
423.40	1209.61
423.61	1201.36
423.82	1204.94
424.03	1203.51
424.24	1205.86
424.45	1196.46
424.65	1207.81
424.86	1193.58
425.07	1207.73
425.28	1198.86
425.49	1206.25
425.70	1201.01
425.91	1209.71
426.12	1196.89
426.32	1205.84
426.53	1199.31
426.74	1203.10
426.95	1199.45
427.16	1210.86
427.37	1199.02
427.58	1209.59
427.78	1206.97
427.99	1210.90
428.20	1204.78
428.41	1207.03
428.62	1195.93
428.83	1210.25
429.04	1197.69
429.24	1208.55
429.45	1202.61
429.66	1205.43
429.87	1201.77
430.08	1200.95
430.29	1202.32
430.50	1208.12
430.70	1200.44
430.91	1209.55
431.12	1202.65
431.33	1199.11
431.54	1193.80
431.75	1204.45
431.96	1198.80
432.16	1199.70
432.37	1198.21
432.58	1203.67
432.79	1198.61
433.00	1206.75
433.21	1200.56
433.41	1208.04
433.62	1208.42
433.83	1202.03
434.04	1203.22
434.25	1208.49
434.46	1189.26
434.66	1208.96
434.87	1197.39
435.08	1207.22
435.29	1197.24
435.50	1211.82
435.71	1209.88
435.91	1199.72
436.12	1202.20
436.33	1198.66
436.54	1202.77
436.75	1209.61
436.95	1202.36
437.16	1202.28
437.37	1198.45
437.58	1198.29
437.79	1194.11
438.00	1207.77
438.20	1200.93
438.41	1206.42
438.62	1199.21
438.83	1211.97
439.04	1206.09
439.24	1205.91
439.45	1198.25
439.66	1204.64
439.87	1202.34
440.08	1207.42
440.28	1201.46
440.49	1209.69
440.70	1204.78
440.91	1205.70
441.12	1203.02
441.32	1203.24
441.53	1200.19
441.74	1197.51
441.95	1199.78
442.16	1200.97
442.36	1193.45
442.57	1204.59
442.78	1204.35
442.99	1208.10
443.20	1198.96
443.40	1213.09
443.61	1194.60
443.82	1202.34
444.03	1205.99
444.24	1208.32
444.44	1201.58
444.65	1210.06
444.86	1200.09
445.07	1202.10
445.27	1199.52
445.48	1204.88
445.69	1206.56
445.90	1206.38
446.11	1193.02
446.31	1203.08
446.52	1203.84
446.73	1207.85
446.94	1195.97
447.14	1217.74
447.35	1201.60
447.56	1209.06
447.77	1203.32
447.97	1212.11
448.18	1201.07
448.39	1204.21
448.60	1195.32
448.81	1201.40
449.01	1198.47
449.22	1207.18
449.43	1193.54
449.64	1213.81
449.84	1198.04
450.05	1204.51
450.26	1205.21
450.47	1209.51
450.67	1200.11
450.88	1202.08
451.09	1194.76
451.30	1204.45
451.50	1202.49
451.71	1205.84
451.92	1200.89
452.13	1205.68
452.33	1197.41
452.54	1212.13
452.75	1196.89
452.96	1212.32
453.16	1193.04
453.37	1205.25
453.58	1195.05
453.79	1206.42
453.99	1197.94
454.20	1205.41
454.41	1195.58
454.61	1203.28
454.82	1205.48
455.03	1204.41
455.24	1204.64
455.44	1206.07
455.65	1196.98
455.86	1210.55
456.07	1203.10
456.27	1205.23
456.48	1197.12
456.69	1205.72
456.90	1200.81
457.10	1208.98
457.31	1203.22
457.52	1205.74
457.72	1204.68
457.93	1201.36
458.14	1196.73
458.35	1206.15
458.55	1197.86
458.76	1199.90
458.97	1199.27
459.17	1203.71
459.38	1196.05
459.59	1205.54
459.80	1201.63
460.00	1203.88
460.21	1195.97
460.42	1210.53
460.62	1199.95
460.83	1209.04
461.04	1197.45
461.25	1214.45
461.45	1194.05
461.66	1212.01
461.87	1197.32
462.07	1217.23
462.28	1194.78
462.49	1205.56
462.69	1204.53
462.90	1211.60
463.11	1199.54
463.31	1210.80
463.52	1199.97
463.73	1203.88
463.94	1199.33
464.14	1202.63
464.35	1202.96
464.56	1206.44
464.76	1200.89
464.97	1202.53
465.18	1202.20
465.38	1208.30
465.59	1202.28
465.80	1209.59
466.00	1201.30
466.21	1206.58
466.42	1202.26
466.62	1199.72
466.83	1197.10
467.04	1215.90
467.24	1197.82
467.45	1199.66
467.66	1192.41
467.86	1202.08
468.07	1199.90
468.28	1205.70
468.48	1198.10
468.69	1210.08
468.90	1199.62
469.10	1208.10
469.31	1197.51
469.52	1209.39
469.72	1198.82
469.93	1203.76
470.14	1203.12
470.34	1207.13
470.55	1200.54
470.76	1207.67
470.96	1199.78
471.17	1206.58
471.38	1193.58
471.58	1203.51
471.79	1203.80
472.00	1207.11
472.20	1195.85
472.41	1212.05
472.62	1202.08
472.82	1204.96
473.03	1205.19
473.24	1204.19
473.44	1196.40
473.65	1209.43
473.85	1198.12
474.06	1204.59
474.27	1200.15
474.47	1203.22
474.68	1203.67
474.89	1201.17
475.09	1200.01
475.30	1203.30
475.51	1204.74
475.71	1209.69
475.92	1201.09
476.12	1208.08
476.33	1199.56
476.54	1204.23
476.74	1201.58
476.95	1203.96
477.16	1195.93
477.36	1210.47
477.57	1201.87
477.77	1208.06
477.98	1199.04
478.19	1201.40
478.39	1191.88
478.60	1207.26
478.81	1195.85
479.01	1207.95
479.22	1201.17
479.42	1204.41
479.63	1203.78
479.84	1202.61
480.04	1205.35
480.25	1202.26
480.45	1192.84
480.66	1203.06
480.87	1196.38
481.07	1211.41
481.28	1201.17
481.48	1209.65
481.69	1210.39
481.90	1210.78
482.10	1201.17
482.31	1198.00
482.51	1205.88
482.72	1203.71
482.93	1201.26
483.13	1205.99
483.34	1196.59
483.54	1206.50
483.75	1203.67
483.96	1211.78
484.16	1202.12
484.37	1203.14
484.57	1200.72
484.78	1206.85
484.99	1195.24
485.19	1197.90
485.40	1208.26
485.60	1209.92
485.81	1195.77
486.01	1200.62
486.22	1206.81
486.43	1204.72
486.63	1200.81
486.84	1207.54
487.04	1196.85
487.25	1201.71
487.46	1202.57
487.66	1201.91
487.87	1200.79
488.07	1205.88
488.28	1200.66
488.48	1200.48
488.69	1198.29
488.89	1204.31
489.10	1193.80
489.31	1202.79
489.51	1195.77
489.72	1206.01
489.92	1198.12
490.13	1211.39
490.33	1199.88
490.54	1205.60
490.75	1203.51
490.95	1204.90
491.16	1198.14
491.36	1205.19
491.57	1197.86
491.77	1202.77
491.98	1203.00
492.18	1207.54
492.39	1195.28
492.59	1212.66
492.80	1201.91
493.01	1206.70
493.21	1217.13
493.42	1204.55
493.62	1203.02
493.83	1205.19
494.03	1197.16
494.24	1205.70
494.44	1205.07
494.65	1203.69
494.85	1193.74
495.06	1204.21
495.26	1195.24
495.47	1202.22
495.68	1196.73
495.88	1203.22
496.09	1205.19
496.29	1208.20
496.50	1199.09
496.70	1206.83
496.91	1194.97
497.11	1205.43
497.32	1204.82
497.52	1208.81
497.73	1199.13
497.93	1206.44
498.14	1195.73
498.34	1202.08
498.55	1195.38
498.75	1211.76
498.96	1199.09
499.16	1208.32
499.37	1196.73
499.57	1205.19
499.78	1198.25
499.98	1198.25
500.19	1193.27
500.39	1205.86
500.60	1194.81
500.80	1201.42
501.01	1201.32
501.21	1202.98
501.42	1200.36
501.62	1207.81
501.83	1202.92
502.03	1211.41
502.24	1205.00
502.44	1203.26
502.65	1201.77
502.85	1211.03
503.06	1198.00
503.26	1211.21
503.47	1196.46
503.67	1206.07
503.88	1193.97
504.08	1205.64
504.29	1204.96
504.49	1201.48
504.70	1201.56
504.90	1202.44
505.11	1198.10
505.31	1206.54
505.52	1200.17
505.72	1203.80
505.93	1201.30
506.13	1206.64
506.34	1198.90
506.54	1206.56
506.75	1201.34
506.95	1206.79
507.16	1206.40
507.36	1206.17
507.56	1204.47
507.77	1202.10
507.97	1199.02
508.18	1203.41
508.38	1196.05
508.59	1207.81
508.79	1201.58
509.00	1201.95
509.20	1196.87
509.41	1202.32
509.61	1191.86
509.82	1205.70
510.02	1206.34
510.22	1206.70
510.43	1205.56
510.63	1208.28
510.84	1206.09
511.04	1200.29
511.25	1203.43
511.45	1206.77
511.66	1203.24
511.86	1211.05
512.06	1203.04
512.27	1215.12
512.47	1205.76
512.68	1199.90
512.88	1204.19
513.09	1206.75
513.29	1201.40
513.50	1208.61
513.70	1199.07
513.90	1208.08
514.11	1202.28
514.31	1208.83
514.52	1195.34
514.72	1202.61
514.93	1199.27
515.13	1205.27
515.33	1194.74
515.54	1207.52
515.74	1200.66
515.95	1203.65
516.15	1203.35
516.36	1206.05
516.56	1207.95
516.76	1206.64
516.97	1200.07
517.17	1206.36
517.38	1202.71
517.58	1208.73
517.78	1205.80
517.99	1207.65
518.19	1209.55
518.40	1204.88
518.60	1196.05
518.81	1207.30
519.01	1208.73
519.21	1200.97
519.42	1192.90
519.62	1211.33
519.83	1197.28
520.03	1204.90
520.23	1206.95
520.44	1208.57
520.64	1204.74
520.85	1204.78
521.05	1199.74
521.25	1207.97
521.46	1200.70
521.66	1205.99
521.86	1196.71
522.07	1209.88
522.27	1200.21
522.48	1208.77
522.68	1203.59
522.88	1207.20
523.09	1204.70
523.29	1209.41
523.50	1196.28
523.70	1207.09
523.90	1197.16
524.11	1207.18
524.31	1202.34
524.51	1208.59
524.72	1207.28
524.92	1206.38
525.13	1212.77
525.33	1207.83
525.53	1204.74
525.74	1206.85
525.94	1202.03
526.14	1199.15
526.35	1204.53
526.55	1202.67
526.76	1200.70
526.96	1214.40
527.16	1194.68
527.37	1207.73
527.57	1201.40
527.77	1218.56
527.98	1203.88
528.18	1209.59
528.38	1196.61
528.59	1213.71
528.79	1203.67
528.99	1208.73
529.20	1202.65
529.40	1204.76
529.61	1197.43
529.81	1207.89
530.01	1202.06
530.22	1210.84
530.42	1198.64
530.62	1209.00
530.83	1197.00
531.03	1206.07
531.23	1201.03
531.44	1207.09
531.64	1205.09
531.84	1210.12
532.05	1202.34
532.25	1216.47
532.45	1196.01
532.66	1208.32
532.86	1201.34
533.06	1199.47
533.27	1205.39
533.47	1210.62
533.67	1193.82
533.88	1207.97
534.08	1204.43
534.28	1209.51
534.49	1205.31
534.69	1210.57
534.89	1198.39
535.09	1211.93
535.30	1204.23
535.50	1204.00
535.70	1199.86
535.91	1202.08
536.11	1214.61
536.31	1210.68
536.52	1204.23
536.72	1211.41
536.92	1201.56
537.13	1204.88
537.33	1206.64
537.53	1207.54
537.74	1203.55
537.94	1200.79
538.14	1203.12
538.34	1211.05
538.55	1203.82
538.75	1210.66
538.95	1207.58
539.16	1205.97
539.36	1202.26
539.56	1208.90
539.77	1209.20
539.97	1202.83
540.17	1203.12
540.37	1205.97
540.58	1201.63
540.78	1209.86
540.98	1205.31
541.19	1201.34
541.39	1210.84
541.59	1211.11
541.79	1206.03
542.00	1207.38
542.20	1209.90
542.40	1206.93
542.60	1203.12
542.81	1207.44
543.01	1204.31
543.21	1212.60
543.42	1204.59
543.62	1207.91
543.82	1203.55
544.02	1206.99
544.23	1208.69
544.43	1213.07
544.63	1205.91
544.83	1209.28
545.04	1206.01
545.24	1215.82
545.44	1204.14
545.64	1209.33
545.85	1209.67
546.05	1212.91
546.25	1209.47
546.45	1215.37
546.66	1209.33
546.86	1211.68
547.06	1204.14
547.27	1215.67
547.47	1207.07
547.67	1206.21
547.87	1205.48
548.07	1212.87
548.28	1208.47
548.48	1205.99
548.68	1200.38
548.88	1215.51
549.09	1201.24
549.29	1212.13
549.49	1213.65
549.69	1211.93
549.90	1208.81
550.10	1217.05
550.30	1206.01
550.50	1210.98
550.71	1213.07
550.91	1213.79
551.11	1203.24
551.31	1215.86
551.51	1209.02
551.72	1212.95
551.92	1206.50
552.12	1206.81
552.32	1208.98
552.53	1209.96
552.73	1210.72
552.93	1213.63
553.13	1210.82
553.33	1208.75
553.54	1209.94
553.74	1216.53
553.94	1209.96
554.14	1221.29
554.35	1203.82
554.55	1217.33
554.75	1206.79
554.95	1223.46
555.15	1205.48
555.36	1219.40
555.56	1216.94
555.76	1213.99
555.96	1207.52
556.16	1217.72
556.37	1209.37
556.57	1210.96
556.77	1211.89
556.97	1227.31
557.17	1216.90
557.38	1223.05
557.58	1219.69
557.78	1216.96
557.98	1213.34
558.18	1228.58
558.38	1223.42
558.59	1224.48
558.79	1218.64
558.99	1225.69
559.19	1229.48
559.39	1223.50
559.60	1217.07
559.80	1222.35
560.00	1224.09
560.20	1233.63
560.40	1220.81
560.60	1231.91
560.81	1226.77
561.01	1230.75
561.21	1223.93
561.41	1234.84
561.61	1224.40
561.81	1235.19
562.02	1225.48
562.22	1236.42
562.42	1227.27
562.62	1234.13
562.82	1222.62
563.02	1236.11
563.23	1231.94
563.43	1238.26
563.63	1226.36
563.83	1237.34
564.03	1232.73
564.23	1239.76
564.43	1244.30
564.64	1239.06
564.84	1231.14
565.04	1244.86
565.24	1238.49
565.44	1249.08
565.64	1238.98
565.85	1241.74
566.05	1248.24
566.25	1249.90
566.45	1242.69
566.65	1252.29
566.85	1240.86
567.05	1248.44
567.25	1240.60
567.46	1249.94
567.66	1243.69
567.86	1251.10
568.06	1236.44
568.26	1257.49
568.46	1247.09
568.66	1248.59
568.86	1251.33
569.07	1256.82
569.27	1247.83
569.47	1253.73
569.67	1250.92
569.87	1251.60
570.07	1244.49
570.27	1254.63
570.47	1252.05
570.68	1259.19
570.88	1254.71
571.08	1257.70
571.28	1247.81
571.48	1257.88
571.68	1246.76
571.88	1259.38
572.08	1248.52
572.28	1254.44
572.49	1245.90
572.69	1261.38
572.89	1243.20
573.09	1256.53
573.29	1254.24
573.49	1259.66
573.69	1257.00
573.89	1264.03
574.09	1255.36
574.29	1256.41
574.50	1249.28
574.70	1263.60
574.90	1246.95
575.10	1265.42
575.30	1253.87
575.50	1260.01
575.70	1252.41
575.90	1264.33
576.10	1250.90
576.30	1252.39
576.50	1251.72
576.70	1260.89
576.91	1254.26
577.11	1260.71
577.31	1247.89
577.51	1260.57
577.71	1253.68
577.91	1257.19
578.11	1256.96
578.31	1262.57
578.51	1259.71
578.71	1263.88
578.91	1261.57
579.11	1279.59
579.31	1267.32
579.51	1285.63
579.71	1274.98
579.92	1289.07
580.12	1285.90
580.32	1301.48
580.52	1305.05
580.72	1307.59
580.92	1317.77
581.12	1342.83
581.32	1368.58
581.52	1388.63
581.72	1417.50
581.92	1454.69
582.12	1475.13
582.32	1507.14
582.52	1527.91
582.72	1578.16
582.92	1600.02
583.12	1644.42
583.32	1672.29
583.52	1732.11
583.72	1781.96
583.92	1845.96
584.12	1924.46
584.33	2048.19
584.53	2219.42
584.73	2444.52
584.93	2789.19
585.13	3219.98
585.33	3754.01
585.53	4377.12
585.73	5038.72
585.93	5690.59
586.13	6301.74
586.33	6856.27
586.53	7332.44
586.73	7705.18
586.93	8042.13
587.13	8285.63
587.33	8459.89
587.53	8626.66
587.73	8771.61
587.93	8784.84
588.13	8976.41
588.33	8953.74
588.53	9033.88
588.73	9094.76
588.93	9055.03
589.13	9141.29
589.33	9072.44
589.53	9136.01
589.73	9123.23
589.93	9031.36
590.13	9057.24
590.33	8919.99
590.53	8774.32
590.73	8581.87
590.93	8350.72
591.13	8005.98
591.33	7585.55
591.53	7057.69
591.73	6551.12
591.93	5955.78
592.13	5455.54
592.33	4963.85
592.53	4555.79
592.73	4225.35
592.93	3950.86
593.13	3751.08
593.33	3595.95
593.53	3461.93
593.73	3345.15
593.93	3235.77
594.13	3143.30
594.33	3045.02
594.53	2947.97
594.73	2888.52
594.92	2806.80
595.12	2740.06
595.32	2697.81
595.52	2642.41
595.72	2570.53
595.92	2534.87
596.12	2479.95
596.32	2421.85
596.52	2382.05
596.72	2344.70
596.92	2284.98
597.12	2249.82
597.32	2189.01
597.52	2169.70
597.72	2115.59
597.92	2081.72
598.12	2050.98
598.32	2016.98
598.52	1983.46
598.72	1958.55
598.92	1926.14
599.12	1896.56
599.31	1865.41
599.51	1859.90
599.71	1827.03
599.91	1813.31
600.11	1813.21
600.31	1790.89
600.51	1771.33
600.71	1771.88
600.91	1761.27
601.11	1763.98
601.31	1762.44
601.51	1774.91
601.71	1788.76
601.91	1828.26
602.10	1882.29
602.30	1967.87
602.50	2069.17
602.70	2197.25
602.90	2328.09
603.10	2458.57
603.30	2555.39
603.50	2662.75
603.70	2725.48
603.90	2774.40
604.10	2813.03
604.30	2803.28
604.49	2783.82
604.69	2763.16
604.89	2701.00
605.09	2658.12
605.29	2576.88
605.49	2510.65
605.69	2423.36
605.89	2355.00
606.09	2254.92
606.29	2186.88
606.48	2080.51
606.68	2019.30
606.88	1928.51
607.08	1849.34
607.28	1766.58
607.48	1718.68
607.68	1653.10
607.88	1602.17
608.08	1571.04
608.27	1567.25
608.47	1536.12
608.67	1540.89
608.87	1527.99
609.07	1526.86
609.27	1509.29
609.47	1512.42
609.67	1502.86
609.87	1503.60
610.06	1468.72
610.26	1455.41
610.46	1421.47
610.66	1381.38
610.86	1347.56
611.06	1317.70
611.26	1298.70
611.45	1282.60
611.65	1271.42
611.85	1268.76
612.05	1256.55
612.25	1261.06
612.45	1254.85
612.65	1267.04
612.84	1252.19
613.04	1252.05
613.24	1249.26
613.44	1251.68
613.64	1245.27
613.84	1252.39
614.04	1243.26
614.23	1254.16
614.43	1245.04
614.63	1246.89
614.83	1237.65
615.03	1249.04
615.23	1241.91
615.42	1245.86
615.62	1237.96
615.82	1237.12
616.02	1232.63
616.22	1238.98
616.42	1231.22
616.61	1237.77
616.81	1224.19
617.01	1247.01
617.21	1227.12
617.41	1235.44
617.61	1235.15
617.80	1234.88
618.00	1223.13
618.20	1226.02
618.40	1225.61
618.60	1232.53
618.80	1223.37
618.99	1227.86
619.19	1231.83
619.39	1235.87
619.59	1227.90
619.79	1228.13
619.98	1217.97
620.18	1224.50
620.38	1220.96
620.58	1223.11
620.78	1212.01
620.97	1219.22
621.17	1217.76
621.37	1221.49
621.57	1217.76
621.77	1219.85
621.96	1213.30
622.16	1225.77
622.36	1218.66
622.56	1223.35
622.76	1211.58
622.95	1216.74
623.15	1215.14
623.35	1214.63
623.55	1210.68
623.75	1221.70
623.94	1211.91
624.14	1221.96
624.34	1211.68
624.54	1213.93
624.73	1207.44
624.93	1221.51
625.13	1208.57
625.33	1217.91
625.53	1211.99
625.72	1221.45
625.92	1209.43
626.12	1214.88
626.32	1211.95
626.51	1217.39
626.71	1209.63
626.91	1212.42
627.11	1213.69
627.30	1218.50
627.50	1206.87
627.70	1219.93
627.90	1201.30
628.10	1215.84
628.29	1212.07
628.49	1212.23
628.69	1206.07
628.89	1220.75
629.08	1212.36
629.28	1215.67
629.48	1209.98
629.68	1217.46
629.87	1210.21
630.07	1223.15
630.27	1210.23
630.47	1216.82
630.66	1212.68
630.86	1215.86
631.06	1206.89
631.25	1219.63
631.45	1213.97
631.65	1206.77
631.85	1218.73
632.04	1213.56
632.24	1204.92
632.44	1217.72
632.64	1207.97
632.83	1212.25
633.03	1214.28
633.23	1222.60
633.42	1212.44
633.62	1206.97
633.82	1204.39
634.02	1211.80
634.21	1210.29
634.41	1212.56
634.61	1205.72
634.81	1216.76
635.00	1209.16
635.20	1209.20
635.40	1209.22
635.59	1217.09
635.79	1205.66
635.99	1214.36
636.18	1211.37
636.38	1211.56
636.58	1207.09
636.78	1207.34
636.97	1201.93
637.17	1210.90
637.37	1205.64
637.56	1218.19
637.76	1204.51
637.96	1205.31
638.15	1204.66
638.35	1207.65
638.55	1200.31
638.74	1208.90
638.94	1209.92
639.14	1207.18
639.34	1204.86
639.53	1209.04
639.73	1197.51
639.93	1203.20
640.12	1201.42
640.32	1203.69
640.52	1207.03
640.71	1200.40
640.91	1204.19
641.11	1204.43
641.30	1200.52
641.50	1204.53
641.70	1202.71
641.89	1203.24
642.09	1199.76
642.29	1205.88
642.48	1200.50
642.68	1205.48
642.88	1198.45
643.07	1206.93
643.27	1201.32
643.47	1205.29
643.66	1203.08
643.86	1207.44
644.06	1200.21
644.25	1204.55
644.45	1193.31
644.65	1202.12
644.84	1203.98
645.04	1210.82
645.23	1199.43
645.43	1204.06
645.63	1200.15
645.82	1203.55
646.02	1202.03
646.22	1208.24
646.41	1200.95
646.61	1208.32
646.81	1198.68
647.00	1208.42
647.20	1206.62
647.39	1209.59
647.59	1204.04
647.79	1207.99
647.98	1195.93
648.18	1205.02
648.38	1203.86
648.57	1209.55
648.77	1203.10
648.96	1206.68
649.16	1199.45
649.36	1204.53
649.55	1202.49
649.75	1202.38
649.95	1199.68
650.14	1205.84
650.34	1197.86
650.53	1202.53
650.73	1200.03
650.93	1198.82
651.12	1204.27
651.32	1213.09
651.51	1195.62
651.71	1202.40
651.91	1202.42
652.10	1206.56
652.30	1203.65
652.49	1203.24
652.69	1200.03
652.89	1211.50
653.08	1201.38
653.28	1203.73
653.47	1199.43
653.67	1204.47
653.86	1209.43
654.06	1198.16
654.26	1194.11
654.45	1206.50
654.65	1196.22
654.84	1214.79
655.04	1210.17
655.24	1213.46
655.43	1196.34
655.63	1203.51
655.82	1206.83
656.02	1203.16
656.21	1196.69
656.41	1215.61
656.61	1203.30
656.80	1206.87
657.00	1194.50
657.19	1207.13
657.39	1195.79
657.58	1201.85
657.78	1194.70
657.97	1202.65
658.17	1200.31
658.37	1209.18
658.56	1203.14
658.76	1208.32
658.95	1197.53
659.15	1211.21
659.34	1205.35
659.54	1208.71
659.73	1198.08
659.93	1204.23
660.13	1193.64
660.32	1210.45
660.52	1194.50
660.71	1208.36
660.91	1196.94
661.10	1204.29
661.30	1201.93
661.49	1201.42
661.69	1197.34
661.88	1204.39
662.08	1193.23
662.27	1202.12
662.47	1201.81
662.66	1198.82
662.86	1206.13
663.06	1199.43
663.25	1199.84
663.45	1201.20
663.64	1201.03
663.84	1208.10
664.03	1199.54
664.23	1206.15
664.42	1202.73
664.62	1205.93
664.81	1197.61
665.01	1205.11
665.20	1198.70
665.40	1201.73
665.59	1193.86
665.79	1200.23
665.98	1200.29
666.18	1201.20
666.37	1197.02
666.57	1204.86
666.76	1200.36
666.96	1204.00
667.15	1200.11
667.35	1205.76
667.54	1198.10
667.74	1204.74
667.93	1206.81
668.13	1207.75
668.32	1201.54
668.52	1201.52
668.71	1196.65
668.91	1207.01
669.10	1201.32
669.30	1205.72
669.49	1199.52
669.68	1202.22
669.88	1205.99
670.07	1198.64
670.27	1197.18
670.46	1207.50
670.66	1196.24
670.85	1207.87
671.05	1201.13
671.24	1210.72
671.44	1198.00
671.63	1211.80
671.83	1198.57
672.02	1209.49
672.22	1201.93
672.41	1206.68
672.60	1195.40
672.80	1207.30
672.99	1198.66
673.19	1208.81
673.38	1196.91
673.58	1205.07
673.77	1196.40
673.97	1204.02
674.16	1201.05
674.36	1207.63
674.55	1198.86
674.74	1207.03
674.94	1198.21
675.13	1207.58
675.33	1195.69
675.52	1203.37
675.72	1206.44
675.91	1210.02
676.10	1191.32
676.30	1201.36
676.49	1201.28
676.69	1201.50
676.88	1205.78
677.08	1216.27
677.27	1198.92
677.46	1210.90
677.66	1192.96
677.85	1208.94
678.05	1205.17
678.24	1209.78
678.44	1191.41
678.63	1207.36
678.82	1198.84
679.02	1203.92
679.21	1194.81
679.41	1204.78
679.60	1199.17
679.79	1206.50
679.99	1201.09
680.18	1210.84
680.38	1200.50
680.57	1203.73
680.76	1198.29
680.96	1210.41
681.15	1205.45
681.35	1201.07
681.54	1199.60
681.73	1209.04
681.93	1202.01
682.12	1208.38
682.32	1201.71
682.51	1204.31
682.70	1196.10
682.90	1199.84
683.09	1196.10
683.29	1202.38
683.48	1199.19
683.67	1205.09
683.87	1207.50
684.06	1210.80
684.25	1201.13
684.45	1214.08
684.64	1200.21
684.84	1205.13
685.03	1203.26
685.22	1203.51
685.42	1200.50
685.61	1207.40
685.80	1197.84
686.00	1204.39
686.19	1204.00
686.38	1209.55
686.58	1196.98
686.77	1202.59
686.96	1199.95
687.16	1208.83
687.35	1198.21
687.55	1208.12
687.74	1201.44
687.93	1209.74
688.13	1194.95
688.32	1212.83
688.51	1199.45
688.71	1202.38
688.90	1196.96
689.09	1205.23
689.29	1199.68
689.48	1208.10
689.67	1199.62
689.87	1210.55
690.06	1198.23
690.25	1198.45
690.45	1202.75
690.64	1205.91
690.83	1202.34
691.03	1213.89
691.22	1199.52
691.41	1205.93
691.61	1198.41
691.80	1199.90
691.99	1199.13
692.19	1213.65
692.38	1196.83
692.57	1209.51
692.76	1201.05
692.96	1208.10
693.15	1198.27
693.34	1202.79
693.54	1203.10
693.73	1207.07
693.92	1199.93
694.12	1210.60
694.31	1201.07
694.50	1202.18
694.70	1202.69
694.89	1208.32
695.08	1202.63
695.27	1208.14
695.47	1206.83
695.66	1205.52
695.85	1200.56
696.05	1210.00
696.24	1197.92
696.43	1202.26
696.62	1207.52
696.82	1200.58
697.01	1195.97
697.20	1202.32
697.40	1201.69
697.59	1212.97
697.78	1198.04
697.97	1202.51
698.17	1199.33
698.36	1208.67
698.55	1201.99
698.74	1206.93
698.94	1200.48
699.13	1206.70
699.32	1202.79
699.52	1206.07
699.71	1201.44
699.90	1215.51
700.09	1204.25
700.29	1210.41
700.48	1198.12
700.67	1206.29
700.86	1194.29
701.06	1205.62
701.25	1202.81
701.44	1205.33
701.63	1196.16
701.83	1208.98
702.02	1204.88
702.21	1205.70
702.40	1202.42
702.60	1208.49
702.79	1199.45
702.98	1201.65
703.17	1197.02
703.37	1201.93
703.56	1197.10
703.75	1200.50
703.94	1195.03
704.13	1205.58
704.33	1200.79
704.52	1195.48
704.71	1205.00
704.90	1206.48
705.10	1200.68
705.29	1203.06
705.48	1193.15
705.67	1201.42
705.86	1195.46
706.06	1204.64
706.25	1205.29
706.44	1201.40
706.63	1200.74
706.83	1210.86
707.02	1199.17
707.21	1204.72
707.40	1206.23
707.59	1213.61
707.79	1190.50
707.98	1200.38
708.17	1195.99
708.36	1213.36
708.55	1193.54
708.75	1206.01
708.94	1208.34
709.13	1209.82
709.32	1200.97
709.51	1211.93
709.71	1198.47
709.90	1206.46
710.09	1197.00
710.28	1202.20
710.47	1204.25
710.66	1206.97
710.86	1198.21
711.05	1208.96
711.24	1201.30
711.43	1206.19
711.62	1193.23
711.82	1207.97
712.01	1208.57
712.20	1208.77
712.39	1201.40
712.58	1203.04
712.77	1196.77
712.97	1207.61
713.16	1203.69
713.35	1202.94
713.54	1196.51
713.73	1204.88
713.92	1194.09
714.11	1202.24
714.31	1194.48
714.50	1205.17
714.69	1199.93
714.88	1203.08
715.07	1198.08
715.26	1209.78
715.46	1196.69
715.65	1209.57
715.84	1198.33
716.03	1209.45
716.22	1196.51
716.41	1210.25
716.60	1199.70
716.80	1211.05
716.99	1204.70
717.18	1201.79
717.37	1197.90
717.56	1206.70
717.75	1211.84
717.94	1208.04
718.13	1195.05
718.33	1208.87
718.52	1195.44
718.71	1202.14
718.90	1201.73
719.09	1207.95
719.28	1197.78
719.47	1212.81
719.66	1199.88
719.85	1202.08
720.05	1200.44
720.24	1203.71
720.43	1200.01
720.62	1203.04
720.81	1196.85
721.00	1201.73
721.19	1198.12
721.38	1205.07
721.57	1194.97
721.77	1206.07
721.96	1196.44
722.15	1204.29
722.34	1194.05
722.53	1210.90
722.72	1199.54
722.91	1201.77
723.10	1197.16
723.29	1213.09
723.48	1197.04
723.67	1203.90
723.87	1202.14
724.06	1212.42
724.25	1199.60
724.44	1206.91
724.63	1201.05
724.82	1202.20
725.01	1200.09
725.20	1203.02
725.39	1206.09
725.58	1194.17
725.77	1195.95
725.96	1207.05
726.15	1205.41
726.34	1203.69
726.54	1200.81
726.73	1201.99
726.92	1207.09
727.11	1210.53
727.30	1197.37
727.49	1196.20
727.68	1191.08
727.87	1206.46
728.06	1206.93
728.25	1198.66
728.44	1198.49
728.63	1211.60
728.82	1202.63
729.01	1204.70
729.20	1199.80
729.39	1211.74
729.58	1194.99
729.77	1205.00
729.96	1194.81
730.15	1205.97
730.34	1201.11
730.53	1204.04
730.73	1204.49
730.92	1209.55
731.11	1203.24
731.30	1197.88
731.49	1205.29
731.68	1208.28
731.87	1202.57
732.06	1203.73
732.25	1201.50
732.44	1207.99
732.63	1203.08
732.82	1199.17
733.01	1204.04
733.20	1204.45
733.39	1198.68
733.58	1203.53
733.77	1195.77
733.96	1210.70
734.15	1200.01
734.34	1214.40
734.53	1201.17
734.72	1209.49
734.91	1204.35
735.10	1201.99
735.29	1201.30
735.48	1208.28
735.67	1200.52
735.86	1202.03
736.05	1199.04
736.24	1207.42
736.43	1199.97
736.62	1204.82
736.81	1199.99
737.00	1216.72
737.19	1196.05
737.38	1208.61
737.57	1199.07
737.76	1201.58
737.95	1199.37
738.14	1211.11
738.33	1191.98
738.51	1204.66
738.70	1198.90
738.89	1206.64
739.08	1198.64
739.27	1206.48
739.46	1194.58
739.65	1203.45
739.84	1199.23
740.03	1205.45
740.22	1204.23
740.41	1206.05
740.60	1195.09
740.79	1199.02
740.98	1197.84
741.17	1201.26
741.36	1196.14
741.55	1204.35
741.74	1205.45
741.93	1209.84
742.12	1195.32
742.31	1209.76
742.50	1201.65
742.68	1202.51
742.87	1203.18
743.06	1202.26
743.25	1199.72
743.44	1199.56
743.63	1201.03
743.82	1207.34
744.01	1194.46
744.20	1200.72
744.39	1194.17
744.58	1202.87
744.77	1199.17
744.96	1207.32
745.14	1198.39
745.33	1204.88
745.52	1195.32
745.71	1206.72
745.90	1200.52
746.09	1197.75
746.28	1200.03
746.47	1204.57
746.66	1200.03
746.85	1205.64
747.04	1209.10
747.22	1209.22
747.41	1200.19
747.60	1204.51
747.79	1198.27
747.98	1207.30
748.17	1204.10
748.36	1206.03
748.55	1205.35
748.74	1201.36
748.93	1197.06
749.11	1206.99
749.30	1191.65
749.49	1207.26
749.68	1194.72
749.87	1201.07
750.06	1195.13
750.25	1203.80
750.44	1194.40
750.62	1204.25
750.81	1196.24
751.00	1210.49
751.19	1195.26
751.38	1206.13
751.57	1202.36
751.76	1211.52
751.95	1192.86
752.13	1204.70
752.32	1199.62
752.51	1204.74
752.70	1193.62
752.89	1201.99
753.08	1198.88
753.27	1200.64
753.45	1197.04
753.64	1204.14
753.83	1197.55
754.02	1204.23
754.21	1194.76
754.40	1198.88
754.58	1198.25
754.77	1196.98
754.96	1206.27
755.15	1201.22
755.34	1197.47
755.53	1210.41
755.71	1199.07
755.90	1203.51
756.09	1200.27
756.28	1202.67
756.47	1195.81
756.66	1211.93
756.84	1195.22
757.03	1204.98
757.22	1201.67
757.41	1211.19
757.60	1197.41
757.79	1207.89
757.97	1200.77
758.16	1204.19
758.35	1198.86
758.54	1203.96
758.73	1207.89
758.91	1209.45
759.10	1196.28
759.29	1200.29
759.48	1195.40
759.67	1209.63
759.85	1201.89
760.04	1204.37
760.23	1202.57
760.42	1209.55
760.61	1199.56
760.79	1211.97
760.98	1204.98
761.17	1204.41
761.36	1193.31
761.55	1204.84
761.73	1200.42
761.92	1208.36
762.11	1198.00
762.30	1210.64
762.49	1200.72
762.67	1204.14
762.86	1203.59
763.05	1205.52
763.24	1196.22
763.42	1200.36
763.61	1198.29
763.80	1205.52
763.99	1191.36
764.17	1206.68
764.36	1198.57
764.55	1208.85
764.74	1189.85
764.92	1201.28
765.11	1195.22
765.30	1205.66
765.49	1202.20
765.68	1209.63
765.86	1198.57
766.05	1206.70
766.24	1194.97
766.43	1204.02
766.61	1196.01
766.80	1203.69
766.99	1199.90
767.17	1198.27
767.36	1199.11
767.55	1200.09
767.74	1197.30
767.92	1199.78
768.11	1195.71
768.30	1204.29
768.49	1201.83
768.67	1205.95
768.86	1202.32
769.05	1200.77
769.24	1196.42
769.42	1209.96
769.61	1194.81
769.80	1208.92
769.98	1195.44
770.17	1205.56
770.36	1201.95
770.55	1206.52
770.73	1199.41
770.92	1204.70
771.11	1197.28
771.29	1205.78
771.48	1198.49
771.67	1200.83
771.86	1197.43
772.04	1205.70
772.23	1199.19
772.42	1201.79
772.60	1199.82
772.79	1203.02
772.98	1195.89
773.16	1201.89
773.35	1198.80
773.54	1198.57
773.72	1199.60
773.91	1210.33
774.10	1198.41
774.29	1206.44
774.47	1203.71
774.66	1203.53
774.85	1203.32
775.03	1202.44
775.22	1199.11
775.41	1209.31
775.59	1197.65
775.78	1204.62
775.97	1203.57
776.15	1203.02
776.34	1197.16
776.53	1205.13
776.71	1199.31
776.90	1197.34
777.09	1193.86
777.27	1211.03
777.46	1203.16
777.65	1204.06
777.83	1200.27
778.02	1207.42
778.21	1201.89
778.39	1210.43
778.58	1195.36
778.76	1198.68
778.95	1194.62
779.14	1204.08
779.32	1197.59
779.51	1204.51
779.70	1197.10
779.88	1208.59
780.07	1197.41
780.26	1208.44
780.44	1199.39
780.63	1207.75
780.81	1192.72
781.00	1201.48
781.19	1202.63
781.37	1207.36
781.56	1200.09
781.75	1208.32
781.93	1201.67
782.12	1199.17
782.30	1199.07
782.49	1212.81
782.68	1195.79
782.86	1203.59
783.05	1201.56
783.23	1205.02
783.42	1197.37
783.61	1200.27
783.79	1192.78
783.98	1210.60
784.16	1200.97
784.35	1210.19
784.54	1199.54
784.72	1204.27
784.91	1196.24
785.09	1201.09
785.28	1203.43
785.47	1207.15
785.65	1197.55
785.84	1206.29
786.02	1206.95
786.21	1208.73
786.40	1196.87
786.58	1201.99
786.77	1196.30
786.95	1204.31
787.14	1196.55
787.32	1208.24
787.51	1208.67
787.70	1205.64
787.88	1201.13
788.07	1207.36
788.25	1200.09
788.44	1201.40
788.62	1200.54
788.81	1202.81
789.00	1205.82
789.18	1204.14
789.37	1191.26
789.55	1208.53
789.74	1205.91
789.92	1197.59
790.11	1198.72
790.29	1205.21
790.48	1196.79
790.67	1201.69
790.85	1193.88
791.04	1203.14
791.22	1199.41
791.41	1199.62
791.59	1203.92
791.78	1206.09
791.96	1196.16
792.15	1205.25
792.33	1199.17
792.52	1206.38
792.70	1196.53
792.89	1208.96
793.07	1190.98
793.26	1207.73
793.45	1204.62
793.63	1211.60
793.82	1201.97
794.00	1204.00
794.19	1204.96
794.37	1208.01
794.56	1204.27
794.74	1200.33
794.93	1194.19
795.11	1207.87
795.30	1204.02
795.48	1200.44
795.67	1192.35
795.85	1206.19
796.04	1200.60
796.22	1204.16
796.41	1192.72
796.59	1209.69
796.78	1203.73
796.96	1202.44
797.15	1198.12
797.33	1203.39
797.52	1196.42
797.70	1204.66
797.89	1200.27
798.07	1203.59
798.26	1198.06
798.44	1203.96
798.63	1195.30
798.81	1204.66
798.99	1193.47
799.18	1199.58
799.36	1204.27
799.55	1197.45
799.73	1198.04
799.92	1202.46
800.10	1197.49
800.29	1202.08
800.47	1198.74
800.66	1203.59
800.84	1203.84
801.03	1204.45
801.21	1196.89
801.39	1208.61
801.58	1201.46
801.76	1205.45
801.95	1195.17
802.13	1209.78
802.32	1201.75
802.50	1199.33
802.69	1199.21
802.87	1209.41
803.06	1198.02
803.24	1206.50
803.42	1195.07
803.61	1203.30
803.79	1204.55
803.98	1205.82
804.16	1203.35
804.35	1203.55
804.53	1196.61
804.71	1202.01
804.90	1194.44
805.08	1205.35
805.27	1199.66
805.45	1210.39
805.63	1198.02
805.82	1202.08
806.00	1197.59
806.19	1201.34
806.37	1200.48
806.56	1199.82
806.74	1199.21
806.92	1208.30
807.11	1196.96
807.29	1197.80
807.48	1196.85
807.66	1204.51
807.84	1202.16
808.03	1198.16
808.21	1200.62
808.40	1200.52
808.58	1202.98
808.76	1196.32
808.95	1193.43
809.13	1204.88
809.32	1199.66
809.50	1202.96
809.68	1194.72
809.87	1198.88
810.05	1201.69
810.23	1201.34
810.42	1200.77
810.60	1201.42
810.79	1196.44
810.97	1204.66
811.15	1202.03
811.34	1208.49
811.52	1195.24
811.70	1204.68
811.89	1195.85
812.07	1205.72
812.25	1195.77
812.44	1196.32
812.62	1200.46
812.81	1206.36
812.99	1196.71
813.17	1210.64
813.36	1201.81
813.54	1202.28
813.72	1198.96
813.91	1196.75
814.09	1205.11
814.27	1196.38
814.46	1196.51
814.64	1204.39
814.82	1194.64
815.01	1203.69
815.19	1193.41
815.37	1212.38
815.56	1204.55
815.74	1201.15
815.92	1200.03
816.11	1207.56
816.29	1196.20
816.47	1195.85
816.66	1201.87
816.84	1201.36
817.02	1198.86
817.21	1204.29
817.39	1195.40
817.57	1197.69
817.76	1199.99
817.94	1203.53
818.12	1192.14
818.30	1202.44
818.49	1197.45
818.67	1208.81
818.85	1199.50
819.04	1208.55
819.22	1195.56
819.40	1206.38
819.59	1198.92
819.77	1200.09
819.95	1204.29
820.13	1200.85
820.32	1198.70
820.50	1204.96
820.68	1197.37
820.87	1205.68
821.05	1199.02
821.23	1204.21
821.41	1193.86
821.60	1199.13
821.78	1199.09
821.96	1203.73
822.14	1194.25
822.33	1203.92
822.51	1193.41
822.69	1206.34
822.88	1198.21
823.06	1203.24
823.24	1203.49
823.42	1204.12
823.61	1200.07
823.79	1200.93
823.97	1199.25
824.15	1202.85
824.34	1192.43
824.52	1205.11
824.70	1204.68
824.88	1208.73
825.07	1194.33
825.25	1205.29
825.43	1199.95
825.61	1205.66
825.80	1201.71
825.98	1200.52
826.16	1197.92
826.34	1208.65
826.53	1202.61
826.71	1202.30
826.89	1204.43
827.07	1199.84
827.25	1203.43
827.44	1205.45
827.62	1196.77
827.80	1207.67
827.98	1203.04
828.17	1203.84
828.35	1200.48
828.53	1213.50
828.71	1199.39
828.89	1206.93
829.08	1193.97
829.26	1200.33
829.44	1200.27
829.62	1205.39
829.80	1195.36
829.99	1204.98
830.17	1197.26
830.35	1202.57
830.53	1185.94
830.71	1202.01
830.90	1197.71
831.08	1204.37
831.26	1196.57
831.44	1208.18
831.62	1195.85
831.81	1200.01
831.99	1203.30
832.17	1204.94
832.35	1204.72
832.53	1210.66
832.71	1198.27
832.90	1209.20
833.08	1197.57
833.26	1209.14
833.44	1197.61
833.62	1210.88
833.81	1207.48
833.99	1199.15
834.17	1198.29
834.35	1203.04
834.53	1201.34
834.71	1198.70
834.89	1198.31
835.08	1199.17
835.26	1201.99
835.44	1204.08
835.62	1192.66
835.80	1206.68
835.98	1199.90
836.17	1201.28
836.35	1194.50
836.53	1206.34
836.71	1199.60
836.89	1202.65
837.07	1196.75
837.25	1205.82
837.44	1195.56
837.62	1207.28
837.80	1196.85
837.98	1206.85
838.16	1190.40
838.34	1203.22
838.52	1203.35
838.70	1205.80
838.89	1192.18
839.07	1207.52
839.25	1194.72
839.43	1195.93
839.61	1201.40
839.79	1199.15
839.97	1204.62
840.15	1201.15
840.33	1190.83
840.52	1204.84
840.70	1199.23
840.88	1203.65
841.06	1200.25
841.24	1204.08
841.42	1196.75
841.60	1202.44
841.78	1199.78
841.96	1207.69
842.14	1207.54
842.33	1205.74
842.51	1194.78
842.69	1210.88
842.87	1201.40
843.05	1203.20
843.23	1189.36
843.41	1206.66
843.59	1199.95
843.77	1200.25
843.95	1198.61
844.13	1200.46
844.31	1201.81
844.49	1201.34
844.68	1194.56
844.86	1201.95
845.04	1198.06
845.22	1200.21
845.40	1194.29
845.58	1209.86
845.76	1196.91
845.94	1199.29
846.12	1193.92
846.30	1202.55
846.48	1192.31
846.66	1203.37
846.84	1199.27
847.02	1199.25
847.20	1200.56
847.38	1202.18
847.56	1198.86
847.74	1207.40
847.92	1203.22
848.11	1200.66
848.29	1202.03
848.47	1202.55
848.65	1198.66
848.83	1209.84
849.01	1199.78
849.19	1208.92
849.37	1190.44
849.55	1200.03
849.73	1195.15
849.91	1203.14
850.09	1200.27
850.27	1204.33
850.45	1200.11
850.63	1201.73
850.81	1197.14
850.99	1201.48
851.17	1200.48
851.35	1200.93
851.53	1199.45
851.71	1208.73
851.89	1203.84
852.07	1206.60
852.25	1199.88
852.43	1199.78
852.61	1195.15
852.79	1198.47
852.97	1197.47
853.15	1207.11
853.33	1190.42
853.51	1200.29
853.69	1194.05
853.87	1205.84
854.05	1206.17
854.23	1209.20
854.41	1198.90
854.59	1209.98
854.77	1198.25
854.95	1206.91
855.13	1196.55
855.31	1210.23
855.49	1203.37
855.67	1204.96
855.84	1198.86
856.02	1211.54
856.20	1202.36
856.38	1207.09
856.56	1197.20
856.74	1197.37
856.92	1198.64
857.10	1207.50
857.28	1201.28
857.46	1199.41
857.64	1200.74
857.82	1208.92
858.00	1199.47
858.18	1206.11
858.36	1196.83
858.54	1206.15
858.72	1197.78
858.90	1202.75
859.08	1201.83
859.25	1200.60
859.43	1200.21
859.61	1200.68
859.79	1195.73
859.97	1204.92
860.15	1200.97
860.33	1206.75
860.51	1206.58
860.69	1198.29
860.87	1200.79
861.05	1200.11
861.23	1199.07
861.41	1213.05
861.58	1203.35
861.76	1203.71
861.94	1199.74
862.12	1205.35
862.30	1197.75
862.48	1201.38
862.66	1192.51
862.84	1203.35
863.02	1191.08
863.20	1203.45
863.37	1193.37
863.55	1210.51
863.73	1198.47
863.91	1204.29
864.09	1199.95
864.27	1196.77
864.45	1192.12
864.63	1196.67
864.80	1198.72
864.98	1203.10
865.16	1197.53
865.34	1207.36
865.52	1196.28
865.70	1200.89
865.88	1200.70
866.06	1203.49
866.23	1199.04
866.41	1206.75
866.59	1195.11
866.77	1204.06
866.95	1193.60
867.13	1205.02
867.31	1195.15
867.48	1202.32
867.66	1199.35
867.84	1205.07
868.02	1194.31
868.20	1196.91
868.38	1194.85
868.56	1202.98
868.73	1199.97
868.91	1200.19
869.09	1199.54
869.27	1204.59
869.45	1203.94
869.63	1201.91
869.80	1200.91
869.98	1199.60
870.16	1198.25
870.34	1206.36
870.52	1200.56
870.70	1205.02
870.87	1190.87
871.05	1202.49
871.23	1204.43
871.41	1208.83
871.59	1196.67
871.76	1210.60
871.94	1199.93
872.12	1204.86
872.30	1198.88
872.48	1207.05
872.65	1195.60
872.83	1199.56
873.01	1196.24
873.19	1205.15
873.37	1197.98
873.54	1202.49
873.72	1196.87
873.90	1201.75
874.08	1197.86
874.26	1198.88
874.43	1195.71
874.61	1198.10
874.79	1198.55
874.97	1204.00
875.15	1196.51
875.32	1209.82
875.50	1199.04
875.68	1206.05
875.86	1192.45
876.03	1202.85
876.21	1199.15
876.39	1208.38
876.57	1193.19
876.74	1201.20
876.92	1198.10
877.10	1197.65
877.28	1188.64
877.45	1206.17
877.63	1193.95
877.81	1205.19
877.99	1195.19
878.17	1208.24
878.34	1200.07
878.52	1209.71
878.70	1201.50
878.87	1209.00
879.05	1194.89
879.23	1202.73
879.41	1194.52
879.58	1205.70
879.76	1195.77
879.94	1205.72
880.12	1201.54
880.29	1207.89
880.47	1193.45
880.65	1202.96
880.83	1191.61
881.00	1205.72
881.18	1194.70
881.36	1204.96
881.53	1191.61
881.71	1204.76
881.89	1195.69
882.07	1208.18
882.24	1200.48
882.42	1195.48
882.60	1193.66
882.77	1204.14
882.95	1197.28
883.13	1202.32
883.30	1191.12
883.48	1206.03
883.66	1194.21
883.84	1210.00
884.01	1192.96
884.19	1203.55
884.37	1196.55
884.54	1205.91
884.72	1200.05
884.90	1199.19
885.07	1199.76
885.25	1202.20
885.43	1199.66
885.60	1203.00
885.78	1202.32
885.96	1200.54
886.13	1199.15
886.31	1200.38
886.49	1197.71
886.66	1203.51
886.84	1198.33
887.02	1200.97
887.19	1196.44
887.37	1207.65
887.55	1196.61
887.72	1199.21
887.90	1194.85
888.08	1198.98
888.25	1193.02
888.43	1198.94
888.61	1198.08
888.78	1203.57
888.96	1196.98
889.14	1205.07
889.31	1196.85
889.49	1202.96
889.67	1198.78
889.84	1204.84
890.02	1195.40
890.19	1200.56
890.37	1200.48
890.55	1199.09
890.72	1195.13
890.90	1201.95
891.08	1201.83
891.25	1199.88
891.43	1196.51
891.60	1203.92
891.78	1196.30
891.96	1206.58
892.13	1205.29
892.31	1199.84
892.48	1198.33
892.66	1205.35
892.84	1203.28
893.01	1201.46
893.19	1200.83
893.36	1208.47
893.54	1202.30
893.72	1205.39
893.89	1198.68
894.07	1203.12
894.24	1202.92
894.42	1222.37
894.60	1200.58
894.77	1199.27
894.95	1201.83
895.12	1202.63
895.30	1199.74
895.48	1211.23
895.65	1196.44
895.83	1208.32
896.00	1198.70
896.18	1198.61
896.35	1195.69
896.53	1207.85
896.71	1197.24
896.88	1205.56
897.06	1198.16
897.23	1208.94
897.41	1200.40
897.58	1207.61
897.76	1199.97
897.93	1203.32
898.11	1202.77
898.29	1204.70
898.46	1194.09
898.64	1205.19
898.81	1209.92
898.99	1199.52
899.16	1205.50
899.34	1205.56
899.51	1201.48
899.69	1204.29
899.86	1204.68
900.04	1204.27
900.21	1199.15
900.39	1208.77
900.57	1201.44
900.74	1204.31
900.92	1196.22
901.09	1209.63
901.27	1192.98
901.44	1205.72
901.62	1194.60
901.79	1205.29
901.97	1201.07
902.14	1202.14
902.32	1197.53
902.49	1207.71
902.67	1193.80
902.84	1199.72
903.02	1197.82
903.19	1204.78
903.37	1195.73
903.54	1200.29
903.72	1199.15
903.89	1210.68
904.07	1193.43
904.24	1208.10
904.42	1200.66
904.59	1201.13
904.77	1201.01
904.94	1206.68
905.12	1203.10
905.29	1202.89
905.47	1201.09
905.64	1204.62
905.82	1196.08
905.99	1201.22
906.16	1193.62
906.34	1205.00
906.51	1200.58
906.69	1197.82
906.86	1198.61
907.04	1201.79
907.21	1193.09
907.39	1206.64
907.56	1196.73
907.74	1205.23
907.91	1196.36
908.09	1202.49
908.26	1204.98
908.43	1195.67
908.61	1204.29
908.78	1201.60
908.96	1197.16
909.13	1200.79
909.31	1203.53
909.48	1201.67
909.65	1196.73
909.83	1202.08
910.00	1195.97
910.18	1207.79
910.35	1199.27
910.53	1203.84
910.70	1198.53
910.87	1204.92
911.05	1196.94
911.22	1197.65
911.40	1200.66
911.57	1199.39
911.75	1192.23
911.92	1204.21
912.09	1201.54
912.27	1204.35
912.44	1195.89
912.62	1205.19
912.79	1199.37
912.96	1208.49
913.14	1197.41
913.31	1202.71
913.49	1198.25
913.66	1200.11
913.83	1200.15
914.01	1199.70
914.18	1195.60
914.36	1204.33
914.53	1194.33
914.70	1201.93
914.88	1204.74
915.05	1206.11
915.22	1198.88
915.40	1203.63
915.57	1197.69
915.75	1204.21
915.92	1197.24
916.09	1201.87
916.27	1203.92
916.44	1208.14
916.61	1200.03
916.79	1196.40
916.96	1199.25
917.13	1209.76
917.31	1193.68
917.48	1196.59
917.66	1197.65
917.83	1202.12
918.00	1192.43
918.18	1203.63
918.35	1199.02
918.52	1202.98
918.70	1203.43
918.87	1202.96
919.04	1204.62
919.22	1209.08
919.39	1197.10
919.56	1205.82
919.74	1198.98
919.91	1212.30
920.08	1198.41
920.26	1202.69
920.43	1200.95
920.60	1204.49
920.78	1198.76
920.95	1196.81
921.12	1201.28
921.29	1203.73
921.47	1202.38
921.64	1202.65
921.81	1198.31
921.99	1209.96
922.16	1198.35
922.33	1206.05
922.51	1201.24
922.68	1206.97
922.85	1196.63
923.03	1205.68
923.20	1205.17
923.37	1205.66
923.54	1194.54
923.72	1200.93
923.89	1195.05
924.06	1195.97
924.24	1194.13
924.41	1199.60
924.58	1200.83
924.75	1201.50
924.93	1201.42
925.10	1197.78
925.27	1196.79
925.44	1201.44
925.62	1200.95
925.79	1199.43
925.96	1195.69
926.14	1206.01
926.31	1194.56
926.48	1205.84
926.65	1197.32
926.83	1209.04
927.00	1194.50
927.17	1203.92
927.34	1196.71
927.52	1197.84
927.69	1193.68
927.86	1206.95
928.03	1196.89
928.21	1202.71
928.38	1196.53
928.55	1206.54
928.72	1200.09
928.89	1203.55
929.07	1208.24
929.24	1200.77
929.41	1199.84
929.58	1202.49
929.76	1192.27
929.93	1201.63
930.10	1193.58
930.27	1209.67
930.44	1194.15
930.62	1202.18
930.79	1196.55
930.96	1205.70
931.13	1198.51
931.31	1205.13
931.48	1193.74
931.65	1200.07
931.82	1198.29
931.99	1200.13
932.17	1201.15
932.34	1204.10
932.51	1195.05
932.68	1200.99
932.85	1194.46
933.03	1207.32
933.20	1197.84
933.37	1201.38
933.54	1191.26
933.71	1204.72
933.88	1198.66
934.06	1203.02
934.23	1196.32
934.40	1204.14
934.57	1199.43
934.74	1205.88
934.91	1196.65
935.09	1196.01
935.26	1196.75
935.43	1202.77
935.60	1196.42
935.77	1206.81
935.94	1192.20
936.12	1205.05
936.29	1196.51
936.46	1203.59
936.63	1203.22
936.80	1204.41
936.97	1188.19
937.14	1201.05
937.32	1203.88
937.49	1215.14
937.66	1203.98
937.83	1203.14
938.00	1204.23
938.17	1203.12
938.34	1198.57
938.52	1204.68
938.69	1192.86
938.86	1208.01
939.03	1203.12
939.20	1207.81
939.37	1201.28
939.54	1201.99
939.71	1194.85
939.89	1207.81
940.06	1198.06
940.23	1196.96
940.40	1199.37
940.57	1200.70
940.74	1196.85
940.91	1203.88
941.08	1193.19
941.25	1206.19
941.43	1199.31
941.60	1202.10
941.77	1198.64
941.94	1209.67
942.11	1198.55
942.28	1207.34
942.45	1196.57
942.62	1204.27
942.79	1199.07
942.96	1200.48
943.13	1200.72
943.30	1209.41
943.48	1208.38
943.65	1205.54
943.82	1198.08
943.99	1211.25
944.16	1200.91
944.33	1193.02
944.50	1196.63
944.67	1203.20
944.84	1197.78
945.01	1210.00
945.18	1195.65
945.35	1202.77
945.52	1190.18
945.69	1207.38
945.86	1199.99
946.03	1207.38
946.21	1200.40
946.38	1206.66
946.55	1196.81
946.72	1210.23
946.89	1197.37
947.06	1203.49
947.23	1200.79
947.40	1193.62
947.57	1193.84
947.74	1201.17
947.91	1197.20
948.08	1200.87
948.25	1197.63
948.42	1194.03
948.59	1192.27
948.76	1195.69
948.93	1194.97
949.10	1207.20
949.27	1202.49
949.44	1202.01
949.61	1196.36
949.78	1209.61
949.95	1193.21
950.12	1204.33
950.29	1200.33
950.46	1202.40
950.63	1191.88
950.80	1205.74
950.97	1200.91
951.14	1204.00
951.31	1198.45
951.48	1201.30
951.65	1200.97
951.82	1199.66
951.99	1192.27
952.16	1198.25
952.33	1195.30
952.50	1199.07
952.67	1197.69
952.84	1207.24
953.01	1200.72
953.18	1195.91
953.35	1200.56
953.52	1206.72
953.69	1199.54
953.86	1212.23
954.03	1204.53
954.20	1202.71
954.37	1200.56
954.54	1196.18
954.70	1200.25
954.87	1198.61
955.04	1194.09
955.21	1205.68
955.38	1195.83
955.55	1199.11
955.72	1206.03
955.89	1207.69
956.06	1204.62
956.23	1204.39
956.40	1195.54
956.57	1200.70
956.74	1198.39
956.91	1204.66
957.08	1198.47
957.25	1198.51
957.41	1198.27
957.58	1206.15
957.75	1194.58
957.92	1205.86
958.09	1189.71
958.26	1204.62
958.43	1200.95
958.60	1204.62
958.77	1201.07
958.94	1207.87
959.11	1196.83
959.27	1209.88
959.44	1197.86
959.61	1199.56
959.78	1198.43
959.95	1202.22
960.12	1195.13
960.29	1209.65
960.46	1202.34
960.63	1204.08
960.80	1192.23
960.96	1205.68
961.13	1198.47
961.30	1198.88
961.47	1198.45
961.64	1207.05
961.81	1194.97
961.98	1196.85
962.15	1195.77
962.31	1204.76
962.48	1199.13
962.65	1200.03
962.82	1195.81
962.99	1202.46
963.16	1200.05
963.33	1207.67
963.49	1198.16
963.66	1199.99
963.83	1202.03
964.00	1210.08
964.17	1198.25
964.34	1207.56
964.51	1197.18
964.67	1204.55
964.84	1200.15
965.01	1220.67
965.18	1199.11
965.35	1207.46
965.52	1193.80
965.68	1201.13
965.85	1193.66
966.02	1202.08
966.19	1205.93
966.36	1206.75
966.52	1189.19
966.69	1203.82
966.86	1198.84
967.03	1200.72
967.20	1194.07
967.37	1207.42
967.53	1202.08
967.70	1203.47
967.87	1194.99
968.04	1204.76
968.21	1194.89
968.37	1204.37
968.54	1203.14
968.71	1201.77
968.88	1198.06
969.05	1206.79
969.21	1197.34
969.38	1206.36
969.55	1205.66
969.72	1209.00
969.89	1204.59
970.05	1207.40
970.22	1195.60
970.39	1207.71
970.56	1198.92
970.72	1203.24
970.89	1203.94
971.06	1206.81
971.23	1200.81
971.39	1199.27
971.56	1191.90
971.73	1212.17
971.90	1199.09
972.07	1203.65
972.23	1201.95
972.40	1202.20
972.57	1193.64
972.74	1196.16
972.90	1207.61
973.07	1209.80
973.24	1194.07
973.40	1202.30
973.57	1204.14
973.74	1202.73
973.91	1195.52
974.07	1205.48
974.24	1193.41
974.41	1207.79
974.58	1201.01
974.74	1207.07
974.91	1198.94
975.08	1198.02
975.25	1193.56
975.41	1204.72
975.58	1194.38
975.75	1205.60
975.91	1196.40
976.08	1212.81
976.25	1198.37
976.42	1203.82
976.58	1194.42
976.75	1200.95
976.92	1196.10
977.08	1206.36
977.25	1201.50
977.42	1203.57
977.58	1196.36
977.75	1198.27
977.92	1194.13
978.08	1207.03
978.25	1208.34
978.42	1205.64
978.59	1196.96
978.75	1206.87
978.92	1200.17
979.09	1206.27
979.25	1199.66
979.42	1210.49
979.59	1196.61
979.75	1201.40
979.92	1202.03
980.09	1199.27
980.25	1200.29
980.42	1207.18
980.59	1198.10
980.75	1198.35
980.92	1198.57
981.09	1200.27
981.25	1202.67
981.42	1198.39
981.59	1198.10
981.75	1197.32
981.92	1201.01
982.08	1199.27
982.25	1198.14
982.42	1206.15
982.58	1197.88
982.75	1205.91
982.92	1194.91
983.08	1203.32
983.25	1200.95
983.42	1203.88
983.58	1193.33
983.75	1207.73
983.91	1195.52
984.08	1203.35
984.25	1194.68
984.41	1203.65
984.58	1200.58
984.74	1207.89
984.91	1200.09
985.08	1201.63
985.24	1197.67
985.41	1202.08
985.57	1195.85
985.74	1202.79
985.91	1203.22
986.07	1204.82
986.24	1195.03
986.40	1200.87
986.57	1196.73
986.74	1202.26
986.90	1191.28
987.07	1202.75
987.23	1195.38
987.40	1205.45
987.57	1204.53
987.73	1198.57
987.90	1201.03
988.06	1207.93
988.23	1197.67
988.39	1201.75
988.56	1197.12
988.73	1206.21
988.89	1193.49
989.06	1194.81
989.22	1200.11
989.39	1204.00
989.55	1198.55
989.72	1208.94
989.88	1200.05
990.05	1203.86
990.22	1197.24
990.38	1204.80
990.55	1197.88
990.71	1203.82
990.88	1198.53
991.04	1203.43
991.21	1199.45
991.37	1209.37
991.54	1194.46
991.70	1206.83
991.87	1201.71
992.03	1198.10
992.20	1197.45
992.36	1202.03
992.53	1202.98
992.69	1197.63
992.86	1199.07
993.03	1201.09
993.19	1199.00
993.36	1207.46
993.52	1198.43
993.69	1205.56
993.85	1191.92
994.02	1209.18
994.18	1194.70
994.35	1202.08
994.51	1193.45
994.68	1204.70
994.84	1195.13
995.01	1206.01
995.17	1198.66
995.34	1207.42
995.50	1194.62
995.66	1202.87
995.83	1203.04
995.99	1202.40
996.16	1198.29
996.32	1209.55
996.49	1202.85
996.65	1203.24
996.82	1197.20
996.98	1205.56
997.15	1204.08
997.31	1215.72
997.48	1197.41
997.64	1202.67
997.81	1198.43
997.97	1203.08
998.13	1195.81
998.30	1209.43
998.46	1202.71
998.63	1197.96
998.79	1196.91
998.96	1201.05
999.12	1199.80
999.29	1200.81
999.45	1198.80
999.61	1201.87
999.78	1200.40
999.94	1200.42
1000.11	1207.13
1000.27	1207.95
1000.44	1203.55
1000.60	1206.03
1000.76	1200.03
1000.93	1200.23
1001.09	1200.87
1001.26	1200.85
1001.42	1194.17
1001.59	1208.73
1001.75	1193.43
1001.91	1207.18
1002.08	1197.67
1002.24	1201.30
1002.41	1201.99
1002.57	1210.31
1002.73	1190.63
1002.90	1202.57
1003.06	1193.88
1003.23	1201.85
1003.39	1200.21
1003.55	1200.29
1003.72	1197.08
1003.88	1206.46
1004.04	1192.33
1004.21	1202.38
1004.37	1200.25
1004.54	1200.11
1004.70	1196.61
1004.86	1202.20
1005.03	1196.34
1005.19	1200.46
1005.35	1198.53
1005.52	1204.72
1005.68	1198.94
1005.85	1205.86
1006.01	1196.36
1006.17	1202.49
1006.34	1197.67
1006.50	1207.85
1006.66	1195.01
1006.83	1203.30
1006.99	1192.29
1007.15	1205.95
1007.32	1193.80
1007.48	1200.95
1007.64	1197.59
1007.81	1204.02
1007.97	1195.99
1008.13	1207.24
1008.30	1197.53
1008.46	1201.97
1008.62	1196.61
1008.79	1200.40
1008.95	1197.00
1009.11	1199.76
1009.28	1195.09
1009.44	1205.82
1009.60	1195.93
1009.77	1207.63
1009.93	1206.54
1010.09	1201.09
1010.25	1199.72
1010.42	1209.98
1010.58	1199.09
1010.74	1205.91
1010.91	1200.68
1011.07	1206.87
1011.23	1199.43
1011.40	1199.09
1011.56	1195.46
1011.72	1198.31
1011.88	1201.40
1012.05	1198.88
1012.21	1199.31
1012.37	1206.23
1012.54	1194.48
1012.70	1210.98
1012.86	1203.26
1013.02	1202.53
1013.19	1191.75
1013.35	1205.68
1013.51	1188.29
1013.67	1208.49
1013.84	1199.11
1014.00	1200.83
1014.16	1199.31
1014.33	1198.29
1014.49	1200.89
1014.65	1203.00
1014.81	1189.34
1014.98	1207.99
1015.14	1194.74
1015.30	1207.91
1015.46	1197.49
1015.62	1204.86
1015.79	1195.52
1015.95	1201.46
1016.11	1200.70
1016.27	1203.32
1016.44	1197.08
1016.60	1197.98
1016.76	1194.62
1016.92	1205.52
1017.09	1195.38
1017.25	1208.57
1017.41	1198.45
1017.57	1206.03
1017.73	1200.01
1017.90	1200.97
1018.06	1202.53
1018.22	1208.53
1018.38	1198.78
1018.54	1195.91
1018.71	1199.52
1018.87	1203.96
1019.03	1205.07
1019.19	1203.10
1019.35	1198.39
1019.52	1201.36
1019.68	1197.65
1019.84	1203.30
1020.00	1200.25
1020.16	1201.07
1020.33	1198.31
1020.49	1209.00
1020.65	1202.18
1020.81	1204.53
1020.97	1188.74
1021.13	1202.83
1021.30	1202.98
1021.46	1202.46
1021.62	1200.40
1021.78	1203.76
1021.94	1191.04
1022.10	1205.60
1022.27	1201.50
1022.43	1203.55
1022.59	1193.23
1022.75	1205.43
1022.91	1198.47
1023.07	1201.13
1023.24	1194.89
1023.40	1206.19
1023.56	1195.42
1023.72	1207.93
1023.88	1204.04
1024.04	1206.48
1024.20	1199.17
1024.36	1205.66
1024.53	1195.36
1024.69	1203.16
1024.85	1195.15
1025.01	1211.52
1025.17	1196.57
1025.33	1207.87
1025.49	1194.95
1025.65	1206.11
1025.82	1198.82
1025.98	1204.16
1026.14	1196.08
1026.30	1207.22
1026.46	1192.57
1026.62	1210.21
1026.78	1191.98
1026.94	1205.82
1027.10	1197.92
1027.26	1201.32
1027.43	1202.44
1027.59	1203.32
1027.75	1200.58
1027.91	1207.81
1028.07	1197.37
1028.23	1203.88
1028.39	1196.14
1028.55	1206.42
1028.71	1203.65
1028.87	1201.65
1029.03	1202.10
1029.19	1205.70
1029.36	1200.74
1029.52	1197.10
1029.68	1195.36
1029.84	1209.37
1030.00	1197.20
1030.16	1202.08
1030.32	1205.62
1030.48	1213.20
1030.64	1198.14
1030.80	1209.76
1030.96	1196.26
1031.12	1202.92
1031.28	1203.14
1031.44	1204.12
1031.60	1199.76
1031.76	1204.70
1031.92	1196.42
1032.08	1220.32
1032.24	1199.17
1032.40	1204.88
1032.56	1198.98
1032.73	1202.18
1032.89	1196.01
1033.05	1205.80
1033.21	1197.22
1033.37	1210.80
1033.53	1196.98
1033.69	1207.28
1033.85	1199.99
1034.01	1209.82
1034.17	1199.23
1034.33	1204.37
1034.49	1201.89
1034.65	1207.03
1034.81	1198.76
1034.97	1196.63
1035.13	1199.66
1035.29	1206.62
1035.45	1206.07
1035.61	1208.20
1035.77	1198.70
1035.93	1205.33
1036.09	1197.61
1036.25	1204.45
1036.41	1196.51
1036.57	1195.77
1036.73	1194.78
1036.88	1206.15
1037.04	1197.47
