345.52	1184.48
345.73	1184.48
345.94	1184.48
346.16	1186.10
346.37	1184.81
346.58	1185.06
346.79	1187.82
347.00	1181.72
347.22	1193.60
347.43	1180.16
347.64	1187.97
347.85	1189.75
348.06	1188.62
348.28	1186.55
348.49	1185.96
348.70	1183.56
348.91	1190.67
349.12	1187.17
349.34	1195.71
349.55	1178.44
349.76	1191.24
349.97	1182.72
350.18	1190.01
350.40	1192.12
350.61	1193.99
350.82	1182.54
351.03	1188.25
351.24	1183.09
351.46	1189.36
351.67	1191.88
351.88	1186.78
352.09	1186.08
352.30	1182.50
352.51	1188.91
352.73	1191.18
352.94	1185.32
353.15	1197.86
353.36	1187.76
353.57	1194.01
353.79	1182.52
354.00	1191.36
354.21	1185.45
354.42	1197.67
354.63	1183.66
354.84	1197.26
355.06	1188.95
355.27	1194.54
355.48	1189.93
355.69	1189.69
355.90	1193.15
356.11	1196.46
356.33	1193.25
356.54	1197.43
356.75	1184.61
356.96	1193.95
357.17	1191.92
357.38	1193.23
357.60	1187.82
357.81	1197.75
358.02	1190.48
358.23	1190.07
358.44	1189.28
358.65	1189.44
358.87	1187.31
359.08	1195.05
359.29	1189.60
359.50	1195.44
359.71	1181.60
359.92	1194.03
360.13	1190.69
360.35	1199.74
360.56	1184.03
360.77	1189.11
360.98	1187.37
361.19	1190.22
361.40	1195.38
361.62	1199.58
361.83	1186.80
362.04	1193.19
362.25	1186.74
362.46	1190.36
362.67	1188.44
362.88	1192.88
363.10	1189.09
363.31	1187.35
363.52	1188.31
363.73	1203.28
363.94	1190.20
364.15	1191.57
364.36	1188.44
364.57	1194.50
364.79	1186.12
365.00	1193.39
365.21	1187.76
365.42	1198.68
365.63	1190.57
365.84	1198.12
366.05	1190.26
366.27	1189.87
366.48	1188.93
366.69	1200.03
366.90	1188.31
367.11	1190.79
367.32	1193.21
367.53	1193.29
367.74	1188.68
367.95	1191.41
368.17	1188.37
368.38	1192.61
368.59	1192.78
368.80	1200.07
369.01	1189.81
369.22	1191.94
369.43	1182.72
369.64	1198.74
369.86	1194.74
370.07	1194.78
370.28	1189.79
370.49	1192.45
370.70	1191.53
370.91	1190.77
371.12	1185.06
371.33	1195.75
371.54	1187.62
371.76	1197.18
371.97	1193.80
372.18	1193.21
372.39	1189.32
372.60	1198.78
372.81	1186.57
373.02	1195.97
373.23	1188.50
373.44	1196.32
373.65	1196.28
373.87	1195.87
374.08	1185.86
374.29	1191.53
374.50	1190.20
374.71	1192.47
374.92	1194.35
375.13	1195.99
375.34	1192.16
375.55	1191.90
375.76	1184.07
375.97	1197.32
376.19	1186.86
376.40	1202.61
376.61	1183.48
376.82	1193.86
377.03	1188.97
377.24	1198.84
377.45	1189.44
377.66	1192.23
377.87	1190.16
378.08	1193.76
378.29	1191.88
378.50	1189.11
378.71	1186.16
378.93	1197.47
379.14	1190.36
379.35	1193.21
379.56	1183.79
379.77	1193.21
379.98	1188.68
380.19	1192.06
380.40	1195.67
380.61	1199.41
380.82	1186.18
381.03	1200.62
381.24	1188.85
381.45	1198.86
381.66	1192.53
381.88	1196.71
382.09	1191.94
382.30	1195.71
382.51	1194.46
382.72	1191.96
382.93	1183.66
383.14	1195.11
383.35	1189.48
383.56	1195.60
383.77	1189.48
383.98	1197.82
384.19	1191.10
384.40	1196.73
384.61	1190.87
384.82	1197.73
385.03	1193.54
385.24	1197.96
385.45	1195.30
385.67	1195.71
385.88	1187.70
386.09	1194.62
386.30	1193.49
386.51	1194.76
386.72	1189.60
386.93	1194.42
387.14	1186.39
387.35	1192.74
387.56	1191.08
387.77	1186.49
387.98	1190.05
388.19	1189.28
388.40	1191.12
388.61	1191.92
388.82	1193.82
389.03	1196.67
389.24	1189.46
389.45	1190.85
389.66	1183.66
389.87	1200.33
390.08	1190.83
390.29	1194.09
390.50	1194.70
390.71	1197.41
390.92	1192.43
391.13	1192.72
391.34	1193.27
391.55	1189.36
391.76	1192.49
391.98	1195.60
392.19	1185.69
392.40	1190.77
392.61	1187.29
392.82	1204.14
393.03	1191.86
393.24	1202.61
393.45	1191.69
393.66	1196.10
393.87	1184.44
394.08	1200.07
394.29	1185.75
394.50	1194.50
394.71	1190.10
394.92	1198.18
395.13	1185.12
395.34	1195.77
395.55	1191.61
395.76	1195.17
395.97	1188.78
396.18	1197.57
396.39	1188.27
396.60	1194.83
396.81	1190.01
397.02	1194.33
397.23	1183.32
397.44	1194.35
397.65	1191.57
397.86	1194.48
398.07	1190.89
398.28	1198.14
398.49	1188.95
398.70	1192.08
398.91	1191.98
399.12	1195.85
399.33	1190.40
399.54	1195.48
399.75	1196.01
399.96	1195.75
400.17	1193.99
400.38	1195.81
400.59	1189.99
400.80	1201.09
401.01	1184.38
401.22	1191.94
401.42	1191.57
401.63	1196.91
401.84	1194.46
402.05	1193.72
402.26	1203.55
402.47	1202.53
402.68	1184.55
402.89	1190.16
403.10	1187.70
403.31	1194.40
403.52	1189.60
403.73	1194.15
403.94	1190.61
404.15	1195.97
404.36	1191.59
404.57	1197.86
404.78	1181.72
404.99	1198.16
405.20	1191.63
405.41	1202.59
405.62	1189.97
405.83	1193.31
406.04	1195.58
406.25	1181.29
406.46	1190.10
406.67	1198.92
406.88	1183.95
407.09	1196.03
407.30	1196.01
407.50	1197.18
407.71	1186.18
407.92	1203.18
408.13	1191.30
408.34	1194.25
408.55	1188.03
408.76	1195.46
408.97	1197.14
409.18	1198.47
409.39	1193.99
409.60	1199.90
409.81	1188.31
410.02	1197.75
410.23	1189.44
410.44	1191.63
410.65	1189.28
410.86	1190.77
411.07	1189.21
411.27	1198.88
411.48	1186.51
411.69	1194.89
411.90	1193.23
412.11	1195.32
412.32	1188.85
412.53	1195.17
412.74	1191.63
412.95	1203.18
413.16	1181.19
413.37	1201.13
413.58	1191.39
413.79	1193.92
414.00	1189.40
414.20	1197.59
414.41	1194.72
414.62	1196.94
414.83	1191.41
415.04	1193.21
415.25	1188.54
415.46	1196.87
415.67	1188.62
415.88	1190.71
416.09	1190.20
416.30	1202.06
416.51	1186.94
416.71	1192.66
416.92	1183.05
417.13	1193.62
417.34	1193.58
417.55	1196.63
417.76	1190.38
417.97	1195.22
418.18	1194.44
418.39	1197.78
418.60	1192.02
418.81	1192.94
419.01	1191.12
419.22	1200.13
419.43	1194.09
419.64	1199.90
419.85	1191.61
420.06	1192.39
420.27	1188.44
420.48	1202.03
420.69	1186.65
420.90	1190.89
421.10	1188.46
421.31	1194.87
421.52	1190.69
421.73	1199.84
421.94	1190.87
422.15	1207.58
422.36	1197.30
422.57	1199.19
422.78	1192.72
422.98	1199.19
423.19	1192.06
423.40	1200.23
423.61	1194.29
423.82	1200.01
424.03	1189.77
424.24	1200.50
424.45	1193.86
424.65	1198.70
424.86	1189.56
425.07	1202.94
425.28	1190.34
425.49	1199.52
425.70	1193.99
425.91	1200.95
426.12	1190.22
426.32	1205.09
426.53	1192.82
426.74	1193.60
426.95	1192.94
427.16	1196.01
427.37	1188.74
427.58	1204.27
427.78	1184.73
427.99	1195.67
428.20	1193.47
428.41	1196.67
428.62	1185.94
428.83	1190.83
429.04	1192.45
429.24	1193.39
429.45	1189.46
429.66	1203.00
429.87	1194.85
430.08	1196.73
430.29	1196.18
430.50	1200.66
430.70	1182.89
430.91	1202.30
431.12	1200.83
431.33	1201.13
431.54	1186.82
431.75	1204.94
431.96	1193.78
432.16	1201.20
432.37	1193.54
432.58	1192.88
432.79	1197.51
433.00	1194.29
433.21	1191.94
433.41	1202.08
433.62	1195.79
433.83	1199.37
434.04	1189.30
434.25	1201.28
434.46	1189.60
434.66	1197.34
434.87	1197.43
435.08	1198.49
435.29	1202.30
435.50	1203.41
435.71	1195.62
435.91	1201.79
436.12	1189.83
436.33	1199.68
436.54	1194.50
436.75	1202.51
436.95	1192.43
437.16	1197.08
437.37	1200.21
437.58	1191.77
437.79	1197.59
438.00	1205.88
438.20	1192.68
438.41	1204.78
438.62	1198.51
438.83	1204.14
439.04	1190.65
439.24	1204.53
439.45	1200.23
439.66	1199.45
439.87	1193.80
440.08	1199.68
440.28	1192.94
440.49	1193.29
440.70	1197.96
440.91	1197.32
441.12	1198.10
441.32	1201.03
441.53	1188.27
441.74	1192.78
441.95	1196.61
442.16	1200.38
442.36	1188.58
442.57	1205.62
442.78	1195.07
442.99	1208.10
443.20	1197.55
443.40	1203.10
443.61	1192.00
443.82	1206.07
444.03	1191.63
444.24	1200.68
444.44	1201.30
444.65	1207.40
444.86	1196.96
445.07	1210.84
445.27	1205.58
445.48	1201.28
445.69	1202.44
445.90	1209.84
446.11	1208.63
446.31	1224.62
446.52	1217.25
446.73	1235.56
446.94	1221.14
447.14	1241.97
447.35	1230.99
447.56	1242.67
447.77	1249.22
447.97	1263.41
448.18	1254.48
448.39	1272.96
448.60	1274.21
448.81	1284.63
449.01	1290.00
449.22	1310.43
449.43	1329.95
449.64	1360.94
449.84	1387.29
450.05	1429.81
450.26	1457.48
450.47	1490.06
450.67	1526.64
450.88	1544.80
451.09	1570.77
451.30	1583.65
451.50	1605.67
451.71	1616.83
451.92	1619.00
452.13	1626.78
452.33	1640.77
452.54	1649.31
452.75	1645.34
452.96	1666.29
453.16	1666.00
453.37	1675.07
453.58	1662.23
453.79	1686.01
453.99	1694.39
454.20	1682.06
454.41	1698.30
454.61	1698.20
454.82	1686.56
455.03	1681.53
455.24	1678.37
455.44	1660.23
455.65	1639.97
455.86	1616.09
456.07	1577.26
456.27	1567.31
456.48	1532.54
456.69	1511.50
456.90	1484.20
457.10	1474.89
457.31	1446.58
457.52	1435.24
457.72	1429.97
457.93	1416.17
458.14	1422.76
458.35	1408.53
458.55	1401.32
458.76	1395.92
458.97	1379.61
459.17	1383.96
459.38	1374.72
459.59	1383.61
459.80	1372.81
460.00	1370.97
460.21	1359.44
460.42	1365.63
460.62	1355.02
460.83	1363.01
461.04	1352.15
461.25	1361.88
461.45	1348.12
461.66	1357.37
461.87	1347.69
462.07	1355.16
462.28	1336.61
462.49	1340.13
462.69	1329.73
462.90	1324.11
463.11	1324.32
463.31	1324.89
463.52	1312.77
463.73	1322.31
463.94	1316.70
464.14	1319.28
464.35	1312.01
464.56	1307.59
464.76	1305.83
464.97	1308.00
465.18	1301.07
465.38	1295.57
465.59	1291.41
465.80	1293.19
466.00	1287.07
466.21	1293.52
466.42	1292.00
466.62	1291.59
466.83	1295.57
467.04	1319.92
467.24	1313.77
467.45	1324.40
467.66	1347.69
467.86	1391.82
468.07	1405.50
468.28	1444.88
468.48	1472.71
468.69	1510.66
468.90	1520.96
469.10	1532.33
469.31	1540.77
469.52	1554.96
469.72	1534.42
469.93	1547.55
470.14	1530.71
470.34	1521.62
470.55	1497.93
470.76	1483.51
470.96	1461.31
471.17	1433.58
471.38	1406.34
471.58	1385.61
471.79	1355.49
472.00	1347.91
472.20	1309.12
472.41	1304.76
472.62	1290.88
472.82	1282.83
473.03	1272.38
473.24	1270.56
473.44	1255.10
473.65	1268.23
473.85	1260.40
474.06	1268.23
474.27	1252.21
474.47	1259.83
474.68	1265.11
474.89	1256.70
475.09	1255.92
475.30	1253.97
475.51	1236.93
475.71	1237.83
475.92	1223.42
476.12	1221.08
476.33	1214.75
476.54	1219.89
476.74	1206.75
476.95	1215.86
477.16	1199.86
477.36	1211.52
477.57	1204.59
477.77	1208.42
477.98	1199.74
478.19	1206.21
478.39	1193.90
478.60	1202.32
478.81	1196.18
479.01	1205.99
479.22	1199.95
479.42	1209.57
479.63	1200.87
479.84	1210.55
480.04	1202.40
480.25	1203.41
480.45	1201.34
480.66	1211.41
480.87	1200.01
481.07	1199.27
481.28	1195.77
481.48	1209.26
481.69	1201.95
481.90	1202.06
482.10	1195.99
482.31	1203.63
482.51	1196.38
482.72	1207.03
482.93	1191.90
483.13	1209.12
483.34	1205.43
483.54	1201.75
483.75	1201.99
483.96	1201.91
484.16	1198.49
484.37	1201.36
484.57	1202.40
484.78	1196.89
484.99	1195.05
485.19	1205.41
485.40	1192.78
485.60	1202.87
485.81	1201.28
486.01	1204.53
486.22	1199.66
486.43	1194.46
486.63	1199.00
486.84	1204.62
487.04	1191.24
487.25	1201.79
487.46	1194.23
487.66	1200.74
487.87	1197.18
488.07	1199.31
488.28	1196.89
488.48	1200.68
488.69	1188.80
488.89	1203.37
489.10	1193.68
489.31	1196.44
489.51	1193.11
489.72	1199.86
489.92	1190.01
490.13	1203.43
490.33	1187.68
490.54	1195.52
490.75	1196.26
490.95	1202.87
491.16	1197.12
491.36	1203.86
491.57	1183.40
491.77	1197.20
491.98	1190.01
492.18	1198.41
492.39	1186.27
492.59	1196.67
492.80	1190.63
493.01	1208.98
493.21	1188.95
493.42	1196.91
493.62	1201.28
493.83	1202.22
494.03	1198.66
494.24	1198.74
494.44	1192.43
494.65	1204.82
494.85	1190.30
495.06	1203.26
495.26	1197.71
495.47	1199.54
495.68	1191.06
495.88	1196.14
496.09	1197.75
496.29	1203.20
496.50	1199.60
496.70	1197.94
496.91	1191.88
497.11	1199.93
497.32	1193.78
497.52	1202.24
497.73	1196.79
497.93	1206.58
498.14	1192.78
498.34	1197.69
498.55	1194.87
498.75	1193.68
498.96	1190.81
499.16	1200.89
499.37	1192.55
499.57	1203.02
499.78	1191.04
499.98	1207.34
500.19	1194.52
500.39	1197.84
500.60	1187.04
500.80	1187.68
501.01	1192.20
501.21	1194.99
501.42	1186.80
501.62	1199.39
501.83	1188.54
502.03	1196.22
502.24	1191.14
502.44	1194.07
502.65	1197.20
502.85	1191.59
503.06	1190.42
503.26	1195.85
503.47	1193.95
503.67	1196.08
503.88	1191.20
504.08	1195.60
504.29	1191.39
504.49	1201.75
504.70	1185.20
504.90	1198.84
505.11	1189.79
505.31	1190.93
505.52	1188.40
505.72	1195.15
505.93	1186.82
506.13	1192.49
506.34	1193.09
506.54	1200.19
506.75	1186.68
506.95	1199.11
507.16	1193.72
507.36	1185.00
507.56	1188.33
507.77	1195.85
507.97	1190.81
508.18	1194.99
508.38	1191.41
508.59	1201.26
508.79	1195.24
509.00	1200.54
509.20	1191.30
509.41	1194.19
509.61	1190.14
509.82	1203.71
510.02	1183.71
510.22	1190.96
510.43	1192.39
510.63	1193.90
510.84	1195.46
511.04	1192.70
511.25	1185.88
511.45	1201.48
511.66	1189.38
511.86	1198.23
512.06	1185.69
512.27	1190.57
512.47	1179.16
512.68	1189.58
512.88	1187.64
513.09	1192.14
513.29	1188.40
513.50	1190.59
513.70	1190.10
513.90	1193.15
514.11	1190.01
514.31	1201.91
514.52	1192.61
514.72	1192.39
514.93	1187.86
515.13	1194.19
515.33	1191.94
515.54	1196.28
515.74	1192.80
515.95	1192.86
516.15	1191.43
516.36	1200.44
516.56	1196.22
516.76	1189.32
516.97	1192.63
517.17	1195.83
517.38	1188.87
517.58	1190.81
517.78	1195.19
517.99	1200.93
518.19	1189.75
518.40	1190.67
518.60	1187.29
518.81	1191.82
519.01	1193.66
519.21	1194.01
519.42	1193.58
519.62	1197.12
519.83	1192.29
520.03	1197.92
520.23	1186.20
520.44	1202.08
520.64	1189.75
520.85	1191.43
521.05	1187.02
521.25	1196.05
521.46	1184.77
521.66	1196.51
521.86	1189.73
522.07	1194.91
522.27	1179.71
522.48	1200.64
522.68	1190.24
522.88	1185.92
523.09	1193.64
523.29	1198.27
523.50	1192.84
523.70	1202.28
523.90	1191.90
524.11	1191.65
524.31	1192.45
524.51	1190.48
524.72	1185.57
524.92	1196.91
525.13	1194.91
525.33	1190.28
525.53	1188.44
525.74	1190.79
525.94	1197.65
526.14	1198.96
526.35	1187.47
526.55	1195.15
526.76	1187.08
526.96	1193.49
527.16	1187.19
527.37	1202.89
527.57	1193.70
527.77	1195.52
527.98	1187.68
528.18	1201.56
528.38	1194.19
528.59	1191.75
528.79	1187.02
528.99	1205.58
529.20	1189.54
529.40	1195.19
529.61	1184.93
529.81	1196.65
530.01	1184.07
530.22	1189.91
530.42	1186.00
530.62	1197.67
530.83	1184.61
531.03	1189.62
531.23	1190.81
531.44	1193.76
531.64	1188.89
531.84	1193.66
532.05	1186.43
532.25	1188.97
532.45	1186.63
532.66	1197.24
532.86	1182.66
533.06	1198.06
533.27	1190.12
533.47	1195.24
533.67	1189.46
533.88	1195.52
534.08	1191.63
534.28	1197.55
534.49	1188.23
534.69	1197.65
534.89	1188.13
535.09	1193.23
535.30	1194.13
535.50	1189.69
535.70	1188.27
535.91	1199.04
536.11	1192.72
536.31	1192.88
536.52	1195.62
536.72	1199.43
536.92	1186.76
537.13	1204.47
537.33	1185.71
537.53	1203.08
537.74	1187.82
537.94	1196.96
538.14	1185.90
538.34	1194.09
538.55	1186.55
538.75	1190.98
538.95	1193.02
539.16	1194.83
539.36	1190.50
539.56	1194.40
539.77	1191.79
539.97	1195.30
540.17	1182.64
540.37	1195.28
540.58	1190.34
540.78	1194.89
540.98	1183.95
541.19	1190.69
541.39	1188.15
541.59	1197.90
541.79	1187.02
542.00	1197.86
542.20	1191.94
542.40	1191.61
542.60	1190.61
542.81	1196.83
543.01	1187.72
543.21	1199.78
543.42	1187.92
543.62	1200.48
543.82	1193.11
544.02	1191.08
544.23	1189.09
544.43	1198.80
544.63	1183.50
544.83	1199.27
545.04	1194.27
545.24	1193.97
545.44	1191.47
545.64	1193.21
545.85	1186.82
546.05	1196.46
546.25	1194.52
546.45	1193.72
546.66	1188.35
546.86	1199.02
547.06	1193.88
547.27	1194.68
547.47	1186.88
547.67	1201.81
547.87	1185.47
548.07	1188.78
548.28	1190.55
548.48	1201.60
548.68	1191.36
548.88	1196.36
549.09	1188.52
549.29	1191.73
549.49	1183.28
549.69	1201.83
549.90	1192.31
550.10	1194.03
550.30	1190.16
550.50	1198.74
550.71	1186.65
550.91	1191.26
551.11	1188.13
551.31	1193.64
551.51	1188.23
551.72	1191.82
551.92	1188.54
552.12	1196.05
552.32	1179.83
552.53	1199.76
552.73	1187.25
552.93	1195.22
553.13	1183.48
553.33	1197.47
553.54	1186.41
553.74	1189.67
553.94	1190.81
554.14	1195.05
554.35	1182.85
554.55	1197.24
554.75	1192.55
554.95	1189.15
555.15	1185.14
555.36	1193.82
555.56	1187.45
555.76	1195.32
555.96	1191.67
556.16	1199.39
556.37	1187.70
556.57	1196.05
556.77	1189.83
556.97	1195.75
557.17	1186.49
557.38	1195.03
557.58	1191.06
557.78	1192.68
557.98	1179.53
558.18	1194.19
558.38	1185.69
558.59	1199.00
558.79	1186.45
558.99	1188.03
559.19	1192.70
559.39	1192.53
559.60	1191.71
559.80	1202.38
560.00	1185.98
560.20	1205.23
560.40	1196.85
560.60	1196.96
560.81	1188.09
561.01	1194.01
561.21	1189.34
561.41	1198.57
561.61	1191.00
561.81	1198.06
562.02	1188.35
562.22	1195.40
562.42	1188.48
562.62	1203.55
562.82	1181.90
563.02	1191.84
563.23	1188.52
563.43	1199.39
563.63	1195.32
563.83	1198.84
564.03	1187.94
564.23	1195.50
564.43	1190.55
564.64	1191.32
564.84	1194.01
565.04	1195.91
565.24	1184.61
565.44	1194.19
565.64	1190.71
565.85	1198.08
566.05	1189.44
566.25	1198.72
566.45	1186.49
566.65	1192.63
566.85	1198.45
567.05	1193.74
567.25	1189.30
567.46	1196.94
567.66	1187.54
567.86	1198.39
568.06	1185.94
568.26	1195.26
568.46	1185.51
568.66	1197.47
568.86	1189.79
569.07	1193.76
569.27	1190.18
569.47	1192.70
569.67	1191.94
569.87	1196.16
570.07	1186.16
570.27	1189.32
570.47	1191.00
570.68	1191.28
570.88	1192.12
571.08	1192.63
571.28	1186.90
571.48	1197.16
571.68	1178.13
571.88	1197.47
572.08	1188.42
572.28	1190.24
572.49	1191.41
572.69	1191.34
572.89	1194.76
573.09	1195.93
573.29	1191.73
573.49	1191.36
573.69	1189.46
573.89	1188.23
574.09	1200.01
574.29	1196.24
574.50	1186.72
574.70	1200.05
574.90	1185.20
575.10	1196.65
575.30	1193.41
575.50	1195.81
575.70	1191.22
575.90	1191.94
576.10	1189.54
576.30	1200.93
576.50	1191.12
576.70	1195.79
576.91	1188.99
577.11	1194.46
577.31	1190.14
577.51	1202.57
577.71	1188.83
577.91	1199.58
578.11	1193.74
578.31	1191.02
578.51	1196.14
578.71	1202.32
578.91	1192.53
579.11	1196.20
579.31	1193.84
579.51	1196.73
579.71	1191.18
579.92	1194.03
580.12	1187.86
580.32	1194.15
580.52	1194.35
580.72	1191.92
580.92	1189.79
581.12	1201.03
581.32	1183.66
581.52	1198.59
581.72	1190.46
581.92	1198.33
582.12	1184.48
582.32	1199.88
582.52	1193.25
582.72	1195.89
582.92	1186.37
583.12	1199.29
583.32	1188.19
583.52	1197.39
583.72	1189.52
583.92	1196.16
584.12	1194.91
584.33	1196.05
584.53	1185.92
584.73	1192.88
584.93	1189.21
585.13	1190.48
585.33	1187.72
585.53	1197.63
585.73	1188.76
585.93	1198.64
586.13	1195.52
586.33	1189.56
586.53	1192.98
586.73	1198.41
586.93	1191.12
587.13	1197.61
587.33	1189.50
587.53	1196.10
587.73	1188.29
587.93	1194.68
588.13	1191.22
588.33	1195.48
588.53	1191.84
588.73	1202.38
588.93	1187.56
589.13	1196.18
589.33	1190.38
589.53	1196.14
589.73	1194.11
589.93	1202.49
590.13	1190.55
590.33	1195.24
590.53	1190.85
590.73	1192.76
590.93	1190.36
591.13	1196.22
591.33	1193.78
591.53	1193.76
591.73	1194.21
591.93	1197.22
592.13	1186.98
592.33	1198.35
592.53	1193.56
592.73	1199.25
592.93	1197.37
593.13	1198.39
593.33	1189.95
593.53	1197.63
593.73	1188.09
593.93	1196.85
594.13	1193.78
594.33	1199.02
594.53	1182.39
594.73	1192.98
594.92	1190.07
595.12	1197.04
595.32	1187.33
595.52	1188.44
595.72	1196.46
595.92	1197.86
596.12	1190.24
596.32	1191.94
596.52	1187.88
596.72	1194.62
596.92	1193.88
597.12	1197.59
597.32	1188.66
597.52	1196.53
597.72	1190.67
597.92	1195.15
598.12	1188.27
598.32	1193.64
598.52	1195.30
598.72	1194.60
598.92	1192.14
599.12	1199.68
599.31	1197.75
599.51	1192.27
599.71	1183.25
599.91	1206.52
600.11	1189.71
600.31	1196.22
600.51	1189.48
600.71	1197.16
600.91	1187.04
601.11	1190.79
601.31	1183.60
601.51	1193.06
601.71	1191.26
601.91	1198.76
602.10	1186.96
602.30	1199.17
602.50	1186.92
602.70	1199.60
602.90	1183.97
603.10	1194.99
603.30	1192.12
603.50	1192.63
603.70	1185.47
603.90	1194.70
604.10	1190.44
604.30	1194.70
604.49	1188.03
604.69	1190.63
604.89	1188.03
605.09	1204.80
605.29	1191.49
605.49	1194.85
605.69	1186.59
605.89	1191.69
606.09	1187.92
606.29	1195.65
606.48	1192.31
606.68	1202.59
606.88	1184.16
607.08	1198.33
607.28	1189.03
607.48	1191.67
607.68	1193.35
607.88	1194.62
608.08	1194.91
608.27	1199.37
608.47	1192.29
608.67	1188.93
608.87	1185.38
609.07	1193.41
609.27	1190.69
609.47	1201.95
609.67	1189.77
609.87	1196.30
610.06	1188.17
610.26	1198.35
610.46	1189.95
610.66	1193.27
610.86	1193.04
611.06	1200.01
611.26	1187.72
611.45	1199.80
611.65	1190.98
611.85	1198.86
612.05	1190.03
612.25	1194.31
612.45	1190.79
612.65	1199.82
612.84	1188.01
613.04	1195.26
613.24	1186.10
613.44	1197.55
613.64	1191.73
613.84	1199.47
614.04	1195.62
614.23	1194.46
614.43	1189.01
614.63	1187.06
614.83	1183.85
615.03	1198.55
615.23	1191.16
615.42	1194.87
615.62	1186.04
615.82	1201.09
616.02	1189.87
616.22	1197.06
616.42	1187.92
616.61	1202.61
616.81	1193.82
617.01	1196.28
617.21	1189.62
617.41	1198.43
617.61	1184.07
617.80	1182.29
618.00	1193.04
618.20	1191.90
618.40	1188.80
618.60	1193.11
618.80	1187.62
618.99	1195.58
619.19	1195.34
619.39	1197.06
619.59	1188.60
619.79	1192.74
619.98	1188.42
620.18	1189.34
620.38	1184.89
620.58	1199.11
620.78	1192.08
620.97	1192.51
621.17	1193.21
621.37	1195.01
621.57	1190.26
621.77	1189.01
621.96	1192.66
622.16	1191.49
622.36	1194.35
622.56	1201.77
622.76	1188.80
622.95	1201.75
623.15	1194.35
623.35	1199.47
623.55	1191.14
623.75	1189.73
623.94	1187.43
624.14	1198.96
624.34	1192.86
624.54	1194.66
624.73	1189.87
624.93	1197.28
625.13	1193.84
625.33	1189.75
625.53	1189.17
625.72	1193.66
625.92	1182.60
626.12	1193.41
626.32	1182.52
626.51	1200.60
626.71	1185.77
626.91	1190.98
627.11	1186.18
627.30	1202.61
627.50	1188.05
627.70	1198.10
627.90	1190.20
628.10	1191.86
628.29	1184.26
628.49	1188.56
628.69	1191.73
628.89	1195.91
629.08	1188.15
629.28	1190.93
629.48	1185.06
629.68	1194.29
629.87	1190.28
630.07	1190.93
630.27	1196.20
630.47	1191.39
630.66	1189.42
630.86	1199.50
631.06	1185.47
631.25	1197.30
631.45	1187.86
631.65	1199.93
631.85	1193.92
632.04	1196.85
632.24	1191.36
632.44	1195.79
632.64	1186.24
632.83	1192.94
633.03	1191.98
633.23	1198.02
633.42	1191.75
633.62	1191.94
633.82	1181.82
634.02	1191.55
634.21	1189.64
634.41	1196.98
634.61	1185.47
634.81	1196.73
635.00	1185.71
635.20	1193.19
635.40	1192.04
635.59	1196.28
635.79	1188.58
635.99	1197.98
636.18	1189.19
636.38	1198.96
636.58	1189.79
636.78	1192.78
636.97	1187.90
637.17	1194.33
637.37	1191.59
637.56	1193.25
637.76	1193.09
637.96	1196.36
638.15	1190.93
638.35	1198.02
638.55	1189.79
638.74	1192.18
638.94	1191.45
639.14	1190.61
639.34	1184.18
639.53	1193.72
639.73	1191.88
639.93	1196.05
640.12	1183.95
640.32	1195.19
640.52	1180.98
640.71	1196.71
640.91	1185.81
641.11	1191.20
641.30	1194.58
641.50	1200.77
641.70	1190.89
641.89	1188.25
642.09	1190.87
642.29	1195.01
642.48	1189.15
642.68	1190.36
642.88	1186.61
643.07	1196.12
643.27	1192.57
643.47	1201.32
643.66	1191.43
643.86	1191.49
644.06	1188.87
644.25	1197.71
644.45	1191.98
644.65	1199.02
644.84	1186.68
645.04	1192.20
645.23	1189.17
645.43	1190.93
645.63	1184.57
645.82	1196.75
646.02	1192.35
646.22	1202.77
646.41	1186.43
646.61	1189.17
646.81	1190.63
647.00	1199.21
647.20	1186.68
647.39	1194.44
647.59	1185.34
647.79	1196.77
647.98	1188.03
648.18	1190.01
648.38	1190.20
648.57	1196.22
648.77	1190.38
648.96	1193.41
649.16	1180.04
649.36	1192.23
649.55	1184.01
649.75	1182.52
649.95	1184.65
650.14	1197.28
650.34	1182.33
650.53	1201.40
650.73	1185.18
650.93	1181.27
651.12	1191.63
651.32	1196.22
651.51	1184.67
651.71	1192.51
651.91	1195.91
652.10	1191.32
652.30	1186.68
652.49	1189.67
652.69	1188.68
652.89	1197.88
653.08	1184.63
653.28	1197.73
653.47	1191.65
653.67	1192.86
653.86	1183.17
654.06	1192.35
654.26	1190.34
654.45	1194.91
654.65	1188.27
654.84	1199.47
655.04	1187.80
655.24	1193.31
655.43	1193.09
655.63	1193.15
655.82	1187.84
656.02	1196.85
656.21	1193.02
656.41	1192.16
656.61	1187.58
656.80	1195.48
657.00	1189.11
657.19	1195.77
657.39	1183.91
657.58	1191.04
657.78	1189.99
657.97	1195.83
658.17	1195.44
658.37	1191.28
658.56	1188.17
658.76	1199.88
658.95	1193.70
659.15	1196.24
659.34	1189.67
659.54	1193.29
659.73	1189.30
659.93	1197.20
660.13	1191.36
660.32	1190.36
660.52	1184.93
660.71	1195.03
660.91	1193.27
661.10	1191.51
661.30	1190.32
661.49	1189.48
661.69	1197.26
661.88	1188.21
662.08	1187.86
662.27	1192.37
662.47	1194.74
662.66	1196.75
662.86	1187.84
663.06	1191.53
663.25	1190.79
663.45	1198.94
663.64	1191.96
663.84	1193.13
664.03	1187.62
664.23	1196.89
664.42	1189.15
664.62	1189.67
664.81	1183.19
665.01	1187.49
665.20	1184.83
665.40	1192.96
665.59	1191.43
665.79	1198.00
665.98	1191.14
666.18	1193.06
666.37	1185.61
666.57	1197.69
666.76	1199.25
666.96	1189.60
667.15	1183.50
667.35	1193.09
667.54	1191.00
667.74	1191.39
667.93	1188.31
668.13	1201.44
668.32	1181.80
668.52	1198.12
668.71	1187.43
668.91	1197.75
669.10	1189.28
669.30	1196.85
669.49	1189.81
669.68	1195.30
669.88	1188.85
670.07	1191.86
670.27	1195.05
670.46	1191.96
670.66	1191.04
670.85	1193.13
671.05	1189.05
671.24	1188.91
671.44	1189.83
671.63	1190.03
671.83	1191.51
672.02	1199.56
672.22	1188.29
672.41	1188.21
672.60	1185.92
672.80	1196.14
672.99	1188.35
673.19	1196.36
673.38	1188.56
673.58	1196.18
673.77	1183.42
673.97	1190.87
674.16	1187.06
674.36	1194.64
674.55	1183.44
674.74	1196.10
674.94	1188.60
675.13	1200.81
675.33	1194.25
675.52	1196.67
675.72	1188.13
675.91	1194.62
676.10	1181.43
676.30	1193.19
676.49	1184.50
676.69	1200.64
676.88	1189.26
677.08	1200.21
677.27	1191.51
677.46	1199.15
677.66	1186.84
677.85	1198.27
678.05	1182.31
678.24	1195.38
678.44	1185.73
678.63	1190.36
678.82	1184.98
679.02	1190.57
679.21	1190.57
679.41	1189.85
679.60	1192.92
679.79	1192.61
679.99	1190.34
680.18	1193.56
680.38	1188.15
680.57	1190.20
680.76	1192.49
680.96	1193.11
681.15	1185.47
681.35	1191.86
681.54	1191.08
681.73	1199.64
681.93	1194.42
682.12	1190.50
682.32	1187.84
682.51	1196.18
682.70	1182.70
682.90	1192.82
683.09	1192.33
683.29	1193.95
683.48	1187.39
683.67	1189.42
683.87	1192.55
684.06	1200.05
684.25	1187.72
684.45	1195.40
684.64	1190.63
684.84	1189.30
685.03	1188.46
685.22	1191.26
685.42	1181.45
685.61	1199.56
685.80	1183.54
686.00	1199.99
686.19	1191.59
686.38	1194.62
686.58	1181.68
686.77	1192.98
686.96	1190.59
687.16	1191.49
687.35	1192.72
687.55	1196.57
687.74	1190.42
687.93	1195.15
688.13	1186.35
688.32	1195.19
688.51	1188.40
688.71	1198.23
688.90	1188.66
689.09	1193.84
689.29	1188.87
689.48	1187.29
689.67	1186.63
689.87	1202.36
690.06	1191.84
690.25	1195.73
690.45	1193.39
690.64	1199.93
690.83	1191.67
691.03	1193.56
691.22	1184.34
691.41	1193.64
691.61	1188.62
691.80	1195.36
691.99	1192.37
692.19	1204.12
692.38	1189.71
692.57	1193.37
692.76	1189.28
692.96	1194.42
693.15	1190.38
693.34	1195.38
693.54	1190.53
693.73	1204.02
693.92	1188.93
694.12	1189.93
694.31	1186.59
694.50	1199.99
694.70	1186.86
694.89	1194.48
695.08	1195.85
695.27	1202.69
695.47	1190.53
695.66	1188.25
695.85	1189.99
696.05	1194.05
696.24	1191.90
696.43	1191.90
696.62	1186.47
696.82	1196.75
697.01	1191.51
697.20	1198.25
697.40	1188.05
697.59	1194.48
697.78	1193.15
697.97	1194.62
698.17	1193.74
698.36	1196.79
698.55	1181.21
698.74	1192.18
698.94	1185.30
699.13	1190.98
699.32	1188.85
699.52	1197.80
699.71	1188.68
699.90	1198.90
700.09	1186.51
700.29	1196.32
700.48	1189.79
700.67	1193.58
700.86	1191.32
701.06	1196.01
701.25	1190.98
701.44	1190.10
701.63	1183.34
701.83	1195.62
702.02	1187.76
702.21	1200.40
702.40	1186.33
702.60	1188.58
702.79	1186.37
702.98	1191.12
703.17	1194.66
703.37	1199.68
703.56	1190.53
703.75	1197.34
703.94	1181.31
704.13	1194.91
704.33	1188.37
704.52	1198.80
704.71	1192.47
704.90	1192.76
705.10	1183.99
705.29	1197.86
705.48	1189.28
705.67	1194.99
705.86	1186.22
706.06	1196.59
706.25	1188.78
706.44	1200.09
706.63	1187.76
706.83	1197.55
707.02	1189.93
707.21	1186.00
707.40	1189.89
707.59	1202.44
707.79	1184.36
707.98	1194.17
708.17	1188.03
708.36	1198.64
708.55	1187.82
708.75	1194.29
708.94	1188.40
709.13	1195.17
709.32	1189.60
709.51	1196.81
709.71	1189.23
709.90	1193.02
710.09	1190.26
710.28	1200.56
710.47	1183.50
710.66	1194.58
710.86	1189.75
711.05	1199.02
711.24	1186.06
711.43	1188.72
711.62	1189.30
711.82	1201.50
712.01	1187.62
712.20	1191.75
712.39	1188.78
712.58	1192.86
712.77	1183.89
712.97	1197.39
713.16	1188.21
713.35	1188.40
713.54	1185.08
713.73	1197.06
713.92	1183.21
714.11	1193.13
714.31	1187.78
714.50	1197.96
714.69	1189.03
714.88	1198.74
715.07	1178.05
715.26	1190.03
715.46	1188.15
715.65	1194.56
715.84	1189.81
716.03	1196.85
716.22	1184.83
716.41	1196.32
716.60	1193.45
716.80	1199.84
716.99	1185.77
717.18	1193.19
717.37	1183.11
717.56	1195.85
717.75	1190.32
717.94	1203.59
718.13	1187.62
718.33	1195.93
718.52	1192.00
718.71	1199.56
718.90	1189.77
719.09	1193.09
719.28	1190.50
719.47	1193.84
719.66	1188.70
719.85	1197.39
720.05	1194.44
720.24	1198.94
720.43	1193.27
720.62	1194.19
720.81	1189.01
721.00	1200.40
721.19	1186.76
721.38	1193.95
721.57	1190.24
721.77	1195.89
721.96	1187.74
722.15	1192.86
722.34	1184.26
722.53	1193.15
722.72	1186.92
722.91	1196.75
723.10	1188.52
723.29	1199.39
723.48	1187.64
723.67	1196.89
723.87	1194.97
724.06	1199.19
724.25	1185.65
724.44	1190.55
724.63	1193.64
724.82	1193.06
725.01	1185.28
725.20	1191.12
725.39	1182.68
725.58	1194.97
725.77	1191.14
725.96	1197.98
726.15	1194.27
726.34	1191.02
726.54	1189.46
726.73	1200.77
726.92	1181.56
727.11	1195.77
727.30	1188.91
727.49	1196.83
727.68	1182.48
727.87	1190.87
728.06	1193.43
728.25	1194.74
728.44	1189.91
728.63	1194.52
728.82	1185.24
729.01	1198.33
729.20	1185.84
729.39	1194.68
729.58	1191.65
729.77	1198.59
729.96	1187.43
730.15	1197.57
730.34	1198.08
730.53	1196.26
730.73	1188.80
730.92	1191.51
731.11	1190.32
731.30	1190.55
731.49	1197.43
731.68	1191.47
731.87	1181.49
732.06	1194.11
732.25	1193.97
732.44	1196.85
732.63	1186.47
732.82	1190.91
733.01	1199.39
733.20	1193.06
733.39	1188.19
733.58	1193.39
733.77	1189.17
733.96	1190.18
734.15	1185.75
734.34	1191.53
734.53	1190.30
734.72	1196.18
734.91	1191.79
735.10	1189.93
735.29	1188.83
735.48	1203.47
735.67	1194.03
735.86	1189.97
736.05	1188.11
736.24	1194.29
736.43	1192.20
736.62	1192.31
736.81	1190.28
737.00	1209.78
737.19	1191.96
737.38	1194.89
737.57	1187.82
737.76	1191.73
737.95	1192.76
738.14	1186.29
738.33	1191.63
738.51	1197.16
738.70	1188.40
738.89	1194.72
739.08	1183.03
739.27	1195.01
739.46	1188.99
739.65	1192.94
739.84	1193.47
740.03	1197.20
740.22	1188.27
740.41	1196.87
740.60	1185.92
740.79	1190.98
740.98	1194.81
741.17	1191.65
741.36	1191.43
741.55	1188.05
741.74	1180.39
741.93	1201.85
742.12	1186.08
742.31	1193.97
742.50	1180.76
742.68	1193.82
742.87	1191.96
743.06	1197.14
743.25	1180.43
743.44	1198.02
743.63	1189.21
743.82	1191.98
744.01	1188.70
744.20	1199.13
744.39	1188.11
744.58	1190.71
744.77	1193.68
744.96	1195.75
745.14	1191.59
745.33	1193.78
745.52	1182.44
745.71	1197.02
745.90	1181.88
746.09	1195.48
746.28	1193.11
746.47	1197.32
746.66	1185.45
746.85	1193.33
747.04	1190.01
747.22	1193.45
747.41	1192.74
747.60	1197.37
747.79	1185.47
747.98	1191.20
748.17	1187.06
748.36	1201.07
748.55	1193.11
748.74	1197.55
748.93	1185.24
749.11	1192.96
749.30	1187.21
749.49	1194.33
749.68	1185.28
749.87	1188.89
750.06	1188.29
750.25	1198.08
750.44	1187.39
750.62	1196.16
750.81	1181.72
751.00	1192.80
751.19	1191.65
751.38	1200.33
751.57	1188.62
751.76	1196.05
751.95	1188.66
752.13	1196.96
752.32	1187.45
752.51	1193.76
752.70	1189.97
752.89	1202.63
753.08	1187.15
753.27	1193.35
753.45	1188.70
753.64	1195.34
753.83	1184.63
754.02	1197.41
754.21	1189.32
754.40	1188.19
754.58	1186.29
754.77	1201.89
754.96	1186.59
755.15	1188.46
755.34	1192.57
755.53	1199.15
755.71	1193.80
755.90	1192.86
756.09	1190.26
756.28	1193.29
756.47	1188.80
756.66	1187.39
756.84	1189.73
757.03	1198.12
757.22	1188.40
757.41	1189.40
757.60	1190.42
757.79	1198.31
757.97	1189.95
758.16	1191.22
758.35	1187.76
758.54	1203.04
758.73	1182.72
758.91	1198.04
759.10	1194.99
759.29	1196.18
759.48	1190.93
759.67	1199.43
759.85	1188.37
760.04	1187.41
760.23	1187.00
760.42	1192.08
760.61	1185.79
760.79	1193.66
760.98	1188.05
761.17	1192.18
761.36	1184.77
761.55	1195.93
761.73	1182.37
761.92	1193.90
762.11	1189.03
762.30	1198.98
762.49	1195.60
762.67	1190.81
762.86	1187.68
763.05	1199.43
763.24	1184.44
763.42	1195.40
763.61	1194.01
763.80	1191.45
763.99	1180.26
764.17	1186.16
764.36	1190.44
764.55	1197.47
764.74	1187.76
764.92	1193.99
765.11	1185.36
765.30	1192.43
765.49	1186.94
765.68	1193.47
765.86	1195.05
766.05	1195.62
766.24	1182.91
766.43	1194.76
766.61	1186.92
766.80	1188.48
766.99	1185.32
767.17	1200.74
767.36	1188.80
767.55	1196.48
767.74	1185.32
767.92	1196.38
768.11	1196.77
768.30	1198.76
768.49	1186.86
768.67	1194.17
768.86	1195.60
769.05	1192.47
769.24	1182.97
769.42	1194.68
769.61	1194.60
769.80	1197.12
769.98	1189.21
770.17	1193.23
770.36	1180.53
770.55	1193.47
770.73	1190.59
770.92	1194.64
771.11	1183.30
771.29	1191.94
771.48	1188.64
771.67	1189.05
771.86	1186.76
772.04	1197.82
772.23	1193.86
772.42	1198.33
772.60	1186.29
772.79	1198.47
772.98	1191.12
773.16	1187.31
773.35	1192.14
773.54	1198.49
773.72	1190.71
773.91	1196.01
774.10	1190.14
774.29	1194.76
774.47	1188.35
774.66	1191.96
774.85	1191.51
775.03	1200.23
775.22	1189.30
775.41	1195.73
775.59	1195.07
775.78	1192.55
775.97	1185.77
776.15	1192.49
776.34	1183.93
776.53	1197.92
776.71	1197.73
776.90	1187.86
777.09	1188.64
777.27	1189.54
777.46	1187.86
777.65	1195.05
777.83	1184.79
778.02	1196.67
778.21	1189.36
778.39	1196.87
778.58	1190.05
778.76	1196.63
778.95	1181.58
779.14	1193.29
779.32	1190.59
779.51	1207.48
779.70	1185.96
779.88	1191.20
780.07	1194.21
780.26	1193.23
780.44	1190.18
780.63	1199.62
780.81	1190.14
781.00	1196.24
781.19	1195.46
781.37	1190.22
781.56	1187.21
781.75	1193.78
781.93	1183.21
782.12	1192.96
782.30	1190.53
782.49	1193.64
782.68	1193.33
782.86	1198.45
783.05	1192.53
783.23	1198.45
783.42	1187.88
783.61	1194.48
783.79	1182.56
783.98	1198.78
784.16	1183.71
784.35	1196.26
784.54	1189.60
784.72	1195.71
784.91	1186.92
785.09	1191.30
785.28	1193.09
785.47	1193.84
785.65	1190.93
785.84	1191.49
786.02	1193.45
786.21	1193.27
786.40	1183.58
786.58	1196.55
786.77	1191.47
786.95	1185.51
787.14	1193.04
787.32	1188.72
787.51	1193.68
787.70	1197.65
787.88	1189.30
788.07	1193.04
788.25	1183.79
788.44	1198.49
788.62	1192.14
788.81	1191.08
789.00	1188.35
789.18	1195.50
789.37	1188.35
789.55	1191.43
789.74	1183.38
789.92	1188.66
790.11	1188.05
790.29	1194.46
790.48	1190.46
790.67	1190.69
790.85	1188.13
791.04	1190.42
791.22	1189.79
791.41	1189.01
791.59	1191.88
791.78	1187.35
791.96	1189.42
792.15	1195.56
792.33	1181.31
792.52	1193.74
792.70	1183.32
792.89	1192.53
793.07	1187.06
793.26	1193.62
793.45	1186.29
793.63	1193.19
793.82	1192.68
794.00	1199.27
794.19	1194.50
794.37	1200.29
794.56	1187.45
794.74	1196.67
794.93	1187.78
795.11	1196.65
795.30	1186.10
795.48	1193.80
795.67	1187.29
795.85	1198.16
796.04	1185.04
796.22	1195.93
796.41	1181.35
796.59	1192.82
796.78	1185.10
796.96	1193.72
797.15	1186.57
797.33	1194.42
797.52	1190.63
797.70	1198.31
797.89	1192.72
798.07	1190.96
798.26	1182.07
798.44	1193.00
798.63	1187.45
798.81	1190.32
798.99	1187.11
799.18	1192.74
799.36	1190.79
799.55	1198.59
799.73	1188.35
799.92	1195.11
800.10	1185.00
800.29	1195.42
800.47	1187.00
800.66	1189.50
800.84	1187.92
801.03	1195.56
801.21	1183.13
801.39	1202.16
801.58	1189.36
801.76	1185.08
801.95	1189.50
802.13	1190.57
802.32	1186.31
802.50	1199.04
802.69	1183.77
802.87	1190.24
803.06	1190.63
803.24	1192.18
803.42	1189.38
803.61	1196.87
803.79	1189.48
803.98	1200.42
804.16	1182.15
804.35	1188.15
804.53	1195.58
804.71	1201.15
804.90	1185.43
805.08	1194.15
805.27	1184.93
805.45	1199.47
805.63	1186.59
805.82	1193.31
806.00	1188.21
806.19	1198.08
806.37	1191.88
806.56	1191.88
806.74	1189.75
806.92	1193.70
807.11	1184.32
807.29	1194.58
807.48	1186.86
807.66	1189.05
807.84	1190.75
808.03	1196.16
808.21	1191.79
808.40	1194.87
808.58	1186.37
808.76	1195.07
808.95	1193.49
809.13	1194.35
809.32	1191.59
809.50	1201.26
809.68	1192.08
809.87	1187.54
810.05	1190.89
810.23	1198.39
810.42	1192.10
810.60	1186.72
810.79	1181.80
810.97	1199.74
811.15	1186.70
811.34	1189.85
811.52	1195.79
811.70	1189.54
811.89	1186.08
812.07	1194.89
812.25	1195.65
812.44	1192.43
812.62	1190.57
812.81	1194.93
812.99	1183.95
813.17	1192.76
813.36	1190.12
813.54	1193.35
813.72	1189.95
813.91	1196.61
814.09	1186.39
814.27	1196.36
814.46	1186.68
814.64	1190.20
814.82	1189.64
815.01	1192.18
815.19	1186.02
815.37	1190.85
815.56	1187.47
815.74	1199.33
815.92	1185.59
816.11	1198.47
816.29	1190.03
816.47	1195.46
816.66	1186.70
816.84	1194.19
817.02	1194.17
817.21	1189.38
817.39	1191.90
817.57	1194.38
817.76	1189.01
817.94	1196.96
818.12	1180.24
818.30	1192.23
818.49	1182.68
818.67	1194.25
818.85	1192.35
819.04	1196.53
819.22	1195.03
819.40	1196.38
819.59	1192.18
819.77	1196.34
819.95	1190.69
820.13	1197.30
820.32	1184.44
820.50	1191.73
820.68	1185.88
820.87	1200.56
821.05	1186.41
821.23	1190.96
821.41	1188.48
821.60	1190.28
821.78	1193.64
821.96	1195.05
822.14	1185.32
822.33	1192.53
822.51	1189.01
822.69	1191.63
822.88	1189.67
823.06	1196.51
823.24	1188.68
823.42	1192.12
823.61	1192.66
823.79	1197.53
823.97	1192.43
824.15	1191.45
824.34	1185.14
824.52	1197.16
824.70	1184.07
824.88	1191.00
825.07	1185.57
825.25	1193.33
825.43	1182.46
825.61	1194.25
825.80	1186.72
825.98	1193.95
826.16	1179.02
826.34	1192.94
826.53	1188.74
826.71	1187.17
826.89	1192.06
827.07	1186.98
827.25	1179.75
827.44	1197.94
827.62	1191.92
827.80	1197.92
827.98	1188.76
828.17	1197.51
828.35	1181.53
828.53	1198.04
828.71	1191.36
828.89	1190.73
829.08	1190.48
829.26	1196.28
829.44	1188.97
829.62	1191.34
829.80	1179.40
829.99	1194.72
830.17	1189.95
830.35	1188.62
830.53	1180.86
830.71	1195.17
830.90	1184.03
831.08	1191.55
831.26	1187.47
831.44	1193.84
831.62	1182.50
831.81	1196.01
831.99	1195.56
832.17	1195.03
832.35	1194.89
832.53	1196.01
832.71	1184.20
832.90	1194.68
833.08	1182.99
833.26	1194.25
833.44	1189.71
833.62	1196.77
833.81	1186.51
833.99	1194.52
834.17	1189.95
834.35	1190.28
834.53	1189.13
834.71	1195.26
834.89	1188.31
835.08	1192.72
835.26	1185.92
835.44	1193.58
835.62	1185.92
835.80	1191.53
835.98	1191.47
836.17	1197.57
836.35	1186.82
836.53	1194.50
836.71	1191.92
836.89	1196.91
837.07	1182.15
837.25	1196.63
837.44	1191.04
837.62	1199.25
837.80	1192.59
837.98	1192.47
838.16	1186.76
838.34	1191.41
838.52	1188.85
838.70	1196.69
838.89	1178.63
839.07	1194.93
839.25	1186.80
839.43	1196.01
839.61	1187.94
839.79	1190.48
839.97	1188.29
840.15	1191.43
840.33	1192.63
840.52	1198.94
840.70	1183.42
840.88	1198.25
841.06	1182.29
841.24	1196.42
841.42	1186.20
841.60	1194.60
841.78	1193.54
841.96	1198.41
842.14	1191.71
842.33	1200.48
842.51	1193.43
842.69	1193.06
842.87	1189.30
843.05	1193.04
843.23	1188.50
843.41	1191.77
843.59	1184.75
843.77	1191.14
843.95	1188.13
844.13	1188.46
844.31	1191.26
844.49	1184.40
844.68	1189.01
844.86	1198.47
845.04	1184.46
845.22	1195.11
845.40	1191.86
845.58	1197.51
845.76	1182.31
845.94	1192.16
846.12	1190.81
846.30	1193.29
846.48	1180.98
846.66	1194.23
846.84	1192.31
847.02	1189.93
847.20	1190.16
847.38	1193.72
847.56	1187.21
847.74	1197.24
847.92	1179.38
848.11	1185.55
848.29	1187.90
848.47	1186.49
848.65	1194.87
848.83	1192.66
849.01	1190.69
849.19	1191.32
849.37	1185.24
849.55	1193.45
849.73	1184.79
849.91	1191.20
850.09	1189.09
850.27	1194.44
850.45	1193.43
850.63	1191.28
850.81	1192.55
850.99	1194.50
851.17	1185.16
851.35	1187.21
851.53	1189.03
851.71	1191.34
851.89	1188.56
852.07	1195.50
852.25	1189.23
852.43	1188.40
852.61	1191.36
852.79	1188.44
852.97	1188.74
853.15	1193.13
853.33	1192.53
853.51	1193.84
853.69	1189.36
853.87	1195.87
854.05	1188.58
854.23	1195.93
854.41	1191.14
854.59	1194.09
854.77	1189.15
854.95	1187.49
855.13	1186.00
855.31	1194.42
855.49	1188.80
855.67	1188.35
855.84	1192.29
856.02	1190.79
856.20	1184.71
856.38	1192.92
856.56	1184.67
856.74	1190.12
856.92	1187.08
857.10	1189.67
857.28	1182.46
857.46	1197.06
857.64	1191.12
857.82	1194.54
858.00	1182.01
858.18	1198.41
858.36	1185.55
858.54	1199.60
858.72	1182.09
858.90	1195.56
859.08	1189.52
859.25	1195.15
859.43	1186.16
859.61	1193.78
859.79	1190.89
859.97	1193.25
860.15	1187.13
860.33	1191.88
860.51	1195.42
860.69	1191.77
860.87	1190.18
861.05	1185.71
861.23	1187.82
861.41	1194.17
861.58	1187.39
861.76	1196.85
861.94	1186.47
862.12	1192.33
862.30	1188.56
862.48	1191.55
862.66	1192.04
862.84	1193.70
863.02	1189.36
863.20	1193.15
863.37	1187.29
863.55	1188.62
863.73	1187.31
863.91	1191.36
864.09	1177.30
864.27	1198.82
864.45	1190.91
864.63	1198.72
864.80	1187.04
864.98	1194.11
865.16	1194.68
865.34	1186.00
865.52	1192.90
865.70	1192.12
865.88	1182.33
866.06	1197.22
866.23	1182.91
866.41	1193.90
866.59	1187.00
866.77	1198.78
866.95	1182.72
867.13	1200.87
867.31	1190.89
867.48	1188.09
867.66	1187.41
867.84	1197.80
868.02	1190.89
868.20	1193.17
868.38	1190.18
868.56	1196.81
868.73	1188.72
868.91	1195.97
869.09	1186.88
869.27	1195.75
869.45	1192.02
869.63	1189.67
869.80	1190.85
869.98	1191.94
870.16	1184.18
870.34	1189.52
870.52	1191.94
870.70	1192.33
870.87	1192.02
871.05	1193.25
871.23	1186.04
871.41	1200.42
871.59	1189.85
871.76	1192.37
871.94	1185.71
872.12	1195.83
872.30	1191.10
872.48	1192.35
872.65	1187.37
872.83	1197.84
873.01	1184.67
873.19	1193.52
873.37	1193.58
873.54	1188.40
873.72	1184.46
873.90	1191.96
874.08	1190.42
874.26	1192.66
874.43	1194.05
874.61	1188.85
874.79	1188.50
874.97	1197.06
875.15	1188.78
875.32	1189.26
875.50	1193.68
875.68	1193.43
875.86	1179.94
876.03	1192.70
876.21	1191.20
876.39	1195.01
876.57	1181.33
876.74	1196.46
876.92	1186.78
877.10	1197.43
877.28	1183.85
877.45	1184.34
877.63	1195.97
877.81	1192.74
877.99	1189.58
878.17	1182.03
878.34	1184.46
878.52	1195.03
878.70	1190.44
878.87	1196.65
879.05	1185.61
879.23	1196.57
879.41	1181.37
879.58	1186.33
879.76	1197.92
879.94	1192.72
880.12	1195.52
880.29	1193.29
880.47	1190.38
880.65	1194.70
880.83	1186.82
881.00	1194.81
881.18	1187.64
881.36	1191.71
881.53	1187.54
881.71	1191.41
881.89	1183.75
882.07	1192.39
882.24	1190.67
882.42	1198.27
882.60	1187.99
882.77	1196.48
882.95	1186.86
883.13	1196.10
883.30	1184.44
883.48	1197.51
883.66	1180.59
883.84	1189.85
884.01	1186.37
884.19	1197.20
884.37	1184.22
884.54	1193.88
884.72	1192.63
884.90	1195.56
885.07	1189.28
885.25	1192.33
885.43	1187.45
885.60	1194.93
885.78	1190.77
885.96	1195.89
886.13	1183.81
886.31	1196.20
886.49	1185.00
886.66	1193.37
886.84	1188.62
887.02	1192.68
887.19	1188.85
887.37	1190.87
887.55	1186.33
887.72	1195.56
887.90	1190.59
888.08	1187.15
888.25	1185.90
888.43	1192.78
888.61	1188.62
888.78	1196.75
888.96	1188.93
889.14	1196.51
889.31	1189.01
889.49	1186.51
889.67	1185.51
889.84	1198.39
890.02	1188.56
890.19	1189.38
890.37	1192.31
890.55	1196.71
890.72	1189.03
890.90	1198.78
891.08	1187.43
891.25	1194.52
891.43	1190.67
891.60	1192.72
891.78	1189.99
891.96	1190.38
892.13	1190.79
892.31	1195.13
892.48	1190.16
892.66	1201.44
892.84	1184.79
893.01	1198.86
893.19	1195.67
893.36	1191.34
893.54	1186.86
893.72	1190.61
893.89	1192.63
894.07	1190.36
894.24	1188.80
894.42	1212.01
894.60	1188.89
894.77	1194.31
894.95	1184.89
895.12	1199.43
895.30	1185.08
895.48	1192.33
895.65	1188.29
895.83	1198.00
896.00	1193.62
896.18	1198.00
896.35	1193.64
896.53	1195.03
896.71	1190.73
896.88	1194.44
897.06	1186.00
897.23	1200.03
897.41	1186.70
897.58	1192.80
897.76	1186.84
897.93	1187.86
898.11	1186.16
898.29	1198.57
898.46	1186.53
898.64	1198.80
898.81	1187.88
898.99	1194.54
899.16	1188.01
899.34	1202.46
899.51	1181.21
899.69	1194.83
899.86	1186.74
900.04	1190.34
900.21	1187.62
900.39	1196.14
900.57	1191.92
900.74	1198.59
900.92	1181.06
901.09	1200.81
901.27	1181.47
901.44	1203.14
901.62	1190.75
901.79	1199.35
901.97	1180.94
902.14	1191.61
902.32	1188.70
902.49	1196.48
902.67	1184.75
902.84	1195.09
903.02	1193.33
903.19	1196.85
903.37	1184.75
903.54	1185.71
903.72	1189.46
903.89	1198.18
904.07	1188.44
904.24	1200.19
904.42	1195.46
904.59	1186.24
904.77	1193.11
904.94	1194.54
905.12	1184.57
905.29	1195.11
905.47	1179.57
905.64	1197.20
905.82	1191.59
905.99	1193.33
906.16	1182.56
906.34	1199.31
906.51	1182.31
906.69	1189.52
906.86	1183.09
907.04	1196.53
907.21	1185.90
907.39	1199.31
907.56	1186.37
907.74	1195.24
907.91	1193.09
908.09	1193.31
908.26	1186.94
908.43	1194.64
908.61	1188.15
908.78	1198.88
908.96	1184.55
909.13	1193.66
909.31	1192.63
909.48	1198.04
909.65	1183.85
909.83	1192.12
910.00	1191.67
910.18	1194.23
910.35	1193.06
910.53	1192.02
910.70	1187.49
910.87	1194.31
911.05	1189.46
911.22	1198.90
911.40	1185.71
911.57	1191.75
911.75	1191.92
911.92	1198.72
912.09	1182.44
912.27	1191.75
912.44	1185.92
912.62	1193.62
912.79	1185.96
912.96	1188.70
913.14	1188.37
913.31	1194.44
913.49	1192.14
913.66	1194.01
913.83	1194.25
914.01	1195.60
914.18	1194.42
914.36	1191.92
914.53	1189.15
914.70	1195.19
914.88	1191.18
915.05	1190.22
915.22	1188.97
915.40	1193.60
915.57	1193.35
915.75	1191.77
915.92	1188.74
916.09	1200.46
916.27	1195.22
916.44	1195.03
916.61	1198.55
916.79	1191.16
916.96	1188.05
917.13	1186.08
917.31	1187.49
917.48	1194.33
917.66	1182.78
917.83	1192.98
918.00	1188.40
918.18	1201.95
918.35	1188.66
918.52	1195.79
918.70	1192.04
918.87	1188.91
919.04	1184.40
919.22	1203.14
919.39	1187.86
919.56	1192.66
919.74	1182.44
919.91	1191.90
920.08	1194.38
920.26	1194.93
920.43	1193.47
920.60	1189.77
920.78	1188.62
920.95	1190.83
921.12	1197.41
921.29	1192.14
921.47	1189.30
921.64	1190.71
921.81	1185.59
921.99	1197.55
922.16	1190.14
922.33	1191.18
922.51	1190.59
922.68	1192.90
922.85	1188.33
923.03	1189.30
923.20	1190.30
923.37	1197.12
923.54	1180.45
923.72	1187.15
923.89	1189.77
924.06	1193.54
924.24	1186.82
924.41	1192.96
924.58	1184.52
924.75	1194.35
924.93	1190.55
925.10	1191.84
925.27	1185.55
925.44	1199.74
925.62	1190.59
925.79	1191.98
925.96	1189.91
926.14	1193.25
926.31	1184.93
926.48	1198.31
926.65	1188.78
926.83	1189.23
927.00	1185.84
927.17	1200.79
927.34	1186.96
927.52	1195.32
927.69	1189.40
927.86	1196.40
928.03	1183.50
928.21	1196.28
928.38	1183.60
928.55	1195.97
928.72	1193.25
928.89	1192.78
929.07	1186.70
929.24	1190.79
929.41	1185.36
929.58	1189.58
929.76	1191.82
929.93	1190.75
930.10	1186.14
930.27	1198.61
930.44	1186.57
930.62	1192.37
930.79	1191.63
930.96	1193.41
931.13	1189.21
931.31	1194.64
931.48	1183.42
931.65	1192.92
931.82	1188.93
931.99	1198.39
932.17	1182.23
932.34	1189.09
932.51	1195.05
932.68	1194.95
932.85	1192.96
933.03	1198.12
933.20	1190.73
933.37	1191.96
933.54	1189.85
933.71	1197.43
933.88	1196.51
934.06	1194.85
934.23	1185.69
934.40	1197.57
934.57	1191.71
934.74	1193.17
934.91	1184.95
935.09	1190.98
935.26	1187.68
935.43	1191.20
935.60	1190.96
935.77	1198.57
935.94	1187.02
936.12	1200.56
936.29	1191.30
936.46	1195.15
936.63	1190.81
936.80	1201.95
936.97	1191.22
937.14	1189.19
937.32	1188.29
937.49	1186.63
937.66	1187.08
937.83	1187.90
938.00	1185.71
938.17	1192.90
938.34	1189.21
938.52	1195.11
938.69	1181.84
938.86	1194.38
939.03	1195.09
939.20	1184.89
939.37	1185.20
939.54	1192.00
939.71	1186.04
939.89	1200.13
940.06	1183.11
940.23	1190.71
940.40	1187.94
940.57	1186.78
940.74	1187.43
940.91	1194.40
941.08	1184.03
941.25	1197.45
941.43	1193.49
941.60	1192.74
941.77	1198.06
941.94	1190.28
942.11	1185.55
942.28	1196.36
942.45	1185.94
942.62	1194.31
942.79	1181.84
942.96	1195.46
943.13	1183.99
943.30	1200.64
943.48	1191.55
943.65	1195.89
943.82	1194.44
943.99	1197.14
944.16	1193.13
944.33	1192.00
944.50	1189.62
944.67	1187.92
944.84	1188.33
945.01	1195.34
945.18	1185.53
945.35	1196.20
945.52	1186.33
945.69	1195.28
945.86	1191.57
946.03	1193.23
946.21	1193.49
946.38	1195.83
946.55	1184.20
946.72	1189.23
946.89	1192.43
947.06	1195.95
947.23	1188.35
947.40	1189.01
947.57	1190.65
947.74	1190.24
947.91	1179.06
948.08	1193.45
948.25	1190.26
948.42	1192.08
948.59	1189.67
948.76	1193.76
948.93	1186.41
949.10	1194.23
949.27	1186.82
949.44	1192.49
949.61	1189.21
949.78	1195.87
949.95	1196.05
950.12	1193.27
950.29	1189.19
950.46	1197.02
950.63	1185.22
950.80	1194.64
950.97	1178.24
951.14	1197.51
951.31	1185.02
951.48	1198.92
951.65	1190.38
951.82	1202.65
951.99	1189.71
952.16	1194.01
952.33	1189.44
952.50	1192.70
952.67	1180.98
952.84	1195.03
953.01	1188.93
953.18	1196.12
953.35	1183.66
953.52	1197.37
953.69	1193.23
953.86	1197.43
954.03	1189.85
954.20	1195.99
954.37	1193.72
954.54	1189.48
954.70	1196.89
954.87	1195.62
955.04	1194.29
955.21	1190.07
955.38	1185.67
955.55	1198.84
955.72	1181.49
955.89	1199.33
956.06	1183.83
956.23	1207.26
956.40	1187.72
956.57	1196.20
956.74	1184.57
956.91	1191.57
957.08	1188.64
957.25	1200.07
957.41	1177.23
957.58	1192.10
957.75	1182.50
957.92	1196.98
958.09	1191.02
958.26	1193.13
958.43	1188.19
958.60	1195.79
958.77	1184.09
958.94	1189.11
959.11	1185.36
959.27	1194.89
959.44	1193.00
959.61	1196.38
959.78	1185.69
959.95	1191.79
960.12	1194.11
960.29	1204.80
960.46	1182.97
960.63	1199.35
960.80	1180.20
960.96	1203.65
961.13	1192.02
961.30	1193.80
961.47	1190.98
961.64	1196.44
961.81	1183.60
961.98	1198.59
962.15	1185.71
962.31	1198.94
962.48	1185.47
962.65	1185.71
962.82	1181.41
962.99	1194.66
963.16	1181.13
963.33	1191.45
963.49	1187.66
963.66	1191.10
963.83	1187.97
964.00	1197.32
964.17	1177.75
964.34	1194.42
964.51	1185.20
964.67	1196.59
964.84	1192.76
965.01	1209.49
965.18	1190.91
965.35	1191.65
965.52	1184.93
965.68	1197.32
965.85	1187.84
966.02	1196.16
966.19	1186.37
966.36	1192.96
966.52	1191.00
966.69	1195.85
966.86	1185.24
967.03	1190.18
967.20	1190.30
967.37	1190.30
967.53	1187.97
967.70	1198.12
967.87	1187.47
968.04	1186.78
968.21	1189.26
968.37	1193.37
968.54	1182.42
968.71	1190.67
968.88	1190.71
969.05	1190.24
969.21	1186.27
969.38	1189.11
969.55	1188.62
969.72	1201.99
969.89	1187.37
970.05	1197.16
970.22	1194.11
970.39	1197.14
970.56	1188.83
970.72	1198.47
970.89	1192.08
971.06	1198.72
971.23	1184.14
971.39	1188.70
971.56	1192.10
971.73	1199.58
971.90	1192.12
972.07	1190.40
972.23	1184.03
972.40	1198.12
972.57	1183.79
972.74	1201.81
972.90	1189.40
973.07	1195.24
973.24	1178.91
973.40	1200.56
973.57	1187.11
973.74	1198.02
973.91	1192.23
974.07	1193.31
974.24	1181.23
974.41	1186.68
974.58	1194.83
974.74	1194.07
974.91	1188.29
975.08	1199.15
975.25	1191.43
975.41	1191.06
975.58	1185.20
975.75	1190.01
975.91	1188.91
976.08	1193.88
976.25	1182.01
976.42	1187.86
976.58	1190.30
976.75	1194.74
976.92	1182.50
977.08	1195.62
977.25	1185.81
977.42	1192.18
977.58	1191.39
977.75	1184.57
977.92	1191.43
978.08	1198.14
978.25	1191.02
978.42	1188.42
978.59	1193.25
978.75	1193.45
978.92	1193.58
979.09	1195.32
979.25	1192.14
979.42	1199.88
979.59	1188.80
979.75	1194.19
979.92	1188.64
980.09	1194.91
980.25	1194.60
980.42	1198.04
980.59	1191.79
980.75	1191.51
980.92	1198.51
981.09	1196.46
981.25	1186.68
981.42	1196.20
981.59	1186.37
981.75	1203.92
981.92	1183.95
982.08	1186.70
982.25	1188.87
982.42	1196.42
982.58	1192.70
982.75	1189.30
982.92	1184.09
983.08	1182.09
983.25	1193.62
983.42	1196.96
983.58	1194.85
983.75	1190.30
983.91	1193.72
984.08	1192.35
984.25	1184.91
984.41	1193.76
984.58	1196.55
984.74	1188.91
984.91	1187.72
985.08	1192.92
985.24	1185.69
985.41	1190.55
985.57	1188.85
985.74	1193.31
985.91	1183.30
986.07	1189.62
986.24	1190.44
986.40	1185.98
986.57	1186.51
986.74	1191.32
986.90	1186.68
987.07	1191.59
987.23	1191.57
987.40	1192.63
987.57	1191.73
987.73	1196.28
987.90	1187.76
988.06	1194.74
988.23	1179.20
988.39	1196.96
988.56	1187.23
988.73	1195.60
988.89	1190.16
989.06	1195.89
989.22	1189.89
989.39	1192.63
989.55	1188.09
989.72	1200.42
989.88	1183.64
990.05	1199.17
990.22	1195.36
990.38	1195.40
990.55	1176.01
990.71	1191.18
990.88	1194.09
991.04	1192.53
991.21	1185.73
991.37	1193.95
991.54	1194.17
991.70	1198.64
991.87	1185.84
992.03	1193.09
992.20	1188.29
992.36	1198.14
992.53	1189.32
992.69	1189.46
992.86	1185.90
993.03	1193.13
993.19	1191.16
993.36	1201.46
993.52	1191.90
993.69	1192.51
993.85	1191.88
994.02	1192.61
994.18	1189.13
994.35	1192.70
994.51	1190.18
994.68	1188.40
994.84	1188.68
995.01	1200.21
995.17	1190.83
995.34	1202.49
995.50	1187.56
995.66	1193.84
995.83	1184.28
995.99	1198.14
996.16	1188.01
996.32	1193.33
996.49	1188.05
996.65	1187.92
996.82	1185.06
996.98	1195.87
997.15	1185.57
997.31	1195.28
997.48	1188.17
997.64	1196.87
997.81	1192.27
997.97	1201.34
998.13	1186.29
998.30	1196.91
998.46	1185.24
998.63	1194.66
998.79	1186.94
998.96	1187.35
999.12	1188.70
999.29	1198.41
999.45	1187.78
999.61	1189.67
999.78	1188.33
999.94	1194.35
1000.11	1192.33
1000.27	1193.49
1000.44	1186.53
1000.60	1198.47
1000.76	1185.71
1000.93	1198.35
1001.09	1191.51
1001.26	1191.24
1001.42	1187.68
1001.59	1185.84
1001.75	1186.68
1001.91	1196.79
1002.08	1188.03
1002.24	1191.69
1002.41	1189.40
1002.57	1194.85
1002.73	1182.19
1002.90	1192.92
1003.06	1191.32
1003.23	1199.88
1003.39	1186.14
1003.55	1201.93
1003.72	1191.51
1003.88	1191.88
1004.04	1178.71
1004.21	1201.24
1004.37	1186.82
1004.54	1193.54
1004.70	1183.85
1004.86	1196.69
1005.03	1185.12
1005.19	1192.68
1005.35	1191.90
1005.52	1196.34
1005.68	1195.65
1005.85	1200.58
1006.01	1186.41
1006.17	1189.69
1006.34	1189.56
1006.50	1193.60
1006.66	1187.13
1006.83	1196.18
1006.99	1178.79
1007.15	1189.13
1007.32	1190.01
1007.48	1191.75
1007.64	1182.58
1007.81	1195.69
1007.97	1191.59
1008.13	1190.36
1008.30	1194.21
1008.46	1192.61
1008.62	1190.59
1008.79	1191.90
1008.95	1188.15
1009.11	1195.85
1009.28	1185.02
1009.44	1197.24
1009.60	1190.53
1009.77	1191.12
1009.93	1185.71
1010.09	1193.21
1010.25	1187.04
1010.42	1193.37
1010.58	1189.28
1010.74	1196.22
1010.91	1183.40
1011.07	1188.35
1011.23	1187.70
1011.40	1199.19
1011.56	1189.52
1011.72	1195.56
1011.88	1187.70
1012.05	1196.73
1012.21	1191.36
1012.37	1195.26
1012.54	1189.89
1012.70	1193.33
1012.86	1183.21
1013.02	1194.38
1013.19	1189.99
1013.35	1192.70
1013.51	1183.71
1013.67	1202.24
1013.84	1182.27
1014.00	1198.12
1014.16	1188.52
1014.33	1194.97
1014.49	1192.10
1014.65	1196.40
1014.81	1182.95
1014.98	1192.82
1015.14	1185.41
1015.30	1195.15
1015.46	1192.14
1015.62	1191.92
1015.79	1187.41
1015.95	1190.67
1016.11	1184.48
1016.27	1197.14
1016.44	1185.32
1016.60	1198.02
1016.76	1197.39
1016.92	1196.28
1017.09	1189.46
1017.25	1193.80
1017.41	1189.03
1017.57	1196.77
1017.73	1183.87
1017.90	1201.87
1018.06	1183.11
1018.22	1197.14
1018.38	1189.26
1018.54	1192.72
1018.71	1188.97
1018.87	1198.55
1019.03	1192.80
1019.19	1188.13
1019.35	1190.38
1019.52	1199.09
1019.68	1189.40
1019.84	1192.92
1020.00	1192.20
1020.16	1191.53
1020.33	1189.93
1020.49	1193.19
1020.65	1186.76
1020.81	1196.75
1020.97	1192.43
1021.13	1200.95
1021.30	1186.86
1021.46	1193.47
1021.62	1186.37
1021.78	1192.90
1021.94	1187.78
1022.10	1195.15
1022.27	1189.67
1022.43	1193.62
1022.59	1191.90
1022.75	1196.94
1022.91	1184.36
1023.07	1194.74
1023.24	1190.07
1023.40	1194.62
1023.56	1191.12
1023.72	1197.22
1023.88	1191.59
1024.04	1197.94
1024.20	1183.28
1024.36	1198.74
1024.53	1194.60
1024.69	1194.13
1024.85	1183.58
1025.01	1193.95
1025.17	1191.32
1025.33	1194.68
1025.49	1188.44
1025.65	1196.63
1025.82	1189.85
1025.98	1195.83
1026.14	1191.20
1026.30	1198.64
1026.46	1184.83
1026.62	1197.71
1026.78	1188.97
1026.94	1195.36
1027.10	1189.52
1027.26	1196.79
1027.43	1188.60
1027.59	1190.53
1027.75	1182.44
1027.91	1199.58
1028.07	1188.66
1028.23	1197.16
1028.39	1186.49
1028.55	1192.82
1028.71	1193.66
1028.87	1193.04
1029.03	1186.31
1029.19	1194.78
1029.36	1186.70
1029.52	1191.77
1029.68	1184.69
1029.84	1200.17
1030.00	1187.94
1030.16	1194.66
1030.32	1188.48
1030.48	1200.38
1030.64	1188.03
1030.80	1194.74
1030.96	1185.63
1031.12	1193.82
1031.28	1188.40
1031.44	1201.05
1031.60	1184.93
1031.76	1199.90
1031.92	1185.26
1032.08	1215.55
1032.24	1184.75
1032.40	1193.04
1032.56	1185.94
1032.73	1196.79
1032.89	1191.65
1033.05	1189.03
1033.21	1185.24
1033.37	1200.52
1033.53	1190.20
1033.69	1194.19
1033.85	1187.27
1034.01	1191.45
1034.17	1190.63
1034.33	1191.10
1034.49	1188.54
1034.65	1193.43
1034.81	1188.83
1034.97	1194.05
1035.13	1193.13
1035.29	1195.89
1035.45	1188.19
1035.61	1195.28
1035.77	1181.02
1035.93	1196.36
1036.09	1181.15
1036.25	1194.81
1036.41	1188.58
1036.57	1193.41
1036.73	1188.72
1036.88	1194.19
1037.04	1188.40
