345.52	1191.47
345.73	1191.47
345.94	1191.47
346.16	1187.33
346.37	1192.02
346.58	1190.34
346.79	1197.16
347.00	1194.97
347.22	1199.17
347.43	1185.26
347.64	1198.88
347.85	1194.33
348.06	1193.11
348.28	1189.34
348.49	1196.08
348.70	1194.17
348.91	1191.86
349.12	1191.79
349.34	1198.00
349.55	1198.43
349.76	1198.23
349.97	1199.13
350.18	1200.83
350.40	1191.36
350.61	1205.62
350.82	1184.79
351.03	1206.64
351.24	1191.73
351.46	1199.99
351.67	1192.94
351.88	1203.88
352.09	1198.61
352.30	1197.78
352.51	1192.92
352.73	1207.50
352.94	1196.20
353.15	1204.70
353.36	1197.94
353.57	1199.99
353.79	1196.26
354.00	1200.42
354.21	1199.50
354.42	1207.65
354.63	1200.07
354.84	1197.47
355.06	1191.59
355.27	1198.18
355.48	1192.96
355.69	1202.42
355.90	1196.34
356.11	1207.26
356.33	1188.72
356.54	1206.27
356.75	1192.63
356.96	1199.99
357.17	1199.29
357.38	1204.06
357.60	1190.46
357.81	1210.90
358.02	1207.40
358.23	1196.77
358.44	1195.89
358.65	1202.03
358.87	1198.37
359.08	1201.46
359.29	1192.45
359.50	1204.45
359.71	1192.31
359.92	1204.12
360.13	1196.36
360.35	1206.07
360.56	1193.68
360.77	1197.20
360.98	1196.10
361.19	1206.58
361.40	1195.87
361.62	1203.49
361.83	1199.33
362.04	1200.79
362.25	1201.03
362.46	1199.21
362.67	1206.29
362.88	1198.02
363.10	1195.95
363.31	1205.27
363.52	1194.70
363.73	1199.86
363.94	1204.23
364.15	1203.67
364.36	1200.25
364.57	1212.44
364.79	1195.22
365.00	1199.09
365.21	1196.46
365.42	1201.50
365.63	1189.95
365.84	1201.89
366.05	1191.90
366.27	1203.10
366.48	1191.73
366.69	1203.45
366.90	1194.46
367.11	1206.38
367.32	1198.08
367.53	1203.20
367.74	1195.46
367.95	1205.56
368.17	1197.37
368.38	1202.06
368.59	1202.59
368.80	1200.79
369.01	1198.59
369.22	1203.69
369.43	1197.49
369.64	1206.97
369.86	1200.79
370.07	1199.97
370.28	1201.50
370.49	1205.09
370.70	1200.81
370.91	1197.39
371.12	1198.55
371.33	1203.92
371.54	1197.96
371.76	1209.80
371.97	1195.26
372.18	1200.97
372.39	1198.29
372.60	1207.32
372.81	1197.02
373.02	1207.42
373.23	1197.30
373.44	1210.96
373.65	1191.96
373.87	1205.52
374.08	1203.82
374.29	1202.49
374.50	1195.17
374.71	1207.05
374.92	1201.79
375.13	1208.40
375.34	1202.36
375.55	1198.25
375.76	1195.73
375.97	1206.91
376.19	1196.01
376.40	1202.30
376.61	1198.33
376.82	1205.15
377.03	1197.14
377.24	1199.66
377.45	1199.29
377.66	1200.64
377.87	1199.78
378.08	1204.86
378.29	1203.16
378.50	1200.21
378.71	1197.12
378.93	1203.37
379.14	1197.30
379.35	1197.86
379.56	1195.09
379.77	1211.89
379.98	1201.30
380.19	1204.98
380.40	1195.22
380.61	1207.42
380.82	1198.53
381.03	1195.99
381.24	1194.44
381.45	1203.80
381.66	1197.41
381.88	1209.59
382.09	1200.36
382.30	1205.60
382.51	1199.66
382.72	1201.85
382.93	1192.49
383.14	1200.54
383.35	1194.13
383.56	1209.61
383.77	1202.42
383.98	1201.17
384.19	1197.28
384.40	1205.86
384.61	1194.81
384.82	1202.87
385.03	1197.51
385.24	1207.15
385.45	1199.13
385.67	1201.63
385.88	1196.16
386.09	1206.89
386.30	1196.48
386.51	1197.63
386.72	1192.18
386.93	1200.31
387.14	1196.53
387.35	1200.40
387.56	1196.57
387.77	1204.33
387.98	1194.56
388.19	1209.71
388.40	1202.44
388.61	1204.37
388.82	1201.67
389.03	1204.94
389.24	1194.97
389.45	1206.09
389.66	1196.65
389.87	1205.95
390.08	1195.17
390.29	1197.10
390.50	1190.75
390.71	1208.10
390.92	1197.16
391.13	1202.53
391.34	1195.01
391.55	1204.76
391.76	1203.45
391.98	1204.55
392.19	1190.26
392.40	1199.62
392.61	1201.60
392.82	1211.93
393.03	1203.37
393.24	1202.28
393.45	1195.44
393.66	1204.59
393.87	1201.15
394.08	1208.01
394.29	1198.72
394.50	1210.88
394.71	1193.56
394.92	1204.31
395.13	1200.93
395.34	1205.74
395.55	1200.29
395.76	1203.53
395.97	1203.22
396.18	1203.00
396.39	1195.54
396.60	1205.33
396.81	1199.17
397.02	1205.82
397.23	1198.66
397.44	1210.98
397.65	1200.70
397.86	1202.36
398.07	1197.41
398.28	1198.35
398.49	1196.36
398.70	1203.82
398.91	1203.55
399.12	1208.55
399.33	1202.69
399.54	1200.23
399.75	1197.30
399.96	1209.16
400.17	1196.98
400.38	1203.37
400.59	1193.76
400.80	1201.42
401.01	1190.10
401.22	1206.99
401.42	1200.07
401.63	1204.23
401.84	1195.75
402.05	1209.24
402.26	1206.07
402.47	1212.73
402.68	1204.33
402.89	1200.42
403.10	1205.64
403.31	1206.25
403.52	1196.16
403.73	1206.23
403.94	1199.82
404.15	1202.73
404.36	1203.32
404.57	1200.68
404.78	1198.12
404.99	1206.42
405.20	1197.57
405.41	1203.04
405.62	1198.16
405.83	1213.18
406.04	1200.29
406.25	1205.76
406.46	1196.89
406.67	1209.06
406.88	1197.34
407.09	1202.06
407.30	1202.32
407.50	1209.55
407.71	1199.11
407.92	1213.99
408.13	1198.61
408.34	1210.82
408.55	1199.15
408.76	1202.10
408.97	1208.77
409.18	1209.08
409.39	1196.83
409.60	1202.20
409.81	1202.24
410.02	1206.32
410.23	1188.35
410.44	1207.03
410.65	1192.72
410.86	1198.12
411.07	1201.03
411.27	1212.03
411.48	1196.55
411.69	1204.27
411.90	1208.55
412.11	1203.26
412.32	1204.08
412.53	1200.62
412.74	1197.75
412.95	1206.50
413.16	1199.86
413.37	1209.12
413.58	1200.56
413.79	1206.70
414.00	1196.05
414.20	1206.15
414.41	1195.44
414.62	1207.71
414.83	1202.38
415.04	1210.04
415.25	1202.46
415.46	1208.14
415.67	1201.93
415.88	1206.07
416.09	1198.70
416.30	1205.07
416.51	1202.69
416.71	1205.27
416.92	1201.03
417.13	1204.90
417.34	1199.78
417.55	1205.39
417.76	1186.68
417.97	1203.96
418.18	1206.77
418.39	1208.16
418.60	1203.43
418.81	1206.75
419.01	1201.24
419.22	1215.86
419.43	1194.31
419.64	1207.09
419.85	1198.96
420.06	1204.39
420.27	1195.75
420.48	1209.76
420.69	1196.69
420.90	1204.72
421.10	1198.78
421.31	1207.77
421.52	1200.52
421.73	1198.04
421.94	1195.93
422.15	1209.41
422.36	1199.07
422.57	1201.38
422.78	1201.58
422.98	1207.56
423.19	1194.38
423.40	1209.84
423.61	1204.72
423.82	1206.34
424.03	1198.68
424.24	1205.39
424.45	1198.41
424.65	1200.58
424.86	1194.97
425.07	1198.25
425.28	1193.86
425.49	1202.38
425.70	1199.52
425.91	1205.91
426.12	1195.56
426.32	1213.20
426.53	1197.63
426.74	1200.89
426.95	1194.46
427.16	1204.06
427.37	1191.57
427.58	1203.35
427.78	1200.33
427.99	1206.75
428.20	1206.70
428.41	1206.42
428.62	1194.05
428.83	1201.48
429.04	1201.99
429.24	1204.47
429.45	1197.00
429.66	1201.46
429.87	1200.27
430.08	1207.34
430.29	1196.42
430.50	1203.45
430.70	1197.65
430.91	1199.37
431.12	1196.85
431.33	1200.64
431.54	1195.99
431.75	1214.92
431.96	1200.01
432.16	1207.48
432.37	1199.45
432.58	1203.49
432.79	1200.91
433.00	1200.66
433.21	1194.31
433.41	1205.91
433.62	1195.87
433.83	1208.85
434.04	1193.27
434.25	1205.11
434.46	1192.23
434.66	1208.55
434.87	1197.45
435.08	1206.52
435.29	1192.20
435.50	1201.81
435.71	1197.53
435.91	1204.35
436.12	1198.27
436.33	1205.58
436.54	1196.55
436.75	1208.98
436.95	1197.88
437.16	1201.46
437.37	1200.85
437.58	1200.11
437.79	1200.70
438.00	1202.49
438.20	1201.46
438.41	1203.49
438.62	1203.02
438.83	1198.23
439.04	1197.12
439.24	1213.05
439.45	1192.80
439.66	1207.09
439.87	1195.75
440.08	1203.94
440.28	1198.64
440.49	1209.08
440.70	1199.76
440.91	1205.31
441.12	1198.00
441.32	1207.87
441.53	1196.96
441.74	1203.12
441.95	1204.88
442.16	1203.22
442.36	1193.31
442.57	1204.96
442.78	1193.84
442.99	1207.15
443.20	1202.94
443.40	1198.39
443.61	1200.54
443.82	1203.16
444.03	1200.62
444.24	1204.31
444.44	1206.75
444.65	1206.05
444.86	1198.74
445.07	1205.02
445.27	1197.39
445.48	1208.94
445.69	1201.07
445.90	1205.78
446.11	1197.04
446.31	1205.21
446.52	1195.34
446.73	1207.65
446.94	1198.04
447.14	1210.25
447.35	1196.73
447.56	1205.19
447.77	1199.80
447.97	1202.55
448.18	1193.00
448.39	1207.18
448.60	1200.58
448.81	1205.70
449.01	1202.24
449.22	1208.44
449.43	1193.23
449.64	1204.84
449.84	1199.66
450.05	1211.00
450.26	1197.61
450.47	1205.43
450.67	1205.78
450.88	1193.74
451.09	1203.80
451.30	1203.59
451.50	1193.84
451.71	1202.67
451.92	1200.03
452.13	1206.93
452.33	1193.58
452.54	1198.06
452.75	1191.92
452.96	1208.59
453.16	1199.93
453.37	1206.17
453.58	1198.70
453.79	1208.01
453.99	1205.91
454.20	1200.99
454.41	1201.87
454.61	1202.94
454.82	1198.94
455.03	1201.83
455.24	1194.54
455.44	1204.70
455.65	1196.36
455.86	1206.05
456.07	1198.35
456.27	1207.11
456.48	1198.70
456.69	1204.55
456.90	1188.91
457.10	1209.33
457.31	1199.93
457.52	1198.94
457.72	1200.42
457.93	1198.66
458.14	1201.20
458.35	1202.85
458.55	1197.59
458.76	1204.08
458.97	1193.76
459.17	1204.12
459.38	1192.94
459.59	1201.28
459.80	1197.18
460.00	1199.54
460.21	1194.76
460.42	1208.96
460.62	1198.88
460.83	1212.93
461.04	1204.72
461.25	1209.71
461.45	1197.16
461.66	1203.88
461.87	1199.52
462.07	1203.67
462.28	1197.55
462.49	1201.91
462.69	1198.84
462.90	1207.20
463.11	1194.87
463.31	1206.01
463.52	1195.79
463.73	1206.36
463.94	1194.50
464.14	1204.47
464.35	1202.42
464.56	1205.05
464.76	1204.57
464.97	1201.95
465.18	1201.05
465.38	1196.24
465.59	1200.31
465.80	1203.51
466.00	1201.22
466.21	1207.15
466.42	1199.99
466.62	1201.65
466.83	1204.64
467.04	1207.09
467.24	1202.36
467.45	1204.59
467.66	1202.44
467.86	1201.42
468.07	1201.11
468.28	1206.50
468.48	1199.56
468.69	1204.19
468.90	1199.43
469.10	1201.26
469.31	1202.65
469.52	1204.37
469.72	1194.62
469.93	1204.45
470.14	1194.01
470.34	1207.54
470.55	1200.97
470.76	1211.89
470.96	1201.81
471.17	1202.36
471.38	1199.02
471.58	1207.79
471.79	1201.71
472.00	1208.22
472.20	1199.19
472.41	1207.24
472.62	1195.22
472.82	1199.62
473.03	1198.45
473.24	1201.89
473.44	1199.25
473.65	1206.19
473.85	1200.64
474.06	1207.93
474.27	1199.19
474.47	1207.56
474.68	1199.35
474.89	1207.09
475.09	1207.46
475.30	1206.27
475.51	1195.91
475.71	1212.83
475.92	1196.63
476.12	1207.93
476.33	1191.69
476.54	1203.22
476.74	1197.49
476.95	1207.79
477.16	1198.21
477.36	1202.03
477.57	1193.52
477.77	1201.42
477.98	1193.88
478.19	1207.52
478.39	1202.92
478.60	1205.82
478.81	1194.48
479.01	1205.74
479.22	1194.38
479.42	1199.74
479.63	1199.00
479.84	1203.37
480.04	1192.76
480.25	1208.38
480.45	1192.72
480.66	1210.86
480.87	1199.56
481.07	1199.23
481.28	1196.42
481.48	1202.89
481.69	1200.11
481.90	1206.09
482.10	1199.58
482.31	1205.13
482.51	1199.27
482.72	1206.62
482.93	1199.00
483.13	1200.79
483.34	1191.51
483.54	1203.10
483.75	1201.07
483.96	1205.33
484.16	1199.84
484.37	1204.43
484.57	1194.09
484.78	1205.80
484.99	1200.42
485.19	1204.66
485.40	1202.92
485.60	1203.20
485.81	1197.82
486.01	1205.99
486.22	1209.28
486.43	1199.70
486.63	1206.75
486.84	1205.23
487.04	1197.65
487.25	1203.06
487.46	1197.20
487.66	1202.83
487.87	1204.53
488.07	1206.77
488.28	1202.08
488.48	1206.75
488.69	1203.45
488.89	1204.51
489.10	1199.68
489.31	1207.05
489.51	1196.55
489.72	1206.19
489.92	1204.00
490.13	1207.52
490.33	1197.14
490.54	1202.94
490.75	1209.49
490.95	1202.14
491.16	1198.14
491.36	1204.12
491.57	1199.27
491.77	1202.49
491.98	1199.39
492.18	1204.00
492.39	1199.99
492.59	1209.63
492.80	1194.85
493.01	1206.60
493.21	1200.23
493.42	1206.91
493.62	1204.66
493.83	1207.40
494.03	1204.94
494.24	1207.11
494.44	1201.03
494.65	1205.56
494.85	1202.92
495.06	1210.49
495.26	1206.52
495.47	1205.02
495.68	1201.26
495.88	1199.33
496.09	1198.45
496.29	1207.79
496.50	1199.66
496.70	1203.24
496.91	1195.60
497.11	1211.89
497.32	1203.14
497.52	1206.32
497.73	1198.00
497.93	1204.84
498.14	1206.79
498.34	1207.83
498.55	1204.90
498.75	1199.99
498.96	1200.64
499.16	1203.94
499.37	1202.34
499.57	1207.44
499.78	1199.19
499.98	1206.64
500.19	1202.63
500.39	1210.80
500.60	1197.08
500.80	1208.26
501.01	1200.38
501.21	1205.58
501.42	1192.43
501.62	1203.12
501.83	1198.82
502.03	1202.73
502.24	1204.16
502.44	1211.48
502.65	1201.83
502.85	1212.15
503.06	1200.74
503.26	1204.39
503.47	1203.90
503.67	1206.11
503.88	1197.82
504.08	1203.63
504.29	1204.29
504.49	1212.50
504.70	1207.20
504.90	1201.58
505.11	1203.24
505.31	1203.37
505.52	1195.97
505.72	1205.66
505.93	1207.77
506.13	1203.30
506.34	1204.74
506.54	1203.71
506.75	1201.89
506.95	1206.27
507.16	1207.09
507.36	1201.11
507.56	1197.92
507.77	1207.30
507.97	1203.96
508.18	1199.45
508.38	1200.93
508.59	1206.62
508.79	1193.72
509.00	1210.21
509.20	1201.81
509.41	1211.66
509.61	1205.19
509.82	1203.28
510.02	1206.44
510.22	1208.34
510.43	1203.43
510.63	1210.39
510.84	1197.14
511.04	1206.40
511.25	1199.58
511.45	1208.47
511.66	1197.49
511.86	1208.06
512.06	1204.04
512.27	1200.79
512.47	1198.41
512.68	1206.81
512.88	1203.51
513.09	1203.18
513.29	1207.24
513.50	1210.92
513.70	1192.14
513.90	1212.77
514.11	1208.75
514.31	1210.76
514.52	1208.79
514.72	1209.45
514.93	1210.43
515.13	1212.25
515.33	1201.63
515.54	1212.79
515.74	1204.82
515.95	1196.87
516.15	1200.03
516.36	1213.71
516.56	1199.58
516.76	1205.64
516.97	1206.77
517.17	1208.12
517.38	1208.06
517.58	1215.16
517.78	1205.45
517.99	1211.13
518.19	1203.39
518.40	1211.99
518.60	1199.80
518.81	1205.58
519.01	1203.37
519.21	1213.71
519.42	1205.72
519.62	1213.93
519.83	1208.81
520.03	1216.55
520.23	1213.32
520.44	1211.00
520.64	1209.78
520.85	1216.94
521.05	1208.12
521.25	1213.93
521.46	1202.98
521.66	1210.96
521.86	1208.20
522.07	1205.86
522.27	1208.81
522.48	1216.60
522.68	1206.03
522.88	1213.67
523.09	1210.17
523.29	1213.93
523.50	1203.88
523.70	1214.67
523.90	1213.69
524.11	1216.76
524.31	1205.41
524.51	1224.89
524.72	1205.72
524.92	1214.36
525.13	1211.97
525.33	1222.88
525.53	1211.62
525.74	1216.78
525.94	1214.22
526.14	1226.49
526.35	1211.37
526.55	1231.30
526.76	1219.63
526.96	1221.63
527.16	1210.47
527.37	1221.78
527.57	1210.08
527.77	1227.65
527.98	1220.38
528.18	1223.27
528.38	1215.02
528.59	1224.40
528.79	1218.83
528.99	1226.53
529.20	1213.01
529.40	1220.10
529.61	1216.90
529.81	1224.64
530.01	1218.79
530.22	1226.04
530.42	1224.99
530.62	1222.53
530.83	1222.04
531.03	1230.42
531.23	1220.41
531.44	1230.44
531.64	1222.37
531.84	1232.63
532.05	1224.28
532.25	1235.40
532.45	1217.66
532.66	1239.51
532.86	1230.40
533.06	1235.74
533.27	1237.44
533.47	1240.54
533.67	1227.96
533.88	1241.34
534.08	1238.18
534.28	1243.63
534.49	1238.57
534.69	1235.33
534.89	1240.02
535.09	1247.25
535.30	1234.04
535.50	1242.32
535.70	1231.79
535.91	1249.65
536.11	1241.05
536.31	1242.58
536.52	1239.43
536.72	1248.20
536.92	1234.60
537.13	1242.75
537.33	1237.73
537.53	1247.07
537.74	1235.87
537.94	1246.82
538.14	1238.24
538.34	1241.46
538.55	1236.05
538.75	1249.75
538.95	1246.35
539.16	1236.79
539.36	1240.07
539.56	1243.26
539.77	1239.29
539.97	1249.65
540.17	1239.80
540.37	1244.61
540.58	1242.48
540.78	1250.53
540.98	1239.23
541.19	1245.08
541.39	1238.51
541.59	1252.70
541.79	1241.99
542.00	1249.24
542.20	1244.53
542.40	1248.97
542.60	1237.51
542.81	1252.17
543.01	1236.67
543.21	1235.54
543.42	1234.58
543.62	1249.36
543.82	1244.20
544.02	1246.13
544.23	1246.21
544.43	1247.38
544.63	1240.21
544.83	1250.00
545.04	1250.33
545.24	1253.13
545.44	1245.19
545.64	1252.78
545.85	1244.08
546.05	1252.23
546.25	1251.08
546.45	1254.48
546.66	1248.05
546.86	1260.98
547.06	1257.47
547.27	1261.16
547.47	1258.29
547.67	1270.60
547.87	1265.44
548.07	1266.03
548.28	1271.38
548.48	1290.57
548.68	1281.78
548.88	1303.00
549.09	1309.35
549.29	1314.63
549.49	1344.98
549.69	1372.00
549.90	1394.40
550.10	1435.81
550.30	1452.24
550.50	1481.17
550.71	1508.29
550.91	1542.96
551.11	1564.93
551.31	1615.95
551.51	1636.27
551.72	1682.86
551.92	1726.62
552.12	1784.72
552.32	1859.19
552.53	1963.78
552.73	2097.90
552.93	2293.29
553.13	2564.26
553.33	2899.64
553.54	3343.92
553.74	3817.64
553.94	4318.72
554.14	4846.72
554.35	5312.98
554.55	5658.72
554.75	6043.31
554.95	6299.65
555.15	6496.38
555.36	6651.88
555.56	6790.41
555.76	6880.17
555.96	6961.89
556.16	6973.13
556.37	7029.35
556.57	7003.93
556.77	7042.21
556.97	7100.66
557.17	7043.48
557.38	7105.24
557.58	7097.60
557.78	7146.82
557.98	7089.35
558.18	7120.52
558.38	7044.58
558.59	7001.31
558.79	6889.57
558.99	6725.88
559.19	6449.69
559.39	6141.67
559.60	5775.85
559.80	5363.67
560.00	4971.96
560.20	4595.36
560.40	4209.62
560.60	3874.49
560.81	3650.75
561.01	3444.62
561.21	3272.10
561.41	3157.46
561.61	3029.03
561.81	2937.79
562.02	2841.31
562.22	2778.13
562.42	2685.34
562.62	2633.95
562.82	2570.75
563.02	2503.85
563.23	2445.01
563.43	2399.54
563.63	2353.38
563.83	2317.65
564.03	2289.75
564.23	2222.80
564.43	2198.92
564.64	2166.42
564.84	2125.30
565.04	2097.98
565.24	2053.31
565.44	2021.35
565.64	1980.06
565.85	1961.34
566.05	1918.62
566.25	1890.95
566.45	1869.49
566.65	1849.73
566.85	1820.50
567.05	1803.42
567.25	1769.63
567.46	1765.80
567.66	1737.95
567.86	1735.28
568.06	1712.88
568.26	1709.60
568.46	1683.06
568.66	1686.05
568.86	1672.25
569.07	1682.47
569.27	1671.16
569.47	1670.98
569.67	1671.16
569.87	1692.22
570.07	1709.21
570.27	1747.92
570.47	1807.23
570.68	1898.04
570.88	1989.58
571.08	2122.00
571.28	2231.45
571.48	2360.22
571.68	2442.71
571.88	2528.93
572.08	2584.13
572.28	2627.09
572.49	2605.49
572.69	2638.13
572.89	2602.74
573.09	2575.65
573.29	2520.09
573.49	2471.71
573.69	2391.54
573.89	2343.78
574.09	2249.69
574.29	2179.74
574.50	2090.51
574.70	2016.27
574.90	1931.83
575.10	1845.88
575.30	1783.00
575.50	1711.90
575.70	1654.66
575.90	1610.75
576.10	1558.93
576.30	1540.30
576.50	1512.30
576.70	1514.04
576.91	1496.16
577.11	1491.19
577.31	1485.25
577.51	1488.34
577.71	1474.44
577.91	1469.42
578.11	1460.78
578.31	1455.14
578.51	1427.48
578.71	1401.45
578.91	1364.95
579.11	1342.71
579.31	1299.89
579.51	1279.18
579.71	1264.40
579.92	1261.79
580.12	1248.75
580.32	1259.15
580.52	1250.49
580.72	1249.83
580.92	1248.99
581.12	1246.82
581.32	1244.76
581.52	1251.41
581.72	1235.89
581.92	1246.93
582.12	1240.56
582.32	1241.54
582.52	1241.66
582.72	1242.67
582.92	1236.79
583.12	1240.70
583.32	1232.94
583.52	1243.22
583.72	1225.85
583.92	1239.49
584.12	1228.17
584.33	1238.24
584.53	1231.38
584.73	1236.17
584.93	1225.20
585.13	1231.03
585.33	1226.88
585.53	1235.62
585.73	1227.00
585.93	1232.53
586.13	1225.73
586.33	1226.12
586.53	1229.27
586.73	1230.93
586.93	1217.93
587.13	1232.67
587.33	1224.56
587.53	1220.38
587.73	1216.49
587.93	1223.25
588.13	1220.02
588.33	1215.02
588.53	1210.04
588.73	1216.23
588.93	1212.64
589.13	1228.21
589.33	1212.19
589.53	1224.17
589.73	1214.96
589.93	1219.20
590.13	1216.27
590.33	1218.38
590.53	1212.17
590.73	1215.26
590.93	1206.32
591.13	1220.81
591.33	1213.89
591.53	1220.45
591.73	1209.80
591.93	1212.70
592.13	1206.64
592.33	1216.78
592.53	1210.72
592.73	1217.13
592.93	1208.98
593.13	1213.36
593.33	1211.72
593.53	1212.95
593.73	1214.30
593.93	1213.91
594.13	1209.80
594.33	1212.21
594.53	1212.44
594.73	1212.79
594.92	1199.41
595.12	1211.56
595.32	1209.55
595.52	1208.83
595.72	1210.41
595.92	1214.69
596.12	1208.34
596.32	1215.29
596.52	1207.67
596.72	1215.26
596.92	1209.24
597.12	1212.36
597.32	1209.55
597.52	1208.75
597.72	1209.45
597.92	1215.61
598.12	1208.49
598.32	1209.37
598.52	1212.42
598.72	1212.93
598.92	1210.00
599.12	1217.11
599.31	1213.13
599.51	1217.29
599.71	1205.86
599.91	1216.62
600.11	1212.64
600.31	1211.87
600.51	1199.78
600.71	1206.17
600.91	1209.37
601.11	1219.85
601.31	1212.54
601.51	1211.50
601.71	1212.58
601.91	1207.65
602.10	1210.17
602.30	1218.01
602.50	1205.82
602.70	1211.31
602.90	1209.35
603.10	1218.79
603.30	1202.59
603.50	1211.46
603.70	1206.36
603.90	1207.22
604.10	1205.17
604.30	1204.23
604.49	1209.47
604.69	1209.26
604.89	1206.46
605.09	1218.17
605.29	1207.56
605.49	1210.76
605.69	1206.42
605.89	1211.00
606.09	1203.57
606.29	1198.86
606.48	1199.84
606.68	1216.25
606.88	1195.38
607.08	1209.26
607.28	1200.56
607.48	1203.32
607.68	1202.89
607.88	1204.23
608.08	1194.97
608.27	1205.88
608.47	1201.89
608.67	1205.07
608.87	1200.77
609.07	1207.65
609.27	1200.09
609.47	1205.82
609.67	1196.77
609.87	1208.01
610.06	1195.91
610.26	1210.53
610.46	1204.68
610.66	1198.16
610.86	1203.51
611.06	1209.71
611.26	1201.03
611.45	1206.70
611.65	1200.40
611.85	1199.80
612.05	1197.61
612.25	1205.00
612.45	1197.43
612.65	1207.05
612.84	1199.93
613.04	1210.78
613.24	1195.67
613.44	1206.13
613.64	1195.01
613.84	1203.86
614.04	1204.08
614.23	1204.04
614.43	1200.29
614.63	1199.58
614.83	1198.21
615.03	1206.11
615.23	1198.76
615.42	1203.20
615.62	1200.01
615.82	1197.73
616.02	1200.81
616.22	1210.57
616.42	1203.02
616.61	1203.14
616.81	1200.60
617.01	1211.82
617.21	1192.53
617.41	1206.19
617.61	1194.11
617.80	1205.66
618.00	1200.44
618.20	1207.30
618.40	1200.03
618.60	1203.26
618.80	1197.69
618.99	1199.68
619.19	1192.61
619.39	1204.82
619.59	1200.68
619.79	1210.19
619.98	1192.90
620.18	1202.94
620.38	1197.12
620.58	1206.68
620.78	1188.01
620.97	1206.07
621.17	1205.80
621.37	1208.90
621.57	1198.94
621.77	1205.05
621.96	1195.30
622.16	1201.87
622.36	1200.11
622.56	1194.64
622.76	1191.45
622.95	1201.44
623.15	1197.92
623.35	1207.69
623.55	1201.15
623.75	1205.35
623.94	1200.66
624.14	1207.07
624.34	1201.85
624.54	1203.94
624.73	1197.80
624.93	1208.94
625.13	1199.21
625.33	1207.97
625.53	1200.01
625.72	1209.31
625.92	1203.67
626.12	1206.97
626.32	1188.72
626.51	1210.92
626.71	1201.03
626.91	1217.07
627.11	1200.25
627.30	1202.49
627.50	1195.19
627.70	1210.43
627.90	1194.48
628.10	1195.40
628.29	1204.92
628.49	1205.93
628.69	1197.71
628.89	1203.49
629.08	1198.25
629.28	1198.88
629.48	1200.93
629.68	1206.25
629.87	1201.89
630.07	1202.51
630.27	1194.50
630.47	1206.46
630.66	1196.98
630.86	1205.33
631.06	1202.79
631.25	1202.51
631.45	1201.56
631.65	1207.03
631.85	1195.99
632.04	1206.70
632.24	1190.01
632.44	1211.58
632.64	1194.19
632.83	1200.27
633.03	1197.34
633.23	1201.17
633.42	1196.40
633.62	1200.23
633.82	1200.31
634.02	1201.01
634.21	1201.58
634.41	1207.34
634.61	1200.52
634.81	1204.78
635.00	1194.03
635.20	1213.18
635.40	1201.40
635.59	1202.55
635.79	1195.01
635.99	1203.12
636.18	1195.19
636.38	1209.26
636.58	1197.78
636.78	1205.93
636.97	1196.28
637.17	1208.59
637.37	1200.25
637.56	1199.41
637.76	1198.47
637.96	1198.96
638.15	1203.30
638.35	1203.00
638.55	1195.38
638.74	1203.98
638.94	1200.29
639.14	1203.90
639.34	1199.86
639.53	1204.92
639.73	1200.31
639.93	1198.10
640.12	1199.13
640.32	1207.87
640.52	1197.20
640.71	1203.00
640.91	1198.00
641.11	1201.40
641.30	1191.82
641.50	1199.97
641.70	1196.65
641.89	1205.95
642.09	1202.36
642.29	1204.98
642.48	1204.04
642.68	1196.87
642.88	1198.51
643.07	1207.89
643.27	1200.79
643.47	1205.72
643.66	1204.23
643.86	1201.71
644.06	1200.40
644.25	1208.42
644.45	1204.12
644.65	1199.97
644.84	1200.83
645.04	1206.29
645.23	1198.76
645.43	1199.82
645.63	1203.65
645.82	1200.48
646.02	1203.45
646.22	1202.34
646.41	1203.55
646.61	1206.19
646.81	1193.23
647.00	1202.12
647.20	1204.72
647.39	1193.43
647.59	1197.22
647.79	1201.60
647.98	1194.99
648.18	1204.33
648.38	1199.25
648.57	1204.76
648.77	1195.95
648.96	1198.90
649.16	1197.82
649.36	1200.68
649.55	1192.63
649.75	1198.61
649.95	1193.29
650.14	1196.53
650.34	1198.57
650.53	1206.66
650.73	1190.87
650.93	1201.48
651.12	1201.03
651.32	1207.26
651.51	1195.22
651.71	1201.73
651.91	1201.28
652.10	1200.85
652.30	1202.40
652.49	1207.77
652.69	1202.24
652.89	1209.31
653.08	1201.07
653.28	1193.62
653.47	1205.05
653.67	1202.87
653.86	1194.27
654.06	1200.33
654.26	1197.06
654.45	1201.05
654.65	1192.72
654.84	1205.86
655.04	1196.63
655.24	1208.69
655.43	1195.95
655.63	1207.79
655.82	1196.10
656.02	1199.33
656.21	1205.09
656.41	1207.40
656.61	1200.23
656.80	1203.88
657.00	1197.51
657.19	1208.57
657.39	1193.04
657.58	1198.64
657.78	1196.34
657.97	1200.77
658.17	1194.60
658.37	1203.76
658.56	1201.58
658.76	1206.46
658.95	1198.74
659.15	1207.32
659.34	1200.42
659.54	1206.01
659.73	1197.96
659.93	1206.34
660.13	1195.95
660.32	1207.87
660.52	1195.83
660.71	1210.04
660.91	1200.03
661.10	1206.83
661.30	1197.08
661.49	1200.46
661.69	1194.31
661.88	1206.77
662.08	1198.43
662.27	1204.47
662.47	1197.84
662.66	1203.51
662.86	1205.39
663.06	1204.96
663.25	1195.52
663.45	1201.83
663.64	1192.02
663.84	1208.38
664.03	1199.07
664.23	1205.13
664.42	1200.05
664.62	1195.34
664.81	1199.56
665.01	1204.27
665.20	1194.91
665.40	1206.05
665.59	1197.96
665.79	1198.29
665.98	1202.06
666.18	1204.12
666.37	1190.42
666.57	1199.70
666.76	1195.07
666.96	1197.98
667.15	1188.01
667.35	1204.74
667.54	1204.10
667.74	1207.13
667.93	1197.24
668.13	1204.72
668.32	1203.10
668.52	1204.62
668.71	1197.10
668.91	1212.23
669.10	1201.36
669.30	1210.29
669.49	1196.59
669.68	1209.47
669.88	1197.02
670.07	1199.50
670.27	1196.38
670.46	1192.41
670.66	1196.42
670.85	1204.55
671.05	1199.86
671.24	1201.83
671.44	1196.24
671.63	1201.85
671.83	1197.34
672.02	1207.89
672.22	1191.28
672.41	1200.87
672.60	1193.62
672.80	1202.65
672.99	1199.80
673.19	1200.66
673.38	1197.67
673.58	1210.68
673.77	1200.58
673.97	1208.63
674.16	1192.59
674.36	1210.90
674.55	1193.49
674.74	1200.87
674.94	1200.38
675.13	1199.80
675.33	1197.90
675.52	1201.05
675.72	1196.87
675.91	1204.53
676.10	1192.35
676.30	1198.53
676.49	1194.87
676.69	1206.77
676.88	1198.00
677.08	1205.68
677.27	1197.51
677.46	1203.80
677.66	1195.73
677.85	1208.79
678.05	1200.07
678.24	1200.52
678.44	1195.87
678.63	1203.35
678.82	1191.84
679.02	1203.14
679.21	1191.71
679.41	1201.67
679.60	1197.34
679.79	1194.85
679.99	1193.95
680.18	1205.15
680.38	1197.24
680.57	1202.81
680.76	1196.96
680.96	1204.51
681.15	1194.81
681.35	1205.91
681.54	1196.51
681.73	1200.77
681.93	1200.87
682.12	1205.29
682.32	1195.97
682.51	1204.94
682.70	1198.96
682.90	1204.41
683.09	1197.24
683.29	1207.05
683.48	1188.89
683.67	1206.62
683.87	1199.15
684.06	1209.22
684.25	1198.92
684.45	1207.81
684.64	1200.68
684.84	1203.10
685.03	1198.47
685.22	1201.54
685.42	1197.00
685.61	1202.85
685.80	1196.53
686.00	1204.45
686.19	1195.77
686.38	1207.93
686.58	1199.47
686.77	1201.52
686.96	1198.53
687.16	1207.01
687.35	1198.78
687.55	1204.98
687.74	1195.46
687.93	1209.06
688.13	1200.27
688.32	1197.82
688.51	1197.69
688.71	1206.85
688.90	1201.20
689.09	1204.78
689.29	1194.72
689.48	1199.15
689.67	1195.81
689.87	1206.11
690.06	1200.85
690.25	1201.13
690.45	1196.57
690.64	1202.49
690.83	1195.77
691.03	1204.02
691.22	1196.89
691.41	1201.09
691.61	1199.25
691.80	1201.87
691.99	1188.95
692.19	1205.93
692.38	1195.36
692.57	1209.59
692.76	1198.78
692.96	1202.24
693.15	1198.27
693.34	1196.61
693.54	1199.33
693.73	1208.63
693.92	1204.68
694.12	1208.44
694.31	1194.83
694.50	1201.77
694.70	1194.95
694.89	1203.86
695.08	1195.46
695.27	1201.38
695.47	1196.69
695.66	1202.85
695.85	1199.70
696.05	1204.86
696.24	1194.68
696.43	1196.24
696.62	1198.25
696.82	1209.14
697.01	1199.64
697.20	1201.17
697.40	1201.42
697.59	1205.76
697.78	1197.53
697.97	1202.18
698.17	1204.16
698.36	1203.39
698.55	1196.85
698.74	1208.67
698.94	1197.47
699.13	1203.73
699.32	1200.05
699.52	1200.74
699.71	1201.77
699.90	1202.08
700.09	1188.76
700.29	1203.39
700.48	1197.49
700.67	1207.15
700.86	1191.06
701.06	1208.98
701.25	1204.14
701.44	1204.31
701.63	1203.98
701.83	1209.80
702.02	1197.34
702.21	1208.01
702.40	1196.96
702.60	1209.04
702.79	1199.45
702.98	1196.59
703.17	1196.34
703.37	1204.47
703.56	1192.86
703.75	1203.32
703.94	1192.39
704.13	1201.26
704.33	1198.43
704.52	1201.71
704.71	1194.11
704.90	1188.95
705.10	1194.23
705.29	1205.27
705.48	1189.89
705.67	1203.59
705.86	1200.21
706.06	1209.80
706.25	1198.12
706.44	1202.73
706.63	1195.38
706.83	1202.53
707.02	1193.06
707.21	1203.26
707.40	1197.18
707.59	1203.67
707.79	1198.80
707.98	1203.45
708.17	1203.78
708.36	1210.88
708.55	1197.39
708.75	1204.39
708.94	1190.91
709.13	1207.79
709.32	1197.26
709.51	1202.55
709.71	1204.57
709.90	1207.89
710.09	1190.85
710.28	1207.05
710.47	1200.52
710.66	1203.43
710.86	1194.01
711.05	1203.22
711.24	1199.60
711.43	1204.49
711.62	1193.41
711.82	1200.13
712.01	1203.76
712.20	1201.34
712.39	1202.14
712.58	1203.16
712.77	1194.68
712.97	1204.70
713.16	1199.66
713.35	1199.56
713.54	1196.08
713.73	1202.59
713.92	1195.65
714.11	1204.51
714.31	1193.60
714.50	1205.70
714.69	1198.27
714.88	1206.34
715.07	1193.04
715.26	1199.90
715.46	1196.14
715.65	1202.71
715.84	1198.21
716.03	1205.72
716.22	1200.68
716.41	1199.29
716.60	1204.10
716.80	1208.96
716.99	1199.31
717.18	1208.44
717.37	1196.71
717.56	1201.03
717.75	1200.81
717.94	1209.12
718.13	1196.26
718.33	1204.00
718.52	1197.94
718.71	1203.55
718.90	1199.02
719.09	1202.51
719.28	1193.37
719.47	1208.40
719.66	1199.52
719.85	1207.22
720.05	1199.54
720.24	1200.79
720.43	1198.39
720.62	1198.06
720.81	1201.40
721.00	1205.58
721.19	1202.92
721.38	1201.99
721.57	1194.21
721.77	1203.78
721.96	1202.30
722.15	1203.20
722.34	1193.92
722.53	1206.97
722.72	1195.95
722.91	1200.81
723.10	1197.24
723.29	1210.57
723.48	1193.49
723.67	1206.89
723.87	1200.17
724.06	1204.76
724.25	1197.24
724.44	1203.90
724.63	1202.59
724.82	1201.09
725.01	1193.97
725.20	1203.96
725.39	1198.23
725.58	1199.80
725.77	1196.05
725.96	1204.66
726.15	1200.07
726.34	1209.18
726.54	1197.45
726.73	1201.36
726.92	1194.05
727.11	1208.67
727.30	1203.49
727.49	1206.36
727.68	1195.56
727.87	1201.99
728.06	1200.62
728.25	1207.03
728.44	1190.50
728.63	1207.28
728.82	1199.37
729.01	1196.96
729.20	1197.34
729.39	1205.13
729.58	1193.43
729.77	1207.75
729.96	1202.44
730.15	1208.01
730.34	1196.94
730.53	1199.60
730.73	1205.25
730.92	1201.20
731.11	1198.86
731.30	1201.09
731.49	1203.82
731.68	1194.60
731.87	1201.24
732.06	1202.63
732.25	1203.26
732.44	1202.36
732.63	1198.45
732.82	1206.97
733.01	1202.42
733.20	1200.77
733.39	1196.05
733.58	1205.93
733.77	1200.19
733.96	1207.20
734.15	1206.70
734.34	1206.29
734.53	1199.25
734.72	1202.32
734.91	1196.22
735.10	1198.29
735.29	1195.99
735.48	1199.50
735.67	1195.97
735.86	1202.53
736.05	1191.92
736.24	1209.37
736.43	1195.87
736.62	1200.33
736.81	1193.62
737.00	1215.20
737.19	1198.39
737.38	1201.81
737.57	1200.70
737.76	1201.01
737.95	1196.44
738.14	1206.25
738.33	1195.67
738.51	1205.88
738.70	1202.89
738.89	1203.63
739.08	1191.20
739.27	1203.47
739.46	1194.74
739.65	1201.52
739.84	1198.51
740.03	1206.01
740.22	1199.93
740.41	1200.50
740.60	1194.31
740.79	1206.23
740.98	1198.31
741.17	1205.66
741.36	1199.07
741.55	1198.53
741.74	1199.31
741.93	1207.54
742.12	1196.96
742.31	1201.77
742.50	1198.12
742.68	1198.61
742.87	1201.60
743.06	1204.82
743.25	1196.16
743.44	1200.60
743.63	1198.66
743.82	1203.78
744.01	1198.27
744.20	1202.65
744.39	1204.02
744.58	1202.32
744.77	1194.89
744.96	1199.68
745.14	1198.35
745.33	1200.23
745.52	1201.99
745.71	1206.75
745.90	1195.01
746.09	1195.81
746.28	1198.18
746.47	1205.80
746.66	1189.73
746.85	1200.03
747.04	1197.59
747.22	1205.00
747.41	1197.94
747.60	1208.73
747.79	1193.56
747.98	1204.84
748.17	1206.66
748.36	1204.19
748.55	1193.74
748.74	1204.47
748.93	1192.61
749.11	1202.65
749.30	1198.23
749.49	1200.09
749.68	1194.31
749.87	1199.82
750.06	1198.10
750.25	1209.04
750.44	1197.45
750.62	1201.81
750.81	1187.51
751.00	1204.74
751.19	1197.82
751.38	1209.08
751.57	1191.53
751.76	1202.55
751.95	1192.86
752.13	1201.48
752.32	1196.22
752.51	1201.48
752.70	1195.75
752.89	1205.23
753.08	1199.82
753.27	1204.53
753.45	1191.84
753.64	1201.81
753.83	1199.60
754.02	1205.17
754.21	1197.32
754.40	1196.57
754.58	1195.56
754.77	1203.30
754.96	1196.16
755.15	1196.53
755.34	1199.50
755.53	1209.47
755.71	1199.11
755.90	1197.00
756.09	1194.89
756.28	1204.55
756.47	1185.77
756.66	1201.52
756.84	1199.97
757.03	1202.06
757.22	1195.34
757.41	1206.60
757.60	1199.68
757.79	1211.76
757.97	1196.79
758.16	1200.70
758.35	1200.07
758.54	1210.90
758.73	1196.89
758.91	1206.11
759.10	1199.58
759.29	1199.25
759.48	1198.41
759.67	1200.42
759.85	1198.10
760.04	1205.70
760.23	1202.69
760.42	1204.10
760.61	1194.95
760.79	1199.23
760.98	1198.25
761.17	1204.41
761.36	1200.23
761.55	1198.72
761.73	1196.30
761.92	1202.10
762.11	1197.08
762.30	1210.29
762.49	1200.03
762.67	1200.81
762.86	1203.02
763.05	1202.77
763.24	1197.26
763.42	1200.85
763.61	1199.00
763.80	1205.11
763.99	1192.70
764.17	1199.43
764.36	1194.25
764.55	1206.40
764.74	1193.56
764.92	1208.44
765.11	1199.29
765.30	1205.48
765.49	1189.48
765.68	1201.15
765.86	1194.99
766.05	1206.50
766.24	1192.53
766.43	1195.15
766.61	1198.74
766.80	1208.98
766.99	1195.87
767.17	1204.31
767.36	1193.58
767.55	1198.96
767.74	1195.26
767.92	1207.89
768.11	1200.72
768.30	1202.92
768.49	1200.56
768.67	1200.31
768.86	1196.44
769.05	1196.20
769.24	1197.30
769.42	1197.28
769.61	1199.74
769.80	1200.85
769.98	1197.49
770.17	1202.87
770.36	1200.83
770.55	1202.16
770.73	1195.65
770.92	1195.95
771.11	1198.10
771.29	1203.16
771.48	1195.40
771.67	1200.40
771.86	1197.14
772.04	1198.47
772.23	1196.24
772.42	1198.68
772.60	1192.06
772.79	1208.61
772.98	1196.18
773.16	1199.11
773.35	1190.57
773.54	1207.20
773.72	1200.23
773.91	1204.08
774.10	1198.45
774.29	1205.05
774.47	1195.30
774.66	1201.69
774.85	1200.25
775.03	1205.76
775.22	1197.43
775.41	1208.53
775.59	1198.37
775.78	1199.95
775.97	1195.24
776.15	1199.84
776.34	1205.19
776.53	1210.41
776.71	1190.16
776.90	1197.10
777.09	1197.98
777.27	1206.11
777.46	1198.33
777.65	1203.26
777.83	1197.26
778.02	1199.74
778.21	1194.81
778.39	1202.69
778.58	1191.75
778.76	1203.10
778.95	1199.11
779.14	1203.61
779.32	1201.07
779.51	1204.47
779.70	1193.58
779.88	1204.14
780.07	1203.12
780.26	1200.40
780.44	1194.70
780.63	1198.06
780.81	1195.73
781.00	1204.84
781.19	1207.28
781.37	1201.40
781.56	1196.20
781.75	1203.22
781.93	1191.73
782.12	1204.33
782.30	1204.02
782.49	1203.49
782.68	1198.10
782.86	1201.99
783.05	1195.89
783.23	1199.39
783.42	1195.15
783.61	1199.80
783.79	1198.92
783.98	1197.47
784.16	1192.33
784.35	1202.42
784.54	1195.79
784.72	1205.58
784.91	1189.36
785.09	1199.97
785.28	1197.02
785.47	1197.10
785.65	1198.29
785.84	1202.77
786.02	1201.09
786.21	1206.60
786.40	1200.52
786.58	1202.26
786.77	1196.69
786.95	1197.41
787.14	1200.52
787.32	1207.91
787.51	1200.58
787.70	1201.22
787.88	1201.91
788.07	1206.09
788.25	1200.58
788.44	1198.04
788.62	1202.38
788.81	1205.80
789.00	1196.12
789.18	1203.80
789.37	1194.48
789.55	1202.49
789.74	1195.07
789.92	1203.59
790.11	1189.95
790.29	1200.11
790.48	1196.69
790.67	1202.75
790.85	1204.19
791.04	1205.39
791.22	1195.69
791.41	1199.97
791.59	1188.42
791.78	1203.32
791.96	1190.32
792.15	1198.06
792.33	1189.15
792.52	1207.65
792.70	1200.36
792.89	1198.02
793.07	1195.93
793.26	1208.53
793.45	1197.04
793.63	1202.03
793.82	1199.07
794.00	1206.36
794.19	1194.46
794.37	1200.15
794.56	1195.11
794.74	1196.65
794.93	1198.12
795.11	1199.97
795.30	1195.99
795.48	1202.06
795.67	1193.52
795.85	1199.50
796.04	1195.26
796.22	1203.32
796.41	1199.11
796.59	1200.33
796.78	1197.47
796.96	1201.60
797.15	1199.56
797.33	1204.90
797.52	1197.69
797.70	1202.20
797.89	1189.81
798.07	1201.99
798.26	1197.65
798.44	1199.31
798.63	1202.61
798.81	1204.04
798.99	1200.79
799.18	1203.14
799.36	1204.49
799.55	1199.47
799.73	1201.83
799.92	1205.17
800.10	1196.63
800.29	1199.21
800.47	1194.81
800.66	1201.01
800.84	1196.46
801.03	1208.92
801.21	1202.22
801.39	1204.23
801.58	1194.93
801.76	1200.27
801.95	1195.93
802.13	1197.80
802.32	1190.73
802.50	1205.99
802.69	1194.31
802.87	1202.10
803.06	1200.31
803.24	1202.49
803.42	1193.60
803.61	1208.42
803.79	1198.72
803.98	1201.93
804.16	1193.41
804.35	1200.23
804.53	1199.41
804.71	1200.54
804.90	1193.58
805.08	1203.84
805.27	1197.63
805.45	1204.31
805.63	1192.23
805.82	1202.44
806.00	1197.16
806.19	1205.54
806.37	1201.13
806.56	1201.42
806.74	1199.27
806.92	1201.01
807.11	1200.77
807.29	1202.55
807.48	1196.20
807.66	1200.15
807.84	1200.11
808.03	1200.36
808.21	1196.61
808.40	1206.75
808.58	1195.19
808.76	1208.65
808.95	1198.41
809.13	1197.49
809.32	1194.50
809.50	1206.50
809.68	1198.94
809.87	1201.20
810.05	1196.48
810.23	1204.39
810.42	1196.26
810.60	1204.76
810.79	1196.87
810.97	1202.67
811.15	1189.62
811.34	1206.50
811.52	1194.89
811.70	1205.27
811.89	1189.54
812.07	1201.71
812.25	1196.67
812.44	1198.16
812.62	1196.94
812.81	1199.04
812.99	1200.11
813.17	1195.67
813.36	1196.73
813.54	1203.80
813.72	1196.20
813.91	1206.44
814.09	1195.15
814.27	1200.25
814.46	1186.47
814.64	1200.77
814.82	1200.31
815.01	1201.65
815.19	1197.39
815.37	1203.59
815.56	1203.35
815.74	1202.44
815.92	1193.52
816.11	1206.13
816.29	1192.70
816.47	1202.24
816.66	1194.74
816.84	1206.09
817.02	1193.78
817.21	1202.75
817.39	1196.26
817.57	1205.33
817.76	1195.81
817.94	1204.86
818.12	1207.44
818.30	1195.77
818.49	1193.70
818.67	1201.34
818.85	1202.44
819.04	1199.86
819.22	1195.42
819.40	1204.14
819.59	1195.95
819.77	1206.64
819.95	1197.08
820.13	1201.17
820.32	1189.58
820.50	1197.28
820.68	1202.44
820.87	1202.67
821.05	1199.95
821.23	1203.06
821.41	1195.50
821.60	1209.24
821.78	1197.57
821.96	1204.49
822.14	1195.93
822.33	1203.86
822.51	1192.76
822.69	1203.45
822.88	1198.47
823.06	1198.51
823.24	1193.76
823.42	1202.20
823.61	1195.56
823.79	1204.41
823.97	1193.54
824.15	1205.31
824.34	1193.25
824.52	1205.76
824.70	1187.80
824.88	1200.54
825.07	1198.98
825.25	1201.42
825.43	1185.30
825.61	1201.54
825.80	1195.87
825.98	1201.58
826.16	1197.53
826.34	1198.18
826.53	1192.68
826.71	1206.09
826.89	1198.68
827.07	1202.24
827.25	1201.83
827.44	1201.91
827.62	1199.88
827.80	1201.67
827.98	1194.03
828.17	1204.27
828.35	1190.32
828.53	1205.58
828.71	1193.49
828.89	1199.76
829.08	1194.89
829.26	1206.54
829.44	1194.19
829.62	1204.57
829.80	1200.15
829.99	1201.46
830.17	1198.39
830.35	1198.47
830.53	1193.60
830.71	1201.17
830.90	1204.82
831.08	1196.89
831.26	1192.55
831.44	1202.34
831.62	1193.13
831.81	1206.81
831.99	1198.16
832.17	1207.93
832.35	1194.72
832.53	1202.10
832.71	1199.11
832.90	1198.14
833.08	1195.48
833.26	1205.07
833.44	1194.78
833.62	1201.07
833.81	1196.61
833.99	1200.77
834.17	1195.11
834.35	1205.54
834.53	1192.20
834.71	1203.30
834.89	1198.66
835.08	1205.25
835.26	1195.03
835.44	1208.77
835.62	1199.99
835.80	1198.57
835.98	1201.42
836.17	1207.03
836.35	1194.52
836.53	1199.64
836.71	1198.80
836.89	1196.55
837.07	1194.42
837.25	1203.98
837.44	1199.07
837.62	1198.35
837.80	1199.88
837.98	1207.26
838.16	1196.42
838.34	1201.89
838.52	1198.70
838.70	1210.43
838.89	1197.92
839.07	1209.82
839.25	1196.03
839.43	1207.46
839.61	1195.77
839.79	1202.14
839.97	1199.39
840.15	1208.14
840.33	1194.58
840.52	1204.23
840.70	1199.74
840.88	1201.28
841.06	1191.20
841.24	1199.13
841.42	1199.45
841.60	1206.27
841.78	1202.03
841.96	1198.51
842.14	1197.61
842.33	1199.60
842.51	1203.08
842.69	1197.47
842.87	1194.38
843.05	1198.41
843.23	1193.80
843.41	1199.99
843.59	1203.18
843.77	1201.26
843.95	1194.97
844.13	1204.35
844.31	1196.77
844.49	1200.60
844.68	1194.05
844.86	1198.51
845.04	1189.83
845.22	1196.42
845.40	1206.56
845.58	1200.70
845.76	1184.93
845.94	1203.96
846.12	1199.80
846.30	1203.26
846.48	1194.05
846.66	1205.00
846.84	1194.95
847.02	1202.42
847.20	1199.39
847.38	1201.42
847.56	1191.08
847.74	1203.22
847.92	1196.71
848.11	1208.59
848.29	1197.10
848.47	1207.69
848.65	1193.47
848.83	1206.48
849.01	1194.40
849.19	1204.02
849.37	1196.57
849.55	1195.56
849.73	1196.91
849.91	1197.34
850.09	1202.22
850.27	1202.49
850.45	1201.22
850.63	1201.54
850.81	1193.11
850.99	1201.20
851.17	1203.28
851.35	1198.00
851.53	1202.94
851.71	1198.06
851.89	1196.08
852.07	1199.25
852.25	1202.96
852.43	1202.22
852.61	1196.05
852.79	1205.19
852.97	1193.39
853.15	1197.10
853.33	1197.80
853.51	1211.29
853.69	1199.60
853.87	1205.66
854.05	1197.65
854.23	1202.28
854.41	1203.90
854.59	1202.08
854.77	1195.73
854.95	1203.98
855.13	1195.17
855.31	1204.80
855.49	1192.12
855.67	1205.11
855.84	1197.88
856.02	1205.39
856.20	1197.34
856.38	1207.75
856.56	1196.59
856.74	1203.18
856.92	1203.67
857.10	1201.71
857.28	1200.83
857.46	1206.38
857.64	1197.41
857.82	1207.81
858.00	1184.57
858.18	1196.85
858.36	1192.98
858.54	1207.48
858.72	1188.05
858.90	1204.04
859.08	1195.99
859.25	1202.73
859.43	1191.24
859.61	1200.95
859.79	1194.95
859.97	1204.06
860.15	1195.54
860.33	1202.67
860.51	1197.73
860.69	1201.77
860.87	1199.56
861.05	1200.25
861.23	1197.55
861.41	1201.26
861.58	1197.30
861.76	1202.49
861.94	1196.08
862.12	1201.93
862.30	1203.80
862.48	1204.29
862.66	1192.02
862.84	1201.13
863.02	1203.67
863.20	1191.26
863.37	1194.78
863.55	1202.89
863.73	1197.94
863.91	1200.56
864.09	1197.00
864.27	1200.48
864.45	1203.41
864.63	1201.93
864.80	1196.94
864.98	1202.42
865.16	1197.53
865.34	1207.36
865.52	1196.94
865.70	1196.65
865.88	1195.60
866.06	1205.33
866.23	1196.53
866.41	1194.07
866.59	1195.44
866.77	1201.11
866.95	1203.12
867.13	1202.92
867.31	1200.25
867.48	1201.97
867.66	1193.78
867.84	1200.87
868.02	1190.10
868.20	1204.31
868.38	1197.41
868.56	1200.42
868.73	1192.39
868.91	1203.37
869.09	1197.39
869.27	1205.11
869.45	1199.60
869.63	1201.36
869.80	1192.72
869.98	1196.89
870.16	1201.13
870.34	1193.92
870.52	1198.84
870.70	1199.58
870.87	1197.73
871.05	1205.66
871.23	1198.14
871.41	1203.76
871.59	1195.22
871.76	1202.42
871.94	1195.38
872.12	1204.70
872.30	1193.37
872.48	1205.80
872.65	1200.15
872.83	1203.82
873.01	1196.16
873.19	1201.36
873.37	1202.08
873.54	1198.18
873.72	1188.97
873.90	1200.46
874.08	1196.03
874.26	1194.29
874.43	1199.95
874.61	1201.58
874.79	1196.94
874.97	1204.23
875.15	1194.83
875.32	1198.08
875.50	1201.09
875.68	1211.23
875.86	1190.46
876.03	1200.46
876.21	1201.87
876.39	1206.95
876.57	1199.35
876.74	1206.95
876.92	1204.66
877.10	1201.07
877.28	1193.21
877.45	1196.51
877.63	1195.13
877.81	1202.20
877.99	1195.79
878.17	1207.52
878.34	1195.32
878.52	1201.95
878.70	1199.15
878.87	1197.69
879.05	1199.11
879.23	1201.79
879.41	1201.11
879.58	1202.96
879.76	1192.29
879.94	1208.26
880.12	1199.00
880.29	1203.28
880.47	1197.94
880.65	1209.69
880.83	1193.95
881.00	1203.20
881.18	1194.31
881.36	1204.37
881.53	1201.17
881.71	1201.75
881.89	1200.09
882.07	1207.46
882.24	1193.29
882.42	1196.12
882.60	1200.91
882.77	1205.25
882.95	1195.99
883.13	1196.08
883.30	1195.30
883.48	1202.22
883.66	1196.67
883.84	1200.64
884.01	1200.79
884.19	1204.72
884.37	1196.48
884.54	1199.76
884.72	1199.27
884.90	1202.94
885.07	1194.70
885.25	1215.67
885.43	1196.28
885.60	1208.59
885.78	1195.56
885.96	1207.36
886.13	1193.58
886.31	1204.49
886.49	1195.40
886.66	1204.49
886.84	1196.87
887.02	1206.34
887.19	1193.80
887.37	1205.02
887.55	1197.88
887.72	1201.75
887.90	1197.04
888.08	1201.60
888.25	1193.72
888.43	1204.39
888.61	1197.43
888.78	1198.35
888.96	1190.67
889.14	1203.32
889.31	1194.03
889.49	1194.89
889.67	1201.11
889.84	1203.51
890.02	1195.69
890.19	1202.85
890.37	1199.56
890.55	1206.95
890.72	1193.02
890.90	1205.21
891.08	1190.93
891.25	1202.63
891.43	1204.25
891.60	1204.49
891.78	1200.60
891.96	1201.36
892.13	1198.14
892.31	1202.92
892.48	1197.22
892.66	1208.40
892.84	1197.24
893.01	1205.41
893.19	1205.78
893.36	1196.81
893.54	1203.10
893.72	1198.04
893.89	1199.02
894.07	1196.55
894.24	1193.29
894.42	1223.40
894.60	1194.95
894.77	1199.62
894.95	1192.86
895.12	1198.27
895.30	1201.36
895.48	1206.01
895.65	1192.47
895.83	1203.84
896.00	1195.97
896.18	1199.52
896.35	1193.86
896.53	1196.18
896.71	1191.63
896.88	1203.04
897.06	1193.11
897.23	1202.12
897.41	1193.43
897.58	1204.16
897.76	1191.61
897.93	1204.90
898.11	1199.00
898.29	1204.74
898.46	1197.80
898.64	1207.71
898.81	1195.32
898.99	1204.19
899.16	1194.52
899.34	1202.26
899.51	1193.60
899.69	1207.03
899.86	1185.65
900.04	1202.94
900.21	1186.80
900.39	1203.00
900.57	1193.72
900.74	1198.82
900.92	1190.05
901.09	1198.04
901.27	1195.36
901.44	1204.47
901.62	1199.88
901.79	1201.07
901.97	1197.86
902.14	1195.97
902.32	1195.89
902.49	1198.98
902.67	1192.92
902.84	1206.32
903.02	1199.93
903.19	1197.82
903.37	1192.74
903.54	1195.44
903.72	1196.67
903.89	1201.71
904.07	1200.46
904.24	1202.61
904.42	1197.02
904.59	1207.15
904.77	1204.33
904.94	1208.55
905.12	1197.22
905.29	1196.94
905.47	1195.42
905.64	1200.60
905.82	1195.28
905.99	1208.26
906.16	1202.96
906.34	1204.66
906.51	1192.02
906.69	1200.95
906.86	1187.68
907.04	1196.42
907.21	1196.77
907.39	1201.24
907.56	1196.53
907.74	1195.05
907.91	1198.37
908.09	1200.48
908.26	1201.22
908.43	1211.15
908.61	1196.28
908.78	1198.64
908.96	1192.76
909.13	1203.35
909.31	1195.13
909.48	1204.92
909.65	1196.98
909.83	1194.93
910.00	1203.51
910.18	1205.25
910.35	1196.46
910.53	1200.09
910.70	1198.80
910.87	1201.46
911.05	1197.39
911.22	1205.25
911.40	1195.34
911.57	1204.08
911.75	1193.60
911.92	1198.80
912.09	1197.14
912.27	1201.24
912.44	1198.39
912.62	1202.18
912.79	1199.74
912.96	1204.74
913.14	1187.19
913.31	1203.96
913.49	1196.51
913.66	1203.84
913.83	1202.08
914.01	1198.80
914.18	1199.58
914.36	1200.50
914.53	1193.33
914.70	1205.11
914.88	1197.20
915.05	1210.39
915.22	1193.29
915.40	1201.65
915.57	1195.95
915.75	1205.86
915.92	1196.91
916.09	1206.50
916.27	1204.51
916.44	1212.36
916.61	1197.06
916.79	1194.15
916.96	1197.67
917.13	1204.41
917.31	1199.99
917.48	1201.38
917.66	1198.66
917.83	1203.37
918.00	1191.69
918.18	1201.67
918.35	1200.40
918.52	1199.23
918.70	1202.59
918.87	1197.10
919.04	1189.83
919.22	1205.02
919.39	1194.74
919.56	1204.02
919.74	1201.36
919.91	1201.24
920.08	1197.20
920.26	1204.43
920.43	1205.99
920.60	1202.69
920.78	1199.33
920.95	1204.82
921.12	1200.46
921.29	1203.06
921.47	1196.28
921.64	1199.37
921.81	1190.79
921.99	1206.46
922.16	1195.50
922.33	1199.97
922.51	1205.27
922.68	1203.82
922.85	1190.89
923.03	1207.99
923.20	1197.30
923.37	1200.62
923.54	1202.40
923.72	1204.88
923.89	1199.41
924.06	1198.98
924.24	1196.53
924.41	1207.18
924.58	1197.34
924.75	1202.73
924.93	1195.40
925.10	1205.60
925.27	1197.18
925.44	1204.76
925.62	1194.21
925.79	1198.57
925.96	1197.73
926.14	1211.33
926.31	1198.27
926.48	1208.36
926.65	1201.95
926.83	1204.14
927.00	1198.29
927.17	1203.69
927.34	1196.26
927.52	1200.66
927.69	1194.64
927.86	1201.89
928.03	1194.91
928.21	1197.67
928.38	1199.17
928.55	1202.94
928.72	1203.45
928.89	1206.97
929.07	1198.66
929.24	1205.84
929.41	1192.55
929.58	1207.77
929.76	1198.12
929.93	1204.10
930.10	1193.06
930.27	1203.47
930.44	1196.14
930.62	1201.48
930.79	1193.95
930.96	1202.38
931.13	1198.92
931.31	1204.59
931.48	1193.37
931.65	1204.29
931.82	1195.71
931.99	1207.93
932.17	1192.49
932.34	1204.23
932.51	1194.89
932.68	1213.40
932.85	1198.02
933.03	1204.29
933.20	1200.42
933.37	1207.30
933.54	1201.65
933.71	1208.32
933.88	1194.91
934.06	1202.01
934.23	1195.01
934.40	1207.38
934.57	1200.56
934.74	1202.81
934.91	1186.02
935.09	1208.85
935.26	1197.39
935.43	1203.94
935.60	1192.82
935.77	1200.44
935.94	1196.22
936.12	1204.51
936.29	1194.97
936.46	1202.30
936.63	1194.85
936.80	1204.55
936.97	1191.18
937.14	1200.97
937.32	1197.37
937.49	1196.87
937.66	1198.72
937.83	1200.09
938.00	1194.68
938.17	1200.19
938.34	1195.52
938.52	1202.08
938.69	1195.75
938.86	1203.63
939.03	1195.85
939.20	1200.11
939.37	1200.64
939.54	1200.66
939.71	1185.28
939.89	1211.03
940.06	1199.00
940.23	1204.45
940.40	1195.91
940.57	1203.98
940.74	1194.70
940.91	1201.17
941.08	1201.52
941.25	1201.89
941.43	1203.61
941.60	1196.73
941.77	1204.70
941.94	1200.40
942.11	1208.10
942.28	1210.00
942.45	1195.62
942.62	1200.40
942.79	1189.89
942.96	1203.32
943.13	1197.98
943.30	1196.34
943.48	1206.34
943.65	1202.69
943.82	1200.50
943.99	1195.71
944.16	1196.20
944.33	1202.34
944.50	1196.24
944.67	1199.58
944.84	1197.22
945.01	1203.80
945.18	1197.92
945.35	1205.02
945.52	1198.04
945.69	1201.01
945.86	1201.89
946.03	1204.23
946.21	1196.77
946.38	1196.85
946.55	1201.60
946.72	1209.00
946.89	1195.91
947.06	1198.45
947.23	1194.83
947.40	1208.79
947.57	1200.07
947.74	1202.06
947.91	1204.98
948.08	1207.77
948.25	1194.72
948.42	1199.11
948.59	1197.98
948.76	1198.55
948.93	1201.89
949.10	1203.10
949.27	1199.70
949.44	1199.07
949.61	1191.86
949.78	1198.80
949.95	1195.69
950.12	1206.09
950.29	1196.81
950.46	1208.75
950.63	1190.73
950.80	1211.93
950.97	1195.81
951.14	1197.30
951.31	1197.78
951.48	1210.86
951.65	1196.46
951.82	1199.19
951.99	1185.84
952.16	1201.34
952.33	1197.57
952.50	1204.82
952.67	1198.57
952.84	1208.98
953.01	1195.71
953.18	1204.72
953.35	1203.28
953.52	1200.91
953.69	1190.69
953.86	1201.54
954.03	1193.95
954.20	1203.61
954.37	1204.06
954.54	1204.53
954.70	1194.60
954.87	1197.18
955.04	1198.88
955.21	1198.14
955.38	1201.77
955.55	1205.48
955.72	1195.81
955.89	1203.63
956.06	1195.65
956.23	1201.46
956.40	1192.96
956.57	1203.26
956.74	1194.91
956.91	1200.81
957.08	1198.49
957.25	1202.75
957.41	1196.34
957.58	1203.88
957.75	1192.49
957.92	1208.63
958.09	1194.44
958.26	1198.53
958.43	1198.27
958.60	1211.21
958.77	1194.15
958.94	1200.64
959.11	1187.76
959.27	1207.36
959.44	1193.11
959.61	1196.69
959.78	1192.78
959.95	1200.72
960.12	1199.35
960.29	1205.54
960.46	1196.05
960.63	1205.86
960.80	1198.96
960.96	1212.66
961.13	1196.22
961.30	1206.66
961.47	1195.28
961.64	1203.63
961.81	1189.67
961.98	1200.09
962.15	1193.21
962.31	1197.69
962.48	1202.30
962.65	1204.96
962.82	1200.29
962.99	1207.15
963.16	1194.58
963.33	1196.71
963.49	1195.67
963.66	1201.81
963.83	1202.38
964.00	1205.37
964.17	1193.66
964.34	1205.70
964.51	1195.22
964.67	1206.85
964.84	1203.26
965.01	1218.62
965.18	1192.41
965.35	1208.40
965.52	1194.03
965.68	1203.18
965.85	1196.57
966.02	1207.79
966.19	1200.54
966.36	1205.11
966.52	1191.49
966.69	1202.03
966.86	1198.02
967.03	1208.65
967.20	1198.21
967.37	1201.75
967.53	1192.98
967.70	1197.37
967.87	1195.24
968.04	1202.03
968.21	1192.47
968.37	1201.17
968.54	1189.19
968.71	1207.65
968.88	1194.25
969.05	1204.72
969.21	1193.23
969.38	1200.60
969.55	1197.20
969.72	1205.31
969.89	1201.87
970.05	1203.08
970.22	1199.15
970.39	1201.85
970.56	1189.71
970.72	1198.76
970.89	1205.76
971.06	1203.26
971.23	1196.14
971.39	1206.52
971.56	1194.42
971.73	1192.27
971.90	1201.63
972.07	1208.83
972.23	1195.42
972.40	1204.21
972.57	1197.80
972.74	1207.85
972.90	1191.36
973.07	1203.73
973.24	1198.31
973.40	1205.60
973.57	1193.04
973.74	1203.94
973.91	1201.42
974.07	1199.99
974.24	1198.39
974.41	1203.63
974.58	1196.67
974.74	1202.77
974.91	1192.82
975.08	1203.55
975.25	1190.40
975.41	1201.05
975.58	1187.58
975.75	1200.40
975.91	1194.95
976.08	1202.26
976.25	1194.38
976.42	1196.67
976.58	1200.25
976.75	1203.30
976.92	1191.51
977.08	1199.86
977.25	1198.94
977.42	1200.13
977.58	1191.61
977.75	1196.55
977.92	1200.62
978.08	1206.93
978.25	1197.69
978.42	1201.03
978.59	1197.12
978.75	1199.29
978.92	1202.98
979.09	1202.16
979.25	1204.31
979.42	1204.72
979.59	1195.11
979.75	1198.78
979.92	1202.71
980.09	1199.74
980.25	1192.35
980.42	1205.91
980.59	1195.85
980.75	1199.90
980.92	1194.35
981.09	1199.68
981.25	1197.39
981.42	1201.15
981.59	1199.45
981.75	1203.14
981.92	1198.27
982.08	1202.75
982.25	1197.18
982.42	1202.14
982.58	1195.17
982.75	1201.46
982.92	1191.94
983.08	1202.53
983.25	1196.96
983.42	1201.77
983.58	1194.52
983.75	1202.75
983.91	1196.16
984.08	1208.38
984.25	1201.58
984.41	1203.24
984.58	1195.03
984.74	1205.11
984.91	1188.52
985.08	1199.27
985.24	1192.45
985.41	1210.82
985.57	1201.11
985.74	1198.45
985.91	1190.20
986.07	1203.10
986.24	1194.19
986.40	1201.22
986.57	1197.22
986.74	1203.00
986.90	1192.10
987.07	1198.43
987.23	1194.81
987.40	1196.22
987.57	1197.49
987.73	1201.15
987.90	1197.16
988.06	1206.85
988.23	1193.25
988.39	1208.77
988.56	1193.58
988.73	1208.96
988.89	1200.95
989.06	1201.65
989.22	1197.16
989.39	1201.63
989.55	1192.72
989.72	1203.00
989.88	1193.21
990.05	1202.36
990.22	1193.31
990.38	1208.12
990.55	1195.56
990.71	1201.22
990.88	1193.29
991.04	1196.69
991.21	1198.66
991.37	1204.78
991.54	1200.66
991.70	1197.16
991.87	1196.65
992.03	1203.16
992.20	1200.52
992.36	1198.29
992.53	1193.13
992.69	1202.81
992.86	1199.54
993.03	1196.63
993.19	1194.70
993.36	1205.25
993.52	1199.37
993.69	1202.61
993.85	1201.85
994.02	1202.18
994.18	1198.98
994.35	1197.82
994.51	1195.05
994.68	1198.98
994.84	1206.62
995.01	1205.58
995.17	1200.17
995.34	1196.46
995.50	1194.40
995.66	1204.47
995.83	1196.85
995.99	1203.55
996.16	1190.71
996.32	1204.12
996.49	1199.07
996.65	1209.53
996.82	1199.54
996.98	1199.99
997.15	1198.18
997.31	1207.42
997.48	1196.51
997.64	1210.90
997.81	1190.32
997.97	1206.89
998.13	1195.13
998.30	1205.93
998.46	1192.39
998.63	1203.18
998.79	1195.69
998.96	1206.05
999.12	1196.89
999.29	1203.43
999.45	1196.28
999.61	1203.49
999.78	1196.20
999.94	1203.73
1000.11	1200.07
1000.27	1200.25
1000.44	1199.56
1000.60	1203.61
1000.76	1196.38
1000.93	1203.45
1001.09	1200.07
1001.26	1212.46
1001.42	1193.95
1001.59	1198.12
1001.75	1188.07
1001.91	1198.39
1002.08	1196.48
1002.24	1201.11
1002.41	1198.86
1002.57	1202.75
1002.73	1193.17
1002.90	1199.47
1003.06	1201.95
1003.23	1207.40
1003.39	1196.75
1003.55	1207.38
1003.72	1193.02
1003.88	1203.67
1004.04	1189.77
1004.21	1201.67
1004.37	1201.54
1004.54	1205.17
1004.70	1199.84
1004.86	1200.36
1005.03	1198.35
1005.19	1210.31
1005.35	1191.79
1005.52	1200.31
1005.68	1195.07
1005.85	1202.22
1006.01	1196.81
1006.17	1204.76
1006.34	1199.58
1006.50	1204.98
1006.66	1200.87
1006.83	1205.80
1006.99	1191.69
1007.15	1201.44
1007.32	1199.58
1007.48	1199.97
1007.64	1194.03
1007.81	1196.48
1007.97	1200.07
1008.13	1207.05
1008.30	1196.73
1008.46	1199.23
1008.62	1205.43
1008.79	1202.63
1008.95	1193.49
1009.11	1208.61
1009.28	1199.72
1009.44	1204.86
1009.60	1193.84
1009.77	1204.04
1009.93	1192.00
1010.09	1199.15
1010.25	1200.27
1010.42	1194.72
1010.58	1201.03
1010.74	1205.95
1010.91	1200.52
1011.07	1203.24
1011.23	1194.95
1011.40	1199.25
1011.56	1193.95
1011.72	1201.79
1011.88	1198.18
1012.05	1205.19
1012.21	1193.06
1012.37	1204.06
1012.54	1199.60
1012.70	1205.33
1012.86	1201.32
1013.02	1201.28
1013.19	1191.59
1013.35	1203.88
1013.51	1198.55
1013.67	1200.44
1013.84	1194.70
1014.00	1206.89
1014.16	1195.85
1014.33	1198.12
1014.49	1194.29
1014.65	1201.77
1014.81	1191.98
1014.98	1209.94
1015.14	1192.43
1015.30	1199.25
1015.46	1203.32
1015.62	1201.81
1015.79	1195.32
1015.95	1203.30
1016.11	1195.07
1016.27	1207.71
1016.44	1201.22
1016.60	1205.45
1016.76	1200.99
1016.92	1207.09
1017.09	1194.93
1017.25	1198.27
1017.41	1196.10
1017.57	1205.02
1017.73	1195.95
1017.90	1204.33
1018.06	1191.63
1018.22	1202.34
1018.38	1193.56
1018.54	1200.83
1018.71	1196.44
1018.87	1200.36
1019.03	1203.16
1019.19	1209.71
1019.35	1197.30
1019.52	1202.83
1019.68	1195.03
1019.84	1202.24
1020.00	1202.26
1020.16	1199.37
1020.33	1204.49
1020.49	1207.24
1020.65	1200.48
1020.81	1202.73
1020.97	1195.50
1021.13	1201.13
1021.30	1196.73
1021.46	1205.93
1021.62	1194.70
1021.78	1199.64
1021.94	1194.29
1022.10	1206.29
1022.27	1195.26
1022.43	1209.08
1022.59	1194.01
1022.75	1203.61
1022.91	1199.95
1023.07	1206.23
1023.24	1198.45
1023.40	1197.98
1023.56	1199.97
1023.72	1199.07
1023.88	1191.08
1024.04	1199.88
1024.20	1198.12
1024.36	1206.91
1024.53	1194.62
1024.69	1203.16
1024.85	1198.14
1025.01	1198.31
1025.17	1199.88
1025.33	1199.76
1025.49	1193.04
1025.65	1209.86
1025.82	1195.09
1025.98	1195.85
1026.14	1186.61
1026.30	1202.12
1026.46	1197.92
1026.62	1202.77
1026.78	1197.71
1026.94	1209.02
1027.10	1197.20
1027.26	1203.22
1027.43	1196.73
1027.59	1197.20
1027.75	1198.47
1027.91	1204.04
1028.07	1191.49
1028.23	1206.34
1028.39	1197.43
1028.55	1214.47
1028.71	1197.32
1028.87	1197.45
1029.03	1194.13
1029.19	1200.42
1029.36	1197.00
1029.52	1208.14
1029.68	1191.96
1029.84	1204.29
1030.00	1205.07
1030.16	1206.03
1030.32	1200.40
1030.48	1208.92
1030.64	1191.28
1030.80	1206.70
1030.96	1194.74
1031.12	1208.87
1031.28	1194.72
1031.44	1201.58
1031.60	1204.16
1031.76	1202.06
1031.92	1196.53
1032.08	1216.37
1032.24	1195.48
1032.40	1203.84
1032.56	1192.27
1032.73	1200.70
1032.89	1180.24
1033.05	1200.48
1033.21	1193.84
1033.37	1202.77
1033.53	1193.72
1033.69	1202.59
1033.85	1192.86
1034.01	1200.58
1034.17	1194.52
1034.33	1205.02
1034.49	1199.50
1034.65	1203.28
1034.81	1193.04
1034.97	1203.00
1035.13	1204.57
1035.29	1202.98
1035.45	1196.67
1035.61	1202.96
1035.77	1202.24
1035.93	1206.83
1036.09	1200.95
1036.25	1199.50
1036.41	1199.17
1036.57	1202.49
1036.73	1194.35
1036.88	1208.18
1037.04	1195.36
