345.52	1187.92
345.73	1187.92
345.94	1187.92
346.16	1180.90
346.37	1188.25
346.58	1182.11
346.79	1190.57
347.00	1181.33
347.22	1193.09
347.43	1178.34
347.64	1187.60
347.85	1181.62
348.06	1186.20
348.28	1191.59
348.49	1196.79
348.70	1190.93
348.91	1190.20
349.12	1185.02
349.34	1192.12
349.55	1184.07
349.76	1190.03
349.97	1183.15
350.18	1195.48
350.40	1187.17
350.61	1190.40
350.82	1186.08
351.03	1194.87
351.24	1186.37
351.46	1189.58
351.67	1186.92
351.88	1190.57
352.09	1188.99
352.30	1186.00
352.51	1182.09
352.73	1194.83
352.94	1184.50
353.15	1185.90
353.36	1187.37
353.57	1190.69
353.79	1190.18
354.00	1188.50
354.21	1193.17
354.42	1192.14
354.63	1183.87
354.84	1188.50
355.06	1186.96
355.27	1190.87
355.48	1188.58
355.69	1192.61
355.90	1184.12
356.11	1191.77
356.33	1184.12
356.54	1199.66
356.75	1195.07
356.96	1193.27
357.17	1183.75
357.38	1192.23
357.60	1184.73
357.81	1198.18
358.02	1190.96
358.23	1196.08
358.44	1181.29
358.65	1197.61
358.87	1191.34
359.08	1185.00
359.29	1185.69
359.50	1199.21
359.71	1188.07
359.92	1192.51
360.13	1196.73
360.35	1194.72
360.56	1181.94
360.77	1199.37
360.98	1194.44
361.19	1201.40
361.40	1188.60
361.62	1198.78
361.83	1192.88
362.04	1199.04
362.25	1186.65
362.46	1190.89
362.67	1189.60
362.88	1196.59
363.10	1194.21
363.31	1195.44
363.52	1187.86
363.73	1196.91
363.94	1190.69
364.15	1201.67
364.36	1191.36
364.57	1198.14
364.79	1191.47
365.00	1196.98
365.21	1192.08
365.42	1196.81
365.63	1193.70
365.84	1199.58
366.05	1183.30
366.27	1204.94
366.48	1188.29
366.69	1197.65
366.90	1194.81
367.11	1195.81
367.32	1189.77
367.53	1192.57
367.74	1200.25
367.95	1195.32
368.17	1191.92
368.38	1196.46
368.59	1190.38
368.80	1200.13
369.01	1185.18
369.22	1198.27
369.43	1187.99
369.64	1194.60
369.86	1182.78
370.07	1202.44
370.28	1191.88
370.49	1192.55
370.70	1189.75
370.91	1195.83
371.12	1188.17
371.33	1196.46
371.54	1192.20
371.76	1191.98
371.97	1184.71
372.18	1191.90
372.39	1195.03
372.60	1193.99
372.81	1191.61
373.02	1190.20
373.23	1192.04
373.44	1197.71
373.65	1189.58
373.87	1191.04
374.08	1193.52
374.29	1193.04
374.50	1192.00
374.71	1199.68
374.92	1190.46
375.13	1203.12
375.34	1181.86
375.55	1189.07
375.76	1192.04
375.97	1196.05
376.19	1194.85
376.40	1198.29
376.61	1192.08
376.82	1204.06
377.03	1190.50
377.24	1198.04
377.45	1188.37
377.66	1195.87
377.87	1188.27
378.08	1196.01
378.29	1193.88
378.50	1187.80
378.71	1192.20
378.93	1198.41
379.14	1187.62
379.35	1196.46
379.56	1196.67
379.77	1194.35
379.98	1189.17
380.19	1196.96
380.40	1197.90
380.61	1192.59
380.82	1192.98
381.03	1199.70
381.24	1187.97
381.45	1199.78
381.66	1195.77
381.88	1200.01
382.09	1197.20
382.30	1190.44
382.51	1198.18
382.72	1195.40
382.93	1189.79
383.14	1195.50
383.35	1192.74
383.56	1195.69
383.77	1193.76
383.98	1196.55
384.19	1181.56
384.40	1197.61
384.61	1191.06
384.82	1199.15
385.03	1191.06
385.24	1197.78
385.45	1185.08
385.67	1199.21
385.88	1191.67
386.09	1192.84
386.30	1185.81
386.51	1199.78
386.72	1192.12
386.93	1193.72
387.14	1190.07
387.35	1197.04
387.56	1194.95
387.77	1194.42
387.98	1193.60
388.19	1192.76
388.40	1190.65
388.61	1199.88
388.82	1193.04
389.03	1196.83
389.24	1192.10
389.45	1203.20
389.66	1186.20
389.87	1204.53
390.08	1194.48
390.29	1196.73
390.50	1192.14
390.71	1197.24
390.92	1186.31
391.13	1197.30
391.34	1190.44
391.55	1201.05
391.76	1188.09
391.98	1202.40
392.19	1187.02
392.40	1192.61
392.61	1197.02
392.82	1200.13
393.03	1195.77
393.24	1198.59
393.45	1191.84
393.66	1193.90
393.87	1189.34
394.08	1202.20
394.29	1194.52
394.50	1195.71
394.71	1183.48
394.92	1193.97
395.13	1194.74
395.34	1192.92
395.55	1182.76
395.76	1196.59
395.97	1192.94
396.18	1198.84
396.39	1191.41
396.60	1192.06
396.81	1187.70
397.02	1190.91
397.23	1190.03
397.44	1198.59
397.65	1187.86
397.86	1189.97
398.07	1194.50
398.28	1200.48
398.49	1185.92
398.70	1196.34
398.91	1192.00
399.12	1194.38
399.33	1189.95
399.54	1199.04
399.75	1191.94
399.96	1199.50
400.17	1193.33
400.38	1198.23
400.59	1186.72
400.80	1194.31
401.01	1190.22
401.22	1201.32
401.42	1194.85
401.63	1194.27
401.84	1185.22
402.05	1191.26
402.26	1189.85
402.47	1196.96
402.68	1191.82
402.89	1195.36
403.10	1186.51
403.31	1198.29
403.52	1189.26
403.73	1199.54
403.94	1191.30
404.15	1201.67
404.36	1191.84
404.57	1203.26
404.78	1189.62
404.99	1197.96
405.20	1192.08
405.41	1195.30
405.62	1193.84
405.83	1199.84
406.04	1192.51
406.25	1196.44
406.46	1190.12
406.67	1204.51
406.88	1194.31
407.09	1193.02
407.30	1192.74
407.50	1193.97
407.71	1184.85
407.92	1205.66
408.13	1191.16
408.34	1196.12
408.55	1197.67
408.76	1197.02
408.97	1197.80
409.18	1199.45
409.39	1198.76
409.60	1192.43
409.81	1191.63
410.02	1199.52
410.23	1189.69
410.44	1193.35
410.65	1188.05
410.86	1192.00
411.07	1191.86
411.27	1195.56
411.48	1194.05
411.69	1198.08
411.90	1198.35
412.11	1199.90
412.32	1187.80
412.53	1199.88
412.74	1195.01
412.95	1200.38
413.16	1187.82
413.37	1197.24
413.58	1192.88
413.79	1198.35
414.00	1194.35
414.20	1191.51
414.41	1193.31
414.62	1195.65
414.83	1194.13
415.04	1192.78
415.25	1199.90
415.46	1197.14
415.67	1192.92
415.88	1201.13
416.09	1192.27
416.30	1199.07
416.51	1193.74
416.71	1197.96
416.92	1192.96
417.13	1200.70
417.34	1193.23
417.55	1199.97
417.76	1185.51
417.97	1200.23
418.18	1193.72
418.39	1197.26
418.60	1189.73
418.81	1196.79
419.01	1194.31
419.22	1205.13
419.43	1193.84
419.64	1198.29
419.85	1189.01
420.06	1199.41
420.27	1189.87
420.48	1191.98
420.69	1188.50
420.90	1193.68
421.10	1196.61
421.31	1196.94
421.52	1191.77
421.73	1193.74
421.94	1187.62
422.15	1198.86
422.36	1192.47
422.57	1192.55
422.78	1195.36
422.98	1201.79
423.19	1193.90
423.40	1195.62
423.61	1197.90
423.82	1195.15
424.03	1193.49
424.24	1197.06
424.45	1189.75
424.65	1195.34
424.86	1189.21
425.07	1199.80
425.28	1186.53
425.49	1193.13
425.70	1192.68
425.91	1199.74
426.12	1191.45
426.32	1197.88
426.53	1192.74
426.74	1197.45
426.95	1192.70
427.16	1202.08
427.37	1190.63
427.58	1202.44
427.78	1195.01
427.99	1193.54
428.20	1190.77
428.41	1198.39
428.62	1196.67
428.83	1203.84
429.04	1193.39
429.24	1196.87
429.45	1197.02
429.66	1199.82
429.87	1198.90
430.08	1198.41
430.29	1192.29
430.50	1200.60
430.70	1177.48
430.91	1196.24
431.12	1190.28
431.33	1201.52
431.54	1193.56
431.75	1205.23
431.96	1186.96
432.16	1199.27
432.37	1183.07
432.58	1193.06
432.79	1186.98
433.00	1197.24
433.21	1193.68
433.41	1197.22
433.62	1192.98
433.83	1199.58
434.04	1187.76
434.25	1192.43
434.46	1193.15
434.66	1201.44
434.87	1194.01
435.08	1201.50
435.29	1195.19
435.50	1192.74
435.71	1202.34
435.91	1196.59
436.12	1196.38
436.33	1202.61
436.54	1196.83
436.75	1191.39
436.95	1190.12
437.16	1192.06
437.37	1190.44
437.58	1196.69
437.79	1191.34
438.00	1202.87
438.20	1191.10
438.41	1201.07
438.62	1189.54
438.83	1210.31
439.04	1198.49
439.24	1205.07
439.45	1197.47
439.66	1198.43
439.87	1197.02
440.08	1201.38
440.28	1191.02
440.49	1196.67
440.70	1198.43
440.91	1200.70
441.12	1196.12
441.32	1204.14
441.53	1195.81
441.74	1203.61
441.95	1199.00
442.16	1201.30
442.36	1189.64
442.57	1205.60
442.78	1192.90
442.99	1202.89
443.20	1190.36
443.40	1202.20
443.61	1198.45
443.82	1201.63
444.03	1198.27
444.24	1201.65
444.44	1198.55
444.65	1209.90
444.86	1193.25
445.07	1202.98
445.27	1191.10
445.48	1200.05
445.69	1194.40
445.90	1196.38
446.11	1190.77
446.31	1197.47
446.52	1196.20
446.73	1199.02
446.94	1196.10
447.14	1200.19
447.35	1193.04
447.56	1203.02
447.77	1203.45
447.97	1201.07
448.18	1200.27
448.39	1202.14
448.60	1191.84
448.81	1200.81
449.01	1199.11
449.22	1203.30
449.43	1190.44
449.64	1207.89
449.84	1194.97
450.05	1202.16
450.26	1203.24
450.47	1207.83
450.67	1196.48
450.88	1208.30
451.09	1199.80
451.30	1208.08
451.50	1201.91
451.71	1206.13
451.92	1200.70
452.13	1207.69
452.33	1196.65
452.54	1202.42
452.75	1200.25
452.96	1211.00
453.16	1200.62
453.37	1210.43
453.58	1200.17
453.79	1207.87
453.99	1193.97
454.20	1202.30
454.41	1195.75
454.61	1207.89
454.82	1204.10
455.03	1209.63
455.24	1205.99
455.44	1211.27
455.65	1206.21
455.86	1221.74
456.07	1217.74
456.27	1228.84
456.48	1229.97
456.69	1237.06
456.90	1232.30
457.10	1248.97
457.31	1239.86
457.52	1252.80
457.72	1255.04
457.93	1267.53
458.14	1271.83
458.35	1279.73
458.55	1301.69
458.76	1308.22
458.97	1313.51
459.17	1336.85
459.38	1348.30
459.59	1381.05
459.80	1421.74
460.00	1461.33
460.21	1512.73
460.42	1566.90
460.62	1612.71
460.83	1669.98
461.04	1712.41
461.25	1750.77
461.45	1767.40
461.66	1802.52
461.87	1807.11
462.07	1846.86
462.28	1861.99
462.49	1859.21
462.69	1861.52
462.90	1898.92
463.11	1874.63
463.31	1892.84
463.52	1909.32
463.73	1923.31
463.94	1925.73
464.14	1931.36
464.35	1942.42
464.56	1939.12
464.76	1932.48
464.97	1947.00
465.18	1912.33
465.38	1918.11
465.59	1898.36
465.80	1875.35
466.00	1844.01
466.21	1819.07
466.42	1739.14
466.62	1726.87
466.83	1689.25
467.04	1657.42
467.24	1604.71
467.45	1586.32
467.66	1570.10
467.86	1558.20
468.07	1531.80
468.28	1528.42
468.48	1519.70
468.69	1510.46
468.90	1491.43
469.10	1479.12
469.31	1466.86
469.52	1472.18
469.72	1450.15
469.93	1449.63
470.14	1438.51
470.34	1431.71
470.55	1420.16
470.76	1423.34
470.96	1406.83
471.17	1410.44
471.38	1387.19
471.58	1394.20
471.79	1382.32
472.00	1399.17
472.20	1376.21
472.41	1377.05
472.62	1378.65
472.82	1361.22
473.03	1356.12
473.24	1358.60
473.44	1343.04
473.65	1351.62
473.85	1336.85
474.06	1336.22
474.27	1331.61
474.47	1339.99
474.68	1327.15
474.89	1341.56
475.09	1327.94
475.30	1326.24
475.51	1327.94
475.71	1340.01
475.92	1324.24
476.12	1332.29
476.33	1313.20
476.54	1328.19
476.74	1328.09
476.95	1338.55
477.16	1342.34
477.36	1357.27
477.57	1373.02
477.77	1406.20
477.98	1443.57
478.19	1484.80
478.39	1521.13
478.60	1575.32
478.81	1604.58
479.01	1628.26
479.22	1648.76
479.42	1656.38
479.63	1670.84
479.84	1670.71
480.04	1664.30
480.25	1653.63
480.45	1634.48
480.66	1625.86
480.87	1598.69
481.07	1566.72
481.28	1534.60
481.48	1513.72
481.69	1476.32
481.90	1447.05
482.10	1415.72
482.31	1387.25
482.51	1357.19
482.72	1340.03
482.93	1318.56
483.13	1322.31
483.34	1297.84
483.54	1305.23
483.75	1295.95
483.96	1297.94
484.16	1294.13
484.37	1294.40
484.57	1285.00
484.78	1289.42
484.99	1285.61
485.19	1277.32
485.40	1276.46
485.60	1273.00
485.81	1254.36
486.01	1253.62
486.22	1242.65
486.43	1231.32
486.63	1218.64
486.84	1216.74
487.04	1209.18
487.25	1218.03
487.46	1208.36
487.66	1215.43
487.87	1210.64
488.07	1218.17
488.28	1213.77
488.48	1210.62
488.69	1210.43
488.89	1206.50
489.10	1207.28
489.31	1215.24
489.51	1209.90
489.72	1214.06
489.92	1210.21
490.13	1210.08
490.33	1204.62
490.54	1211.78
490.75	1202.51
490.95	1212.50
491.16	1211.07
491.36	1205.07
491.57	1205.99
491.77	1208.65
491.98	1203.90
492.18	1208.20
492.39	1203.88
492.59	1205.88
492.80	1203.67
493.01	1213.89
493.21	1200.52
493.42	1213.22
493.62	1200.64
493.83	1205.48
494.03	1200.95
494.24	1208.04
494.44	1200.93
494.65	1202.01
494.85	1198.31
495.06	1199.52
495.26	1199.52
495.47	1206.72
495.68	1194.03
495.88	1196.83
496.09	1200.72
496.29	1204.98
496.50	1197.80
496.70	1200.95
496.91	1197.88
497.11	1204.29
497.32	1199.70
497.52	1208.30
497.73	1192.53
497.93	1204.06
498.14	1198.59
498.34	1206.01
498.55	1194.29
498.75	1197.75
498.96	1197.80
499.16	1200.03
499.37	1191.73
499.57	1203.53
499.78	1198.49
499.98	1198.78
500.19	1201.69
500.39	1200.81
500.60	1195.30
500.80	1196.12
501.01	1200.17
501.21	1203.67
501.42	1194.70
501.62	1203.53
501.83	1202.16
502.03	1204.43
502.24	1196.16
502.44	1202.18
502.65	1193.04
502.85	1199.11
503.06	1192.33
503.26	1205.50
503.47	1197.14
503.67	1203.98
503.88	1194.56
504.08	1200.42
504.29	1194.54
504.49	1201.58
504.70	1200.44
504.90	1196.83
505.11	1198.78
505.31	1200.91
505.52	1197.22
505.72	1193.19
505.93	1202.08
506.13	1200.31
506.34	1207.07
506.54	1195.11
506.75	1194.97
506.95	1202.08
507.16	1203.35
507.36	1205.21
507.56	1196.85
507.77	1197.82
507.97	1196.89
508.18	1196.26
508.38	1190.48
508.59	1197.80
508.79	1196.91
509.00	1201.77
509.20	1193.49
509.41	1197.73
509.61	1192.96
509.82	1204.96
510.02	1197.10
510.22	1201.09
510.43	1204.29
510.63	1201.81
510.84	1196.03
511.04	1198.14
511.25	1185.71
511.45	1203.18
511.66	1191.86
511.86	1202.85
512.06	1192.49
512.27	1201.67
512.47	1193.95
512.68	1202.06
512.88	1192.53
513.09	1198.43
513.29	1189.97
513.50	1201.69
513.70	1192.27
513.90	1195.17
514.11	1193.68
514.31	1201.97
514.52	1189.50
514.72	1193.49
514.93	1191.00
515.13	1193.00
515.33	1183.46
515.54	1193.17
515.74	1190.69
515.95	1202.83
516.15	1191.24
516.36	1196.59
516.56	1189.23
516.76	1191.82
516.97	1189.48
517.17	1196.53
517.38	1188.19
517.58	1197.73
517.78	1188.74
517.99	1196.83
518.19	1187.82
518.40	1191.10
518.60	1191.86
518.81	1204.76
519.01	1191.00
519.21	1193.11
519.42	1192.12
519.62	1197.69
519.83	1191.02
520.03	1194.54
520.23	1188.21
520.44	1200.07
520.64	1190.20
520.85	1202.94
521.05	1182.95
521.25	1197.39
521.46	1188.62
521.66	1197.65
521.86	1193.54
522.07	1196.69
522.27	1193.70
522.48	1198.02
522.68	1188.89
522.88	1194.15
523.09	1188.27
523.29	1199.21
523.50	1188.37
523.70	1195.38
523.90	1188.68
524.11	1193.56
524.31	1190.40
524.51	1194.05
524.72	1191.04
524.92	1186.94
525.13	1187.68
525.33	1197.92
525.53	1190.38
525.74	1187.68
525.94	1185.26
526.14	1195.42
526.35	1188.64
526.55	1192.86
526.76	1182.25
526.96	1196.59
527.16	1182.62
527.37	1192.25
527.57	1187.76
527.77	1192.96
527.98	1192.72
528.18	1202.03
528.38	1192.74
528.59	1190.85
528.79	1194.91
528.99	1194.11
529.20	1196.98
529.40	1200.70
529.61	1185.06
529.81	1200.72
530.01	1189.99
530.22	1192.02
530.42	1189.77
530.62	1190.28
530.83	1188.97
531.03	1197.71
531.23	1198.68
531.44	1194.52
531.64	1189.62
531.84	1196.57
532.05	1190.65
532.25	1192.29
532.45	1188.83
532.66	1200.56
532.86	1189.23
533.06	1196.63
533.27	1194.21
533.47	1199.31
533.67	1191.61
533.88	1206.87
534.08	1188.87
534.28	1197.67
534.49	1180.94
534.69	1195.17
534.89	1188.62
535.09	1200.50
535.30	1191.92
535.50	1196.53
535.70	1192.68
535.91	1199.74
536.11	1182.89
536.31	1196.48
536.52	1201.81
536.72	1194.62
536.92	1180.47
537.13	1201.30
537.33	1193.06
537.53	1195.28
537.74	1196.94
537.94	1198.23
538.14	1188.48
538.34	1202.24
538.55	1186.14
538.75	1203.04
538.95	1192.16
539.16	1193.35
539.36	1188.19
539.56	1195.13
539.77	1187.76
539.97	1197.84
540.17	1194.48
540.37	1199.21
540.58	1192.68
540.78	1199.23
540.98	1193.60
541.19	1193.78
541.39	1192.33
541.59	1195.34
541.79	1183.34
542.00	1199.80
542.20	1190.42
542.40	1196.14
542.60	1190.96
542.81	1195.05
543.01	1189.73
543.21	1197.04
543.42	1183.28
543.62	1198.59
543.82	1197.94
544.02	1201.17
544.23	1190.12
544.43	1196.57
544.63	1184.63
544.83	1198.80
545.04	1195.56
545.24	1197.94
545.44	1190.03
545.64	1186.08
545.85	1187.15
546.05	1193.78
546.25	1198.82
546.45	1191.06
546.66	1197.22
546.86	1194.40
547.06	1187.92
547.27	1191.04
547.47	1182.48
547.67	1203.63
547.87	1187.56
548.07	1198.10
548.28	1188.93
548.48	1195.38
548.68	1188.23
548.88	1192.92
549.09	1189.85
549.29	1193.60
549.49	1194.11
549.69	1188.29
549.90	1198.08
550.10	1199.11
550.30	1190.85
550.50	1200.68
550.71	1191.86
550.91	1192.35
551.11	1191.79
551.31	1191.02
551.51	1192.06
551.72	1197.82
551.92	1193.88
552.12	1192.29
552.32	1186.72
552.53	1198.16
552.73	1191.14
552.93	1193.54
553.13	1192.02
553.33	1193.78
553.54	1196.96
553.74	1198.61
553.94	1183.32
554.14	1188.62
554.35	1190.03
554.55	1198.84
554.75	1192.59
554.95	1199.04
555.15	1189.32
555.36	1193.76
555.56	1193.27
555.76	1199.27
555.96	1183.36
556.16	1196.79
556.37	1189.60
556.57	1193.66
556.77	1194.58
556.97	1188.89
557.17	1196.12
557.38	1196.26
557.58	1190.61
557.78	1196.77
557.98	1192.06
558.18	1197.30
558.38	1182.19
558.59	1195.60
558.79	1193.90
558.99	1195.91
559.19	1194.68
559.39	1192.88
559.60	1185.02
559.80	1194.42
560.00	1197.34
560.20	1195.79
560.40	1189.32
560.60	1196.59
560.81	1193.78
561.01	1193.74
561.21	1185.12
561.41	1202.85
561.61	1193.11
561.81	1203.08
562.02	1191.98
562.22	1198.39
562.42	1189.05
562.62	1202.89
562.82	1187.21
563.02	1195.19
563.23	1190.42
563.43	1186.84
563.63	1191.55
563.83	1198.18
564.03	1193.60
564.23	1192.31
564.43	1197.53
564.64	1200.79
564.84	1189.99
565.04	1194.95
565.24	1187.41
565.44	1198.51
565.64	1197.63
565.85	1202.63
566.05	1192.88
566.25	1199.88
566.45	1188.25
566.65	1196.69
566.85	1198.00
567.05	1200.11
567.25	1190.89
567.46	1197.69
567.66	1191.16
567.86	1197.49
568.06	1187.47
568.26	1199.19
568.46	1185.88
568.66	1194.07
568.86	1196.42
569.07	1196.55
569.27	1185.61
569.47	1193.56
569.67	1186.51
569.87	1190.40
570.07	1183.85
570.27	1200.11
570.47	1189.32
570.68	1203.14
570.88	1192.08
571.08	1192.49
571.28	1190.73
571.48	1194.25
571.68	1188.40
571.88	1196.83
572.08	1190.18
572.28	1193.43
572.49	1191.26
572.69	1199.45
572.89	1193.70
573.09	1194.60
573.29	1195.26
573.49	1192.98
573.69	1187.49
573.89	1198.08
574.09	1193.80
574.29	1200.56
574.50	1189.79
574.70	1195.65
574.90	1192.37
575.10	1195.13
575.30	1190.79
575.50	1196.26
575.70	1193.90
575.90	1202.14
576.10	1191.24
576.30	1199.93
576.50	1189.21
576.70	1200.21
576.91	1189.69
577.11	1197.94
577.31	1191.04
577.51	1196.59
577.71	1190.96
577.91	1190.83
578.11	1191.61
578.31	1194.99
578.51	1191.86
578.71	1190.24
578.91	1187.64
579.11	1198.59
579.31	1190.96
579.51	1201.24
579.71	1187.92
579.92	1195.19
580.12	1188.87
580.32	1192.16
580.52	1185.41
580.72	1197.61
580.92	1191.28
581.12	1197.90
581.32	1188.78
581.52	1195.42
581.72	1195.79
581.92	1198.21
582.12	1188.97
582.32	1198.84
582.52	1191.45
582.72	1197.84
582.92	1188.35
583.12	1204.16
583.32	1193.84
583.52	1198.04
583.72	1187.37
583.92	1198.78
584.12	1193.54
584.33	1196.53
584.53	1182.17
584.73	1196.08
584.93	1192.12
585.13	1200.95
585.33	1183.85
585.53	1194.35
585.73	1192.43
585.93	1199.95
586.13	1186.41
586.33	1188.72
586.53	1193.23
586.73	1198.18
586.93	1185.47
587.13	1199.58
587.33	1187.39
587.53	1194.07
587.73	1189.58
587.93	1196.91
588.13	1191.96
588.33	1192.57
588.53	1187.33
588.73	1201.71
588.93	1191.67
589.13	1202.03
589.33	1186.33
589.53	1198.78
589.73	1182.91
589.93	1194.78
590.13	1195.48
590.33	1191.84
590.53	1189.28
590.73	1191.86
590.93	1190.79
591.13	1197.41
591.33	1189.30
591.53	1200.70
591.73	1192.78
591.93	1194.70
592.13	1187.56
592.33	1186.90
592.53	1204.59
592.73	1199.95
592.93	1189.48
593.13	1201.38
593.33	1190.44
593.53	1195.48
593.73	1194.07
593.93	1199.90
594.13	1191.39
594.33	1198.53
594.53	1190.50
594.73	1201.89
594.92	1191.30
595.12	1197.16
595.32	1192.78
595.52	1194.87
595.72	1191.00
595.92	1190.83
596.12	1194.31
596.32	1197.94
596.52	1193.11
596.72	1195.95
596.92	1189.64
597.12	1195.56
597.32	1188.15
597.52	1200.42
597.72	1188.05
597.92	1197.53
598.12	1194.44
598.32	1199.00
598.52	1190.16
598.72	1197.30
598.92	1183.71
599.12	1195.58
599.31	1193.37
599.51	1196.71
599.71	1193.35
599.91	1198.47
600.11	1191.22
600.31	1192.20
600.51	1194.68
600.71	1199.11
600.91	1188.40
601.11	1202.22
601.31	1192.00
601.51	1195.89
601.71	1192.76
601.91	1189.79
602.10	1193.56
602.30	1197.63
602.50	1196.67
602.70	1196.83
602.90	1193.19
603.10	1197.96
603.30	1191.67
603.50	1197.43
603.70	1187.58
603.90	1196.36
604.10	1190.01
604.30	1195.79
604.49	1194.97
604.69	1190.34
604.89	1190.96
605.09	1195.34
605.29	1190.71
605.49	1197.14
605.69	1182.68
605.89	1196.18
606.09	1189.75
606.29	1187.86
606.48	1193.11
606.68	1197.26
606.88	1184.79
607.08	1191.57
607.28	1192.76
607.48	1195.58
607.68	1194.50
607.88	1196.24
608.08	1184.14
608.27	1205.97
608.47	1190.18
608.67	1192.86
608.87	1190.79
609.07	1198.41
609.27	1189.77
609.47	1195.28
609.67	1188.01
609.87	1192.82
610.06	1187.64
610.26	1200.40
610.46	1186.45
610.66	1194.07
610.86	1194.21
611.06	1198.29
611.26	1189.50
611.45	1202.20
611.65	1191.86
611.85	1195.09
612.05	1183.34
612.25	1199.80
612.45	1196.08
612.65	1202.92
612.84	1184.42
613.04	1196.59
613.24	1186.80
613.44	1186.51
613.64	1187.06
613.84	1198.37
614.04	1192.86
614.23	1196.20
614.43	1184.77
614.63	1194.44
614.83	1184.18
615.03	1191.16
615.23	1195.67
615.42	1200.36
615.62	1189.38
615.82	1193.25
616.02	1194.44
616.22	1194.07
616.42	1190.73
616.61	1192.84
616.81	1189.85
617.01	1203.94
617.21	1193.33
617.41	1194.97
617.61	1190.44
617.80	1189.07
618.00	1188.70
618.20	1191.63
618.40	1195.89
618.60	1194.15
618.80	1187.74
618.99	1194.40
619.19	1191.06
619.39	1195.91
619.59	1191.59
619.79	1199.07
619.98	1188.05
620.18	1192.61
620.38	1187.23
620.58	1202.85
620.78	1184.98
620.97	1201.77
621.17	1189.52
621.37	1200.36
621.57	1182.66
621.77	1194.99
621.96	1189.93
622.16	1190.93
622.36	1200.25
622.56	1200.13
622.76	1193.39
622.95	1194.50
623.15	1192.88
623.35	1193.72
623.55	1185.16
623.75	1195.11
623.94	1190.07
624.14	1195.95
624.34	1196.69
624.54	1200.09
624.73	1192.35
624.93	1198.35
625.13	1192.57
625.33	1189.52
625.53	1197.37
625.72	1191.14
625.92	1188.78
626.12	1194.21
626.32	1188.99
626.51	1192.06
626.71	1193.33
626.91	1197.08
627.11	1188.15
627.30	1198.35
627.50	1184.85
627.70	1195.93
627.90	1190.61
628.10	1190.57
628.29	1179.04
628.49	1193.60
628.69	1190.69
628.89	1200.62
629.08	1188.27
629.28	1190.75
629.48	1193.43
629.68	1194.25
629.87	1186.18
630.07	1191.08
630.27	1189.38
630.47	1198.04
630.66	1187.66
630.86	1189.03
631.06	1183.34
631.25	1195.17
631.45	1191.69
631.65	1198.35
631.85	1197.61
632.04	1199.84
632.24	1190.42
632.44	1200.09
632.64	1186.16
632.83	1198.23
633.03	1190.59
633.23	1198.31
633.42	1185.61
633.62	1191.82
633.82	1196.22
634.02	1193.06
634.21	1193.99
634.41	1190.71
634.61	1187.47
634.81	1192.86
635.00	1190.36
635.20	1193.23
635.40	1193.29
635.59	1200.70
635.79	1186.86
635.99	1202.10
636.18	1194.21
636.38	1192.92
636.58	1196.51
636.78	1194.09
636.97	1196.38
637.17	1198.27
637.37	1191.94
637.56	1192.76
637.76	1191.28
637.96	1191.63
638.15	1194.64
638.35	1195.38
638.55	1193.76
638.74	1201.09
638.94	1191.92
639.14	1191.94
639.34	1195.95
639.53	1197.94
639.73	1187.54
639.93	1198.90
640.12	1186.88
640.32	1201.13
640.52	1194.70
640.71	1193.68
640.91	1189.83
641.11	1197.39
641.30	1195.01
641.50	1195.13
641.70	1194.19
641.89	1206.97
642.09	1191.73
642.29	1195.42
642.48	1195.19
642.68	1193.82
642.88	1189.79
643.07	1193.86
643.27	1188.91
643.47	1196.59
643.66	1191.94
643.86	1198.21
644.06	1191.75
644.25	1197.49
644.45	1187.47
644.65	1198.76
644.84	1192.31
645.04	1195.97
645.23	1188.46
645.43	1197.71
645.63	1188.76
645.82	1190.48
646.02	1195.91
646.22	1196.96
646.41	1190.57
646.61	1198.86
646.81	1189.69
647.00	1196.96
647.20	1192.53
647.39	1192.92
647.59	1190.59
647.79	1197.80
647.98	1190.38
648.18	1201.13
648.38	1193.90
648.57	1192.88
648.77	1189.34
648.96	1204.37
649.16	1194.76
649.36	1192.47
649.55	1193.45
649.75	1194.07
649.95	1191.84
650.14	1195.44
650.34	1192.86
650.53	1196.28
650.73	1186.98
650.93	1191.10
651.12	1191.67
651.32	1199.66
651.51	1196.85
651.71	1199.58
651.91	1195.85
652.10	1198.96
652.30	1186.02
652.49	1190.77
652.69	1188.78
652.89	1192.98
653.08	1186.59
653.28	1197.08
653.47	1190.10
653.67	1204.57
653.86	1190.73
654.06	1195.67
654.26	1186.90
654.45	1197.22
654.65	1188.78
654.84	1202.98
655.04	1193.80
655.24	1205.66
655.43	1188.33
655.63	1197.98
655.82	1187.17
656.02	1199.04
656.21	1185.96
656.41	1206.34
656.61	1191.67
656.80	1193.00
657.00	1181.06
657.19	1192.45
657.39	1191.73
657.58	1194.97
657.78	1189.97
657.97	1196.81
658.17	1192.88
658.37	1187.39
658.56	1191.16
658.76	1194.21
658.95	1191.65
659.15	1200.48
659.34	1189.48
659.54	1196.08
659.73	1189.13
659.93	1195.79
660.13	1186.90
660.32	1193.95
660.52	1194.25
660.71	1198.04
660.91	1193.76
661.10	1196.14
661.30	1190.61
661.49	1195.99
661.69	1185.98
661.88	1195.81
662.08	1194.97
662.27	1196.46
662.47	1192.20
662.66	1191.12
662.86	1191.84
663.06	1194.56
663.25	1183.60
663.45	1196.03
663.64	1197.57
663.84	1194.44
664.03	1186.92
664.23	1196.18
664.42	1195.22
664.62	1195.26
664.81	1191.04
665.01	1191.65
665.20	1193.99
665.40	1195.79
665.59	1190.16
665.79	1200.58
665.98	1186.33
666.18	1192.59
666.37	1192.74
666.57	1192.20
666.76	1190.48
666.96	1198.80
667.15	1192.06
667.35	1198.08
667.54	1193.33
667.74	1199.78
667.93	1189.77
668.13	1200.74
668.32	1189.62
668.52	1198.70
668.71	1192.27
668.91	1198.84
669.10	1193.02
669.30	1191.69
669.49	1190.69
669.68	1199.45
669.88	1189.69
670.07	1200.85
670.27	1189.64
670.46	1188.80
670.66	1183.91
670.85	1195.22
671.05	1185.90
671.24	1195.56
671.44	1183.23
671.63	1198.98
671.83	1185.43
672.02	1191.69
672.22	1187.04
672.41	1195.71
672.60	1191.39
672.80	1199.95
672.99	1191.04
673.19	1195.22
673.38	1201.05
673.58	1189.48
673.77	1185.96
673.97	1194.89
674.16	1191.24
674.36	1189.99
674.55	1190.59
674.74	1193.97
674.94	1191.86
675.13	1193.90
675.33	1192.98
675.52	1197.41
675.72	1189.32
675.91	1198.96
676.10	1185.57
676.30	1192.57
676.49	1187.39
676.69	1195.09
676.88	1193.66
677.08	1189.85
677.27	1195.93
677.46	1192.78
677.66	1183.21
677.85	1186.96
678.05	1184.20
678.24	1200.83
678.44	1193.78
678.63	1198.41
678.82	1186.63
679.02	1192.51
679.21	1187.29
679.41	1195.07
679.60	1188.23
679.79	1194.23
679.99	1190.98
680.18	1198.72
680.38	1194.66
680.57	1186.16
680.76	1192.68
680.96	1192.33
681.15	1187.90
681.35	1192.66
681.54	1193.37
681.73	1199.52
681.93	1194.87
682.12	1197.65
682.32	1197.39
682.51	1191.02
682.70	1191.10
682.90	1200.42
683.09	1188.74
683.29	1197.22
683.48	1192.23
683.67	1198.76
683.87	1194.83
684.06	1194.97
684.25	1195.81
684.45	1196.46
684.64	1190.65
684.84	1195.65
685.03	1191.43
685.22	1195.34
685.42	1191.04
685.61	1204.82
685.80	1191.12
686.00	1194.64
686.19	1190.16
686.38	1200.13
686.58	1185.08
686.77	1194.85
686.96	1191.86
687.16	1195.22
687.35	1189.44
687.55	1200.48
687.74	1191.18
687.93	1201.56
688.13	1182.31
688.32	1192.74
688.51	1192.45
688.71	1194.21
688.90	1195.42
689.09	1191.22
689.29	1186.16
689.48	1194.05
689.67	1186.74
689.87	1204.98
690.06	1194.58
690.25	1200.56
690.45	1192.00
690.64	1196.12
690.83	1192.23
691.03	1194.19
691.22	1191.63
691.41	1202.32
691.61	1187.80
691.80	1197.84
691.99	1187.86
692.19	1202.83
692.38	1184.03
692.57	1192.84
692.76	1187.60
692.96	1198.78
693.15	1186.84
693.34	1191.92
693.54	1187.35
693.73	1194.31
693.92	1194.23
694.12	1195.79
694.31	1188.54
694.50	1199.78
694.70	1191.94
694.89	1194.91
695.08	1190.20
695.27	1195.38
695.47	1196.79
695.66	1197.16
695.85	1191.75
696.05	1201.40
696.24	1186.63
696.43	1193.97
696.62	1190.71
696.82	1201.24
697.01	1189.75
697.20	1201.22
697.40	1185.36
697.59	1190.44
697.78	1192.06
697.97	1190.83
698.17	1184.05
698.36	1203.12
698.55	1189.77
698.74	1190.14
698.94	1190.46
699.13	1197.96
699.32	1190.83
699.52	1195.99
699.71	1192.84
699.90	1195.71
700.09	1184.48
700.29	1195.81
700.48	1191.16
700.67	1195.71
700.86	1186.02
701.06	1194.68
701.25	1192.41
701.44	1200.74
701.63	1189.30
701.83	1195.34
702.02	1189.95
702.21	1193.43
702.40	1189.44
702.60	1195.32
702.79	1191.86
702.98	1193.17
703.17	1189.44
703.37	1199.47
703.56	1193.33
703.75	1194.23
703.94	1184.65
704.13	1195.54
704.33	1190.07
704.52	1195.89
704.71	1190.57
704.90	1190.73
705.10	1191.45
705.29	1194.97
705.48	1187.17
705.67	1199.64
705.86	1190.73
706.06	1191.73
706.25	1188.46
706.44	1198.06
706.63	1195.44
706.83	1201.01
707.02	1186.08
707.21	1198.84
707.40	1191.45
707.59	1191.75
707.79	1187.68
707.98	1189.97
708.17	1188.68
708.36	1199.80
708.55	1198.78
708.75	1201.22
708.94	1188.70
709.13	1189.71
709.32	1185.84
709.51	1192.53
709.71	1192.78
709.90	1197.75
710.09	1184.46
710.28	1197.55
710.47	1187.80
710.66	1196.14
710.86	1189.56
711.05	1194.25
711.24	1187.80
711.43	1198.61
711.62	1194.54
711.82	1195.62
712.01	1190.93
712.20	1190.93
712.39	1194.44
712.58	1201.28
712.77	1188.56
712.97	1199.43
713.16	1193.09
713.35	1193.04
713.54	1186.86
713.73	1190.22
713.92	1192.25
714.11	1200.17
714.31	1186.96
714.50	1197.90
714.69	1196.42
714.88	1206.81
715.07	1184.57
715.26	1196.32
715.46	1193.00
715.65	1189.93
715.84	1190.98
716.03	1198.88
716.22	1191.55
716.41	1194.29
716.60	1192.53
716.80	1198.14
716.99	1191.88
717.18	1199.45
717.37	1189.03
717.56	1195.32
717.75	1188.68
717.94	1198.80
718.13	1188.99
718.33	1196.16
718.52	1191.08
718.71	1196.91
718.90	1195.50
719.09	1200.42
719.28	1189.73
719.47	1200.48
719.66	1190.44
719.85	1195.60
720.05	1185.73
720.24	1193.56
720.43	1190.34
720.62	1200.25
720.81	1203.57
721.00	1200.52
721.19	1196.73
721.38	1192.41
721.57	1187.92
721.77	1191.28
721.96	1189.71
722.15	1193.47
722.34	1189.11
722.53	1195.99
722.72	1185.88
722.91	1195.93
723.10	1191.16
723.29	1199.41
723.48	1185.57
723.67	1199.97
723.87	1191.04
724.06	1202.01
724.25	1189.83
724.44	1191.96
724.63	1191.18
724.82	1196.14
725.01	1192.10
725.20	1192.10
725.39	1191.59
725.58	1196.03
725.77	1184.73
725.96	1198.90
726.15	1187.60
726.34	1188.46
726.54	1185.34
726.73	1198.80
726.92	1186.74
727.11	1196.63
727.30	1186.49
727.49	1202.03
727.68	1190.55
727.87	1193.95
728.06	1187.64
728.25	1191.30
728.44	1188.46
728.63	1194.23
728.82	1189.97
729.01	1198.43
729.20	1188.99
729.39	1204.00
729.58	1181.56
729.77	1198.23
729.96	1192.47
730.15	1192.25
730.34	1184.95
730.53	1199.41
730.73	1194.89
730.92	1191.55
731.11	1188.60
731.30	1202.59
731.49	1188.19
731.68	1197.41
731.87	1193.80
732.06	1193.02
732.25	1188.97
732.44	1195.38
732.63	1190.07
732.82	1201.34
733.01	1190.28
733.20	1201.03
733.39	1191.16
733.58	1195.32
733.77	1188.35
733.96	1202.96
734.15	1191.32
734.34	1195.54
734.53	1187.80
734.72	1197.94
734.91	1190.28
735.10	1188.17
735.29	1189.40
735.48	1196.24
735.67	1185.26
735.86	1198.33
736.05	1192.39
736.24	1195.85
736.43	1187.64
736.62	1189.05
736.81	1188.42
737.00	1205.07
737.19	1188.58
737.38	1198.51
737.57	1190.26
737.76	1196.08
737.95	1187.62
738.14	1198.80
738.33	1190.46
738.51	1191.57
738.70	1185.65
738.89	1203.94
739.08	1190.77
739.27	1198.25
739.46	1189.71
739.65	1196.38
739.84	1186.04
740.03	1195.42
740.22	1196.61
740.41	1203.08
740.60	1187.19
740.79	1194.31
740.98	1185.59
741.17	1196.18
741.36	1189.69
741.55	1190.61
741.74	1188.68
741.93	1201.73
742.12	1187.15
742.31	1192.96
742.50	1190.69
742.68	1197.82
742.87	1193.70
743.06	1190.67
743.25	1189.46
743.44	1187.33
743.63	1189.03
743.82	1194.05
744.01	1187.56
744.20	1200.74
744.39	1190.93
744.58	1198.37
744.77	1193.74
744.96	1198.25
745.14	1186.86
745.33	1189.81
745.52	1187.97
745.71	1195.65
745.90	1191.77
746.09	1193.56
746.28	1182.56
746.47	1197.34
746.66	1186.20
746.85	1192.98
747.04	1184.44
747.22	1189.99
747.41	1188.50
747.60	1196.14
747.79	1192.41
747.98	1196.79
748.17	1180.86
748.36	1195.52
748.55	1190.63
748.74	1192.59
748.93	1186.20
749.11	1195.75
749.30	1189.56
749.49	1193.95
749.68	1189.75
749.87	1194.01
750.06	1188.40
750.25	1196.81
750.44	1190.55
750.62	1191.22
750.81	1188.19
751.00	1193.68
751.19	1182.72
751.38	1194.81
751.57	1185.49
751.76	1198.68
751.95	1183.62
752.13	1197.24
752.32	1185.02
752.51	1189.77
752.70	1191.34
752.89	1192.33
753.08	1193.29
753.27	1194.99
753.45	1191.28
753.64	1193.95
753.83	1193.80
754.02	1191.22
754.21	1190.85
754.40	1193.64
754.58	1187.47
754.77	1195.09
754.96	1195.97
755.15	1205.07
755.34	1188.76
755.53	1192.78
755.71	1184.77
755.90	1195.87
756.09	1180.84
756.28	1191.43
756.47	1187.58
756.66	1193.06
756.84	1192.33
757.03	1194.40
757.22	1186.24
757.41	1195.77
757.60	1191.92
757.79	1197.61
757.97	1185.90
758.16	1190.61
758.35	1195.54
758.54	1197.88
758.73	1188.68
758.91	1195.67
759.10	1188.80
759.29	1196.73
759.48	1190.12
759.67	1196.16
759.85	1195.91
760.04	1196.57
760.23	1187.51
760.42	1197.71
760.61	1189.67
760.79	1197.90
760.98	1185.69
761.17	1197.84
761.36	1187.62
761.55	1197.16
761.73	1185.75
761.92	1200.70
762.11	1188.83
762.30	1190.55
762.49	1189.48
762.67	1194.74
762.86	1190.10
763.05	1200.48
763.24	1190.65
763.42	1194.72
763.61	1185.90
763.80	1193.99
763.99	1190.63
764.17	1195.09
764.36	1191.94
764.55	1196.81
764.74	1190.10
764.92	1192.23
765.11	1186.41
765.30	1196.28
765.49	1187.74
765.68	1198.57
765.86	1191.08
766.05	1197.86
766.24	1189.87
766.43	1200.40
766.61	1189.95
766.80	1197.47
766.99	1186.53
767.17	1197.24
767.36	1194.25
767.55	1190.85
767.74	1182.78
767.92	1197.10
768.11	1190.59
768.30	1192.94
768.49	1188.62
768.67	1191.69
768.86	1192.33
769.05	1197.75
769.24	1190.63
769.42	1188.19
769.61	1187.76
769.80	1193.80
769.98	1197.06
770.17	1195.40
770.36	1192.55
770.55	1189.85
770.73	1181.49
770.92	1189.69
771.11	1194.97
771.29	1200.15
771.48	1189.62
771.67	1191.02
771.86	1189.56
772.04	1194.17
772.23	1193.19
772.42	1193.04
772.60	1185.65
772.79	1199.78
772.98	1192.74
773.16	1193.49
773.35	1192.96
773.54	1191.39
773.72	1193.72
773.91	1197.65
774.10	1191.82
774.29	1198.84
774.47	1191.36
774.66	1196.30
774.85	1197.22
775.03	1202.83
775.22	1187.60
775.41	1194.60
775.59	1194.58
775.78	1186.35
775.97	1184.95
776.15	1185.69
776.34	1195.22
776.53	1198.14
776.71	1189.36
776.90	1186.51
777.09	1181.06
777.27	1194.21
777.46	1185.16
777.65	1190.69
777.83	1186.80
778.02	1198.29
778.21	1191.20
778.39	1193.80
778.58	1185.59
778.76	1192.53
778.95	1185.53
779.14	1195.91
779.32	1192.35
779.51	1194.62
779.70	1187.02
779.88	1192.47
780.07	1190.83
780.26	1192.98
780.44	1180.20
780.63	1203.30
780.81	1185.26
781.00	1197.45
781.19	1189.95
781.37	1199.70
781.56	1191.88
781.75	1190.18
781.93	1185.36
782.12	1195.13
782.30	1192.90
782.49	1194.89
782.68	1190.53
782.86	1199.52
783.05	1184.91
783.23	1199.66
783.42	1192.00
783.61	1194.89
783.79	1188.93
783.98	1195.79
784.16	1184.83
784.35	1198.86
784.54	1188.15
784.72	1185.92
784.91	1187.97
785.09	1197.65
785.28	1198.84
785.47	1192.66
785.65	1192.43
785.84	1189.87
786.02	1193.54
786.21	1196.71
786.40	1189.87
786.58	1192.20
786.77	1183.60
786.95	1192.25
787.14	1186.76
787.32	1192.55
787.51	1196.01
787.70	1199.37
787.88	1191.75
788.07	1201.65
788.25	1188.21
788.44	1192.18
788.62	1188.09
788.81	1195.69
789.00	1182.19
789.18	1194.72
789.37	1185.77
789.55	1202.28
789.74	1191.32
789.92	1193.02
790.11	1190.59
790.29	1197.39
790.48	1197.71
790.67	1193.60
790.85	1187.74
791.04	1191.39
791.22	1193.25
791.41	1195.95
791.59	1188.64
791.78	1192.92
791.96	1195.26
792.15	1192.37
792.33	1190.91
792.52	1201.13
792.70	1186.14
792.89	1193.47
793.07	1196.69
793.26	1194.40
793.45	1183.07
793.63	1195.85
793.82	1185.75
794.00	1191.14
794.19	1196.46
794.37	1194.78
794.56	1184.16
794.74	1194.05
794.93	1190.65
795.11	1193.82
795.30	1190.22
795.48	1195.60
795.67	1190.26
795.85	1193.56
796.04	1188.19
796.22	1193.09
796.41	1189.11
796.59	1189.95
796.78	1193.54
796.96	1189.95
797.15	1186.78
797.33	1193.99
797.52	1182.89
797.70	1195.30
797.89	1187.70
798.07	1190.77
798.26	1186.86
798.44	1199.04
798.63	1186.39
798.81	1194.19
798.99	1192.18
799.18	1198.47
799.36	1189.93
799.55	1190.03
799.73	1190.40
799.92	1191.94
800.10	1183.58
800.29	1188.70
800.47	1190.12
800.66	1192.27
800.84	1187.35
801.03	1190.89
801.21	1186.70
801.39	1198.47
801.58	1195.42
801.76	1189.03
801.95	1188.68
802.13	1199.17
802.32	1190.40
802.50	1192.31
802.69	1190.98
802.87	1202.44
803.06	1185.77
803.24	1196.83
803.42	1194.56
803.61	1190.85
803.79	1186.90
803.98	1197.59
804.16	1183.40
804.35	1198.68
804.53	1189.97
804.71	1185.00
804.90	1187.04
805.08	1187.54
805.27	1181.39
805.45	1192.45
805.63	1191.79
805.82	1190.03
806.00	1189.48
806.19	1191.73
806.37	1191.28
806.56	1188.33
806.74	1189.09
806.92	1194.33
807.11	1190.98
807.29	1194.11
807.48	1190.89
807.66	1193.68
807.84	1184.95
808.03	1194.64
808.21	1186.76
808.40	1191.47
808.58	1192.16
808.76	1187.25
808.95	1187.04
809.13	1196.83
809.32	1181.53
809.50	1195.65
809.68	1194.50
809.87	1195.42
810.05	1193.09
810.23	1191.10
810.42	1195.05
810.60	1196.12
810.79	1190.01
810.97	1200.56
811.15	1194.85
811.34	1189.62
811.52	1187.47
811.70	1195.03
811.89	1184.50
812.07	1200.52
812.25	1188.56
812.44	1197.69
812.62	1188.09
812.81	1201.11
812.99	1190.67
813.17	1198.59
813.36	1192.94
813.54	1192.04
813.72	1193.25
813.91	1191.26
814.09	1187.39
814.27	1194.05
814.46	1185.63
814.64	1194.52
814.82	1189.89
815.01	1194.91
815.19	1191.92
815.37	1192.90
815.56	1194.52
815.74	1188.58
815.92	1197.57
816.11	1193.43
816.29	1193.29
816.47	1189.64
816.66	1185.69
816.84	1197.20
817.02	1195.42
817.21	1190.83
817.39	1190.73
817.57	1194.09
817.76	1184.69
817.94	1188.66
818.12	1184.55
818.30	1199.60
818.49	1189.73
818.67	1194.60
818.85	1183.13
819.04	1197.14
819.22	1193.27
819.40	1194.09
819.59	1191.59
819.77	1198.12
819.95	1183.99
820.13	1192.20
820.32	1185.10
820.50	1198.41
820.68	1192.25
820.87	1199.88
821.05	1185.36
821.23	1196.89
821.41	1190.26
821.60	1197.71
821.78	1188.01
821.96	1193.74
822.14	1186.76
822.33	1197.69
822.51	1194.60
822.69	1196.24
822.88	1193.27
823.06	1194.46
823.24	1185.32
823.42	1193.54
823.61	1191.28
823.79	1192.72
823.97	1192.49
824.15	1196.12
824.34	1189.97
824.52	1198.27
824.70	1186.16
824.88	1194.58
825.07	1188.13
825.25	1193.37
825.43	1187.80
825.61	1195.13
825.80	1182.78
825.98	1187.51
826.16	1185.69
826.34	1197.73
826.53	1188.09
826.71	1191.36
826.89	1196.73
827.07	1193.54
827.25	1196.26
827.44	1196.01
827.62	1192.53
827.80	1199.09
827.98	1187.68
828.17	1195.17
828.35	1183.17
828.53	1197.32
828.71	1188.13
828.89	1189.11
829.08	1194.56
829.26	1194.56
829.44	1192.70
829.62	1190.32
829.80	1191.26
829.99	1188.78
830.17	1191.88
830.35	1194.78
830.53	1188.01
830.71	1200.15
830.90	1187.21
831.08	1197.98
831.26	1191.26
831.44	1194.74
831.62	1189.40
831.81	1194.64
831.99	1190.53
832.17	1197.63
832.35	1184.81
832.53	1196.01
832.71	1184.95
832.90	1190.16
833.08	1192.04
833.26	1194.31
833.44	1189.50
833.62	1199.80
833.81	1189.73
833.99	1197.16
834.17	1191.94
834.35	1195.79
834.53	1189.97
834.71	1191.36
834.89	1188.99
835.08	1193.25
835.26	1187.31
835.44	1196.87
835.62	1188.50
835.80	1185.02
835.98	1191.10
836.17	1192.61
836.35	1188.56
836.53	1195.87
836.71	1192.84
836.89	1184.83
837.07	1190.10
837.25	1200.93
837.44	1192.53
837.62	1194.21
837.80	1189.21
837.98	1201.17
838.16	1189.73
838.34	1194.60
838.52	1191.84
838.70	1195.50
838.89	1187.99
839.07	1197.08
839.25	1189.36
839.43	1197.96
839.61	1189.19
839.79	1186.16
839.97	1192.45
840.15	1195.73
840.33	1191.08
840.52	1196.57
840.70	1190.36
840.88	1195.22
841.06	1176.35
841.24	1196.77
841.42	1186.49
841.60	1196.65
841.78	1186.78
841.96	1187.43
842.14	1192.68
842.33	1193.06
842.51	1188.29
842.69	1194.54
842.87	1190.38
843.05	1192.74
843.23	1185.57
843.41	1197.08
843.59	1188.97
843.77	1191.96
843.95	1193.76
844.13	1188.91
844.31	1197.20
844.49	1191.39
844.68	1187.82
844.86	1193.17
845.04	1193.56
845.22	1190.75
845.40	1189.58
845.58	1196.69
845.76	1188.35
845.94	1194.23
846.12	1184.20
846.30	1198.27
846.48	1187.08
846.66	1195.17
846.84	1185.16
847.02	1200.66
847.20	1183.28
847.38	1189.62
847.56	1197.30
847.74	1190.83
847.92	1192.20
848.11	1189.87
848.29	1188.91
848.47	1195.15
848.65	1190.26
848.83	1197.90
849.01	1191.12
849.19	1195.17
849.37	1193.21
849.55	1193.39
849.73	1194.58
849.91	1196.77
850.09	1190.28
850.27	1194.19
850.45	1199.19
850.63	1195.87
850.81	1186.92
850.99	1193.99
851.17	1191.30
851.35	1194.74
851.53	1187.23
851.71	1187.92
851.89	1184.73
852.07	1199.52
852.25	1194.66
852.43	1198.00
852.61	1184.20
852.79	1193.43
852.97	1193.15
853.15	1195.07
853.33	1193.25
853.51	1193.66
853.69	1187.84
853.87	1191.53
854.05	1185.59
854.23	1197.61
854.41	1195.34
854.59	1193.60
854.77	1196.34
854.95	1192.74
855.13	1184.48
855.31	1196.89
855.49	1184.07
855.67	1196.73
855.84	1185.32
856.02	1197.53
856.20	1183.64
856.38	1195.77
856.56	1200.23
856.74	1199.60
856.92	1193.06
857.10	1194.89
857.28	1191.30
857.46	1195.34
857.64	1196.69
857.82	1195.40
858.00	1185.30
858.18	1200.48
858.36	1189.19
858.54	1200.19
858.72	1185.34
858.90	1191.65
859.08	1187.39
859.25	1193.70
859.43	1191.77
859.61	1192.76
859.79	1191.47
859.97	1197.71
860.15	1193.78
860.33	1193.23
860.51	1182.01
860.69	1195.58
860.87	1187.47
861.05	1199.64
861.23	1187.31
861.41	1199.72
861.58	1192.59
861.76	1190.89
861.94	1199.09
862.12	1195.48
862.30	1190.36
862.48	1192.06
862.66	1180.80
862.84	1199.64
863.02	1187.68
863.20	1198.88
863.37	1190.38
863.55	1199.47
863.73	1185.18
863.91	1193.97
864.09	1185.57
864.27	1198.08
864.45	1189.60
864.63	1193.68
864.80	1195.15
864.98	1195.03
865.16	1189.83
865.34	1189.71
865.52	1191.32
865.70	1192.88
865.88	1183.23
866.06	1191.67
866.23	1191.39
866.41	1193.62
866.59	1185.00
866.77	1189.83
866.95	1190.69
867.13	1191.73
867.31	1194.13
867.48	1188.40
867.66	1190.42
867.84	1195.28
868.02	1185.04
868.20	1193.35
868.38	1186.27
868.56	1189.13
868.73	1192.12
868.91	1198.68
869.09	1192.23
869.27	1195.79
869.45	1186.68
869.63	1189.93
869.80	1184.46
869.98	1191.77
870.16	1181.82
870.34	1196.94
870.52	1190.07
870.70	1197.20
870.87	1185.14
871.05	1197.12
871.23	1187.23
871.41	1197.47
871.59	1188.68
871.76	1197.41
871.94	1190.67
872.12	1198.29
872.30	1184.18
872.48	1195.40
872.65	1189.03
872.83	1198.49
873.01	1190.77
873.19	1193.11
873.37	1188.80
873.54	1200.77
873.72	1191.02
873.90	1189.32
874.08	1191.73
874.26	1188.76
874.43	1190.61
874.61	1200.48
874.79	1185.00
874.97	1192.02
875.15	1186.65
875.32	1197.24
875.50	1192.82
875.68	1200.79
875.86	1187.25
876.03	1188.42
876.21	1191.14
876.39	1198.08
876.57	1192.55
876.74	1202.49
876.92	1184.24
877.10	1192.45
877.28	1188.50
877.45	1193.00
877.63	1181.04
877.81	1191.57
877.99	1189.62
878.17	1197.47
878.34	1188.50
878.52	1193.41
878.70	1196.40
878.87	1200.85
879.05	1191.08
879.23	1193.74
879.41	1188.99
879.58	1192.00
879.76	1186.16
879.94	1189.79
880.12	1191.04
880.29	1192.18
880.47	1185.00
880.65	1192.04
880.83	1192.55
881.00	1195.62
881.18	1191.71
881.36	1202.44
881.53	1184.28
881.71	1190.61
881.89	1190.89
882.07	1189.71
882.24	1188.05
882.42	1189.28
882.60	1192.04
882.77	1189.34
882.95	1188.70
883.13	1193.17
883.30	1188.01
883.48	1193.72
883.66	1185.73
883.84	1200.46
884.01	1181.64
884.19	1197.02
884.37	1195.38
884.54	1191.57
884.72	1182.87
884.90	1196.28
885.07	1189.93
885.25	1193.74
885.43	1187.86
885.60	1196.59
885.78	1186.96
885.96	1195.38
886.13	1181.66
886.31	1197.49
886.49	1189.05
886.66	1192.88
886.84	1187.86
887.02	1195.32
887.19	1185.32
887.37	1195.91
887.55	1184.42
887.72	1198.02
887.90	1189.42
888.08	1188.89
888.25	1180.53
888.43	1196.61
888.61	1197.08
888.78	1188.91
888.96	1191.49
889.14	1199.29
889.31	1192.80
889.49	1197.53
889.67	1183.64
889.84	1194.56
890.02	1183.48
890.19	1194.99
890.37	1184.26
890.55	1198.27
890.72	1187.84
890.90	1195.17
891.08	1186.29
891.25	1192.55
891.43	1186.43
891.60	1196.03
891.78	1192.55
891.96	1193.15
892.13	1187.37
892.31	1192.53
892.48	1190.69
892.66	1197.75
892.84	1186.43
893.01	1200.99
893.19	1189.15
893.36	1196.96
893.54	1196.65
893.72	1192.92
893.89	1191.10
894.07	1191.47
894.24	1190.28
894.42	1203.41
894.60	1192.74
894.77	1200.74
894.95	1187.33
895.12	1191.53
895.30	1179.98
895.48	1191.90
895.65	1188.70
895.83	1196.18
896.00	1188.03
896.18	1198.96
896.35	1193.37
896.53	1193.41
896.71	1185.38
896.88	1196.67
897.06	1191.61
897.23	1197.55
897.41	1189.17
897.58	1192.47
897.76	1190.20
897.93	1191.18
898.11	1185.98
898.29	1191.55
898.46	1188.15
898.64	1192.88
898.81	1194.83
898.99	1194.91
899.16	1181.60
899.34	1191.71
899.51	1189.73
899.69	1195.32
899.86	1189.52
900.04	1195.32
900.21	1191.24
900.39	1197.92
900.57	1187.43
900.74	1191.32
900.92	1190.01
901.09	1200.15
901.27	1194.17
901.44	1201.24
901.62	1189.21
901.79	1194.38
901.97	1178.93
902.14	1192.59
902.32	1189.87
902.49	1195.83
902.67	1188.48
902.84	1198.12
903.02	1191.20
903.19	1195.26
903.37	1188.85
903.54	1195.56
903.72	1190.44
903.89	1195.36
904.07	1187.74
904.24	1190.16
904.42	1188.91
904.59	1194.56
904.77	1185.79
904.94	1197.10
905.12	1191.22
905.29	1194.87
905.47	1190.10
905.64	1192.57
905.82	1180.47
905.99	1188.85
906.16	1193.27
906.34	1198.96
906.51	1189.23
906.69	1188.09
906.86	1185.47
907.04	1195.38
907.21	1183.36
907.39	1192.06
907.56	1181.58
907.74	1193.15
907.91	1193.49
908.09	1195.32
908.26	1189.91
908.43	1195.99
908.61	1192.63
908.78	1189.01
908.96	1190.93
909.13	1196.85
909.31	1195.58
909.48	1194.76
909.65	1190.34
909.83	1195.09
910.00	1186.27
910.18	1195.52
910.35	1191.06
910.53	1192.80
910.70	1188.50
910.87	1198.92
911.05	1192.98
911.22	1207.09
911.40	1196.42
911.57	1193.70
911.75	1196.46
911.92	1193.15
912.09	1187.21
912.27	1199.54
912.44	1190.05
912.62	1193.76
912.79	1189.69
912.96	1200.87
913.14	1185.84
913.31	1193.62
913.49	1191.96
913.66	1200.83
913.83	1187.99
914.01	1194.97
914.18	1191.47
914.36	1193.15
914.53	1188.09
914.70	1197.63
914.88	1195.56
915.05	1190.53
915.22	1184.34
915.40	1192.33
915.57	1186.72
915.75	1201.87
915.92	1189.09
916.09	1198.94
916.27	1192.49
916.44	1194.29
916.61	1194.40
916.79	1193.19
916.96	1189.58
917.13	1195.50
917.31	1191.65
917.48	1186.24
917.66	1185.75
917.83	1194.48
918.00	1182.68
918.18	1192.27
918.35	1192.43
918.52	1185.73
918.70	1193.56
918.87	1193.88
919.04	1183.77
919.22	1199.70
919.39	1186.22
919.56	1198.14
919.74	1184.26
919.91	1200.44
920.08	1194.11
920.26	1191.79
920.43	1189.32
920.60	1187.00
920.78	1193.78
920.95	1192.98
921.12	1188.09
921.29	1195.81
921.47	1188.13
921.64	1195.44
921.81	1186.96
921.99	1196.32
922.16	1189.30
922.33	1195.79
922.51	1196.59
922.68	1198.12
922.85	1189.93
923.03	1194.54
923.20	1190.07
923.37	1194.83
923.54	1187.31
923.72	1195.11
923.89	1191.94
924.06	1198.47
924.24	1186.33
924.41	1194.81
924.58	1192.61
924.75	1194.78
924.93	1190.16
925.10	1194.46
925.27	1188.52
925.44	1193.64
925.62	1186.22
925.79	1200.42
925.96	1187.06
926.14	1193.39
926.31	1186.43
926.48	1193.80
926.65	1191.30
926.83	1189.38
927.00	1187.62
927.17	1192.20
927.34	1187.11
927.52	1191.65
927.69	1187.72
927.86	1195.34
928.03	1184.95
928.21	1200.21
928.38	1179.67
928.55	1184.87
928.72	1189.09
928.89	1192.14
929.07	1191.73
929.24	1192.16
929.41	1190.26
929.58	1190.71
929.76	1188.74
929.93	1195.60
930.10	1185.32
930.27	1198.45
930.44	1191.86
930.62	1204.08
930.79	1190.26
930.96	1195.60
931.13	1188.37
931.31	1195.95
931.48	1185.69
931.65	1200.93
931.82	1187.39
931.99	1191.43
932.17	1186.43
932.34	1194.54
932.51	1192.96
932.68	1196.55
932.85	1186.96
933.03	1196.12
933.20	1185.20
933.37	1193.68
933.54	1186.27
933.71	1191.96
933.88	1187.51
934.06	1194.87
934.23	1186.92
934.40	1194.03
934.57	1189.17
934.74	1195.79
934.91	1191.55
935.09	1197.30
935.26	1189.17
935.43	1194.42
935.60	1192.08
935.77	1195.38
935.94	1192.66
936.12	1193.31
936.29	1194.38
936.46	1194.87
936.63	1191.90
936.80	1194.42
936.97	1193.00
937.14	1199.45
937.32	1187.54
937.49	1198.51
937.66	1189.91
937.83	1195.36
938.00	1188.60
938.17	1191.10
938.34	1184.85
938.52	1185.59
938.69	1192.29
938.86	1194.72
939.03	1188.50
939.20	1194.70
939.37	1187.62
939.54	1188.93
939.71	1190.16
939.89	1197.39
940.06	1189.60
940.23	1185.79
940.40	1194.40
940.57	1192.88
940.74	1190.61
940.91	1188.62
941.08	1192.18
941.25	1186.39
941.43	1187.27
941.60	1193.17
941.77	1191.94
941.94	1197.75
942.11	1182.82
942.28	1193.92
942.45	1190.10
942.62	1189.38
942.79	1192.80
942.96	1196.36
943.13	1187.49
943.30	1193.62
943.48	1186.04
943.65	1198.88
943.82	1187.60
943.99	1204.25
944.16	1190.20
944.33	1195.81
944.50	1190.26
944.67	1192.06
944.84	1190.63
945.01	1201.83
945.18	1193.78
945.35	1198.68
945.52	1189.77
945.69	1190.87
945.86	1197.86
946.03	1199.82
946.21	1187.74
946.38	1190.75
946.55	1188.80
946.72	1200.56
946.89	1188.76
947.06	1193.49
947.23	1189.97
947.40	1195.05
947.57	1182.03
947.74	1188.29
947.91	1189.30
948.08	1200.40
948.25	1191.73
948.42	1197.71
948.59	1181.04
948.76	1193.58
948.93	1188.11
949.10	1202.63
949.27	1185.16
949.44	1193.04
949.61	1189.34
949.78	1190.73
949.95	1187.56
950.12	1193.97
950.29	1188.91
950.46	1202.49
950.63	1192.31
950.80	1194.52
950.97	1186.88
951.14	1202.14
951.31	1192.74
951.48	1197.69
951.65	1187.80
951.82	1196.01
951.99	1186.31
952.16	1194.29
952.33	1187.88
952.50	1195.62
952.67	1191.86
952.84	1194.07
953.01	1189.69
953.18	1187.54
953.35	1192.31
953.52	1190.63
953.69	1194.60
953.86	1195.79
954.03	1185.24
954.20	1198.66
954.37	1193.62
954.54	1194.81
954.70	1183.64
954.87	1198.84
955.04	1188.42
955.21	1194.74
955.38	1182.78
955.55	1188.72
955.72	1190.67
955.89	1197.67
956.06	1189.60
956.23	1200.70
956.40	1182.68
956.57	1190.28
956.74	1187.41
956.91	1193.25
957.08	1185.18
957.25	1188.87
957.41	1191.14
957.58	1193.70
957.75	1186.51
957.92	1191.26
958.09	1185.63
958.26	1196.42
958.43	1188.46
958.60	1196.40
958.77	1190.55
958.94	1196.20
959.11	1189.91
959.27	1202.32
959.44	1188.29
959.61	1193.49
959.78	1185.75
959.95	1192.61
960.12	1192.78
960.29	1199.99
960.46	1191.30
960.63	1200.79
960.80	1187.11
960.96	1202.12
961.13	1193.76
961.30	1202.67
961.47	1187.60
961.64	1198.14
961.81	1188.66
961.98	1196.94
962.15	1185.67
962.31	1198.70
962.48	1183.21
962.65	1204.59
962.82	1186.86
962.99	1203.04
963.16	1190.67
963.33	1194.03
963.49	1190.77
963.66	1195.22
963.83	1189.42
964.00	1191.98
964.17	1184.34
964.34	1197.51
964.51	1187.13
964.67	1197.73
964.84	1186.70
965.01	1208.90
965.18	1189.62
965.35	1198.29
965.52	1185.81
965.68	1187.13
965.85	1187.64
966.02	1191.06
966.19	1191.86
966.36	1193.33
966.52	1186.35
966.69	1198.80
966.86	1185.84
967.03	1190.50
967.20	1187.64
967.37	1195.46
967.53	1189.93
967.70	1197.86
967.87	1180.67
968.04	1193.95
968.21	1182.82
968.37	1199.29
968.54	1182.07
968.71	1191.22
968.88	1186.08
969.05	1195.11
969.21	1191.59
969.38	1199.33
969.55	1191.20
969.72	1198.55
969.89	1191.75
970.05	1191.86
970.22	1182.89
970.39	1202.08
970.56	1193.76
970.72	1196.08
970.89	1191.36
971.06	1200.87
971.23	1181.13
971.39	1195.42
971.56	1186.35
971.73	1190.53
971.90	1189.93
972.07	1194.40
972.23	1192.20
972.40	1190.55
972.57	1187.47
972.74	1192.82
972.90	1198.08
973.07	1193.41
973.24	1195.01
973.40	1191.45
973.57	1192.72
973.74	1194.93
973.91	1186.59
974.07	1195.85
974.24	1185.10
974.41	1200.93
974.58	1187.60
974.74	1192.39
974.91	1186.59
975.08	1194.15
975.25	1185.77
975.41	1190.96
975.58	1190.75
975.75	1196.40
975.91	1189.17
976.08	1191.18
976.25	1189.62
976.42	1188.50
976.58	1190.71
976.75	1192.12
976.92	1182.03
977.08	1197.08
977.25	1189.23
977.42	1195.05
977.58	1187.21
977.75	1195.40
977.92	1189.77
978.08	1193.47
978.25	1190.22
978.42	1192.04
978.59	1193.99
978.75	1191.69
978.92	1187.11
979.09	1191.86
979.25	1190.69
979.42	1205.29
979.59	1184.50
979.75	1201.79
979.92	1184.65
980.09	1196.75
980.25	1190.26
980.42	1192.14
980.59	1188.15
980.75	1192.84
980.92	1193.21
981.09	1189.26
981.25	1189.32
981.42	1195.85
981.59	1186.88
981.75	1195.56
981.92	1191.55
982.08	1193.35
982.25	1194.87
982.42	1197.78
982.58	1191.92
982.75	1189.05
982.92	1189.81
983.08	1188.31
983.25	1189.05
983.42	1192.66
983.58	1191.04
983.75	1191.61
983.91	1192.57
984.08	1196.91
984.25	1192.33
984.41	1192.14
984.58	1188.70
984.74	1196.81
984.91	1184.46
985.08	1197.43
985.24	1186.00
985.41	1199.47
985.57	1184.40
985.74	1196.32
985.91	1190.46
986.07	1198.39
986.24	1185.43
986.40	1197.41
986.57	1190.93
986.74	1196.46
986.90	1186.51
987.07	1200.74
987.23	1186.55
987.40	1190.07
987.57	1188.50
987.73	1199.97
987.90	1189.26
988.06	1189.46
988.23	1186.47
988.39	1193.13
988.56	1189.21
988.73	1194.15
988.89	1188.58
989.06	1192.70
989.22	1191.39
989.39	1196.63
989.55	1184.98
989.72	1195.95
989.88	1194.07
990.05	1191.61
990.22	1190.55
990.38	1192.82
990.55	1186.41
990.71	1192.29
990.88	1193.04
991.04	1192.92
991.21	1178.46
991.37	1194.56
991.54	1190.73
991.70	1192.51
991.87	1182.15
992.03	1194.66
992.20	1187.06
992.36	1194.17
992.53	1195.07
992.69	1190.22
992.86	1192.72
993.03	1186.39
993.19	1185.65
993.36	1197.32
993.52	1189.75
993.69	1198.92
993.85	1189.52
994.02	1193.41
994.18	1188.78
994.35	1192.90
994.51	1187.82
994.68	1198.18
994.84	1189.05
995.01	1194.21
995.17	1191.82
995.34	1196.26
995.50	1189.67
995.66	1201.40
995.83	1188.17
995.99	1197.10
996.16	1196.87
996.32	1196.40
996.49	1192.78
996.65	1194.27
996.82	1191.51
996.98	1192.20
997.15	1192.88
997.31	1197.47
997.48	1193.27
997.64	1196.79
997.81	1186.65
997.97	1195.30
998.13	1185.59
998.30	1199.41
998.46	1184.73
998.63	1199.25
998.79	1192.02
998.96	1194.68
999.12	1187.97
999.29	1191.30
999.45	1185.81
999.61	1202.14
999.78	1186.43
999.94	1191.55
1000.11	1186.27
1000.27	1199.56
1000.44	1197.88
1000.60	1192.96
1000.76	1190.79
1000.93	1198.06
1001.09	1189.03
1001.26	1193.02
1001.42	1192.23
1001.59	1189.85
1001.75	1188.54
1001.91	1189.15
1002.08	1191.94
1002.24	1196.65
1002.41	1186.74
1002.57	1199.95
1002.73	1189.58
1002.90	1197.94
1003.06	1186.72
1003.23	1191.84
1003.39	1184.44
1003.55	1196.61
1003.72	1187.64
1003.88	1195.71
1004.04	1184.12
1004.21	1190.14
1004.37	1194.97
1004.54	1192.98
1004.70	1189.05
1004.86	1191.96
1005.03	1185.57
1005.19	1192.90
1005.35	1190.10
1005.52	1192.76
1005.68	1184.30
1005.85	1196.44
1006.01	1180.41
1006.17	1199.23
1006.34	1190.53
1006.50	1199.50
1006.66	1193.43
1006.83	1191.67
1006.99	1185.14
1007.15	1189.46
1007.32	1193.74
1007.48	1191.94
1007.64	1180.84
1007.81	1201.85
1007.97	1191.04
1008.13	1194.83
1008.30	1186.14
1008.46	1195.54
1008.62	1188.07
1008.79	1189.26
1008.95	1189.75
1009.11	1197.04
1009.28	1186.14
1009.44	1194.74
1009.60	1185.51
1009.77	1198.94
1009.93	1188.58
1010.09	1193.78
1010.25	1182.91
1010.42	1197.22
1010.58	1191.26
1010.74	1194.15
1010.91	1189.28
1011.07	1199.74
1011.23	1188.35
1011.40	1190.75
1011.56	1185.61
1011.72	1190.81
1011.88	1187.51
1012.05	1192.76
1012.21	1188.78
1012.37	1195.34
1012.54	1194.17
1012.70	1200.99
1012.86	1188.66
1013.02	1195.67
1013.19	1187.13
1013.35	1195.07
1013.51	1188.97
1013.67	1195.38
1013.84	1190.71
1014.00	1195.30
1014.16	1189.34
1014.33	1192.94
1014.49	1189.77
1014.65	1197.04
1014.81	1191.22
1014.98	1198.35
1015.14	1188.27
1015.30	1193.95
1015.46	1185.34
1015.62	1196.42
1015.79	1186.78
1015.95	1198.82
1016.11	1183.97
1016.27	1196.89
1016.44	1180.26
1016.60	1194.91
1016.76	1189.11
1016.92	1198.43
1017.09	1194.62
1017.25	1197.26
1017.41	1184.05
1017.57	1189.54
1017.73	1186.00
1017.90	1196.26
1018.06	1192.10
1018.22	1193.58
1018.38	1192.02
1018.54	1194.42
1018.71	1185.47
1018.87	1193.70
1019.03	1195.44
1019.19	1192.70
1019.35	1189.40
1019.52	1194.11
1019.68	1195.77
1019.84	1194.19
1020.00	1196.30
1020.16	1190.18
1020.33	1187.92
1020.49	1191.39
1020.65	1182.89
1020.81	1191.20
1020.97	1187.00
1021.13	1199.29
1021.30	1191.51
1021.46	1196.24
1021.62	1197.30
1021.78	1198.66
1021.94	1185.04
1022.10	1197.16
1022.27	1188.62
1022.43	1198.25
1022.59	1184.91
1022.75	1194.95
1022.91	1186.33
1023.07	1194.15
1023.24	1177.75
1023.40	1194.56
1023.56	1195.17
1023.72	1192.12
1023.88	1192.47
1024.04	1197.82
1024.20	1193.02
1024.36	1196.96
1024.53	1187.11
1024.69	1196.91
1024.85	1189.15
1025.01	1196.51
1025.17	1186.49
1025.33	1193.56
1025.49	1187.47
1025.65	1198.70
1025.82	1193.47
1025.98	1198.92
1026.14	1186.33
1026.30	1197.22
1026.46	1193.92
1026.62	1199.80
1026.78	1189.60
1026.94	1199.56
1027.10	1191.71
1027.26	1194.44
1027.43	1183.95
1027.59	1196.85
1027.75	1190.28
1027.91	1192.59
1028.07	1184.61
1028.23	1201.09
1028.39	1185.16
1028.55	1195.58
1028.71	1192.92
1028.87	1190.44
1029.03	1190.42
1029.19	1196.75
1029.36	1196.51
1029.52	1194.56
1029.68	1185.14
1029.84	1198.37
1030.00	1186.51
1030.16	1192.70
1030.32	1188.93
1030.48	1199.33
1030.64	1196.12
1030.80	1200.31
1030.96	1185.69
1031.12	1194.09
1031.28	1188.70
1031.44	1190.65
1031.60	1188.91
1031.76	1191.02
1031.92	1188.19
1032.08	1200.62
1032.24	1192.74
1032.40	1199.76
1032.56	1182.13
1032.73	1201.67
1032.89	1186.31
1033.05	1197.71
1033.21	1184.38
1033.37	1197.69
1033.53	1188.93
1033.69	1197.10
1033.85	1189.36
1034.01	1194.19
1034.17	1186.74
1034.33	1196.83
1034.49	1190.38
1034.65	1194.89
1034.81	1196.28
1034.97	1192.39
1035.13	1192.41
1035.29	1192.35
1035.45	1188.89
1035.61	1201.34
1035.77	1187.70
1035.93	1198.04
1036.09	1192.33
1036.25	1190.34
1036.41	1194.33
1036.57	1193.74
1036.73	1192.12
1036.88	1195.09
1037.04	1190.53
