345.52	1195.34
345.73	1195.34
345.94	1195.34
346.16	1191.55
346.37	1196.91
346.58	1195.07
346.79	1192.23
347.00	1195.03
347.22	1201.54
347.43	1187.45
347.64	1196.91
347.85	1194.21
348.06	1198.57
348.28	1198.47
348.49	1199.02
348.70	1199.04
348.91	1195.28
349.12	1190.81
349.34	1203.53
349.55	1192.39
349.76	1205.86
349.97	1190.50
350.18	1206.38
350.40	1188.62
350.61	1205.43
350.82	1198.37
351.03	1203.41
351.24	1190.71
351.46	1197.59
351.67	1192.72
351.88	1203.61
352.09	1199.41
352.30	1200.87
352.51	1196.59
352.73	1202.69
352.94	1202.20
353.15	1203.71
353.36	1193.04
353.57	1196.71
353.79	1188.87
354.00	1199.21
354.21	1204.00
354.42	1200.17
354.63	1195.32
354.84	1196.20
355.06	1198.86
355.27	1203.00
355.48	1196.22
355.69	1203.80
355.90	1199.04
356.11	1203.08
356.33	1194.15
356.54	1205.58
356.75	1202.14
356.96	1200.15
357.17	1190.69
357.38	1203.18
357.60	1196.79
357.81	1202.16
358.02	1200.81
358.23	1206.01
358.44	1195.26
358.65	1201.09
358.87	1200.17
359.08	1203.78
359.29	1188.33
359.50	1201.38
359.71	1194.48
359.92	1198.98
360.13	1197.80
360.35	1201.52
360.56	1194.01
360.77	1203.82
360.98	1203.00
361.19	1201.50
361.40	1194.54
361.62	1203.14
361.83	1204.72
362.04	1198.41
362.25	1190.28
362.46	1197.88
362.67	1196.32
362.88	1203.82
363.10	1199.29
363.31	1202.59
363.52	1195.54
363.73	1206.27
363.94	1191.90
364.15	1206.46
364.36	1197.04
364.57	1198.88
364.79	1199.97
365.00	1206.13
365.21	1204.59
365.42	1200.31
365.63	1198.33
365.84	1207.48
366.05	1196.98
366.27	1211.52
366.48	1192.92
366.69	1206.36
366.90	1203.08
367.11	1204.78
367.32	1204.04
367.53	1202.79
367.74	1199.54
367.95	1200.01
368.17	1200.89
368.38	1208.57
368.59	1195.26
368.80	1203.08
369.01	1198.98
369.22	1197.22
369.43	1198.57
369.64	1205.39
369.86	1197.08
370.07	1204.98
370.28	1204.80
370.49	1206.01
370.70	1199.19
370.91	1211.80
371.12	1198.35
371.33	1196.75
371.54	1195.05
371.76	1203.61
371.97	1191.08
372.18	1202.24
372.39	1196.24
372.60	1199.72
372.81	1198.72
373.02	1201.95
373.23	1201.77
373.44	1206.46
373.65	1202.40
373.87	1206.58
374.08	1199.25
374.29	1205.00
374.50	1199.02
374.71	1207.18
374.92	1205.76
375.13	1203.20
375.34	1197.00
375.55	1202.94
375.76	1198.68
375.97	1205.29
376.19	1200.11
376.40	1201.85
376.61	1200.52
376.82	1210.49
377.03	1195.38
377.24	1209.18
377.45	1197.78
377.66	1211.33
377.87	1203.80
378.08	1210.78
378.29	1197.73
378.50	1207.26
378.71	1200.87
378.93	1205.27
379.14	1194.56
379.35	1204.49
379.56	1197.14
379.77	1205.99
379.98	1195.22
380.19	1211.13
380.40	1197.94
380.61	1211.50
380.82	1202.06
381.03	1209.86
381.24	1203.65
381.45	1204.43
381.66	1191.79
381.88	1207.67
382.09	1195.40
382.30	1208.94
382.51	1197.94
382.72	1204.02
382.93	1198.76
383.14	1202.22
383.35	1201.65
383.56	1208.36
383.77	1199.84
383.98	1204.31
384.19	1193.64
384.40	1198.06
384.61	1185.92
384.82	1204.84
385.03	1189.93
385.24	1209.69
385.45	1205.02
385.67	1204.08
385.88	1198.33
386.09	1206.58
386.30	1196.36
386.51	1199.17
386.72	1196.85
386.93	1207.65
387.14	1193.47
387.35	1204.70
387.56	1206.93
387.77	1207.65
387.98	1193.56
388.19	1207.93
388.40	1196.67
388.61	1209.55
388.82	1196.20
389.03	1205.84
389.24	1202.96
389.45	1200.13
389.66	1195.28
389.87	1207.71
390.08	1192.86
390.29	1211.19
390.50	1203.18
390.71	1211.56
390.92	1200.64
391.13	1212.03
391.34	1192.45
391.55	1205.02
391.76	1184.77
391.98	1199.95
392.19	1200.66
392.40	1200.25
392.61	1193.37
392.82	1205.31
393.03	1204.45
393.24	1208.14
393.45	1195.38
393.66	1200.99
393.87	1198.41
394.08	1202.83
394.29	1206.52
394.50	1204.86
394.71	1199.95
394.92	1207.42
395.13	1198.21
395.34	1208.61
395.55	1196.59
395.76	1202.79
395.97	1193.84
396.18	1209.67
396.39	1196.85
396.60	1201.91
396.81	1199.78
397.02	1206.07
397.23	1201.28
397.44	1214.26
397.65	1199.95
397.86	1207.89
398.07	1199.29
398.28	1205.23
398.49	1199.21
398.70	1210.57
398.91	1193.70
399.12	1199.45
399.33	1199.74
399.54	1212.97
399.75	1201.34
399.96	1202.73
400.17	1199.86
400.38	1204.21
400.59	1193.45
400.80	1196.65
401.01	1197.53
401.22	1208.18
401.42	1203.98
401.63	1205.17
401.84	1196.05
402.05	1198.57
402.26	1201.97
402.47	1204.88
402.68	1198.74
402.89	1200.31
403.10	1201.50
403.31	1206.72
403.52	1200.70
403.73	1210.64
403.94	1204.76
404.15	1205.76
404.36	1205.68
404.57	1204.66
404.78	1202.51
404.99	1198.55
405.20	1199.66
405.41	1208.22
405.62	1205.45
405.83	1205.76
406.04	1198.82
406.25	1204.16
406.46	1202.26
406.67	1203.80
406.88	1195.03
407.09	1204.88
407.30	1197.53
407.50	1210.41
407.71	1199.33
407.92	1213.05
408.13	1200.79
408.34	1202.32
408.55	1204.59
408.76	1209.20
408.97	1197.96
409.18	1205.02
409.39	1202.61
409.60	1208.49
409.81	1195.26
410.02	1207.79
410.23	1200.83
410.44	1217.17
410.65	1201.63
410.86	1204.72
411.07	1200.54
411.27	1206.44
411.48	1201.95
411.69	1203.32
411.90	1198.25
412.11	1197.45
412.32	1203.32
412.53	1200.99
412.74	1201.07
412.95	1209.26
413.16	1198.14
413.37	1201.99
413.58	1200.01
413.79	1207.32
414.00	1200.36
414.20	1205.41
414.41	1197.37
414.62	1208.79
414.83	1196.51
415.04	1206.93
415.25	1201.03
415.46	1206.09
415.67	1207.69
415.88	1208.34
416.09	1200.15
416.30	1207.85
416.51	1199.90
416.71	1202.44
416.92	1196.71
417.13	1208.71
417.34	1196.94
417.55	1216.53
417.76	1201.73
417.97	1208.16
418.18	1203.02
418.39	1203.18
418.60	1202.49
418.81	1201.34
419.01	1193.76
419.22	1210.74
419.43	1200.58
419.64	1208.83
419.85	1202.94
420.06	1209.86
420.27	1205.54
420.48	1210.96
420.69	1197.92
420.90	1207.52
421.10	1200.42
421.31	1203.30
421.52	1195.30
421.73	1208.55
421.94	1202.63
422.15	1210.45
422.36	1204.78
422.57	1208.04
422.78	1202.67
422.98	1207.58
423.19	1200.77
423.40	1206.03
423.61	1202.14
423.82	1216.10
424.03	1196.75
424.24	1206.03
424.45	1201.50
424.65	1204.96
424.86	1197.98
425.07	1209.37
425.28	1199.29
425.49	1201.93
425.70	1205.60
425.91	1203.98
426.12	1202.75
426.32	1207.93
426.53	1191.41
426.74	1204.10
426.95	1199.70
427.16	1201.26
427.37	1198.72
427.58	1197.45
427.78	1193.54
427.99	1208.90
428.20	1200.07
428.41	1205.17
428.62	1196.24
428.83	1200.81
429.04	1202.10
429.24	1208.69
429.45	1204.72
429.66	1210.94
429.87	1198.12
430.08	1208.26
430.29	1203.57
430.50	1201.60
430.70	1201.73
430.91	1208.59
431.12	1200.01
431.33	1206.19
431.54	1199.78
431.75	1201.15
431.96	1201.20
432.16	1205.80
432.37	1192.80
432.58	1203.61
432.79	1198.27
433.00	1206.48
433.21	1206.70
433.41	1205.76
433.62	1201.46
433.83	1202.61
434.04	1195.19
434.25	1204.47
434.46	1197.02
434.66	1200.25
434.87	1203.30
435.08	1205.45
435.29	1199.82
435.50	1203.59
435.71	1198.04
435.91	1203.32
436.12	1197.57
436.33	1205.33
436.54	1198.10
436.75	1206.11
436.95	1202.46
437.16	1202.06
437.37	1196.96
437.58	1205.45
437.79	1200.13
438.00	1204.80
438.20	1204.27
438.41	1204.23
438.62	1191.69
438.83	1211.54
439.04	1196.42
439.24	1197.34
439.45	1202.46
439.66	1209.86
439.87	1197.63
440.08	1204.37
440.28	1198.74
440.49	1204.29
440.70	1200.62
440.91	1210.82
441.12	1198.53
441.32	1204.35
441.53	1197.71
441.74	1203.76
441.95	1206.97
442.16	1206.40
442.36	1199.86
442.57	1203.14
442.78	1202.53
442.99	1208.42
443.20	1202.75
443.40	1202.77
443.61	1196.38
443.82	1204.88
444.03	1195.17
444.24	1204.55
444.44	1197.06
444.65	1207.46
444.86	1206.07
445.07	1205.35
445.27	1197.84
445.48	1205.02
445.69	1201.09
445.90	1208.59
446.11	1198.06
446.31	1200.77
446.52	1195.54
446.73	1204.45
446.94	1197.94
447.14	1209.24
447.35	1196.79
447.56	1200.27
447.77	1197.06
447.97	1206.77
448.18	1200.40
448.39	1208.55
448.60	1198.51
448.81	1200.46
449.01	1203.18
449.22	1202.06
449.43	1194.95
449.64	1200.17
449.84	1197.69
450.05	1207.30
450.26	1192.43
450.47	1205.97
450.67	1197.10
450.88	1201.13
451.09	1200.15
451.30	1203.73
451.50	1197.16
451.71	1206.44
451.92	1191.10
452.13	1209.26
452.33	1199.47
452.54	1208.34
452.75	1201.87
452.96	1205.66
453.16	1193.45
453.37	1206.54
453.58	1194.66
453.79	1202.30
453.99	1205.52
454.20	1198.12
454.41	1196.69
454.61	1208.71
454.82	1196.59
455.03	1202.28
455.24	1190.91
455.44	1202.69
455.65	1198.70
455.86	1214.08
456.07	1197.57
456.27	1205.00
456.48	1202.12
456.69	1207.95
456.90	1198.21
457.10	1213.97
457.31	1198.39
457.52	1203.30
457.72	1193.23
457.93	1208.44
458.14	1205.54
458.35	1201.32
458.55	1201.52
458.76	1200.38
458.97	1194.68
459.17	1207.73
459.38	1198.08
459.59	1212.07
459.80	1204.25
460.00	1203.14
460.21	1199.43
460.42	1200.85
460.62	1197.16
460.83	1207.81
461.04	1193.23
461.25	1200.05
461.45	1204.08
461.66	1207.03
461.87	1201.32
462.07	1209.74
462.28	1198.84
462.49	1201.83
462.69	1198.82
462.90	1207.05
463.11	1197.88
463.31	1205.66
463.52	1198.08
463.73	1208.92
463.94	1200.60
464.14	1210.60
464.35	1200.95
464.56	1205.93
464.76	1200.44
464.97	1207.67
465.18	1194.66
465.38	1204.53
465.59	1198.06
465.80	1212.34
466.00	1198.10
466.21	1202.57
466.42	1196.22
466.62	1206.15
466.83	1195.24
467.04	1208.12
467.24	1200.87
467.45	1209.94
467.66	1200.70
467.86	1210.37
468.07	1198.45
468.28	1207.03
468.48	1203.02
468.69	1199.11
468.90	1198.25
469.10	1203.26
469.31	1199.19
469.52	1205.84
469.72	1198.68
469.93	1207.09
470.14	1202.08
470.34	1206.01
470.55	1196.20
470.76	1207.03
470.96	1200.11
471.17	1206.89
471.38	1200.33
471.58	1211.64
471.79	1195.48
472.00	1196.40
472.20	1191.94
472.41	1205.54
472.62	1200.97
472.82	1203.90
473.03	1197.20
473.24	1202.26
473.44	1201.65
473.65	1207.71
473.85	1197.45
474.06	1203.69
474.27	1195.17
474.47	1208.69
474.68	1198.55
474.89	1205.13
475.09	1204.53
475.30	1202.20
475.51	1200.07
475.71	1203.80
475.92	1196.51
476.12	1216.78
476.33	1198.45
476.54	1215.86
476.74	1200.83
476.95	1206.79
477.16	1203.14
477.36	1207.42
477.57	1201.46
477.77	1204.06
477.98	1200.56
478.19	1206.54
478.39	1202.77
478.60	1199.35
478.81	1201.44
479.01	1209.76
479.22	1202.40
479.42	1201.71
479.63	1196.63
479.84	1202.69
480.04	1200.64
480.25	1205.88
480.45	1203.78
480.66	1199.80
480.87	1202.57
481.07	1211.03
481.28	1204.76
481.48	1207.65
481.69	1205.68
481.90	1206.32
482.10	1196.51
482.31	1208.40
482.51	1204.55
482.72	1208.28
482.93	1205.07
483.13	1203.37
483.34	1200.56
483.54	1210.19
483.75	1203.63
483.96	1195.03
484.16	1207.89
484.37	1209.82
484.57	1202.53
484.78	1208.12
484.99	1202.12
485.19	1204.98
485.40	1203.12
485.60	1204.98
485.81	1204.66
486.01	1203.69
486.22	1208.87
486.43	1203.04
486.63	1199.25
486.84	1202.65
487.04	1200.17
487.25	1208.18
487.46	1204.06
487.66	1199.50
487.87	1201.77
488.07	1207.87
488.28	1203.00
488.48	1207.54
488.69	1204.29
488.89	1212.36
489.10	1204.76
489.31	1212.58
489.51	1195.22
489.72	1205.60
489.92	1197.16
490.13	1203.71
490.33	1191.59
490.54	1205.11
490.75	1200.97
490.95	1206.99
491.16	1197.49
491.36	1199.80
491.57	1202.61
491.77	1208.34
491.98	1199.04
492.18	1204.16
492.39	1201.17
492.59	1205.88
492.80	1203.45
493.01	1208.65
493.21	1204.78
493.42	1211.27
493.62	1208.94
493.83	1204.66
494.03	1196.69
494.24	1201.11
494.44	1196.71
494.65	1207.34
494.85	1200.52
495.06	1204.02
495.26	1203.94
495.47	1210.43
495.68	1195.69
495.88	1204.53
496.09	1205.58
496.29	1205.60
496.50	1205.82
496.70	1204.53
496.91	1199.09
497.11	1203.96
497.32	1207.75
497.52	1205.68
497.73	1190.75
497.93	1201.01
498.14	1204.21
498.34	1202.75
498.55	1205.50
498.75	1204.78
498.96	1198.51
499.16	1209.14
499.37	1197.63
499.57	1208.26
499.78	1203.12
499.98	1202.26
500.19	1202.69
500.39	1210.33
500.60	1202.65
500.80	1206.15
501.01	1200.21
501.21	1207.40
501.42	1194.48
501.62	1210.41
501.83	1195.03
502.03	1209.67
502.24	1198.94
502.44	1203.73
502.65	1193.41
502.85	1207.69
503.06	1191.57
503.26	1205.60
503.47	1196.83
503.67	1206.97
503.88	1199.00
504.08	1207.81
504.29	1199.27
504.49	1205.07
504.70	1209.82
504.90	1209.10
505.11	1198.80
505.31	1207.83
505.52	1201.56
505.72	1207.32
505.93	1203.55
506.13	1203.71
506.34	1203.88
506.54	1200.09
506.75	1199.45
506.95	1207.42
507.16	1202.71
507.36	1197.82
507.56	1194.83
507.77	1211.76
507.97	1202.65
508.18	1209.74
508.38	1205.74
508.59	1201.22
508.79	1199.72
509.00	1210.37
509.20	1202.26
509.41	1205.39
509.61	1196.87
509.82	1209.47
510.02	1200.01
510.22	1204.45
510.43	1199.84
510.63	1219.79
510.84	1198.33
511.04	1211.78
511.25	1201.54
511.45	1205.64
511.66	1204.25
511.86	1208.18
512.06	1209.59
512.27	1209.96
512.47	1197.37
512.68	1206.97
512.88	1200.15
513.09	1202.26
513.29	1199.70
513.50	1208.18
513.70	1203.94
513.90	1202.81
514.11	1204.55
514.31	1215.02
514.52	1207.18
514.72	1210.51
514.93	1201.26
515.13	1206.58
515.33	1204.76
515.54	1203.88
515.74	1195.69
515.95	1208.12
516.15	1201.83
516.36	1210.78
516.56	1203.18
516.76	1204.10
516.97	1198.68
517.17	1210.33
517.38	1201.52
517.58	1204.10
517.78	1203.06
517.99	1210.82
518.19	1204.16
518.40	1199.82
518.60	1196.73
518.81	1218.56
519.01	1206.38
519.21	1207.15
519.42	1205.13
519.62	1202.73
519.83	1207.79
520.03	1216.47
520.23	1207.69
520.44	1208.38
520.64	1200.29
520.85	1213.24
521.05	1204.00
521.25	1208.65
521.46	1200.44
521.66	1205.29
521.86	1204.55
522.07	1210.02
522.27	1207.87
522.48	1215.16
522.68	1206.93
522.88	1206.15
523.09	1202.06
523.29	1208.81
523.50	1205.86
523.70	1208.73
523.90	1204.94
524.11	1214.40
524.31	1198.10
524.51	1218.97
524.72	1203.28
524.92	1215.84
525.13	1209.59
525.33	1211.39
525.53	1213.67
525.74	1219.01
525.94	1203.59
526.14	1216.04
526.35	1210.66
526.55	1213.42
526.76	1204.39
526.96	1215.72
527.16	1201.42
527.37	1215.00
527.57	1205.21
527.77	1216.84
527.98	1208.57
528.18	1216.58
528.38	1200.72
528.59	1211.76
528.79	1205.86
528.99	1205.41
529.20	1205.86
529.40	1213.71
529.61	1210.70
529.81	1210.62
530.01	1207.36
530.22	1212.09
530.42	1209.47
530.62	1218.89
530.83	1216.10
531.03	1217.44
531.23	1211.19
531.44	1216.15
531.64	1215.53
531.84	1212.50
532.05	1208.96
532.25	1219.03
532.45	1215.74
532.66	1231.83
532.86	1217.64
533.06	1219.63
533.27	1214.55
533.47	1230.64
533.67	1223.66
533.88	1224.28
534.08	1226.45
534.28	1224.71
534.49	1212.40
534.69	1228.99
534.89	1214.36
535.09	1226.79
535.30	1217.66
535.50	1223.31
535.70	1224.23
535.91	1229.35
536.11	1217.91
536.31	1227.61
536.52	1225.75
536.72	1232.08
536.92	1224.58
537.13	1230.48
537.33	1222.92
537.53	1225.42
537.74	1221.65
537.94	1228.35
538.14	1217.74
538.34	1230.99
538.55	1221.80
538.75	1239.00
538.95	1231.40
539.16	1232.98
539.36	1221.18
539.56	1233.39
539.77	1229.56
539.97	1241.83
540.17	1235.29
540.37	1242.56
540.58	1239.14
540.78	1248.54
540.98	1241.44
541.19	1244.10
541.39	1236.30
541.59	1242.34
541.79	1244.51
542.00	1247.95
542.20	1239.86
542.40	1249.30
542.60	1242.46
542.81	1251.37
543.01	1242.44
543.21	1242.32
543.42	1239.18
543.62	1256.86
543.82	1245.76
544.02	1253.54
544.23	1241.93
544.43	1256.26
544.63	1246.09
544.83	1246.64
545.04	1247.99
545.24	1252.07
545.44	1244.98
545.64	1251.02
545.85	1239.04
546.05	1259.17
546.25	1246.21
546.45	1244.49
546.66	1249.75
546.86	1248.95
547.06	1250.35
547.27	1255.69
547.47	1249.10
547.67	1256.12
547.87	1244.43
548.07	1256.16
548.28	1251.00
548.48	1254.20
548.68	1247.50
548.88	1253.36
549.09	1248.18
549.29	1254.44
549.49	1254.46
549.69	1257.31
549.90	1243.61
550.10	1252.35
550.30	1261.02
550.50	1248.42
550.71	1253.19
550.91	1257.70
551.11	1248.24
551.31	1254.83
551.51	1248.20
551.72	1249.49
551.92	1245.55
552.12	1250.20
552.32	1246.84
552.53	1255.98
552.73	1247.29
552.93	1250.53
553.13	1248.63
553.33	1258.93
553.54	1245.51
553.74	1259.46
553.94	1247.34
554.14	1258.68
554.35	1252.78
554.55	1257.58
554.75	1256.74
554.95	1266.24
555.15	1255.77
555.36	1269.88
555.56	1269.95
555.76	1275.04
555.96	1273.88
556.16	1284.45
556.37	1283.42
556.57	1289.61
556.77	1289.65
556.97	1310.68
557.17	1322.41
557.38	1356.84
557.58	1371.18
557.78	1404.74
557.98	1418.55
558.18	1461.70
558.38	1475.15
558.59	1515.99
558.79	1536.78
558.99	1582.18
559.19	1606.20
559.39	1649.62
559.60	1686.40
559.80	1735.37
560.00	1787.10
560.20	1854.95
560.40	1943.22
560.60	2078.18
560.81	2288.63
561.01	2553.45
561.21	2922.72
561.41	3371.94
561.61	3870.48
561.81	4384.82
562.02	4900.03
562.22	5403.79
562.42	5830.06
562.62	6213.74
562.82	6511.76
563.02	6759.10
563.23	6971.94
563.43	7097.09
563.63	7214.34
563.83	7284.97
564.03	7329.41
564.23	7316.39
564.43	7372.79
564.64	7397.57
564.84	7434.43
565.04	7454.48
565.24	7452.03
565.44	7449.77
565.64	7499.89
565.85	7506.87
566.05	7489.26
566.25	7413.01
566.45	7376.95
566.65	7277.03
566.85	7098.01
567.05	6835.75
567.25	6513.59
567.46	6187.61
567.66	5742.20
567.86	5301.31
568.06	4862.27
568.26	4500.88
568.46	4127.25
568.66	3850.90
568.86	3584.56
569.07	3419.66
569.27	3260.02
569.47	3124.75
569.67	3024.58
569.87	2949.59
570.07	2846.59
570.27	2785.67
570.47	2710.34
570.68	2658.35
570.88	2584.97
571.08	2529.12
571.28	2467.78
571.48	2426.97
571.68	2378.92
571.88	2338.02
572.08	2292.91
572.28	2256.47
572.49	2205.46
572.69	2190.49
572.89	2134.66
573.09	2105.33
573.29	2061.30
573.49	2044.14
573.69	1994.48
573.89	1970.10
574.09	1929.41
574.29	1918.64
574.50	1878.75
574.70	1858.31
574.90	1826.64
575.10	1814.66
575.30	1790.21
575.50	1775.24
575.70	1769.90
575.90	1739.09
576.10	1716.34
576.30	1720.58
576.50	1694.26
576.70	1705.73
576.91	1697.50
577.11	1687.67
577.31	1697.75
577.51	1701.64
577.71	1698.11
577.91	1736.84
578.11	1768.34
578.31	1825.78
578.51	1900.13
578.71	2018.58
578.91	2119.12
579.11	2247.75
579.31	2361.96
579.51	2467.52
579.71	2534.16
579.92	2615.36
580.12	2644.38
580.32	2681.90
580.52	2682.43
580.72	2654.86
580.92	2612.45
581.12	2582.49
581.32	2518.69
581.52	2466.35
581.72	2381.40
581.92	2313.63
582.12	2233.31
582.32	2150.55
582.52	2066.58
582.72	1993.86
582.92	1902.95
583.12	1839.36
583.32	1755.72
583.52	1695.53
583.72	1632.83
583.92	1596.19
584.12	1550.68
584.33	1543.25
584.53	1524.94
584.73	1522.21
584.93	1500.83
585.13	1511.01
585.33	1490.76
585.53	1495.98
585.73	1489.65
585.93	1475.21
586.13	1463.68
586.33	1453.61
586.53	1422.99
586.73	1385.84
586.93	1354.75
587.13	1328.31
587.33	1295.22
587.53	1273.80
587.73	1268.20
587.93	1263.29
588.13	1257.17
588.33	1262.65
588.53	1250.26
588.73	1261.04
588.93	1243.53
589.13	1256.76
589.33	1244.41
589.53	1259.69
589.73	1239.29
589.93	1248.89
590.13	1242.67
590.33	1246.25
590.53	1244.80
590.73	1245.00
590.93	1233.41
591.13	1242.99
591.33	1232.06
591.53	1239.92
591.73	1234.52
591.93	1234.07
592.13	1233.80
592.33	1237.30
592.53	1230.21
592.73	1238.69
592.93	1233.86
593.13	1232.92
593.33	1229.60
593.53	1230.95
593.73	1225.79
593.93	1239.27
594.13	1225.87
594.33	1237.20
594.53	1220.57
594.73	1235.36
594.92	1220.36
595.12	1226.69
595.32	1229.93
595.52	1231.38
595.72	1219.65
595.92	1223.91
596.12	1220.79
596.32	1226.41
596.52	1214.69
596.72	1216.04
596.92	1214.02
597.12	1228.35
597.32	1215.08
597.52	1222.10
597.72	1214.96
597.92	1226.00
598.12	1209.80
598.32	1218.95
598.52	1216.92
598.72	1209.84
598.92	1206.99
599.12	1218.48
599.31	1217.52
599.51	1219.95
599.71	1208.47
599.91	1215.26
600.11	1210.76
600.31	1212.25
600.51	1210.19
600.71	1213.77
600.91	1214.49
601.11	1213.20
601.31	1212.60
601.51	1211.64
601.71	1208.47
601.91	1209.10
602.10	1202.24
602.30	1218.83
602.50	1207.52
602.70	1216.06
602.90	1204.12
603.10	1211.93
603.30	1202.01
603.50	1216.15
603.70	1209.20
603.90	1215.92
604.10	1214.90
604.30	1215.31
604.49	1211.60
604.69	1213.99
604.89	1211.19
605.09	1212.62
605.29	1216.10
605.49	1212.83
605.69	1203.08
605.89	1216.25
606.09	1214.40
606.29	1210.47
606.48	1207.50
606.68	1218.50
606.88	1210.29
607.08	1217.50
607.28	1209.74
607.48	1220.02
607.68	1210.74
607.88	1218.66
608.08	1199.86
608.27	1214.24
608.47	1208.90
608.67	1214.20
608.87	1211.33
609.07	1220.24
609.27	1205.33
609.47	1218.89
609.67	1217.58
609.87	1214.81
610.06	1212.89
610.26	1215.74
610.46	1212.99
610.66	1218.19
610.86	1216.31
611.06	1218.25
611.26	1205.31
611.45	1214.53
611.65	1209.45
611.85	1205.00
612.05	1215.20
612.25	1214.12
612.45	1204.21
612.65	1215.20
612.84	1209.47
613.04	1209.47
613.24	1198.88
613.44	1208.20
613.64	1207.11
613.84	1212.30
614.04	1204.68
614.23	1213.22
614.43	1205.43
614.63	1211.66
614.83	1204.72
615.03	1206.52
615.23	1202.57
615.42	1207.32
615.62	1200.11
615.82	1206.66
616.02	1197.10
616.22	1203.98
616.42	1192.47
616.61	1211.00
616.81	1202.30
617.01	1212.13
617.21	1197.86
617.41	1205.56
617.61	1195.48
617.80	1204.96
618.00	1194.52
618.20	1204.86
618.40	1196.28
618.60	1202.57
618.80	1199.70
618.99	1204.51
619.19	1198.33
619.39	1206.40
619.59	1201.15
619.79	1205.43
619.98	1200.85
620.18	1202.34
620.38	1202.38
620.58	1210.35
620.78	1198.45
620.97	1211.52
621.17	1201.17
621.37	1202.06
621.57	1196.20
621.77	1204.68
621.96	1206.19
622.16	1206.50
622.36	1206.87
622.56	1209.12
622.76	1202.67
622.95	1210.94
623.15	1195.54
623.35	1204.72
623.55	1201.44
623.75	1203.12
623.94	1197.30
624.14	1211.99
624.34	1201.63
624.54	1211.43
624.73	1203.59
624.93	1210.53
625.13	1199.95
625.33	1214.22
625.53	1204.74
625.72	1208.85
625.92	1199.27
626.12	1205.60
626.32	1193.11
626.51	1207.42
626.71	1199.39
626.91	1201.07
627.11	1193.88
627.30	1201.28
627.50	1201.87
627.70	1209.18
627.90	1201.01
628.10	1206.17
628.29	1199.29
628.49	1206.87
628.69	1206.15
628.89	1206.72
629.08	1209.80
629.28	1202.61
629.48	1197.94
629.68	1206.81
629.87	1200.58
630.07	1212.99
630.27	1202.79
630.47	1208.28
630.66	1192.35
630.86	1198.18
631.06	1196.73
631.25	1208.30
631.45	1203.59
631.65	1203.16
631.85	1198.47
632.04	1207.85
632.24	1201.63
632.44	1202.94
632.64	1194.97
632.83	1204.84
633.03	1200.93
633.23	1204.47
633.42	1206.23
633.62	1208.63
633.82	1194.50
634.02	1209.67
634.21	1205.64
634.41	1209.63
634.61	1198.53
634.81	1198.78
635.00	1202.40
635.20	1207.75
635.40	1205.29
635.59	1204.16
635.79	1197.65
635.99	1203.37
636.18	1199.09
636.38	1208.18
636.58	1198.49
636.78	1202.59
636.97	1202.32
637.17	1209.02
637.37	1194.54
637.56	1204.76
637.76	1202.03
637.96	1201.97
638.15	1206.68
638.35	1205.88
638.55	1206.81
638.74	1204.78
638.94	1199.29
639.14	1207.46
639.34	1204.04
639.53	1210.04
639.73	1195.85
639.93	1203.98
640.12	1190.65
640.32	1203.55
640.52	1205.19
640.71	1200.74
640.91	1199.15
641.11	1208.65
641.30	1196.22
641.50	1205.48
641.70	1196.34
641.89	1205.76
642.09	1202.34
642.29	1206.66
642.48	1206.23
642.68	1201.42
642.88	1199.50
643.07	1213.48
643.27	1198.80
643.47	1208.24
643.66	1193.88
643.86	1198.78
644.06	1208.34
644.25	1202.38
644.45	1196.48
644.65	1201.11
644.84	1207.30
645.04	1198.86
645.23	1198.41
645.43	1199.41
645.63	1199.21
645.82	1208.24
646.02	1199.56
646.22	1209.86
646.41	1192.49
646.61	1210.39
646.81	1200.38
647.00	1208.14
647.20	1198.68
647.39	1204.16
647.59	1205.50
647.79	1204.06
647.98	1197.53
648.18	1201.24
648.38	1193.62
648.57	1206.07
648.77	1192.41
648.96	1206.93
649.16	1194.97
649.36	1207.61
649.55	1200.48
649.75	1203.41
649.95	1208.06
650.14	1206.97
650.34	1205.72
650.53	1209.49
650.73	1194.54
650.93	1204.16
651.12	1200.58
651.32	1204.80
651.51	1204.19
651.71	1206.60
651.91	1191.45
652.10	1204.64
652.30	1198.98
652.49	1200.89
652.69	1191.90
652.89	1203.35
653.08	1196.18
653.28	1208.36
653.47	1196.98
653.67	1206.29
653.86	1202.81
654.06	1197.63
654.26	1207.30
654.45	1205.25
654.65	1198.49
654.84	1208.57
655.04	1198.51
655.24	1203.26
655.43	1203.51
655.63	1202.79
655.82	1196.63
656.02	1210.14
656.21	1201.03
656.41	1205.13
656.61	1204.14
656.80	1206.11
657.00	1199.70
657.19	1202.85
657.39	1200.11
657.58	1196.77
657.78	1200.89
657.97	1211.27
658.17	1201.22
658.37	1202.24
658.56	1188.46
658.76	1206.23
658.95	1203.98
659.15	1203.10
659.34	1205.37
659.54	1201.69
659.73	1198.08
659.93	1201.91
660.13	1200.87
660.32	1200.46
660.52	1200.07
660.71	1204.49
660.91	1205.19
661.10	1213.28
661.30	1205.95
661.49	1207.99
661.69	1202.36
661.88	1206.83
662.08	1199.82
662.27	1210.62
662.47	1204.35
662.66	1205.84
662.86	1192.74
663.06	1205.27
663.25	1203.16
663.45	1204.16
663.64	1205.70
663.84	1204.88
664.03	1199.23
664.23	1210.33
664.42	1195.07
664.62	1207.61
664.81	1194.25
665.01	1206.34
665.20	1194.38
665.40	1197.24
665.59	1204.00
665.79	1203.24
665.98	1200.48
666.18	1202.85
666.37	1199.62
666.57	1200.17
666.76	1199.04
666.96	1204.49
667.15	1201.11
667.35	1204.47
667.54	1197.20
667.74	1204.86
667.93	1198.41
668.13	1202.30
668.32	1193.82
668.52	1207.28
668.71	1202.75
668.91	1206.60
669.10	1199.62
669.30	1206.42
669.49	1201.75
669.68	1200.21
669.88	1194.35
670.07	1202.12
670.27	1198.43
670.46	1207.83
670.66	1201.60
670.85	1207.95
671.05	1200.95
671.24	1203.92
671.44	1195.75
671.63	1206.44
671.83	1197.92
672.02	1205.45
672.22	1198.41
672.41	1205.60
672.60	1198.55
672.80	1197.96
672.99	1198.80
673.19	1205.45
673.38	1197.22
673.58	1199.62
673.77	1204.39
673.97	1206.87
674.16	1196.87
674.36	1204.43
674.55	1198.66
674.74	1205.25
674.94	1201.09
675.13	1207.05
675.33	1197.47
675.52	1209.74
675.72	1199.47
675.91	1201.48
676.10	1197.73
676.30	1199.78
676.49	1199.54
676.69	1200.74
676.88	1204.04
677.08	1208.08
677.27	1195.01
677.46	1202.87
677.66	1190.63
677.85	1203.06
678.05	1194.17
678.24	1206.48
678.44	1202.83
678.63	1205.99
678.82	1192.47
679.02	1203.22
679.21	1196.53
679.41	1200.46
679.60	1197.65
679.79	1202.94
679.99	1195.65
680.18	1200.70
680.38	1188.52
680.57	1203.10
680.76	1195.50
680.96	1206.72
681.15	1198.35
681.35	1205.66
681.54	1199.56
681.73	1205.41
681.93	1203.02
682.12	1200.74
682.32	1197.92
682.51	1201.87
682.70	1196.63
682.90	1207.83
683.09	1197.67
683.29	1200.46
683.48	1201.97
683.67	1203.45
683.87	1198.08
684.06	1205.27
684.25	1201.26
684.45	1205.93
684.64	1204.66
684.84	1210.27
685.03	1199.11
685.22	1203.49
685.42	1201.36
685.61	1201.56
685.80	1196.12
686.00	1210.19
686.19	1199.76
686.38	1203.59
686.58	1203.47
686.77	1207.54
686.96	1196.20
687.16	1201.69
687.35	1196.10
687.55	1202.57
687.74	1199.11
687.93	1203.84
688.13	1206.25
688.32	1203.28
688.51	1199.47
688.71	1206.23
688.90	1202.26
689.09	1205.93
689.29	1198.18
689.48	1198.39
689.67	1201.15
689.87	1196.51
690.06	1200.23
690.25	1205.43
690.45	1209.61
690.64	1210.70
690.83	1205.05
691.03	1204.68
691.22	1201.36
691.41	1204.51
691.61	1204.90
691.80	1203.88
691.99	1198.49
692.19	1205.60
692.38	1194.31
692.57	1208.22
692.76	1199.35
692.96	1199.82
693.15	1199.90
693.34	1206.40
693.54	1197.61
693.73	1212.58
693.92	1195.54
694.12	1207.63
694.31	1195.34
694.50	1205.45
694.70	1196.36
694.89	1206.64
695.08	1195.67
695.27	1200.85
695.47	1202.06
695.66	1202.18
695.85	1197.92
696.05	1206.72
696.24	1198.86
696.43	1205.62
696.62	1197.02
696.82	1210.53
697.01	1207.81
697.20	1205.68
697.40	1198.88
697.59	1197.86
697.78	1196.46
697.97	1198.84
698.17	1196.42
698.36	1207.48
698.55	1200.48
698.74	1203.84
698.94	1199.82
699.13	1208.10
699.32	1200.97
699.52	1203.88
699.71	1197.47
699.90	1202.83
700.09	1199.04
700.29	1201.89
700.48	1197.53
700.67	1202.92
700.86	1197.45
701.06	1205.56
701.25	1200.64
701.44	1201.77
701.63	1199.50
701.83	1210.76
702.02	1192.45
702.21	1199.82
702.40	1200.36
702.60	1208.53
702.79	1206.56
702.98	1209.86
703.17	1201.54
703.37	1202.61
703.56	1201.42
703.75	1206.09
703.94	1198.82
704.13	1203.88
704.33	1192.02
704.52	1203.59
704.71	1200.38
704.90	1206.38
705.10	1202.14
705.29	1205.52
705.48	1199.04
705.67	1205.58
705.86	1194.38
706.06	1208.85
706.25	1196.59
706.44	1201.60
706.63	1197.22
706.83	1201.75
707.02	1197.78
707.21	1200.52
707.40	1203.61
707.59	1207.73
707.79	1205.45
707.98	1209.33
708.17	1196.65
708.36	1203.00
708.55	1202.44
708.75	1209.12
708.94	1196.16
709.13	1201.71
709.32	1197.88
709.51	1202.08
709.71	1194.44
709.90	1209.61
710.09	1196.67
710.28	1204.06
710.47	1203.37
710.66	1202.75
710.86	1197.08
711.05	1201.75
711.24	1194.17
711.43	1215.35
711.62	1203.47
711.82	1209.39
712.01	1196.59
712.20	1198.31
712.39	1197.94
712.58	1209.98
712.77	1197.41
712.97	1206.48
713.16	1194.09
713.35	1205.66
713.54	1200.33
713.73	1203.20
713.92	1192.12
714.11	1209.33
714.31	1200.23
714.50	1204.21
714.69	1194.09
714.88	1209.10
715.07	1206.25
715.26	1216.43
715.46	1202.96
715.65	1208.67
715.84	1196.40
716.03	1207.46
716.22	1197.80
716.41	1202.73
716.60	1197.94
716.80	1207.07
716.99	1198.90
717.18	1202.67
717.37	1199.41
717.56	1198.72
717.75	1195.15
717.94	1205.74
718.13	1194.44
718.33	1204.57
718.52	1194.29
718.71	1206.44
718.90	1202.08
719.09	1206.23
719.28	1199.23
719.47	1204.74
719.66	1201.11
719.85	1203.96
720.05	1206.58
720.24	1205.00
720.43	1196.87
720.62	1205.37
720.81	1196.87
721.00	1206.09
721.19	1199.76
721.38	1201.91
721.57	1194.78
721.77	1208.75
721.96	1195.07
722.15	1206.60
722.34	1197.53
722.53	1208.22
722.72	1198.47
722.91	1199.43
723.10	1197.04
723.29	1209.02
723.48	1192.14
723.67	1209.84
723.87	1203.88
724.06	1207.97
724.25	1195.62
724.44	1198.64
724.63	1198.94
724.82	1209.61
725.01	1200.58
725.20	1208.81
725.39	1203.02
725.58	1205.64
725.77	1199.84
725.96	1201.95
726.15	1203.71
726.34	1206.89
726.54	1205.02
726.73	1204.78
726.92	1192.68
727.11	1208.24
727.30	1192.37
727.49	1202.34
727.68	1198.51
727.87	1198.61
728.06	1199.60
728.25	1207.83
728.44	1201.85
728.63	1203.53
728.82	1195.54
729.01	1203.92
729.20	1203.22
729.39	1201.05
729.58	1197.30
729.77	1205.15
729.96	1200.01
730.15	1206.27
730.34	1205.33
730.53	1202.12
730.73	1198.55
730.92	1207.22
731.11	1201.46
731.30	1208.40
731.49	1199.58
731.68	1208.28
731.87	1194.11
732.06	1207.20
732.25	1203.69
732.44	1205.58
732.63	1198.33
732.82	1207.28
733.01	1203.90
733.20	1209.84
733.39	1197.67
733.58	1203.53
733.77	1203.67
733.96	1202.79
734.15	1197.20
734.34	1207.24
734.53	1196.32
734.72	1202.53
734.91	1201.42
735.10	1200.85
735.29	1199.39
735.48	1207.32
735.67	1199.68
735.86	1201.34
736.05	1198.53
736.24	1203.49
736.43	1201.01
736.62	1205.84
736.81	1202.42
737.00	1220.71
737.19	1198.41
737.38	1208.59
737.57	1201.44
737.76	1204.08
737.95	1192.94
738.14	1204.90
738.33	1202.34
738.51	1209.14
738.70	1203.06
738.89	1200.81
739.08	1200.77
739.27	1209.18
739.46	1197.37
739.65	1194.07
739.84	1201.48
740.03	1207.03
740.22	1202.30
740.41	1209.74
740.60	1195.95
740.79	1197.47
740.98	1202.77
741.17	1203.04
741.36	1196.38
741.55	1201.34
741.74	1203.00
741.93	1203.61
742.12	1200.31
742.31	1206.52
742.50	1194.38
742.68	1205.93
742.87	1198.96
743.06	1207.44
743.25	1197.78
743.44	1200.13
743.63	1195.62
743.82	1203.67
744.01	1195.40
744.20	1200.85
744.39	1195.56
744.58	1208.90
744.77	1199.76
744.96	1207.44
745.14	1197.65
745.33	1207.50
745.52	1197.73
745.71	1208.85
745.90	1197.82
746.09	1207.97
746.28	1199.47
746.47	1204.29
746.66	1195.99
746.85	1205.39
747.04	1198.92
747.22	1198.78
747.41	1200.58
747.60	1208.10
747.79	1199.37
747.98	1207.87
748.17	1197.16
748.36	1208.20
748.55	1198.02
748.74	1206.48
748.93	1193.54
749.11	1201.07
749.30	1200.77
749.49	1206.21
749.68	1198.84
749.87	1203.02
750.06	1196.22
750.25	1210.19
750.44	1197.88
750.62	1206.54
750.81	1197.88
751.00	1204.84
751.19	1201.67
751.38	1200.50
751.57	1202.81
751.76	1203.69
751.95	1201.32
752.13	1207.26
752.32	1198.51
752.51	1199.95
752.70	1196.91
752.89	1208.10
753.08	1199.29
753.27	1200.40
753.45	1196.51
753.64	1210.14
753.83	1197.65
754.02	1208.12
754.21	1192.57
754.40	1208.22
754.58	1197.22
754.77	1203.28
754.96	1201.50
755.15	1207.61
755.34	1200.03
755.53	1204.74
755.71	1194.35
755.90	1196.83
756.09	1194.56
756.28	1199.86
756.47	1196.81
756.66	1200.07
756.84	1202.01
757.03	1203.61
757.22	1194.87
757.41	1206.23
757.60	1195.99
757.79	1207.03
757.97	1199.60
758.16	1203.20
758.35	1192.37
758.54	1198.72
758.73	1199.84
758.91	1205.27
759.10	1201.13
759.29	1200.58
759.48	1199.58
759.67	1201.95
759.85	1202.38
760.04	1205.05
760.23	1197.80
760.42	1206.54
760.61	1196.98
760.79	1203.84
760.98	1197.04
761.17	1205.25
761.36	1198.00
761.55	1208.40
761.73	1207.95
761.92	1209.78
762.11	1196.73
762.30	1209.59
762.49	1194.52
762.67	1205.25
762.86	1206.77
763.05	1208.94
763.24	1198.10
763.42	1205.09
763.61	1203.41
763.80	1201.26
763.99	1200.33
764.17	1202.61
764.36	1201.15
764.55	1203.39
764.74	1204.94
764.92	1198.00
765.11	1195.60
765.30	1200.66
765.49	1200.58
765.68	1204.59
765.86	1200.44
766.05	1202.85
766.24	1192.86
766.43	1204.74
766.61	1198.98
766.80	1206.07
766.99	1195.32
767.17	1205.54
767.36	1193.78
767.55	1202.44
767.74	1194.11
767.92	1211.25
768.11	1205.58
768.30	1201.38
768.49	1197.67
768.67	1208.08
768.86	1199.23
769.05	1210.31
769.24	1201.32
769.42	1199.68
769.61	1202.77
769.80	1202.26
769.98	1203.96
770.17	1201.32
770.36	1195.93
770.55	1207.22
770.73	1198.59
770.92	1208.59
771.11	1196.48
771.29	1206.95
771.48	1195.24
771.67	1198.02
771.86	1194.23
772.04	1205.93
772.23	1188.56
772.42	1207.05
772.60	1199.64
772.79	1205.58
772.98	1200.85
773.16	1206.27
773.35	1198.18
773.54	1199.07
773.72	1196.87
773.91	1200.77
774.10	1202.12
774.29	1203.49
774.47	1198.70
774.66	1202.42
774.85	1194.44
775.03	1206.32
775.22	1198.08
775.41	1200.31
775.59	1199.31
775.78	1205.05
775.97	1191.57
776.15	1196.53
776.34	1197.14
776.53	1206.58
776.71	1199.17
776.90	1200.62
777.09	1198.14
777.27	1209.92
777.46	1198.00
777.65	1206.50
777.83	1198.33
778.02	1211.09
778.21	1206.05
778.39	1207.44
778.58	1198.29
778.76	1204.76
778.95	1192.57
779.14	1206.93
779.32	1192.94
779.51	1200.95
779.70	1200.70
779.88	1199.37
780.07	1199.27
780.26	1206.81
780.44	1194.38
780.63	1201.13
780.81	1188.05
781.00	1205.19
781.19	1191.47
781.37	1200.11
781.56	1200.05
781.75	1200.91
781.93	1194.03
782.12	1199.39
782.30	1190.24
782.49	1202.55
782.68	1194.83
782.86	1200.56
783.05	1193.00
783.23	1204.90
783.42	1193.41
783.61	1204.86
783.79	1193.43
783.98	1201.87
784.16	1197.22
784.35	1208.10
784.54	1195.48
784.72	1201.93
784.91	1195.52
785.09	1202.49
785.28	1191.65
785.47	1203.98
785.65	1202.28
785.84	1203.65
786.02	1198.21
786.21	1206.64
786.40	1196.18
786.58	1204.43
786.77	1196.77
786.95	1203.06
787.14	1205.86
787.32	1207.81
787.51	1206.07
787.70	1203.12
787.88	1203.78
788.07	1205.23
788.25	1193.78
788.44	1194.87
788.62	1194.58
788.81	1200.66
789.00	1190.42
789.18	1203.96
789.37	1197.59
789.55	1197.32
789.74	1193.74
789.92	1200.33
790.11	1197.51
790.29	1203.96
790.48	1202.63
790.67	1206.97
790.85	1195.58
791.04	1201.34
791.22	1200.07
791.41	1202.42
791.59	1199.43
791.78	1205.23
791.96	1194.01
792.15	1207.75
792.33	1199.45
792.52	1201.95
792.70	1193.86
792.89	1211.78
793.07	1196.91
793.26	1203.45
793.45	1191.67
793.63	1206.99
793.82	1200.97
794.00	1193.29
794.19	1206.32
794.37	1203.10
794.56	1194.19
794.74	1201.75
794.93	1200.07
795.11	1208.79
795.30	1200.66
795.48	1195.01
795.67	1197.10
795.85	1206.03
796.04	1201.09
796.22	1203.59
796.41	1194.60
796.59	1197.80
796.78	1194.50
796.96	1202.22
797.15	1198.21
797.33	1200.40
797.52	1195.42
797.70	1206.34
797.89	1199.47
798.07	1201.32
798.26	1195.91
798.44	1204.94
798.63	1199.37
798.81	1206.87
798.99	1206.60
799.18	1206.60
799.36	1199.45
799.55	1203.45
799.73	1204.04
799.92	1207.40
800.10	1197.39
800.29	1199.54
800.47	1200.11
800.66	1205.39
800.84	1193.19
801.03	1209.65
801.21	1199.76
801.39	1203.61
801.58	1197.32
801.76	1201.52
801.95	1198.31
802.13	1207.36
802.32	1199.84
802.50	1201.63
802.69	1192.31
802.87	1200.46
803.06	1194.72
803.24	1198.64
803.42	1195.32
803.61	1209.31
803.79	1200.33
803.98	1201.20
804.16	1200.40
804.35	1207.89
804.53	1194.60
804.71	1203.18
804.90	1199.76
805.08	1201.44
805.27	1194.99
805.45	1203.90
805.63	1204.82
805.82	1209.26
806.00	1201.48
806.19	1201.85
806.37	1196.91
806.56	1205.37
806.74	1204.06
806.92	1210.27
807.11	1193.31
807.29	1202.20
807.48	1195.28
807.66	1205.82
807.84	1191.57
808.03	1200.83
808.21	1200.31
808.40	1206.29
808.58	1195.54
808.76	1203.73
808.95	1200.54
809.13	1206.75
809.32	1194.93
809.50	1203.39
809.68	1192.39
809.87	1203.90
810.05	1201.73
810.23	1203.24
810.42	1203.04
810.60	1197.92
810.79	1201.13
810.97	1201.54
811.15	1196.18
811.34	1203.04
811.52	1198.88
811.70	1207.40
811.89	1203.10
812.07	1206.32
812.25	1190.16
812.44	1203.96
812.62	1195.65
812.81	1207.03
812.99	1198.59
813.17	1200.17
813.36	1199.29
813.54	1204.37
813.72	1198.59
813.91	1201.03
814.09	1201.34
814.27	1198.08
814.46	1188.89
814.64	1203.57
814.82	1193.70
815.01	1203.51
815.19	1200.50
815.37	1202.22
815.56	1203.02
815.74	1202.14
815.92	1197.96
816.11	1207.85
816.29	1199.86
816.47	1203.65
816.66	1201.63
816.84	1200.03
817.02	1204.92
817.21	1193.37
817.39	1196.20
817.57	1204.10
817.76	1201.67
817.94	1205.82
818.12	1194.05
818.30	1194.85
818.49	1197.90
818.67	1211.00
818.85	1201.42
819.04	1203.06
819.22	1199.58
819.40	1202.01
819.59	1195.54
819.77	1209.39
819.95	1201.73
820.13	1205.84
820.32	1198.59
820.50	1197.98
820.68	1195.30
820.87	1206.21
821.05	1195.30
821.23	1201.28
821.41	1197.02
821.60	1205.41
821.78	1197.90
821.96	1204.80
822.14	1195.50
822.33	1203.84
822.51	1201.05
822.69	1204.92
822.88	1199.29
823.06	1202.20
823.24	1198.76
823.42	1200.07
823.61	1201.89
823.79	1201.83
823.97	1203.59
824.15	1202.10
824.34	1201.52
824.52	1203.84
824.70	1204.43
824.88	1199.39
825.07	1198.68
825.25	1205.88
825.43	1193.47
825.61	1203.78
825.80	1207.01
825.98	1197.65
826.16	1192.02
826.34	1208.79
826.53	1195.67
826.71	1207.44
826.89	1200.05
827.07	1198.64
827.25	1196.24
827.44	1204.43
827.62	1195.67
827.80	1203.51
827.98	1190.63
828.17	1197.90
828.35	1203.24
828.53	1208.06
828.71	1189.89
828.89	1199.90
829.08	1199.97
829.26	1208.38
829.44	1197.82
829.62	1209.76
829.80	1195.48
829.99	1202.24
830.17	1194.09
830.35	1200.31
830.53	1202.01
830.71	1203.18
830.90	1195.93
831.08	1201.50
831.26	1199.82
831.44	1202.06
831.62	1197.75
831.81	1205.25
831.99	1198.76
832.17	1198.10
832.35	1197.59
832.53	1209.88
832.71	1198.18
832.90	1199.11
833.08	1194.07
833.26	1199.41
833.44	1191.98
833.62	1202.63
833.81	1202.55
833.99	1205.72
834.17	1194.93
834.35	1203.53
834.53	1197.96
834.71	1205.54
834.89	1199.84
835.08	1205.02
835.26	1197.20
835.44	1197.80
835.62	1199.07
835.80	1206.25
835.98	1202.32
836.17	1209.31
836.35	1199.82
836.53	1207.63
836.71	1198.10
836.89	1208.53
837.07	1203.51
837.25	1200.19
837.44	1197.69
837.62	1208.16
837.80	1193.78
837.98	1209.08
838.16	1199.52
838.34	1203.94
838.52	1203.69
838.70	1196.94
838.89	1203.16
839.07	1203.82
839.25	1191.79
839.43	1207.11
839.61	1200.40
839.79	1198.78
839.97	1194.89
840.15	1208.36
840.33	1203.55
840.52	1201.79
840.70	1202.49
840.88	1203.00
841.06	1200.03
841.24	1200.87
841.42	1196.03
841.60	1206.68
841.78	1198.33
841.96	1204.98
842.14	1191.73
842.33	1207.89
842.51	1195.69
842.69	1204.84
842.87	1201.56
843.05	1203.57
843.23	1191.65
843.41	1202.81
843.59	1197.88
843.77	1199.31
843.95	1199.90
844.13	1198.57
844.31	1193.99
844.49	1208.90
844.68	1199.99
844.86	1203.69
845.04	1198.55
845.22	1203.28
845.40	1201.11
845.58	1200.97
845.76	1187.80
845.94	1201.40
846.12	1192.10
846.30	1204.59
846.48	1196.16
846.66	1210.29
846.84	1191.32
847.02	1203.61
847.20	1203.18
847.38	1206.60
847.56	1195.34
847.74	1207.87
847.92	1198.41
848.11	1196.65
848.29	1196.38
848.47	1205.62
848.65	1198.94
848.83	1208.14
849.01	1200.62
849.19	1198.29
849.37	1202.34
849.55	1199.90
849.73	1194.87
849.91	1202.14
850.09	1198.25
850.27	1205.37
850.45	1194.62
850.63	1200.11
850.81	1196.63
850.99	1200.70
851.17	1203.04
851.35	1202.46
851.53	1198.29
851.71	1203.22
851.89	1203.78
852.07	1206.97
852.25	1197.08
852.43	1209.71
852.61	1193.11
852.79	1200.07
852.97	1195.93
853.15	1201.95
853.33	1200.15
853.51	1204.43
853.69	1199.02
853.87	1210.00
854.05	1202.10
854.23	1199.45
854.41	1202.49
854.59	1201.44
854.77	1200.07
854.95	1199.97
855.13	1186.80
855.31	1211.21
855.49	1202.18
855.67	1204.04
855.84	1196.46
856.02	1201.95
856.20	1197.20
856.38	1200.87
856.56	1191.61
856.74	1199.93
856.92	1196.69
857.10	1204.96
857.28	1194.76
857.46	1205.09
857.64	1191.36
857.82	1204.88
858.00	1192.90
858.18	1204.10
858.36	1206.99
858.54	1203.86
858.72	1189.75
858.90	1197.92
859.08	1200.03
859.25	1200.97
859.43	1186.31
859.61	1201.50
859.79	1197.14
859.97	1210.10
860.15	1196.38
860.33	1203.98
860.51	1198.18
860.69	1205.21
860.87	1198.55
861.05	1198.35
861.23	1199.31
861.41	1198.23
861.58	1204.59
861.76	1196.20
861.94	1195.28
862.12	1201.93
862.30	1197.88
862.48	1204.43
862.66	1192.68
862.84	1205.31
863.02	1198.25
863.20	1197.16
863.37	1194.60
863.55	1208.28
863.73	1199.52
863.91	1203.41
864.09	1197.96
864.27	1200.40
864.45	1199.80
864.63	1195.62
864.80	1194.76
864.98	1202.85
865.16	1197.22
865.34	1207.36
865.52	1197.59
865.70	1206.21
865.88	1195.44
866.06	1206.56
866.23	1199.04
866.41	1205.70
866.59	1196.53
866.77	1206.13
866.95	1196.63
867.13	1195.32
867.31	1207.48
867.48	1204.19
867.66	1192.59
867.84	1207.58
868.02	1195.44
868.20	1201.05
868.38	1201.22
868.56	1203.98
868.73	1193.00
868.91	1207.20
869.09	1202.65
869.27	1198.86
869.45	1198.55
869.63	1206.03
869.80	1193.97
869.98	1200.15
870.16	1196.94
870.34	1202.28
870.52	1198.86
870.70	1204.33
870.87	1196.85
871.05	1198.31
871.23	1200.60
871.41	1207.75
871.59	1190.81
871.76	1202.42
871.94	1197.55
872.12	1196.77
872.30	1197.34
872.48	1207.07
872.65	1198.51
872.83	1205.54
873.01	1201.03
873.19	1201.13
873.37	1192.00
873.54	1198.06
873.72	1192.94
873.90	1208.34
874.08	1194.33
874.26	1200.79
874.43	1194.07
874.61	1200.85
874.79	1196.30
874.97	1200.66
875.15	1191.14
875.32	1199.99
875.50	1197.16
875.68	1205.62
875.86	1200.48
876.03	1204.47
876.21	1203.67
876.39	1208.14
876.57	1197.78
876.74	1204.70
876.92	1206.07
877.10	1201.28
877.28	1194.29
877.45	1199.78
877.63	1195.30
877.81	1202.79
877.99	1192.16
878.17	1209.33
878.34	1199.99
878.52	1202.96
878.70	1192.61
878.87	1201.89
879.05	1190.75
879.23	1204.00
879.41	1194.62
879.58	1200.99
879.76	1199.13
879.94	1201.85
880.12	1204.31
880.29	1207.32
880.47	1190.83
880.65	1210.57
880.83	1195.60
881.00	1204.66
881.18	1195.58
881.36	1195.62
881.53	1200.79
881.71	1212.15
881.89	1201.58
882.07	1200.83
882.24	1201.22
882.42	1201.81
882.60	1196.24
882.77	1199.97
882.95	1201.79
883.13	1199.11
883.30	1194.93
883.48	1206.38
883.66	1196.63
883.84	1203.45
884.01	1187.88
884.19	1201.07
884.37	1203.71
884.54	1204.68
884.72	1199.90
884.90	1205.09
885.07	1199.25
885.25	1205.17
885.43	1201.28
885.60	1201.17
885.78	1196.03
885.96	1203.28
886.13	1207.58
886.31	1206.29
886.49	1197.32
886.66	1202.67
886.84	1198.98
887.02	1205.97
887.19	1197.96
887.37	1203.43
887.55	1196.44
887.72	1203.69
887.90	1193.35
888.08	1205.45
888.25	1190.79
888.43	1203.18
888.61	1199.33
888.78	1205.62
888.96	1203.67
889.14	1202.94
889.31	1197.18
889.49	1205.86
889.67	1196.77
889.84	1210.23
890.02	1193.33
890.19	1213.77
890.37	1198.29
890.55	1205.31
890.72	1200.66
890.90	1206.75
891.08	1195.34
891.25	1208.08
891.43	1191.18
891.60	1198.27
891.78	1193.66
891.96	1210.21
892.13	1194.62
892.31	1205.29
892.48	1197.34
892.66	1210.21
892.84	1197.37
893.01	1205.35
893.19	1191.47
893.36	1203.94
893.54	1197.47
893.72	1208.47
893.89	1192.41
894.07	1205.76
894.24	1195.95
894.42	1223.76
894.60	1194.07
894.77	1201.44
894.95	1202.46
895.12	1199.72
895.30	1201.63
895.48	1198.96
895.65	1189.26
895.83	1200.77
896.00	1194.99
896.18	1206.77
896.35	1199.74
896.53	1202.67
896.71	1193.92
896.88	1206.99
897.06	1190.73
897.23	1201.46
897.41	1194.03
897.58	1204.84
897.76	1198.59
897.93	1201.87
898.11	1195.89
898.29	1208.32
898.46	1193.80
898.64	1204.33
898.81	1203.04
898.99	1201.32
899.16	1203.24
899.34	1204.49
899.51	1201.09
899.69	1210.12
899.86	1192.00
900.04	1207.75
900.21	1203.59
900.39	1203.08
900.57	1205.95
900.74	1207.20
900.92	1201.81
901.09	1208.20
901.27	1189.95
901.44	1200.48
901.62	1201.71
901.79	1208.81
901.97	1202.94
902.14	1208.63
902.32	1192.63
902.49	1202.32
902.67	1204.37
902.84	1207.03
903.02	1199.04
903.19	1201.46
903.37	1198.06
903.54	1198.43
903.72	1201.71
903.89	1198.90
904.07	1193.04
904.24	1208.20
904.42	1194.99
904.59	1200.29
904.77	1202.71
904.94	1203.35
905.12	1192.61
905.29	1200.13
905.47	1199.00
905.64	1199.41
905.82	1189.89
905.99	1201.03
906.16	1200.07
906.34	1201.42
906.51	1197.34
906.69	1203.90
906.86	1197.43
907.04	1208.71
907.21	1197.67
907.39	1201.83
907.56	1194.38
907.74	1209.49
907.91	1195.56
908.09	1203.90
908.26	1196.79
908.43	1203.92
908.61	1203.16
908.78	1200.09
908.96	1196.98
909.13	1204.45
909.31	1192.37
909.48	1209.90
909.65	1194.87
909.83	1208.90
910.00	1198.80
910.18	1208.71
910.35	1191.65
910.53	1205.43
910.70	1201.89
910.87	1205.37
911.05	1200.91
911.22	1200.17
911.40	1196.10
911.57	1197.63
911.75	1201.11
911.92	1208.16
912.09	1199.84
912.27	1196.65
912.44	1206.32
912.62	1202.87
912.79	1196.85
912.96	1206.52
913.14	1194.78
913.31	1202.01
913.49	1199.80
913.66	1209.78
913.83	1195.09
914.01	1200.70
914.18	1199.41
914.36	1203.22
914.53	1197.45
914.70	1198.82
914.88	1197.49
915.05	1205.35
915.22	1194.13
915.40	1199.41
915.57	1202.03
915.75	1202.49
915.92	1200.44
916.09	1204.43
916.27	1197.63
916.44	1200.48
916.61	1193.49
916.79	1200.99
916.96	1198.90
917.13	1204.19
917.31	1192.45
917.48	1206.72
917.66	1194.42
917.83	1206.60
918.00	1200.11
918.18	1208.85
918.35	1200.09
918.52	1206.15
918.70	1200.83
918.87	1202.18
919.04	1201.34
919.22	1203.88
919.39	1194.27
919.56	1203.90
919.74	1201.60
919.91	1202.18
920.08	1196.24
920.26	1198.59
920.43	1205.52
920.60	1211.15
920.78	1200.58
920.95	1204.66
921.12	1194.25
921.29	1207.07
921.47	1193.60
921.64	1197.49
921.81	1200.01
921.99	1203.47
922.16	1195.13
922.33	1206.23
922.51	1201.17
922.68	1203.45
922.85	1194.01
923.03	1208.20
923.20	1191.57
923.37	1205.23
923.54	1199.82
923.72	1204.19
923.89	1196.26
924.06	1201.54
924.24	1204.04
924.41	1208.77
924.58	1196.30
924.75	1206.99
924.93	1200.99
925.10	1202.40
925.27	1201.91
925.44	1203.04
925.62	1197.30
925.79	1202.94
925.96	1198.84
926.14	1200.33
926.31	1192.88
926.48	1207.50
926.65	1200.77
926.83	1202.55
927.00	1202.79
927.17	1198.64
927.34	1195.42
927.52	1204.57
927.69	1194.31
927.86	1200.33
928.03	1201.05
928.21	1198.23
928.38	1196.73
928.55	1205.11
928.72	1199.76
928.89	1201.54
929.07	1201.28
929.24	1206.07
929.41	1195.09
929.58	1207.01
929.76	1189.75
929.93	1202.08
930.10	1198.72
930.27	1206.09
930.44	1198.14
930.62	1210.60
930.79	1199.66
930.96	1210.90
931.13	1205.37
931.31	1207.44
931.48	1194.60
931.65	1208.73
931.82	1199.39
931.99	1202.94
932.17	1201.26
932.34	1206.46
932.51	1196.38
932.68	1210.41
932.85	1203.92
933.03	1204.02
933.20	1194.64
933.37	1206.64
933.54	1189.97
933.71	1205.93
933.88	1191.69
934.06	1202.67
934.23	1202.49
934.40	1208.59
934.57	1206.79
934.74	1208.26
934.91	1201.71
935.09	1203.12
935.26	1198.57
935.43	1202.81
935.60	1197.92
935.77	1200.29
935.94	1199.70
936.12	1208.34
936.29	1199.72
936.46	1212.27
936.63	1196.08
936.80	1200.60
936.97	1193.47
937.14	1201.97
937.32	1196.75
937.49	1202.22
937.66	1201.97
937.83	1199.80
938.00	1200.38
938.17	1202.98
938.34	1198.82
938.52	1209.76
938.69	1199.04
938.86	1205.99
939.03	1190.63
939.20	1208.92
939.37	1194.44
939.54	1205.29
939.71	1197.51
939.89	1204.66
940.06	1203.04
940.23	1202.40
940.40	1191.45
940.57	1208.55
940.74	1194.62
940.91	1203.18
941.08	1202.59
941.25	1207.34
941.43	1194.66
941.60	1201.22
941.77	1199.47
941.94	1202.32
942.11	1197.06
942.28	1204.27
942.45	1195.48
942.62	1203.69
942.79	1201.79
942.96	1207.77
943.13	1196.98
943.30	1211.31
943.48	1190.16
943.65	1204.90
943.82	1203.26
943.99	1206.13
944.16	1201.05
944.33	1206.21
944.50	1196.69
944.67	1205.58
944.84	1199.41
945.01	1205.37
945.18	1200.93
945.35	1205.02
945.52	1199.45
945.69	1200.68
945.86	1198.51
946.03	1199.33
946.21	1201.58
946.38	1201.67
946.55	1197.26
946.72	1201.89
946.89	1194.81
947.06	1204.39
947.23	1200.15
947.40	1201.56
947.57	1199.02
947.74	1205.23
947.91	1200.19
948.08	1198.72
948.25	1195.48
948.42	1202.08
948.59	1200.36
948.76	1202.61
948.93	1194.76
949.10	1202.36
949.27	1190.59
949.44	1204.88
949.61	1195.91
949.78	1207.40
949.95	1199.74
950.12	1206.85
950.29	1196.57
950.46	1202.94
950.63	1203.96
950.80	1201.26
950.97	1194.05
951.14	1205.68
951.31	1196.83
951.48	1201.69
951.65	1195.99
951.82	1200.23
951.99	1204.78
952.16	1201.28
952.33	1198.31
952.50	1197.53
952.67	1200.46
952.84	1204.98
953.01	1197.69
953.18	1205.60
953.35	1199.95
953.52	1197.84
953.69	1199.09
953.86	1200.85
954.03	1198.59
954.20	1206.91
954.37	1203.30
954.54	1202.98
954.70	1196.36
954.87	1201.13
955.04	1204.35
955.21	1205.88
955.38	1207.18
955.55	1211.56
955.72	1193.35
955.89	1203.55
956.06	1202.20
956.23	1202.96
956.40	1191.45
956.57	1204.31
956.74	1201.28
956.91	1206.09
957.08	1201.48
957.25	1204.21
957.41	1197.65
957.58	1210.19
957.75	1193.84
957.92	1209.78
958.09	1202.16
958.26	1199.39
958.43	1198.10
958.60	1207.87
958.77	1191.51
958.94	1211.29
959.11	1197.82
959.27	1207.81
959.44	1200.09
959.61	1203.10
959.78	1198.80
959.95	1203.78
960.12	1197.84
960.29	1209.00
960.46	1198.84
960.63	1205.25
960.80	1198.70
960.96	1209.10
961.13	1200.15
961.30	1206.72
961.47	1199.54
961.64	1196.94
961.81	1196.85
961.98	1206.58
962.15	1197.24
962.31	1207.67
962.48	1196.87
962.65	1205.05
962.82	1194.17
962.99	1208.87
963.16	1194.70
963.33	1201.77
963.49	1197.84
963.66	1204.86
963.83	1193.19
964.00	1204.08
964.17	1194.58
964.34	1203.04
964.51	1197.86
964.67	1199.43
964.84	1198.04
965.01	1219.95
965.18	1195.22
965.35	1210.23
965.52	1206.36
965.68	1201.15
965.85	1192.57
966.02	1207.95
966.19	1200.27
966.36	1207.75
966.52	1193.54
966.69	1208.87
966.86	1194.29
967.03	1202.18
967.20	1195.69
967.37	1201.54
967.53	1201.01
967.70	1197.61
967.87	1199.95
968.04	1201.89
968.21	1197.55
968.37	1200.99
968.54	1196.71
968.71	1203.49
968.88	1200.79
969.05	1208.94
969.21	1202.42
969.38	1202.34
969.55	1202.81
969.72	1209.69
969.89	1196.24
970.05	1200.44
970.22	1203.06
970.39	1203.26
970.56	1198.21
970.72	1212.44
970.89	1197.00
971.06	1207.11
971.23	1194.29
971.39	1201.99
971.56	1198.96
971.73	1201.50
971.90	1191.02
972.07	1198.74
972.23	1200.17
972.40	1205.97
972.57	1199.15
972.74	1205.97
972.90	1193.37
973.07	1205.41
973.24	1198.27
973.40	1208.67
973.57	1192.27
973.74	1212.38
973.91	1201.13
974.07	1202.26
974.24	1200.40
974.41	1201.69
974.58	1194.23
974.74	1206.13
974.91	1205.52
975.08	1198.02
975.25	1194.07
975.41	1202.14
975.58	1196.10
975.75	1200.56
975.91	1197.12
976.08	1203.53
976.25	1195.93
976.42	1204.37
976.58	1198.86
976.75	1202.40
976.92	1199.11
977.08	1208.24
977.25	1197.98
977.42	1197.92
977.58	1192.55
977.75	1200.11
977.92	1193.58
978.08	1204.72
978.25	1199.52
978.42	1195.01
978.59	1198.57
978.75	1209.98
978.92	1203.26
979.09	1206.05
979.25	1194.64
979.42	1200.44
979.59	1195.65
979.75	1208.49
979.92	1204.92
980.09	1201.01
980.25	1194.64
980.42	1201.95
980.59	1198.68
980.75	1198.80
980.92	1201.87
981.09	1205.50
981.25	1199.23
981.42	1201.60
981.59	1197.67
981.75	1205.82
981.92	1203.65
982.08	1198.96
982.25	1197.98
982.42	1197.34
982.58	1193.60
982.75	1213.16
982.92	1201.42
983.08	1207.26
983.25	1197.92
983.42	1199.82
983.58	1194.33
983.75	1207.52
983.91	1196.42
984.08	1209.86
984.25	1197.14
984.41	1208.73
984.58	1197.57
984.74	1202.20
984.91	1197.82
985.08	1204.37
985.24	1193.11
985.41	1207.30
985.57	1197.32
985.74	1209.31
985.91	1196.79
986.07	1203.26
986.24	1192.23
986.40	1201.01
986.57	1192.98
986.74	1201.60
986.90	1200.42
987.07	1206.09
987.23	1202.16
987.40	1204.94
987.57	1200.93
987.73	1198.53
987.90	1197.71
988.06	1204.04
988.23	1201.01
988.39	1205.00
988.56	1195.95
988.73	1206.34
988.89	1191.24
989.06	1209.59
989.22	1197.67
989.39	1202.77
989.55	1198.29
989.72	1204.76
989.88	1201.56
990.05	1202.75
990.22	1193.02
990.38	1203.84
990.55	1188.09
990.71	1204.72
990.88	1199.37
991.04	1202.16
991.21	1202.06
991.37	1209.61
991.54	1202.28
991.70	1204.80
991.87	1200.58
992.03	1201.22
992.20	1201.13
992.36	1207.05
992.53	1197.14
992.69	1195.89
992.86	1196.51
993.03	1200.31
993.19	1197.51
993.36	1204.55
993.52	1205.00
993.69	1199.35
993.85	1195.36
994.02	1198.98
994.18	1192.96
994.35	1201.03
994.51	1194.64
994.68	1202.87
994.84	1200.29
995.01	1204.41
995.17	1196.03
995.34	1203.00
995.50	1197.43
995.66	1200.74
995.83	1191.53
995.99	1205.31
996.16	1198.14
996.32	1200.89
996.49	1198.14
996.65	1207.73
996.82	1205.56
996.98	1203.49
997.15	1196.26
997.31	1206.87
997.48	1196.57
997.64	1204.86
997.81	1194.33
997.97	1209.69
998.13	1200.01
998.30	1203.10
998.46	1195.50
998.63	1201.87
998.79	1206.38
998.96	1202.46
999.12	1195.48
999.29	1198.92
999.45	1196.36
999.61	1201.11
999.78	1193.09
999.94	1198.23
1000.11	1207.58
1000.27	1210.19
1000.44	1199.66
1000.60	1203.67
1000.76	1196.20
1000.93	1196.28
1001.09	1200.74
1001.26	1202.96
1001.42	1198.98
1001.59	1206.56
1001.75	1196.65
1001.91	1202.98
1002.08	1195.87
1002.24	1198.27
1002.41	1200.87
1002.57	1204.43
1002.73	1198.70
1002.90	1206.13
1003.06	1198.53
1003.23	1200.09
1003.39	1202.03
1003.55	1204.96
1003.72	1198.53
1003.88	1208.73
1004.04	1187.80
1004.21	1205.93
1004.37	1200.03
1004.54	1206.83
1004.70	1198.92
1004.86	1207.36
1005.03	1197.90
1005.19	1204.29
1005.35	1204.45
1005.52	1207.61
1005.68	1195.22
1005.85	1198.74
1006.01	1202.77
1006.17	1199.93
1006.34	1197.53
1006.50	1202.36
1006.66	1192.06
1006.83	1206.93
1006.99	1196.32
1007.15	1203.37
1007.32	1201.85
1007.48	1209.20
1007.64	1194.48
1007.81	1203.32
1007.97	1200.93
1008.13	1200.81
1008.30	1199.27
1008.46	1197.34
1008.62	1197.51
1008.79	1206.25
1008.95	1198.96
1009.11	1201.58
1009.28	1195.03
1009.44	1206.40
1009.60	1191.24
1009.77	1195.67
1009.93	1195.26
1010.09	1203.94
1010.25	1205.95
1010.42	1205.82
1010.58	1193.70
1010.74	1201.36
1010.91	1199.58
1011.07	1201.97
1011.23	1193.52
1011.40	1199.27
1011.56	1197.69
1011.72	1203.22
1011.88	1197.51
1012.05	1201.32
1012.21	1198.39
1012.37	1206.17
1012.54	1203.67
1012.70	1200.77
1012.86	1194.52
1013.02	1201.73
1013.19	1197.92
1013.35	1202.92
1013.51	1198.53
1013.67	1201.22
1013.84	1196.08
1014.00	1201.13
1014.16	1201.56
1014.33	1195.44
1014.49	1195.65
1014.65	1204.74
1014.81	1200.93
1014.98	1203.24
1015.14	1199.82
1015.30	1204.33
1015.46	1203.06
1015.62	1203.22
1015.79	1201.79
1015.95	1211.62
1016.11	1202.08
1016.27	1206.29
1016.44	1204.45
1016.60	1194.25
1016.76	1201.87
1016.92	1204.98
1017.09	1197.08
1017.25	1205.11
1017.41	1195.95
1017.57	1204.06
1017.73	1199.90
1017.90	1201.09
1018.06	1194.78
1018.22	1207.85
1018.38	1199.68
1018.54	1198.31
1018.71	1196.36
1018.87	1210.45
1019.03	1195.73
1019.19	1200.23
1019.35	1205.17
1019.52	1201.97
1019.68	1197.63
1019.84	1199.90
1020.00	1195.01
1020.16	1202.10
1020.33	1198.14
1020.49	1200.21
1020.65	1192.39
1020.81	1204.98
1020.97	1196.96
1021.13	1205.91
1021.30	1191.41
1021.46	1207.36
1021.62	1196.30
1021.78	1204.43
1021.94	1194.23
1022.10	1204.55
1022.27	1198.02
1022.43	1204.55
1022.59	1198.57
1022.75	1210.27
1022.91	1201.91
1023.07	1203.18
1023.24	1199.70
1023.40	1203.78
1023.56	1198.16
1023.72	1203.26
1023.88	1196.73
1024.04	1200.44
1024.20	1193.84
1024.36	1208.55
1024.53	1196.91
1024.69	1203.22
1024.85	1198.37
1025.01	1202.12
1025.17	1200.52
1025.33	1205.82
1025.49	1199.41
1025.65	1203.45
1025.82	1190.36
1025.98	1202.46
1026.14	1200.68
1026.30	1207.58
1026.46	1197.47
1026.62	1204.23
1026.78	1195.44
1026.94	1211.17
1027.10	1192.88
1027.26	1196.48
1027.43	1192.51
1027.59	1210.21
1027.75	1195.93
1027.91	1203.02
1028.07	1196.38
1028.23	1206.56
1028.39	1197.43
1028.55	1204.72
1028.71	1199.82
1028.87	1200.60
1029.03	1194.38
1029.19	1203.32
1029.36	1196.22
1029.52	1206.05
1029.68	1194.60
1029.84	1203.37
1030.00	1203.08
1030.16	1201.11
1030.32	1195.71
1030.48	1204.98
1030.64	1198.55
1030.80	1205.93
1030.96	1196.18
1031.12	1207.38
1031.28	1200.79
1031.44	1203.37
1031.60	1197.43
1031.76	1203.71
1031.92	1202.34
1032.08	1224.13
1032.24	1198.35
1032.40	1202.22
1032.56	1195.22
1032.73	1208.67
1032.89	1194.01
1033.05	1208.85
1033.21	1199.00
1033.37	1198.72
1033.53	1196.87
1033.69	1205.29
1033.85	1193.35
1034.01	1205.99
1034.17	1198.02
1034.33	1199.64
1034.49	1195.48
1034.65	1206.87
1034.81	1198.55
1034.97	1210.04
1035.13	1205.54
1035.29	1197.24
1035.45	1199.19
1035.61	1209.94
1035.77	1202.01
1035.93	1202.89
1036.09	1202.53
1036.25	1203.18
1036.41	1198.04
1036.57	1212.11
1036.73	1194.85
1036.88	1204.68
1037.04	1202.42
