345.52	1191.75
345.73	1191.75
345.94	1191.75
346.16	1185.61
346.37	1193.88
346.58	1192.86
346.79	1194.50
347.00	1196.05
347.22	1203.12
347.43	1190.67
347.64	1198.61
347.85	1204.35
348.06	1204.25
348.28	1193.84
348.49	1197.22
348.70	1201.17
348.91	1204.23
349.12	1193.52
349.34	1205.45
349.55	1195.15
349.76	1200.95
349.97	1198.33
350.18	1204.51
350.40	1194.95
350.61	1208.81
350.82	1199.70
351.03	1203.49
351.24	1194.81
351.46	1201.67
351.67	1198.47
351.88	1204.66
352.09	1193.84
352.30	1199.45
352.51	1201.38
352.73	1202.77
352.94	1195.87
353.15	1204.27
353.36	1201.71
353.57	1202.85
353.79	1204.06
354.00	1200.38
354.21	1197.18
354.42	1210.47
354.63	1200.19
354.84	1197.04
355.06	1194.97
355.27	1197.37
355.48	1195.05
355.69	1205.78
355.90	1201.15
356.11	1204.35
356.33	1201.93
356.54	1204.12
356.75	1195.48
356.96	1206.99
357.17	1201.56
357.38	1202.87
357.60	1195.01
357.81	1207.01
358.02	1201.83
358.23	1196.53
358.44	1196.53
358.65	1204.74
358.87	1201.24
359.08	1210.17
359.29	1194.83
359.50	1195.54
359.71	1191.65
359.92	1203.49
360.13	1204.25
360.35	1209.61
360.56	1192.82
360.77	1199.15
360.98	1199.99
361.19	1209.51
361.40	1199.37
361.62	1200.99
361.83	1192.78
362.04	1205.37
362.25	1202.12
362.46	1207.99
362.67	1195.83
362.88	1203.86
363.10	1205.23
363.31	1204.86
363.52	1199.35
363.73	1208.16
363.94	1198.08
364.15	1206.77
364.36	1199.97
364.57	1207.15
364.79	1194.05
365.00	1201.17
365.21	1199.11
365.42	1206.83
365.63	1197.14
365.84	1213.20
366.05	1195.81
366.27	1207.30
366.48	1197.20
366.69	1201.26
366.90	1199.62
367.11	1203.59
367.32	1200.99
367.53	1205.95
367.74	1196.96
367.95	1203.88
368.17	1206.01
368.38	1206.21
368.59	1199.84
368.80	1207.38
369.01	1200.33
369.22	1196.48
369.43	1204.49
369.64	1201.30
369.86	1201.60
370.07	1204.08
370.28	1201.52
370.49	1199.02
370.70	1199.33
370.91	1203.90
371.12	1203.08
371.33	1205.60
371.54	1201.07
371.76	1199.64
371.97	1200.11
372.18	1210.88
372.39	1195.65
372.60	1206.27
372.81	1201.83
373.02	1202.46
373.23	1201.63
373.44	1207.22
373.65	1202.24
373.87	1204.35
374.08	1201.05
374.29	1208.40
374.50	1196.16
374.71	1205.91
374.92	1205.15
375.13	1207.75
375.34	1199.11
375.55	1208.61
375.76	1202.32
375.97	1209.71
376.19	1201.32
376.40	1205.09
376.61	1204.78
376.82	1206.72
377.03	1199.11
377.24	1213.28
377.45	1192.76
377.66	1202.24
377.87	1195.65
378.08	1203.41
378.29	1197.20
378.50	1207.07
378.71	1196.57
378.93	1209.90
379.14	1196.36
379.35	1203.53
379.56	1195.03
379.77	1208.24
379.98	1200.19
380.19	1210.00
380.40	1199.47
380.61	1208.77
380.82	1197.37
381.03	1200.21
381.24	1204.55
381.45	1201.30
381.66	1200.15
381.88	1204.41
382.09	1204.43
382.30	1212.46
382.51	1202.61
382.72	1203.02
382.93	1204.74
383.14	1213.81
383.35	1197.88
383.56	1206.50
383.77	1194.95
383.98	1207.13
384.19	1196.98
384.40	1209.10
384.61	1199.25
384.82	1204.68
385.03	1198.66
385.24	1206.09
385.45	1199.27
385.67	1208.83
385.88	1195.58
386.09	1207.09
386.30	1199.95
386.51	1203.94
386.72	1195.42
386.93	1204.86
387.14	1205.33
387.35	1209.45
387.56	1199.41
387.77	1209.59
387.98	1193.04
388.19	1204.35
388.40	1200.09
388.61	1203.39
388.82	1195.44
389.03	1202.85
389.24	1196.98
389.45	1205.02
389.66	1201.83
389.87	1200.36
390.08	1205.56
390.29	1203.59
390.50	1204.88
390.71	1211.64
390.92	1202.20
391.13	1201.28
391.34	1195.81
391.55	1211.56
391.76	1205.33
391.98	1208.06
392.19	1198.47
392.40	1203.96
392.61	1203.80
392.82	1205.70
393.03	1198.06
393.24	1204.90
393.45	1204.86
393.66	1208.04
393.87	1199.23
394.08	1201.91
394.29	1203.22
394.50	1208.71
394.71	1203.65
394.92	1204.41
395.13	1202.12
395.34	1211.80
395.55	1201.75
395.76	1202.83
395.97	1202.79
396.18	1207.93
396.39	1198.08
396.60	1207.30
396.81	1209.92
397.02	1208.73
397.23	1203.22
397.44	1203.53
397.65	1199.95
397.86	1202.73
398.07	1202.08
398.28	1213.77
398.49	1200.56
398.70	1201.73
398.91	1206.81
399.12	1205.09
399.33	1202.40
399.54	1201.36
399.75	1200.25
399.96	1202.65
400.17	1202.40
400.38	1203.71
400.59	1204.76
400.80	1208.79
401.01	1197.04
401.22	1205.78
401.42	1194.74
401.63	1204.80
401.84	1200.50
402.05	1207.93
402.26	1204.04
402.47	1210.68
402.68	1203.63
402.89	1205.13
403.10	1198.02
403.31	1207.99
403.52	1200.81
403.73	1211.99
403.94	1198.02
404.15	1209.49
404.36	1199.90
404.57	1214.34
404.78	1195.97
404.99	1210.98
405.20	1205.29
405.41	1210.00
405.62	1200.09
405.83	1210.72
406.04	1207.75
406.25	1207.46
406.46	1208.30
406.67	1208.81
406.88	1201.28
407.09	1203.41
407.30	1201.97
407.50	1206.62
407.71	1198.74
407.92	1204.90
408.13	1199.86
408.34	1209.53
408.55	1204.88
408.76	1206.58
408.97	1200.87
409.18	1207.69
409.39	1203.16
409.60	1208.79
409.81	1198.37
410.02	1207.85
410.23	1198.90
410.44	1204.51
410.65	1200.79
410.86	1207.79
411.07	1209.61
411.27	1208.22
411.48	1197.75
411.69	1211.25
411.90	1198.82
412.11	1209.92
412.32	1196.71
412.53	1206.66
412.74	1199.76
412.95	1207.65
413.16	1202.42
413.37	1218.50
413.58	1202.44
413.79	1205.80
414.00	1206.95
414.20	1213.13
414.41	1200.07
414.62	1201.34
414.83	1201.38
415.04	1205.39
415.25	1199.31
415.46	1205.00
415.67	1202.16
415.88	1203.67
416.09	1200.31
416.30	1206.85
416.51	1200.79
416.71	1203.57
416.92	1197.02
417.13	1207.09
417.34	1205.07
417.55	1206.40
417.76	1201.15
417.97	1202.42
418.18	1199.23
418.39	1200.77
418.60	1195.40
418.81	1205.48
419.01	1201.65
419.22	1209.96
419.43	1202.53
419.64	1208.40
419.85	1196.77
420.06	1200.64
420.27	1206.54
420.48	1204.90
420.69	1205.48
420.90	1205.88
421.10	1207.87
421.31	1203.84
421.52	1200.05
421.73	1206.89
421.94	1208.65
422.15	1207.18
422.36	1203.20
422.57	1208.94
422.78	1200.79
422.98	1201.97
423.19	1198.57
423.40	1214.12
423.61	1203.14
423.82	1205.21
424.03	1203.55
424.24	1209.49
424.45	1204.84
424.65	1206.11
424.86	1200.58
425.07	1210.14
425.28	1196.69
425.49	1204.21
425.70	1205.60
425.91	1207.20
426.12	1201.03
426.32	1207.65
426.53	1207.65
426.74	1205.48
426.95	1203.32
427.16	1208.81
427.37	1194.54
427.58	1202.96
427.78	1202.36
427.99	1205.76
428.20	1207.50
428.41	1213.97
428.62	1195.09
428.83	1203.51
429.04	1201.93
429.24	1209.04
429.45	1199.95
429.66	1209.04
429.87	1196.18
430.08	1209.18
430.29	1194.25
430.50	1205.41
430.70	1200.95
430.91	1207.73
431.12	1203.82
431.33	1212.54
431.54	1200.25
431.75	1213.16
431.96	1203.00
432.16	1203.14
432.37	1211.72
432.58	1210.35
432.79	1200.03
433.00	1202.55
433.21	1193.84
433.41	1208.57
433.62	1196.53
433.83	1199.13
434.04	1194.89
434.25	1207.73
434.46	1199.23
434.66	1209.98
434.87	1198.78
435.08	1207.44
435.29	1199.76
435.50	1207.85
435.71	1205.25
435.91	1209.16
436.12	1200.85
436.33	1193.17
436.54	1203.28
436.75	1217.87
436.95	1195.26
437.16	1203.61
437.37	1201.63
437.58	1201.36
437.79	1197.75
438.00	1204.41
438.20	1198.53
438.41	1209.94
438.62	1194.56
438.83	1209.55
439.04	1197.65
439.24	1205.84
439.45	1204.64
439.66	1206.81
439.87	1199.17
440.08	1205.09
440.28	1198.92
440.49	1204.98
440.70	1201.32
440.91	1212.95
441.12	1205.11
441.32	1211.62
441.53	1201.48
441.74	1202.75
441.95	1201.52
442.16	1209.76
442.36	1204.72
442.57	1207.65
442.78	1201.40
442.99	1207.36
443.20	1202.03
443.40	1209.59
443.61	1201.40
443.82	1204.72
444.03	1195.13
444.24	1202.75
444.44	1207.48
444.65	1209.24
444.86	1198.80
445.07	1204.04
445.27	1203.67
445.48	1197.51
445.69	1201.97
445.90	1211.31
446.11	1203.02
446.31	1210.23
446.52	1195.03
446.73	1211.43
446.94	1196.36
447.14	1209.20
447.35	1199.04
447.56	1212.38
447.77	1208.92
447.97	1206.77
448.18	1204.12
448.39	1205.13
448.60	1194.29
448.81	1203.18
449.01	1192.27
449.22	1205.45
449.43	1202.24
449.64	1206.05
449.84	1205.29
450.05	1205.21
450.26	1202.12
450.47	1201.81
450.67	1201.38
450.88	1203.92
451.09	1200.07
451.30	1201.01
451.50	1202.32
451.71	1207.30
451.92	1192.61
452.13	1210.80
452.33	1202.12
452.54	1209.26
452.75	1200.27
452.96	1210.98
453.16	1195.99
453.37	1206.95
453.58	1199.56
453.79	1208.96
453.99	1201.54
454.20	1206.29
454.41	1206.89
454.61	1208.90
454.82	1203.08
455.03	1211.97
455.24	1196.14
455.44	1199.66
455.65	1197.02
455.86	1206.64
456.07	1204.98
456.27	1211.15
456.48	1200.29
456.69	1209.80
456.90	1200.25
457.10	1209.90
457.31	1203.24
457.52	1208.75
457.72	1205.31
457.93	1204.06
458.14	1196.77
458.35	1208.57
458.55	1198.12
458.76	1203.49
458.97	1204.64
459.17	1201.81
459.38	1204.88
459.59	1207.61
459.80	1197.39
460.00	1208.40
460.21	1198.96
460.42	1210.39
460.62	1205.91
460.83	1208.67
461.04	1204.31
461.25	1207.81
461.45	1199.78
461.66	1205.95
461.87	1198.37
462.07	1203.61
462.28	1195.50
462.49	1201.77
462.69	1205.97
462.90	1218.09
463.11	1202.53
463.31	1206.44
463.52	1199.64
463.73	1209.71
463.94	1200.46
464.14	1211.13
464.35	1195.77
464.56	1205.11
464.76	1203.90
464.97	1204.86
465.18	1194.07
465.38	1206.66
465.59	1202.53
465.80	1210.25
466.00	1199.64
466.21	1205.33
466.42	1201.50
466.62	1207.07
466.83	1198.47
467.04	1206.17
467.24	1195.30
467.45	1207.50
467.66	1196.63
467.86	1207.73
468.07	1208.08
468.28	1206.36
468.48	1201.46
468.69	1207.81
468.90	1203.30
469.10	1207.38
469.31	1197.39
469.52	1211.52
469.72	1197.04
469.93	1205.93
470.14	1196.71
470.34	1205.11
470.55	1197.80
470.76	1208.90
470.96	1197.61
471.17	1211.82
471.38	1198.39
471.58	1207.61
471.79	1197.06
472.00	1206.13
472.20	1196.48
472.41	1201.79
472.62	1204.39
472.82	1202.65
473.03	1202.49
473.24	1212.36
473.44	1197.41
473.65	1206.77
473.85	1201.54
474.06	1203.20
474.27	1193.33
474.47	1200.40
474.68	1202.73
474.89	1206.79
475.09	1202.75
475.30	1204.80
475.51	1199.80
475.71	1204.21
475.92	1203.32
476.12	1205.56
476.33	1194.97
476.54	1211.37
476.74	1201.15
476.95	1211.11
477.16	1196.10
477.36	1212.05
477.57	1202.32
477.77	1206.75
477.98	1200.95
478.19	1199.11
478.39	1203.90
478.60	1201.48
478.81	1202.44
479.01	1205.50
479.22	1207.05
479.42	1208.47
479.63	1206.85
479.84	1211.03
480.04	1206.46
480.25	1214.34
480.45	1205.93
480.66	1202.14
480.87	1200.01
481.07	1209.61
481.28	1204.31
481.48	1205.97
481.69	1196.65
481.90	1208.34
482.10	1201.83
482.31	1211.33
482.51	1200.83
482.72	1208.87
482.93	1206.46
483.13	1212.05
483.34	1202.53
483.54	1205.95
483.75	1202.08
483.96	1209.26
484.16	1199.74
484.37	1212.07
484.57	1198.29
484.78	1208.85
484.99	1203.96
485.19	1211.84
485.40	1200.87
485.60	1208.49
485.81	1201.22
486.01	1209.49
486.22	1208.59
486.43	1208.24
486.63	1196.48
486.84	1208.55
487.04	1201.99
487.25	1202.20
487.46	1207.83
487.66	1203.43
487.87	1203.61
488.07	1206.81
488.28	1200.77
488.48	1208.24
488.69	1199.11
488.89	1210.57
489.10	1194.72
489.31	1216.29
489.51	1202.85
489.72	1206.97
489.92	1200.21
490.13	1207.30
490.33	1196.01
490.54	1208.08
490.75	1197.73
490.95	1203.39
491.16	1195.95
491.36	1204.47
491.57	1208.10
491.77	1200.19
491.98	1201.52
492.18	1208.55
492.39	1202.71
492.59	1204.84
492.80	1199.52
493.01	1204.08
493.21	1205.97
493.42	1208.47
493.62	1203.41
493.83	1205.13
494.03	1193.23
494.24	1202.98
494.44	1206.56
494.65	1209.74
494.85	1197.10
495.06	1202.61
495.26	1204.37
495.47	1212.03
495.68	1206.85
495.88	1206.27
496.09	1195.07
496.29	1211.89
496.50	1205.80
496.70	1211.05
496.91	1202.40
497.11	1203.96
497.32	1201.48
497.52	1211.56
497.73	1198.57
497.93	1209.43
498.14	1201.75
498.34	1213.03
498.55	1195.32
498.75	1199.56
498.96	1203.59
499.16	1204.86
499.37	1205.84
499.57	1201.99
499.78	1201.85
499.98	1212.13
500.19	1203.30
500.39	1209.67
500.60	1199.13
500.80	1201.95
501.01	1195.40
501.21	1203.88
501.42	1199.88
501.62	1205.95
501.83	1209.74
502.03	1204.84
502.24	1204.57
502.44	1209.57
502.65	1205.11
502.85	1204.62
503.06	1197.78
503.26	1207.77
503.47	1195.85
503.67	1208.67
503.88	1198.84
504.08	1206.56
504.29	1206.36
504.49	1209.00
504.70	1197.57
504.90	1207.95
505.11	1206.21
505.31	1202.36
505.52	1205.86
505.72	1209.35
505.93	1201.36
506.13	1207.30
506.34	1202.03
506.54	1206.58
506.75	1200.46
506.95	1201.75
507.16	1210.66
507.36	1204.08
507.56	1193.00
507.77	1206.17
507.97	1198.23
508.18	1204.04
508.38	1202.57
508.59	1210.55
508.79	1203.04
509.00	1204.68
509.20	1195.83
509.41	1206.13
509.61	1196.57
509.82	1211.05
510.02	1201.56
510.22	1200.31
510.43	1206.99
510.63	1206.32
510.84	1196.87
511.04	1201.65
511.25	1201.75
511.45	1203.02
511.66	1196.57
511.86	1207.54
512.06	1198.55
512.27	1213.81
512.47	1199.29
512.68	1201.73
512.88	1203.26
513.09	1207.34
513.29	1200.09
513.50	1216.64
513.70	1202.63
513.90	1207.46
514.11	1201.28
514.31	1200.85
514.52	1201.13
514.72	1205.58
514.93	1206.07
515.13	1208.08
515.33	1202.34
515.54	1203.73
515.74	1203.43
515.95	1196.83
516.15	1203.32
516.36	1210.21
516.56	1199.99
516.76	1202.83
516.97	1207.28
517.17	1204.27
517.38	1197.49
517.58	1206.07
517.78	1207.07
517.99	1209.63
518.19	1201.20
518.40	1213.05
518.60	1201.81
518.81	1212.73
519.01	1203.65
519.21	1214.04
519.42	1201.03
519.62	1213.59
519.83	1205.21
520.03	1210.84
520.23	1199.47
520.44	1207.77
520.64	1203.12
520.85	1212.42
521.05	1201.11
521.25	1214.79
521.46	1198.51
521.66	1209.16
521.86	1197.69
522.07	1201.05
522.27	1194.72
522.48	1204.53
522.68	1194.31
522.88	1209.12
523.09	1199.43
523.29	1210.84
523.50	1191.10
523.70	1214.81
523.90	1202.55
524.11	1204.82
524.31	1205.76
524.51	1212.03
524.72	1202.20
524.92	1212.48
525.13	1205.19
525.33	1199.04
525.53	1197.47
525.74	1207.03
525.94	1199.70
526.14	1211.31
526.35	1203.69
526.55	1210.80
526.76	1203.55
526.96	1214.59
527.16	1195.93
527.37	1211.11
527.57	1204.29
527.77	1205.72
527.98	1203.53
528.18	1210.76
528.38	1202.28
528.59	1211.17
528.79	1206.79
528.99	1206.48
529.20	1194.95
529.40	1211.80
529.61	1200.77
529.81	1212.97
530.01	1207.75
530.22	1202.32
530.42	1195.34
530.62	1208.20
530.83	1200.68
531.03	1215.41
531.23	1209.57
531.44	1209.90
531.64	1205.39
531.84	1202.42
532.05	1206.40
532.25	1205.60
532.45	1203.88
532.66	1211.37
532.86	1194.35
533.06	1210.12
533.27	1208.73
533.47	1218.13
533.67	1201.09
533.88	1207.50
534.08	1207.15
534.28	1207.26
534.49	1205.78
534.69	1206.60
534.89	1200.70
535.09	1214.02
535.30	1201.11
535.50	1204.76
535.70	1205.93
535.91	1214.96
536.11	1202.67
536.31	1199.76
536.52	1207.46
536.72	1206.01
536.92	1203.51
537.13	1211.97
537.33	1203.35
537.53	1209.43
537.74	1203.16
537.94	1207.52
538.14	1204.10
538.34	1208.42
538.55	1207.73
538.75	1218.66
538.95	1208.14
539.16	1211.15
539.36	1211.87
539.56	1209.98
539.77	1205.80
539.97	1213.11
540.17	1197.73
540.37	1212.13
540.58	1206.60
540.78	1205.21
540.98	1205.58
541.19	1206.01
541.39	1206.68
541.59	1211.15
541.79	1207.09
542.00	1210.64
542.20	1206.07
542.40	1213.38
542.60	1201.36
542.81	1210.90
543.01	1208.98
543.21	1208.36
543.42	1198.92
543.62	1206.87
543.82	1208.36
544.02	1209.69
544.23	1206.60
544.43	1207.81
544.63	1201.58
544.83	1210.92
545.04	1213.13
545.24	1207.01
545.44	1204.39
545.64	1205.78
545.85	1202.92
546.05	1213.91
546.25	1208.18
546.45	1206.64
546.66	1196.96
546.86	1207.75
547.06	1208.24
547.27	1215.08
547.47	1202.65
547.67	1208.87
547.87	1206.15
548.07	1216.39
548.28	1207.50
548.48	1219.16
548.68	1201.81
548.88	1208.77
549.09	1210.31
549.29	1206.44
549.49	1214.65
549.69	1211.33
549.90	1203.08
550.10	1213.09
550.30	1209.35
550.50	1213.63
550.71	1207.13
550.91	1210.35
551.11	1208.94
551.31	1211.52
551.51	1210.88
551.72	1212.73
551.92	1211.56
552.12	1214.12
552.32	1212.46
552.53	1217.48
552.73	1208.01
552.93	1213.38
553.13	1216.19
553.33	1214.67
553.54	1211.11
553.74	1215.55
553.94	1215.45
554.14	1207.48
554.35	1204.43
554.55	1211.52
554.75	1209.94
554.95	1209.26
555.15	1202.24
555.36	1218.40
555.56	1213.93
555.76	1213.16
555.96	1213.09
556.16	1211.39
556.37	1206.36
556.57	1213.65
556.77	1210.47
556.97	1217.80
557.17	1206.70
557.38	1222.41
557.58	1211.89
557.78	1220.96
557.98	1205.72
558.18	1217.09
558.38	1211.19
558.59	1215.20
558.79	1213.20
558.99	1215.69
559.19	1215.41
559.39	1218.28
559.60	1209.43
559.80	1222.06
560.00	1217.93
560.20	1218.36
560.40	1218.25
560.60	1228.49
560.81	1221.94
561.01	1226.34
561.21	1227.12
561.41	1226.45
561.61	1213.11
561.81	1231.53
562.02	1223.13
562.22	1233.10
562.42	1219.71
562.62	1240.74
562.82	1227.98
563.02	1223.46
563.23	1228.29
563.43	1226.10
563.63	1227.22
563.83	1237.94
564.03	1226.10
564.23	1228.43
564.43	1227.08
564.64	1231.77
564.84	1229.11
565.04	1237.26
565.24	1224.73
565.44	1232.63
565.64	1227.92
565.85	1233.92
566.05	1234.33
566.25	1238.20
566.45	1228.92
566.65	1234.39
566.85	1235.07
567.05	1234.72
567.25	1236.81
567.46	1244.02
567.66	1236.38
567.86	1244.82
568.06	1242.05
568.26	1244.41
568.46	1237.83
568.66	1246.37
568.86	1246.64
569.07	1255.08
569.27	1243.51
569.47	1246.95
569.67	1248.81
569.87	1248.54
570.07	1246.09
570.27	1254.26
570.47	1245.23
570.68	1252.11
570.88	1252.48
571.08	1255.79
571.28	1247.83
571.48	1259.52
571.68	1246.64
571.88	1258.15
572.08	1248.30
572.28	1253.44
572.49	1255.38
572.69	1259.95
572.89	1250.90
573.09	1262.06
573.29	1252.48
573.49	1265.73
573.69	1244.39
573.89	1264.66
574.09	1255.45
574.29	1264.97
574.50	1247.38
574.70	1265.05
574.90	1251.53
575.10	1253.97
575.30	1256.10
575.50	1262.10
575.70	1253.95
575.90	1258.70
576.10	1255.43
576.30	1265.42
576.50	1253.75
576.70	1264.95
576.91	1245.60
577.11	1262.00
577.31	1256.76
577.51	1254.54
577.71	1258.46
577.91	1256.20
578.11	1255.65
578.31	1258.99
578.51	1255.73
578.71	1262.63
578.91	1248.95
579.11	1260.61
579.31	1259.32
579.51	1267.90
579.71	1253.71
579.92	1257.88
580.12	1258.15
580.32	1261.49
580.52	1256.98
580.72	1261.34
580.92	1261.04
581.12	1266.59
581.32	1262.57
581.52	1270.48
581.72	1272.61
581.92	1276.31
582.12	1273.18
582.32	1287.29
582.52	1279.65
582.72	1299.19
582.92	1293.58
583.12	1313.92
583.32	1316.15
583.52	1339.45
583.72	1340.48
583.92	1370.58
584.12	1397.60
584.33	1426.80
584.53	1455.68
584.73	1483.88
584.93	1510.50
585.13	1545.93
585.33	1576.49
585.53	1614.86
585.73	1654.12
585.93	1695.53
586.13	1740.81
586.33	1787.12
586.53	1864.08
586.73	1949.81
586.93	2084.87
587.13	2267.94
587.33	2510.93
587.53	2876.58
587.73	3349.29
587.93	3891.10
588.13	4589.35
588.33	5222.83
588.53	5951.46
588.73	6596.65
588.93	7130.31
589.13	7666.41
589.33	7988.57
589.53	8354.09
589.73	8586.19
589.93	8700.06
590.13	8897.77
590.33	8967.73
590.53	9002.62
590.73	9072.40
590.93	9128.00
591.13	9177.87
591.33	9191.47
591.53	9179.79
591.73	9278.34
591.93	9181.41
592.13	9273.76
592.33	9252.07
592.53	9243.57
592.73	9209.55
592.93	9078.01
593.13	8940.67
593.33	8801.78
593.53	8529.18
593.73	8126.03
593.93	7673.39
594.13	7141.06
594.33	6589.26
594.53	5994.83
594.73	5483.80
594.92	5020.17
595.12	4583.01
595.32	4264.51
595.52	3997.37
595.72	3779.59
595.92	3631.64
596.12	3488.92
596.32	3337.80
596.52	3257.07
596.72	3162.90
596.92	3069.88
597.12	2995.54
597.32	2888.19
597.52	2861.16
597.72	2757.36
597.92	2715.09
598.12	2650.73
598.32	2593.94
598.52	2549.41
598.72	2490.51
598.92	2441.08
599.12	2397.21
599.31	2338.99
599.51	2303.15
599.71	2232.06
599.91	2202.22
600.11	2167.08
600.31	2122.29
600.51	2086.12
600.71	2050.53
600.91	2013.44
601.11	1991.92
601.31	1955.75
601.51	1931.85
601.71	1896.44
601.91	1881.41
602.10	1853.76
602.30	1839.55
602.50	1818.29
602.70	1808.87
602.90	1782.24
603.10	1793.30
603.30	1772.66
603.50	1771.00
603.70	1763.83
603.90	1771.86
604.10	1778.13
604.30	1807.91
604.49	1837.74
604.69	1901.56
604.89	1994.93
605.09	2096.12
605.29	2212.81
605.49	2348.45
605.69	2463.64
605.89	2591.95
606.09	2656.30
606.29	2752.72
606.48	2790.99
606.68	2814.95
606.88	2813.83
607.08	2804.82
607.28	2756.98
607.48	2725.64
607.68	2675.86
607.88	2576.39
608.08	2506.24
608.27	2437.98
608.47	2346.28
608.67	2271.36
608.87	2170.50
609.07	2101.38
609.27	2004.10
609.47	1925.54
609.67	1851.59
609.87	1775.08
610.06	1703.93
610.26	1651.30
610.46	1610.81
610.66	1580.81
610.86	1556.87
611.06	1551.01
611.26	1525.92
611.45	1541.75
611.65	1512.40
611.85	1511.97
612.05	1503.21
612.25	1506.63
612.45	1488.93
612.65	1484.41
612.84	1449.88
613.04	1427.72
613.24	1380.90
613.44	1350.33
613.64	1317.31
613.84	1305.19
614.04	1281.21
614.23	1279.08
614.43	1263.25
614.63	1268.80
614.83	1257.74
615.03	1264.83
615.23	1257.17
615.42	1252.05
615.62	1248.05
615.82	1246.21
616.02	1250.96
616.22	1252.54
616.42	1238.96
616.61	1252.03
616.81	1250.00
617.01	1254.48
617.21	1239.68
617.41	1245.60
617.61	1233.57
617.80	1243.06
618.00	1239.70
618.20	1240.97
618.40	1235.58
618.60	1243.57
618.80	1231.77
618.99	1237.51
619.19	1232.61
619.39	1235.79
619.59	1228.68
619.79	1237.92
619.98	1224.50
620.18	1228.17
620.38	1227.22
620.58	1234.60
620.78	1225.71
620.97	1225.42
621.17	1218.17
621.37	1229.33
621.57	1227.65
621.77	1234.54
621.96	1223.99
622.16	1228.19
622.36	1223.13
622.56	1228.19
622.76	1218.34
622.95	1226.69
623.15	1214.49
623.35	1227.16
623.55	1214.90
623.75	1221.18
623.94	1218.42
624.14	1223.13
624.34	1215.69
624.54	1223.31
624.73	1219.71
624.93	1219.65
625.13	1214.14
625.33	1213.95
625.53	1210.12
625.72	1222.60
625.92	1205.11
626.12	1221.86
626.32	1217.66
626.51	1222.56
626.71	1216.23
626.91	1220.00
627.11	1207.40
627.30	1215.80
627.50	1209.45
627.70	1225.22
627.90	1210.86
628.10	1215.57
628.29	1208.57
628.49	1218.48
628.69	1209.28
628.89	1217.27
629.08	1209.33
629.28	1222.04
629.48	1207.67
629.68	1212.62
629.87	1212.85
630.07	1214.94
630.27	1212.36
630.47	1220.69
630.66	1207.93
630.86	1212.99
631.06	1213.36
631.25	1221.41
631.45	1210.35
631.65	1217.62
631.85	1207.73
632.04	1216.06
632.24	1209.18
632.44	1217.46
632.64	1210.94
632.83	1217.60
633.03	1208.22
633.23	1220.22
633.42	1213.99
633.62	1214.12
633.82	1210.27
634.02	1220.00
634.21	1208.14
634.41	1218.81
634.61	1209.37
634.81	1217.39
635.00	1215.00
635.20	1218.71
635.40	1217.09
635.59	1216.21
635.79	1205.35
635.99	1217.23
636.18	1205.82
636.38	1218.64
636.58	1207.61
636.78	1214.96
636.97	1215.08
637.17	1216.64
637.37	1210.88
637.56	1217.64
637.76	1208.67
637.96	1207.42
638.15	1207.75
638.35	1216.94
638.55	1211.54
638.74	1219.05
638.94	1207.11
639.14	1212.79
639.34	1203.65
639.53	1209.74
639.73	1201.87
639.93	1209.08
640.12	1203.39
640.32	1209.43
640.52	1205.78
640.71	1209.00
640.91	1209.33
641.11	1206.19
641.30	1206.46
641.50	1210.06
641.70	1203.94
641.89	1205.25
642.09	1208.94
642.29	1207.03
642.48	1201.81
642.68	1209.43
642.88	1201.11
643.07	1209.65
643.27	1209.41
643.47	1206.99
643.66	1200.38
643.86	1201.11
644.06	1197.80
644.25	1213.89
644.45	1199.13
644.65	1204.29
644.84	1197.51
645.04	1206.89
645.23	1199.78
645.43	1205.64
645.63	1198.49
645.82	1204.94
646.02	1207.28
646.22	1206.70
646.41	1205.58
646.61	1203.08
646.81	1198.12
647.00	1205.86
647.20	1205.86
647.39	1214.59
647.59	1206.38
647.79	1210.94
647.98	1200.42
648.18	1216.72
648.38	1201.01
648.57	1205.88
648.77	1206.32
648.96	1207.85
649.16	1200.64
649.36	1210.78
649.55	1197.57
649.75	1205.37
649.95	1202.89
650.14	1209.28
650.34	1204.27
650.53	1208.92
650.73	1199.25
650.93	1203.20
651.12	1201.73
651.32	1210.25
651.51	1200.70
651.71	1211.19
651.91	1201.03
652.10	1204.02
652.30	1204.76
652.49	1204.06
652.69	1198.92
652.89	1211.37
653.08	1199.50
653.28	1209.35
653.47	1205.68
653.67	1213.71
653.86	1205.43
654.06	1206.48
654.26	1199.99
654.45	1205.88
654.65	1198.47
654.84	1206.46
655.04	1199.90
655.24	1212.23
655.43	1200.72
655.63	1205.84
655.82	1199.52
656.02	1207.79
656.21	1197.59
656.41	1208.94
656.61	1208.20
656.80	1211.58
657.00	1203.98
657.19	1207.95
657.39	1199.39
657.58	1203.71
657.78	1196.73
657.97	1209.61
658.17	1204.70
658.37	1207.44
658.56	1208.49
658.76	1201.83
658.95	1203.35
659.15	1208.18
659.34	1201.30
659.54	1205.78
659.73	1195.91
659.93	1206.11
660.13	1202.46
660.32	1208.40
660.52	1201.03
660.71	1204.23
660.91	1204.06
661.10	1210.25
661.30	1198.96
661.49	1211.74
661.69	1204.04
661.88	1205.97
662.08	1200.31
662.27	1201.40
662.47	1202.06
662.66	1203.41
662.86	1199.70
663.06	1202.16
663.25	1202.63
663.45	1208.28
663.64	1202.59
663.84	1213.38
664.03	1198.39
664.23	1204.66
664.42	1205.58
664.62	1204.51
664.81	1206.46
665.01	1198.53
665.20	1196.61
665.40	1203.59
665.59	1194.81
665.79	1204.82
665.98	1204.68
666.18	1206.60
666.37	1194.89
666.57	1201.71
666.76	1191.45
666.96	1208.75
667.15	1194.95
667.35	1211.13
667.54	1199.27
667.74	1215.80
667.93	1198.70
668.13	1212.81
668.32	1199.60
668.52	1201.97
668.71	1205.97
668.91	1207.22
669.10	1203.30
669.30	1207.09
669.49	1204.59
669.68	1213.65
669.88	1202.28
670.07	1198.64
670.27	1202.46
670.46	1205.86
670.66	1201.69
670.85	1206.38
671.05	1203.04
671.24	1203.26
671.44	1197.32
671.63	1201.91
671.83	1198.14
672.02	1214.53
672.22	1195.15
672.41	1203.39
672.60	1197.18
672.80	1201.81
672.99	1204.86
673.19	1204.62
673.38	1192.31
673.58	1212.21
673.77	1196.89
673.97	1207.83
674.16	1205.15
674.36	1201.77
674.55	1201.60
674.74	1206.03
674.94	1208.57
675.13	1200.23
675.33	1197.96
675.52	1205.95
675.72	1197.63
675.91	1200.21
676.10	1197.86
676.30	1204.62
676.49	1198.31
676.69	1203.30
676.88	1202.46
677.08	1205.27
677.27	1196.36
677.46	1205.25
677.66	1201.99
677.85	1207.69
678.05	1198.80
678.24	1213.56
678.44	1204.06
678.63	1204.92
678.82	1197.86
679.02	1211.39
679.21	1203.47
679.41	1208.28
679.60	1199.33
679.79	1200.89
679.99	1193.49
680.18	1209.00
680.38	1203.94
680.57	1210.60
680.76	1200.46
680.96	1201.87
681.15	1202.20
681.35	1207.44
681.54	1205.07
681.73	1209.04
681.93	1202.73
682.12	1208.42
682.32	1204.90
682.51	1205.00
682.70	1200.17
682.90	1200.07
683.09	1200.27
683.29	1206.38
683.48	1201.07
683.67	1207.58
683.87	1200.48
684.06	1202.89
684.25	1203.69
684.45	1207.18
684.64	1200.66
684.84	1205.48
685.03	1200.56
685.22	1208.44
685.42	1193.97
685.61	1212.66
685.80	1200.07
686.00	1198.92
686.19	1205.00
686.38	1204.47
686.58	1196.67
686.77	1209.35
686.96	1198.53
687.16	1209.35
687.35	1198.47
687.55	1210.23
687.74	1198.35
687.93	1205.74
688.13	1202.01
688.32	1204.62
688.51	1201.48
688.71	1201.97
688.90	1204.06
689.09	1203.63
689.29	1198.98
689.48	1202.10
689.67	1196.26
689.87	1204.86
690.06	1200.23
690.25	1207.28
690.45	1197.06
690.64	1205.99
690.83	1198.23
691.03	1205.78
691.22	1200.64
691.41	1203.88
691.61	1194.29
691.80	1212.17
691.99	1203.78
692.19	1207.65
692.38	1196.73
692.57	1210.98
692.76	1208.20
692.96	1210.06
693.15	1192.51
693.34	1202.22
693.54	1205.29
693.73	1208.38
693.92	1198.49
694.12	1210.47
694.31	1198.41
694.50	1205.11
694.70	1197.28
694.89	1208.85
695.08	1200.46
695.27	1202.59
695.47	1207.79
695.66	1208.59
695.85	1196.30
696.05	1206.85
696.24	1199.97
696.43	1197.47
696.62	1202.44
696.82	1201.40
697.01	1202.85
697.20	1206.25
697.40	1195.32
697.59	1208.01
697.78	1200.38
697.97	1206.75
698.17	1197.90
698.36	1203.22
698.55	1201.71
698.74	1210.86
698.94	1204.10
699.13	1209.49
699.32	1197.63
699.52	1210.82
699.71	1203.53
699.90	1207.56
700.09	1197.94
700.29	1204.47
700.48	1203.88
700.67	1199.64
700.86	1198.31
701.06	1209.71
701.25	1194.60
701.44	1206.85
701.63	1198.02
701.83	1209.04
702.02	1198.55
702.21	1202.73
702.40	1203.22
702.60	1204.72
702.79	1196.98
702.98	1206.36
703.17	1201.11
703.37	1211.50
703.56	1199.13
703.75	1204.49
703.94	1198.88
704.13	1206.21
704.33	1201.56
704.52	1201.93
704.71	1200.97
704.90	1206.15
705.10	1201.77
705.29	1208.61
705.48	1195.09
705.67	1211.78
705.86	1201.77
706.06	1209.31
706.25	1200.85
706.44	1210.98
706.63	1201.65
706.83	1206.66
707.02	1201.09
707.21	1208.49
707.40	1208.57
707.59	1207.30
707.79	1196.38
707.98	1203.28
708.17	1200.74
708.36	1209.67
708.55	1205.27
708.75	1206.17
708.94	1198.31
709.13	1212.70
709.32	1201.56
709.51	1210.45
709.71	1200.70
709.90	1209.00
710.09	1198.14
710.28	1209.86
710.47	1203.04
710.66	1203.55
710.86	1196.94
711.05	1202.44
711.24	1200.11
711.43	1210.88
711.62	1195.01
711.82	1206.29
712.01	1196.69
712.20	1211.68
712.39	1197.06
712.58	1200.93
712.77	1203.39
712.97	1208.90
713.16	1198.80
713.35	1207.56
713.54	1196.03
713.73	1202.42
713.92	1201.54
714.11	1205.11
714.31	1197.92
714.50	1203.86
714.69	1202.61
714.88	1202.51
715.07	1197.96
715.26	1206.23
715.46	1206.44
715.65	1207.89
715.84	1198.98
716.03	1211.91
716.22	1204.68
716.41	1206.09
716.60	1203.37
716.80	1200.05
716.99	1201.46
717.18	1199.62
717.37	1197.00
717.56	1207.81
717.75	1207.24
717.94	1209.33
718.13	1203.22
718.33	1209.02
718.52	1199.93
718.71	1201.54
718.90	1202.16
719.09	1212.56
719.28	1202.79
719.47	1212.19
719.66	1202.75
719.85	1204.19
720.05	1189.93
720.24	1198.88
720.43	1195.87
720.62	1205.07
720.81	1202.16
721.00	1212.01
721.19	1202.63
721.38	1204.96
721.57	1199.97
721.77	1207.44
721.96	1200.56
722.15	1204.59
722.34	1206.56
722.53	1208.20
722.72	1200.52
722.91	1204.37
723.10	1195.38
723.29	1214.59
723.48	1200.11
723.67	1206.13
723.87	1198.12
724.06	1210.88
724.25	1198.45
724.44	1212.52
724.63	1200.89
724.82	1204.45
725.01	1204.62
725.20	1206.21
725.39	1195.60
725.58	1212.27
725.77	1198.43
725.96	1204.02
726.15	1195.73
726.34	1206.34
726.54	1201.75
726.73	1209.90
726.92	1200.07
727.11	1210.80
727.30	1207.71
727.49	1207.87
727.68	1194.93
727.87	1208.40
728.06	1202.34
728.25	1204.25
728.44	1197.78
728.63	1203.45
728.82	1196.71
729.01	1213.59
729.20	1202.26
729.39	1209.45
729.58	1195.24
729.77	1202.18
729.96	1197.75
730.15	1204.23
730.34	1207.09
730.53	1204.72
730.73	1195.58
730.92	1207.65
731.11	1202.26
731.30	1203.43
731.49	1206.21
731.68	1214.08
731.87	1200.62
732.06	1208.16
732.25	1205.37
732.44	1211.68
732.63	1200.33
732.82	1204.88
733.01	1195.15
733.20	1209.96
733.39	1197.47
733.58	1202.87
733.77	1198.27
733.96	1214.18
734.15	1204.02
734.34	1200.83
734.53	1203.04
734.72	1203.65
734.91	1192.27
735.10	1209.98
735.29	1195.09
735.48	1212.36
735.67	1203.90
735.86	1204.10
736.05	1197.59
736.24	1209.61
736.43	1201.85
736.62	1201.58
736.81	1198.74
737.00	1221.76
737.19	1197.57
737.38	1204.37
737.57	1195.05
737.76	1203.73
737.95	1199.19
738.14	1212.03
738.33	1198.55
738.51	1205.74
738.70	1190.96
738.89	1211.09
739.08	1199.76
739.27	1210.02
739.46	1203.92
739.65	1201.79
739.84	1199.86
740.03	1197.92
740.22	1194.70
740.41	1207.42
740.60	1199.00
740.79	1200.01
740.98	1199.86
741.17	1207.91
741.36	1194.95
741.55	1204.27
741.74	1202.92
741.93	1199.93
742.12	1202.75
742.31	1205.56
742.50	1197.80
742.68	1201.79
742.87	1201.24
743.06	1205.45
743.25	1192.68
743.44	1202.34
743.63	1193.99
743.82	1203.98
744.01	1203.98
744.20	1204.06
744.39	1192.45
744.58	1206.68
744.77	1197.67
744.96	1202.63
745.14	1202.14
745.33	1206.77
745.52	1200.52
745.71	1207.79
745.90	1200.62
746.09	1196.01
746.28	1197.14
746.47	1203.41
746.66	1205.09
746.85	1202.24
747.04	1202.89
747.22	1200.03
747.41	1195.05
747.60	1206.13
747.79	1190.89
747.98	1200.27
748.17	1193.33
748.36	1204.57
748.55	1200.42
748.74	1199.97
748.93	1195.73
749.11	1199.56
749.30	1202.36
749.49	1208.83
749.68	1201.32
749.87	1203.76
750.06	1199.54
750.25	1197.86
750.44	1202.98
750.62	1199.19
750.81	1194.70
751.00	1205.82
751.19	1201.15
751.38	1204.82
751.57	1198.57
751.76	1198.29
751.95	1194.17
752.13	1210.82
752.32	1205.64
752.51	1219.26
752.70	1194.05
752.89	1203.57
753.08	1204.12
753.27	1209.55
753.45	1199.82
753.64	1199.23
753.83	1197.22
754.02	1208.57
754.21	1195.62
754.40	1208.79
754.58	1197.16
754.77	1202.69
754.96	1205.39
755.15	1204.98
755.34	1197.12
755.53	1202.01
755.71	1204.00
755.90	1212.81
756.09	1200.58
756.28	1200.42
756.47	1197.86
756.66	1205.86
756.84	1193.17
757.03	1205.31
757.22	1193.58
757.41	1200.44
757.60	1206.64
757.79	1213.99
757.97	1197.12
758.16	1206.72
758.35	1203.86
758.54	1205.50
758.73	1200.31
758.91	1205.70
759.10	1195.46
759.29	1209.61
759.48	1202.61
759.67	1211.23
759.85	1202.36
760.04	1205.50
760.23	1200.66
760.42	1201.87
760.61	1198.64
760.79	1209.98
760.98	1203.00
761.17	1208.71
761.36	1202.96
761.55	1209.35
761.73	1192.86
761.92	1211.56
762.11	1199.72
762.30	1213.46
762.49	1206.91
762.67	1212.75
762.86	1198.53
763.05	1206.91
763.24	1200.60
763.42	1205.52
763.61	1198.53
763.80	1204.25
763.99	1200.17
764.17	1202.51
764.36	1202.83
764.55	1207.18
764.74	1200.89
764.92	1210.23
765.11	1199.99
765.30	1205.93
765.49	1202.98
765.68	1204.04
765.86	1195.81
766.05	1202.36
766.24	1198.16
766.43	1208.20
766.61	1201.03
766.80	1204.19
766.99	1200.66
767.17	1211.13
767.36	1194.97
767.55	1210.23
767.74	1201.22
767.92	1210.68
768.11	1199.74
768.30	1206.56
768.49	1195.52
768.67	1201.73
768.86	1212.68
769.05	1201.34
769.24	1196.10
769.42	1202.30
769.61	1199.62
769.80	1212.79
769.98	1199.45
770.17	1209.49
770.36	1196.83
770.55	1202.06
770.73	1200.13
770.92	1207.87
771.11	1198.39
771.29	1208.40
771.48	1205.33
771.67	1205.05
771.86	1190.12
772.04	1208.44
772.23	1197.84
772.42	1204.23
772.60	1196.10
772.79	1205.23
772.98	1195.79
773.16	1208.30
773.35	1197.06
773.54	1211.76
773.72	1202.46
773.91	1199.56
774.10	1192.53
774.29	1198.61
774.47	1197.08
774.66	1207.18
774.85	1198.59
775.03	1212.66
775.22	1204.16
775.41	1210.80
775.59	1201.69
775.78	1207.03
775.97	1202.32
776.15	1202.57
776.34	1198.43
776.53	1208.73
776.71	1199.27
776.90	1207.50
777.09	1191.67
777.27	1207.50
777.46	1195.01
777.65	1218.42
777.83	1205.37
778.02	1200.72
778.21	1201.50
778.39	1204.04
778.58	1203.86
778.76	1210.39
778.95	1196.77
779.14	1199.07
779.32	1194.62
779.51	1209.28
779.70	1189.60
779.88	1201.48
780.07	1197.02
780.26	1207.30
780.44	1195.19
780.63	1201.71
780.81	1198.92
781.00	1209.43
781.19	1198.74
781.37	1208.81
781.56	1205.17
781.75	1199.47
781.93	1199.86
782.12	1206.34
782.30	1200.01
782.49	1205.09
782.68	1197.00
782.86	1208.67
783.05	1196.77
783.23	1206.58
783.42	1199.90
783.61	1208.12
783.79	1198.51
783.98	1206.05
784.16	1200.19
784.35	1202.44
784.54	1196.89
784.72	1208.67
784.91	1192.43
785.09	1203.67
785.28	1203.00
785.47	1194.15
785.65	1209.74
785.84	1204.08
786.02	1197.10
786.21	1204.27
786.40	1202.55
786.58	1211.62
786.77	1198.00
786.95	1203.43
787.14	1202.03
787.32	1206.75
787.51	1207.71
787.70	1201.67
787.88	1206.05
788.07	1205.93
788.25	1191.34
788.44	1204.08
788.62	1206.97
788.81	1199.37
789.00	1193.29
789.18	1206.52
789.37	1199.82
789.55	1202.94
789.74	1197.73
789.92	1205.05
790.11	1199.17
790.29	1212.42
790.48	1204.70
790.67	1203.71
790.85	1206.32
791.04	1205.76
791.22	1199.39
791.41	1200.15
791.59	1202.63
791.78	1204.98
791.96	1200.54
792.15	1203.57
792.33	1201.79
792.52	1204.64
792.70	1202.28
792.89	1204.66
793.07	1196.69
793.26	1212.11
793.45	1190.07
793.63	1202.89
793.82	1196.75
794.00	1206.87
794.19	1198.29
794.37	1208.98
794.56	1192.96
794.74	1202.94
794.93	1204.43
795.11	1208.32
795.30	1201.48
795.48	1199.19
795.67	1199.09
795.85	1201.26
796.04	1188.95
796.22	1209.26
796.41	1200.03
796.59	1207.38
796.78	1203.43
796.96	1202.71
797.15	1194.50
797.33	1201.81
797.52	1204.12
797.70	1194.01
797.89	1198.64
798.07	1202.81
798.26	1202.61
798.44	1210.10
798.63	1198.45
798.81	1199.45
798.99	1199.95
799.18	1205.07
799.36	1195.30
799.55	1205.99
799.73	1199.84
799.92	1210.74
800.10	1199.82
800.29	1204.29
800.47	1201.73
800.66	1210.19
800.84	1203.39
801.03	1206.46
801.21	1201.71
801.39	1209.12
801.58	1198.21
801.76	1212.85
801.95	1201.52
802.13	1212.42
802.32	1199.43
802.50	1205.74
802.69	1195.81
802.87	1198.45
803.06	1207.26
803.24	1204.35
803.42	1199.99
803.61	1206.93
803.79	1194.97
803.98	1207.63
804.16	1201.09
804.35	1210.35
804.53	1193.80
804.71	1203.00
804.90	1195.71
805.08	1203.16
805.27	1200.85
805.45	1209.41
805.63	1196.85
805.82	1203.26
806.00	1204.25
806.19	1201.83
806.37	1202.32
806.56	1199.11
806.74	1196.77
806.92	1204.16
807.11	1194.13
807.29	1201.54
807.48	1202.55
807.66	1209.41
807.84	1194.60
808.03	1205.50
808.21	1197.88
808.40	1199.13
808.58	1201.36
808.76	1201.65
808.95	1202.10
809.13	1202.46
809.32	1197.14
809.50	1204.33
809.68	1196.89
809.87	1211.39
810.05	1202.18
810.23	1205.84
810.42	1198.88
810.60	1206.27
810.79	1198.86
810.97	1208.55
811.15	1199.31
811.34	1208.90
811.52	1204.10
811.70	1203.16
811.89	1191.73
812.07	1210.49
812.25	1197.24
812.44	1207.50
812.62	1202.40
812.81	1204.90
812.99	1203.22
813.17	1203.39
813.36	1198.06
813.54	1209.16
813.72	1198.61
813.91	1201.97
814.09	1200.91
814.27	1208.49
814.46	1205.41
814.64	1200.89
814.82	1191.88
815.01	1202.63
815.19	1199.15
815.37	1210.72
815.56	1203.78
815.74	1205.84
815.92	1195.17
816.11	1208.96
816.29	1201.67
816.47	1202.81
816.66	1200.97
816.84	1205.68
817.02	1193.37
817.21	1200.48
817.39	1197.84
817.57	1203.22
817.76	1199.95
817.94	1205.35
818.12	1192.96
818.30	1203.94
818.49	1205.52
818.67	1204.37
818.85	1193.54
819.04	1207.89
819.22	1199.00
819.40	1194.38
819.59	1204.06
819.77	1208.79
819.95	1191.73
820.13	1211.15
820.32	1196.22
820.50	1213.38
820.68	1204.23
820.87	1203.61
821.05	1200.21
821.23	1199.50
821.41	1203.41
821.60	1206.19
821.78	1197.04
821.96	1199.09
822.14	1201.05
822.33	1202.53
822.51	1200.19
822.69	1198.12
822.88	1203.73
823.06	1203.94
823.24	1192.49
823.42	1206.81
823.61	1207.01
823.79	1207.44
823.97	1205.21
824.15	1204.90
824.34	1201.67
824.52	1207.93
824.70	1200.31
824.88	1203.57
825.07	1193.84
825.25	1204.23
825.43	1197.45
825.61	1196.40
825.80	1193.60
825.98	1205.60
826.16	1196.81
826.34	1212.52
826.53	1195.34
826.71	1209.82
826.89	1205.13
827.07	1206.93
827.25	1201.32
827.44	1202.92
827.62	1199.11
827.80	1205.48
827.98	1201.36
828.17	1204.80
828.35	1203.18
828.53	1204.82
828.71	1196.89
828.89	1204.45
829.08	1194.85
829.26	1207.20
829.44	1198.86
829.62	1211.31
829.80	1194.23
829.99	1199.97
830.17	1195.81
830.35	1205.74
830.53	1197.41
830.71	1205.97
830.90	1203.37
831.08	1199.00
831.26	1195.91
831.44	1204.70
831.62	1196.22
831.81	1202.96
831.99	1196.83
832.17	1207.03
832.35	1201.30
832.53	1195.09
832.71	1201.20
832.90	1204.82
833.08	1200.64
833.26	1212.60
833.44	1191.65
833.62	1207.83
833.81	1199.56
833.99	1203.20
834.17	1201.36
834.35	1206.21
834.53	1203.08
834.71	1199.07
834.89	1206.58
835.08	1197.39
835.26	1205.39
835.44	1204.74
835.62	1198.47
835.80	1206.62
835.98	1202.08
836.17	1203.20
836.35	1195.01
836.53	1205.99
836.71	1195.77
836.89	1204.55
837.07	1197.96
837.25	1207.28
837.44	1200.38
837.62	1205.74
837.80	1202.98
837.98	1204.43
838.16	1196.55
838.34	1209.33
838.52	1201.83
838.70	1200.21
838.89	1202.69
839.07	1207.65
839.25	1190.38
839.43	1213.83
839.61	1198.51
839.79	1207.11
839.97	1211.21
840.15	1204.74
840.33	1204.19
840.52	1207.44
840.70	1194.31
840.88	1202.51
841.06	1204.49
841.24	1208.98
841.42	1204.23
841.60	1209.16
841.78	1199.43
841.96	1206.44
842.14	1200.09
842.33	1207.69
842.51	1199.37
842.69	1206.27
842.87	1199.17
843.05	1201.97
843.23	1195.91
843.41	1203.59
843.59	1200.93
843.77	1212.89
843.95	1198.47
844.13	1202.96
844.31	1202.53
844.49	1203.49
844.68	1199.72
844.86	1196.71
845.04	1196.87
845.22	1200.33
845.40	1200.31
845.58	1208.20
845.76	1195.26
845.94	1204.45
846.12	1191.51
846.30	1205.70
846.48	1202.16
846.66	1205.78
846.84	1196.98
847.02	1207.99
847.20	1203.20
847.38	1206.25
847.56	1202.83
847.74	1208.30
847.92	1201.22
848.11	1202.79
848.29	1203.67
848.47	1204.88
848.65	1201.83
848.83	1200.79
849.01	1198.94
849.19	1207.18
849.37	1200.05
849.55	1208.44
849.73	1193.62
849.91	1206.99
850.09	1197.00
850.27	1208.85
850.45	1199.80
850.63	1200.40
850.81	1202.26
850.99	1203.39
851.17	1199.97
851.35	1204.19
851.53	1200.93
851.71	1200.36
851.89	1206.85
852.07	1201.34
852.25	1202.55
852.43	1203.43
852.61	1195.50
852.79	1202.85
852.97	1195.50
853.15	1203.57
853.33	1192.55
853.51	1211.31
853.69	1197.14
853.87	1207.42
854.05	1199.62
854.23	1206.32
854.41	1202.83
854.59	1204.62
854.77	1195.28
854.95	1203.39
855.13	1193.45
855.31	1210.35
855.49	1196.73
855.67	1205.25
855.84	1191.04
856.02	1213.18
856.20	1190.24
856.38	1205.37
856.56	1194.64
856.74	1204.51
856.92	1198.39
857.10	1200.46
857.28	1195.42
857.46	1204.53
857.64	1193.39
857.82	1203.22
858.00	1191.55
858.18	1204.82
858.36	1201.71
858.54	1202.12
858.72	1197.53
858.90	1200.95
859.08	1204.72
859.25	1206.15
859.43	1202.28
859.61	1206.32
859.79	1195.28
859.97	1201.32
860.15	1197.41
860.33	1203.57
860.51	1202.81
860.69	1202.22
860.87	1189.13
861.05	1206.44
861.23	1197.84
861.41	1201.95
861.58	1196.38
861.76	1210.02
861.94	1197.53
862.12	1198.96
862.30	1199.31
862.48	1207.67
862.66	1197.90
862.84	1206.60
863.02	1200.17
863.20	1201.36
863.37	1199.52
863.55	1208.26
863.73	1199.99
863.91	1202.40
864.09	1197.94
864.27	1206.07
864.45	1198.61
864.63	1205.78
864.80	1198.96
864.98	1209.51
865.16	1199.88
865.34	1200.44
865.52	1189.36
865.70	1204.72
865.88	1199.86
866.06	1210.43
866.23	1197.06
866.41	1205.78
866.59	1203.06
866.77	1197.18
866.95	1195.81
867.13	1208.08
867.31	1202.55
867.48	1202.75
867.66	1198.94
867.84	1208.32
868.02	1199.58
868.20	1204.66
868.38	1199.99
868.56	1206.99
868.73	1199.52
868.91	1203.98
869.09	1204.10
869.27	1202.44
869.45	1193.25
869.63	1205.52
869.80	1199.15
869.98	1203.67
870.16	1204.16
870.34	1205.66
870.52	1209.24
870.70	1209.49
870.87	1198.84
871.05	1195.67
871.23	1197.24
871.41	1203.92
871.59	1192.10
871.76	1207.85
871.94	1195.38
872.12	1200.15
872.30	1200.72
872.48	1200.23
872.65	1202.59
872.83	1201.34
873.01	1202.79
873.19	1201.32
873.37	1201.73
873.54	1206.29
873.72	1197.34
873.90	1206.38
874.08	1201.81
874.26	1201.44
874.43	1197.41
874.61	1203.10
874.79	1200.87
874.97	1199.19
875.15	1202.40
875.32	1204.41
875.50	1201.65
875.68	1201.77
875.86	1198.64
876.03	1210.23
876.21	1202.55
876.39	1206.79
876.57	1197.63
876.74	1203.57
876.92	1201.46
877.10	1208.38
877.28	1196.51
877.45	1200.52
877.63	1197.30
877.81	1200.15
877.99	1193.92
878.17	1202.28
878.34	1198.10
878.52	1209.90
878.70	1193.25
878.87	1205.91
879.05	1196.08
879.23	1204.76
879.41	1206.64
879.58	1206.56
879.76	1196.14
879.94	1205.68
880.12	1197.18
880.29	1201.36
880.47	1201.75
880.65	1207.13
880.83	1196.96
881.00	1210.90
881.18	1205.00
881.36	1205.70
881.53	1190.26
881.71	1203.24
881.89	1201.79
882.07	1203.43
882.24	1202.96
882.42	1205.88
882.60	1191.73
882.77	1207.05
882.95	1207.30
883.13	1198.82
883.30	1197.47
883.48	1205.19
883.66	1199.70
883.84	1202.20
884.01	1201.79
884.19	1206.72
884.37	1203.00
884.54	1198.49
884.72	1200.27
884.90	1203.39
885.07	1200.11
885.25	1204.76
885.43	1192.29
885.60	1205.05
885.78	1197.34
885.96	1202.10
886.13	1202.65
886.31	1208.16
886.49	1197.59
886.66	1203.49
886.84	1195.54
887.02	1200.29
887.19	1197.82
887.37	1198.39
887.55	1197.53
887.72	1206.19
887.90	1201.63
888.08	1207.61
888.25	1202.26
888.43	1200.93
888.61	1198.21
888.78	1200.68
888.96	1192.76
889.14	1207.11
889.31	1197.73
889.49	1206.91
889.67	1191.26
889.84	1200.11
890.02	1196.77
890.19	1207.83
890.37	1199.68
890.55	1200.09
890.72	1204.86
890.90	1205.43
891.08	1197.10
891.25	1208.94
891.43	1196.18
891.60	1202.10
891.78	1201.73
891.96	1199.52
892.13	1196.61
892.31	1207.09
892.48	1196.12
892.66	1205.19
892.84	1202.63
893.01	1208.90
893.19	1195.52
893.36	1211.41
893.54	1201.48
893.72	1203.06
893.89	1199.41
894.07	1205.78
894.24	1196.28
894.42	1216.86
894.60	1200.79
894.77	1208.87
894.95	1199.86
895.12	1211.84
895.30	1198.94
895.48	1206.56
895.65	1199.15
895.83	1206.32
896.00	1192.96
896.18	1207.85
896.35	1203.84
896.53	1201.24
896.71	1198.25
896.88	1205.27
897.06	1203.04
897.23	1205.95
897.41	1193.23
897.58	1206.62
897.76	1202.38
897.93	1206.42
898.11	1197.43
898.29	1207.58
898.46	1199.37
898.64	1204.43
898.81	1196.51
898.99	1203.86
899.16	1202.51
899.34	1203.30
899.51	1203.00
899.69	1204.10
899.86	1200.29
900.04	1199.25
900.21	1200.70
900.39	1208.57
900.57	1193.39
900.74	1203.12
900.92	1194.42
901.09	1199.84
901.27	1204.94
901.44	1202.28
901.62	1197.71
901.79	1213.07
901.97	1206.05
902.14	1203.24
902.32	1196.53
902.49	1213.18
902.67	1200.77
902.84	1206.54
903.02	1204.12
903.19	1204.64
903.37	1198.00
903.54	1204.82
903.72	1196.10
903.89	1201.67
904.07	1195.87
904.24	1197.12
904.42	1197.61
904.59	1201.77
904.77	1201.09
904.94	1207.99
905.12	1199.76
905.29	1205.88
905.47	1203.22
905.64	1204.90
905.82	1199.07
905.99	1204.66
906.16	1198.59
906.34	1207.89
906.51	1205.50
906.69	1203.12
906.86	1196.01
907.04	1208.49
907.21	1205.88
907.39	1204.86
907.56	1200.03
907.74	1198.96
907.91	1197.30
908.09	1207.09
908.26	1196.42
908.43	1209.86
908.61	1194.52
908.78	1199.70
908.96	1194.07
909.13	1211.74
909.31	1195.13
909.48	1203.35
909.65	1198.16
909.83	1210.39
910.00	1201.93
910.18	1208.96
910.35	1201.28
910.53	1202.08
910.70	1196.96
910.87	1203.28
911.05	1194.60
911.22	1203.45
911.40	1200.09
911.57	1210.33
911.75	1206.91
911.92	1203.57
912.09	1201.07
912.27	1209.71
912.44	1196.75
912.62	1209.24
912.79	1199.41
912.96	1199.68
913.14	1206.25
913.31	1205.80
913.49	1202.38
913.66	1211.17
913.83	1205.45
914.01	1207.15
914.18	1199.31
914.36	1208.94
914.53	1193.95
914.70	1203.80
914.88	1198.88
915.05	1204.82
915.22	1196.20
915.40	1199.90
915.57	1192.00
915.75	1199.74
915.92	1198.10
916.09	1208.67
916.27	1197.12
916.44	1207.36
916.61	1198.57
916.79	1206.50
916.96	1199.82
917.13	1203.67
917.31	1194.15
917.48	1206.81
917.66	1199.11
917.83	1205.97
918.00	1193.74
918.18	1207.77
918.35	1191.90
918.52	1206.44
918.70	1197.37
918.87	1203.28
919.04	1203.53
919.22	1209.43
919.39	1191.32
919.56	1211.23
919.74	1195.97
919.91	1204.94
920.08	1199.25
920.26	1206.40
920.43	1197.78
920.60	1207.15
920.78	1194.54
920.95	1209.96
921.12	1201.50
921.29	1202.36
921.47	1197.24
921.64	1198.47
921.81	1194.29
921.99	1208.04
922.16	1202.24
922.33	1197.04
922.51	1202.94
922.68	1209.80
922.85	1196.91
923.03	1207.05
923.20	1205.68
923.37	1204.72
923.54	1203.26
923.72	1206.83
923.89	1198.55
924.06	1204.94
924.24	1202.08
924.41	1202.89
924.58	1195.13
924.75	1205.09
924.93	1203.51
925.10	1204.41
925.27	1196.38
925.44	1203.28
925.62	1195.46
925.79	1207.22
925.96	1196.42
926.14	1208.49
926.31	1201.97
926.48	1198.74
926.65	1202.20
926.83	1202.57
927.00	1196.83
927.17	1198.64
927.34	1198.23
927.52	1207.52
927.69	1195.85
927.86	1210.12
928.03	1198.61
928.21	1206.36
928.38	1203.32
928.55	1206.87
928.72	1206.79
928.89	1201.36
929.07	1200.87
929.24	1207.34
929.41	1204.12
929.58	1197.78
929.76	1196.18
929.93	1203.28
930.10	1202.42
930.27	1203.86
930.44	1196.40
930.62	1203.18
930.79	1190.48
930.96	1204.33
931.13	1198.96
931.31	1203.37
931.48	1196.91
931.65	1207.69
931.82	1201.44
931.99	1206.07
932.17	1190.03
932.34	1201.97
932.51	1194.42
932.68	1209.88
932.85	1197.53
933.03	1203.20
933.20	1204.04
933.37	1202.92
933.54	1204.16
933.71	1210.49
933.88	1200.03
934.06	1209.59
934.23	1196.05
934.40	1215.47
934.57	1209.26
934.74	1201.50
934.91	1202.14
935.09	1204.64
935.26	1199.62
935.43	1210.27
935.60	1199.64
935.77	1208.36
935.94	1201.11
936.12	1208.87
936.29	1199.04
936.46	1201.79
936.63	1191.45
936.80	1200.40
936.97	1204.02
937.14	1204.29
937.32	1199.02
937.49	1203.96
937.66	1200.05
937.83	1200.46
938.00	1202.42
938.17	1205.78
938.34	1193.29
938.52	1207.87
938.69	1199.41
938.86	1211.00
939.03	1199.80
939.20	1204.35
939.37	1199.21
939.54	1201.71
939.71	1196.77
939.89	1212.13
940.06	1196.91
940.23	1208.51
940.40	1199.54
940.57	1202.59
940.74	1197.84
940.91	1204.98
941.08	1201.07
941.25	1203.28
941.43	1202.53
941.60	1210.33
941.77	1199.09
941.94	1206.11
942.11	1197.26
942.28	1213.54
942.45	1202.96
942.62	1201.97
942.79	1203.16
942.96	1204.51
943.13	1197.24
943.30	1197.63
943.48	1200.05
943.65	1206.34
943.82	1197.18
943.99	1210.86
944.16	1201.32
944.33	1199.93
944.50	1191.06
944.67	1205.45
944.84	1199.25
945.01	1204.08
945.18	1195.77
945.35	1201.01
945.52	1196.89
945.69	1204.51
945.86	1199.93
946.03	1209.53
946.21	1199.58
946.38	1205.80
946.55	1193.25
946.72	1209.53
946.89	1194.76
947.06	1201.30
947.23	1200.89
947.40	1208.69
947.57	1196.55
947.74	1200.89
947.91	1201.32
948.08	1207.95
948.25	1200.07
948.42	1206.66
948.59	1206.83
948.76	1195.13
948.93	1197.82
949.10	1209.04
949.27	1198.49
949.44	1205.39
949.61	1198.08
949.78	1204.59
949.95	1197.71
950.12	1203.28
950.29	1194.70
950.46	1205.91
950.63	1194.29
950.80	1206.19
950.97	1196.71
951.14	1208.90
951.31	1193.37
951.48	1208.24
951.65	1204.27
951.82	1208.36
951.99	1200.58
952.16	1205.17
952.33	1203.57
952.50	1202.08
952.67	1193.13
952.84	1204.23
953.01	1195.36
953.18	1202.10
953.35	1202.77
953.52	1203.04
953.69	1198.76
953.86	1207.52
954.03	1196.73
954.20	1209.51
954.37	1195.46
954.54	1209.51
954.70	1199.74
954.87	1207.07
955.04	1196.51
955.21	1203.55
955.38	1197.67
955.55	1203.06
955.72	1201.67
955.89	1205.84
956.06	1196.57
956.23	1209.24
956.40	1198.02
956.57	1212.52
956.74	1195.01
956.91	1204.14
957.08	1202.71
957.25	1207.11
957.41	1198.88
957.58	1205.86
957.75	1198.53
957.92	1204.37
958.09	1196.89
958.26	1200.95
958.43	1194.97
958.60	1207.40
958.77	1205.58
958.94	1205.82
959.11	1196.01
959.27	1200.17
959.44	1199.80
959.61	1203.41
959.78	1200.95
959.95	1207.09
960.12	1195.07
960.29	1207.32
960.46	1203.26
960.63	1208.44
960.80	1197.16
960.96	1209.04
961.13	1201.26
961.30	1204.08
961.47	1196.22
961.64	1210.45
961.81	1197.57
961.98	1205.66
962.15	1194.19
962.31	1208.85
962.48	1208.83
962.65	1208.61
962.82	1196.75
962.99	1203.20
963.16	1197.73
963.33	1208.47
963.49	1195.60
963.66	1205.02
963.83	1200.70
964.00	1201.07
964.17	1199.07
964.34	1204.80
964.51	1196.40
964.67	1206.48
964.84	1203.41
965.01	1216.29
965.18	1197.08
965.35	1202.32
965.52	1196.42
965.68	1209.31
965.85	1199.29
966.02	1203.20
966.19	1201.05
966.36	1204.74
966.52	1191.43
966.69	1211.68
966.86	1197.75
967.03	1202.53
967.20	1196.73
967.37	1202.67
967.53	1197.02
967.70	1210.92
967.87	1190.57
968.04	1207.77
968.21	1194.44
968.37	1205.43
968.54	1193.92
968.71	1208.81
968.88	1195.42
969.05	1205.25
969.21	1197.67
969.38	1195.54
969.55	1200.72
969.72	1202.10
969.89	1199.11
970.05	1204.10
970.22	1202.42
970.39	1206.68
970.56	1204.55
970.72	1202.94
970.89	1202.12
971.06	1207.28
971.23	1201.69
971.39	1206.42
971.56	1199.90
971.73	1207.63
971.90	1196.75
972.07	1213.18
972.23	1192.31
972.40	1210.45
972.57	1203.14
972.74	1207.71
972.90	1195.36
973.07	1205.11
973.24	1202.73
973.40	1200.44
973.57	1200.19
973.74	1202.75
973.91	1201.77
974.07	1206.11
974.24	1207.71
974.41	1210.27
974.58	1198.66
974.74	1206.70
974.91	1202.44
975.08	1206.79
975.25	1196.24
975.41	1203.35
975.58	1197.16
975.75	1203.30
975.91	1197.26
976.08	1202.53
976.25	1195.77
976.42	1200.07
976.58	1196.53
976.75	1201.34
976.92	1196.22
977.08	1196.69
977.25	1199.11
977.42	1204.82
977.58	1197.69
977.75	1202.30
977.92	1191.69
978.08	1198.98
978.25	1198.59
978.42	1197.98
978.59	1203.20
978.75	1204.06
978.92	1191.34
979.09	1201.07
979.25	1195.73
979.42	1199.56
979.59	1199.93
979.75	1201.44
979.92	1206.75
980.09	1202.79
980.25	1194.93
980.42	1199.99
980.59	1198.90
980.75	1205.66
980.92	1197.45
981.09	1203.63
981.25	1199.13
981.42	1202.28
981.59	1199.54
981.75	1200.56
981.92	1201.15
982.08	1199.13
982.25	1198.72
982.42	1206.40
982.58	1202.08
982.75	1207.22
982.92	1198.57
983.08	1206.83
983.25	1191.14
983.42	1202.67
983.58	1198.80
983.75	1201.01
983.91	1198.16
984.08	1209.86
984.25	1199.21
984.41	1206.58
984.58	1206.97
984.74	1205.86
984.91	1197.43
985.08	1212.44
985.24	1202.83
985.41	1210.92
985.57	1203.28
985.74	1202.49
985.91	1199.93
986.07	1203.39
986.24	1200.85
986.40	1205.84
986.57	1199.95
986.74	1206.25
986.90	1196.12
987.07	1204.39
987.23	1206.58
987.40	1199.56
987.57	1199.56
987.73	1204.08
987.90	1198.21
988.06	1207.38
988.23	1200.01
988.39	1206.38
988.56	1196.24
988.73	1208.69
988.89	1197.47
989.06	1208.55
989.22	1198.94
989.39	1208.73
989.55	1195.22
989.72	1200.62
989.88	1194.35
990.05	1201.85
990.22	1198.90
990.38	1204.39
990.55	1196.81
990.71	1208.10
990.88	1197.98
991.04	1204.12
991.21	1197.69
991.37	1218.15
991.54	1200.91
991.70	1202.79
991.87	1188.44
992.03	1195.38
992.20	1200.13
992.36	1206.01
992.53	1197.02
992.69	1197.12
992.86	1196.03
993.03	1206.58
993.19	1197.47
993.36	1211.56
993.52	1201.36
993.69	1199.58
993.85	1203.37
994.02	1203.08
994.18	1197.39
994.35	1202.94
994.51	1201.52
994.68	1204.76
994.84	1201.40
995.01	1203.26
995.17	1196.10
995.34	1202.40
995.50	1191.53
995.66	1206.36
995.83	1195.62
995.99	1205.39
996.16	1206.46
996.32	1208.73
996.49	1195.44
996.65	1204.80
996.82	1204.41
996.98	1210.57
997.15	1201.38
997.31	1203.24
997.48	1196.38
997.64	1204.92
997.81	1200.38
997.97	1200.13
998.13	1204.08
998.30	1203.90
998.46	1195.54
998.63	1207.26
998.79	1194.89
998.96	1206.29
999.12	1197.55
999.29	1207.15
999.45	1195.11
999.61	1206.85
999.78	1205.39
999.94	1206.38
1000.11	1204.27
1000.27	1207.87
1000.44	1200.03
1000.60	1208.30
1000.76	1197.14
1000.93	1204.21
1001.09	1199.64
1001.26	1202.34
1001.42	1196.75
1001.59	1206.56
1001.75	1208.59
1001.91	1204.35
1002.08	1196.40
1002.24	1203.86
1002.41	1203.63
1002.57	1206.85
1002.73	1193.66
1002.90	1205.70
1003.06	1195.67
1003.23	1206.13
1003.39	1200.27
1003.55	1209.14
1003.72	1202.67
1003.88	1202.53
1004.04	1190.01
1004.21	1203.65
1004.37	1196.32
1004.54	1204.33
1004.70	1199.13
1004.86	1200.31
1005.03	1199.37
1005.19	1203.73
1005.35	1198.76
1005.52	1202.55
1005.68	1193.43
1005.85	1198.49
1006.01	1207.36
1006.17	1201.89
1006.34	1199.78
1006.50	1217.25
1006.66	1189.09
1006.83	1209.24
1006.99	1199.90
1007.15	1207.18
1007.32	1194.48
1007.48	1202.81
1007.64	1197.96
1007.81	1204.25
1007.97	1205.33
1008.13	1204.23
1008.30	1201.40
1008.46	1206.95
1008.62	1198.00
1008.79	1200.70
1008.95	1199.11
1009.11	1201.26
1009.28	1197.84
1009.44	1208.28
1009.60	1195.83
1009.77	1202.61
1009.93	1197.65
1010.09	1206.50
1010.25	1204.49
1010.42	1197.86
1010.58	1195.54
1010.74	1199.88
1010.91	1194.48
1011.07	1207.48
1011.23	1195.69
1011.40	1207.79
1011.56	1195.46
1011.72	1202.38
1011.88	1202.10
1012.05	1198.14
1012.21	1201.42
1012.37	1207.46
1012.54	1199.52
1012.70	1207.15
1012.86	1196.03
1013.02	1202.77
1013.19	1204.12
1013.35	1206.11
1013.51	1198.96
1013.67	1206.44
1013.84	1207.13
1014.00	1202.55
1014.16	1203.78
1014.33	1200.50
1014.49	1197.45
1014.65	1207.15
1014.81	1203.18
1014.98	1212.87
1015.14	1193.64
1015.30	1205.17
1015.46	1197.06
1015.62	1212.68
1015.79	1198.74
1015.95	1205.25
1016.11	1199.50
1016.27	1204.12
1016.44	1197.65
1016.60	1214.94
1016.76	1197.51
1016.92	1202.83
1017.09	1199.78
1017.25	1201.75
1017.41	1200.23
1017.57	1211.21
1017.73	1196.12
1017.90	1207.50
1018.06	1198.41
1018.22	1201.40
1018.38	1199.15
1018.54	1204.33
1018.71	1203.35
1018.87	1208.81
1019.03	1193.97
1019.19	1205.43
1019.35	1202.85
1019.52	1211.27
1019.68	1203.94
1019.84	1202.06
1020.00	1203.35
1020.16	1202.10
1020.33	1206.01
1020.49	1200.91
1020.65	1201.75
1020.81	1208.59
1020.97	1199.31
1021.13	1198.55
1021.30	1203.35
1021.46	1208.16
1021.62	1194.35
1021.78	1208.73
1021.94	1198.55
1022.10	1201.42
1022.27	1204.49
1022.43	1199.09
1022.59	1198.37
1022.75	1196.05
1022.91	1200.89
1023.07	1203.59
1023.24	1200.54
1023.40	1200.50
1023.56	1193.68
1023.72	1204.72
1023.88	1196.48
1024.04	1203.18
1024.20	1204.35
1024.36	1204.86
1024.53	1199.47
1024.69	1212.66
1024.85	1200.42
1025.01	1203.88
1025.17	1197.32
1025.33	1213.69
1025.49	1191.77
1025.65	1204.14
1025.82	1200.29
1025.98	1207.81
1026.14	1191.96
1026.30	1205.02
1026.46	1201.75
1026.62	1204.19
1026.78	1202.77
1026.94	1206.46
1027.10	1201.65
1027.26	1208.75
1027.43	1190.93
1027.59	1211.29
1027.75	1201.30
1027.91	1210.37
1028.07	1196.28
1028.23	1201.63
1028.39	1196.32
1028.55	1205.84
1028.71	1197.20
1028.87	1190.69
1029.03	1197.49
1029.19	1204.68
1029.36	1202.55
1029.52	1209.78
1029.68	1199.99
1029.84	1204.62
1030.00	1200.60
1030.16	1213.97
1030.32	1203.32
1030.48	1206.54
1030.64	1195.26
1030.80	1207.30
1030.96	1200.56
1031.12	1202.10
1031.28	1200.54
1031.44	1205.48
1031.60	1196.83
1031.76	1204.10
1031.92	1198.74
1032.08	1215.10
1032.24	1199.74
1032.40	1199.84
1032.56	1194.70
1032.73	1203.94
1032.89	1190.77
1033.05	1203.41
1033.21	1196.20
1033.37	1202.81
1033.53	1200.11
1033.69	1207.32
1033.85	1200.33
1034.01	1202.57
1034.17	1195.11
1034.33	1213.83
1034.49	1201.13
1034.65	1204.88
1034.81	1195.03
1034.97	1203.37
1035.13	1203.57
1035.29	1201.63
1035.45	1194.70
1035.61	1213.99
1035.77	1200.72
1035.93	1204.62
1036.09	1198.29
1036.25	1199.95
1036.41	1204.45
1036.57	1201.58
1036.73	1188.27
1036.88	1203.41
1037.04	1198.86
