345.52	1190.44
345.73	1190.44
345.94	1190.44
346.16	1190.36
346.37	1194.81
346.58	1193.41
346.79	1198.47
347.00	1192.04
347.22	1207.01
347.43	1196.77
347.64	1193.97
347.85	1191.51
348.06	1208.06
348.28	1198.82
348.49	1201.73
348.70	1189.21
348.91	1189.48
349.12	1194.70
349.34	1207.09
349.55	1198.31
349.76	1203.78
349.97	1194.64
350.18	1208.28
350.40	1197.24
350.61	1202.32
350.82	1196.51
351.03	1212.54
351.24	1196.75
351.46	1195.89
351.67	1194.50
351.88	1204.94
352.09	1202.10
352.30	1200.72
352.51	1194.78
352.73	1204.04
352.94	1193.95
353.15	1201.87
353.36	1203.24
353.57	1200.11
353.79	1205.45
354.00	1204.53
354.21	1196.65
354.42	1209.63
354.63	1192.78
354.84	1205.31
355.06	1198.53
355.27	1201.28
355.48	1202.53
355.69	1204.59
355.90	1195.15
356.11	1198.66
356.33	1203.51
356.54	1206.85
356.75	1203.24
356.96	1202.81
357.17	1198.41
357.38	1203.45
357.60	1195.44
357.81	1205.19
358.02	1197.43
358.23	1203.55
358.44	1198.25
358.65	1205.84
358.87	1198.25
359.08	1196.44
359.29	1198.76
359.50	1204.35
359.71	1190.55
359.92	1204.14
360.13	1200.50
360.35	1204.88
360.56	1193.95
360.77	1204.49
360.98	1197.24
361.19	1205.37
361.40	1198.74
361.62	1209.04
361.83	1194.09
362.04	1202.32
362.25	1199.84
362.46	1204.00
362.67	1198.31
362.88	1207.38
363.10	1204.43
363.31	1201.24
363.52	1198.68
363.73	1200.50
363.94	1200.07
364.15	1209.16
364.36	1205.37
364.57	1195.69
364.79	1198.45
365.00	1206.07
365.21	1199.07
365.42	1203.96
365.63	1193.02
365.84	1207.40
366.05	1197.80
366.27	1202.12
366.48	1200.60
366.69	1211.52
366.90	1205.02
367.11	1208.28
367.32	1207.36
367.53	1206.72
367.74	1197.02
367.95	1207.32
368.17	1198.10
368.38	1200.25
368.59	1204.49
368.80	1201.81
369.01	1197.45
369.22	1204.02
369.43	1197.55
369.64	1203.45
369.86	1195.26
370.07	1204.68
370.28	1198.02
370.49	1207.11
370.70	1197.24
370.91	1209.00
371.12	1206.44
371.33	1201.34
371.54	1209.18
371.76	1202.40
371.97	1194.07
372.18	1203.18
372.39	1203.55
372.60	1202.73
372.81	1200.60
373.02	1201.15
373.23	1211.97
373.44	1204.12
373.65	1195.22
373.87	1211.99
374.08	1199.68
374.29	1208.38
374.50	1200.01
374.71	1205.11
374.92	1204.33
375.13	1210.02
375.34	1198.96
375.55	1205.25
375.76	1200.83
375.97	1207.03
376.19	1196.32
376.40	1200.95
376.61	1199.04
376.82	1211.56
377.03	1198.57
377.24	1205.93
377.45	1206.25
377.66	1203.57
377.87	1205.25
378.08	1197.65
378.29	1196.85
378.50	1199.37
378.71	1194.40
378.93	1199.97
379.14	1199.64
379.35	1207.09
379.56	1205.21
379.77	1210.92
379.98	1199.25
380.19	1211.56
380.40	1204.06
380.61	1210.98
380.82	1201.26
381.03	1212.40
381.24	1201.26
381.45	1208.94
381.66	1194.11
381.88	1208.57
382.09	1199.50
382.30	1215.98
382.51	1205.72
382.72	1205.84
382.93	1197.51
383.14	1203.92
383.35	1203.69
383.56	1208.69
383.77	1195.52
383.98	1198.33
384.19	1199.86
384.40	1204.35
384.61	1207.61
384.82	1208.32
385.03	1201.85
385.24	1202.28
385.45	1204.31
385.67	1199.72
385.88	1206.09
386.09	1209.20
386.30	1197.69
386.51	1203.37
386.72	1203.86
386.93	1215.69
387.14	1199.39
387.35	1207.71
387.56	1200.97
387.77	1201.56
387.98	1194.25
388.19	1205.58
388.40	1204.57
388.61	1210.88
388.82	1191.94
389.03	1208.73
389.24	1204.29
389.45	1207.71
389.66	1199.43
389.87	1208.34
390.08	1202.14
390.29	1202.10
390.50	1205.11
390.71	1208.38
390.92	1202.75
391.13	1213.67
391.34	1198.70
391.55	1204.88
391.76	1198.39
391.98	1202.30
392.19	1196.83
392.40	1212.36
392.61	1196.81
392.82	1209.98
393.03	1202.79
393.24	1211.37
393.45	1200.17
393.66	1211.58
393.87	1200.40
394.08	1211.00
394.29	1200.19
394.50	1207.01
394.71	1197.94
394.92	1213.03
395.13	1204.25
395.34	1207.30
395.55	1196.63
395.76	1207.79
395.97	1205.88
396.18	1204.57
396.39	1204.14
396.60	1208.92
396.81	1201.83
397.02	1206.72
397.23	1198.94
397.44	1213.26
397.65	1200.36
397.86	1203.24
398.07	1200.54
398.28	1207.75
398.49	1195.26
398.70	1206.05
398.91	1204.53
399.12	1203.06
399.33	1202.83
399.54	1207.93
399.75	1202.32
399.96	1205.41
400.17	1208.12
400.38	1206.95
400.59	1202.26
400.80	1204.10
401.01	1202.08
401.22	1200.25
401.42	1198.37
401.63	1210.74
401.84	1193.39
402.05	1199.95
402.26	1203.06
402.47	1206.19
402.68	1198.84
402.89	1208.38
403.10	1198.88
403.31	1209.24
403.52	1201.40
403.73	1207.52
403.94	1201.09
404.15	1211.09
404.36	1199.90
404.57	1204.33
404.78	1196.96
404.99	1206.87
405.20	1201.60
405.41	1207.32
405.62	1194.27
405.83	1206.36
406.04	1204.33
406.25	1207.28
406.46	1199.37
406.67	1210.64
406.88	1200.17
407.09	1206.85
407.30	1198.37
407.50	1205.39
407.71	1199.80
407.92	1214.02
408.13	1198.51
408.34	1203.69
408.55	1204.84
408.76	1210.55
408.97	1208.96
409.18	1208.65
409.39	1201.46
409.60	1212.66
409.81	1205.39
410.02	1209.59
410.23	1200.56
410.44	1200.25
410.65	1191.16
410.86	1206.21
411.07	1198.47
411.27	1212.81
411.48	1205.64
411.69	1211.99
411.90	1203.06
412.11	1211.56
412.32	1201.89
412.53	1208.77
412.74	1200.54
412.95	1204.62
413.16	1198.23
413.37	1207.97
413.58	1196.55
413.79	1201.20
414.00	1200.21
414.20	1204.70
414.41	1202.01
414.62	1209.33
414.83	1203.45
415.04	1206.64
415.25	1202.79
415.46	1205.39
415.67	1197.94
415.88	1205.23
416.09	1202.28
416.30	1210.98
416.51	1199.58
416.71	1208.01
416.92	1201.48
417.13	1205.60
417.34	1191.65
417.55	1212.89
417.76	1201.34
417.97	1207.30
418.18	1201.63
418.39	1210.04
418.60	1201.03
418.81	1199.84
419.01	1198.96
419.22	1207.01
419.43	1197.39
419.64	1212.60
419.85	1197.94
420.06	1206.48
420.27	1195.36
420.48	1219.07
420.69	1200.21
420.90	1205.52
421.10	1201.07
421.31	1200.70
421.52	1206.15
421.73	1202.16
421.94	1196.03
422.15	1218.68
422.36	1199.21
422.57	1207.91
422.78	1202.20
422.98	1204.29
423.19	1198.98
423.40	1205.82
423.61	1195.60
423.82	1210.94
424.03	1203.94
424.24	1211.39
424.45	1191.98
424.65	1211.54
424.86	1206.11
425.07	1201.42
425.28	1206.68
425.49	1203.67
425.70	1205.43
425.91	1201.79
426.12	1198.96
426.32	1210.10
426.53	1202.20
426.74	1212.15
426.95	1197.43
427.16	1208.44
427.37	1203.43
427.58	1207.22
427.78	1203.30
427.99	1215.10
428.20	1196.98
428.41	1212.87
428.62	1201.17
428.83	1206.95
429.04	1202.73
429.24	1205.25
429.45	1203.43
429.66	1207.91
429.87	1201.38
430.08	1203.32
430.29	1205.99
430.50	1203.26
430.70	1202.96
430.91	1208.53
431.12	1201.58
431.33	1205.82
431.54	1202.08
431.75	1210.68
431.96	1200.50
432.16	1208.16
432.37	1197.14
432.58	1201.52
432.79	1196.81
433.00	1202.75
433.21	1198.00
433.41	1209.80
433.62	1196.61
433.83	1200.11
434.04	1201.69
434.25	1208.59
434.46	1193.15
434.66	1205.23
434.87	1199.60
435.08	1205.02
435.29	1201.97
435.50	1202.20
435.71	1205.86
435.91	1203.08
436.12	1205.35
436.33	1207.50
436.54	1202.38
436.75	1212.83
436.95	1202.42
437.16	1206.58
437.37	1195.44
437.58	1205.80
437.79	1203.24
438.00	1208.55
438.20	1198.61
438.41	1211.25
438.62	1198.98
438.83	1212.07
439.04	1202.53
439.24	1209.65
439.45	1200.70
439.66	1205.27
439.87	1197.84
440.08	1206.52
440.28	1198.68
440.49	1208.75
440.70	1206.09
440.91	1209.06
441.12	1200.54
441.32	1212.38
441.53	1192.82
441.74	1204.84
441.95	1201.93
442.16	1207.22
442.36	1198.06
442.57	1201.30
442.78	1192.92
442.99	1211.43
443.20	1202.53
443.40	1209.63
443.61	1198.21
443.82	1200.40
444.03	1203.39
444.24	1207.46
444.44	1195.93
444.65	1203.98
444.86	1194.74
445.07	1204.10
445.27	1204.35
445.48	1205.56
445.69	1197.06
445.90	1204.64
446.11	1197.84
446.31	1205.25
446.52	1202.32
446.73	1213.56
446.94	1201.44
447.14	1200.87
447.35	1202.01
447.56	1209.26
447.77	1206.27
447.97	1207.15
448.18	1200.87
448.39	1211.66
448.60	1202.06
448.81	1204.16
449.01	1198.66
449.22	1211.80
449.43	1198.64
449.64	1206.11
449.84	1199.97
450.05	1197.43
450.26	1203.82
450.47	1205.13
450.67	1201.34
450.88	1207.50
451.09	1195.50
451.30	1207.58
451.50	1204.84
451.71	1204.90
451.92	1194.09
452.13	1203.06
452.33	1204.35
452.54	1206.62
452.75	1203.20
452.96	1205.72
453.16	1197.67
453.37	1206.79
453.58	1201.01
453.79	1204.96
453.99	1202.79
454.20	1203.41
454.41	1207.97
454.61	1205.64
454.82	1204.86
455.03	1205.35
455.24	1199.35
455.44	1202.83
455.65	1195.42
455.86	1206.75
456.07	1204.31
456.27	1211.50
456.48	1205.05
456.69	1213.97
456.90	1203.02
457.10	1217.70
457.31	1209.22
457.52	1208.32
457.72	1203.49
457.93	1201.63
458.14	1205.19
458.35	1204.06
458.55	1198.92
458.76	1206.34
458.97	1202.18
459.17	1205.41
459.38	1200.68
459.59	1201.52
459.80	1201.65
460.00	1209.59
460.21	1210.02
460.42	1198.72
460.62	1203.96
460.83	1200.77
461.04	1206.27
461.25	1210.70
461.45	1196.40
461.66	1208.90
461.87	1201.77
462.07	1211.54
462.28	1199.33
462.49	1208.14
462.69	1195.69
462.90	1209.06
463.11	1200.31
463.31	1204.76
463.52	1196.12
463.73	1210.98
463.94	1200.11
464.14	1201.30
464.35	1199.68
464.56	1201.52
464.76	1206.32
464.97	1207.65
465.18	1200.93
465.38	1210.43
465.59	1203.16
465.80	1208.71
466.00	1206.05
466.21	1208.71
466.42	1198.68
466.62	1204.25
466.83	1196.05
467.04	1211.46
467.24	1202.65
467.45	1209.59
467.66	1202.92
467.86	1204.04
468.07	1201.85
468.28	1207.40
468.48	1200.79
468.69	1207.01
468.90	1203.73
469.10	1209.24
469.31	1202.01
469.52	1205.11
469.72	1198.29
469.93	1208.49
470.14	1202.85
470.34	1202.65
470.55	1200.48
470.76	1206.34
470.96	1200.31
471.17	1203.28
471.38	1199.23
471.58	1207.30
471.79	1199.11
472.00	1201.65
472.20	1210.29
472.41	1206.46
472.62	1204.14
472.82	1207.11
473.03	1201.58
473.24	1203.78
473.44	1199.00
473.65	1206.01
473.85	1198.29
474.06	1205.99
474.27	1205.41
474.47	1210.08
474.68	1199.33
474.89	1204.92
475.09	1204.45
475.30	1204.00
475.51	1209.94
475.71	1213.07
475.92	1207.65
476.12	1213.13
476.33	1202.57
476.54	1208.26
476.74	1199.64
476.95	1209.16
477.16	1203.76
477.36	1202.20
477.57	1198.37
477.77	1198.78
477.98	1209.86
478.19	1210.45
478.39	1196.16
478.60	1216.60
478.81	1201.71
479.01	1208.87
479.22	1202.22
479.42	1207.09
479.63	1205.88
479.84	1208.22
480.04	1200.56
480.25	1201.11
480.45	1204.10
480.66	1201.46
480.87	1199.47
481.07	1210.19
481.28	1200.87
481.48	1206.99
481.69	1198.88
481.90	1206.07
482.10	1200.38
482.31	1209.41
482.51	1205.52
482.72	1213.61
482.93	1207.56
483.13	1205.88
483.34	1205.19
483.54	1213.46
483.75	1199.68
483.96	1204.21
484.16	1213.20
484.37	1211.95
484.57	1201.28
484.78	1207.13
484.99	1198.14
485.19	1204.53
485.40	1202.40
485.60	1202.89
485.81	1196.77
486.01	1208.69
486.22	1209.12
486.43	1208.04
486.63	1201.54
486.84	1203.76
487.04	1209.39
487.25	1208.26
487.46	1199.04
487.66	1204.62
487.87	1201.89
488.07	1210.57
488.28	1198.57
488.48	1204.04
488.69	1208.38
488.89	1208.12
489.10	1201.65
489.31	1207.50
489.51	1193.04
489.72	1202.22
489.92	1196.79
490.13	1202.71
490.33	1200.66
490.54	1209.92
490.75	1207.77
490.95	1204.68
491.16	1201.52
491.36	1203.32
491.57	1206.07
491.77	1204.19
491.98	1208.06
492.18	1202.49
492.39	1198.04
492.59	1203.73
492.80	1203.98
493.01	1204.14
493.21	1202.03
493.42	1208.28
493.62	1201.44
493.83	1200.03
494.03	1197.80
494.24	1206.09
494.44	1201.34
494.65	1202.71
494.85	1204.37
495.06	1209.98
495.26	1194.62
495.47	1208.10
495.68	1201.07
495.88	1201.17
496.09	1200.21
496.29	1208.92
496.50	1198.35
496.70	1199.27
496.91	1202.92
497.11	1210.62
497.32	1198.96
497.52	1214.61
497.73	1198.92
497.93	1209.14
498.14	1200.68
498.34	1208.59
498.55	1203.45
498.75	1201.44
498.96	1204.21
499.16	1209.37
499.37	1198.39
499.57	1207.91
499.78	1201.01
499.98	1210.08
500.19	1203.24
500.39	1211.82
500.60	1201.40
500.80	1208.57
501.01	1200.99
501.21	1205.88
501.42	1198.96
501.62	1211.13
501.83	1198.96
502.03	1206.32
502.24	1200.93
502.44	1201.24
502.65	1199.74
502.85	1205.68
503.06	1201.73
503.26	1204.04
503.47	1196.18
503.67	1209.43
503.88	1206.99
504.08	1208.85
504.29	1201.01
504.49	1205.52
504.70	1205.00
504.90	1209.71
505.11	1197.82
505.31	1207.03
505.52	1194.09
505.72	1206.05
505.93	1194.31
506.13	1206.89
506.34	1207.28
506.54	1205.66
506.75	1209.16
506.95	1203.26
507.16	1198.86
507.36	1202.53
507.56	1202.44
507.77	1205.39
507.97	1206.99
508.18	1211.09
508.38	1203.28
508.59	1208.24
508.79	1202.01
509.00	1209.65
509.20	1205.13
509.41	1206.81
509.61	1198.98
509.82	1212.58
510.02	1199.80
510.22	1201.36
510.43	1200.56
510.63	1203.71
510.84	1199.90
511.04	1211.15
511.25	1200.62
511.45	1205.00
511.66	1197.45
511.86	1207.18
512.06	1200.19
512.27	1208.85
512.47	1197.34
512.68	1206.07
512.88	1191.77
513.09	1212.48
513.29	1203.20
513.50	1208.81
513.70	1198.33
513.90	1207.09
514.11	1202.81
514.31	1204.70
514.52	1196.24
514.72	1210.17
514.93	1203.98
515.13	1208.12
515.33	1202.06
515.54	1208.32
515.74	1200.19
515.95	1200.11
516.15	1200.48
516.36	1212.62
516.56	1210.60
516.76	1210.12
516.97	1201.73
517.17	1208.81
517.38	1200.42
517.58	1209.14
517.78	1201.89
517.99	1209.92
518.19	1203.12
518.40	1209.94
518.60	1198.96
518.81	1208.40
519.01	1205.86
519.21	1200.50
519.42	1197.96
519.62	1210.23
519.83	1202.01
520.03	1217.17
520.23	1207.87
520.44	1204.72
520.64	1203.14
520.85	1209.94
521.05	1195.26
521.25	1209.06
521.46	1196.26
521.66	1207.67
521.86	1199.19
522.07	1205.17
522.27	1199.70
522.48	1210.10
522.68	1203.02
522.88	1199.76
523.09	1204.88
523.29	1209.76
523.50	1202.16
523.70	1212.25
523.90	1199.90
524.11	1201.93
524.31	1204.49
524.51	1207.24
524.72	1203.30
524.92	1211.37
525.13	1203.67
525.33	1205.43
525.53	1210.62
525.74	1206.03
525.94	1196.79
526.14	1205.93
526.35	1209.67
526.55	1210.00
526.76	1201.50
526.96	1203.88
527.16	1195.67
527.37	1209.26
527.57	1201.69
527.77	1204.92
527.98	1199.68
528.18	1207.09
528.38	1200.11
528.59	1206.07
528.79	1206.36
528.99	1211.76
529.20	1202.44
529.40	1208.01
529.61	1202.12
529.81	1210.92
530.01	1204.19
530.22	1204.19
530.42	1200.31
530.62	1218.52
530.83	1197.88
531.03	1205.05
531.23	1204.23
531.44	1202.28
531.64	1198.25
531.84	1206.01
532.05	1202.63
532.25	1207.22
532.45	1201.99
532.66	1213.16
532.86	1208.98
533.06	1208.10
533.27	1206.13
533.47	1211.60
533.67	1203.32
533.88	1209.69
534.08	1205.97
534.28	1210.25
534.49	1207.83
534.69	1210.72
534.89	1206.77
535.09	1208.40
535.30	1201.97
535.50	1215.43
535.70	1203.16
535.91	1206.25
536.11	1201.22
536.31	1208.53
536.52	1209.84
536.72	1208.57
536.92	1204.47
537.13	1212.11
537.33	1205.15
537.53	1209.71
537.74	1203.96
537.94	1209.33
538.14	1206.99
538.34	1214.08
538.55	1205.37
538.75	1221.55
538.95	1211.09
539.16	1214.98
539.36	1206.21
539.56	1204.86
539.77	1213.79
539.97	1212.07
540.17	1205.56
540.37	1207.18
540.58	1206.66
540.78	1218.13
540.98	1206.60
541.19	1206.34
541.39	1208.85
541.59	1215.74
541.79	1203.08
542.00	1214.63
542.20	1208.79
542.40	1211.43
542.60	1210.51
542.81	1214.16
543.01	1212.66
543.21	1212.83
543.42	1206.60
543.62	1207.26
543.82	1202.12
544.02	1209.39
544.23	1202.44
544.43	1211.84
544.63	1201.54
544.83	1210.14
545.04	1210.64
545.24	1213.61
545.44	1210.76
545.64	1212.46
545.85	1202.83
546.05	1215.08
546.25	1207.36
546.45	1218.11
546.66	1209.45
546.86	1217.74
547.06	1204.76
547.27	1213.67
547.47	1212.01
547.67	1213.07
547.87	1212.52
548.07	1216.78
548.28	1211.05
548.48	1212.99
548.68	1210.43
548.88	1219.87
549.09	1210.74
549.29	1208.24
549.49	1200.52
549.69	1220.45
549.90	1211.78
550.10	1220.92
550.30	1202.75
550.50	1213.63
550.71	1212.79
550.91	1218.58
551.11	1212.99
551.31	1216.58
551.51	1212.42
551.72	1221.14
551.92	1208.92
552.12	1219.85
552.32	1216.45
552.53	1224.19
552.73	1211.66
552.93	1222.76
553.13	1215.78
553.33	1220.51
553.54	1219.93
553.74	1223.56
553.94	1217.93
554.14	1222.60
554.35	1220.12
554.55	1224.23
554.75	1221.63
554.95	1223.29
555.15	1227.84
555.36	1227.47
555.56	1218.50
555.76	1229.25
555.96	1221.22
556.16	1227.08
556.37	1221.33
556.57	1234.84
556.77	1222.82
556.97	1232.53
557.17	1228.35
557.38	1223.85
557.58	1223.91
557.78	1233.04
557.98	1223.29
558.18	1234.09
558.38	1227.72
558.59	1233.84
558.79	1229.85
558.99	1236.87
559.19	1225.87
559.39	1237.38
559.60	1236.67
559.80	1239.31
560.00	1231.42
560.20	1236.60
560.40	1226.08
560.60	1246.50
560.81	1237.34
561.01	1242.56
561.21	1244.22
561.41	1249.71
561.61	1245.70
561.81	1253.19
562.02	1241.44
562.22	1246.37
562.42	1241.40
562.62	1253.83
562.82	1243.69
563.02	1250.57
563.23	1246.84
563.43	1257.96
563.63	1244.28
563.83	1256.45
564.03	1254.97
564.23	1244.26
564.43	1249.67
564.64	1249.81
564.84	1247.97
565.04	1259.38
565.24	1254.22
565.44	1252.19
565.64	1246.09
565.85	1260.69
566.05	1255.30
566.25	1254.59
566.45	1250.12
566.65	1262.49
566.85	1250.08
567.05	1256.24
567.25	1248.67
567.46	1259.66
567.66	1248.42
567.86	1258.33
568.06	1251.64
568.26	1256.55
568.46	1249.57
568.66	1261.32
568.86	1252.97
569.07	1258.97
569.27	1251.45
569.47	1257.10
569.67	1253.81
569.87	1254.63
570.07	1251.86
570.27	1259.40
570.47	1254.65
570.68	1259.89
570.88	1255.06
571.08	1258.21
571.28	1255.98
571.48	1261.55
571.68	1251.29
571.88	1258.35
572.08	1250.02
572.28	1254.50
572.49	1251.86
572.69	1259.85
572.89	1247.48
573.09	1260.65
573.29	1254.71
573.49	1249.49
573.69	1250.16
573.89	1253.25
574.09	1257.10
574.29	1259.32
574.50	1255.86
574.70	1267.47
574.90	1259.85
575.10	1276.70
575.30	1263.15
575.50	1272.87
575.70	1276.13
575.90	1278.96
576.10	1275.66
576.30	1289.01
576.50	1279.43
576.70	1299.40
576.91	1291.74
577.11	1305.40
577.31	1313.94
577.51	1336.07
577.71	1343.00
577.91	1381.35
578.11	1399.87
578.31	1433.58
578.51	1458.58
578.71	1491.99
578.91	1519.18
579.11	1552.30
579.31	1582.98
579.51	1624.39
579.71	1653.37
579.92	1697.58
580.12	1745.85
580.32	1801.43
580.52	1870.41
580.72	1961.18
580.92	2086.02
581.12	2298.05
581.32	2572.80
581.52	2951.57
581.72	3397.25
581.92	3963.78
582.12	4608.34
582.32	5201.80
582.52	5847.50
582.72	6441.66
582.92	6979.78
583.12	7376.17
583.32	7720.92
583.52	7966.41
583.72	8144.12
583.92	8379.51
584.12	8437.84
584.33	8536.20
584.53	8676.47
584.73	8638.54
584.93	8702.70
585.13	8698.60
585.33	8722.91
585.53	8759.04
585.73	8775.77
585.93	8790.66
586.13	8768.46
586.33	8799.59
586.53	8740.59
586.73	8678.78
586.93	8605.99
587.13	8459.40
587.33	8200.76
587.53	7943.03
587.73	7561.39
587.93	7087.88
588.13	6652.09
588.33	6074.32
588.53	5592.41
588.73	5092.87
588.93	4631.34
589.13	4303.79
589.33	3962.86
589.53	3776.09
589.73	3596.36
589.93	3432.62
590.13	3322.50
590.33	3211.42
590.53	3108.02
590.73	3028.93
590.93	2950.73
591.13	2888.11
591.33	2800.45
591.53	2744.26
591.73	2690.48
591.93	2629.94
592.13	2562.99
592.33	2523.96
592.53	2464.24
592.73	2430.94
592.93	2366.18
593.13	2322.81
593.33	2285.37
593.53	2249.61
593.73	2195.98
593.93	2165.60
594.13	2117.68
594.33	2093.37
594.53	2036.50
594.73	2016.61
594.92	1985.57
595.12	1954.77
595.32	1930.62
595.52	1887.04
595.72	1859.27
595.92	1860.11
596.12	1841.16
596.32	1818.27
596.52	1803.85
596.72	1795.84
596.92	1779.83
597.12	1772.39
597.32	1755.35
597.52	1770.51
597.72	1750.79
597.92	1768.81
598.12	1776.08
598.32	1805.43
598.52	1856.38
598.72	1927.38
598.92	2016.86
599.12	2130.71
599.31	2268.41
599.51	2392.93
599.71	2494.96
599.91	2601.02
600.11	2686.44
600.31	2755.48
600.51	2769.08
600.71	2802.69
600.91	2805.39
601.11	2786.04
601.31	2740.43
601.51	2699.84
601.71	2602.82
601.91	2546.61
602.10	2466.86
602.30	2371.14
602.50	2301.10
602.70	2208.32
602.90	2126.30
603.10	2040.25
603.30	1950.40
603.50	1874.46
603.70	1798.24
603.90	1738.81
604.10	1674.99
604.30	1638.33
604.49	1589.18
604.69	1577.37
604.89	1550.91
605.09	1546.59
605.29	1539.19
605.49	1532.74
605.69	1517.75
605.89	1525.16
606.09	1503.15
606.29	1503.50
606.48	1482.14
606.68	1475.60
606.88	1433.05
607.08	1403.08
607.28	1352.25
607.48	1332.22
607.68	1295.48
607.88	1283.77
608.08	1272.63
608.27	1280.70
608.47	1264.44
608.67	1263.02
608.87	1254.38
609.07	1252.66
609.27	1252.89
609.47	1259.83
609.67	1255.98
609.87	1248.56
610.06	1252.03
610.26	1253.71
610.46	1244.41
610.66	1247.44
610.86	1248.34
611.06	1249.02
611.26	1246.50
611.45	1248.32
611.65	1235.81
611.85	1251.58
612.05	1241.25
612.25	1248.69
612.45	1230.46
612.65	1254.07
612.84	1227.92
613.04	1234.35
613.24	1226.36
613.44	1234.54
613.64	1229.91
613.84	1236.75
614.04	1232.41
614.23	1239.06
614.43	1222.47
614.63	1241.21
614.83	1227.16
615.03	1235.40
615.23	1230.46
615.42	1228.04
615.62	1224.32
615.82	1225.14
616.02	1220.63
616.22	1227.02
616.42	1216.51
616.61	1226.59
616.81	1217.52
617.01	1223.13
617.21	1217.39
617.41	1223.21
617.61	1221.20
617.80	1218.95
618.00	1213.38
618.20	1223.44
618.40	1209.63
618.60	1228.97
618.80	1207.34
618.99	1226.02
619.19	1210.68
619.39	1220.43
619.59	1219.24
619.79	1215.18
619.98	1215.08
620.18	1210.82
620.38	1216.68
620.58	1216.23
620.78	1208.63
620.97	1216.92
621.17	1209.14
621.37	1216.27
621.57	1216.37
621.77	1213.61
621.96	1205.58
622.16	1213.36
622.36	1212.05
622.56	1216.82
622.76	1216.31
622.95	1214.08
623.15	1212.68
623.35	1214.47
623.55	1210.39
623.75	1214.75
623.94	1213.11
624.14	1214.26
624.34	1206.38
624.54	1218.50
624.73	1205.31
624.93	1223.46
625.13	1210.49
625.33	1215.22
625.53	1209.24
625.72	1208.47
625.92	1211.68
626.12	1218.52
626.32	1209.43
626.51	1221.22
626.71	1207.15
626.91	1222.25
627.11	1210.41
627.30	1220.16
627.50	1204.66
627.70	1218.91
627.90	1206.32
628.10	1217.62
628.29	1209.82
628.49	1216.08
628.69	1213.85
628.89	1221.18
629.08	1212.62
629.28	1226.24
629.48	1208.65
629.68	1216.88
629.87	1209.43
630.07	1217.95
630.27	1204.84
630.47	1213.95
630.66	1208.57
630.86	1219.30
631.06	1211.70
631.25	1217.91
631.45	1209.18
631.65	1207.42
631.85	1211.72
632.04	1218.87
632.24	1205.88
632.44	1217.13
632.64	1204.21
632.83	1213.97
633.03	1201.26
633.23	1209.39
633.42	1209.00
633.62	1208.08
633.82	1205.35
634.02	1205.19
634.21	1208.30
634.41	1213.48
634.61	1206.54
634.81	1215.02
635.00	1204.51
635.20	1208.73
635.40	1203.43
635.59	1212.95
635.79	1206.54
635.99	1212.91
636.18	1206.77
636.38	1210.82
636.58	1202.18
636.78	1202.28
636.97	1201.42
637.17	1205.19
637.37	1198.82
637.56	1206.15
637.76	1202.24
637.96	1206.70
638.15	1205.97
638.35	1213.44
638.55	1204.55
638.74	1209.41
638.94	1202.51
639.14	1211.72
639.34	1202.89
639.53	1207.89
639.73	1204.86
639.93	1209.59
640.12	1204.53
640.32	1211.33
640.52	1203.78
640.71	1194.91
640.91	1205.09
641.11	1209.16
641.30	1191.88
641.50	1206.32
641.70	1202.46
641.89	1206.27
642.09	1203.08
642.29	1211.09
642.48	1199.47
642.68	1209.26
642.88	1205.74
643.07	1211.11
643.27	1204.86
643.47	1203.39
643.66	1204.57
643.86	1208.38
644.06	1203.98
644.25	1205.78
644.45	1200.19
644.65	1207.65
644.84	1196.40
645.04	1203.51
645.23	1204.14
645.43	1205.19
645.63	1198.18
645.82	1204.57
646.02	1205.58
646.22	1216.31
646.41	1207.38
646.61	1208.98
646.81	1200.81
647.00	1207.13
647.20	1203.20
647.39	1204.90
647.59	1210.64
647.79	1198.80
647.98	1200.89
648.18	1209.28
648.38	1204.96
648.57	1206.81
648.77	1201.11
648.96	1209.55
649.16	1202.98
649.36	1204.70
649.55	1199.62
649.75	1203.14
649.95	1203.22
650.14	1206.77
650.34	1204.23
650.53	1209.90
650.73	1193.90
650.93	1205.13
651.12	1202.34
651.32	1211.29
651.51	1200.13
651.71	1213.30
651.91	1201.26
652.10	1208.38
652.30	1200.50
652.49	1206.95
652.69	1200.91
652.89	1209.26
653.08	1206.19
653.28	1208.94
653.47	1197.43
653.67	1210.98
653.86	1205.64
654.06	1205.45
654.26	1197.90
654.45	1211.68
654.65	1194.40
654.84	1209.90
655.04	1202.42
655.24	1209.26
655.43	1201.42
655.63	1203.76
655.82	1204.19
656.02	1206.07
656.21	1200.95
656.41	1205.93
656.61	1198.86
656.80	1208.04
657.00	1203.84
657.19	1205.97
657.39	1197.14
657.58	1205.82
657.78	1200.21
657.97	1210.80
658.17	1197.71
658.37	1208.90
658.56	1206.91
658.76	1211.41
658.95	1199.58
659.15	1218.73
659.34	1196.46
659.54	1213.46
659.73	1199.25
659.93	1207.69
660.13	1196.61
660.32	1202.40
660.52	1207.69
660.71	1204.74
660.91	1196.36
661.10	1203.28
661.30	1200.13
661.49	1204.70
661.69	1204.74
661.88	1200.25
662.08	1203.65
662.27	1206.44
662.47	1196.96
662.66	1202.44
662.86	1195.81
663.06	1204.27
663.25	1204.37
663.45	1212.32
663.64	1210.47
663.84	1210.10
664.03	1198.68
664.23	1199.09
664.42	1193.92
664.62	1209.41
664.81	1202.55
665.01	1206.62
665.20	1200.05
665.40	1207.54
665.59	1194.48
665.79	1203.04
665.98	1209.06
666.18	1207.61
666.37	1198.86
666.57	1204.80
666.76	1201.95
666.96	1211.11
667.15	1202.08
667.35	1202.12
667.54	1207.77
667.74	1213.54
667.93	1203.51
668.13	1205.80
668.32	1202.77
668.52	1204.94
668.71	1208.42
668.91	1202.61
669.10	1198.02
669.30	1201.30
669.49	1197.49
669.68	1202.65
669.88	1201.79
670.07	1208.87
670.27	1198.33
670.46	1197.69
670.66	1202.77
670.85	1207.87
671.05	1202.42
671.24	1204.04
671.44	1198.68
671.63	1198.41
671.83	1198.98
672.02	1203.98
672.22	1196.30
672.41	1204.04
672.60	1204.49
672.80	1207.42
672.99	1200.64
673.19	1205.37
673.38	1198.86
673.58	1213.71
673.77	1199.39
673.97	1204.98
674.16	1196.59
674.36	1209.94
674.55	1203.61
674.74	1210.25
674.94	1206.11
675.13	1206.54
675.33	1197.55
675.52	1203.16
675.72	1201.22
675.91	1202.81
676.10	1199.35
676.30	1204.43
676.49	1204.66
676.69	1204.31
676.88	1202.28
677.08	1206.62
677.27	1200.72
677.46	1208.04
677.66	1206.87
677.85	1212.58
678.05	1196.44
678.24	1205.62
678.44	1198.39
678.63	1207.01
678.82	1200.21
679.02	1210.37
679.21	1204.04
679.41	1198.98
679.60	1205.91
679.79	1200.17
679.99	1198.12
680.18	1213.75
680.38	1193.84
680.57	1205.72
680.76	1202.71
680.96	1207.52
681.15	1198.43
681.35	1203.67
681.54	1195.93
681.73	1206.44
681.93	1197.51
682.12	1210.10
682.32	1198.84
682.51	1211.17
682.70	1202.28
682.90	1212.97
683.09	1201.09
683.29	1207.30
683.48	1206.46
683.67	1200.52
683.87	1200.83
684.06	1209.88
684.25	1203.39
684.45	1200.33
684.64	1200.17
684.84	1204.80
685.03	1203.30
685.22	1208.12
685.42	1198.12
685.61	1200.33
685.80	1196.36
686.00	1203.14
686.19	1199.35
686.38	1208.18
686.58	1194.38
686.77	1201.22
686.96	1196.69
687.16	1206.46
687.35	1195.38
687.55	1216.72
687.74	1193.37
687.93	1210.90
688.13	1194.21
688.32	1210.51
688.51	1199.74
688.71	1197.63
688.90	1202.87
689.09	1200.52
689.29	1206.27
689.48	1201.28
689.67	1198.00
689.87	1212.01
690.06	1203.96
690.25	1205.15
690.45	1197.61
690.64	1209.02
690.83	1200.74
691.03	1201.60
691.22	1197.53
691.41	1210.10
691.61	1202.42
691.80	1201.13
691.99	1199.31
692.19	1206.66
692.38	1202.24
692.57	1205.52
692.76	1197.90
692.96	1206.62
693.15	1201.20
693.34	1198.53
693.54	1208.73
693.73	1210.39
693.92	1198.96
694.12	1194.58
694.31	1198.23
694.50	1211.58
694.70	1195.95
694.89	1203.55
695.08	1196.87
695.27	1208.77
695.47	1205.05
695.66	1199.76
695.85	1201.52
696.05	1214.24
696.24	1202.12
696.43	1207.75
696.62	1196.89
696.82	1209.47
697.01	1204.96
697.20	1204.94
697.40	1201.36
697.59	1201.38
697.78	1202.06
697.97	1206.32
698.17	1196.71
698.36	1205.17
698.55	1199.31
698.74	1207.11
698.94	1206.83
699.13	1206.62
699.32	1198.25
699.52	1207.05
699.71	1202.81
699.90	1197.65
700.09	1198.27
700.29	1202.38
700.48	1201.13
700.67	1204.86
700.86	1200.09
701.06	1205.23
701.25	1203.67
701.44	1208.38
701.63	1205.58
701.83	1204.59
702.02	1202.92
702.21	1204.94
702.40	1196.36
702.60	1210.25
702.79	1200.56
702.98	1212.05
703.17	1199.95
703.37	1210.06
703.56	1205.48
703.75	1202.06
703.94	1198.45
704.13	1207.13
704.33	1204.35
704.52	1209.53
704.71	1206.44
704.90	1209.65
705.10	1200.25
705.29	1209.76
705.48	1198.37
705.67	1204.51
705.86	1200.52
706.06	1197.59
706.25	1200.15
706.44	1210.23
706.63	1198.41
706.83	1204.10
707.02	1204.12
707.21	1203.53
707.40	1203.24
707.59	1205.19
707.79	1195.89
707.98	1206.15
708.17	1203.12
708.36	1205.62
708.55	1202.16
708.75	1211.60
708.94	1199.25
709.13	1205.19
709.32	1200.25
709.51	1207.40
709.71	1199.54
709.90	1200.99
710.09	1200.91
710.28	1212.01
710.47	1204.78
710.66	1201.42
710.86	1201.89
711.05	1210.49
711.24	1200.95
711.43	1211.00
711.62	1199.45
711.82	1209.47
712.01	1203.98
712.20	1203.94
712.39	1205.95
712.58	1210.43
712.77	1198.35
712.97	1206.75
713.16	1199.02
713.35	1209.59
713.54	1205.09
713.73	1216.41
713.92	1194.70
714.11	1211.11
714.31	1202.36
714.50	1209.51
714.69	1197.80
714.88	1201.95
715.07	1199.09
715.26	1207.58
715.46	1202.73
715.65	1203.80
715.84	1203.32
716.03	1207.38
716.22	1197.34
716.41	1209.37
716.60	1199.04
716.80	1207.91
716.99	1209.00
717.18	1199.64
717.37	1194.54
717.56	1202.51
717.75	1195.93
717.94	1212.48
718.13	1190.79
718.33	1201.89
718.52	1193.92
718.71	1206.21
718.90	1199.88
719.09	1207.46
719.28	1196.10
719.47	1211.37
719.66	1201.93
719.85	1206.11
720.05	1202.42
720.24	1204.66
720.43	1203.26
720.62	1203.39
720.81	1204.08
721.00	1206.40
721.19	1203.08
721.38	1205.58
721.57	1196.05
721.77	1198.84
721.96	1204.51
722.15	1201.36
722.34	1200.48
722.53	1205.60
722.72	1194.50
722.91	1206.97
723.10	1199.04
723.29	1217.11
723.48	1196.38
723.67	1207.30
723.87	1195.91
724.06	1212.09
724.25	1200.77
724.44	1207.26
724.63	1201.28
724.82	1201.75
725.01	1201.34
725.20	1208.75
725.39	1198.02
725.58	1213.07
725.77	1200.77
725.96	1206.66
726.15	1193.90
726.34	1208.18
726.54	1203.45
726.73	1211.25
726.92	1196.10
727.11	1200.46
727.30	1207.15
727.49	1204.72
727.68	1191.75
727.87	1204.19
728.06	1201.63
728.25	1204.00
728.44	1205.58
728.63	1206.48
728.82	1200.01
729.01	1199.09
729.20	1200.58
729.39	1210.37
729.58	1195.60
729.77	1211.37
729.96	1195.91
730.15	1201.22
730.34	1198.57
730.53	1209.14
730.73	1197.82
730.92	1201.28
731.11	1199.21
731.30	1199.25
731.49	1207.50
731.68	1205.09
731.87	1201.99
732.06	1202.18
732.25	1201.32
732.44	1203.06
732.63	1202.55
732.82	1211.31
733.01	1202.03
733.20	1204.55
733.39	1193.09
733.58	1206.36
733.77	1197.80
733.96	1210.80
734.15	1203.28
734.34	1206.40
734.53	1204.14
734.72	1208.53
734.91	1199.19
735.10	1201.87
735.29	1197.24
735.48	1210.47
735.67	1200.87
735.86	1207.69
736.05	1197.67
736.24	1204.31
736.43	1200.97
736.62	1207.03
736.81	1198.39
737.00	1221.27
737.19	1194.33
737.38	1208.69
737.57	1193.95
737.76	1205.37
737.95	1195.91
738.14	1205.05
738.33	1188.42
738.51	1207.32
738.70	1197.12
738.89	1208.67
739.08	1201.09
739.27	1206.60
739.46	1203.16
739.65	1197.75
739.84	1202.57
740.03	1204.86
740.22	1204.76
740.41	1196.63
740.60	1203.43
740.79	1195.44
740.98	1194.81
741.17	1209.37
741.36	1198.76
741.55	1209.24
741.74	1199.11
741.93	1204.06
742.12	1201.46
742.31	1209.24
742.50	1193.64
742.68	1206.70
742.87	1202.32
743.06	1205.72
743.25	1199.74
743.44	1203.04
743.63	1200.56
743.82	1206.60
744.01	1201.60
744.20	1203.26
744.39	1202.71
744.58	1205.58
744.77	1200.25
744.96	1198.66
745.14	1201.46
745.33	1217.68
745.52	1193.33
745.71	1206.48
745.90	1199.58
746.09	1205.17
746.28	1192.51
746.47	1210.78
746.66	1196.98
746.85	1210.66
747.04	1196.73
747.22	1203.92
747.41	1195.24
747.60	1203.94
747.79	1201.67
747.98	1204.64
748.17	1199.62
748.36	1201.89
748.55	1199.25
748.74	1208.98
748.93	1197.12
749.11	1206.72
749.30	1193.58
749.49	1203.02
749.68	1199.99
749.87	1205.76
750.06	1200.25
750.25	1200.01
750.44	1193.21
750.62	1209.22
750.81	1198.94
751.00	1209.06
751.19	1201.71
751.38	1204.45
751.57	1196.73
751.76	1203.71
751.95	1201.60
752.13	1207.52
752.32	1205.41
752.51	1206.48
752.70	1205.99
752.89	1202.12
753.08	1201.34
753.27	1207.26
753.45	1193.66
753.64	1202.36
753.83	1199.62
754.02	1204.72
754.21	1196.89
754.40	1210.92
754.58	1197.43
754.77	1207.11
754.96	1210.12
755.15	1207.22
755.34	1202.75
755.53	1210.66
755.71	1201.58
755.90	1210.90
756.09	1195.56
756.28	1201.15
756.47	1202.36
756.66	1210.60
756.84	1199.86
757.03	1208.06
757.22	1196.77
757.41	1200.23
757.60	1199.39
757.79	1213.50
757.97	1202.83
758.16	1206.58
758.35	1195.42
758.54	1207.20
758.73	1201.26
758.91	1208.94
759.10	1199.97
759.29	1210.29
759.48	1202.71
759.67	1212.15
759.85	1197.57
760.04	1205.62
760.23	1199.54
760.42	1206.81
760.61	1199.39
760.79	1206.38
760.98	1201.54
761.17	1207.44
761.36	1205.62
761.55	1207.09
761.73	1206.85
761.92	1207.24
762.11	1198.82
762.30	1209.84
762.49	1209.33
762.67	1199.97
762.86	1198.49
763.05	1208.34
763.24	1195.56
763.42	1206.07
763.61	1202.75
763.80	1202.63
763.99	1200.56
764.17	1195.73
764.36	1201.58
764.55	1208.77
764.74	1199.19
764.92	1205.82
765.11	1194.50
765.30	1206.91
765.49	1204.49
765.68	1211.09
765.86	1198.39
766.05	1209.65
766.24	1201.69
766.43	1203.59
766.61	1195.46
766.80	1212.30
766.99	1202.06
767.17	1209.90
767.36	1199.43
767.55	1211.50
767.74	1193.74
767.92	1211.31
768.11	1201.77
768.30	1201.85
768.49	1200.62
768.67	1205.78
768.86	1200.60
769.05	1206.25
769.24	1200.70
769.42	1204.82
769.61	1199.31
769.80	1205.76
769.98	1203.26
770.17	1203.14
770.36	1202.89
770.55	1205.80
770.73	1194.76
770.92	1207.48
771.11	1193.78
771.29	1198.12
771.48	1193.33
771.67	1209.96
771.86	1200.81
772.04	1208.83
772.23	1199.13
772.42	1207.69
772.60	1202.61
772.79	1197.55
772.98	1204.84
773.16	1200.33
773.35	1199.66
773.54	1208.01
773.72	1198.59
773.91	1204.00
774.10	1197.53
774.29	1208.69
774.47	1199.76
774.66	1207.56
774.85	1199.43
775.03	1209.88
775.22	1200.95
775.41	1202.98
775.59	1199.07
775.78	1208.79
775.97	1200.31
776.15	1206.17
776.34	1193.92
776.53	1207.26
776.71	1203.02
776.90	1202.12
777.09	1197.10
777.27	1210.33
777.46	1198.45
777.65	1206.27
777.83	1201.89
778.02	1208.06
778.21	1201.11
778.39	1210.00
778.58	1204.33
778.76	1206.34
778.95	1195.30
779.14	1200.50
779.32	1202.01
779.51	1205.39
779.70	1205.02
779.88	1204.45
780.07	1202.85
780.26	1211.03
780.44	1201.15
780.63	1206.85
780.81	1202.20
781.00	1207.93
781.19	1195.17
781.37	1207.54
781.56	1196.03
781.75	1206.81
781.93	1197.22
782.12	1202.06
782.30	1198.23
782.49	1206.70
782.68	1199.60
782.86	1207.07
783.05	1203.92
783.23	1206.83
783.42	1200.29
783.61	1208.18
783.79	1199.86
783.98	1208.08
784.16	1197.84
784.35	1209.20
784.54	1196.08
784.72	1210.55
784.91	1192.33
785.09	1204.41
785.28	1203.24
785.47	1205.00
785.65	1203.06
785.84	1201.01
786.02	1201.15
786.21	1206.13
786.40	1195.44
786.58	1203.00
786.77	1198.98
786.95	1205.11
787.14	1202.79
787.32	1202.34
787.51	1203.22
787.70	1209.57
787.88	1208.16
788.07	1206.66
788.25	1197.02
788.44	1204.92
788.62	1206.25
788.81	1209.08
789.00	1201.93
789.18	1208.67
789.37	1203.94
789.55	1202.49
789.74	1202.40
789.92	1209.57
790.11	1198.72
790.29	1203.04
790.48	1200.23
790.67	1206.87
790.85	1198.43
791.04	1198.45
791.22	1202.18
791.41	1205.39
791.59	1205.00
791.78	1206.62
791.96	1199.64
792.15	1209.35
792.33	1191.16
792.52	1201.97
792.70	1197.28
792.89	1204.70
793.07	1194.23
793.26	1202.42
793.45	1196.10
793.63	1208.81
793.82	1202.24
794.00	1210.35
794.19	1204.41
794.37	1206.25
794.56	1198.21
794.74	1202.10
794.93	1194.56
795.11	1211.09
795.30	1193.90
795.48	1204.74
795.67	1201.32
795.85	1208.47
796.04	1193.23
796.22	1202.79
796.41	1197.06
796.59	1196.65
796.78	1200.38
796.96	1201.05
797.15	1204.72
797.33	1203.96
797.52	1201.01
797.70	1209.00
797.89	1200.58
798.07	1203.26
798.26	1197.34
798.44	1200.07
798.63	1203.20
798.81	1207.20
798.99	1191.90
799.18	1211.11
799.36	1204.96
799.55	1202.67
799.73	1201.85
799.92	1209.08
800.10	1192.78
800.29	1206.75
800.47	1197.18
800.66	1207.15
800.84	1195.73
801.03	1203.12
801.21	1197.37
801.39	1201.83
801.58	1201.36
801.76	1206.42
801.95	1199.17
802.13	1201.67
802.32	1196.22
802.50	1206.97
802.69	1195.97
802.87	1204.74
803.06	1195.83
803.24	1202.67
803.42	1194.25
803.61	1200.23
803.79	1199.19
803.98	1205.82
804.16	1198.49
804.35	1209.96
804.53	1201.95
804.71	1200.81
804.90	1203.49
805.08	1206.64
805.27	1197.32
805.45	1201.52
805.63	1198.21
805.82	1202.85
806.00	1197.78
806.19	1206.87
806.37	1197.04
806.56	1204.86
806.74	1201.38
806.92	1206.01
807.11	1200.05
807.29	1203.45
807.48	1204.64
807.66	1209.12
807.84	1190.73
808.03	1208.51
808.21	1199.80
808.40	1204.94
808.58	1201.95
808.76	1210.51
808.95	1198.18
809.13	1205.33
809.32	1198.88
809.50	1205.60
809.68	1203.88
809.87	1199.72
810.05	1195.85
810.23	1202.28
810.42	1199.88
810.60	1208.14
810.79	1202.38
810.97	1208.87
811.15	1201.52
811.34	1204.41
811.52	1201.60
811.70	1211.03
811.89	1195.32
812.07	1205.33
812.25	1203.63
812.44	1209.12
812.62	1193.04
812.81	1204.51
812.99	1201.77
813.17	1203.78
813.36	1201.50
813.54	1205.23
813.72	1200.58
813.91	1204.76
814.09	1196.85
814.27	1205.64
814.46	1201.69
814.64	1200.50
814.82	1197.34
815.01	1199.25
815.19	1196.10
815.37	1197.82
815.56	1199.95
815.74	1199.41
815.92	1206.48
816.11	1201.52
816.29	1205.00
816.47	1197.53
816.66	1201.75
816.84	1204.16
817.02	1204.98
817.21	1207.79
817.39	1202.06
817.57	1206.13
817.76	1196.34
817.94	1198.80
818.12	1204.39
818.30	1207.44
818.49	1200.77
818.67	1210.21
818.85	1195.83
819.04	1208.40
819.22	1202.24
819.40	1202.22
819.59	1198.78
819.77	1203.92
819.95	1203.82
820.13	1208.61
820.32	1196.44
820.50	1199.02
820.68	1199.70
820.87	1201.48
821.05	1200.83
821.23	1205.21
821.41	1197.98
821.60	1199.31
821.78	1198.88
821.96	1206.42
822.14	1203.49
822.33	1199.47
822.51	1192.35
822.69	1199.58
822.88	1201.65
823.06	1207.54
823.24	1194.60
823.42	1203.04
823.61	1201.91
823.79	1204.41
823.97	1203.37
824.15	1203.39
824.34	1194.91
824.52	1209.55
824.70	1202.81
824.88	1209.04
825.07	1194.62
825.25	1203.26
825.43	1199.45
825.61	1203.98
825.80	1202.77
825.98	1205.05
826.16	1199.60
826.34	1208.73
826.53	1197.47
826.71	1205.37
826.89	1196.10
827.07	1202.98
827.25	1199.45
827.44	1214.61
827.62	1199.15
827.80	1197.82
827.98	1202.28
828.17	1208.16
828.35	1200.52
828.53	1212.30
828.71	1197.63
828.89	1209.65
829.08	1207.73
829.26	1213.59
829.44	1199.41
829.62	1216.53
829.80	1194.48
829.99	1204.25
830.17	1193.82
830.35	1210.47
830.53	1194.58
830.71	1207.58
830.90	1195.54
831.08	1209.51
831.26	1196.26
831.44	1206.44
831.62	1203.39
831.81	1206.58
831.99	1201.07
832.17	1207.30
832.35	1201.65
832.53	1203.12
832.71	1200.70
832.90	1207.32
833.08	1191.86
833.26	1208.42
833.44	1197.06
833.62	1207.03
833.81	1201.46
833.99	1206.56
834.17	1201.30
834.35	1199.82
834.53	1200.64
834.71	1201.22
834.89	1204.45
835.08	1199.70
835.26	1203.55
835.44	1200.56
835.62	1201.30
835.80	1201.75
835.98	1204.35
836.17	1207.36
836.35	1199.66
836.53	1199.11
836.71	1203.82
836.89	1204.35
837.07	1197.08
837.25	1202.14
837.44	1196.61
837.62	1209.84
837.80	1200.79
837.98	1203.45
838.16	1206.38
838.34	1201.65
838.52	1199.78
838.70	1211.17
838.89	1203.55
839.07	1202.61
839.25	1196.40
839.43	1197.00
839.61	1205.95
839.79	1206.56
839.97	1206.68
840.15	1203.67
840.33	1200.52
840.52	1217.64
840.70	1203.43
840.88	1210.17
841.06	1190.65
841.24	1206.36
841.42	1205.45
841.60	1206.58
841.78	1195.75
841.96	1205.66
842.14	1195.62
842.33	1199.90
842.51	1195.30
842.69	1201.54
842.87	1192.10
843.05	1203.96
843.23	1195.62
843.41	1205.23
843.59	1202.36
843.77	1197.96
843.95	1201.95
844.13	1205.66
844.31	1201.83
844.49	1204.55
844.68	1200.33
844.86	1207.20
845.04	1198.98
845.22	1206.64
845.40	1197.18
845.58	1204.96
845.76	1200.11
845.94	1209.71
846.12	1197.22
846.30	1207.83
846.48	1199.88
846.66	1204.37
846.84	1195.79
847.02	1207.05
847.20	1204.35
847.38	1205.37
847.56	1192.92
847.74	1208.36
847.92	1204.41
848.11	1199.47
848.29	1207.77
848.47	1199.58
848.65	1195.58
848.83	1209.47
849.01	1198.57
849.19	1207.09
849.37	1201.67
849.55	1194.91
849.73	1196.67
849.91	1207.38
850.09	1197.88
850.27	1208.83
850.45	1194.29
850.63	1207.38
850.81	1205.50
850.99	1205.95
851.17	1205.00
851.35	1207.38
851.53	1197.96
851.71	1205.82
851.89	1199.84
852.07	1206.19
852.25	1199.97
852.43	1201.73
852.61	1200.50
852.79	1203.67
852.97	1200.91
853.15	1193.99
853.33	1197.12
853.51	1206.95
853.69	1200.11
853.87	1197.94
854.05	1199.64
854.23	1212.09
854.41	1196.55
854.59	1210.80
854.77	1196.01
854.95	1199.70
855.13	1200.72
855.31	1212.66
855.49	1193.37
855.67	1209.04
855.84	1196.73
856.02	1197.26
856.20	1201.58
856.38	1197.43
856.56	1199.97
856.74	1201.50
856.92	1194.11
857.10	1205.35
857.28	1200.21
857.46	1197.63
857.64	1198.27
857.82	1201.52
858.00	1203.82
858.18	1210.41
858.36	1204.92
858.54	1206.34
858.72	1195.19
858.90	1208.67
859.08	1197.94
859.25	1201.93
859.43	1201.34
859.61	1207.56
859.79	1197.82
859.97	1206.36
860.15	1197.80
860.33	1206.36
860.51	1201.54
860.69	1204.25
860.87	1192.25
861.05	1206.70
861.23	1199.97
861.41	1204.27
861.58	1201.26
861.76	1199.82
861.94	1195.62
862.12	1209.94
862.30	1203.57
862.48	1200.56
862.66	1205.15
862.84	1201.52
863.02	1199.76
863.20	1206.91
863.37	1196.20
863.55	1206.09
863.73	1197.67
863.91	1204.23
864.09	1202.81
864.27	1208.53
864.45	1198.02
864.63	1202.24
864.80	1197.20
864.98	1207.20
865.16	1198.55
865.34	1204.14
865.52	1201.75
865.70	1202.77
865.88	1203.49
866.06	1205.48
866.23	1199.04
866.41	1199.84
866.59	1205.05
866.77	1200.91
866.95	1199.15
867.13	1205.35
867.31	1198.06
867.48	1206.27
867.66	1197.32
867.84	1202.26
868.02	1195.36
868.20	1198.39
868.38	1199.43
868.56	1208.77
868.73	1201.09
868.91	1211.19
869.09	1201.56
869.27	1207.24
869.45	1202.22
869.63	1215.84
869.80	1199.13
869.98	1197.80
870.16	1195.97
870.34	1201.71
870.52	1198.78
870.70	1206.70
870.87	1203.39
871.05	1203.47
871.23	1200.29
871.41	1203.37
871.59	1195.32
871.76	1209.31
871.94	1202.34
872.12	1200.68
872.30	1200.01
872.48	1201.13
872.65	1201.50
872.83	1209.35
873.01	1200.99
873.19	1208.75
873.37	1196.34
873.54	1203.98
873.72	1202.57
873.90	1204.41
874.08	1193.13
874.26	1202.79
874.43	1198.78
874.61	1208.38
874.79	1198.21
874.97	1201.73
875.15	1202.18
875.32	1209.51
875.50	1194.91
875.68	1201.54
875.86	1201.13
876.03	1201.15
876.21	1200.54
876.39	1206.21
876.57	1199.62
876.74	1208.79
876.92	1204.62
877.10	1202.53
877.28	1195.26
877.45	1206.05
877.63	1196.61
877.81	1208.49
877.99	1194.76
878.17	1207.73
878.34	1200.58
878.52	1209.16
878.70	1202.59
878.87	1206.68
879.05	1200.09
879.23	1201.77
879.41	1196.22
879.58	1202.36
879.76	1204.66
879.94	1208.79
880.12	1200.99
880.29	1204.92
880.47	1197.69
880.65	1207.65
880.83	1199.41
881.00	1204.47
881.18	1200.01
881.36	1208.12
881.53	1199.00
881.71	1203.88
881.89	1203.06
882.07	1207.52
882.24	1200.23
882.42	1205.50
882.60	1199.97
882.77	1208.47
882.95	1188.19
883.13	1200.62
883.30	1198.57
883.48	1206.23
883.66	1198.74
883.84	1199.66
884.01	1205.43
884.19	1207.50
884.37	1199.56
884.54	1208.22
884.72	1199.41
884.90	1195.99
885.07	1196.91
885.25	1203.49
885.43	1195.26
885.60	1208.18
885.78	1196.59
885.96	1208.73
886.13	1195.67
886.31	1208.69
886.49	1198.61
886.66	1208.32
886.84	1208.79
887.02	1202.32
887.19	1199.17
887.37	1205.58
887.55	1206.01
887.72	1198.66
887.90	1195.67
888.08	1201.48
888.25	1198.61
888.43	1203.96
888.61	1199.09
888.78	1205.48
888.96	1199.35
889.14	1207.99
889.31	1203.86
889.49	1206.56
889.67	1198.41
889.84	1200.31
890.02	1200.83
890.19	1208.40
890.37	1205.48
890.55	1210.27
890.72	1194.27
890.90	1202.73
891.08	1195.17
891.25	1204.92
891.43	1203.08
891.60	1201.91
891.78	1198.37
891.96	1199.97
892.13	1198.55
892.31	1204.57
892.48	1195.87
892.66	1211.41
892.84	1195.34
893.01	1209.98
893.19	1202.77
893.36	1203.57
893.54	1201.91
893.72	1206.56
893.89	1199.11
894.07	1204.45
894.24	1199.54
894.42	1216.92
894.60	1197.32
894.77	1207.89
894.95	1194.25
895.12	1206.42
895.30	1192.53
895.48	1202.24
895.65	1206.11
895.83	1209.88
896.00	1199.02
896.18	1205.62
896.35	1206.81
896.53	1200.21
896.71	1198.21
896.88	1206.62
897.06	1199.95
897.23	1203.80
897.41	1199.23
897.58	1200.60
897.76	1199.58
897.93	1207.34
898.11	1193.82
898.29	1199.45
898.46	1198.25
898.64	1209.39
898.81	1207.44
898.99	1204.16
899.16	1202.18
899.34	1199.54
899.51	1196.08
899.69	1205.23
899.86	1191.90
900.04	1209.59
900.21	1205.91
900.39	1202.89
900.57	1200.03
900.74	1204.33
900.92	1202.36
901.09	1208.85
901.27	1199.13
901.44	1206.75
901.62	1205.17
901.79	1204.33
901.97	1200.74
902.14	1201.71
902.32	1198.66
902.49	1206.25
902.67	1199.58
902.84	1209.39
903.02	1196.24
903.19	1204.88
903.37	1195.85
903.54	1203.53
903.72	1201.11
903.89	1195.44
904.07	1196.69
904.24	1204.96
904.42	1208.65
904.59	1210.27
904.77	1197.24
904.94	1214.47
905.12	1204.37
905.29	1199.84
905.47	1192.53
905.64	1201.85
905.82	1198.86
905.99	1206.50
906.16	1201.73
906.34	1209.41
906.51	1193.00
906.69	1210.27
906.86	1196.85
907.04	1201.67
907.21	1203.98
907.39	1204.84
907.56	1202.44
907.74	1209.35
907.91	1202.12
908.09	1206.19
908.26	1189.01
908.43	1206.44
908.61	1196.22
908.78	1199.58
908.96	1202.42
909.13	1201.58
909.31	1199.37
909.48	1204.59
909.65	1199.27
909.83	1210.08
910.00	1195.24
910.18	1208.55
910.35	1195.52
910.53	1202.69
910.70	1201.20
910.87	1201.42
911.05	1197.78
911.22	1196.75
911.40	1199.68
911.57	1205.45
911.75	1201.63
911.92	1202.61
912.09	1201.38
912.27	1203.65
912.44	1198.14
912.62	1206.05
912.79	1196.79
912.96	1202.83
913.14	1192.55
913.31	1204.00
913.49	1190.38
913.66	1202.53
913.83	1201.11
914.01	1208.96
914.18	1204.35
914.36	1202.18
914.53	1201.09
914.70	1207.32
914.88	1198.64
915.05	1205.60
915.22	1194.27
915.40	1204.45
915.57	1197.71
915.75	1209.35
915.92	1199.02
916.09	1200.91
916.27	1202.16
916.44	1202.22
916.61	1201.09
916.79	1196.40
916.96	1195.93
917.13	1209.06
917.31	1196.55
917.48	1207.32
917.66	1191.51
917.83	1205.58
918.00	1199.47
918.18	1205.13
918.35	1201.58
918.52	1207.89
918.70	1202.85
918.87	1208.96
919.04	1201.63
919.22	1209.59
919.39	1189.03
919.56	1205.88
919.74	1208.67
919.91	1205.39
920.08	1201.50
920.26	1206.15
920.43	1195.15
920.60	1208.59
920.78	1201.05
920.95	1203.92
921.12	1196.40
921.29	1204.29
921.47	1195.38
921.64	1203.98
921.81	1198.35
921.99	1215.45
922.16	1198.12
922.33	1210.21
922.51	1198.06
922.68	1201.44
922.85	1202.22
923.03	1200.09
923.20	1201.67
923.37	1205.88
923.54	1206.17
923.72	1206.62
923.89	1203.37
924.06	1203.98
924.24	1194.13
924.41	1202.67
924.58	1200.83
924.75	1201.67
924.93	1193.49
925.10	1191.94
925.27	1196.20
925.44	1209.55
925.62	1211.50
925.79	1203.47
925.96	1199.70
926.14	1199.19
926.31	1200.09
926.48	1207.38
926.65	1204.59
926.83	1205.00
927.00	1190.81
927.17	1204.25
927.34	1195.13
927.52	1207.30
927.69	1193.45
927.86	1208.36
928.03	1202.51
928.21	1207.46
928.38	1202.73
928.55	1198.29
928.72	1205.41
928.89	1201.75
929.07	1198.18
929.24	1202.08
929.41	1195.87
929.58	1203.35
929.76	1197.26
929.93	1211.78
930.10	1194.40
930.27	1211.41
930.44	1195.97
930.62	1205.13
930.79	1194.66
930.96	1204.04
931.13	1202.06
931.31	1207.15
931.48	1198.96
931.65	1204.76
931.82	1194.85
931.99	1207.48
932.17	1198.88
932.34	1202.63
932.51	1193.62
932.68	1203.88
932.85	1196.83
933.03	1203.78
933.20	1201.50
933.37	1205.09
933.54	1201.56
933.71	1212.03
933.88	1199.84
934.06	1198.16
934.23	1199.41
934.40	1211.70
934.57	1203.71
934.74	1203.30
934.91	1191.47
935.09	1207.03
935.26	1200.81
935.43	1204.27
935.60	1198.10
935.77	1206.40
935.94	1199.39
936.12	1219.42
936.29	1196.57
936.46	1202.30
936.63	1197.57
936.80	1205.62
936.97	1204.62
937.14	1205.54
937.32	1193.37
937.49	1200.46
937.66	1198.94
937.83	1200.91
938.00	1199.70
938.17	1199.23
938.34	1197.53
938.52	1208.04
938.69	1200.77
938.86	1203.67
939.03	1207.24
939.20	1203.22
939.37	1189.46
939.54	1204.14
939.71	1200.48
939.89	1202.67
940.06	1199.00
940.23	1206.21
940.40	1201.26
940.57	1205.27
940.74	1197.96
940.91	1201.91
941.08	1191.20
941.25	1199.50
941.43	1198.90
941.60	1204.49
941.77	1201.52
941.94	1203.22
942.11	1197.96
942.28	1207.79
942.45	1202.14
942.62	1207.71
942.79	1196.12
942.96	1213.65
943.13	1201.93
943.30	1201.05
943.48	1194.70
943.65	1203.43
943.82	1192.23
943.99	1207.07
944.16	1202.10
944.33	1206.56
944.50	1199.15
944.67	1205.00
944.84	1200.40
945.01	1205.78
945.18	1198.06
945.35	1202.92
945.52	1198.98
945.69	1205.13
945.86	1202.61
946.03	1212.89
946.21	1204.74
946.38	1206.79
946.55	1202.34
946.72	1208.12
946.89	1197.53
947.06	1204.88
947.23	1204.84
947.40	1201.48
947.57	1193.95
947.74	1203.22
947.91	1198.39
948.08	1206.87
948.25	1202.38
948.42	1205.78
948.59	1198.76
948.76	1207.46
948.93	1198.96
949.10	1206.05
949.27	1201.07
949.44	1199.41
949.61	1200.15
949.78	1202.51
949.95	1201.24
950.12	1203.69
950.29	1201.26
950.46	1203.90
950.63	1198.98
950.80	1204.92
950.97	1200.36
951.14	1210.66
951.31	1203.96
951.48	1207.95
951.65	1201.63
951.82	1213.46
951.99	1204.12
952.16	1208.71
952.33	1199.99
952.50	1201.11
952.67	1200.15
952.84	1207.30
953.01	1192.66
953.18	1205.02
953.35	1204.00
953.52	1203.32
953.69	1195.22
953.86	1210.00
954.03	1198.27
954.20	1204.04
954.37	1206.32
954.54	1198.31
954.70	1201.38
954.87	1203.04
955.04	1198.14
955.21	1198.94
955.38	1201.69
955.55	1200.50
955.72	1196.08
955.89	1201.48
956.06	1202.71
956.23	1195.32
956.40	1198.00
956.57	1207.81
956.74	1192.47
956.91	1205.64
957.08	1192.31
957.25	1206.58
957.41	1191.10
957.58	1203.37
957.75	1203.32
957.92	1201.99
958.09	1196.30
958.26	1205.05
958.43	1195.44
958.60	1206.87
958.77	1198.14
958.94	1198.08
959.11	1195.15
959.27	1212.99
959.44	1200.23
959.61	1208.12
959.78	1194.38
959.95	1205.25
960.12	1199.78
960.29	1209.37
960.46	1200.38
960.63	1202.85
960.80	1199.62
960.96	1212.70
961.13	1200.52
961.30	1201.93
961.47	1195.69
961.64	1204.55
961.81	1200.79
961.98	1204.92
962.15	1202.85
962.31	1202.92
962.48	1194.60
962.65	1207.36
962.82	1200.19
962.99	1202.36
963.16	1196.44
963.33	1209.00
963.49	1199.25
963.66	1210.06
963.83	1201.87
964.00	1201.54
964.17	1190.96
964.34	1201.42
964.51	1198.21
964.67	1202.51
964.84	1195.48
965.01	1223.56
965.18	1201.56
965.35	1210.84
965.52	1197.26
965.68	1205.84
965.85	1202.24
966.02	1203.82
966.19	1196.40
966.36	1207.11
966.52	1194.27
966.69	1207.58
966.86	1191.26
967.03	1209.37
967.20	1195.54
967.37	1202.49
967.53	1202.57
967.70	1208.77
967.87	1195.95
968.04	1202.85
968.21	1198.90
968.37	1208.85
968.54	1190.71
968.71	1206.32
968.88	1191.96
969.05	1204.51
969.21	1194.17
969.38	1208.38
969.55	1195.24
969.72	1201.36
969.89	1198.39
970.05	1206.66
970.22	1190.96
970.39	1203.12
970.56	1204.70
970.72	1210.88
970.89	1204.37
971.06	1205.41
971.23	1195.97
971.39	1197.90
971.56	1200.74
971.73	1203.67
971.90	1199.37
972.07	1205.52
972.23	1207.38
972.40	1196.12
972.57	1196.10
972.74	1209.26
972.90	1203.59
973.07	1205.31
973.24	1200.70
973.40	1203.53
973.57	1203.16
973.74	1199.82
973.91	1196.18
974.07	1207.97
974.24	1200.13
974.41	1209.24
974.58	1203.02
974.74	1207.67
974.91	1198.88
975.08	1208.51
975.25	1197.47
975.41	1201.71
975.58	1200.36
975.75	1203.69
975.91	1185.26
976.08	1200.79
976.25	1196.96
976.42	1205.80
976.58	1195.69
976.75	1206.64
976.92	1193.95
977.08	1206.64
977.25	1192.39
977.42	1206.68
977.58	1201.11
977.75	1207.46
977.92	1201.22
978.08	1202.75
978.25	1201.67
978.42	1198.74
978.59	1194.97
978.75	1204.10
978.92	1196.59
979.09	1202.85
979.25	1193.64
979.42	1203.71
979.59	1200.23
979.75	1201.38
979.92	1203.69
980.09	1203.84
980.25	1198.64
980.42	1203.94
980.59	1196.73
980.75	1207.03
980.92	1200.66
981.09	1202.89
981.25	1201.79
981.42	1199.45
981.59	1197.59
981.75	1200.68
981.92	1202.51
982.08	1202.65
982.25	1203.18
982.42	1211.41
982.58	1198.61
982.75	1201.46
982.92	1200.52
983.08	1200.48
983.25	1202.83
983.42	1202.71
983.58	1194.40
983.75	1200.36
983.91	1196.98
984.08	1202.22
984.25	1196.32
984.41	1208.01
984.58	1198.84
984.74	1205.64
984.91	1197.00
985.08	1208.01
985.24	1207.34
985.41	1207.05
985.57	1201.89
985.74	1198.37
985.91	1198.59
986.07	1211.56
986.24	1203.65
986.40	1204.96
986.57	1203.63
986.74	1206.91
986.90	1203.88
987.07	1207.48
987.23	1198.21
987.40	1201.99
987.57	1200.05
987.73	1201.03
987.90	1199.90
988.06	1199.84
988.23	1196.59
988.39	1200.29
988.56	1194.64
988.73	1203.76
988.89	1204.92
989.06	1204.80
989.22	1201.38
989.39	1201.71
989.55	1196.65
989.72	1200.77
989.88	1192.27
990.05	1206.15
990.22	1190.16
990.38	1206.83
990.55	1198.55
990.71	1206.46
990.88	1206.44
991.04	1203.00
991.21	1193.86
991.37	1203.65
991.54	1204.00
991.70	1206.01
991.87	1195.22
992.03	1200.97
992.20	1195.34
992.36	1210.74
992.53	1195.65
992.69	1200.77
992.86	1195.77
993.03	1200.99
993.19	1203.24
993.36	1211.56
993.52	1199.80
993.69	1207.79
993.85	1198.72
994.02	1200.17
994.18	1205.48
994.35	1200.48
994.51	1195.71
994.68	1199.93
994.84	1200.19
995.01	1203.43
995.17	1194.87
995.34	1205.00
995.50	1195.79
995.66	1210.21
995.83	1199.95
995.99	1205.86
996.16	1205.48
996.32	1202.01
996.49	1197.59
996.65	1208.90
996.82	1196.96
996.98	1206.32
997.15	1199.35
997.31	1208.12
997.48	1194.03
997.64	1200.74
997.81	1197.65
997.97	1212.32
998.13	1190.75
998.30	1208.53
998.46	1196.75
998.63	1195.42
998.79	1199.99
998.96	1204.66
999.12	1196.16
999.29	1208.65
999.45	1196.34
999.61	1206.62
999.78	1201.52
999.94	1197.57
1000.11	1201.07
1000.27	1198.90
1000.44	1198.10
1000.60	1207.34
1000.76	1201.09
1000.93	1208.59
1001.09	1198.90
1001.26	1209.39
1001.42	1206.81
1001.59	1202.59
1001.75	1196.59
1001.91	1200.38
1002.08	1200.87
1002.24	1204.27
1002.41	1193.52
1002.57	1209.37
1002.73	1201.11
1002.90	1198.90
1003.06	1200.33
1003.23	1204.04
1003.39	1198.94
1003.55	1205.19
1003.72	1196.67
1003.88	1209.37
1004.04	1194.66
1004.21	1204.72
1004.37	1200.44
1004.54	1207.03
1004.70	1201.93
1004.86	1202.79
1005.03	1200.46
1005.19	1204.98
1005.35	1194.05
1005.52	1204.08
1005.68	1204.37
1005.85	1206.79
1006.01	1196.65
1006.17	1202.89
1006.34	1195.03
1006.50	1209.86
1006.66	1201.93
1006.83	1209.84
1006.99	1200.66
1007.15	1199.64
1007.32	1205.07
1007.48	1207.03
1007.64	1190.26
1007.81	1211.19
1007.97	1201.50
1008.13	1213.20
1008.30	1203.82
1008.46	1203.88
1008.62	1200.95
1008.79	1206.83
1008.95	1206.89
1009.11	1203.84
1009.28	1197.47
1009.44	1203.37
1009.60	1203.67
1009.77	1209.61
1009.93	1202.55
1010.09	1205.15
1010.25	1200.91
1010.42	1198.10
1010.58	1198.16
1010.74	1202.38
1010.91	1195.89
1011.07	1209.43
1011.23	1193.95
1011.40	1200.17
1011.56	1200.44
1011.72	1201.79
1011.88	1198.98
1012.05	1206.27
1012.21	1200.19
1012.37	1201.89
1012.54	1201.87
1012.70	1209.18
1012.86	1195.79
1013.02	1199.31
1013.19	1196.46
1013.35	1198.59
1013.51	1204.43
1013.67	1201.58
1013.84	1201.28
1014.00	1205.19
1014.16	1201.03
1014.33	1207.44
1014.49	1200.07
1014.65	1197.71
1014.81	1196.30
1014.98	1204.02
1015.14	1196.36
1015.30	1208.69
1015.46	1195.48
1015.62	1205.60
1015.79	1200.77
1015.95	1206.87
1016.11	1197.39
1016.27	1205.17
1016.44	1200.15
1016.60	1204.45
1016.76	1198.64
1016.92	1204.00
1017.09	1196.28
1017.25	1203.37
1017.41	1200.66
1017.57	1206.23
1017.73	1202.89
1017.90	1203.59
1018.06	1196.89
1018.22	1200.93
1018.38	1199.62
1018.54	1196.61
1018.71	1200.42
1018.87	1208.14
1019.03	1205.31
1019.19	1210.25
1019.35	1201.30
1019.52	1208.40
1019.68	1201.28
1019.84	1205.86
1020.00	1202.77
1020.16	1214.61
1020.33	1199.29
1020.49	1203.82
1020.65	1196.73
1020.81	1207.42
1020.97	1195.32
1021.13	1210.14
1021.30	1203.82
1021.46	1210.70
1021.62	1193.15
1021.78	1204.51
1021.94	1196.22
1022.10	1202.67
1022.27	1196.10
1022.43	1209.84
1022.59	1192.61
1022.75	1206.29
1022.91	1201.05
1023.07	1203.10
1023.24	1195.48
1023.40	1205.11
1023.56	1194.48
1023.72	1206.68
1023.88	1195.71
1024.04	1204.10
1024.20	1203.16
1024.36	1210.96
1024.53	1204.04
1024.69	1206.58
1024.85	1199.47
1025.01	1201.09
1025.17	1201.38
1025.33	1201.89
1025.49	1197.28
1025.65	1203.28
1025.82	1194.76
1025.98	1208.90
1026.14	1198.16
1026.30	1208.26
1026.46	1205.64
1026.62	1204.41
1026.78	1201.05
1026.94	1209.74
1027.10	1190.89
1027.26	1207.18
1027.43	1201.52
1027.59	1205.97
1027.75	1196.53
1027.91	1208.83
1028.07	1200.95
1028.23	1206.99
1028.39	1198.37
1028.55	1205.84
1028.71	1197.63
1028.87	1204.04
1029.03	1196.44
1029.19	1206.66
1029.36	1196.69
1029.52	1204.94
1029.68	1198.33
1029.84	1209.06
1030.00	1202.89
1030.16	1210.53
1030.32	1203.67
1030.48	1209.94
1030.64	1199.62
1030.80	1215.24
1030.96	1194.78
1031.12	1208.73
1031.28	1197.57
1031.44	1207.38
1031.60	1200.15
1031.76	1204.57
1031.92	1200.09
1032.08	1213.75
1032.24	1201.97
1032.40	1205.02
1032.56	1199.07
1032.73	1205.62
1032.89	1198.51
1033.05	1209.12
1033.21	1202.49
1033.37	1206.48
1033.53	1192.88
1033.69	1207.32
1033.85	1202.98
1034.01	1204.98
1034.17	1202.24
1034.33	1204.59
1034.49	1201.40
1034.65	1210.45
1034.81	1200.27
1034.97	1193.97
1035.13	1197.96
1035.29	1207.93
1035.45	1194.52
1035.61	1202.42
1035.77	1198.35
1035.93	1202.42
1036.09	1189.85
1036.25	1204.55
1036.41	1197.30
1036.57	1206.25
1036.73	1201.42
1036.88	1196.28
1037.04	1200.29
