345.52	1187.86
345.73	1187.86
345.94	1187.86
346.16	1179.40
346.37	1182.50
346.58	1187.86
346.79	1188.74
347.00	1179.00
347.22	1191.94
347.43	1189.48
347.64	1192.53
347.85	1181.49
348.06	1197.45
348.28	1190.16
348.49	1189.50
348.70	1189.81
348.91	1191.86
349.12	1186.92
349.34	1193.60
349.55	1183.32
349.76	1197.22
349.97	1179.92
350.18	1185.26
350.40	1185.55
350.61	1196.96
350.82	1188.97
351.03	1189.85
351.24	1185.18
351.46	1190.85
351.67	1187.35
351.88	1191.90
352.09	1191.47
352.30	1195.42
352.51	1185.59
352.73	1195.62
352.94	1191.55
353.15	1189.89
353.36	1191.30
353.57	1191.84
353.79	1195.42
354.00	1188.37
354.21	1182.97
354.42	1201.38
354.63	1176.87
354.84	1188.72
355.06	1185.79
355.27	1189.30
355.48	1195.50
355.69	1192.43
355.90	1192.37
356.11	1194.11
356.33	1187.15
356.54	1192.43
356.75	1193.09
356.96	1190.18
357.17	1194.03
357.38	1193.23
357.60	1181.56
357.81	1188.60
358.02	1183.09
358.23	1194.60
358.44	1191.49
358.65	1189.79
358.87	1188.58
359.08	1193.43
359.29	1180.96
359.50	1199.21
359.71	1186.20
359.92	1194.87
360.13	1193.56
360.35	1195.11
360.56	1189.44
360.77	1196.44
360.98	1193.92
361.19	1198.21
361.40	1184.67
361.62	1192.70
361.83	1182.89
362.04	1187.74
362.25	1192.33
362.46	1197.41
362.67	1190.87
362.88	1195.56
363.10	1191.24
363.31	1193.45
363.52	1188.54
363.73	1194.09
363.94	1197.63
364.15	1192.70
364.36	1190.50
364.57	1198.25
364.79	1187.92
365.00	1198.47
365.21	1179.69
365.42	1195.42
365.63	1189.67
365.84	1193.49
366.05	1194.09
366.27	1200.93
366.48	1181.96
366.69	1192.90
366.90	1181.02
367.11	1193.92
367.32	1195.32
367.53	1194.05
367.74	1190.05
367.95	1193.27
368.17	1188.91
368.38	1196.89
368.59	1186.57
368.80	1203.08
369.01	1187.80
369.22	1196.63
369.43	1193.27
369.64	1202.87
369.86	1192.90
370.07	1193.13
370.28	1197.28
370.49	1198.12
370.70	1189.38
370.91	1195.01
371.12	1191.77
371.33	1192.35
371.54	1182.97
371.76	1196.71
371.97	1186.39
372.18	1194.85
372.39	1189.40
372.60	1200.15
372.81	1190.59
373.02	1185.59
373.23	1190.05
373.44	1192.68
373.65	1192.43
373.87	1187.19
374.08	1194.87
374.29	1199.90
374.50	1197.28
374.71	1195.62
374.92	1195.85
375.13	1189.95
375.34	1182.85
375.55	1191.63
375.76	1195.42
375.97	1196.32
376.19	1188.58
376.40	1191.28
376.61	1191.34
376.82	1198.08
377.03	1188.29
377.24	1193.70
377.45	1191.18
377.66	1195.83
377.87	1195.15
378.08	1192.23
378.29	1195.54
378.50	1203.08
378.71	1189.19
378.93	1194.58
379.14	1191.12
379.35	1192.96
379.56	1186.00
379.77	1193.99
379.98	1185.22
380.19	1201.71
380.40	1194.87
380.61	1195.83
380.82	1189.50
381.03	1200.36
381.24	1191.73
381.45	1194.87
381.66	1184.16
381.88	1198.74
382.09	1183.75
382.30	1195.62
382.51	1192.31
382.72	1191.55
382.93	1196.22
383.14	1193.90
383.35	1186.53
383.56	1201.89
383.77	1189.62
383.98	1203.06
384.19	1185.04
384.40	1191.02
384.61	1186.31
384.82	1199.09
385.03	1193.33
385.24	1197.39
385.45	1193.25
385.67	1193.29
385.88	1187.27
386.09	1199.27
386.30	1186.90
386.51	1200.25
386.72	1194.42
386.93	1193.58
387.14	1185.92
387.35	1193.76
387.56	1186.43
387.77	1195.83
387.98	1192.37
388.19	1195.50
388.40	1191.49
388.61	1195.71
388.82	1192.63
389.03	1197.49
389.24	1191.86
389.45	1191.65
389.66	1185.51
389.87	1192.90
390.08	1189.67
390.29	1193.00
390.50	1192.00
390.71	1201.15
390.92	1191.47
391.13	1195.71
391.34	1187.21
391.55	1204.68
391.76	1185.71
391.98	1194.93
392.19	1184.77
392.40	1196.01
392.61	1190.79
392.82	1198.61
393.03	1191.98
393.24	1198.82
393.45	1190.18
393.66	1202.49
393.87	1187.23
394.08	1200.19
394.29	1195.28
394.50	1194.33
394.71	1184.61
394.92	1194.97
395.13	1186.94
395.34	1194.70
395.55	1189.97
395.76	1192.02
395.97	1193.00
396.18	1199.02
396.39	1190.03
396.60	1192.55
396.81	1191.53
397.02	1203.96
397.23	1189.97
397.44	1196.03
397.65	1191.12
397.86	1196.36
398.07	1192.45
398.28	1195.81
398.49	1194.46
398.70	1197.10
398.91	1196.08
399.12	1202.49
399.33	1187.17
399.54	1192.00
399.75	1187.49
399.96	1202.12
400.17	1187.64
400.38	1194.76
400.59	1187.45
400.80	1193.09
401.01	1192.35
401.22	1200.36
401.42	1191.12
401.63	1196.18
401.84	1194.66
402.05	1194.40
402.26	1194.91
402.47	1192.92
402.68	1194.42
402.89	1203.32
403.10	1189.09
403.31	1203.96
403.52	1194.07
403.73	1196.36
403.94	1187.90
404.15	1195.93
404.36	1187.17
404.57	1196.89
404.78	1193.35
404.99	1198.86
405.20	1192.74
405.41	1203.78
405.62	1188.37
405.83	1200.83
406.04	1187.92
406.25	1195.91
406.46	1187.68
406.67	1198.96
406.88	1192.80
407.09	1189.09
407.30	1193.45
407.50	1198.14
407.71	1191.47
407.92	1198.86
408.13	1194.72
408.34	1185.67
408.55	1193.25
408.76	1201.67
408.97	1197.34
409.18	1192.33
409.39	1188.40
409.60	1195.26
409.81	1192.41
410.02	1195.15
410.23	1185.32
410.44	1199.25
410.65	1185.77
410.86	1198.02
411.07	1192.55
411.27	1200.38
411.48	1194.15
411.69	1204.41
411.90	1195.56
412.11	1200.89
412.32	1193.35
412.53	1195.79
412.74	1190.98
412.95	1194.99
413.16	1192.59
413.37	1189.81
413.58	1189.67
413.79	1195.85
414.00	1185.81
414.20	1198.18
414.41	1189.97
414.62	1201.22
414.83	1187.51
415.04	1200.50
415.25	1190.01
415.46	1200.66
415.67	1194.03
415.88	1201.13
416.09	1187.08
416.30	1195.62
416.51	1196.69
416.71	1193.39
416.92	1181.86
417.13	1200.46
417.34	1189.28
417.55	1203.92
417.76	1195.77
417.97	1200.03
418.18	1195.97
418.39	1199.52
418.60	1193.39
418.81	1194.52
419.01	1198.33
419.22	1193.60
419.43	1182.66
419.64	1200.81
419.85	1196.24
420.06	1194.29
420.27	1187.86
420.48	1204.94
420.69	1184.93
420.90	1194.93
421.10	1190.73
421.31	1194.42
421.52	1194.03
421.73	1193.70
421.94	1194.27
422.15	1194.85
422.36	1193.39
422.57	1198.00
422.78	1192.70
422.98	1197.10
423.19	1192.96
423.40	1197.37
423.61	1200.19
423.82	1197.92
424.03	1192.08
424.24	1192.76
424.45	1192.94
424.65	1195.83
424.86	1193.58
425.07	1206.01
425.28	1187.21
425.49	1196.59
425.70	1195.09
425.91	1194.46
426.12	1194.62
426.32	1194.62
426.53	1190.40
426.74	1202.61
426.95	1188.95
427.16	1199.45
427.37	1193.35
427.58	1198.94
427.78	1191.75
427.99	1198.12
428.20	1192.70
428.41	1198.14
428.62	1193.64
428.83	1199.64
429.04	1192.18
429.24	1199.39
429.45	1192.96
429.66	1196.18
429.87	1189.99
430.08	1200.44
430.29	1196.08
430.50	1195.85
430.70	1188.97
430.91	1201.30
431.12	1195.93
431.33	1198.96
431.54	1190.71
431.75	1199.29
431.96	1199.23
432.16	1202.06
432.37	1201.38
432.58	1200.93
432.79	1187.94
433.00	1196.71
433.21	1184.07
433.41	1196.87
433.62	1194.68
433.83	1195.54
434.04	1181.72
434.25	1200.70
434.46	1183.71
434.66	1202.38
434.87	1190.22
435.08	1196.67
435.29	1188.72
435.50	1201.05
435.71	1199.07
435.91	1194.95
436.12	1185.73
436.33	1194.93
436.54	1191.47
436.75	1201.44
436.95	1192.47
437.16	1196.85
437.37	1180.76
437.58	1195.26
437.79	1193.43
438.00	1202.75
438.20	1185.51
438.41	1204.55
438.62	1195.07
438.83	1201.48
439.04	1198.33
439.24	1203.18
439.45	1188.15
439.66	1199.41
439.87	1192.35
440.08	1199.17
440.28	1191.53
440.49	1199.66
440.70	1198.25
440.91	1208.01
441.12	1196.83
441.32	1202.36
441.53	1191.92
441.74	1195.30
441.95	1199.39
442.16	1202.08
442.36	1192.82
442.57	1203.20
442.78	1194.15
442.99	1204.55
443.20	1191.16
443.40	1200.81
443.61	1198.47
443.82	1198.84
444.03	1191.98
444.24	1201.67
444.44	1193.80
444.65	1206.70
444.86	1193.76
445.07	1207.52
445.27	1196.24
445.48	1205.86
445.69	1196.20
445.90	1200.77
446.11	1192.53
446.31	1200.23
446.52	1197.30
446.73	1205.72
446.94	1187.88
447.14	1207.83
447.35	1193.04
447.56	1197.94
447.77	1193.52
447.97	1203.73
448.18	1192.57
448.39	1210.04
448.60	1194.54
448.81	1197.14
449.01	1194.64
449.22	1196.67
449.43	1201.13
449.64	1199.21
449.84	1193.54
450.05	1205.97
450.26	1203.41
450.47	1208.40
450.67	1195.34
450.88	1199.99
451.09	1201.44
451.30	1206.05
451.50	1201.99
451.71	1203.53
451.92	1197.26
452.13	1200.23
452.33	1203.24
452.54	1209.41
452.75	1200.31
452.96	1206.85
453.16	1194.48
453.37	1205.27
453.58	1195.13
453.79	1203.37
453.99	1202.96
454.20	1201.32
454.41	1205.95
454.61	1206.09
454.82	1200.21
455.03	1202.67
455.24	1203.26
455.44	1211.05
455.65	1200.77
455.86	1219.50
456.07	1211.52
456.27	1224.01
456.48	1218.13
456.69	1227.41
456.90	1228.49
457.10	1243.61
457.31	1239.43
457.52	1241.79
457.72	1249.77
457.93	1251.62
458.14	1259.66
458.35	1275.43
458.55	1280.51
458.76	1290.69
458.97	1300.89
459.17	1312.60
459.38	1320.96
459.59	1348.20
459.80	1360.81
460.00	1402.76
460.21	1441.89
460.42	1486.01
460.62	1537.76
460.83	1601.45
461.04	1639.54
461.25	1700.63
461.45	1717.88
461.66	1780.95
461.87	1789.45
462.07	1834.10
462.28	1835.21
462.49	1847.86
462.69	1864.66
462.90	1888.55
463.11	1870.78
463.31	1898.67
463.52	1897.55
463.73	1912.21
463.94	1915.83
464.14	1926.50
464.35	1936.87
464.56	1953.54
464.76	1934.37
464.97	1958.53
465.18	1929.96
465.38	1940.82
465.59	1936.50
465.80	1928.72
466.00	1890.79
466.21	1889.23
466.42	1816.43
466.62	1797.19
466.83	1756.62
467.04	1733.56
467.24	1660.17
467.45	1635.06
467.66	1597.48
467.86	1586.50
468.07	1552.44
468.28	1555.41
468.48	1535.10
468.69	1531.66
468.90	1507.30
469.10	1499.28
469.31	1493.85
469.52	1490.57
469.72	1465.53
469.93	1474.03
470.14	1456.25
470.34	1447.65
470.55	1433.80
470.76	1434.52
470.96	1420.68
471.17	1426.00
471.38	1406.26
471.58	1408.63
471.79	1401.63
472.00	1401.81
472.20	1388.63
472.41	1386.68
472.62	1382.79
472.82	1374.86
473.03	1356.39
473.24	1364.09
473.44	1357.11
473.65	1362.70
473.85	1347.46
474.06	1356.98
474.27	1342.48
474.47	1340.48
474.68	1335.09
474.89	1337.94
475.09	1326.12
475.30	1332.53
475.51	1323.64
475.71	1337.63
475.92	1328.27
476.12	1333.74
476.33	1325.55
476.54	1332.06
476.74	1328.58
476.95	1335.11
477.16	1326.98
477.36	1345.80
477.57	1340.60
477.77	1369.50
477.98	1386.25
478.19	1429.26
478.39	1457.21
478.60	1515.01
478.81	1542.49
479.01	1588.32
479.22	1613.18
479.42	1646.87
479.63	1659.86
479.84	1675.67
480.04	1664.28
480.25	1671.72
480.45	1669.30
480.66	1661.89
480.87	1635.02
481.07	1609.60
481.28	1579.13
481.48	1562.03
481.69	1531.04
481.90	1490.59
482.10	1465.16
482.31	1437.86
482.51	1401.94
482.72	1381.33
482.93	1351.97
483.13	1341.11
483.34	1317.58
483.54	1306.83
483.75	1298.68
483.96	1299.52
484.16	1300.09
484.37	1300.91
484.57	1285.84
484.78	1298.15
484.99	1294.50
485.19	1299.42
485.40	1281.78
485.60	1289.81
485.81	1271.87
486.01	1272.24
486.22	1252.87
486.43	1251.10
486.63	1234.13
486.84	1223.89
487.04	1216.55
487.25	1223.68
487.46	1207.09
487.66	1217.07
487.87	1216.00
488.07	1214.71
488.28	1219.24
488.48	1214.75
488.69	1209.14
488.89	1209.47
489.10	1201.05
489.31	1219.34
489.51	1208.87
489.72	1213.61
489.92	1205.72
490.13	1213.89
490.33	1204.49
490.54	1213.34
490.75	1210.74
490.95	1213.01
491.16	1199.35
491.36	1210.62
491.57	1202.89
491.77	1201.65
491.98	1207.22
492.18	1214.77
492.39	1201.71
492.59	1205.88
492.80	1198.74
493.01	1215.92
493.21	1213.89
493.42	1211.82
493.62	1204.10
493.83	1201.93
494.03	1199.13
494.24	1206.64
494.44	1203.41
494.65	1206.58
494.85	1196.96
495.06	1200.03
495.26	1194.54
495.47	1205.21
495.68	1195.28
495.88	1199.72
496.09	1206.56
496.29	1204.84
496.50	1200.97
496.70	1202.36
496.91	1190.59
497.11	1202.08
497.32	1201.32
497.52	1200.93
497.73	1192.20
497.93	1201.36
498.14	1199.29
498.34	1198.59
498.55	1196.30
498.75	1205.48
498.96	1200.31
499.16	1197.12
499.37	1203.32
499.57	1199.80
499.78	1197.55
499.98	1196.46
500.19	1204.96
500.39	1199.66
500.60	1199.88
500.80	1199.50
501.01	1193.15
501.21	1204.84
501.42	1193.95
501.62	1199.90
501.83	1190.07
502.03	1204.51
502.24	1193.92
502.44	1197.20
502.65	1200.52
502.85	1206.97
503.06	1202.20
503.26	1199.25
503.47	1197.32
503.67	1201.36
503.88	1197.18
504.08	1198.41
504.29	1187.66
504.49	1205.95
504.70	1203.43
504.90	1202.94
505.11	1199.33
505.31	1207.11
505.52	1193.27
505.72	1197.22
505.93	1196.98
506.13	1195.91
506.34	1203.69
506.54	1202.14
506.75	1200.11
506.95	1204.80
507.16	1200.70
507.36	1202.89
507.56	1196.42
507.77	1199.43
507.97	1193.92
508.18	1209.86
508.38	1190.61
508.59	1206.56
508.79	1196.36
509.00	1200.77
509.20	1201.91
509.41	1201.36
509.61	1187.68
509.82	1196.73
510.02	1196.30
510.22	1197.73
510.43	1188.78
510.63	1211.25
510.84	1188.78
511.04	1200.64
511.25	1194.81
511.45	1202.71
511.66	1193.15
511.86	1200.66
512.06	1195.40
512.27	1203.92
512.47	1187.25
512.68	1202.38
512.88	1187.74
513.09	1198.88
513.29	1182.99
513.50	1199.13
513.70	1192.45
513.90	1186.20
514.11	1187.60
514.31	1195.93
514.52	1186.98
514.72	1195.54
514.93	1187.43
515.13	1194.38
515.33	1184.36
515.54	1198.12
515.74	1194.97
515.95	1199.80
516.15	1189.44
516.36	1200.68
516.56	1197.49
516.76	1193.97
516.97	1183.01
517.17	1193.54
517.38	1187.66
517.58	1205.23
517.78	1190.98
517.99	1190.87
518.19	1193.72
518.40	1198.59
518.60	1186.55
518.81	1190.46
519.01	1192.20
519.21	1202.77
519.42	1190.03
519.62	1201.05
519.83	1187.23
520.03	1192.61
520.23	1194.27
520.44	1195.73
520.64	1192.27
520.85	1195.38
521.05	1190.73
521.25	1190.28
521.46	1192.12
521.66	1198.04
521.86	1185.34
522.07	1195.36
522.27	1189.87
522.48	1199.37
522.68	1188.40
522.88	1199.86
523.09	1191.55
523.29	1202.94
523.50	1183.56
523.70	1196.87
523.90	1187.39
524.11	1193.09
524.31	1193.15
524.51	1201.17
524.72	1187.82
524.92	1190.93
525.13	1192.47
525.33	1195.03
525.53	1186.43
525.74	1198.94
525.94	1190.50
526.14	1188.19
526.35	1191.55
526.55	1201.89
526.76	1189.40
526.96	1197.75
527.16	1187.00
527.37	1194.48
527.57	1181.84
527.77	1196.22
527.98	1195.42
528.18	1198.39
528.38	1191.88
528.59	1192.88
528.79	1197.73
528.99	1200.60
529.20	1193.23
529.40	1190.22
529.61	1182.23
529.81	1191.82
530.01	1195.48
530.22	1187.82
530.42	1193.23
530.62	1201.60
530.83	1187.56
531.03	1194.46
531.23	1189.36
531.44	1196.61
531.64	1188.78
531.84	1192.82
532.05	1187.33
532.25	1196.85
532.45	1185.30
532.66	1195.58
532.86	1187.39
533.06	1191.47
533.27	1179.92
533.47	1191.82
533.67	1188.01
533.88	1198.72
534.08	1191.92
534.28	1195.24
534.49	1191.26
534.69	1194.40
534.89	1189.15
535.09	1197.22
535.30	1193.45
535.50	1190.73
535.70	1185.59
535.91	1195.73
536.11	1193.29
536.31	1195.77
536.52	1198.04
536.72	1201.03
536.92	1191.14
537.13	1202.75
537.33	1186.35
537.53	1197.98
537.74	1189.23
537.94	1195.56
538.14	1194.05
538.34	1195.75
538.55	1191.34
538.75	1205.23
538.95	1185.75
539.16	1193.99
539.36	1188.97
539.56	1191.88
539.77	1187.23
539.97	1201.34
540.17	1185.04
540.37	1198.39
540.58	1187.47
540.78	1190.55
540.98	1184.36
541.19	1201.15
541.39	1193.62
541.59	1201.09
541.79	1193.17
542.00	1196.91
542.20	1191.24
542.40	1198.49
542.60	1184.59
542.81	1198.43
543.01	1190.98
543.21	1184.67
543.42	1188.27
543.62	1194.44
543.82	1188.95
544.02	1200.44
544.23	1189.34
544.43	1194.42
544.63	1193.00
544.83	1199.78
545.04	1187.33
545.24	1195.30
545.44	1191.86
545.64	1195.05
545.85	1186.22
546.05	1189.67
546.25	1195.30
546.45	1198.39
546.66	1189.56
546.86	1197.34
547.06	1199.97
547.27	1195.30
547.47	1193.06
547.67	1195.95
547.87	1189.79
548.07	1197.82
548.28	1197.00
548.48	1192.70
548.68	1189.13
548.88	1190.36
549.09	1190.38
549.29	1196.65
549.49	1189.79
549.69	1195.77
549.90	1191.08
550.10	1196.16
550.30	1192.59
550.50	1196.46
550.71	1189.95
550.91	1196.08
551.11	1190.14
551.31	1187.13
551.51	1190.69
551.72	1195.07
551.92	1188.58
552.12	1204.66
552.32	1186.57
552.53	1196.55
552.73	1190.69
552.93	1195.24
553.13	1190.36
553.33	1198.29
553.54	1189.58
553.74	1201.07
553.94	1192.27
554.14	1192.45
554.35	1189.69
554.55	1195.73
554.75	1191.30
554.95	1202.16
555.15	1191.28
555.36	1194.60
555.56	1200.44
555.76	1191.18
555.96	1197.53
556.16	1193.23
556.37	1191.79
556.57	1188.01
556.77	1190.38
556.97	1196.73
557.17	1194.95
557.38	1194.91
557.58	1193.56
557.78	1190.42
557.98	1191.71
558.18	1193.49
558.38	1193.70
558.59	1194.40
558.79	1191.65
558.99	1196.55
559.19	1187.08
559.39	1197.59
559.60	1189.77
559.80	1199.68
560.00	1194.72
560.20	1197.86
560.40	1187.62
560.60	1191.06
560.81	1193.17
561.01	1191.59
561.21	1192.59
561.41	1202.24
561.61	1187.51
561.81	1199.72
562.02	1189.69
562.22	1197.75
562.42	1194.68
562.62	1199.93
562.82	1192.00
563.02	1199.02
563.23	1194.23
563.43	1196.36
563.63	1191.86
563.83	1201.05
564.03	1192.12
564.23	1195.83
564.43	1187.27
564.64	1194.66
564.84	1190.83
565.04	1191.22
565.24	1189.77
565.44	1194.60
565.64	1194.11
565.85	1195.56
566.05	1190.22
566.25	1197.02
566.45	1195.46
566.65	1192.86
566.85	1190.89
567.05	1196.69
567.25	1185.06
567.46	1194.27
567.66	1187.43
567.86	1199.02
568.06	1188.97
568.26	1189.99
568.46	1190.22
568.66	1196.81
568.86	1190.14
569.07	1193.29
569.27	1187.23
569.47	1192.53
569.67	1193.25
569.87	1195.30
570.07	1191.41
570.27	1195.48
570.47	1190.81
570.68	1195.58
570.88	1191.08
571.08	1197.24
571.28	1186.68
571.48	1198.06
571.68	1190.44
571.88	1202.63
572.08	1191.30
572.28	1192.43
572.49	1187.70
572.69	1192.88
572.89	1197.63
573.09	1201.11
573.29	1192.84
573.49	1189.62
573.69	1191.88
573.89	1205.66
574.09	1192.02
574.29	1190.59
574.50	1194.35
574.70	1197.84
574.90	1195.91
575.10	1198.21
575.30	1196.10
575.50	1196.08
575.70	1195.11
575.90	1201.22
576.10	1195.65
576.30	1205.02
576.50	1187.92
576.70	1191.22
576.91	1188.66
577.11	1190.12
577.31	1183.87
577.51	1195.65
577.71	1186.72
577.91	1196.34
578.11	1185.73
578.31	1197.16
578.51	1193.37
578.71	1188.46
578.91	1196.44
579.11	1201.81
579.31	1187.51
579.51	1197.69
579.71	1185.18
579.92	1191.39
580.12	1184.09
580.32	1197.39
580.52	1194.60
580.72	1197.75
580.92	1192.51
581.12	1195.15
581.32	1189.83
581.52	1190.75
581.72	1186.88
581.92	1193.23
582.12	1186.90
582.32	1199.99
582.52	1187.45
582.72	1200.05
582.92	1191.63
583.12	1200.31
583.32	1190.32
583.52	1192.70
583.72	1190.10
583.92	1197.69
584.12	1184.22
584.33	1197.84
584.53	1185.57
584.73	1194.40
584.93	1192.39
585.13	1196.32
585.33	1187.23
585.53	1195.42
585.73	1192.23
585.93	1195.09
586.13	1194.21
586.33	1194.52
586.53	1193.90
586.73	1194.07
586.93	1191.53
587.13	1195.48
587.33	1185.08
587.53	1198.16
587.73	1196.38
587.93	1190.50
588.13	1195.09
588.33	1191.51
588.53	1188.68
588.73	1195.48
588.93	1188.91
589.13	1197.75
589.33	1195.97
589.53	1198.88
589.73	1189.19
589.93	1194.23
590.13	1183.85
590.33	1195.26
590.53	1185.38
590.73	1194.91
590.93	1184.77
591.13	1195.54
591.33	1194.87
591.53	1196.01
591.73	1194.03
591.93	1197.04
592.13	1188.95
592.33	1189.93
592.53	1191.92
592.73	1199.95
592.93	1192.92
593.13	1192.98
593.33	1187.31
593.53	1195.13
593.73	1197.37
593.93	1200.91
594.13	1195.19
594.33	1201.20
594.53	1191.22
594.73	1199.23
594.92	1184.63
595.12	1202.12
595.32	1192.14
595.52	1197.28
595.72	1193.84
595.92	1197.12
596.12	1187.97
596.32	1193.97
596.52	1193.78
596.72	1193.11
596.92	1191.22
597.12	1197.73
597.32	1191.63
597.52	1193.15
597.72	1193.66
597.92	1192.53
598.12	1192.70
598.32	1196.59
598.52	1195.52
598.72	1205.56
598.92	1191.32
599.12	1203.12
599.31	1191.65
599.51	1197.34
599.71	1185.51
599.91	1197.24
600.11	1187.21
600.31	1191.12
600.51	1193.66
600.71	1190.20
600.91	1179.49
601.11	1200.60
601.31	1190.10
601.51	1190.01
601.71	1187.27
601.91	1196.65
602.10	1190.22
602.30	1191.77
602.50	1195.83
602.70	1196.26
602.90	1187.78
603.10	1198.84
603.30	1190.42
603.50	1188.68
603.70	1189.89
603.90	1194.27
604.10	1199.11
604.30	1191.06
604.49	1195.15
604.69	1189.17
604.89	1193.95
605.09	1193.33
605.29	1189.93
605.49	1199.50
605.69	1189.26
605.89	1199.66
606.09	1188.83
606.29	1191.88
606.48	1183.68
606.68	1200.25
606.88	1185.55
607.08	1195.15
607.28	1195.24
607.48	1194.13
607.68	1189.34
607.88	1200.46
608.08	1183.05
608.27	1202.79
608.47	1191.73
608.67	1198.06
608.87	1185.77
609.07	1194.81
609.27	1188.50
609.47	1195.07
609.67	1197.08
609.87	1193.70
610.06	1191.57
610.26	1188.27
610.46	1187.35
610.66	1188.42
610.86	1187.70
611.06	1193.86
611.26	1190.87
611.45	1206.68
611.65	1190.03
611.85	1189.46
612.05	1186.90
612.25	1195.81
612.45	1183.25
612.65	1199.07
612.84	1185.16
613.04	1198.66
613.24	1190.16
613.44	1193.58
613.64	1188.95
613.84	1195.17
614.04	1193.11
614.23	1196.63
614.43	1192.86
614.63	1191.53
614.83	1184.16
615.03	1193.90
615.23	1188.85
615.42	1195.46
615.62	1189.19
615.82	1190.28
616.02	1194.35
616.22	1194.70
616.42	1190.55
616.61	1198.98
616.81	1191.63
617.01	1202.42
617.21	1189.87
617.41	1192.90
617.61	1184.91
617.80	1196.26
618.00	1185.26
618.20	1194.58
618.40	1190.01
618.60	1197.39
618.80	1188.74
618.99	1190.40
619.19	1196.20
619.39	1202.96
619.59	1195.13
619.79	1195.89
619.98	1181.39
620.18	1196.30
620.38	1186.86
620.58	1196.34
620.78	1189.81
620.97	1189.52
621.17	1196.89
621.37	1195.38
621.57	1193.82
621.77	1197.43
621.96	1190.65
622.16	1188.62
622.36	1189.23
622.56	1194.87
622.76	1185.98
622.95	1199.95
623.15	1191.51
623.35	1196.42
623.55	1187.56
623.75	1191.14
623.94	1187.86
624.14	1200.01
624.34	1190.07
624.54	1196.91
624.73	1186.51
624.93	1200.58
625.13	1185.30
625.33	1193.37
625.53	1188.78
625.72	1192.06
625.92	1189.40
626.12	1190.48
626.32	1183.93
626.51	1192.90
626.71	1196.98
626.91	1201.58
627.11	1189.40
627.30	1193.58
627.50	1190.65
627.70	1200.85
627.90	1189.21
628.10	1190.71
628.29	1192.76
628.49	1194.72
628.69	1189.69
628.89	1194.19
629.08	1188.25
629.28	1196.65
629.48	1182.58
629.68	1196.96
629.87	1185.45
630.07	1195.62
630.27	1192.90
630.47	1191.49
630.66	1188.13
630.86	1198.82
631.06	1187.47
631.25	1196.67
631.45	1185.22
631.65	1195.30
631.85	1194.19
632.04	1195.56
632.24	1191.71
632.44	1191.86
632.64	1193.06
632.83	1200.23
633.03	1191.94
633.23	1201.87
633.42	1190.28
633.62	1195.28
633.82	1186.90
634.02	1195.28
634.21	1187.97
634.41	1195.60
634.61	1191.47
634.81	1192.74
635.00	1191.51
635.20	1199.19
635.40	1193.62
635.59	1196.10
635.79	1191.04
635.99	1199.21
636.18	1193.66
636.38	1189.46
636.58	1201.13
636.78	1194.97
636.97	1186.04
637.17	1197.82
637.37	1194.19
637.56	1187.99
637.76	1188.60
637.96	1189.91
638.15	1195.38
638.35	1197.43
638.55	1185.06
638.74	1190.87
638.94	1196.67
639.14	1187.54
639.34	1191.24
639.53	1192.88
639.73	1183.23
639.93	1195.50
640.12	1186.14
640.32	1191.55
640.52	1179.90
640.71	1196.69
640.91	1189.67
641.11	1193.86
641.30	1193.33
641.50	1191.45
641.70	1195.97
641.89	1191.53
642.09	1188.58
642.29	1206.27
642.48	1189.07
642.68	1191.73
642.88	1193.76
643.07	1200.19
643.27	1187.62
643.47	1199.90
643.66	1185.28
643.86	1190.83
644.06	1191.10
644.25	1196.40
644.45	1186.04
644.65	1194.23
644.84	1184.85
645.04	1191.36
645.23	1190.30
645.43	1192.80
645.63	1189.89
645.82	1191.98
646.02	1188.35
646.22	1208.85
646.41	1191.57
646.61	1195.50
646.81	1187.99
647.00	1194.89
647.20	1186.29
647.39	1199.95
647.59	1193.25
647.79	1195.65
647.98	1193.29
648.18	1198.57
648.38	1180.53
648.57	1201.93
648.77	1191.04
648.96	1197.32
649.16	1183.83
649.36	1198.04
649.55	1193.15
649.75	1196.98
649.95	1187.41
650.14	1195.36
650.34	1189.75
650.53	1192.35
650.73	1185.61
650.93	1191.75
651.12	1183.66
651.32	1205.19
651.51	1187.97
651.71	1186.65
651.91	1192.98
652.10	1196.48
652.30	1187.47
652.49	1199.99
652.69	1188.42
652.89	1195.44
653.08	1187.88
653.28	1196.69
653.47	1193.68
653.67	1197.45
653.86	1184.46
654.06	1195.99
654.26	1189.36
654.45	1199.33
654.65	1186.88
654.84	1195.32
655.04	1192.45
655.24	1193.37
655.43	1181.04
655.63	1201.85
655.82	1184.81
656.02	1192.33
656.21	1194.66
656.41	1191.57
656.61	1184.01
656.80	1196.57
657.00	1193.25
657.19	1193.84
657.39	1184.24
657.58	1190.30
657.78	1189.93
657.97	1195.32
658.17	1185.94
658.37	1189.67
658.56	1189.75
658.76	1202.10
658.95	1193.25
659.15	1195.01
659.34	1188.66
659.54	1196.57
659.73	1190.42
659.93	1194.19
660.13	1186.55
660.32	1194.91
660.52	1192.96
660.71	1191.04
660.91	1197.20
661.10	1195.48
661.30	1193.58
661.49	1197.55
661.69	1188.87
661.88	1192.98
662.08	1186.37
662.27	1201.05
662.47	1187.72
662.66	1184.52
662.86	1188.19
663.06	1201.20
663.25	1191.18
663.45	1191.69
663.64	1186.88
663.84	1192.98
664.03	1189.13
664.23	1196.28
664.42	1185.41
664.62	1195.07
664.81	1186.92
665.01	1194.01
665.20	1186.04
665.40	1195.36
665.59	1188.99
665.79	1197.30
665.98	1192.31
666.18	1191.00
666.37	1190.77
666.57	1193.76
666.76	1183.01
666.96	1194.48
667.15	1185.28
667.35	1195.50
667.54	1181.74
667.74	1202.75
667.93	1190.46
668.13	1194.42
668.32	1191.45
668.52	1190.73
668.71	1187.45
668.91	1198.78
669.10	1190.28
669.30	1196.91
669.49	1196.67
669.68	1200.38
669.88	1191.79
670.07	1190.50
670.27	1189.38
670.46	1190.22
670.66	1189.32
670.85	1196.91
671.05	1192.49
671.24	1194.76
671.44	1183.40
671.63	1187.49
671.83	1191.55
672.02	1196.61
672.22	1187.56
672.41	1198.61
672.60	1190.77
672.80	1196.48
672.99	1192.70
673.19	1195.01
673.38	1191.20
673.58	1193.66
673.77	1188.50
673.97	1199.11
674.16	1188.93
674.36	1193.21
674.55	1190.75
674.74	1193.25
674.94	1190.44
675.13	1186.80
675.33	1184.09
675.52	1190.53
675.72	1185.08
675.91	1193.70
676.10	1190.32
676.30	1192.06
676.49	1189.52
676.69	1195.50
676.88	1190.14
677.08	1195.50
677.27	1190.89
677.46	1203.06
677.66	1190.89
677.85	1199.25
678.05	1185.00
678.24	1193.60
678.44	1188.07
678.63	1196.51
678.82	1181.80
679.02	1197.49
679.21	1187.13
679.41	1193.39
679.60	1193.62
679.79	1192.84
679.99	1182.48
680.18	1194.52
680.38	1188.95
680.57	1197.18
680.76	1189.07
680.96	1199.86
681.15	1184.42
681.35	1192.10
681.54	1188.31
681.73	1196.75
681.93	1186.49
682.12	1192.43
682.32	1190.10
682.51	1198.94
682.70	1186.72
682.90	1199.56
683.09	1192.63
683.29	1191.32
683.48	1198.59
683.67	1188.70
683.87	1189.17
684.06	1201.34
684.25	1187.47
684.45	1197.16
684.64	1188.54
684.84	1197.73
685.03	1183.36
685.22	1193.17
685.42	1186.33
685.61	1201.52
685.80	1193.00
686.00	1194.56
686.19	1190.30
686.38	1185.20
686.58	1189.93
686.77	1192.49
686.96	1190.22
687.16	1204.19
687.35	1195.30
687.55	1195.75
687.74	1188.99
687.93	1194.09
688.13	1183.81
688.32	1199.23
688.51	1186.53
688.71	1189.64
688.90	1192.25
689.09	1193.47
689.29	1194.25
689.48	1197.18
689.67	1189.50
689.87	1192.29
690.06	1193.11
690.25	1192.33
690.45	1189.05
690.64	1200.66
690.83	1187.97
691.03	1197.51
691.22	1188.62
691.41	1195.50
691.61	1189.58
691.80	1196.53
691.99	1187.82
692.19	1195.34
692.38	1193.04
692.57	1200.42
692.76	1189.62
692.96	1198.59
693.15	1191.20
693.34	1196.85
693.54	1191.75
693.73	1199.09
693.92	1193.29
694.12	1193.62
694.31	1191.10
694.50	1193.60
694.70	1194.11
694.89	1192.35
695.08	1191.30
695.27	1200.54
695.47	1188.89
695.66	1194.85
695.85	1189.73
696.05	1203.18
696.24	1184.89
696.43	1196.87
696.62	1198.78
696.82	1191.22
697.01	1189.44
697.20	1192.92
697.40	1191.24
697.59	1195.07
697.78	1184.71
697.97	1194.13
698.17	1190.57
698.36	1199.35
698.55	1190.59
698.74	1197.04
698.94	1192.31
699.13	1192.35
699.32	1194.11
699.52	1194.93
699.71	1189.42
699.90	1198.78
700.09	1191.02
700.29	1194.35
700.48	1186.16
700.67	1192.14
700.86	1193.86
701.06	1193.43
701.25	1194.56
701.44	1202.03
701.63	1191.51
701.83	1198.33
702.02	1182.64
702.21	1190.55
702.40	1190.81
702.60	1192.12
702.79	1195.95
702.98	1198.84
703.17	1180.26
703.37	1189.01
703.56	1186.78
703.75	1198.25
703.94	1190.71
704.13	1192.82
704.33	1188.70
704.52	1187.02
704.71	1190.28
704.90	1198.00
705.10	1191.45
705.29	1193.84
705.48	1187.70
705.67	1193.62
705.86	1184.59
706.06	1191.32
706.25	1192.23
706.44	1195.56
706.63	1186.78
706.83	1194.58
707.02	1190.05
707.21	1188.15
707.40	1186.27
707.59	1190.46
707.79	1186.33
707.98	1198.00
708.17	1193.90
708.36	1195.34
708.55	1186.90
708.75	1195.71
708.94	1188.56
709.13	1197.96
709.32	1191.45
709.51	1203.49
709.71	1192.78
709.90	1196.48
710.09	1196.10
710.28	1198.45
710.47	1193.35
710.66	1192.45
710.86	1190.16
711.05	1194.19
711.24	1186.80
711.43	1190.30
711.62	1194.89
711.82	1196.30
712.01	1186.68
712.20	1198.27
712.39	1188.87
712.58	1196.08
712.77	1183.40
712.97	1201.77
713.16	1191.94
713.35	1193.02
713.54	1187.51
713.73	1199.33
713.92	1197.82
714.11	1196.94
714.31	1192.92
714.50	1191.79
714.69	1190.30
714.88	1196.67
715.07	1189.64
715.26	1199.80
715.46	1189.34
715.65	1190.18
715.84	1189.93
716.03	1195.83
716.22	1191.26
716.41	1196.98
716.60	1185.86
716.80	1189.58
716.99	1193.41
717.18	1193.74
717.37	1188.64
717.56	1197.47
717.75	1188.54
717.94	1197.82
718.13	1184.73
718.33	1196.77
718.52	1193.60
718.71	1191.98
718.90	1187.39
719.09	1196.51
719.28	1192.55
719.47	1200.33
719.66	1187.41
719.85	1200.64
720.05	1191.34
720.24	1193.06
720.43	1192.68
720.62	1198.82
720.81	1194.03
721.00	1190.14
721.19	1186.55
721.38	1196.30
721.57	1196.59
721.77	1201.28
721.96	1195.44
722.15	1197.43
722.34	1191.77
722.53	1189.01
722.72	1191.10
722.91	1196.28
723.10	1189.17
723.29	1202.77
723.48	1188.29
723.67	1189.09
723.87	1188.85
724.06	1198.29
724.25	1193.54
724.44	1195.11
724.63	1192.27
724.82	1193.11
725.01	1189.93
725.20	1194.23
725.39	1180.41
725.58	1192.63
725.77	1193.99
725.96	1191.34
726.15	1186.43
726.34	1195.07
726.54	1193.04
726.73	1189.50
726.92	1185.59
727.11	1197.18
727.30	1188.40
727.49	1192.92
727.68	1192.02
727.87	1204.10
728.06	1189.95
728.25	1190.75
728.44	1185.94
728.63	1199.19
728.82	1192.84
729.01	1198.59
729.20	1185.55
729.39	1200.23
729.58	1184.18
729.77	1193.17
729.96	1188.93
730.15	1195.54
730.34	1184.30
730.53	1200.89
730.73	1193.17
730.92	1191.90
731.11	1188.31
731.30	1191.10
731.49	1189.23
731.68	1193.82
731.87	1193.78
732.06	1188.42
732.25	1192.82
732.44	1196.96
732.63	1190.73
732.82	1194.74
733.01	1190.73
733.20	1198.64
733.39	1180.16
733.58	1192.84
733.77	1198.94
733.96	1192.14
734.15	1184.71
734.34	1190.34
734.53	1196.98
734.72	1193.74
734.91	1186.12
735.10	1196.91
735.29	1190.73
735.48	1196.91
735.67	1186.98
735.86	1195.15
736.05	1189.21
736.24	1199.66
736.43	1188.50
736.62	1195.03
736.81	1189.30
737.00	1203.14
737.19	1192.06
737.38	1199.93
737.57	1185.65
737.76	1192.84
737.95	1188.35
738.14	1196.55
738.33	1181.37
738.51	1204.33
738.70	1189.19
738.89	1195.87
739.08	1189.13
739.27	1189.73
739.46	1193.70
739.65	1197.82
739.84	1190.96
740.03	1192.82
740.22	1189.69
740.41	1193.41
740.60	1189.93
740.79	1197.14
740.98	1189.05
741.17	1196.44
741.36	1191.90
741.55	1191.96
741.74	1190.24
741.93	1191.30
742.12	1190.91
742.31	1199.66
742.50	1188.13
742.68	1197.92
742.87	1183.77
743.06	1191.92
743.25	1190.42
743.44	1197.55
743.63	1188.50
743.82	1194.05
744.01	1193.35
744.20	1194.27
744.39	1192.16
744.58	1200.11
744.77	1188.40
744.96	1195.71
745.14	1194.64
745.33	1195.91
745.52	1186.22
745.71	1195.77
745.90	1187.13
746.09	1200.74
746.28	1190.75
746.47	1196.63
746.66	1182.80
746.85	1192.66
747.04	1196.42
747.22	1193.88
747.41	1187.06
747.60	1193.99
747.79	1192.04
747.98	1195.95
748.17	1191.84
748.36	1201.34
748.55	1189.11
748.74	1196.67
748.93	1185.98
749.11	1197.65
749.30	1190.26
749.49	1194.91
749.68	1192.00
749.87	1188.05
750.06	1189.87
750.25	1188.70
750.44	1188.54
750.62	1199.78
750.81	1180.22
751.00	1195.97
751.19	1193.39
751.38	1195.19
751.57	1192.31
751.76	1198.74
751.95	1181.90
752.13	1196.26
752.32	1191.65
752.51	1194.72
752.70	1185.16
752.89	1195.19
753.08	1192.02
753.27	1193.06
753.45	1193.54
753.64	1189.46
753.83	1188.35
754.02	1193.25
754.21	1190.05
754.40	1193.76
754.58	1186.16
754.77	1190.85
754.96	1190.18
755.15	1188.17
755.34	1192.04
755.53	1194.09
755.71	1190.50
755.90	1199.60
756.09	1188.80
756.28	1191.49
756.47	1188.19
756.66	1193.90
756.84	1188.78
757.03	1193.15
757.22	1187.68
757.41	1193.35
757.60	1187.94
757.79	1194.50
757.97	1191.75
758.16	1194.07
758.35	1185.16
758.54	1198.72
758.73	1175.68
758.91	1193.21
759.10	1189.19
759.29	1195.11
759.48	1190.46
759.67	1198.12
759.85	1190.16
760.04	1191.94
760.23	1187.29
760.42	1191.41
760.61	1192.80
760.79	1189.73
760.98	1191.16
761.17	1193.90
761.36	1187.88
761.55	1193.09
761.73	1182.62
761.92	1195.48
762.11	1184.22
762.30	1200.29
762.49	1179.32
762.67	1196.08
762.86	1191.67
763.05	1193.54
763.24	1184.14
763.42	1194.38
763.61	1193.97
763.80	1193.37
763.99	1187.92
764.17	1190.36
764.36	1193.45
764.55	1191.16
764.74	1187.72
764.92	1192.14
765.11	1185.69
765.30	1194.85
765.49	1187.41
765.68	1198.47
765.86	1195.09
766.05	1189.36
766.24	1188.85
766.43	1195.99
766.61	1186.72
766.80	1198.06
766.99	1190.36
767.17	1190.59
767.36	1189.13
767.55	1194.66
767.74	1183.11
767.92	1194.38
768.11	1195.42
768.30	1194.13
768.49	1195.97
768.67	1197.98
768.86	1193.62
769.05	1185.04
769.24	1185.88
769.42	1194.46
769.61	1187.41
769.80	1189.97
769.98	1191.73
770.17	1195.24
770.36	1193.04
770.55	1200.38
770.73	1185.02
770.92	1198.35
771.11	1192.90
771.29	1189.42
771.48	1183.44
771.67	1186.14
771.86	1189.62
772.04	1195.05
772.23	1188.70
772.42	1195.48
772.60	1187.49
772.79	1190.38
772.98	1189.62
773.16	1193.56
773.35	1188.29
773.54	1194.07
773.72	1189.46
773.91	1195.40
774.10	1190.65
774.29	1194.66
774.47	1192.98
774.66	1196.48
774.85	1189.52
775.03	1193.25
775.22	1183.50
775.41	1192.94
775.59	1194.66
775.78	1199.76
775.97	1186.51
776.15	1193.27
776.34	1185.59
776.53	1194.48
776.71	1197.30
776.90	1191.53
777.09	1193.95
777.27	1204.53
777.46	1190.24
777.65	1196.24
777.83	1183.32
778.02	1196.12
778.21	1193.76
778.39	1199.13
778.58	1186.02
778.76	1197.06
778.95	1184.42
779.14	1193.60
779.32	1191.41
779.51	1195.50
779.70	1187.25
779.88	1196.36
780.07	1191.02
780.26	1191.69
780.44	1188.19
780.63	1194.87
780.81	1188.37
781.00	1196.36
781.19	1190.44
781.37	1192.16
781.56	1193.60
781.75	1201.67
781.93	1193.25
782.12	1193.17
782.30	1183.85
782.49	1194.66
782.68	1187.72
782.86	1194.87
783.05	1194.91
783.23	1193.39
783.42	1191.26
783.61	1200.44
783.79	1186.59
783.98	1201.63
784.16	1189.67
784.35	1188.91
784.54	1185.77
784.72	1198.84
784.91	1188.99
785.09	1193.31
785.28	1184.22
785.47	1195.71
785.65	1189.17
785.84	1195.97
786.02	1187.86
786.21	1192.70
786.40	1190.81
786.58	1194.62
786.77	1189.75
786.95	1190.71
787.14	1189.13
787.32	1198.68
787.51	1193.39
787.70	1196.91
787.88	1192.29
788.07	1199.80
788.25	1184.75
788.44	1197.04
788.62	1194.85
788.81	1189.21
789.00	1185.88
789.18	1195.54
789.37	1180.69
789.55	1192.55
789.74	1191.59
789.92	1193.04
790.11	1184.16
790.29	1187.58
790.48	1188.37
790.67	1192.25
790.85	1194.38
791.04	1196.53
791.22	1185.61
791.41	1191.75
791.59	1190.57
791.78	1192.20
791.96	1193.82
792.15	1192.53
792.33	1182.42
792.52	1193.76
792.70	1190.03
792.89	1193.90
793.07	1185.43
793.26	1195.69
793.45	1192.92
793.63	1193.29
793.82	1196.14
794.00	1195.81
794.19	1192.86
794.37	1198.90
794.56	1185.81
794.74	1188.44
794.93	1188.23
795.11	1189.26
795.30	1198.68
795.48	1194.46
795.67	1200.64
795.85	1195.32
796.04	1188.83
796.22	1202.65
796.41	1188.99
796.59	1192.47
796.78	1186.41
796.96	1193.39
797.15	1198.98
797.33	1190.89
797.52	1189.38
797.70	1197.75
797.89	1188.97
798.07	1197.08
798.26	1179.47
798.44	1193.88
798.63	1190.22
798.81	1192.10
798.99	1189.50
799.18	1194.11
799.36	1185.12
799.55	1188.99
799.73	1195.22
799.92	1201.71
800.10	1184.93
800.29	1191.69
800.47	1189.85
800.66	1191.63
800.84	1188.23
801.03	1195.67
801.21	1190.05
801.39	1191.88
801.58	1189.32
801.76	1199.37
801.95	1184.55
802.13	1197.24
802.32	1182.74
802.50	1200.58
802.69	1191.92
802.87	1191.88
803.06	1186.12
803.24	1191.02
803.42	1187.82
803.61	1196.30
803.79	1188.21
803.98	1195.89
804.16	1196.71
804.35	1193.54
804.53	1194.58
804.71	1200.38
804.90	1189.58
805.08	1188.76
805.27	1187.45
805.45	1191.10
805.63	1186.12
805.82	1187.56
806.00	1187.08
806.19	1195.62
806.37	1190.46
806.56	1199.68
806.74	1184.93
806.92	1191.43
807.11	1186.35
807.29	1193.39
807.48	1184.50
807.66	1186.29
807.84	1192.23
808.03	1204.88
808.21	1187.72
808.40	1195.01
808.58	1190.12
808.76	1201.01
808.95	1181.64
809.13	1192.12
809.32	1186.82
809.50	1198.08
809.68	1190.24
809.87	1202.14
810.05	1185.75
810.23	1195.60
810.42	1197.80
810.60	1192.20
810.79	1186.14
810.97	1195.62
811.15	1192.04
811.34	1193.74
811.52	1187.54
811.70	1191.82
811.89	1194.19
812.07	1194.89
812.25	1180.67
812.44	1199.23
812.62	1190.14
812.81	1197.55
812.99	1191.84
813.17	1188.23
813.36	1187.27
813.54	1194.27
813.72	1191.20
813.91	1190.40
814.09	1189.13
814.27	1188.66
814.46	1182.01
814.64	1197.43
814.82	1187.02
815.01	1194.35
815.19	1185.96
815.37	1196.32
815.56	1191.67
815.74	1190.71
815.92	1188.35
816.11	1196.55
816.29	1189.23
816.47	1191.12
816.66	1192.35
816.84	1193.47
817.02	1185.45
817.21	1193.78
817.39	1190.40
817.57	1195.46
817.76	1185.71
817.94	1188.80
818.12	1190.69
818.30	1199.70
818.49	1188.21
818.67	1200.68
818.85	1186.72
819.04	1192.90
819.22	1195.65
819.40	1195.73
819.59	1182.33
819.77	1203.35
819.95	1189.03
820.13	1193.33
820.32	1188.25
820.50	1197.41
820.68	1192.35
820.87	1195.26
821.05	1191.92
821.23	1188.68
821.41	1186.08
821.60	1191.98
821.78	1191.94
821.96	1188.89
822.14	1184.26
822.33	1195.34
822.51	1194.48
822.69	1189.01
822.88	1192.84
823.06	1192.27
823.24	1182.76
823.42	1192.49
823.61	1193.99
823.79	1202.49
823.97	1182.54
824.15	1191.49
824.34	1192.86
824.52	1195.38
824.70	1188.05
824.88	1196.36
825.07	1190.81
825.25	1199.68
825.43	1187.39
825.61	1189.42
825.80	1192.37
825.98	1196.46
826.16	1186.55
826.34	1192.29
826.53	1187.74
826.71	1191.77
826.89	1194.05
827.07	1195.40
827.25	1184.32
827.44	1191.55
827.62	1184.55
827.80	1195.03
827.98	1189.87
828.17	1192.88
828.35	1186.92
828.53	1196.89
828.71	1189.03
828.89	1191.22
829.08	1189.46
829.26	1193.06
829.44	1188.60
829.62	1199.97
829.80	1195.13
829.99	1191.67
830.17	1197.73
830.35	1199.02
830.53	1183.46
830.71	1197.51
830.90	1188.29
831.08	1198.98
831.26	1182.70
831.44	1198.25
831.62	1191.14
831.81	1198.72
831.99	1197.30
832.17	1191.57
832.35	1192.82
832.53	1196.73
832.71	1184.01
832.90	1198.68
833.08	1181.96
833.26	1193.47
833.44	1179.57
833.62	1195.62
833.81	1191.88
833.99	1192.16
834.17	1189.28
834.35	1199.86
834.53	1189.38
834.71	1192.08
834.89	1192.25
835.08	1193.58
835.26	1189.44
835.44	1202.49
835.62	1194.74
835.80	1191.49
835.98	1195.79
836.17	1201.99
836.35	1193.00
836.53	1197.45
836.71	1185.61
836.89	1198.16
837.07	1186.72
837.25	1196.51
837.44	1188.37
837.62	1193.82
837.80	1186.10
837.98	1195.85
838.16	1194.54
838.34	1195.32
838.52	1185.04
838.70	1192.57
838.89	1189.15
839.07	1194.35
839.25	1191.20
839.43	1191.06
839.61	1190.57
839.79	1194.13
839.97	1198.06
840.15	1197.53
840.33	1191.43
840.52	1196.98
840.70	1188.48
840.88	1196.36
841.06	1185.88
841.24	1193.80
841.42	1191.30
841.60	1192.61
841.78	1189.46
841.96	1189.95
842.14	1191.41
842.33	1196.30
842.51	1188.21
842.69	1195.01
842.87	1187.99
843.05	1196.57
843.23	1182.25
843.41	1189.85
843.59	1186.92
843.77	1196.42
843.95	1194.23
844.13	1190.32
844.31	1195.71
844.49	1194.64
844.68	1190.38
844.86	1189.54
845.04	1189.46
845.22	1190.16
845.40	1190.75
845.58	1197.24
845.76	1181.58
845.94	1195.50
846.12	1184.63
846.30	1188.21
846.48	1187.97
846.66	1197.32
846.84	1191.12
847.02	1191.34
847.20	1190.81
847.38	1186.94
847.56	1186.12
847.74	1198.43
847.92	1186.31
848.11	1183.91
848.29	1185.16
848.47	1192.57
848.65	1187.74
848.83	1198.98
849.01	1185.96
849.19	1194.89
849.37	1189.81
849.55	1193.37
849.73	1188.33
849.91	1198.27
850.09	1189.17
850.27	1197.28
850.45	1196.46
850.63	1189.15
850.81	1187.13
850.99	1201.17
851.17	1188.23
851.35	1188.68
851.53	1188.50
851.71	1195.65
851.89	1192.59
852.07	1190.20
852.25	1190.98
852.43	1197.69
852.61	1190.10
852.79	1194.60
852.97	1191.06
853.15	1192.25
853.33	1184.77
853.51	1196.28
853.69	1186.68
853.87	1194.62
854.05	1191.34
854.23	1195.48
854.41	1198.37
854.59	1196.36
854.77	1186.49
854.95	1195.89
855.13	1186.31
855.31	1197.08
855.49	1187.33
855.67	1191.65
855.84	1186.27
856.02	1190.30
856.20	1193.76
856.38	1189.87
856.56	1188.44
856.74	1197.51
856.92	1192.04
857.10	1188.46
857.28	1189.67
857.46	1196.59
857.64	1190.26
857.82	1190.59
858.00	1188.33
858.18	1198.12
858.36	1187.56
858.54	1195.30
858.72	1179.65
858.90	1193.99
859.08	1194.97
859.25	1192.63
859.43	1187.80
859.61	1201.79
859.79	1186.00
859.97	1198.88
860.15	1182.19
860.33	1197.20
860.51	1187.51
860.69	1195.46
860.87	1187.41
861.05	1198.86
861.23	1188.68
861.41	1194.87
861.58	1185.51
861.76	1202.32
861.94	1193.95
862.12	1193.49
862.30	1189.62
862.48	1187.41
862.66	1187.11
862.84	1188.52
863.02	1187.31
863.20	1195.69
863.37	1185.26
863.55	1197.51
863.73	1188.60
863.91	1194.93
864.09	1195.95
864.27	1191.61
864.45	1197.12
864.63	1192.29
864.80	1189.26
864.98	1199.58
865.16	1182.97
865.34	1195.99
865.52	1192.70
865.70	1189.48
865.88	1186.61
866.06	1198.12
866.23	1186.41
866.41	1193.86
866.59	1183.79
866.77	1191.73
866.95	1196.67
867.13	1191.30
867.31	1189.85
867.48	1194.11
867.66	1198.57
867.84	1192.76
868.02	1200.70
868.20	1189.44
868.38	1185.55
868.56	1199.27
868.73	1196.73
868.91	1187.72
869.09	1189.58
869.27	1188.48
869.45	1187.29
869.63	1193.78
869.80	1187.35
869.98	1194.99
870.16	1190.50
870.34	1196.85
870.52	1191.94
870.70	1194.31
870.87	1197.94
871.05	1187.49
871.23	1188.64
871.41	1200.29
871.59	1190.63
871.76	1199.27
871.94	1192.66
872.12	1200.85
872.30	1188.44
872.48	1196.30
872.65	1190.32
872.83	1195.26
873.01	1181.45
873.19	1193.00
873.37	1185.92
873.54	1190.01
873.72	1184.50
873.90	1192.57
874.08	1187.86
874.26	1195.48
874.43	1193.78
874.61	1184.40
874.79	1192.08
874.97	1191.63
875.15	1198.78
875.32	1193.88
875.50	1188.05
875.68	1191.47
875.86	1192.68
876.03	1193.76
876.21	1191.77
876.39	1197.32
876.57	1195.44
876.74	1201.26
876.92	1187.45
877.10	1188.25
877.28	1181.56
877.45	1195.30
877.63	1180.94
877.81	1195.75
877.99	1189.21
878.17	1193.76
878.34	1186.88
878.52	1190.34
878.70	1185.04
878.87	1202.24
879.05	1189.71
879.23	1193.43
879.41	1188.15
879.58	1195.95
879.76	1185.90
879.94	1191.55
880.12	1190.71
880.29	1196.18
880.47	1183.93
880.65	1194.93
880.83	1186.29
881.00	1194.70
881.18	1189.85
881.36	1187.08
881.53	1186.29
881.71	1189.42
881.89	1188.85
882.07	1198.90
882.24	1184.22
882.42	1190.71
882.60	1193.62
882.77	1194.07
882.95	1184.03
883.13	1195.40
883.30	1184.77
883.48	1193.43
883.66	1191.88
883.84	1191.06
884.01	1187.86
884.19	1189.83
884.37	1182.99
884.54	1193.06
884.72	1184.55
884.90	1193.00
885.07	1184.83
885.25	1194.48
885.43	1182.48
885.60	1198.90
885.78	1187.51
885.96	1196.26
886.13	1188.13
886.31	1189.48
886.49	1191.73
886.66	1190.71
886.84	1194.29
887.02	1194.64
887.19	1191.67
887.37	1195.07
887.55	1190.01
887.72	1197.94
887.90	1189.95
888.08	1193.92
888.25	1189.13
888.43	1195.26
888.61	1187.37
888.78	1195.24
888.96	1188.70
889.14	1192.47
889.31	1185.67
889.49	1190.87
889.67	1188.40
889.84	1195.26
890.02	1186.06
890.19	1195.60
890.37	1192.27
890.55	1197.90
890.72	1192.84
890.90	1185.84
891.08	1184.26
891.25	1196.59
891.43	1187.60
891.60	1195.32
891.78	1192.31
891.96	1188.52
892.13	1196.34
892.31	1190.71
892.48	1188.62
892.66	1203.04
892.84	1185.69
893.01	1194.68
893.19	1187.64
893.36	1196.03
893.54	1191.16
893.72	1193.13
893.89	1189.56
894.07	1193.09
894.24	1182.27
894.42	1202.73
894.60	1189.48
894.77	1195.79
894.95	1190.20
895.12	1193.86
895.30	1190.03
895.48	1195.85
895.65	1184.81
895.83	1199.72
896.00	1185.16
896.18	1198.59
896.35	1182.82
896.53	1197.55
896.71	1183.68
896.88	1196.67
897.06	1191.45
897.23	1195.36
897.41	1184.44
897.58	1193.41
897.76	1190.40
897.93	1198.33
898.11	1189.67
898.29	1193.19
898.46	1195.46
898.64	1207.69
898.81	1189.52
898.99	1192.27
899.16	1194.89
899.34	1196.12
899.51	1190.26
899.69	1196.51
899.86	1186.86
900.04	1185.38
900.21	1190.03
900.39	1195.71
900.57	1187.15
900.74	1197.49
900.92	1183.71
901.09	1197.84
901.27	1191.20
901.44	1193.41
901.62	1184.34
901.79	1197.22
901.97	1186.10
902.14	1197.78
902.32	1187.90
902.49	1186.00
902.67	1193.76
902.84	1203.22
903.02	1189.60
903.19	1193.37
903.37	1186.14
903.54	1197.10
903.72	1188.37
903.89	1193.90
904.07	1188.33
904.24	1199.90
904.42	1187.54
904.59	1195.32
904.77	1192.82
904.94	1197.82
905.12	1191.36
905.29	1200.42
905.47	1188.19
905.64	1191.14
905.82	1190.12
905.99	1192.94
906.16	1187.21
906.34	1198.41
906.51	1182.97
906.69	1192.70
906.86	1183.71
907.04	1187.43
907.21	1191.53
907.39	1192.51
907.56	1188.91
907.74	1194.66
907.91	1192.49
908.09	1195.81
908.26	1193.70
908.43	1192.31
908.61	1185.75
908.78	1193.17
908.96	1187.92
909.13	1195.44
909.31	1186.10
909.48	1199.31
909.65	1191.20
909.83	1191.82
910.00	1196.63
910.18	1192.20
910.35	1191.92
910.53	1198.02
910.70	1194.72
910.87	1206.91
911.05	1189.79
911.22	1196.98
911.40	1191.55
911.57	1198.00
911.75	1198.84
911.92	1193.41
912.09	1184.07
912.27	1201.24
912.44	1187.21
912.62	1194.15
912.79	1188.17
912.96	1189.87
913.14	1189.44
913.31	1201.20
913.49	1187.99
913.66	1191.20
913.83	1189.01
914.01	1192.92
914.18	1194.74
914.36	1191.88
914.53	1195.42
914.70	1199.88
914.88	1193.25
915.05	1191.53
915.22	1186.49
915.40	1198.88
915.57	1191.14
915.75	1191.16
915.92	1188.85
916.09	1198.68
916.27	1194.38
916.44	1197.26
916.61	1192.00
916.79	1196.98
916.96	1187.51
917.13	1193.78
917.31	1187.00
917.48	1191.39
917.66	1186.37
917.83	1197.00
918.00	1184.46
918.18	1197.34
918.35	1197.30
918.52	1198.23
918.70	1186.98
918.87	1197.90
919.04	1186.55
919.22	1194.91
919.39	1182.44
919.56	1193.72
919.74	1195.87
919.91	1198.70
920.08	1185.57
920.26	1193.43
920.43	1189.13
920.60	1194.78
920.78	1194.78
920.95	1199.47
921.12	1183.03
921.29	1197.53
921.47	1189.34
921.64	1190.16
921.81	1188.78
921.99	1194.33
922.16	1191.61
922.33	1196.20
922.51	1190.57
922.68	1197.67
922.85	1190.44
923.03	1190.75
923.20	1189.13
923.37	1197.71
923.54	1192.41
923.72	1193.86
923.89	1192.66
924.06	1195.67
924.24	1186.43
924.41	1195.95
924.58	1197.14
924.75	1195.85
924.93	1191.65
925.10	1194.17
925.27	1188.52
925.44	1198.59
925.62	1193.60
925.79	1190.05
925.96	1188.40
926.14	1200.70
926.31	1189.73
926.48	1195.67
926.65	1195.15
926.83	1197.88
927.00	1192.33
927.17	1192.37
927.34	1191.20
927.52	1196.48
927.69	1185.00
927.86	1191.45
928.03	1194.03
928.21	1189.67
928.38	1187.43
928.55	1192.94
928.72	1189.42
928.89	1201.07
929.07	1185.12
929.24	1196.59
929.41	1188.03
929.58	1189.60
929.76	1187.74
929.93	1197.34
930.10	1184.24
930.27	1202.89
930.44	1191.22
930.62	1192.45
930.79	1185.14
930.96	1194.27
931.13	1187.88
931.31	1186.29
931.48	1191.10
931.65	1196.63
931.82	1192.92
931.99	1192.18
932.17	1194.93
932.34	1193.70
932.51	1186.35
932.68	1197.28
932.85	1188.50
933.03	1196.32
933.20	1186.47
933.37	1195.67
933.54	1181.00
933.71	1193.95
933.88	1186.98
934.06	1188.78
934.23	1190.16
934.40	1194.99
934.57	1189.44
934.74	1199.15
934.91	1192.96
935.09	1197.04
935.26	1190.24
935.43	1197.16
935.60	1183.83
935.77	1194.70
935.94	1190.34
936.12	1197.22
936.29	1190.12
936.46	1191.69
936.63	1184.48
936.80	1195.58
936.97	1190.34
937.14	1188.58
937.32	1180.69
937.49	1198.00
937.66	1186.39
937.83	1199.13
938.00	1193.06
938.17	1199.82
938.34	1186.24
938.52	1194.29
938.69	1188.62
938.86	1198.43
939.03	1192.23
939.20	1196.71
939.37	1192.76
939.54	1190.77
939.71	1190.59
939.89	1198.43
940.06	1192.49
940.23	1189.40
940.40	1191.00
940.57	1195.28
940.74	1191.10
940.91	1191.55
941.08	1191.36
941.25	1198.82
941.43	1188.15
941.60	1194.52
941.77	1193.72
941.94	1194.40
942.11	1186.49
942.28	1198.41
942.45	1190.77
942.62	1194.62
942.79	1184.09
942.96	1188.62
943.13	1187.88
943.30	1190.03
943.48	1187.90
943.65	1191.08
943.82	1188.89
943.99	1198.72
944.16	1188.72
944.33	1202.53
944.50	1193.35
944.67	1189.17
944.84	1186.51
945.01	1193.80
945.18	1183.91
945.35	1194.93
945.52	1189.56
945.69	1198.98
945.86	1192.25
946.03	1192.20
946.21	1187.51
946.38	1190.14
946.55	1198.27
946.72	1198.66
946.89	1186.02
947.06	1195.30
947.23	1192.55
947.40	1187.60
947.57	1188.37
947.74	1201.05
947.91	1190.34
948.08	1196.96
948.25	1184.09
948.42	1186.33
948.59	1188.97
948.76	1194.89
948.93	1193.13
949.10	1195.75
949.27	1186.31
949.44	1195.65
949.61	1187.54
949.78	1193.54
949.95	1188.80
950.12	1193.92
950.29	1190.42
950.46	1198.43
950.63	1188.80
950.80	1198.68
950.97	1195.56
951.14	1191.98
951.31	1185.81
951.48	1197.84
951.65	1188.60
951.82	1193.86
951.99	1186.31
952.16	1198.49
952.33	1188.19
952.50	1199.99
952.67	1188.64
952.84	1199.80
953.01	1188.60
953.18	1193.33
953.35	1194.19
953.52	1199.70
953.69	1187.35
953.86	1203.12
954.03	1186.76
954.20	1198.98
954.37	1191.98
954.54	1192.31
954.70	1192.20
954.87	1195.71
955.04	1186.45
955.21	1199.80
955.38	1188.99
955.55	1197.37
955.72	1185.75
955.89	1194.07
956.06	1194.40
956.23	1198.90
956.40	1184.91
956.57	1191.88
956.74	1195.81
956.91	1195.69
957.08	1191.04
957.25	1197.34
957.41	1182.56
957.58	1186.31
957.75	1188.11
957.92	1195.11
958.09	1189.23
958.26	1191.82
958.43	1188.46
958.60	1199.21
958.77	1193.09
958.94	1194.11
959.11	1192.37
959.27	1196.83
959.44	1193.45
959.61	1202.49
959.78	1187.68
959.95	1197.34
960.12	1186.35
960.29	1197.39
960.46	1185.67
960.63	1203.35
960.80	1193.72
960.96	1196.51
961.13	1193.15
961.30	1193.72
961.47	1186.20
961.64	1187.66
961.81	1184.85
961.98	1203.45
962.15	1187.17
962.31	1205.68
962.48	1187.00
962.65	1199.62
962.82	1189.81
962.99	1200.01
963.16	1187.17
963.33	1197.04
963.49	1189.81
963.66	1200.42
963.83	1191.30
964.00	1200.48
964.17	1182.80
964.34	1200.01
964.51	1192.04
964.67	1197.18
964.84	1187.84
965.01	1211.35
965.18	1182.29
965.35	1194.81
965.52	1189.48
965.68	1190.20
965.85	1187.13
966.02	1195.52
966.19	1192.59
966.36	1200.81
966.52	1190.65
966.69	1196.03
966.86	1187.00
967.03	1198.37
967.20	1189.21
967.37	1196.28
967.53	1187.29
967.70	1196.05
967.87	1180.86
968.04	1193.54
968.21	1185.38
968.37	1194.83
968.54	1196.10
968.71	1192.35
968.88	1189.21
969.05	1195.54
969.21	1189.52
969.38	1188.46
969.55	1186.41
969.72	1199.07
969.89	1187.00
970.05	1192.53
970.22	1188.70
970.39	1185.28
970.56	1189.38
970.72	1196.91
970.89	1192.10
971.06	1197.94
971.23	1195.95
971.39	1196.91
971.56	1193.35
971.73	1198.47
971.90	1188.15
972.07	1196.05
972.23	1188.17
972.40	1198.39
972.57	1189.09
972.74	1202.38
972.90	1186.96
973.07	1192.31
973.24	1180.80
973.40	1202.49
973.57	1190.26
973.74	1190.46
973.91	1196.51
974.07	1199.00
974.24	1182.15
974.41	1199.52
974.58	1193.15
974.74	1201.05
974.91	1185.18
975.08	1200.31
975.25	1191.41
975.41	1195.44
975.58	1182.70
975.75	1192.78
975.91	1186.27
976.08	1198.12
976.25	1186.57
976.42	1194.74
976.58	1185.67
976.75	1193.70
976.92	1190.32
977.08	1193.04
977.25	1185.67
977.42	1197.41
977.58	1189.17
977.75	1196.59
977.92	1187.80
978.08	1189.56
978.25	1187.66
978.42	1193.54
978.59	1191.32
978.75	1195.93
978.92	1190.26
979.09	1186.31
979.25	1188.44
979.42	1194.56
979.59	1189.13
979.75	1190.67
979.92	1192.43
980.09	1196.46
980.25	1183.97
980.42	1194.78
980.59	1184.28
980.75	1192.61
980.92	1195.28
981.09	1198.21
981.25	1184.89
981.42	1197.22
981.59	1190.01
981.75	1188.11
981.92	1183.97
982.08	1196.28
982.25	1184.57
982.42	1191.77
982.58	1185.98
982.75	1200.42
982.92	1189.38
983.08	1189.62
983.25	1192.23
983.42	1191.90
983.58	1191.22
983.75	1192.43
983.91	1195.03
984.08	1195.95
984.25	1192.47
984.41	1194.52
984.58	1185.94
984.74	1192.29
984.91	1188.21
985.08	1200.42
985.24	1188.33
985.41	1198.94
985.57	1189.30
985.74	1186.84
985.91	1185.88
986.07	1196.65
986.24	1185.90
986.40	1198.59
986.57	1189.93
986.74	1186.47
986.90	1195.30
987.07	1194.56
987.23	1185.59
987.40	1197.14
987.57	1195.52
987.73	1194.72
987.90	1184.44
988.06	1192.76
988.23	1188.95
988.39	1196.01
988.56	1188.48
988.73	1196.12
988.89	1190.18
989.06	1196.30
989.22	1187.21
989.39	1192.86
989.55	1190.71
989.72	1191.02
989.88	1185.12
990.05	1202.85
990.22	1187.47
990.38	1186.49
990.55	1187.92
990.71	1193.47
990.88	1193.23
991.04	1198.90
991.21	1184.91
991.37	1189.58
991.54	1193.41
991.70	1193.62
991.87	1189.46
992.03	1193.90
992.20	1188.46
992.36	1196.53
992.53	1189.01
992.69	1194.85
992.86	1188.37
993.03	1195.87
993.19	1197.49
993.36	1198.51
993.52	1194.29
993.69	1197.43
993.85	1191.02
994.02	1194.19
994.18	1191.57
994.35	1188.44
994.51	1196.57
994.68	1192.02
994.84	1189.38
995.01	1197.51
995.17	1191.69
995.34	1195.79
995.50	1191.67
995.66	1197.08
995.83	1183.52
995.99	1195.48
996.16	1190.69
996.32	1195.15
996.49	1182.21
996.65	1193.15
996.82	1190.42
996.98	1196.32
997.15	1183.32
997.31	1197.24
997.48	1183.62
997.64	1200.48
997.81	1185.49
997.97	1189.85
998.13	1192.14
998.30	1191.24
998.46	1194.05
998.63	1190.59
998.79	1191.63
998.96	1195.11
999.12	1184.32
999.29	1192.90
999.45	1186.14
999.61	1196.57
999.78	1189.46
999.94	1190.67
1000.11	1187.90
1000.27	1194.31
1000.44	1186.45
1000.60	1191.53
1000.76	1186.08
1000.93	1201.11
1001.09	1186.39
1001.26	1199.07
1001.42	1188.25
1001.59	1201.03
1001.75	1190.32
1001.91	1194.52
1002.08	1189.30
1002.24	1197.34
1002.41	1192.23
1002.57	1198.51
1002.73	1195.11
1002.90	1189.40
1003.06	1188.72
1003.23	1196.77
1003.39	1191.34
1003.55	1201.50
1003.72	1190.89
1003.88	1196.91
1004.04	1185.38
1004.21	1199.39
1004.37	1191.61
1004.54	1193.31
1004.70	1189.23
1004.86	1195.28
1005.03	1186.72
1005.19	1197.28
1005.35	1195.60
1005.52	1192.04
1005.68	1193.41
1005.85	1200.40
1006.01	1190.79
1006.17	1198.82
1006.34	1187.23
1006.50	1193.76
1006.66	1179.38
1006.83	1190.36
1006.99	1184.98
1007.15	1196.03
1007.32	1194.78
1007.48	1198.39
1007.64	1189.07
1007.81	1198.08
1007.97	1190.12
1008.13	1195.50
1008.30	1193.09
1008.46	1197.45
1008.62	1188.42
1008.79	1194.89
1008.95	1188.54
1009.11	1202.30
1009.28	1189.30
1009.44	1191.34
1009.60	1186.98
1009.77	1202.55
1009.93	1188.87
1010.09	1195.22
1010.25	1191.84
1010.42	1192.80
1010.58	1190.26
1010.74	1190.69
1010.91	1191.88
1011.07	1192.68
1011.23	1194.01
1011.40	1193.52
1011.56	1190.34
1011.72	1193.88
1011.88	1196.44
1012.05	1196.14
1012.21	1186.74
1012.37	1197.78
1012.54	1189.89
1012.70	1197.24
1012.86	1193.02
1013.02	1193.70
1013.19	1189.81
1013.35	1192.08
1013.51	1186.82
1013.67	1201.52
1013.84	1191.32
1014.00	1198.82
1014.16	1190.91
1014.33	1189.32
1014.49	1192.12
1014.65	1202.42
1014.81	1192.35
1014.98	1203.10
1015.14	1189.93
1015.30	1199.27
1015.46	1187.49
1015.62	1194.42
1015.79	1185.36
1015.95	1196.08
1016.11	1186.80
1016.27	1193.72
1016.44	1185.47
1016.60	1199.50
1016.76	1182.35
1016.92	1199.58
1017.09	1193.66
1017.25	1197.71
1017.41	1190.12
1017.57	1200.25
1017.73	1192.10
1017.90	1193.19
1018.06	1185.51
1018.22	1192.31
1018.38	1193.04
1018.54	1198.59
1018.71	1190.65
1018.87	1197.45
1019.03	1191.67
1019.19	1201.65
1019.35	1194.19
1019.52	1195.81
1019.68	1186.92
1019.84	1190.91
1020.00	1184.98
1020.16	1197.57
1020.33	1190.01
1020.49	1192.90
1020.65	1184.77
1020.81	1194.42
1020.97	1193.74
1021.13	1203.65
1021.30	1182.93
1021.46	1191.00
1021.62	1190.87
1021.78	1192.66
1021.94	1191.51
1022.10	1195.22
1022.27	1189.17
1022.43	1197.92
1022.59	1187.72
1022.75	1188.03
1022.91	1178.75
1023.07	1193.35
1023.24	1184.05
1023.40	1198.53
1023.56	1192.76
1023.72	1198.88
1023.88	1186.20
1024.04	1195.19
1024.20	1193.00
1024.36	1198.14
1024.53	1190.32
1024.69	1196.61
1024.85	1188.66
1025.01	1196.08
1025.17	1185.57
1025.33	1195.38
1025.49	1191.45
1025.65	1196.48
1025.82	1185.45
1025.98	1194.40
1026.14	1187.06
1026.30	1195.03
1026.46	1185.26
1026.62	1198.51
1026.78	1193.58
1026.94	1200.19
1027.10	1186.27
1027.26	1200.44
1027.43	1189.64
1027.59	1193.21
1027.75	1195.03
1027.91	1195.15
1028.07	1194.42
1028.23	1201.30
1028.39	1180.72
1028.55	1197.73
1028.71	1187.06
1028.87	1194.72
1029.03	1189.17
1029.19	1198.64
1029.36	1187.21
1029.52	1195.22
1029.68	1192.31
1029.84	1193.43
1030.00	1187.33
1030.16	1204.78
1030.32	1191.65
1030.48	1196.81
1030.64	1189.81
1030.80	1195.38
1030.96	1188.54
1031.12	1194.48
1031.28	1187.90
1031.44	1198.08
1031.60	1183.13
1031.76	1196.16
1031.92	1187.37
1032.08	1216.84
1032.24	1193.19
1032.40	1193.06
1032.56	1190.89
1032.73	1200.91
1032.89	1186.53
1033.05	1189.52
1033.21	1182.68
1033.37	1194.21
1033.53	1184.65
1033.69	1198.27
1033.85	1189.36
1034.01	1192.08
1034.17	1187.35
1034.33	1200.11
1034.49	1185.71
1034.65	1195.69
1034.81	1188.95
1034.97	1194.72
1035.13	1203.69
1035.29	1199.47
1035.45	1194.60
1035.61	1194.29
1035.77	1196.46
1035.93	1199.74
1036.09	1181.10
1036.25	1194.27
1036.41	1195.30
1036.57	1196.38
1036.73	1182.56
1036.88	1196.22
1037.04	1188.60
