345.52	1197.30
345.73	1197.30
345.94	1197.30
346.16	1199.19
346.37	1194.46
346.58	1198.14
346.79	1204.84
347.00	1198.55
347.22	1209.24
347.43	1202.85
347.64	1205.82
347.85	1193.41
348.06	1201.85
348.28	1200.68
348.49	1208.04
348.70	1204.51
348.91	1209.67
349.12	1200.99
349.34	1205.52
349.55	1207.87
349.76	1204.94
349.97	1201.81
350.18	1204.49
350.40	1193.80
350.61	1202.81
350.82	1205.82
351.03	1208.51
351.24	1204.94
351.46	1204.55
351.67	1206.75
351.88	1207.97
352.09	1200.79
352.30	1207.99
352.51	1203.26
352.73	1211.46
352.94	1203.22
353.15	1211.99
353.36	1207.07
353.57	1209.76
353.79	1202.96
354.00	1198.86
354.21	1206.56
354.42	1214.30
354.63	1199.00
354.84	1205.62
355.06	1204.19
355.27	1200.25
355.48	1203.35
355.69	1212.60
355.90	1202.08
356.11	1206.36
356.33	1204.86
356.54	1211.64
356.75	1202.98
356.96	1209.63
357.17	1196.44
357.38	1209.33
357.60	1202.06
357.81	1203.86
358.02	1201.38
358.23	1208.10
358.44	1207.05
358.65	1206.05
358.87	1207.56
359.08	1204.19
359.29	1209.69
359.50	1210.10
359.71	1198.86
359.92	1211.99
360.13	1204.78
360.35	1204.39
360.56	1205.97
360.77	1207.09
360.98	1208.67
361.19	1202.65
361.40	1206.29
361.62	1203.14
361.83	1201.83
362.04	1208.83
362.25	1209.69
362.46	1214.51
362.67	1200.83
362.88	1206.64
363.10	1204.23
363.31	1210.98
363.52	1208.63
363.73	1201.89
363.94	1211.33
364.15	1214.32
364.36	1204.62
364.57	1206.72
364.79	1205.02
365.00	1210.31
365.21	1204.57
365.42	1205.29
365.63	1202.79
365.84	1209.28
366.05	1201.56
366.27	1210.08
366.48	1200.03
366.69	1210.82
366.90	1200.36
367.11	1207.79
367.32	1203.55
367.53	1208.87
367.74	1200.21
367.95	1203.65
368.17	1209.59
368.38	1204.88
368.59	1205.62
368.80	1205.99
369.01	1210.92
369.22	1209.20
369.43	1199.33
369.64	1207.79
369.86	1201.87
370.07	1214.16
370.28	1202.65
370.49	1207.50
370.70	1204.76
370.91	1206.01
371.12	1206.72
371.33	1209.55
371.54	1200.05
371.76	1209.35
371.97	1203.22
372.18	1202.40
372.39	1200.64
372.60	1212.40
372.81	1205.62
373.02	1211.23
373.23	1211.80
373.44	1214.45
373.65	1198.51
373.87	1215.76
374.08	1206.38
374.29	1206.17
374.50	1204.84
374.71	1210.14
374.92	1206.32
375.13	1211.43
375.34	1205.27
375.55	1209.51
375.76	1208.71
375.97	1210.06
376.19	1203.26
376.40	1215.53
376.61	1199.54
376.82	1207.97
377.03	1205.05
377.24	1206.11
377.45	1207.73
377.66	1207.85
377.87	1198.37
378.08	1219.20
378.29	1204.33
378.50	1208.32
378.71	1202.63
378.93	1210.19
379.14	1206.27
379.35	1205.13
379.56	1202.77
379.77	1208.14
379.98	1205.88
380.19	1216.64
380.40	1205.29
380.61	1212.62
380.82	1200.50
381.03	1212.48
381.24	1202.42
381.45	1206.87
381.66	1207.34
381.88	1208.61
382.09	1207.54
382.30	1209.26
382.51	1209.33
382.72	1209.65
382.93	1200.46
383.14	1215.55
383.35	1203.10
383.56	1207.34
383.77	1207.28
383.98	1209.18
384.19	1200.85
384.40	1207.69
384.61	1201.99
384.82	1208.44
385.03	1203.76
385.24	1211.95
385.45	1202.03
385.67	1210.70
385.88	1201.97
386.09	1215.67
386.30	1198.80
386.51	1214.04
386.72	1209.00
386.93	1218.85
387.14	1210.12
387.35	1211.50
387.56	1209.14
387.77	1208.77
387.98	1204.45
388.19	1215.08
388.40	1202.73
388.61	1210.90
388.82	1200.13
389.03	1206.66
389.24	1207.32
389.45	1216.21
389.66	1205.68
389.87	1209.02
390.08	1207.87
390.29	1208.06
390.50	1200.99
390.71	1213.26
390.92	1201.03
391.13	1213.20
391.34	1205.84
391.55	1216.35
391.76	1210.06
391.98	1207.09
392.19	1208.73
392.40	1215.22
392.61	1203.53
392.82	1212.05
393.03	1213.32
393.24	1221.18
393.45	1204.80
393.66	1207.44
393.87	1197.37
394.08	1213.87
394.29	1203.28
394.50	1214.40
394.71	1199.41
394.92	1215.63
395.13	1208.12
395.34	1206.68
395.55	1204.59
395.76	1215.96
395.97	1216.10
396.18	1213.54
396.39	1212.97
396.60	1213.97
396.81	1206.87
397.02	1211.80
397.23	1204.04
397.44	1217.25
397.65	1202.22
397.86	1211.70
398.07	1198.08
398.28	1211.07
398.49	1207.97
398.70	1207.87
398.91	1204.29
399.12	1213.52
399.33	1200.48
399.54	1215.98
399.75	1206.93
399.96	1208.75
400.17	1202.40
400.38	1212.95
400.59	1204.53
400.80	1214.47
401.01	1201.13
401.22	1214.63
401.42	1203.30
401.63	1214.04
401.84	1203.82
402.05	1215.22
402.26	1207.03
402.47	1211.66
402.68	1201.11
402.89	1210.82
403.10	1201.32
403.31	1212.99
403.52	1213.54
403.73	1209.76
403.94	1207.91
404.15	1210.60
404.36	1200.01
404.57	1208.47
404.78	1201.87
404.99	1211.52
405.20	1205.35
405.41	1221.20
405.62	1208.75
405.83	1214.34
406.04	1210.41
406.25	1218.01
406.46	1198.47
406.67	1216.41
406.88	1202.22
407.09	1210.08
407.30	1206.21
407.50	1211.60
407.71	1201.20
407.92	1216.53
408.13	1203.35
408.34	1214.02
408.55	1209.31
408.76	1217.66
408.97	1203.65
409.18	1214.86
409.39	1212.25
409.60	1213.32
409.81	1207.40
410.02	1209.74
410.23	1201.17
410.44	1213.36
410.65	1199.86
410.86	1210.88
411.07	1211.89
411.27	1213.40
411.48	1199.31
411.69	1219.18
411.90	1208.94
412.11	1215.33
412.32	1205.84
412.53	1208.85
412.74	1208.04
412.95	1210.39
413.16	1205.56
413.37	1211.07
413.58	1207.65
413.79	1210.55
414.00	1203.98
414.20	1207.36
414.41	1203.39
414.62	1211.66
414.83	1204.62
415.04	1210.57
415.25	1208.44
415.46	1207.71
415.67	1206.34
415.88	1214.96
416.09	1206.64
416.30	1204.23
416.51	1205.09
416.71	1212.07
416.92	1213.81
417.13	1207.36
417.34	1206.42
417.55	1208.96
417.76	1207.38
417.97	1212.79
418.18	1212.62
418.39	1210.80
418.60	1205.19
418.81	1204.06
419.01	1210.14
419.22	1213.01
419.43	1198.70
419.64	1216.88
419.85	1206.83
420.06	1205.60
420.27	1209.80
420.48	1214.08
420.69	1196.94
420.90	1208.55
421.10	1205.25
421.31	1210.08
421.52	1203.96
421.73	1209.35
421.94	1205.56
422.15	1210.96
422.36	1203.69
422.57	1211.58
422.78	1203.76
422.98	1206.38
423.19	1201.24
423.40	1210.04
423.61	1208.28
423.82	1215.61
424.03	1204.21
424.24	1205.41
424.45	1197.57
424.65	1205.74
424.86	1203.51
425.07	1211.00
425.28	1210.39
425.49	1213.99
425.70	1204.02
425.91	1218.17
426.12	1199.70
426.32	1211.35
426.53	1200.31
426.74	1205.19
426.95	1212.56
427.16	1208.49
427.37	1204.68
427.58	1213.54
427.78	1203.73
427.99	1207.34
428.20	1198.33
428.41	1211.89
428.62	1198.47
428.83	1209.76
429.04	1201.99
429.24	1208.30
429.45	1204.37
429.66	1213.24
429.87	1201.69
430.08	1214.53
430.29	1202.36
430.50	1207.69
430.70	1201.58
430.91	1214.38
431.12	1205.25
431.33	1218.25
431.54	1207.48
431.75	1214.26
431.96	1211.23
432.16	1208.81
432.37	1207.77
432.58	1210.64
432.79	1198.25
433.00	1211.31
433.21	1204.27
433.41	1211.87
433.62	1204.29
433.83	1207.85
434.04	1205.78
434.25	1206.64
434.46	1202.36
434.66	1210.98
434.87	1208.24
435.08	1213.85
435.29	1210.19
435.50	1216.35
435.71	1204.12
435.91	1210.55
436.12	1201.46
436.33	1207.61
436.54	1209.51
436.75	1209.88
436.95	1206.79
437.16	1208.24
437.37	1201.52
437.58	1211.15
437.79	1204.94
438.00	1213.40
438.20	1204.10
438.41	1208.28
438.62	1202.30
438.83	1205.54
439.04	1201.20
439.24	1214.88
439.45	1205.05
439.66	1211.25
439.87	1201.36
440.08	1209.84
440.28	1200.79
440.49	1214.45
440.70	1206.70
440.91	1211.35
441.12	1208.85
441.32	1212.42
441.53	1199.97
441.74	1205.78
441.95	1211.00
442.16	1208.08
442.36	1201.11
442.57	1210.23
442.78	1204.29
442.99	1213.91
443.20	1206.91
443.40	1215.20
443.61	1204.14
443.82	1216.06
444.03	1206.11
444.24	1213.65
444.44	1200.07
444.65	1217.13
444.86	1204.21
445.07	1208.49
445.27	1201.52
445.48	1207.46
445.69	1208.01
445.90	1208.59
446.11	1205.11
446.31	1212.52
446.52	1205.97
446.73	1205.21
446.94	1210.12
447.14	1214.73
447.35	1203.69
447.56	1216.58
447.77	1208.49
447.97	1217.52
448.18	1211.54
448.39	1208.18
448.60	1201.95
448.81	1211.33
449.01	1207.97
449.22	1213.97
449.43	1209.90
449.64	1211.19
449.84	1200.81
450.05	1213.81
450.26	1204.12
450.47	1217.29
450.67	1208.22
450.88	1212.23
451.09	1210.72
451.30	1204.37
451.50	1205.62
451.71	1213.42
451.92	1205.37
452.13	1217.80
452.33	1202.42
452.54	1214.34
452.75	1202.53
452.96	1212.85
453.16	1202.01
453.37	1211.95
453.58	1205.31
453.79	1209.65
453.99	1211.70
454.20	1208.30
454.41	1206.48
454.61	1209.82
454.82	1205.31
455.03	1211.70
455.24	1206.25
455.44	1207.30
455.65	1213.42
455.86	1215.88
456.07	1205.02
456.27	1212.21
456.48	1203.92
456.69	1213.05
456.90	1202.40
457.10	1209.49
457.31	1213.40
457.52	1210.06
457.72	1209.35
457.93	1212.70
458.14	1206.46
458.35	1206.52
458.55	1205.88
458.76	1212.27
458.97	1197.24
459.17	1207.56
459.38	1201.17
459.59	1206.36
459.80	1199.88
460.00	1211.41
460.21	1208.73
460.42	1205.74
460.62	1203.39
460.83	1203.32
461.04	1206.01
461.25	1207.38
461.45	1206.44
461.66	1206.25
461.87	1215.20
462.07	1208.92
462.28	1197.32
462.49	1213.26
462.69	1208.12
462.90	1213.44
463.11	1209.82
463.31	1212.23
463.52	1206.01
463.73	1212.13
463.94	1203.59
464.14	1202.42
464.35	1205.13
464.56	1210.12
464.76	1212.42
464.97	1209.74
465.18	1195.93
465.38	1208.94
465.59	1203.26
465.80	1211.15
466.00	1200.60
466.21	1212.46
466.42	1196.79
466.62	1210.88
466.83	1207.48
467.04	1207.36
467.24	1211.35
467.45	1213.24
467.66	1203.94
467.86	1213.01
468.07	1204.53
468.28	1214.04
468.48	1205.19
468.69	1215.02
468.90	1211.50
469.10	1206.75
469.31	1204.96
469.52	1213.28
469.72	1209.43
469.93	1212.19
470.14	1202.22
470.34	1208.36
470.55	1207.69
470.76	1215.04
470.96	1208.04
471.17	1205.74
471.38	1202.34
471.58	1211.56
471.79	1203.26
472.00	1215.57
472.20	1205.80
472.41	1216.62
472.62	1201.42
472.82	1210.45
473.03	1203.49
473.24	1210.72
473.44	1207.15
473.65	1211.97
473.85	1198.12
474.06	1214.32
474.27	1212.54
474.47	1213.38
474.68	1204.72
474.89	1213.40
475.09	1199.90
475.30	1216.66
475.51	1198.41
475.71	1214.57
475.92	1208.22
476.12	1217.74
476.33	1199.23
476.54	1214.22
476.74	1205.11
476.95	1217.89
477.16	1211.76
477.36	1214.81
477.57	1203.84
477.77	1212.23
477.98	1202.63
478.19	1212.48
478.39	1204.12
478.60	1215.84
478.81	1207.77
479.01	1211.31
479.22	1212.77
479.42	1207.22
479.63	1205.43
479.84	1209.10
480.04	1207.11
480.25	1212.50
480.45	1205.13
480.66	1205.78
480.87	1206.23
481.07	1212.03
481.28	1203.80
481.48	1210.27
481.69	1212.25
481.90	1209.00
482.10	1201.99
482.31	1212.34
482.51	1201.13
482.72	1209.22
482.93	1209.20
483.13	1209.16
483.34	1201.93
483.54	1212.73
483.75	1205.76
483.96	1207.87
484.16	1209.90
484.37	1211.89
484.57	1202.79
484.78	1209.39
484.99	1201.38
485.19	1218.93
485.40	1203.71
485.60	1215.84
485.81	1209.10
486.01	1208.08
486.22	1219.52
486.43	1209.65
486.63	1210.43
486.84	1217.85
487.04	1208.96
487.25	1210.82
487.46	1204.51
487.66	1206.68
487.87	1205.13
488.07	1209.84
488.28	1196.98
488.48	1217.03
488.69	1208.71
488.89	1213.99
489.10	1195.75
489.31	1213.13
489.51	1201.13
489.72	1215.35
489.92	1213.59
490.13	1211.70
490.33	1208.01
490.54	1212.97
490.75	1204.27
490.95	1211.27
491.16	1203.02
491.36	1207.87
491.57	1210.33
491.77	1211.91
491.98	1204.29
492.18	1207.15
492.39	1204.62
492.59	1217.97
492.80	1205.60
493.01	1210.00
493.21	1210.86
493.42	1215.67
493.62	1204.92
493.83	1206.32
494.03	1207.34
494.24	1210.17
494.44	1207.89
494.65	1209.16
494.85	1208.12
495.06	1211.74
495.26	1203.30
495.47	1219.79
495.68	1205.07
495.88	1217.31
496.09	1200.50
496.29	1214.22
496.50	1207.52
496.70	1201.48
496.91	1206.09
497.11	1212.44
497.32	1208.30
497.52	1216.19
497.73	1206.27
497.93	1211.21
498.14	1205.39
498.34	1205.39
498.55	1207.38
498.75	1210.45
498.96	1207.89
499.16	1206.64
499.37	1214.53
499.57	1202.53
499.78	1205.52
499.98	1213.54
500.19	1202.34
500.39	1211.97
500.60	1206.07
500.80	1209.24
501.01	1209.84
501.21	1212.73
501.42	1205.13
501.62	1204.84
501.83	1201.93
502.03	1209.71
502.24	1211.43
502.44	1209.98
502.65	1204.90
502.85	1215.04
503.06	1206.68
503.26	1208.81
503.47	1203.10
503.67	1214.53
503.88	1211.27
504.08	1204.43
504.29	1208.90
504.49	1210.14
504.70	1200.81
504.90	1206.60
505.11	1202.55
505.31	1209.24
505.52	1206.34
505.72	1203.65
505.93	1205.78
506.13	1211.62
506.34	1204.43
506.54	1205.02
506.75	1202.73
506.95	1212.70
507.16	1204.21
507.36	1217.11
507.56	1203.30
507.77	1219.03
507.97	1209.18
508.18	1207.69
508.38	1209.67
508.59	1210.17
508.79	1212.93
509.00	1212.73
509.20	1204.39
509.41	1210.60
509.61	1210.39
509.82	1212.91
510.02	1205.13
510.22	1209.84
510.43	1211.13
510.63	1209.53
510.84	1205.48
511.04	1210.23
511.25	1201.17
511.45	1210.31
511.66	1203.00
511.86	1214.26
512.06	1202.49
512.27	1216.76
512.47	1208.79
512.68	1213.09
512.88	1203.55
513.09	1210.21
513.29	1203.55
513.50	1212.77
513.70	1205.70
513.90	1210.78
514.11	1206.64
514.31	1212.19
514.52	1215.24
514.72	1215.14
514.93	1209.96
515.13	1211.13
515.33	1208.83
515.54	1203.90
515.74	1202.71
515.95	1213.26
516.15	1201.38
516.36	1211.91
516.56	1201.91
516.76	1208.40
516.97	1211.60
517.17	1214.18
517.38	1199.09
517.58	1211.31
517.78	1204.31
517.99	1215.00
518.19	1212.38
518.40	1214.81
518.60	1203.20
518.81	1213.63
519.01	1203.28
519.21	1203.22
519.42	1196.28
519.62	1215.04
519.83	1205.23
520.03	1212.32
520.23	1206.58
520.44	1211.72
520.64	1201.48
520.85	1201.91
521.05	1204.31
521.25	1215.63
521.46	1202.63
521.66	1221.37
521.86	1203.69
522.07	1212.97
522.27	1209.90
522.48	1212.70
522.68	1208.08
522.88	1214.42
523.09	1205.50
523.29	1213.93
523.50	1205.33
523.70	1218.07
523.90	1208.18
524.11	1206.79
524.31	1202.12
524.51	1212.50
524.72	1204.43
524.92	1209.39
525.13	1205.91
525.33	1209.06
525.53	1203.37
525.74	1206.64
525.94	1204.88
526.14	1213.01
526.35	1207.63
526.55	1216.62
526.76	1207.40
526.96	1212.70
527.16	1202.03
527.37	1213.71
527.57	1207.61
527.77	1210.27
527.98	1203.00
528.18	1217.99
528.38	1209.24
528.59	1211.74
528.79	1206.01
528.99	1220.71
529.20	1211.97
529.40	1217.97
529.61	1204.10
529.81	1215.80
530.01	1207.89
530.22	1213.24
530.42	1212.17
530.62	1216.00
530.83	1202.38
531.03	1214.67
531.23	1208.92
531.44	1214.59
531.64	1198.94
531.84	1214.83
532.05	1205.48
532.25	1210.19
532.45	1211.68
532.66	1212.66
532.86	1204.98
533.06	1212.70
533.27	1205.11
533.47	1217.15
533.67	1205.19
533.88	1216.25
534.08	1203.65
534.28	1217.76
534.49	1207.91
534.69	1207.67
534.89	1207.48
535.09	1206.03
535.30	1202.81
535.50	1204.53
535.70	1197.80
535.91	1216.43
536.11	1204.62
536.31	1209.18
536.52	1198.39
536.72	1213.52
536.92	1205.99
537.13	1218.60
537.33	1202.14
537.53	1215.82
537.74	1202.22
537.94	1207.65
538.14	1203.28
538.34	1213.24
538.55	1208.90
538.75	1217.85
538.95	1206.56
539.16	1208.98
539.36	1204.94
539.56	1212.87
539.77	1207.03
539.97	1217.21
540.17	1203.92
540.37	1203.57
540.58	1202.87
540.78	1214.53
540.98	1202.51
541.19	1204.51
541.39	1210.06
541.59	1214.77
541.79	1208.20
542.00	1210.70
542.20	1208.06
542.40	1208.77
542.60	1205.50
542.81	1210.25
543.01	1216.70
543.21	1198.10
543.42	1203.14
543.62	1209.28
543.82	1212.58
544.02	1210.39
544.23	1204.64
544.43	1220.00
544.63	1201.67
544.83	1212.05
545.04	1201.15
545.24	1216.84
545.44	1206.19
545.64	1212.44
545.85	1213.65
546.05	1213.48
546.25	1207.30
546.45	1207.73
546.66	1214.34
546.86	1210.43
547.06	1201.01
547.27	1212.44
547.47	1203.71
547.67	1209.20
547.87	1199.90
548.07	1217.15
548.28	1204.90
548.48	1207.07
548.68	1196.81
548.88	1209.31
549.09	1205.95
549.29	1211.56
549.49	1204.64
549.69	1206.07
549.90	1210.49
550.10	1212.52
550.30	1203.90
550.50	1218.38
550.71	1201.50
550.91	1210.94
551.11	1204.19
551.31	1217.29
551.51	1202.18
551.72	1208.14
551.92	1208.40
552.12	1215.14
552.32	1198.14
552.53	1210.37
552.73	1208.77
552.93	1209.22
553.13	1208.42
553.33	1206.77
553.54	1205.58
553.74	1213.65
553.94	1205.11
554.14	1209.74
554.35	1199.60
554.55	1206.58
554.75	1204.12
554.95	1213.81
555.15	1208.14
555.36	1210.82
555.56	1202.92
555.76	1217.95
555.96	1210.90
556.16	1210.37
556.37	1206.25
556.57	1214.04
556.77	1204.06
556.97	1209.20
557.17	1204.53
557.38	1209.57
557.58	1208.12
557.78	1206.09
557.98	1203.76
558.18	1214.34
558.38	1207.99
558.59	1212.19
558.79	1205.05
558.99	1214.16
559.19	1206.87
559.39	1219.09
559.60	1198.33
559.80	1218.77
560.00	1202.10
560.20	1215.76
560.40	1203.67
560.60	1214.71
560.81	1207.28
561.01	1205.31
561.21	1211.72
561.41	1214.73
561.61	1205.19
561.81	1216.62
562.02	1198.68
562.22	1214.12
562.42	1198.98
562.62	1209.16
562.82	1201.79
563.02	1210.76
563.23	1205.19
563.43	1216.49
563.63	1200.68
563.83	1207.71
564.03	1208.92
564.23	1207.32
564.43	1204.64
564.64	1204.68
564.84	1197.75
565.04	1209.41
565.24	1200.54
565.44	1208.32
565.64	1208.51
565.85	1219.89
566.05	1203.92
566.25	1208.40
566.45	1206.17
566.65	1212.27
566.85	1198.78
567.05	1212.23
567.25	1213.11
567.46	1213.16
567.66	1195.99
567.86	1212.77
568.06	1201.30
568.26	1221.63
568.46	1201.32
568.66	1212.32
568.86	1205.37
569.07	1211.11
569.27	1210.41
569.47	1214.02
569.67	1208.92
569.87	1219.24
570.07	1198.64
570.27	1205.25
570.47	1206.79
570.68	1211.00
570.88	1207.61
571.08	1213.97
571.28	1207.67
571.48	1214.32
571.68	1208.73
571.88	1212.30
572.08	1209.16
572.28	1212.87
572.49	1205.80
572.69	1212.42
572.89	1207.67
573.09	1218.95
573.29	1204.78
573.49	1207.73
573.69	1212.03
573.89	1208.79
574.09	1209.94
574.29	1211.07
574.50	1200.79
574.70	1214.63
574.90	1205.23
575.10	1213.81
575.30	1203.37
575.50	1206.19
575.70	1209.90
575.90	1212.66
576.10	1207.26
576.30	1218.73
576.50	1210.08
576.70	1210.68
576.91	1202.42
577.11	1214.71
577.31	1209.22
577.51	1212.01
577.71	1203.55
577.91	1212.34
578.11	1204.72
578.31	1209.88
578.51	1206.81
578.71	1217.35
578.91	1199.97
579.11	1209.78
579.31	1206.72
579.51	1217.64
579.71	1210.76
579.92	1210.25
580.12	1205.80
580.32	1210.51
580.52	1208.98
580.72	1211.43
580.92	1202.24
581.12	1209.31
581.32	1208.59
581.52	1204.70
581.72	1211.35
581.92	1214.34
582.12	1207.11
582.32	1218.09
582.52	1202.77
582.72	1216.72
582.92	1212.21
583.12	1215.47
583.32	1203.37
583.52	1211.80
583.72	1209.63
583.92	1209.76
584.12	1202.79
584.33	1217.23
584.53	1198.82
584.73	1213.18
584.93	1210.94
585.13	1209.33
585.33	1210.74
585.53	1208.34
585.73	1211.15
585.93	1217.91
586.13	1194.42
586.33	1211.80
586.53	1204.49
586.73	1207.15
586.93	1209.41
587.13	1217.97
587.33	1203.80
587.53	1211.60
587.73	1204.96
587.93	1216.21
588.13	1209.94
588.33	1212.07
588.53	1201.40
588.73	1211.58
588.93	1202.49
589.13	1216.17
589.33	1205.39
589.53	1211.29
589.73	1206.19
589.93	1215.08
590.13	1203.51
590.33	1216.19
590.53	1205.07
590.73	1212.68
590.93	1201.30
591.13	1220.81
591.33	1210.84
591.53	1211.21
591.73	1209.94
591.93	1213.77
592.13	1205.86
592.33	1215.29
592.53	1210.31
592.73	1214.42
592.93	1206.21
593.13	1211.80
593.33	1209.04
593.53	1212.62
593.73	1215.14
593.93	1210.68
594.13	1212.11
594.33	1217.50
594.53	1211.19
594.73	1213.97
594.92	1205.54
595.12	1211.17
595.32	1209.12
595.52	1218.34
595.72	1205.23
595.92	1212.15
596.12	1216.62
596.32	1219.87
596.52	1207.52
596.72	1211.80
596.92	1209.06
597.12	1212.81
597.32	1206.75
597.52	1220.14
597.72	1206.40
597.92	1215.08
598.12	1205.95
598.32	1214.10
598.52	1210.41
598.72	1218.73
598.92	1201.58
599.12	1216.76
599.31	1209.43
599.51	1219.73
599.71	1203.57
599.91	1212.54
600.11	1206.38
600.31	1218.93
600.51	1212.93
600.71	1218.85
600.91	1205.11
601.11	1221.22
601.31	1207.87
601.51	1209.96
601.71	1219.42
601.91	1213.48
602.10	1205.78
602.30	1217.74
602.50	1210.23
602.70	1219.54
602.90	1209.08
603.10	1209.82
603.30	1207.63
603.50	1214.81
603.70	1207.52
603.90	1216.17
604.10	1215.74
604.30	1222.33
604.49	1212.58
604.69	1218.11
604.89	1216.15
605.09	1220.65
605.29	1208.22
605.49	1217.11
605.69	1209.04
605.89	1225.18
606.09	1213.87
606.29	1216.47
606.48	1213.99
606.68	1218.54
606.88	1207.07
607.08	1217.03
607.28	1208.14
607.48	1211.87
607.68	1211.97
607.88	1218.23
608.08	1210.74
608.27	1224.91
608.47	1213.09
608.67	1209.71
608.87	1214.40
609.07	1228.47
609.27	1214.36
609.47	1222.72
609.67	1220.00
609.87	1216.35
610.06	1216.19
610.26	1219.38
610.46	1213.16
610.66	1219.22
610.86	1221.18
611.06	1221.59
611.26	1215.74
611.45	1222.29
611.65	1213.85
611.85	1221.84
612.05	1216.10
612.25	1226.86
612.45	1218.89
612.65	1231.34
612.84	1224.77
613.04	1225.55
613.24	1216.04
613.44	1226.92
613.64	1215.43
613.84	1230.48
614.04	1213.85
614.23	1220.24
614.43	1211.78
614.63	1229.29
614.83	1214.55
615.03	1221.31
615.23	1218.75
615.42	1222.72
615.62	1213.48
615.82	1225.30
616.02	1225.32
616.22	1221.41
616.42	1228.21
616.61	1226.98
616.81	1219.32
617.01	1226.79
617.21	1219.16
617.41	1224.28
617.61	1224.97
617.80	1233.43
618.00	1221.41
618.20	1232.34
618.40	1233.96
618.60	1232.08
618.80	1226.20
618.99	1238.45
619.19	1231.32
619.39	1239.08
619.59	1235.07
619.79	1241.21
619.98	1231.61
620.18	1243.87
620.38	1230.62
620.58	1244.82
620.78	1231.79
620.97	1242.28
621.17	1238.30
621.37	1238.47
621.57	1234.04
621.77	1239.31
621.96	1243.28
622.16	1245.23
622.36	1242.34
622.56	1249.77
622.76	1241.40
622.95	1245.08
623.15	1240.11
623.35	1248.07
623.55	1237.94
623.75	1252.91
623.94	1248.50
624.14	1255.69
624.34	1246.82
624.54	1250.31
624.73	1247.68
624.93	1255.43
625.13	1248.67
625.33	1253.97
625.53	1251.39
625.72	1262.14
625.92	1251.90
626.12	1261.55
626.32	1252.84
626.51	1264.87
626.71	1257.88
626.91	1271.52
627.11	1257.86
627.30	1264.52
627.50	1257.23
627.70	1265.60
627.90	1265.93
628.10	1264.70
628.29	1263.74
628.49	1273.80
628.69	1261.59
628.89	1270.87
629.08	1275.99
629.28	1261.06
629.48	1266.98
629.68	1271.05
629.87	1268.33
630.07	1275.31
630.27	1275.68
630.47	1278.30
630.66	1267.39
630.86	1267.34
631.06	1272.01
631.25	1276.07
631.45	1267.30
631.65	1270.93
631.85	1264.31
632.04	1271.01
632.24	1265.62
632.44	1278.90
632.64	1263.15
632.83	1282.64
633.03	1266.75
633.23	1270.95
633.42	1267.75
633.62	1275.04
633.82	1274.88
634.02	1266.28
634.21	1273.35
634.41	1273.94
634.61	1263.51
634.81	1269.04
635.00	1266.10
635.20	1276.70
635.40	1265.85
635.59	1266.67
635.79	1270.27
635.99	1273.41
636.18	1258.09
636.38	1272.71
636.58	1260.48
636.78	1269.33
636.97	1263.76
637.17	1275.60
637.37	1264.44
637.56	1277.71
637.76	1278.63
637.96	1282.81
638.15	1287.84
638.35	1299.11
638.55	1298.13
638.74	1302.77
638.94	1306.24
639.14	1326.47
639.34	1320.55
639.53	1342.32
639.73	1356.45
639.93	1382.22
640.12	1401.20
640.32	1429.50
640.52	1455.51
640.71	1480.29
640.91	1504.34
641.11	1551.05
641.30	1568.70
641.50	1611.14
641.70	1645.52
641.89	1699.45
642.09	1733.44
642.29	1802.42
642.48	1896.56
642.68	2023.97
642.88	2181.86
643.07	2430.75
643.27	2789.01
643.47	3237.14
643.66	3856.12
643.86	4567.77
644.06	5330.29
644.25	6165.70
644.45	7003.66
644.65	7824.31
644.84	8425.38
645.04	9177.89
645.23	9692.59
645.43	10164.36
645.63	10557.34
645.82	10883.66
646.02	11040.05
646.22	11269.93
646.41	11477.41
646.61	11553.45
646.81	11660.21
647.00	11794.42
647.20	11738.85
647.39	11790.57
647.59	11693.12
647.79	11764.19
647.98	11766.28
648.18	11750.51
648.38	11718.01
648.57	11623.84
648.77	11625.15
648.96	11492.61
649.16	11246.30
649.36	11053.22
649.55	10639.63
649.75	10157.23
649.95	9484.61
650.14	8807.11
650.34	8054.13
650.53	7318.64
650.73	6587.56
650.93	5954.02
651.12	5441.45
651.32	4945.03
651.51	4582.53
651.71	4285.85
651.91	4037.04
652.10	3895.71
652.30	3699.35
652.49	3572.44
652.69	3440.79
652.89	3343.04
653.08	3226.39
653.28	3152.01
653.47	3062.25
653.67	2998.12
653.86	2933.86
654.06	2866.71
654.26	2794.47
654.45	2739.65
654.65	2676.59
654.84	2605.34
655.04	2560.33
655.24	2505.01
655.43	2444.97
655.63	2407.59
655.82	2329.20
656.02	2290.41
656.21	2251.19
656.41	2216.43
656.61	2152.64
656.80	2131.81
657.00	2084.24
657.19	2040.15
657.39	2006.85
657.58	1986.10
657.78	1955.52
657.97	1926.32
658.17	1907.50
658.37	1892.77
658.56	1864.59
658.76	1855.05
658.95	1832.07
659.15	1824.56
659.34	1809.16
659.54	1810.71
659.73	1808.23
659.93	1826.67
660.13	1843.01
660.32	1890.89
660.52	1954.15
660.71	2027.90
660.91	2141.68
661.10	2260.32
661.30	2373.49
661.49	2475.22
661.69	2541.39
661.88	2610.73
662.08	2666.15
662.27	2704.36
662.47	2718.35
662.66	2726.44
662.86	2697.30
663.06	2667.36
663.25	2625.82
663.45	2571.35
663.64	2507.00
663.84	2442.00
664.03	2354.92
664.23	2284.53
664.42	2206.85
664.62	2133.59
664.81	2052.49
665.01	1993.64
665.20	1914.93
665.40	1861.23
665.59	1799.78
665.79	1748.70
665.98	1683.80
666.18	1641.55
666.37	1595.29
666.57	1575.75
666.76	1548.84
666.96	1539.05
667.15	1523.67
667.35	1524.63
667.54	1498.46
667.74	1505.65
667.93	1496.29
668.13	1487.07
668.32	1475.44
668.52	1461.02
668.71	1423.48
668.91	1404.31
669.10	1358.68
669.30	1336.73
669.49	1309.74
669.68	1297.24
669.88	1271.48
670.07	1275.27
670.27	1260.01
670.46	1270.97
670.66	1260.93
670.85	1260.36
671.05	1254.89
671.24	1256.63
671.44	1242.81
671.63	1258.05
671.83	1252.46
672.02	1265.93
672.22	1249.16
672.41	1250.20
672.60	1246.89
672.80	1253.40
672.99	1248.81
673.19	1252.46
673.38	1239.62
673.58	1247.13
673.77	1238.10
673.97	1252.29
674.16	1240.27
674.36	1250.94
674.55	1236.58
674.74	1242.52
674.94	1232.28
675.13	1243.53
675.33	1228.86
675.52	1244.10
675.72	1233.70
675.91	1240.29
676.10	1230.89
676.30	1232.92
676.49	1226.47
676.69	1238.00
676.88	1230.60
677.08	1241.23
677.27	1226.16
677.46	1234.62
677.66	1228.33
677.85	1232.73
678.05	1224.23
678.24	1230.75
678.44	1226.53
678.63	1226.51
678.82	1222.90
679.02	1229.60
679.21	1220.34
679.41	1227.72
679.60	1221.04
679.79	1221.29
679.99	1216.37
680.18	1225.96
680.38	1220.32
680.57	1225.55
680.76	1218.81
680.96	1224.13
681.15	1218.75
681.35	1225.89
681.54	1217.27
681.73	1219.63
681.93	1214.14
682.12	1218.83
682.32	1217.99
682.51	1218.68
682.70	1215.22
682.90	1220.53
683.09	1214.51
683.29	1222.53
683.48	1206.66
683.67	1220.26
683.87	1214.08
684.06	1226.10
684.25	1211.19
684.45	1221.55
684.64	1218.91
684.84	1221.02
685.03	1222.56
685.22	1228.52
685.42	1219.14
685.61	1217.56
685.80	1220.73
686.00	1222.60
686.19	1215.98
686.38	1222.33
686.58	1213.26
686.77	1221.78
686.96	1217.44
687.16	1219.52
687.35	1215.41
687.55	1218.52
687.74	1218.23
687.93	1225.44
688.13	1210.88
688.32	1223.05
688.51	1217.03
688.71	1224.91
688.90	1216.94
689.09	1221.96
689.29	1214.40
689.48	1218.23
689.67	1218.13
689.87	1220.20
690.06	1212.87
690.25	1217.82
690.45	1225.03
690.64	1224.34
690.83	1223.58
691.03	1219.32
691.22	1207.99
691.41	1215.37
691.61	1218.83
691.80	1224.11
691.99	1210.82
692.19	1224.85
692.38	1216.47
692.57	1222.10
692.76	1216.62
692.96	1221.59
693.15	1212.38
693.34	1217.82
693.54	1210.08
693.73	1226.57
693.92	1213.75
694.12	1230.03
694.31	1218.34
694.50	1213.03
694.70	1207.44
694.89	1222.99
695.08	1209.53
695.27	1221.47
695.47	1211.99
695.66	1215.88
695.85	1209.06
696.05	1219.09
696.24	1208.61
696.43	1217.33
696.62	1205.56
696.82	1218.36
697.01	1209.20
697.20	1212.36
697.40	1205.15
697.59	1215.98
697.78	1203.32
697.97	1216.45
698.17	1218.30
698.36	1215.88
698.55	1209.67
698.74	1213.22
698.94	1203.71
699.13	1214.20
699.32	1204.41
699.52	1211.33
699.71	1206.58
699.90	1214.38
700.09	1203.14
700.29	1211.56
700.48	1206.52
700.67	1214.22
700.86	1200.66
701.06	1209.80
701.25	1210.86
701.44	1211.07
701.63	1203.55
701.83	1212.44
702.02	1208.36
702.21	1208.06
702.40	1203.61
702.60	1215.51
702.79	1205.09
702.98	1216.19
703.17	1201.40
703.37	1205.70
703.56	1204.55
703.75	1219.50
703.94	1199.72
704.13	1213.97
704.33	1204.33
704.52	1207.15
704.71	1207.58
704.90	1205.66
705.10	1212.19
705.29	1213.63
705.48	1203.98
705.67	1209.04
705.86	1202.83
706.06	1210.51
706.25	1207.18
706.44	1222.45
706.63	1208.34
706.83	1212.99
707.02	1205.11
707.21	1214.28
707.40	1206.13
707.59	1209.76
707.79	1211.76
707.98	1213.36
708.17	1213.83
708.36	1214.69
708.55	1202.73
708.75	1218.32
708.94	1201.42
709.13	1215.74
709.32	1203.55
709.51	1211.80
709.71	1203.86
709.90	1207.87
710.09	1206.68
710.28	1215.31
710.47	1209.76
710.66	1214.71
710.86	1203.32
711.05	1215.31
711.24	1200.19
711.43	1211.56
711.62	1203.39
711.82	1213.28
712.01	1201.54
712.20	1205.02
712.39	1213.28
712.58	1214.83
712.77	1206.25
712.97	1211.91
713.16	1202.24
713.35	1213.36
713.54	1207.58
713.73	1218.52
713.92	1209.43
714.11	1211.33
714.31	1210.68
714.50	1208.57
714.69	1207.18
714.88	1214.96
715.07	1208.87
715.26	1213.56
715.46	1207.91
715.65	1210.98
715.84	1211.35
716.03	1217.70
716.22	1208.63
716.41	1214.22
716.60	1203.71
716.80	1217.39
716.99	1204.78
717.18	1209.35
717.37	1211.82
717.56	1213.61
717.75	1197.57
717.94	1213.89
718.13	1208.08
718.33	1209.78
718.52	1208.01
718.71	1210.74
718.90	1209.55
719.09	1211.91
719.28	1207.73
719.47	1215.94
719.66	1203.45
719.85	1210.06
720.05	1199.62
720.24	1213.38
720.43	1208.90
720.62	1211.11
720.81	1198.43
721.00	1213.65
721.19	1208.10
721.38	1212.03
721.57	1200.68
721.77	1205.91
721.96	1204.25
722.15	1214.51
722.34	1204.57
722.53	1213.59
722.72	1206.48
722.91	1207.77
723.10	1205.25
723.29	1215.96
723.48	1203.55
723.67	1208.24
723.87	1205.52
724.06	1211.72
724.25	1208.14
724.44	1206.79
724.63	1212.91
724.82	1210.43
725.01	1199.72
725.20	1210.74
725.39	1206.29
725.58	1209.04
725.77	1200.99
725.96	1216.62
726.15	1208.36
726.34	1210.96
726.54	1202.75
726.73	1215.43
726.92	1212.13
727.11	1212.48
727.30	1202.36
727.49	1207.20
727.68	1203.37
727.87	1205.43
728.06	1205.35
728.25	1208.30
728.44	1211.91
728.63	1209.92
728.82	1201.75
729.01	1210.88
729.20	1203.94
729.39	1211.05
729.58	1205.19
729.77	1209.61
729.96	1205.50
730.15	1217.11
730.34	1201.15
730.53	1208.94
730.73	1203.78
730.92	1217.05
731.11	1211.54
731.30	1215.31
731.49	1205.72
731.68	1204.94
731.87	1205.64
732.06	1205.21
732.25	1206.19
732.44	1213.03
732.63	1204.45
732.82	1215.67
733.01	1208.61
733.20	1207.71
733.39	1208.16
733.58	1211.15
733.77	1205.15
733.96	1211.13
734.15	1200.72
734.34	1205.80
734.53	1204.23
734.72	1211.27
734.91	1198.61
735.10	1215.59
735.29	1204.80
735.48	1211.29
735.67	1205.58
735.86	1209.22
736.05	1205.62
736.24	1212.27
736.43	1204.39
736.62	1211.27
736.81	1200.77
737.00	1224.93
737.19	1205.68
737.38	1214.57
737.57	1209.08
737.76	1207.42
737.95	1206.21
738.14	1211.37
738.33	1205.72
738.51	1211.89
738.70	1201.69
738.89	1213.71
739.08	1207.42
739.27	1205.86
739.46	1203.00
739.65	1209.28
739.84	1204.41
740.03	1211.76
740.22	1210.64
740.41	1213.26
740.60	1201.77
740.79	1212.52
740.98	1206.48
741.17	1211.07
741.36	1205.54
741.55	1208.49
741.74	1200.91
741.93	1208.01
742.12	1205.88
742.31	1212.93
742.50	1205.97
742.68	1207.40
742.87	1207.58
743.06	1213.99
743.25	1202.42
743.44	1214.79
743.63	1201.91
743.82	1200.79
744.01	1208.77
744.20	1211.23
744.39	1203.18
744.58	1215.45
744.77	1204.21
744.96	1209.86
745.14	1209.43
745.33	1208.69
745.52	1204.21
745.71	1212.05
745.90	1203.49
746.09	1214.57
746.28	1194.56
746.47	1210.21
746.66	1203.24
746.85	1213.07
747.04	1199.19
747.22	1215.41
747.41	1204.96
747.60	1212.48
747.79	1206.58
747.98	1208.59
748.17	1201.05
748.36	1214.75
748.55	1204.23
748.74	1211.72
748.93	1201.26
749.11	1210.25
749.30	1201.69
749.49	1212.42
749.68	1197.20
749.87	1208.47
750.06	1202.08
750.25	1207.52
750.44	1201.99
750.62	1210.88
750.81	1208.34
751.00	1207.79
751.19	1200.46
751.38	1210.37
751.57	1199.07
751.76	1218.91
751.95	1197.98
752.13	1215.57
752.32	1205.76
752.51	1210.33
752.70	1202.98
752.89	1210.45
753.08	1202.30
753.27	1213.30
753.45	1203.00
753.64	1212.68
753.83	1202.75
754.02	1214.08
754.21	1206.50
754.40	1213.69
754.58	1202.75
754.77	1207.13
754.96	1202.79
755.15	1209.16
755.34	1201.24
755.53	1213.22
755.71	1202.36
755.90	1209.31
756.09	1207.75
756.28	1209.88
756.47	1197.30
756.66	1213.71
756.84	1206.58
757.03	1214.26
757.22	1201.13
757.41	1213.16
757.60	1201.54
757.79	1214.30
757.97	1208.28
758.16	1205.21
758.35	1203.94
758.54	1210.57
758.73	1204.45
758.91	1215.82
759.10	1203.57
759.29	1211.89
759.48	1201.99
759.67	1204.51
759.85	1200.85
760.04	1208.22
760.23	1207.83
760.42	1212.95
760.61	1199.86
760.79	1209.78
760.98	1204.41
761.17	1212.46
761.36	1206.46
761.55	1205.33
761.73	1204.21
761.92	1219.18
762.11	1203.10
762.30	1207.56
762.49	1204.06
762.67	1211.56
762.86	1200.25
763.05	1208.22
763.24	1204.80
763.42	1213.99
763.61	1205.62
763.80	1209.08
763.99	1202.71
764.17	1210.72
764.36	1207.11
764.55	1205.60
764.74	1198.39
764.92	1215.86
765.11	1201.73
765.30	1208.20
765.49	1202.98
765.68	1212.83
765.86	1202.89
766.05	1212.15
766.24	1198.57
766.43	1206.81
766.61	1204.45
766.80	1213.07
766.99	1201.48
767.17	1210.70
767.36	1206.38
767.55	1215.06
767.74	1204.68
767.92	1214.81
768.11	1207.20
768.30	1210.33
768.49	1205.41
768.67	1215.55
768.86	1202.79
769.05	1210.94
769.24	1202.18
769.42	1212.66
769.61	1207.93
769.80	1209.16
769.98	1203.12
770.17	1213.81
770.36	1208.47
770.55	1205.68
770.73	1202.55
770.92	1212.07
771.11	1201.95
771.29	1206.62
771.48	1199.04
771.67	1205.23
771.86	1205.50
772.04	1209.53
772.23	1202.55
772.42	1213.20
772.60	1199.78
772.79	1206.75
772.98	1204.98
773.16	1213.26
773.35	1201.97
773.54	1217.80
773.72	1208.57
773.91	1205.64
774.10	1210.60
774.29	1210.80
774.47	1207.48
774.66	1205.45
774.85	1207.95
775.03	1211.60
775.22	1207.22
775.41	1215.98
775.59	1206.34
775.78	1211.50
775.97	1205.19
776.15	1206.44
776.34	1208.16
776.53	1209.71
776.71	1208.44
776.90	1206.15
777.09	1199.23
777.27	1212.93
777.46	1206.15
777.65	1206.54
777.83	1205.05
778.02	1208.10
778.21	1206.38
778.39	1203.98
778.58	1206.27
778.76	1217.62
778.95	1201.40
779.14	1205.74
779.32	1197.53
779.51	1212.30
779.70	1202.26
779.88	1218.21
780.07	1210.64
780.26	1210.25
780.44	1202.81
780.63	1209.57
780.81	1194.89
781.00	1211.87
781.19	1206.89
781.37	1208.59
781.56	1205.35
781.75	1204.62
781.93	1200.72
782.12	1210.43
782.30	1202.92
782.49	1208.30
782.68	1207.01
782.86	1211.15
783.05	1205.02
783.23	1208.44
783.42	1204.16
783.61	1212.05
783.79	1208.34
783.98	1209.92
784.16	1203.86
784.35	1212.15
784.54	1210.64
784.72	1209.71
784.91	1208.18
785.09	1215.00
785.28	1202.36
785.47	1208.12
785.65	1212.36
785.84	1213.13
786.02	1206.60
786.21	1205.84
786.40	1199.54
786.58	1201.15
786.77	1207.11
786.95	1206.52
787.14	1209.61
787.32	1207.38
787.51	1205.48
787.70	1204.55
787.88	1207.63
788.07	1208.65
788.25	1204.35
788.44	1212.48
788.62	1201.95
788.81	1205.70
789.00	1201.24
789.18	1212.54
789.37	1202.03
789.55	1216.27
789.74	1208.06
789.92	1198.74
790.11	1210.04
790.29	1204.92
790.48	1203.53
790.67	1207.42
790.85	1198.88
791.04	1208.71
791.22	1202.03
791.41	1206.81
791.59	1210.21
791.78	1209.69
791.96	1203.20
792.15	1209.57
792.33	1205.09
792.52	1212.54
792.70	1202.67
792.89	1212.13
793.07	1214.30
793.26	1206.77
793.45	1200.13
793.63	1210.62
793.82	1203.82
794.00	1213.16
794.19	1203.69
794.37	1211.89
794.56	1205.72
794.74	1208.98
794.93	1203.96
795.11	1208.38
795.30	1205.17
795.48	1206.58
795.67	1202.51
795.85	1210.51
796.04	1200.56
796.22	1207.13
796.41	1202.34
796.59	1213.48
796.78	1206.62
796.96	1214.12
797.15	1206.89
797.33	1209.00
797.52	1204.59
797.70	1206.34
797.89	1206.34
798.07	1207.42
798.26	1195.17
798.44	1213.56
798.63	1214.22
798.81	1206.85
798.99	1203.06
799.18	1207.44
799.36	1201.07
799.55	1209.06
799.73	1207.32
799.92	1214.90
800.10	1209.24
800.29	1209.94
800.47	1206.40
800.66	1208.57
800.84	1205.43
801.03	1213.42
801.21	1203.94
801.39	1207.32
801.58	1205.60
801.76	1202.38
801.95	1204.88
802.13	1212.58
802.32	1205.11
802.50	1201.89
802.69	1203.39
802.87	1212.60
803.06	1201.65
803.24	1213.87
803.42	1206.99
803.61	1210.43
803.79	1208.42
803.98	1205.66
804.16	1204.66
804.35	1208.85
804.53	1204.68
804.71	1213.24
804.90	1206.93
805.08	1207.05
805.27	1205.95
805.45	1207.63
805.63	1197.32
805.82	1207.20
806.00	1199.56
806.19	1206.11
806.37	1199.95
806.56	1205.35
806.74	1201.01
806.92	1201.95
807.11	1204.00
807.29	1210.94
807.48	1201.24
807.66	1214.49
807.84	1206.32
808.03	1213.89
808.21	1202.81
808.40	1201.03
808.58	1203.88
808.76	1207.56
808.95	1201.83
809.13	1209.63
809.32	1205.54
809.50	1216.21
809.68	1203.94
809.87	1209.61
810.05	1205.80
810.23	1212.21
810.42	1201.63
810.60	1215.53
810.79	1200.48
810.97	1208.44
811.15	1205.78
811.34	1209.98
811.52	1207.15
811.70	1211.97
811.89	1202.49
812.07	1209.96
812.25	1204.86
812.44	1209.63
812.62	1209.67
812.81	1208.55
812.99	1197.67
813.17	1209.47
813.36	1200.44
813.54	1210.45
813.72	1200.77
813.91	1214.26
814.09	1202.01
814.27	1208.30
814.46	1204.31
814.64	1213.95
814.82	1203.12
815.01	1210.55
815.19	1202.83
815.37	1213.73
815.56	1209.37
815.74	1213.91
815.92	1205.95
816.11	1217.66
816.29	1201.60
816.47	1200.33
816.66	1201.73
816.84	1212.66
817.02	1204.98
817.21	1206.60
817.39	1208.14
817.57	1210.10
817.76	1206.42
817.94	1209.45
818.12	1203.84
818.30	1207.87
818.49	1211.21
818.67	1209.94
818.85	1209.04
819.04	1211.25
819.22	1201.54
819.40	1206.70
819.59	1208.10
819.77	1203.61
819.95	1210.98
820.13	1216.68
820.32	1202.36
820.50	1201.28
820.68	1199.45
820.87	1208.98
821.05	1202.10
821.23	1211.78
821.41	1203.59
821.60	1209.02
821.78	1196.18
821.96	1212.05
822.14	1206.40
822.33	1207.67
822.51	1202.51
822.69	1203.55
822.88	1203.67
823.06	1213.50
823.24	1204.41
823.42	1200.72
823.61	1203.76
823.79	1206.52
823.97	1199.25
824.15	1209.37
824.34	1198.45
824.52	1220.26
824.70	1202.20
824.88	1206.75
825.07	1201.67
825.25	1213.71
825.43	1211.76
825.61	1210.60
825.80	1204.02
825.98	1212.58
826.16	1203.39
826.34	1210.49
826.53	1202.67
826.71	1210.47
826.89	1207.65
827.07	1206.34
827.25	1209.51
827.44	1216.90
827.62	1199.90
827.80	1209.10
827.98	1210.21
828.17	1208.04
828.35	1207.81
828.53	1208.38
828.71	1200.56
828.89	1204.68
829.08	1208.28
829.26	1209.55
829.44	1203.49
829.62	1213.18
829.80	1195.42
829.99	1211.72
830.17	1197.51
830.35	1212.19
830.53	1202.44
830.71	1208.90
830.90	1211.89
831.08	1213.07
831.26	1203.02
831.44	1211.15
831.62	1209.53
831.81	1203.88
831.99	1207.44
832.17	1210.49
832.35	1205.60
832.53	1202.59
832.71	1204.88
832.90	1210.04
833.08	1207.03
833.26	1211.09
833.44	1197.14
833.62	1211.97
833.81	1212.58
833.99	1212.27
834.17	1202.34
834.35	1211.74
834.53	1206.23
834.71	1206.52
834.89	1204.02
835.08	1213.54
835.26	1201.24
835.44	1213.59
835.62	1203.14
835.80	1208.04
835.98	1204.31
836.17	1214.32
836.35	1202.22
836.53	1213.61
836.71	1206.54
836.89	1206.38
837.07	1208.08
837.25	1213.71
837.44	1209.63
837.62	1213.95
837.80	1202.98
837.98	1204.96
838.16	1209.39
838.34	1211.80
838.52	1208.24
838.70	1208.18
838.89	1205.33
839.07	1207.81
839.25	1207.34
839.43	1209.80
839.61	1203.57
839.79	1206.58
839.97	1206.11
840.15	1204.92
840.33	1207.09
840.52	1212.91
840.70	1205.33
840.88	1211.89
841.06	1199.95
841.24	1212.56
841.42	1211.37
841.60	1211.27
841.78	1203.04
841.96	1205.84
842.14	1203.59
842.33	1208.14
842.51	1208.01
842.69	1210.64
842.87	1203.92
843.05	1207.48
843.23	1208.90
843.41	1203.10
843.59	1202.36
843.77	1201.15
843.95	1201.81
844.13	1212.79
844.31	1205.43
844.49	1210.23
844.68	1211.17
844.86	1207.48
845.04	1195.36
845.22	1208.32
845.40	1208.75
845.58	1212.87
845.76	1201.63
845.94	1210.94
846.12	1205.58
846.30	1207.32
846.48	1204.08
846.66	1207.61
846.84	1201.20
847.02	1208.53
847.20	1204.33
847.38	1207.95
847.56	1202.20
847.74	1212.77
847.92	1204.37
848.11	1208.36
848.29	1210.86
848.47	1211.15
848.65	1203.57
848.83	1214.08
849.01	1202.14
849.19	1207.01
849.37	1202.77
849.55	1202.73
849.73	1204.88
849.91	1209.65
850.09	1208.18
850.27	1214.18
850.45	1201.24
850.63	1208.65
850.81	1203.08
850.99	1208.22
851.17	1211.95
851.35	1206.64
851.53	1205.52
851.71	1204.45
851.89	1207.93
852.07	1213.32
852.25	1204.96
852.43	1208.87
852.61	1200.13
852.79	1208.96
852.97	1201.93
853.15	1201.91
853.33	1198.51
853.51	1203.59
853.69	1204.88
853.87	1206.09
854.05	1208.71
854.23	1211.21
854.41	1208.69
854.59	1214.63
854.77	1202.59
854.95	1199.60
855.13	1200.19
855.31	1214.18
855.49	1199.04
855.67	1206.46
855.84	1209.02
856.02	1210.70
856.20	1207.56
856.38	1210.72
856.56	1207.46
856.74	1213.03
856.92	1201.03
857.10	1208.61
857.28	1202.89
857.46	1206.70
857.64	1193.35
857.82	1202.24
858.00	1193.76
858.18	1202.63
858.36	1205.64
858.54	1219.16
858.72	1197.61
858.90	1204.72
859.08	1207.42
859.25	1214.42
859.43	1206.68
859.61	1208.98
859.79	1204.29
859.97	1206.03
860.15	1205.19
860.33	1203.49
860.51	1204.94
860.69	1210.10
860.87	1207.26
861.05	1202.18
861.23	1200.62
861.41	1215.02
861.58	1199.90
861.76	1206.34
861.94	1205.60
862.12	1213.95
862.30	1211.74
862.48	1208.44
862.66	1202.89
862.84	1210.41
863.02	1206.66
863.20	1202.10
863.37	1198.43
863.55	1210.37
863.73	1202.01
863.91	1208.08
864.09	1199.29
864.27	1209.65
864.45	1213.77
864.63	1206.77
864.80	1200.17
864.98	1209.65
865.16	1203.53
865.34	1203.00
865.52	1206.32
865.70	1214.30
865.88	1202.79
866.06	1219.81
866.23	1209.31
866.41	1211.74
866.59	1192.86
866.77	1209.90
866.95	1207.99
867.13	1208.32
867.31	1200.66
867.48	1205.95
867.66	1205.19
867.84	1217.42
868.02	1206.60
868.20	1205.64
868.38	1207.40
868.56	1214.36
868.73	1205.00
868.91	1210.27
869.09	1201.87
869.27	1217.27
869.45	1202.22
869.63	1216.19
869.80	1204.55
869.98	1213.95
870.16	1208.44
870.34	1207.11
870.52	1204.16
870.70	1209.18
870.87	1200.36
871.05	1213.83
871.23	1207.99
871.41	1217.21
871.59	1201.79
871.76	1207.36
871.94	1200.07
872.12	1199.78
872.30	1205.15
872.48	1215.82
872.65	1205.50
872.83	1205.58
873.01	1195.42
873.19	1209.82
873.37	1204.62
873.54	1207.05
873.72	1209.33
873.90	1208.57
874.08	1201.73
874.26	1204.45
874.43	1209.47
874.61	1213.75
874.79	1199.60
874.97	1208.81
875.15	1202.03
875.32	1210.21
875.50	1211.72
875.68	1212.85
875.86	1202.65
876.03	1204.43
876.21	1202.08
876.39	1215.49
876.57	1204.72
876.74	1210.60
876.92	1208.10
877.10	1207.91
877.28	1200.93
877.45	1211.29
877.63	1200.19
877.81	1208.92
877.99	1196.75
878.17	1212.07
878.34	1206.60
878.52	1214.14
878.70	1208.08
878.87	1211.76
879.05	1202.57
879.23	1204.98
879.41	1202.34
879.58	1208.85
879.76	1198.33
879.94	1209.08
880.12	1202.24
880.29	1210.60
880.47	1205.13
880.65	1208.94
880.83	1202.49
881.00	1206.89
881.18	1195.40
881.36	1217.89
881.53	1204.53
881.71	1204.00
881.89	1202.08
882.07	1206.99
882.24	1202.73
882.42	1216.27
882.60	1204.62
882.77	1220.04
882.95	1203.12
883.13	1207.07
883.30	1204.62
883.48	1212.60
883.66	1205.23
883.84	1207.87
884.01	1203.26
884.19	1208.16
884.37	1203.88
884.54	1214.63
884.72	1207.67
884.90	1218.13
885.07	1202.85
885.25	1213.42
885.43	1203.84
885.60	1206.54
885.78	1199.50
885.96	1212.79
886.13	1202.30
886.31	1215.94
886.49	1198.49
886.66	1210.35
886.84	1212.85
887.02	1206.79
887.19	1197.14
887.37	1206.40
887.55	1202.69
887.72	1208.71
887.90	1198.84
888.08	1211.05
888.25	1205.37
888.43	1209.08
888.61	1205.02
888.78	1203.49
888.96	1202.24
889.14	1212.70
889.31	1200.95
889.49	1211.00
889.67	1204.47
889.84	1212.01
890.02	1202.28
890.19	1212.23
890.37	1209.20
890.55	1213.93
890.72	1205.52
890.90	1213.24
891.08	1197.41
891.25	1216.86
891.43	1199.93
891.60	1210.72
891.78	1197.88
891.96	1203.73
892.13	1201.48
892.31	1211.23
892.48	1207.18
892.66	1208.98
892.84	1212.91
893.01	1213.48
893.19	1203.20
893.36	1208.40
893.54	1204.74
893.72	1205.86
893.89	1205.07
894.07	1217.17
894.24	1206.13
894.42	1232.45
894.60	1211.15
894.77	1213.03
894.95	1205.72
895.12	1210.72
895.30	1199.68
895.48	1207.03
895.65	1192.96
895.83	1208.47
896.00	1210.96
896.18	1216.17
896.35	1200.17
896.53	1212.44
896.71	1201.85
896.88	1214.83
897.06	1202.57
897.23	1213.26
897.41	1203.51
897.58	1200.52
897.76	1198.92
897.93	1206.38
898.11	1202.63
898.29	1209.06
898.46	1205.43
898.64	1213.09
898.81	1205.21
898.99	1211.70
899.16	1206.87
899.34	1209.37
899.51	1202.22
899.69	1210.47
899.86	1203.45
900.04	1201.95
900.21	1198.08
900.39	1210.08
900.57	1209.04
900.74	1207.54
900.92	1201.83
901.09	1206.23
901.27	1197.12
901.44	1211.37
901.62	1208.83
901.79	1208.87
901.97	1200.95
902.14	1207.13
902.32	1198.45
902.49	1201.79
902.67	1199.31
902.84	1217.39
903.02	1209.51
903.19	1206.21
903.37	1200.93
903.54	1212.60
903.72	1200.23
903.89	1212.44
904.07	1201.77
904.24	1208.69
904.42	1198.14
904.59	1211.09
904.77	1204.80
904.94	1213.61
905.12	1205.43
905.29	1215.88
905.47	1206.17
905.64	1214.02
905.82	1203.53
905.99	1208.10
906.16	1204.21
906.34	1207.56
906.51	1204.02
906.69	1211.95
906.86	1198.74
907.04	1201.52
907.21	1204.49
907.39	1209.28
907.56	1209.37
907.74	1217.89
907.91	1205.56
908.09	1211.84
908.26	1200.89
908.43	1209.69
908.61	1212.03
908.78	1213.11
908.96	1201.71
909.13	1211.78
909.31	1197.78
909.48	1203.10
909.65	1201.05
909.83	1215.90
910.00	1204.27
910.18	1210.84
910.35	1198.84
910.53	1212.73
910.70	1199.39
910.87	1208.71
911.05	1195.89
911.22	1211.11
911.40	1199.41
911.57	1208.77
911.75	1205.31
911.92	1202.83
912.09	1212.52
912.27	1209.12
912.44	1204.25
912.62	1206.42
912.79	1204.47
912.96	1207.26
913.14	1205.23
913.31	1211.56
913.49	1200.56
913.66	1208.04
913.83	1203.28
914.01	1206.77
914.18	1207.38
914.36	1213.11
914.53	1199.37
914.70	1217.15
914.88	1201.79
915.05	1215.49
915.22	1198.57
915.40	1210.70
915.57	1211.97
915.75	1209.74
915.92	1197.84
916.09	1210.82
916.27	1202.69
916.44	1212.83
916.61	1203.63
916.79	1206.52
916.96	1203.88
917.13	1214.16
917.31	1211.89
917.48	1207.28
917.66	1197.71
917.83	1210.31
918.00	1200.62
918.18	1212.75
918.35	1208.16
918.52	1206.46
918.70	1208.79
918.87	1208.59
919.04	1201.34
919.22	1209.96
919.39	1201.32
919.56	1208.85
919.74	1202.69
919.91	1208.53
920.08	1202.28
920.26	1209.39
920.43	1205.19
920.60	1209.55
920.78	1197.20
920.95	1207.81
921.12	1210.29
921.29	1205.86
921.47	1199.93
921.64	1211.33
921.81	1202.53
921.99	1214.63
922.16	1200.38
922.33	1206.60
922.51	1205.68
922.68	1214.92
922.85	1213.73
923.03	1208.65
923.20	1203.45
923.37	1206.34
923.54	1207.54
923.72	1205.58
923.89	1205.17
924.06	1204.51
924.24	1202.96
924.41	1212.64
924.58	1199.27
924.75	1207.91
924.93	1199.84
925.10	1210.90
925.27	1201.03
925.44	1211.39
925.62	1195.97
925.79	1203.94
925.96	1205.27
926.14	1207.52
926.31	1207.20
926.48	1213.99
926.65	1206.19
926.83	1206.23
927.00	1203.49
927.17	1211.48
927.34	1200.64
927.52	1215.12
927.69	1204.55
927.86	1207.03
928.03	1205.60
928.21	1209.61
928.38	1201.69
928.55	1212.81
928.72	1202.40
928.89	1210.90
929.07	1206.60
929.24	1211.17
929.41	1206.34
929.58	1208.63
929.76	1204.37
929.93	1203.45
930.10	1198.35
930.27	1211.33
930.44	1202.30
930.62	1211.46
930.79	1198.04
930.96	1215.53
931.13	1203.73
931.31	1212.32
931.48	1202.28
931.65	1208.61
931.82	1204.06
931.99	1210.74
932.17	1204.84
932.34	1214.38
932.51	1203.47
932.68	1217.27
932.85	1201.93
933.03	1215.86
933.20	1201.69
933.37	1206.83
933.54	1201.11
933.71	1214.16
933.88	1212.23
934.06	1209.41
934.23	1204.62
934.40	1208.01
934.57	1201.52
934.74	1215.31
934.91	1202.87
935.09	1207.69
935.26	1208.55
935.43	1207.93
935.60	1208.73
935.77	1207.69
935.94	1200.27
936.12	1214.16
936.29	1203.28
936.46	1214.77
936.63	1207.15
936.80	1209.69
936.97	1200.48
937.14	1212.40
937.32	1204.53
937.49	1212.93
937.66	1205.62
937.83	1203.39
938.00	1203.61
938.17	1209.45
938.34	1208.77
938.52	1207.26
938.69	1205.00
938.86	1211.21
939.03	1210.37
939.20	1212.30
939.37	1207.07
939.54	1205.64
939.71	1201.13
939.89	1215.51
940.06	1203.14
940.23	1204.86
940.40	1209.12
940.57	1203.57
940.74	1201.95
940.91	1214.36
941.08	1206.48
941.25	1215.92
941.43	1204.92
941.60	1207.89
941.77	1200.03
941.94	1205.45
942.11	1203.76
942.28	1213.22
942.45	1202.96
942.62	1209.14
942.79	1204.00
942.96	1208.24
943.13	1213.18
943.30	1206.77
943.48	1203.16
943.65	1210.76
943.82	1202.40
943.99	1208.32
944.16	1212.32
944.33	1207.48
944.50	1200.13
944.67	1213.56
944.84	1204.92
945.01	1210.12
945.18	1205.56
945.35	1214.14
945.52	1206.85
945.69	1210.68
945.86	1208.24
946.03	1207.54
946.21	1205.31
946.38	1207.11
946.55	1208.63
946.72	1214.79
946.89	1207.36
947.06	1211.41
947.23	1208.42
947.40	1202.92
947.57	1202.75
947.74	1206.52
947.91	1205.52
948.08	1209.28
948.25	1203.43
948.42	1216.29
948.59	1212.27
948.76	1205.60
948.93	1200.81
949.10	1209.47
949.27	1198.43
949.44	1211.66
949.61	1206.58
949.78	1203.96
949.95	1203.53
950.12	1208.26
950.29	1200.13
950.46	1210.47
950.63	1201.87
950.80	1202.26
950.97	1207.58
951.14	1210.62
951.31	1202.18
951.48	1208.94
951.65	1200.05
951.82	1210.14
951.99	1203.82
952.16	1209.45
952.33	1203.08
952.50	1212.23
952.67	1201.97
952.84	1207.89
953.01	1205.74
953.18	1208.94
953.35	1205.15
953.52	1211.31
953.69	1205.88
953.86	1208.24
954.03	1204.72
954.20	1204.51
954.37	1212.52
954.54	1204.98
954.70	1206.54
954.87	1210.14
955.04	1198.84
955.21	1208.53
955.38	1204.23
955.55	1204.04
955.72	1206.44
955.89	1212.70
956.06	1200.19
956.23	1213.77
956.40	1205.74
956.57	1211.41
956.74	1201.44
956.91	1212.56
957.08	1209.28
957.25	1209.39
957.41	1204.84
957.58	1202.14
957.75	1197.75
957.92	1206.13
958.09	1200.05
958.26	1210.33
958.43	1208.38
958.60	1206.97
958.77	1202.01
958.94	1217.60
959.11	1208.01
959.27	1211.62
959.44	1206.83
959.61	1212.56
959.78	1207.63
959.95	1208.92
960.12	1205.05
960.29	1219.61
960.46	1210.90
960.63	1211.72
960.80	1198.84
960.96	1206.91
961.13	1206.56
961.30	1207.28
961.47	1198.39
961.64	1211.05
961.81	1202.63
961.98	1208.34
962.15	1205.23
962.31	1209.20
962.48	1197.80
962.65	1210.08
962.82	1200.21
962.99	1215.57
963.16	1199.04
963.33	1213.85
963.49	1202.53
963.66	1213.95
963.83	1205.58
964.00	1208.44
964.17	1202.85
964.34	1209.86
964.51	1205.17
964.67	1207.87
964.84	1199.86
965.01	1230.97
965.18	1199.47
965.35	1213.11
965.52	1201.95
965.68	1209.63
965.85	1210.35
966.02	1206.48
966.19	1205.21
966.36	1213.56
966.52	1204.31
966.69	1212.83
966.86	1198.90
967.03	1207.18
967.20	1203.41
967.37	1212.81
967.53	1201.85
967.70	1205.80
967.87	1193.31
968.04	1212.15
968.21	1195.52
968.37	1212.21
968.54	1198.61
968.71	1214.75
968.88	1201.44
969.05	1200.74
969.21	1200.42
969.38	1209.43
969.55	1196.57
969.72	1214.77
969.89	1203.12
970.05	1208.47
970.22	1204.27
970.39	1203.12
970.56	1200.58
970.72	1205.97
970.89	1209.10
971.06	1220.71
971.23	1205.88
971.39	1207.97
971.56	1200.74
971.73	1207.07
971.90	1197.04
972.07	1207.28
972.23	1202.10
972.40	1207.61
972.57	1204.51
972.74	1212.97
972.90	1195.95
973.07	1207.26
973.24	1198.04
973.40	1208.53
973.57	1203.80
973.74	1209.31
973.91	1207.22
974.07	1211.46
974.24	1206.97
974.41	1215.06
974.58	1204.92
974.74	1212.48
974.91	1204.21
975.08	1207.36
975.25	1205.35
975.41	1214.18
975.58	1204.70
975.75	1211.58
975.91	1199.62
976.08	1207.20
976.25	1196.77
976.42	1206.21
976.58	1205.43
976.75	1211.97
976.92	1204.33
977.08	1212.56
977.25	1208.06
977.42	1214.63
977.58	1204.78
977.75	1209.28
977.92	1199.39
978.08	1209.71
978.25	1206.23
978.42	1211.56
978.59	1205.17
978.75	1207.54
978.92	1212.13
979.09	1207.42
979.25	1201.46
979.42	1214.10
979.59	1201.09
979.75	1213.83
979.92	1209.00
980.09	1204.37
980.25	1204.25
980.42	1220.00
980.59	1208.73
980.75	1210.21
980.92	1202.18
981.09	1211.54
981.25	1204.29
981.42	1210.27
981.59	1198.33
981.75	1212.27
981.92	1204.80
982.08	1206.62
982.25	1198.45
982.42	1209.47
982.58	1198.00
982.75	1208.04
982.92	1203.92
983.08	1210.00
983.25	1198.35
983.42	1212.17
983.58	1200.46
983.75	1211.23
983.91	1203.71
984.08	1210.02
984.25	1212.52
984.41	1208.59
984.58	1202.49
984.74	1213.40
984.91	1199.72
985.08	1212.89
985.24	1204.72
985.41	1216.00
985.57	1202.12
985.74	1212.21
985.91	1203.59
986.07	1208.26
986.24	1201.67
986.40	1208.10
986.57	1207.11
986.74	1204.31
986.90	1204.04
987.07	1213.22
987.23	1209.04
987.40	1210.74
987.57	1208.77
987.73	1212.25
987.90	1201.15
988.06	1210.90
988.23	1205.39
988.39	1204.66
988.56	1207.28
988.73	1206.34
988.89	1209.18
989.06	1205.95
989.22	1207.87
989.39	1214.26
989.55	1207.89
989.72	1209.80
989.88	1198.92
990.05	1212.46
990.22	1203.94
990.38	1210.35
990.55	1203.22
990.71	1206.34
990.88	1209.41
991.04	1206.64
991.21	1209.49
991.37	1205.82
991.54	1211.91
991.70	1205.99
991.87	1209.63
992.03	1210.49
992.20	1206.05
992.36	1206.97
992.53	1198.74
992.69	1203.10
992.86	1192.61
993.03	1210.47
993.19	1208.79
993.36	1209.71
993.52	1207.38
993.69	1206.40
993.85	1192.76
994.02	1210.08
994.18	1202.57
994.35	1210.74
994.51	1208.61
994.68	1206.68
994.84	1200.72
995.01	1218.91
995.17	1202.01
995.34	1210.76
995.50	1212.81
995.66	1212.05
995.83	1203.00
995.99	1212.95
996.16	1206.27
996.32	1210.82
996.49	1201.48
996.65	1210.78
996.82	1200.74
996.98	1206.32
997.15	1207.46
997.31	1214.12
997.48	1203.96
997.64	1212.09
997.81	1204.74
997.97	1209.47
998.13	1207.50
998.30	1210.98
998.46	1204.49
998.63	1206.13
998.79	1207.95
998.96	1209.47
999.12	1205.76
999.29	1207.83
999.45	1199.09
999.61	1209.12
999.78	1199.78
999.94	1211.80
1000.11	1204.31
1000.27	1213.65
1000.44	1209.16
1000.60	1209.24
1000.76	1206.91
1000.93	1217.50
1001.09	1216.00
1001.26	1204.82
1001.42	1208.51
1001.59	1210.14
1001.75	1210.55
1001.91	1208.69
1002.08	1199.52
1002.24	1205.15
1002.41	1209.74
1002.57	1211.17
1002.73	1193.23
1002.90	1207.09
1003.06	1204.41
1003.23	1212.73
1003.39	1199.86
1003.55	1207.63
1003.72	1208.26
1003.88	1209.47
1004.04	1205.05
1004.21	1207.15
1004.37	1203.41
1004.54	1209.49
1004.70	1203.39
1004.86	1210.98
1005.03	1198.94
1005.19	1209.28
1005.35	1205.39
1005.52	1203.35
1005.68	1197.37
1005.85	1207.87
1006.01	1206.25
1006.17	1207.26
1006.34	1195.30
1006.50	1210.74
1006.66	1200.40
1006.83	1214.14
1006.99	1199.90
1007.15	1213.09
1007.32	1208.69
1007.48	1207.93
1007.64	1201.03
1007.81	1206.52
1007.97	1200.01
1008.13	1214.47
1008.30	1210.29
1008.46	1213.65
1008.62	1204.29
1008.79	1209.57
1008.95	1209.33
1009.11	1217.62
1009.28	1204.33
1009.44	1209.10
1009.60	1208.32
1009.77	1207.63
1009.93	1203.45
1010.09	1205.15
1010.25	1205.13
1010.42	1207.83
1010.58	1204.86
1010.74	1208.49
1010.91	1201.79
1011.07	1207.61
1011.23	1195.52
1011.40	1211.37
1011.56	1207.36
1011.72	1200.38
1011.88	1204.27
1012.05	1211.25
1012.21	1198.66
1012.37	1214.53
1012.54	1204.19
1012.70	1204.82
1012.86	1214.10
1013.02	1214.14
1013.19	1203.76
1013.35	1209.41
1013.51	1203.45
1013.67	1216.29
1013.84	1207.26
1014.00	1211.29
1014.16	1208.40
1014.33	1209.12
1014.49	1203.35
1014.65	1215.02
1014.81	1198.39
1014.98	1199.72
1015.14	1200.17
1015.30	1208.16
1015.46	1212.75
1015.62	1200.29
1015.79	1206.13
1015.95	1213.40
1016.11	1202.98
1016.27	1211.25
1016.44	1201.56
1016.60	1207.77
1016.76	1200.74
1016.92	1209.74
1017.09	1196.87
1017.25	1212.99
1017.41	1198.43
1017.57	1211.72
1017.73	1199.31
1017.90	1210.21
1018.06	1206.68
1018.22	1206.07
1018.38	1208.34
1018.54	1209.57
1018.71	1193.70
1018.87	1208.65
1019.03	1207.24
1019.19	1214.34
1019.35	1205.50
1019.52	1207.73
1019.68	1201.48
1019.84	1204.31
1020.00	1200.31
1020.16	1213.69
1020.33	1203.84
1020.49	1211.58
1020.65	1194.54
1020.81	1213.61
1020.97	1203.06
1021.13	1214.04
1021.30	1200.91
1021.46	1206.19
1021.62	1209.59
1021.78	1211.82
1021.94	1203.53
1022.10	1214.61
1022.27	1202.38
1022.43	1214.40
1022.59	1201.09
1022.75	1213.89
1022.91	1206.36
1023.07	1202.34
1023.24	1201.87
1023.40	1220.77
1023.56	1200.97
1023.72	1210.17
1023.88	1206.21
1024.04	1207.69
1024.20	1204.96
1024.36	1207.30
1024.53	1202.53
1024.69	1212.32
1024.85	1196.38
1025.01	1216.80
1025.17	1197.08
1025.33	1213.61
1025.49	1211.39
1025.65	1207.83
1025.82	1209.26
1025.98	1212.89
1026.14	1205.48
1026.30	1212.75
1026.46	1206.91
1026.62	1215.78
1026.78	1202.14
1026.94	1206.42
1027.10	1210.60
1027.26	1212.75
1027.43	1196.10
1027.59	1208.73
1027.75	1203.78
1027.91	1215.10
1028.07	1203.69
1028.23	1216.15
1028.39	1200.74
1028.55	1210.88
1028.71	1201.40
1028.87	1212.40
1029.03	1199.13
1029.19	1206.72
1029.36	1203.37
1029.52	1205.82
1029.68	1197.59
1029.84	1213.38
1030.00	1205.64
1030.16	1211.99
1030.32	1207.40
1030.48	1208.47
1030.64	1205.58
1030.80	1208.63
1030.96	1200.77
1031.12	1209.78
1031.28	1204.72
1031.44	1219.18
1031.60	1198.84
1031.76	1208.10
1031.92	1202.18
1032.08	1223.87
1032.24	1201.32
1032.40	1206.66
1032.56	1203.30
1032.73	1214.28
1032.89	1208.08
1033.05	1210.60
1033.21	1195.60
1033.37	1204.25
1033.53	1196.03
1033.69	1213.34
1033.85	1204.31
1034.01	1207.07
1034.17	1201.60
1034.33	1206.15
1034.49	1205.52
1034.65	1212.44
1034.81	1199.68
1034.97	1211.58
1035.13	1207.36
1035.29	1200.07
1035.45	1196.61
1035.61	1210.51
1035.77	1201.28
1035.93	1206.11
1036.09	1209.55
1036.25	1204.10
1036.41	1201.85
1036.57	1211.19
1036.73	1203.18
1036.88	1207.48
1037.04	1199.19
