345.52	1185.30
345.73	1185.30
345.94	1185.30
346.16	1178.95
346.37	1186.12
346.58	1190.53
346.79	1183.44
347.00	1183.62
347.22	1189.21
347.43	1187.97
347.64	1190.30
347.85	1185.98
348.06	1195.77
348.28	1183.13
348.49	1191.10
348.70	1190.07
348.91	1194.38
349.12	1187.72
349.34	1195.97
349.55	1188.76
349.76	1189.89
349.97	1188.72
350.18	1188.68
350.40	1186.22
350.61	1196.94
350.82	1187.06
351.03	1190.79
351.24	1190.28
351.46	1192.92
351.67	1188.95
351.88	1191.30
352.09	1181.47
352.30	1191.71
352.51	1186.55
352.73	1200.29
352.94	1190.79
353.15	1192.68
353.36	1188.99
353.57	1203.69
353.79	1189.21
354.00	1188.46
354.21	1189.62
354.42	1193.78
354.63	1182.42
354.84	1191.00
355.06	1183.13
355.27	1196.32
355.48	1192.76
355.69	1192.45
355.90	1187.92
356.11	1202.98
356.33	1185.57
356.54	1199.56
356.75	1187.43
356.96	1195.42
357.17	1185.02
357.38	1188.44
357.60	1192.59
357.81	1198.49
358.02	1191.69
358.23	1195.26
358.44	1191.04
358.65	1188.72
358.87	1192.74
359.08	1188.58
359.29	1193.29
359.50	1193.19
359.71	1187.51
359.92	1201.60
360.13	1187.23
360.35	1196.10
360.56	1196.10
360.77	1192.18
360.98	1182.54
361.19	1203.18
361.40	1191.36
361.62	1191.88
361.83	1188.31
362.04	1194.01
362.25	1184.61
362.46	1198.35
362.67	1183.03
362.88	1195.38
363.10	1195.15
363.31	1195.09
363.52	1183.56
363.73	1203.12
363.94	1191.73
364.15	1193.64
364.36	1188.07
364.57	1197.84
364.79	1187.62
365.00	1192.35
365.21	1187.82
365.42	1199.64
365.63	1191.53
365.84	1198.70
366.05	1187.43
366.27	1196.67
366.48	1188.07
366.69	1200.05
366.90	1191.77
367.11	1196.57
367.32	1195.46
367.53	1197.32
367.74	1192.68
367.95	1194.81
368.17	1196.30
368.38	1196.12
368.59	1191.00
368.80	1190.87
369.01	1195.38
369.22	1196.79
369.43	1181.84
369.64	1193.84
369.86	1192.04
370.07	1194.44
370.28	1190.96
370.49	1189.56
370.70	1187.82
370.91	1191.39
371.12	1191.51
371.33	1193.92
371.54	1188.83
371.76	1201.20
371.97	1187.21
372.18	1189.50
372.39	1188.01
372.60	1195.79
372.81	1189.91
373.02	1197.65
373.23	1188.54
373.44	1197.28
373.65	1185.12
373.87	1191.32
374.08	1187.56
374.29	1187.06
374.50	1191.65
374.71	1197.98
374.92	1196.85
375.13	1193.95
375.34	1187.72
375.55	1192.06
375.76	1192.27
375.97	1196.48
376.19	1186.10
376.40	1197.71
376.61	1189.81
376.82	1195.73
377.03	1185.90
377.24	1190.46
377.45	1183.09
377.66	1195.79
377.87	1191.43
378.08	1197.53
378.29	1189.38
378.50	1203.47
378.71	1192.12
378.93	1196.05
379.14	1189.07
379.35	1194.35
379.56	1197.67
379.77	1193.23
379.98	1190.24
380.19	1196.57
380.40	1188.33
380.61	1189.71
380.82	1182.48
381.03	1195.99
381.24	1196.91
381.45	1193.88
381.66	1187.13
381.88	1195.09
382.09	1184.16
382.30	1197.78
382.51	1191.00
382.72	1196.94
382.93	1188.33
383.14	1198.57
383.35	1188.48
383.56	1191.43
383.77	1190.48
383.98	1190.77
384.19	1194.17
384.40	1199.70
384.61	1189.32
384.82	1198.23
385.03	1188.70
385.24	1193.76
385.45	1188.95
385.67	1194.72
385.88	1190.53
386.09	1199.15
386.30	1191.67
386.51	1189.64
386.72	1191.77
386.93	1199.04
387.14	1191.67
387.35	1196.42
387.56	1198.04
387.77	1198.18
387.98	1185.67
388.19	1196.20
388.40	1183.52
388.61	1192.55
388.82	1188.85
389.03	1195.17
389.24	1192.45
389.45	1194.44
389.66	1190.57
389.87	1194.01
390.08	1189.11
390.29	1194.68
390.50	1184.38
390.71	1198.70
390.92	1186.70
391.13	1197.20
391.34	1191.86
391.55	1197.14
391.76	1191.45
391.98	1193.43
392.19	1191.22
392.40	1192.94
392.61	1189.81
392.82	1189.05
393.03	1192.33
393.24	1194.09
393.45	1184.95
393.66	1194.97
393.87	1186.86
394.08	1192.96
394.29	1189.50
394.50	1193.78
394.71	1186.82
394.92	1192.29
395.13	1185.84
395.34	1191.98
395.55	1186.43
395.76	1201.50
395.97	1193.13
396.18	1197.45
396.39	1196.30
396.60	1192.78
396.81	1197.06
397.02	1197.90
397.23	1192.74
397.44	1198.43
397.65	1195.58
397.86	1201.83
398.07	1192.41
398.28	1196.57
398.49	1197.98
398.70	1193.27
398.91	1195.40
399.12	1199.52
399.33	1187.80
399.54	1199.76
399.75	1190.93
399.96	1198.74
400.17	1191.12
400.38	1197.10
400.59	1187.72
400.80	1201.15
401.01	1194.93
401.22	1197.12
401.42	1191.65
401.63	1195.89
401.84	1191.75
402.05	1195.26
402.26	1191.94
402.47	1202.75
402.68	1189.13
402.89	1193.74
403.10	1191.61
403.31	1197.49
403.52	1195.30
403.73	1202.67
403.94	1186.59
404.15	1198.74
404.36	1195.09
404.57	1199.39
404.78	1191.94
404.99	1197.28
405.20	1196.77
405.41	1200.07
405.62	1189.07
405.83	1189.13
406.04	1189.23
406.25	1187.60
406.46	1190.98
406.67	1191.22
406.88	1190.77
407.09	1196.18
407.30	1192.27
407.50	1195.91
407.71	1191.88
407.92	1205.68
408.13	1186.33
408.34	1194.09
408.55	1194.50
408.76	1198.43
408.97	1197.24
409.18	1187.15
409.39	1194.99
409.60	1190.36
409.81	1191.98
410.02	1196.05
410.23	1192.37
410.44	1199.97
410.65	1188.33
410.86	1195.75
411.07	1193.95
411.27	1200.99
411.48	1191.77
411.69	1202.26
411.90	1191.41
412.11	1200.68
412.32	1188.99
412.53	1200.89
412.74	1194.15
412.95	1195.28
413.16	1192.57
413.37	1188.01
413.58	1188.85
413.79	1198.04
414.00	1192.76
414.20	1196.18
414.41	1189.79
414.62	1196.18
414.83	1191.94
415.04	1192.96
415.25	1189.60
415.46	1192.53
415.67	1197.90
415.88	1190.75
416.09	1192.57
416.30	1199.27
416.51	1185.55
416.71	1191.41
416.92	1191.59
417.13	1197.78
417.34	1196.98
417.55	1193.52
417.76	1195.79
417.97	1204.29
418.18	1191.47
418.39	1199.72
418.60	1192.35
418.81	1198.41
419.01	1186.18
419.22	1195.24
419.43	1187.47
419.64	1202.96
419.85	1192.68
420.06	1191.57
420.27	1190.10
420.48	1197.34
420.69	1187.43
420.90	1197.92
421.10	1189.93
421.31	1199.23
421.52	1190.05
421.73	1192.04
421.94	1196.73
422.15	1203.69
422.36	1195.69
422.57	1201.13
422.78	1190.53
422.98	1196.53
423.19	1195.13
423.40	1201.05
423.61	1191.14
423.82	1199.78
424.03	1195.24
424.24	1201.24
424.45	1192.35
424.65	1193.80
424.86	1186.10
425.07	1196.73
425.28	1193.21
425.49	1199.27
425.70	1185.24
425.91	1198.90
426.12	1196.85
426.32	1200.03
426.53	1191.26
426.74	1194.29
426.95	1189.50
427.16	1196.42
427.37	1189.75
427.58	1200.95
427.78	1185.41
427.99	1197.61
428.20	1193.25
428.41	1198.68
428.62	1190.30
428.83	1202.77
429.04	1192.31
429.24	1202.14
429.45	1186.59
429.66	1198.61
429.87	1191.63
430.08	1197.84
430.29	1187.35
430.50	1193.21
430.70	1195.91
430.91	1192.53
431.12	1195.03
431.33	1193.97
431.54	1187.58
431.75	1199.62
431.96	1196.89
432.16	1198.76
432.37	1190.81
432.58	1200.42
432.79	1189.30
433.00	1194.62
433.21	1190.48
433.41	1194.93
433.62	1191.86
433.83	1196.38
434.04	1192.27
434.25	1193.68
434.46	1191.28
434.66	1195.30
434.87	1189.60
435.08	1197.63
435.29	1195.56
435.50	1191.69
435.71	1196.63
435.91	1201.91
436.12	1198.29
436.33	1196.94
436.54	1193.23
436.75	1199.17
436.95	1188.42
437.16	1200.36
437.37	1194.09
437.58	1195.99
437.79	1191.75
438.00	1199.00
438.20	1191.39
438.41	1202.10
438.62	1193.21
438.83	1202.28
439.04	1192.84
439.24	1198.57
439.45	1197.55
439.66	1205.56
439.87	1200.48
440.08	1201.71
440.28	1199.35
440.49	1202.49
440.70	1198.08
440.91	1205.09
441.12	1196.30
441.32	1205.58
441.53	1196.75
441.74	1203.76
441.95	1194.42
442.16	1200.72
442.36	1190.34
442.57	1202.46
442.78	1188.68
442.99	1203.10
443.20	1195.24
443.40	1199.21
443.61	1190.28
443.82	1203.84
444.03	1191.06
444.24	1206.58
444.44	1194.13
444.65	1200.91
444.86	1200.03
445.07	1205.23
445.27	1197.57
445.48	1201.79
445.69	1195.17
445.90	1202.14
446.11	1197.49
446.31	1200.70
446.52	1195.62
446.73	1203.39
446.94	1192.68
447.14	1202.26
447.35	1194.01
447.56	1207.44
447.77	1195.77
447.97	1206.79
448.18	1197.06
448.39	1206.09
448.60	1197.20
448.81	1196.87
449.01	1194.78
449.22	1206.40
449.43	1195.42
449.64	1210.55
449.84	1191.84
450.05	1208.94
450.26	1194.15
450.47	1196.42
450.67	1196.75
450.88	1193.29
451.09	1198.23
451.30	1206.89
451.50	1200.77
451.71	1206.85
451.92	1192.84
452.13	1199.27
452.33	1198.16
452.54	1210.49
452.75	1201.13
452.96	1209.49
453.16	1204.31
453.37	1208.98
453.58	1202.63
453.79	1210.25
453.99	1207.01
454.20	1208.59
454.41	1204.10
454.61	1205.15
454.82	1209.06
455.03	1214.14
455.24	1213.73
455.44	1219.44
455.65	1218.99
455.86	1227.47
456.07	1228.21
456.27	1233.53
456.48	1235.05
456.69	1246.64
456.90	1249.04
457.10	1249.81
457.31	1256.57
457.52	1274.72
457.72	1274.90
457.93	1279.94
458.14	1298.00
458.35	1305.11
458.55	1313.08
458.76	1334.01
458.97	1354.18
459.17	1403.15
459.38	1426.04
459.59	1490.18
459.80	1538.74
460.00	1588.04
460.21	1641.06
460.42	1685.05
460.62	1713.70
460.83	1762.36
461.04	1771.80
461.25	1796.81
461.45	1807.31
461.66	1845.32
461.87	1837.81
462.07	1879.11
462.28	1866.15
462.49	1878.27
462.69	1875.88
462.90	1902.42
463.11	1890.30
463.31	1905.47
463.52	1906.90
463.73	1929.08
463.94	1937.67
464.14	1941.64
464.35	1934.70
464.56	1935.51
464.76	1917.84
464.97	1915.92
465.18	1855.46
465.38	1852.59
465.59	1810.32
465.80	1765.55
466.00	1721.60
466.21	1701.29
466.42	1637.41
466.62	1631.41
466.83	1596.90
467.04	1584.43
467.24	1535.81
467.45	1533.70
467.66	1513.35
467.86	1512.24
468.07	1489.39
468.28	1487.23
468.48	1477.61
468.69	1482.40
468.90	1457.42
469.10	1454.24
469.31	1448.88
469.52	1438.96
469.72	1422.13
469.93	1425.35
470.14	1412.98
470.34	1417.85
470.55	1410.27
470.76	1398.23
470.96	1394.01
471.17	1392.25
471.38	1374.15
471.58	1379.10
471.79	1367.29
472.00	1369.50
472.20	1355.67
472.41	1364.91
472.62	1348.28
472.82	1351.31
473.03	1346.81
473.24	1344.96
473.44	1328.01
473.65	1340.60
473.85	1323.66
474.06	1330.54
474.27	1317.34
474.47	1327.80
474.68	1317.17
474.89	1323.38
475.09	1319.71
475.30	1320.20
475.51	1324.13
475.71	1321.55
475.92	1324.03
476.12	1332.51
476.33	1328.68
476.54	1346.60
476.74	1347.19
476.95	1362.58
477.16	1395.01
477.36	1418.28
477.57	1457.01
477.77	1507.84
477.98	1544.33
478.19	1585.93
478.39	1609.97
478.60	1639.71
478.81	1649.41
479.01	1659.14
479.22	1674.07
479.42	1657.65
479.63	1647.78
479.84	1644.95
480.04	1614.07
480.25	1603.83
480.45	1573.62
480.66	1553.34
480.87	1503.78
481.07	1480.37
481.28	1457.68
481.48	1422.99
481.69	1392.19
481.90	1363.01
482.10	1341.17
482.31	1334.23
482.51	1315.80
482.72	1310.93
482.93	1294.36
483.13	1292.80
483.34	1294.17
483.54	1299.62
483.75	1285.12
483.96	1298.74
484.16	1283.34
484.37	1294.15
484.57	1272.26
484.78	1278.77
484.99	1265.67
485.19	1261.16
485.40	1247.89
485.60	1242.15
485.81	1228.19
486.01	1223.78
486.22	1221.84
486.43	1220.57
486.63	1210.08
486.84	1216.06
487.04	1214.53
487.25	1219.52
487.46	1206.15
487.66	1209.04
487.87	1214.38
488.07	1212.87
488.28	1209.06
488.48	1212.44
488.69	1207.09
488.89	1205.13
489.10	1207.48
489.31	1210.82
489.51	1204.14
489.72	1211.05
489.92	1213.26
490.13	1211.82
490.33	1194.83
490.54	1210.62
490.75	1206.46
490.95	1204.37
491.16	1202.96
491.36	1203.06
491.57	1203.71
491.77	1208.61
491.98	1193.97
492.18	1211.29
492.39	1208.44
492.59	1200.85
492.80	1198.84
493.01	1206.58
493.21	1204.41
493.42	1210.37
493.62	1210.64
493.83	1203.22
494.03	1190.07
494.24	1203.57
494.44	1195.71
494.65	1199.58
494.85	1200.38
495.06	1201.85
495.26	1201.20
495.47	1211.07
495.68	1194.07
495.88	1197.69
496.09	1196.22
496.29	1194.64
496.50	1199.04
496.70	1198.98
496.91	1200.33
497.11	1202.81
497.32	1196.01
497.52	1202.53
497.73	1189.32
497.93	1201.44
498.14	1199.56
498.34	1198.18
498.55	1196.71
498.75	1200.29
498.96	1195.07
499.16	1200.31
499.37	1197.47
499.57	1197.08
499.78	1188.19
499.98	1200.87
500.19	1197.45
500.39	1194.42
500.60	1189.60
500.80	1200.93
501.01	1198.53
501.21	1198.45
501.42	1188.64
501.62	1204.92
501.83	1193.72
502.03	1197.45
502.24	1201.60
502.44	1199.86
502.65	1189.83
502.85	1202.65
503.06	1197.65
503.26	1199.09
503.47	1199.52
503.67	1204.80
503.88	1197.49
504.08	1200.87
504.29	1198.06
504.49	1194.64
504.70	1202.96
504.90	1197.24
505.11	1193.15
505.31	1199.27
505.52	1196.91
505.72	1196.79
505.93	1193.06
506.13	1205.74
506.34	1192.45
506.54	1196.38
506.75	1197.43
506.95	1203.41
507.16	1196.69
507.36	1201.34
507.56	1202.18
507.77	1200.54
507.97	1201.30
508.18	1201.52
508.38	1196.65
508.59	1205.80
508.79	1199.43
509.00	1204.23
509.20	1188.68
509.41	1193.76
509.61	1188.37
509.82	1196.57
510.02	1192.00
510.22	1198.72
510.43	1193.78
510.63	1198.98
510.84	1188.42
511.04	1206.44
511.25	1186.37
511.45	1193.39
511.66	1193.92
511.86	1202.12
512.06	1192.68
512.27	1197.55
512.47	1181.99
512.68	1199.11
512.88	1201.15
513.09	1195.87
513.29	1192.55
513.50	1201.44
513.70	1192.18
513.90	1197.94
514.11	1195.22
514.31	1199.97
514.52	1194.85
514.72	1196.05
514.93	1196.51
515.13	1203.98
515.33	1191.04
515.54	1196.48
515.74	1190.79
515.95	1196.40
516.15	1195.19
516.36	1199.58
516.56	1191.49
516.76	1191.88
516.97	1183.95
517.17	1199.25
517.38	1187.39
517.58	1198.45
517.78	1192.18
517.99	1195.91
518.19	1200.42
518.40	1200.31
518.60	1191.55
518.81	1195.67
519.01	1184.38
519.21	1194.27
519.42	1189.38
519.62	1195.15
519.83	1196.05
520.03	1196.14
520.23	1196.48
520.44	1197.32
520.64	1191.32
520.85	1192.25
521.05	1187.90
521.25	1196.57
521.46	1189.19
521.66	1200.17
521.86	1189.23
522.07	1198.59
522.27	1187.72
522.48	1198.47
522.68	1195.73
522.88	1198.10
523.09	1192.92
523.29	1204.82
523.50	1194.68
523.70	1200.33
523.90	1187.51
524.11	1192.12
524.31	1188.17
524.51	1204.78
524.72	1189.56
524.92	1186.02
525.13	1188.62
525.33	1194.35
525.53	1192.53
525.74	1192.84
525.94	1188.64
526.14	1197.06
526.35	1190.42
526.55	1193.31
526.76	1189.30
526.96	1199.88
527.16	1188.25
527.37	1195.83
527.57	1190.22
527.77	1194.27
527.98	1190.16
528.18	1199.86
528.38	1193.56
528.59	1195.52
528.79	1189.11
528.99	1199.97
529.20	1193.52
529.40	1191.63
529.61	1184.95
529.81	1193.00
530.01	1199.39
530.22	1191.53
530.42	1187.41
530.62	1198.82
530.83	1192.82
531.03	1193.47
531.23	1188.70
531.44	1195.40
531.64	1190.05
531.84	1195.30
532.05	1181.86
532.25	1192.00
532.45	1189.13
532.66	1205.27
532.86	1188.40
533.06	1200.97
533.27	1191.51
533.47	1196.59
533.67	1192.78
533.88	1197.12
534.08	1194.97
534.28	1200.17
534.49	1195.77
534.69	1196.98
534.89	1189.13
535.09	1195.62
535.30	1187.27
535.50	1197.22
535.70	1194.46
535.91	1204.10
536.11	1190.87
536.31	1196.67
536.52	1193.33
536.72	1191.75
536.92	1187.41
537.13	1194.40
537.33	1189.52
537.53	1192.35
537.74	1184.07
537.94	1184.12
538.14	1190.36
538.34	1196.34
538.55	1187.64
538.75	1203.04
538.95	1194.76
539.16	1194.15
539.36	1191.98
539.56	1191.22
539.77	1194.27
539.97	1198.49
540.17	1188.97
540.37	1195.79
540.58	1187.78
540.78	1192.10
540.98	1195.11
541.19	1184.12
541.39	1189.48
541.59	1203.39
541.79	1196.20
542.00	1205.88
542.20	1189.69
542.40	1195.01
542.60	1184.46
542.81	1194.99
543.01	1189.62
543.21	1195.34
543.42	1185.94
543.62	1200.97
543.82	1197.32
544.02	1200.36
544.23	1189.73
544.43	1197.84
544.63	1190.85
544.83	1198.49
545.04	1192.37
545.24	1205.93
545.44	1191.08
545.64	1195.36
545.85	1191.84
546.05	1197.57
546.25	1188.11
546.45	1196.73
546.66	1194.17
546.86	1202.06
547.06	1194.29
547.27	1204.88
547.47	1187.64
547.67	1194.07
547.87	1186.59
548.07	1198.76
548.28	1185.34
548.48	1193.00
548.68	1192.72
548.88	1199.68
549.09	1187.06
549.29	1196.38
549.49	1193.47
549.69	1199.64
549.90	1195.19
550.10	1193.49
550.30	1191.59
550.50	1193.84
550.71	1189.48
550.91	1191.96
551.11	1192.14
551.31	1203.57
551.51	1184.63
551.72	1195.30
551.92	1189.40
552.12	1193.15
552.32	1186.94
552.53	1194.60
552.73	1186.31
552.93	1195.42
553.13	1187.37
553.33	1198.61
553.54	1194.21
553.74	1194.29
553.94	1195.38
554.14	1190.98
554.35	1186.04
554.55	1199.15
554.75	1187.76
554.95	1194.85
555.15	1187.58
555.36	1200.01
555.56	1187.72
555.76	1200.48
555.96	1186.70
556.16	1198.18
556.37	1186.74
556.57	1197.61
556.77	1192.70
556.97	1193.88
557.17	1186.84
557.38	1197.75
557.58	1184.01
557.78	1193.27
557.98	1189.01
558.18	1192.18
558.38	1189.34
558.59	1198.43
558.79	1186.47
558.99	1198.74
559.19	1189.32
559.39	1196.48
559.60	1190.63
559.80	1202.32
560.00	1192.51
560.20	1198.76
560.40	1181.41
560.60	1200.27
560.81	1190.67
561.01	1194.21
561.21	1197.02
561.41	1201.01
561.61	1186.90
561.81	1192.74
562.02	1195.28
562.22	1196.73
562.42	1190.55
562.62	1191.41
562.82	1189.71
563.02	1202.83
563.23	1183.89
563.43	1194.13
563.63	1189.32
563.83	1193.21
564.03	1193.66
564.23	1199.88
564.43	1190.53
564.64	1198.10
564.84	1183.64
565.04	1193.39
565.24	1187.51
565.44	1196.42
565.64	1185.51
565.85	1200.27
566.05	1186.76
566.25	1192.86
566.45	1184.30
566.65	1188.50
566.85	1187.29
567.05	1193.97
567.25	1196.67
567.46	1192.74
567.66	1192.41
567.86	1192.04
568.06	1190.96
568.26	1197.26
568.46	1184.75
568.66	1194.76
568.86	1191.41
569.07	1198.25
569.27	1190.96
569.47	1197.32
569.67	1193.35
569.87	1192.86
570.07	1195.65
570.27	1197.32
570.47	1184.36
570.68	1205.00
570.88	1185.88
571.08	1187.90
571.28	1183.79
571.48	1191.00
571.68	1187.06
571.88	1200.31
572.08	1189.89
572.28	1195.83
572.49	1192.76
572.69	1198.18
572.89	1190.83
573.09	1193.02
573.29	1188.93
573.49	1193.58
573.69	1190.40
573.89	1201.83
574.09	1191.43
574.29	1196.79
574.50	1185.14
574.70	1193.62
574.90	1193.72
575.10	1188.15
575.30	1192.72
575.50	1191.30
575.70	1190.28
575.90	1195.26
576.10	1191.61
576.30	1194.15
576.50	1186.78
576.70	1204.53
576.91	1191.59
577.11	1194.25
577.31	1187.64
577.51	1193.02
577.71	1194.21
577.91	1197.12
578.11	1188.72
578.31	1189.42
578.51	1191.69
578.71	1197.12
578.91	1185.32
579.11	1192.76
579.31	1190.55
579.51	1195.13
579.71	1190.10
579.92	1190.16
580.12	1185.41
580.32	1193.41
580.52	1187.99
580.72	1195.46
580.92	1189.05
581.12	1187.72
581.32	1188.87
581.52	1197.28
581.72	1185.86
581.92	1199.02
582.12	1185.32
582.32	1202.28
582.52	1183.68
582.72	1199.84
582.92	1186.00
583.12	1196.20
583.32	1186.63
583.52	1195.46
583.72	1185.34
583.92	1195.62
584.12	1193.95
584.33	1189.60
584.53	1189.30
584.73	1197.32
584.93	1191.10
585.13	1201.22
585.33	1191.22
585.53	1201.20
585.73	1183.13
585.93	1195.38
586.13	1184.77
586.33	1196.73
586.53	1190.16
586.73	1192.06
586.93	1182.54
587.13	1201.65
587.33	1193.33
587.53	1194.72
587.73	1200.03
587.93	1194.05
588.13	1193.58
588.33	1196.20
588.53	1184.59
588.73	1197.90
588.93	1195.19
589.13	1184.18
589.33	1187.06
589.53	1196.98
589.73	1186.55
589.93	1195.15
590.13	1192.43
590.33	1202.73
590.53	1190.69
590.73	1190.36
590.93	1187.43
591.13	1197.80
591.33	1186.06
591.53	1198.18
591.73	1192.14
591.93	1193.19
592.13	1192.31
592.33	1194.93
592.53	1183.97
592.73	1198.53
592.93	1188.42
593.13	1190.93
593.33	1191.57
593.53	1195.58
593.73	1192.04
593.93	1194.31
594.13	1193.64
594.33	1193.95
594.53	1191.69
594.73	1190.24
594.92	1186.35
595.12	1197.90
595.32	1192.33
595.52	1191.57
595.72	1189.50
595.92	1197.45
596.12	1190.79
596.32	1195.85
596.52	1186.31
596.72	1202.30
596.92	1181.43
597.12	1200.38
597.32	1191.59
597.52	1197.69
597.72	1188.09
597.92	1196.05
598.12	1187.92
598.32	1205.21
598.52	1193.37
598.72	1199.74
598.92	1188.54
599.12	1201.93
599.31	1190.59
599.51	1194.44
599.71	1189.13
599.91	1191.12
600.11	1195.17
600.31	1192.94
600.51	1197.28
600.71	1197.26
600.91	1195.48
601.11	1194.62
601.31	1185.00
601.51	1196.12
601.71	1190.75
601.91	1201.67
602.10	1187.43
602.30	1194.15
602.50	1187.84
602.70	1197.86
602.90	1191.49
603.10	1194.05
603.30	1186.84
603.50	1194.07
603.70	1187.68
603.90	1197.73
604.10	1196.20
604.30	1194.29
604.49	1193.82
604.69	1189.89
604.89	1201.85
605.09	1196.81
605.29	1191.69
605.49	1201.26
605.69	1189.52
605.89	1201.93
606.09	1189.13
606.29	1198.12
606.48	1186.08
606.68	1194.29
606.88	1189.62
607.08	1196.36
607.28	1189.17
607.48	1201.17
607.68	1190.20
607.88	1192.63
608.08	1187.29
608.27	1200.60
608.47	1185.45
608.67	1190.57
608.87	1186.82
609.07	1201.60
609.27	1194.66
609.47	1188.01
609.67	1190.03
609.87	1197.30
610.06	1188.33
610.26	1191.94
610.46	1189.64
610.66	1198.31
610.86	1194.93
611.06	1195.13
611.26	1188.60
611.45	1202.42
611.65	1189.77
611.85	1195.62
612.05	1190.61
612.25	1198.78
612.45	1186.29
612.65	1201.73
612.84	1186.08
613.04	1196.34
613.24	1189.09
613.44	1192.39
613.64	1197.10
613.84	1203.57
614.04	1190.81
614.23	1194.19
614.43	1187.47
614.63	1198.49
614.83	1181.94
615.03	1203.51
615.23	1187.76
615.42	1197.57
615.62	1193.21
615.82	1193.88
616.02	1193.86
616.22	1197.71
616.42	1191.32
616.61	1194.33
616.81	1188.62
617.01	1196.20
617.21	1188.68
617.41	1199.47
617.61	1191.55
617.80	1195.67
618.00	1189.69
618.20	1197.41
618.40	1190.50
618.60	1192.68
618.80	1189.01
618.99	1191.98
619.19	1184.20
619.39	1198.84
619.59	1196.61
619.79	1190.73
619.98	1189.91
620.18	1199.35
620.38	1187.47
620.58	1197.10
620.78	1192.53
620.97	1194.78
621.17	1191.75
621.37	1199.31
621.57	1193.97
621.77	1192.37
621.96	1196.53
622.16	1192.16
622.36	1191.84
622.56	1198.59
622.76	1186.88
622.95	1197.24
623.15	1182.33
623.35	1195.11
623.55	1188.01
623.75	1194.29
623.94	1188.40
624.14	1202.16
624.34	1195.48
624.54	1196.98
624.73	1188.72
624.93	1197.59
625.13	1186.94
625.33	1202.14
625.53	1188.83
625.72	1197.69
625.92	1189.03
626.12	1197.39
626.32	1188.91
626.51	1198.29
626.71	1196.28
626.91	1203.22
627.11	1185.81
627.30	1190.67
627.50	1190.14
627.70	1195.87
627.90	1192.53
628.10	1202.03
628.29	1194.50
628.49	1202.16
628.69	1188.60
628.89	1194.21
629.08	1183.03
629.28	1196.08
629.48	1193.11
629.68	1191.84
629.87	1195.46
630.07	1193.56
630.27	1183.09
630.47	1195.42
630.66	1183.64
630.86	1199.47
631.06	1189.01
631.25	1194.62
631.45	1188.27
631.65	1197.98
631.85	1182.80
632.04	1196.42
632.24	1187.94
632.44	1201.20
632.64	1190.87
632.83	1193.39
633.03	1190.07
633.23	1198.74
633.42	1194.15
633.62	1203.06
633.82	1189.75
634.02	1195.38
634.21	1198.18
634.41	1192.06
634.61	1190.03
634.81	1188.74
635.00	1188.66
635.20	1194.38
635.40	1187.94
635.59	1195.83
635.79	1189.79
635.99	1198.31
636.18	1194.13
636.38	1196.79
636.58	1190.53
636.78	1196.85
636.97	1188.91
637.17	1198.53
637.37	1191.75
637.56	1200.99
637.76	1187.33
637.96	1188.50
638.15	1190.18
638.35	1192.78
638.55	1196.30
638.74	1195.50
638.94	1192.86
639.14	1195.19
639.34	1190.40
639.53	1206.34
639.73	1183.52
639.93	1193.82
640.12	1190.67
640.32	1196.18
640.52	1190.85
640.71	1186.43
640.91	1189.58
641.11	1196.77
641.30	1188.58
641.50	1188.01
641.70	1192.84
641.89	1194.48
642.09	1196.69
642.29	1192.72
642.48	1186.86
642.68	1196.57
642.88	1196.24
643.07	1204.39
643.27	1194.60
643.47	1201.65
643.66	1191.55
643.86	1195.40
644.06	1196.48
644.25	1202.34
644.45	1188.17
644.65	1196.63
644.84	1191.47
645.04	1189.58
645.23	1185.02
645.43	1193.68
645.63	1188.68
645.82	1200.79
646.02	1188.89
646.22	1190.01
646.41	1188.50
646.61	1195.32
646.81	1194.52
647.00	1200.60
647.20	1194.44
647.39	1203.06
647.59	1192.43
647.79	1198.74
647.98	1190.61
648.18	1194.66
648.38	1187.88
648.57	1191.39
648.77	1193.35
648.96	1194.35
649.16	1193.54
649.36	1197.98
649.55	1185.47
649.75	1199.29
649.95	1185.63
650.14	1199.13
650.34	1191.06
650.53	1196.48
650.73	1193.17
650.93	1191.82
651.12	1190.93
651.32	1196.03
651.51	1195.17
651.71	1193.82
651.91	1185.61
652.10	1200.25
652.30	1185.61
652.49	1193.56
652.69	1191.08
652.89	1195.42
653.08	1188.35
653.28	1199.68
653.47	1188.78
653.67	1200.42
653.86	1189.42
654.06	1192.59
654.26	1192.00
654.45	1196.81
654.65	1190.75
654.84	1201.34
655.04	1187.19
655.24	1193.95
655.43	1195.99
655.63	1192.16
655.82	1198.53
656.02	1193.66
656.21	1186.41
656.41	1195.69
656.61	1188.60
656.80	1191.79
657.00	1191.28
657.19	1189.52
657.39	1183.46
657.58	1195.73
657.78	1192.31
657.97	1194.95
658.17	1194.44
658.37	1193.97
658.56	1193.72
658.76	1198.47
658.95	1189.38
659.15	1189.09
659.34	1188.35
659.54	1193.25
659.73	1190.85
659.93	1193.90
660.13	1191.65
660.32	1199.02
660.52	1187.45
660.71	1197.61
660.91	1196.63
661.10	1197.16
661.30	1182.72
661.49	1193.97
661.69	1190.36
661.88	1200.77
662.08	1189.03
662.27	1193.52
662.47	1183.93
662.66	1195.40
662.86	1187.25
663.06	1189.42
663.25	1190.40
663.45	1200.48
663.64	1196.73
663.84	1208.40
664.03	1184.38
664.23	1194.56
664.42	1190.32
664.62	1199.13
664.81	1191.96
665.01	1195.17
665.20	1193.90
665.40	1201.38
665.59	1192.47
665.79	1196.22
665.98	1191.63
666.18	1185.61
666.37	1192.96
666.57	1192.29
666.76	1181.35
666.96	1202.46
667.15	1186.16
667.35	1201.91
667.54	1191.41
667.74	1196.69
667.93	1191.43
668.13	1198.41
668.32	1195.71
668.52	1198.86
668.71	1188.19
668.91	1196.94
669.10	1194.56
669.30	1195.34
669.49	1193.84
669.68	1198.18
669.88	1184.14
670.07	1193.74
670.27	1192.00
670.46	1193.43
670.66	1192.16
670.85	1198.27
671.05	1192.74
671.24	1196.46
671.44	1193.06
671.63	1192.37
671.83	1191.84
672.02	1199.31
672.22	1186.84
672.41	1197.82
672.60	1183.36
672.80	1197.92
672.99	1184.57
673.19	1195.28
673.38	1191.22
673.58	1195.48
673.77	1184.87
673.97	1197.90
674.16	1188.23
674.36	1194.48
674.55	1193.52
674.74	1201.93
674.94	1188.60
675.13	1201.75
675.33	1189.44
675.52	1194.48
675.72	1191.65
675.91	1193.99
676.10	1180.88
676.30	1191.18
676.49	1187.72
676.69	1196.55
676.88	1182.03
677.08	1197.10
677.27	1190.30
677.46	1200.46
677.66	1175.82
677.85	1194.13
678.05	1194.50
678.24	1201.30
678.44	1185.88
678.63	1194.17
678.82	1191.47
679.02	1194.52
679.21	1192.04
679.41	1192.55
679.60	1194.23
679.79	1191.02
679.99	1186.92
680.18	1197.02
680.38	1188.33
680.57	1200.60
680.76	1186.59
680.96	1194.85
681.15	1187.13
681.35	1194.78
681.54	1199.58
681.73	1201.17
681.93	1183.83
682.12	1196.05
682.32	1187.88
682.51	1193.90
682.70	1190.28
682.90	1201.17
683.09	1186.16
683.29	1196.16
683.48	1189.44
683.67	1196.10
683.87	1190.75
684.06	1194.85
684.25	1186.86
684.45	1195.56
684.64	1189.89
684.84	1185.96
685.03	1198.08
685.22	1197.26
685.42	1190.44
685.61	1191.14
685.80	1188.97
686.00	1199.15
686.19	1190.73
686.38	1194.13
686.58	1187.35
686.77	1196.75
686.96	1189.62
687.16	1200.89
687.35	1190.57
687.55	1195.95
687.74	1185.49
687.93	1194.33
688.13	1184.71
688.32	1197.34
688.51	1187.19
688.71	1194.15
688.90	1189.77
689.09	1196.73
689.29	1186.20
689.48	1194.35
689.67	1189.40
689.87	1194.95
690.06	1186.20
690.25	1188.74
690.45	1189.75
690.64	1197.86
690.83	1190.61
691.03	1196.42
691.22	1179.18
691.41	1195.87
691.61	1187.19
691.80	1200.27
691.99	1191.55
692.19	1199.99
692.38	1186.20
692.57	1194.91
692.76	1189.60
692.96	1191.94
693.15	1187.15
693.34	1195.85
693.54	1190.48
693.73	1199.35
693.92	1189.01
694.12	1195.73
694.31	1197.51
694.50	1196.46
694.70	1191.02
694.89	1189.81
695.08	1187.70
695.27	1197.86
695.47	1189.07
695.66	1193.70
695.85	1189.85
696.05	1197.02
696.24	1190.01
696.43	1196.26
696.62	1188.80
696.82	1197.43
697.01	1193.31
697.20	1192.88
697.40	1189.89
697.59	1194.62
697.78	1187.99
697.97	1198.49
698.17	1193.17
698.36	1200.54
698.55	1194.66
698.74	1191.26
698.94	1193.95
699.13	1198.64
699.32	1197.06
699.52	1192.59
699.71	1192.86
699.90	1195.46
700.09	1188.76
700.29	1194.66
700.48	1189.52
700.67	1192.23
700.86	1187.47
701.06	1194.85
701.25	1184.95
701.44	1197.34
701.63	1186.04
701.83	1195.17
702.02	1178.73
702.21	1191.96
702.40	1194.23
702.60	1198.82
702.79	1192.10
702.98	1201.09
703.17	1185.81
703.37	1187.84
703.56	1200.42
703.75	1201.15
703.94	1188.13
704.13	1193.17
704.33	1185.98
704.52	1191.63
704.71	1189.64
704.90	1196.44
705.10	1194.17
705.29	1200.97
705.48	1186.04
705.67	1190.48
705.86	1190.32
706.06	1192.04
706.25	1188.95
706.44	1196.38
706.63	1183.91
706.83	1192.51
707.02	1183.54
707.21	1194.27
707.40	1190.87
707.59	1196.14
707.79	1191.14
707.98	1199.35
708.17	1192.84
708.36	1195.48
708.55	1187.84
708.75	1198.84
708.94	1186.47
709.13	1190.16
709.32	1190.16
709.51	1199.95
709.71	1189.13
709.90	1197.63
710.09	1185.67
710.28	1193.95
710.47	1193.62
710.66	1196.79
710.86	1187.84
711.05	1190.91
711.24	1181.66
711.43	1193.62
711.62	1188.40
711.82	1187.45
712.01	1194.15
712.20	1193.27
712.39	1195.67
712.58	1190.07
712.77	1194.60
712.97	1198.08
713.16	1186.78
713.35	1196.18
713.54	1191.28
713.73	1200.83
713.92	1189.26
714.11	1194.27
714.31	1192.14
714.50	1194.81
714.69	1196.53
714.88	1193.06
715.07	1193.47
715.26	1196.63
715.46	1187.86
715.65	1192.16
715.84	1192.04
716.03	1204.74
716.22	1191.88
716.41	1189.28
716.60	1196.67
716.80	1197.51
716.99	1183.42
717.18	1197.16
717.37	1182.31
717.56	1197.86
717.75	1190.65
717.94	1192.70
718.13	1188.93
718.33	1196.91
718.52	1192.49
718.71	1193.17
718.90	1197.43
719.09	1201.44
719.28	1186.55
719.47	1197.92
719.66	1189.58
719.85	1197.71
720.05	1186.86
720.24	1195.28
720.43	1189.79
720.62	1193.78
720.81	1188.42
721.00	1197.30
721.19	1195.30
721.38	1193.11
721.57	1183.77
721.77	1190.07
721.96	1189.99
722.15	1193.27
722.34	1187.31
722.53	1191.59
722.72	1185.02
722.91	1195.24
723.10	1187.00
723.29	1202.96
723.48	1194.44
723.67	1191.22
723.87	1190.71
724.06	1198.82
724.25	1185.67
724.44	1196.55
724.63	1187.80
724.82	1195.38
725.01	1192.33
725.20	1187.08
725.39	1189.19
725.58	1197.78
725.77	1191.14
725.96	1196.51
726.15	1195.34
726.34	1194.17
726.54	1193.90
726.73	1195.38
726.92	1190.67
727.11	1195.13
727.30	1193.84
727.49	1186.33
727.68	1188.33
727.87	1194.64
728.06	1192.33
728.25	1198.29
728.44	1192.35
728.63	1196.36
728.82	1180.55
729.01	1192.63
729.20	1191.32
729.39	1200.13
729.58	1184.24
729.77	1196.01
729.96	1187.37
730.15	1197.02
730.34	1188.35
730.53	1194.89
730.73	1185.43
730.92	1195.48
731.11	1186.51
731.30	1191.82
731.49	1192.12
731.68	1187.23
731.87	1195.79
732.06	1192.88
732.25	1191.10
732.44	1189.95
732.63	1189.36
732.82	1190.73
733.01	1197.04
733.20	1193.99
733.39	1195.05
733.58	1192.37
733.77	1189.87
733.96	1200.27
734.15	1182.46
734.34	1191.02
734.53	1193.33
734.72	1191.53
734.91	1191.28
735.10	1193.25
735.29	1180.80
735.48	1194.03
735.67	1182.58
735.86	1196.55
736.05	1188.83
736.24	1191.06
736.43	1187.51
736.62	1188.54
736.81	1185.71
737.00	1209.76
737.19	1187.06
737.38	1203.14
737.57	1194.40
737.76	1189.99
737.95	1190.91
738.14	1197.04
738.33	1186.00
738.51	1192.82
738.70	1185.28
738.89	1199.52
739.08	1190.46
739.27	1190.55
739.46	1195.83
739.65	1195.71
739.84	1194.03
740.03	1186.90
740.22	1190.32
740.41	1194.21
740.60	1183.81
740.79	1195.28
740.98	1188.23
741.17	1198.51
741.36	1189.75
741.55	1203.22
741.74	1190.93
741.93	1201.03
742.12	1194.52
742.31	1189.42
742.50	1182.37
742.68	1191.06
742.87	1194.72
743.06	1194.91
743.25	1184.83
743.44	1193.82
743.63	1187.86
743.82	1193.37
744.01	1185.96
744.20	1186.22
744.39	1190.89
744.58	1193.99
744.77	1190.24
744.96	1189.32
745.14	1188.56
745.33	1188.33
745.52	1197.12
745.71	1195.81
745.90	1186.53
746.09	1195.75
746.28	1190.24
746.47	1192.86
746.66	1188.66
746.85	1190.26
747.04	1193.74
747.22	1197.14
747.41	1180.65
747.60	1185.06
747.79	1188.44
747.98	1195.58
748.17	1186.47
748.36	1194.87
748.55	1187.94
748.74	1196.69
748.93	1188.15
749.11	1193.33
749.30	1198.08
749.49	1191.49
749.68	1188.21
749.87	1193.23
750.06	1179.00
750.25	1190.14
750.44	1188.27
750.62	1188.48
750.81	1194.19
751.00	1195.28
751.19	1190.89
751.38	1193.29
751.57	1191.10
751.76	1198.86
751.95	1188.15
752.13	1198.51
752.32	1192.02
752.51	1190.46
752.70	1190.24
752.89	1196.81
753.08	1191.22
753.27	1194.07
753.45	1192.45
753.64	1198.39
753.83	1189.15
754.02	1189.44
754.21	1185.63
754.40	1191.08
754.58	1189.15
754.77	1192.78
754.96	1193.74
755.15	1192.66
755.34	1193.60
755.53	1196.59
755.71	1194.68
755.90	1193.58
756.09	1186.43
756.28	1196.71
756.47	1192.98
756.66	1199.15
756.84	1189.34
757.03	1188.52
757.22	1191.00
757.41	1189.19
757.60	1194.05
757.79	1193.39
757.97	1192.04
758.16	1185.47
758.35	1184.46
758.54	1199.78
758.73	1182.21
758.91	1194.13
759.10	1193.09
759.29	1197.51
759.48	1199.72
759.67	1189.40
759.85	1195.87
760.04	1193.09
760.23	1185.16
760.42	1196.42
760.61	1194.23
760.79	1194.44
760.98	1197.82
761.17	1199.23
761.36	1191.22
761.55	1196.48
761.73	1190.69
761.92	1194.23
762.11	1179.45
762.30	1200.03
762.49	1192.59
762.67	1200.85
762.86	1190.48
763.05	1195.89
763.24	1188.19
763.42	1195.17
763.61	1190.98
763.80	1182.05
763.99	1185.45
764.17	1197.55
764.36	1187.74
764.55	1196.77
764.74	1194.81
764.92	1197.94
765.11	1189.21
765.30	1203.08
765.49	1185.98
765.68	1194.27
765.86	1184.46
766.05	1198.37
766.24	1190.38
766.43	1197.84
766.61	1180.45
766.80	1193.27
766.99	1185.61
767.17	1191.32
767.36	1193.90
767.55	1194.48
767.74	1179.67
767.92	1196.24
768.11	1193.90
768.30	1195.15
768.49	1188.68
768.67	1195.40
768.86	1192.57
769.05	1198.68
769.24	1190.30
769.42	1196.73
769.61	1200.97
769.80	1198.96
769.98	1188.42
770.17	1193.11
770.36	1186.78
770.55	1192.57
770.73	1188.72
770.92	1199.86
771.11	1189.19
771.29	1191.12
771.48	1187.27
771.67	1202.30
771.86	1182.87
772.04	1195.34
772.23	1188.78
772.42	1196.53
772.60	1187.17
772.79	1201.01
772.98	1188.62
773.16	1196.57
773.35	1196.28
773.54	1198.92
773.72	1187.76
773.91	1195.07
774.10	1190.07
774.29	1190.85
774.47	1190.16
774.66	1193.72
774.85	1196.79
775.03	1195.50
775.22	1192.14
775.41	1189.15
775.59	1182.13
775.78	1193.56
775.97	1187.33
776.15	1194.07
776.34	1189.95
776.53	1197.67
776.71	1184.77
776.90	1194.81
777.09	1186.59
777.27	1203.84
777.46	1184.20
777.65	1196.48
777.83	1187.33
778.02	1189.87
778.21	1188.46
778.39	1203.16
778.58	1186.86
778.76	1194.54
778.95	1193.47
779.14	1193.56
779.32	1186.84
779.51	1192.76
779.70	1191.30
779.88	1193.02
780.07	1186.98
780.26	1193.33
780.44	1181.43
780.63	1197.57
780.81	1193.23
781.00	1197.22
781.19	1187.68
781.37	1204.06
781.56	1190.83
781.75	1189.75
781.93	1193.23
782.12	1196.81
782.30	1190.67
782.49	1199.17
782.68	1191.43
782.86	1196.32
783.05	1185.73
783.23	1192.02
783.42	1185.75
783.61	1197.16
783.79	1182.87
783.98	1192.84
784.16	1188.21
784.35	1191.57
784.54	1189.85
784.72	1193.52
784.91	1185.75
785.09	1202.94
785.28	1193.02
785.47	1187.08
785.65	1189.83
785.84	1195.24
786.02	1189.34
786.21	1190.34
786.40	1191.32
786.58	1191.32
786.77	1187.47
786.95	1193.60
787.14	1186.90
787.32	1203.98
787.51	1185.30
787.70	1199.62
787.88	1191.18
788.07	1199.60
788.25	1190.16
788.44	1190.81
788.62	1190.34
788.81	1194.48
789.00	1190.20
789.18	1194.76
789.37	1196.22
789.55	1192.90
789.74	1192.98
789.92	1197.41
790.11	1188.07
790.29	1193.35
790.48	1182.01
790.67	1183.77
790.85	1188.91
791.04	1195.99
791.22	1189.38
791.41	1194.15
791.59	1188.37
791.78	1197.80
791.96	1189.87
792.15	1200.19
792.33	1187.31
792.52	1193.60
792.70	1191.53
792.89	1195.44
793.07	1187.06
793.26	1192.63
793.45	1186.57
793.63	1196.36
793.82	1189.50
794.00	1197.32
794.19	1191.16
794.37	1195.69
794.56	1187.39
794.74	1198.00
794.93	1195.28
795.11	1193.99
795.30	1191.00
795.48	1190.40
795.67	1189.54
795.85	1197.37
796.04	1184.14
796.22	1194.97
796.41	1181.94
796.59	1199.97
796.78	1187.86
796.96	1201.03
797.15	1185.69
797.33	1200.99
797.52	1180.08
797.70	1192.55
797.89	1191.34
798.07	1193.23
798.26	1185.53
798.44	1194.72
798.63	1194.42
798.81	1195.22
798.99	1185.96
799.18	1192.72
799.36	1187.21
799.55	1189.81
799.73	1187.74
799.92	1200.81
800.10	1188.33
800.29	1195.99
800.47	1187.04
800.66	1195.95
800.84	1183.99
801.03	1198.86
801.21	1185.47
801.39	1199.78
801.58	1191.59
801.76	1187.58
801.95	1183.79
802.13	1195.01
802.32	1185.24
802.50	1193.11
802.69	1188.25
802.87	1199.33
803.06	1188.19
803.24	1195.81
803.42	1191.24
803.61	1193.84
803.79	1186.45
803.98	1200.13
804.16	1184.93
804.35	1194.35
804.53	1186.55
804.71	1194.33
804.90	1191.47
805.08	1193.80
805.27	1188.03
805.45	1192.96
805.63	1186.35
805.82	1192.57
806.00	1189.97
806.19	1195.09
806.37	1181.43
806.56	1201.44
806.74	1187.86
806.92	1192.18
807.11	1188.21
807.29	1197.65
807.48	1191.55
807.66	1191.16
807.84	1193.19
808.03	1189.60
808.21	1187.51
808.40	1189.03
808.58	1188.54
808.76	1189.05
808.95	1192.47
809.13	1195.50
809.32	1188.99
809.50	1200.68
809.68	1193.72
809.87	1198.04
810.05	1189.40
810.23	1196.26
810.42	1187.19
810.60	1193.60
810.79	1186.76
810.97	1199.64
811.15	1184.71
811.34	1197.37
811.52	1187.66
811.70	1193.82
811.89	1191.88
812.07	1200.64
812.25	1190.77
812.44	1189.13
812.62	1185.94
812.81	1198.00
812.99	1197.92
813.17	1192.57
813.36	1195.05
813.54	1195.67
813.72	1191.22
813.91	1194.87
814.09	1184.91
814.27	1193.92
814.46	1183.64
814.64	1192.16
814.82	1192.70
815.01	1198.57
815.19	1192.45
815.37	1185.65
815.56	1187.64
815.74	1191.30
815.92	1191.18
816.11	1193.78
816.29	1188.15
816.47	1189.85
816.66	1186.06
816.84	1199.58
817.02	1190.77
817.21	1192.31
817.39	1190.26
817.57	1195.97
817.76	1181.62
817.94	1193.27
818.12	1184.71
818.30	1197.65
818.49	1186.57
818.67	1198.10
818.85	1184.77
819.04	1195.15
819.22	1189.30
819.40	1196.24
819.59	1185.30
819.77	1195.71
819.95	1184.75
820.13	1205.70
820.32	1183.66
820.50	1193.04
820.68	1190.03
820.87	1195.17
821.05	1190.69
821.23	1191.34
821.41	1184.75
821.60	1190.12
821.78	1190.57
821.96	1199.54
822.14	1181.96
822.33	1197.84
822.51	1184.57
822.69	1188.03
822.88	1188.37
823.06	1192.94
823.24	1196.30
823.42	1195.24
823.61	1191.04
823.79	1196.67
823.97	1188.19
824.15	1199.70
824.34	1185.00
824.52	1192.06
824.70	1189.62
824.88	1188.23
825.07	1184.73
825.25	1198.00
825.43	1189.07
825.61	1193.31
825.80	1186.45
825.98	1197.61
826.16	1186.20
826.34	1190.28
826.53	1186.94
826.71	1195.77
826.89	1189.42
827.07	1191.22
827.25	1188.99
827.44	1198.86
827.62	1198.00
827.80	1187.74
827.98	1188.99
828.17	1187.15
828.35	1192.04
828.53	1196.98
828.71	1186.98
828.89	1192.14
829.08	1187.45
829.26	1192.57
829.44	1189.93
829.62	1192.29
829.80	1185.51
829.99	1197.12
830.17	1180.49
830.35	1195.52
830.53	1184.93
830.71	1193.99
830.90	1193.17
831.08	1191.92
831.26	1179.02
831.44	1187.64
831.62	1183.11
831.81	1190.98
831.99	1194.19
832.17	1195.44
832.35	1191.02
832.53	1196.59
832.71	1188.09
832.90	1200.60
833.08	1194.40
833.26	1194.64
833.44	1188.66
833.62	1192.90
833.81	1190.01
833.99	1189.23
834.17	1184.09
834.35	1199.58
834.53	1190.50
834.71	1188.15
834.89	1193.58
835.08	1192.70
835.26	1193.88
835.44	1195.15
835.62	1183.50
835.80	1194.23
835.98	1187.66
836.17	1194.52
836.35	1188.13
836.53	1192.41
836.71	1194.21
836.89	1196.26
837.07	1191.32
837.25	1198.31
837.44	1184.73
837.62	1196.01
837.80	1189.56
837.98	1197.12
838.16	1189.85
838.34	1188.95
838.52	1187.35
838.70	1194.68
838.89	1189.46
839.07	1189.99
839.25	1188.58
839.43	1199.84
839.61	1186.31
839.79	1197.32
839.97	1199.25
840.15	1199.62
840.33	1190.20
840.52	1193.04
840.70	1190.89
840.88	1186.90
841.06	1189.42
841.24	1190.75
841.42	1184.40
841.60	1191.59
841.78	1188.95
841.96	1193.13
842.14	1189.83
842.33	1192.59
842.51	1187.17
842.69	1197.34
842.87	1193.92
843.05	1200.29
843.23	1187.43
843.41	1199.50
843.59	1189.34
843.77	1191.65
843.95	1191.77
844.13	1192.92
844.31	1188.35
844.49	1195.60
844.68	1185.61
844.86	1198.82
845.04	1185.65
845.22	1194.31
845.40	1188.66
845.58	1199.13
845.76	1186.39
845.94	1193.92
846.12	1187.17
846.30	1194.44
846.48	1188.05
846.66	1189.48
846.84	1186.80
847.02	1198.16
847.20	1186.84
847.38	1198.27
847.56	1187.41
847.74	1192.37
847.92	1185.71
848.11	1191.51
848.29	1187.02
848.47	1189.52
848.65	1184.40
848.83	1198.55
849.01	1194.48
849.19	1194.85
849.37	1191.96
849.55	1193.17
849.73	1188.99
849.91	1196.28
850.09	1190.30
850.27	1201.24
850.45	1184.55
850.63	1187.92
850.81	1182.76
850.99	1194.21
851.17	1189.05
851.35	1186.49
851.53	1188.76
851.71	1195.28
851.89	1182.19
852.07	1190.18
852.25	1192.86
852.43	1196.36
852.61	1194.15
852.79	1199.80
852.97	1192.20
853.15	1187.47
853.33	1189.44
853.51	1197.08
853.69	1192.41
853.87	1189.71
854.05	1191.98
854.23	1198.68
854.41	1188.15
854.59	1199.74
854.77	1186.90
854.95	1187.13
855.13	1184.28
855.31	1194.93
855.49	1196.16
855.67	1192.88
855.84	1187.21
856.02	1185.02
856.20	1181.00
856.38	1198.08
856.56	1187.17
856.74	1193.99
856.92	1187.72
857.10	1199.33
857.28	1187.88
857.46	1200.85
857.64	1183.75
857.82	1193.86
858.00	1183.75
858.18	1195.19
858.36	1186.47
858.54	1196.61
858.72	1189.91
858.90	1200.38
859.08	1196.57
859.25	1202.75
859.43	1190.59
859.61	1199.37
859.79	1193.70
859.97	1189.87
860.15	1195.24
860.33	1191.79
860.51	1190.32
860.69	1189.73
860.87	1193.58
861.05	1191.28
861.23	1188.64
861.41	1190.71
861.58	1186.86
861.76	1185.59
861.94	1193.60
862.12	1196.46
862.30	1189.89
862.48	1194.68
862.66	1191.41
862.84	1196.46
863.02	1185.12
863.20	1192.80
863.37	1182.46
863.55	1188.60
863.73	1187.66
863.91	1197.18
864.09	1191.10
864.27	1196.18
864.45	1193.13
864.63	1187.86
864.80	1185.08
864.98	1196.71
865.16	1188.01
865.34	1194.83
865.52	1191.90
865.70	1190.14
865.88	1190.79
866.06	1192.49
866.23	1192.10
866.41	1195.79
866.59	1190.85
866.77	1199.25
866.95	1181.21
867.13	1191.71
867.31	1189.54
867.48	1195.56
867.66	1185.86
867.84	1195.05
868.02	1190.53
868.20	1196.65
868.38	1187.72
868.56	1189.34
868.73	1192.53
868.91	1197.57
869.09	1187.94
869.27	1191.57
869.45	1190.55
869.63	1198.35
869.80	1190.07
869.98	1191.47
870.16	1197.86
870.34	1196.81
870.52	1185.84
870.70	1190.18
870.87	1190.34
871.05	1195.34
871.23	1190.26
871.41	1193.68
871.59	1196.22
871.76	1193.45
871.94	1188.72
872.12	1197.84
872.30	1185.55
872.48	1197.16
872.65	1193.17
872.83	1191.30
873.01	1192.25
873.19	1200.52
873.37	1197.75
873.54	1192.02
873.72	1191.61
873.90	1199.54
874.08	1189.09
874.26	1195.15
874.43	1192.04
874.61	1196.98
874.79	1189.54
874.97	1194.87
875.15	1191.98
875.32	1194.74
875.50	1193.19
875.68	1189.81
875.86	1184.83
876.03	1190.96
876.21	1190.07
876.39	1196.67
876.57	1188.37
876.74	1197.88
876.92	1192.25
877.10	1192.00
877.28	1183.71
877.45	1194.78
877.63	1190.81
877.81	1192.12
877.99	1192.86
878.17	1194.48
878.34	1191.49
878.52	1194.23
878.70	1185.69
878.87	1197.43
879.05	1183.95
879.23	1194.89
879.41	1193.64
879.58	1200.07
879.76	1192.00
879.94	1189.73
880.12	1194.38
880.29	1196.51
880.47	1191.30
880.65	1196.98
880.83	1184.73
881.00	1196.36
881.18	1187.15
881.36	1203.18
881.53	1188.03
881.71	1198.37
881.89	1190.03
882.07	1199.54
882.24	1187.66
882.42	1193.29
882.60	1192.37
882.77	1192.74
882.95	1179.96
883.13	1190.59
883.30	1184.26
883.48	1192.49
883.66	1186.02
883.84	1190.65
884.01	1191.06
884.19	1188.35
884.37	1188.25
884.54	1194.40
884.72	1191.94
884.90	1194.11
885.07	1193.49
885.25	1202.83
885.43	1192.88
885.60	1197.37
885.78	1194.42
885.96	1199.29
886.13	1188.95
886.31	1192.78
886.49	1190.16
886.66	1193.60
886.84	1187.94
887.02	1198.23
887.19	1185.67
887.37	1197.18
887.55	1195.46
887.72	1197.78
887.90	1186.04
888.08	1197.75
888.25	1188.11
888.43	1192.41
888.61	1193.41
888.78	1192.10
888.96	1190.69
889.14	1193.78
889.31	1190.26
889.49	1192.90
889.67	1183.50
889.84	1191.90
890.02	1184.42
890.19	1199.45
890.37	1194.40
890.55	1199.25
890.72	1189.07
890.90	1191.06
891.08	1185.92
891.25	1192.12
891.43	1194.46
891.60	1195.11
891.78	1189.77
891.96	1194.68
892.13	1193.45
892.31	1194.07
892.48	1191.00
892.66	1194.56
892.84	1193.82
893.01	1195.30
893.19	1191.12
893.36	1196.40
893.54	1188.50
893.72	1187.56
893.89	1189.56
894.07	1190.34
894.24	1189.52
894.42	1207.48
894.60	1186.72
894.77	1194.27
894.95	1193.13
895.12	1192.72
895.30	1185.59
895.48	1196.38
895.65	1185.49
895.83	1190.71
896.00	1185.10
896.18	1199.52
896.35	1183.05
896.53	1201.32
896.71	1186.06
896.88	1192.90
897.06	1185.16
897.23	1195.62
897.41	1189.15
897.58	1190.46
897.76	1183.62
897.93	1198.61
898.11	1189.71
898.29	1187.86
898.46	1191.49
898.64	1194.11
898.81	1188.74
898.99	1197.73
899.16	1188.91
899.34	1196.42
899.51	1190.75
899.69	1195.40
899.86	1194.87
900.04	1200.29
900.21	1181.00
900.39	1194.72
900.57	1187.37
900.74	1194.72
900.92	1192.27
901.09	1196.36
901.27	1187.88
901.44	1193.97
901.62	1184.40
901.79	1190.30
901.97	1192.23
902.14	1187.92
902.32	1192.59
902.49	1195.26
902.67	1189.99
902.84	1197.06
903.02	1182.66
903.19	1196.01
903.37	1199.02
903.54	1193.45
903.72	1187.74
903.89	1192.59
904.07	1187.60
904.24	1193.74
904.42	1183.87
904.59	1197.47
904.77	1187.29
904.94	1200.33
905.12	1189.03
905.29	1187.82
905.47	1193.60
905.64	1196.32
905.82	1183.91
905.99	1187.68
906.16	1190.81
906.34	1195.42
906.51	1182.15
906.69	1194.01
906.86	1192.68
907.04	1187.15
907.21	1190.63
907.39	1196.65
907.56	1187.92
907.74	1197.02
907.91	1185.16
908.09	1182.95
908.26	1193.15
908.43	1197.92
908.61	1185.45
908.78	1190.67
908.96	1190.14
909.13	1186.72
909.31	1185.38
909.48	1194.31
909.65	1185.24
909.83	1201.13
910.00	1184.30
910.18	1191.73
910.35	1190.67
910.53	1187.43
910.70	1195.28
910.87	1191.49
911.05	1185.22
911.22	1185.24
911.40	1186.76
911.57	1198.29
911.75	1196.51
911.92	1192.59
912.09	1188.58
912.27	1191.84
912.44	1184.26
912.62	1186.88
912.79	1189.40
912.96	1198.33
913.14	1179.18
913.31	1196.51
913.49	1185.98
913.66	1188.93
913.83	1190.42
914.01	1196.24
914.18	1193.37
914.36	1194.60
914.53	1185.47
914.70	1191.57
914.88	1190.44
915.05	1197.02
915.22	1187.90
915.40	1194.46
915.57	1195.77
915.75	1196.03
915.92	1188.48
916.09	1197.90
916.27	1199.56
916.44	1197.51
916.61	1183.87
916.79	1194.17
916.96	1184.65
917.13	1194.25
917.31	1197.04
917.48	1194.27
917.66	1190.73
917.83	1188.72
918.00	1193.35
918.18	1200.07
918.35	1195.89
918.52	1195.75
918.70	1193.64
918.87	1191.41
919.04	1189.83
919.22	1198.61
919.39	1182.13
919.56	1195.79
919.74	1186.06
919.91	1198.27
920.08	1197.90
920.26	1197.57
920.43	1187.27
920.60	1202.20
920.78	1190.85
920.95	1187.19
921.12	1190.61
921.29	1191.49
921.47	1190.38
921.64	1193.33
921.81	1182.68
921.99	1191.30
922.16	1186.37
922.33	1196.08
922.51	1197.53
922.68	1199.00
922.85	1188.44
923.03	1194.87
923.20	1188.37
923.37	1191.71
923.54	1188.31
923.72	1194.52
923.89	1184.87
924.06	1191.67
924.24	1186.22
924.41	1198.68
924.58	1186.27
924.75	1203.63
924.93	1193.49
925.10	1191.22
925.27	1190.10
925.44	1202.26
925.62	1192.02
925.79	1189.44
925.96	1187.84
926.14	1192.02
926.31	1190.34
926.48	1194.46
926.65	1187.27
926.83	1189.30
927.00	1187.21
927.17	1196.44
927.34	1191.96
927.52	1195.54
927.69	1191.92
927.86	1193.19
928.03	1185.81
928.21	1196.53
928.38	1193.56
928.55	1190.81
928.72	1188.29
928.89	1190.01
929.07	1188.23
929.24	1194.11
929.41	1184.20
929.58	1197.71
929.76	1186.02
929.93	1190.46
930.10	1181.88
930.27	1194.27
930.44	1187.76
930.62	1199.37
930.79	1192.33
930.96	1188.48
931.13	1194.46
931.31	1192.25
931.48	1187.49
931.65	1194.52
931.82	1193.92
931.99	1192.66
932.17	1193.02
932.34	1200.05
932.51	1194.15
932.68	1195.97
932.85	1197.28
933.03	1192.88
933.20	1186.90
933.37	1193.88
933.54	1188.13
933.71	1195.95
933.88	1188.03
934.06	1197.69
934.23	1182.37
934.40	1198.64
934.57	1185.84
934.74	1199.52
934.91	1182.74
935.09	1201.87
935.26	1191.39
935.43	1196.79
935.60	1188.97
935.77	1197.80
935.94	1192.55
936.12	1200.25
936.29	1188.93
936.46	1190.16
936.63	1190.30
936.80	1195.52
936.97	1194.03
937.14	1192.78
937.32	1182.95
937.49	1194.54
937.66	1186.31
937.83	1186.63
938.00	1190.03
938.17	1193.78
938.34	1186.72
938.52	1199.64
938.69	1192.74
938.86	1189.69
939.03	1189.17
939.20	1195.22
939.37	1187.78
939.54	1194.95
939.71	1187.02
939.89	1197.61
940.06	1184.61
940.23	1201.97
940.40	1188.29
940.57	1198.14
940.74	1186.35
940.91	1196.20
941.08	1185.53
941.25	1193.66
941.43	1193.68
941.60	1198.80
941.77	1193.06
941.94	1198.23
942.11	1188.15
942.28	1190.30
942.45	1188.80
942.62	1191.49
942.79	1188.64
942.96	1194.85
943.13	1190.46
943.30	1189.01
943.48	1190.01
943.65	1198.98
943.82	1193.39
943.99	1195.97
944.16	1191.08
944.33	1199.41
944.50	1187.06
944.67	1194.56
944.84	1188.37
945.01	1194.42
945.18	1190.83
945.35	1196.71
945.52	1191.02
945.69	1187.51
945.86	1190.10
946.03	1192.57
946.21	1189.52
946.38	1194.78
946.55	1188.33
946.72	1204.57
946.89	1195.50
947.06	1193.62
947.23	1195.40
947.40	1190.61
947.57	1188.21
947.74	1189.64
947.91	1188.83
948.08	1193.68
948.25	1192.31
948.42	1187.49
948.59	1192.37
948.76	1198.68
948.93	1192.04
949.10	1192.63
949.27	1200.27
949.44	1195.60
949.61	1192.74
949.78	1196.61
949.95	1186.31
950.12	1191.00
950.29	1189.23
950.46	1200.15
950.63	1185.43
950.80	1197.53
950.97	1189.60
951.14	1201.93
951.31	1183.89
951.48	1189.38
951.65	1185.38
951.82	1191.49
951.99	1190.85
952.16	1191.26
952.33	1191.32
952.50	1198.45
952.67	1186.94
952.84	1197.37
953.01	1194.68
953.18	1193.41
953.35	1195.75
953.52	1193.54
953.69	1190.32
953.86	1203.47
954.03	1193.72
954.20	1191.00
954.37	1193.62
954.54	1185.96
954.70	1183.71
954.87	1197.71
955.04	1190.38
955.21	1189.52
955.38	1192.12
955.55	1194.01
955.72	1197.82
955.89	1196.89
956.06	1184.73
956.23	1196.40
956.40	1187.19
956.57	1191.86
956.74	1182.13
956.91	1195.83
957.08	1192.61
957.25	1187.02
957.41	1183.01
957.58	1197.14
957.75	1190.01
957.92	1196.18
958.09	1185.88
958.26	1198.74
958.43	1190.36
958.60	1197.63
958.77	1190.71
958.94	1187.17
959.11	1190.28
959.27	1194.76
959.44	1186.27
959.61	1195.46
959.78	1184.85
959.95	1195.85
960.12	1198.21
960.29	1202.92
960.46	1185.43
960.63	1196.28
960.80	1184.57
960.96	1195.01
961.13	1189.81
961.30	1196.59
961.47	1193.19
961.64	1195.05
961.81	1193.09
961.98	1189.48
962.15	1182.89
962.31	1197.65
962.48	1190.18
962.65	1196.16
962.82	1192.66
962.99	1194.50
963.16	1187.72
963.33	1193.21
963.49	1190.42
963.66	1199.43
963.83	1197.67
964.00	1193.47
964.17	1189.87
964.34	1195.42
964.51	1193.95
964.67	1200.42
964.84	1191.69
965.01	1200.21
965.18	1184.57
965.35	1193.19
965.52	1188.66
965.68	1191.26
965.85	1195.67
966.02	1192.31
966.19	1187.51
966.36	1197.75
966.52	1194.40
966.69	1199.99
966.86	1182.54
967.03	1197.88
967.20	1187.72
967.37	1195.87
967.53	1192.53
967.70	1194.50
967.87	1184.67
968.04	1200.70
968.21	1185.98
968.37	1192.61
968.54	1188.99
968.71	1188.60
968.88	1193.84
969.05	1193.72
969.21	1198.18
969.38	1191.86
969.55	1189.21
969.72	1196.87
969.89	1188.13
970.05	1196.57
970.22	1187.00
970.39	1197.96
970.56	1187.76
970.72	1197.24
970.89	1195.36
971.06	1190.91
971.23	1187.88
971.39	1187.51
971.56	1195.83
971.73	1192.25
971.90	1191.12
972.07	1193.31
972.23	1199.64
972.40	1198.31
972.57	1186.55
972.74	1198.43
972.90	1193.92
973.07	1194.85
973.24	1185.28
973.40	1200.36
973.57	1189.95
973.74	1197.30
973.91	1189.99
974.07	1201.60
974.24	1184.79
974.41	1197.90
974.58	1189.62
974.74	1192.00
974.91	1192.35
975.08	1194.35
975.25	1191.08
975.41	1194.27
975.58	1188.17
975.75	1200.85
975.91	1185.69
976.08	1195.56
976.25	1189.28
976.42	1192.39
976.58	1190.75
976.75	1194.44
976.92	1180.82
977.08	1195.40
977.25	1185.10
977.42	1202.42
977.58	1185.77
977.75	1187.15
977.92	1187.43
978.08	1192.16
978.25	1185.71
978.42	1195.71
978.59	1186.70
978.75	1189.32
978.92	1192.31
979.09	1188.52
979.25	1184.09
979.42	1196.46
979.59	1184.71
979.75	1200.72
979.92	1193.25
980.09	1203.76
980.25	1190.75
980.42	1197.67
980.59	1188.80
980.75	1199.39
980.92	1194.97
981.09	1190.65
981.25	1190.55
981.42	1187.99
981.59	1189.97
981.75	1200.89
981.92	1198.18
982.08	1192.06
982.25	1192.63
982.42	1193.43
982.58	1187.66
982.75	1197.22
982.92	1189.28
983.08	1197.10
983.25	1187.35
983.42	1196.28
983.58	1184.52
983.75	1192.45
983.91	1188.25
984.08	1193.47
984.25	1190.30
984.41	1191.69
984.58	1188.80
984.74	1201.13
984.91	1184.95
985.08	1194.54
985.24	1196.73
985.41	1198.47
985.57	1188.05
985.74	1194.01
985.91	1191.79
986.07	1195.58
986.24	1189.75
986.40	1191.65
986.57	1189.87
986.74	1192.82
986.90	1187.92
987.07	1197.55
987.23	1197.30
987.40	1190.01
987.57	1197.12
987.73	1200.52
987.90	1186.00
988.06	1191.34
988.23	1190.14
988.39	1192.72
988.56	1182.68
988.73	1195.73
988.89	1188.58
989.06	1194.76
989.22	1184.16
989.39	1195.73
989.55	1191.16
989.72	1194.09
989.88	1184.16
990.05	1195.07
990.22	1186.68
990.38	1196.73
990.55	1190.36
990.71	1192.23
990.88	1188.54
991.04	1199.82
991.21	1185.61
991.37	1194.23
991.54	1191.84
991.70	1189.77
991.87	1192.59
992.03	1189.56
992.20	1192.80
992.36	1195.83
992.53	1180.53
992.69	1196.46
992.86	1190.10
993.03	1193.49
993.19	1193.49
993.36	1199.68
993.52	1186.70
993.69	1196.85
993.85	1189.64
994.02	1198.90
994.18	1185.49
994.35	1190.38
994.51	1191.88
994.68	1199.88
994.84	1193.02
995.01	1192.29
995.17	1190.96
995.34	1198.57
995.50	1189.13
995.66	1201.38
995.83	1188.11
995.99	1200.38
996.16	1191.88
996.32	1196.38
996.49	1192.12
996.65	1195.26
996.82	1191.45
996.98	1194.76
997.15	1189.73
997.31	1204.31
997.48	1188.11
997.64	1194.66
997.81	1191.08
997.97	1193.45
998.13	1189.48
998.30	1198.76
998.46	1188.87
998.63	1188.23
998.79	1194.64
998.96	1192.53
999.12	1191.84
999.29	1199.39
999.45	1188.05
999.61	1193.29
999.78	1189.46
999.94	1198.90
1000.11	1190.91
1000.27	1190.81
1000.44	1194.70
1000.60	1190.71
1000.76	1188.52
1000.93	1198.02
1001.09	1185.34
1001.26	1190.73
1001.42	1190.59
1001.59	1200.05
1001.75	1188.64
1001.91	1193.31
1002.08	1190.50
1002.24	1198.27
1002.41	1192.49
1002.57	1199.07
1002.73	1185.34
1002.90	1192.66
1003.06	1192.18
1003.23	1198.98
1003.39	1182.56
1003.55	1199.66
1003.72	1191.02
1003.88	1190.77
1004.04	1183.01
1004.21	1193.64
1004.37	1185.88
1004.54	1192.88
1004.70	1188.03
1004.86	1205.15
1005.03	1192.39
1005.19	1200.70
1005.35	1188.05
1005.52	1197.00
1005.68	1194.19
1005.85	1196.65
1006.01	1193.54
1006.17	1195.71
1006.34	1185.22
1006.50	1200.66
1006.66	1194.87
1006.83	1198.70
1006.99	1189.54
1007.15	1186.29
1007.32	1191.79
1007.48	1190.26
1007.64	1186.16
1007.81	1192.84
1007.97	1188.87
1008.13	1190.34
1008.30	1188.54
1008.46	1200.11
1008.62	1191.73
1008.79	1195.19
1008.95	1194.89
1009.11	1196.34
1009.28	1185.16
1009.44	1197.08
1009.60	1193.09
1009.77	1197.47
1009.93	1193.56
1010.09	1199.31
1010.25	1186.33
1010.42	1196.98
1010.58	1183.62
1010.74	1192.94
1010.91	1184.59
1011.07	1193.00
1011.23	1189.13
1011.40	1189.05
1011.56	1187.02
1011.72	1194.74
1011.88	1192.37
1012.05	1189.95
1012.21	1184.79
1012.37	1193.74
1012.54	1190.81
1012.70	1197.32
1012.86	1188.25
1013.02	1191.65
1013.19	1195.40
1013.35	1196.46
1013.51	1183.68
1013.67	1193.66
1013.84	1193.11
1014.00	1196.30
1014.16	1191.92
1014.33	1198.74
1014.49	1189.77
1014.65	1200.13
1014.81	1185.94
1014.98	1199.58
1015.14	1188.68
1015.30	1190.89
1015.46	1189.19
1015.62	1193.09
1015.79	1186.00
1015.95	1190.67
1016.11	1182.91
1016.27	1192.63
1016.44	1181.94
1016.60	1198.92
1016.76	1183.36
1016.92	1197.16
1017.09	1180.80
1017.25	1192.72
1017.41	1191.00
1017.57	1194.66
1017.73	1183.58
1017.90	1197.75
1018.06	1180.45
1018.22	1197.69
1018.38	1189.54
1018.54	1195.99
1018.71	1193.21
1018.87	1194.13
1019.03	1196.79
1019.19	1196.77
1019.35	1189.23
1019.52	1195.30
1019.68	1193.92
1019.84	1196.08
1020.00	1188.23
1020.16	1191.12
1020.33	1192.06
1020.49	1193.15
1020.65	1184.85
1020.81	1196.30
1020.97	1188.42
1021.13	1204.66
1021.30	1181.31
1021.46	1192.12
1021.62	1191.51
1021.78	1193.54
1021.94	1189.99
1022.10	1197.20
1022.27	1192.84
1022.43	1193.49
1022.59	1189.87
1022.75	1194.58
1022.91	1190.48
1023.07	1192.92
1023.24	1191.39
1023.40	1196.32
1023.56	1182.19
1023.72	1201.87
1023.88	1194.07
1024.04	1195.32
1024.20	1186.63
1024.36	1200.68
1024.53	1186.18
1024.69	1196.42
1024.85	1185.57
1025.01	1191.82
1025.17	1193.70
1025.33	1198.21
1025.49	1189.97
1025.65	1196.42
1025.82	1192.18
1025.98	1194.42
1026.14	1188.48
1026.30	1198.49
1026.46	1187.21
1026.62	1198.18
1026.78	1183.93
1026.94	1192.84
1027.10	1181.41
1027.26	1193.27
1027.43	1184.38
1027.59	1202.81
1027.75	1190.01
1027.91	1194.99
1028.07	1190.30
1028.23	1194.85
1028.39	1191.82
1028.55	1196.75
1028.71	1188.91
1028.87	1193.90
1029.03	1186.20
1029.19	1198.12
1029.36	1184.93
1029.52	1193.13
1029.68	1187.92
1029.84	1198.72
1030.00	1182.35
1030.16	1192.08
1030.32	1188.29
1030.48	1192.00
1030.64	1189.01
1030.80	1189.83
1030.96	1187.97
1031.12	1197.02
1031.28	1185.18
1031.44	1198.51
1031.60	1181.31
1031.76	1196.71
1031.92	1192.14
1032.08	1216.04
1032.24	1187.13
1032.40	1198.84
1032.56	1187.56
1032.73	1196.65
1032.89	1190.42
1033.05	1198.06
1033.21	1189.42
1033.37	1196.30
1033.53	1191.49
1033.69	1195.69
1033.85	1182.52
1034.01	1189.87
1034.17	1193.35
1034.33	1190.81
1034.49	1189.75
1034.65	1189.34
1034.81	1190.42
1034.97	1196.22
1035.13	1197.04
1035.29	1189.05
1035.45	1186.51
1035.61	1201.89
1035.77	1185.81
1035.93	1190.14
1036.09	1179.45
1036.25	1186.72
1036.41	1193.72
1036.57	1195.77
1036.73	1188.25
1036.88	1197.16
1037.04	1187.97
