345.52	1202.94
345.73	1202.94
345.94	1202.94
346.16	1194.54
346.37	1202.24
346.58	1202.53
346.79	1206.95
347.00	1194.52
347.22	1203.24
347.43	1199.00
347.64	1210.35
347.85	1200.95
348.06	1200.68
348.28	1202.55
348.49	1210.80
348.70	1199.02
348.91	1207.22
349.12	1199.47
349.34	1210.57
349.55	1204.33
349.76	1208.14
349.97	1200.44
350.18	1209.78
350.40	1199.19
350.61	1213.16
350.82	1202.59
351.03	1205.09
351.24	1203.55
351.46	1206.56
351.67	1201.46
351.88	1207.65
352.09	1195.99
352.30	1210.37
352.51	1203.94
352.73	1208.55
352.94	1209.76
353.15	1216.53
353.36	1206.62
353.57	1207.95
353.79	1204.31
354.00	1208.71
354.21	1195.85
354.42	1216.27
354.63	1200.99
354.84	1206.68
355.06	1210.12
355.27	1203.28
355.48	1205.56
355.69	1211.29
355.90	1201.77
356.11	1217.93
356.33	1205.48
356.54	1221.94
356.75	1203.67
356.96	1210.84
357.17	1213.59
357.38	1209.84
357.60	1210.43
357.81	1211.17
358.02	1205.02
358.23	1211.48
358.44	1199.31
358.65	1215.49
358.87	1208.16
359.08	1209.61
359.29	1201.79
359.50	1216.33
359.71	1200.27
359.92	1212.27
360.13	1206.29
360.35	1210.00
360.56	1199.58
360.77	1206.03
360.98	1202.34
361.19	1211.87
361.40	1208.55
361.62	1212.27
361.83	1207.93
362.04	1212.66
362.25	1200.58
362.46	1208.79
362.67	1200.46
362.88	1212.85
363.10	1207.95
363.31	1214.12
363.52	1204.16
363.73	1208.08
363.94	1206.60
364.15	1214.14
364.36	1205.31
364.57	1213.18
364.79	1209.67
365.00	1207.87
365.21	1212.48
365.42	1210.23
365.63	1204.41
365.84	1213.40
366.05	1206.97
366.27	1213.26
366.48	1203.78
366.69	1211.09
366.90	1206.79
367.11	1209.98
367.32	1204.80
367.53	1215.35
367.74	1201.63
367.95	1217.89
368.17	1205.11
368.38	1210.88
368.59	1207.42
368.80	1214.61
369.01	1196.77
369.22	1211.78
369.43	1199.68
369.64	1207.54
369.86	1215.59
370.07	1203.88
370.28	1199.88
370.49	1211.05
370.70	1199.43
370.91	1208.85
371.12	1211.09
371.33	1209.16
371.54	1211.41
371.76	1203.94
371.97	1209.24
372.18	1209.04
372.39	1206.15
372.60	1209.67
372.81	1200.01
373.02	1211.03
373.23	1210.23
373.44	1204.84
373.65	1205.68
373.87	1209.90
374.08	1213.69
374.29	1211.82
374.50	1207.26
374.71	1214.36
374.92	1212.34
375.13	1208.87
375.34	1202.71
375.55	1212.81
375.76	1207.38
375.97	1215.57
376.19	1217.97
376.40	1211.82
376.61	1204.02
376.82	1218.71
377.03	1206.91
377.24	1213.16
377.45	1205.09
377.66	1215.06
377.87	1203.86
378.08	1216.82
378.29	1200.52
378.50	1207.61
378.71	1205.82
378.93	1211.76
379.14	1211.03
379.35	1203.69
379.56	1208.61
379.77	1218.79
379.98	1204.74
380.19	1212.32
380.40	1206.58
380.61	1208.94
380.82	1201.20
381.03	1208.59
381.24	1209.39
381.45	1210.14
381.66	1203.37
381.88	1211.00
382.09	1202.71
382.30	1212.48
382.51	1209.16
382.72	1212.89
382.93	1204.88
383.14	1210.23
383.35	1209.96
383.56	1209.33
383.77	1201.81
383.98	1210.41
384.19	1207.09
384.40	1209.16
384.61	1201.75
384.82	1214.63
385.03	1197.22
385.24	1212.54
385.45	1204.43
385.67	1204.43
385.88	1201.46
386.09	1207.32
386.30	1203.55
386.51	1210.12
386.72	1207.73
386.93	1211.62
387.14	1205.45
387.35	1210.08
387.56	1206.01
387.77	1209.98
387.98	1201.71
388.19	1213.18
388.40	1206.56
388.61	1211.13
388.82	1214.42
389.03	1212.87
389.24	1203.80
389.45	1215.35
389.66	1212.46
389.87	1207.95
390.08	1210.76
390.29	1209.94
390.50	1212.11
390.71	1213.38
390.92	1196.32
391.13	1217.56
391.34	1204.19
391.55	1208.94
391.76	1204.29
391.98	1208.77
392.19	1199.09
392.40	1212.70
392.61	1202.42
392.82	1218.66
393.03	1207.79
393.24	1208.65
393.45	1207.89
393.66	1212.66
393.87	1203.30
394.08	1217.97
394.29	1205.25
394.50	1215.72
394.71	1203.41
394.92	1218.30
395.13	1206.09
395.34	1212.27
395.55	1200.64
395.76	1213.22
395.97	1207.01
396.18	1211.89
396.39	1210.33
396.60	1208.38
396.81	1212.54
397.02	1214.55
397.23	1212.64
397.44	1221.59
397.65	1198.76
397.86	1212.03
398.07	1204.64
398.28	1213.99
398.49	1207.77
398.70	1205.78
398.91	1207.18
399.12	1223.80
399.33	1205.56
399.54	1218.13
399.75	1212.32
399.96	1218.21
400.17	1210.94
400.38	1211.09
400.59	1208.59
400.80	1213.34
401.01	1207.71
401.22	1215.26
401.42	1208.49
401.63	1211.54
401.84	1204.47
402.05	1216.17
402.26	1214.06
402.47	1220.59
402.68	1209.08
402.89	1206.23
403.10	1214.51
403.31	1213.48
403.52	1210.29
403.73	1219.28
403.94	1214.67
404.15	1224.91
404.36	1207.13
404.57	1217.87
404.78	1211.99
404.99	1211.78
405.20	1212.19
405.41	1220.43
405.62	1211.60
405.83	1217.82
406.04	1211.46
406.25	1217.78
406.46	1207.05
406.67	1213.89
406.88	1209.69
407.09	1213.11
407.30	1207.67
407.50	1218.97
407.71	1208.53
407.92	1211.17
408.13	1212.32
408.34	1215.12
408.55	1220.16
408.76	1203.61
408.97	1212.97
409.18	1216.94
409.39	1209.67
409.60	1215.35
409.81	1207.20
410.02	1213.85
410.23	1209.76
410.44	1211.70
410.65	1199.07
410.86	1210.43
411.07	1210.17
411.27	1207.40
411.48	1199.43
411.69	1215.14
411.90	1208.83
412.11	1219.44
412.32	1210.72
412.53	1211.29
412.74	1206.40
412.95	1213.40
413.16	1207.89
413.37	1210.66
413.58	1201.30
413.79	1217.27
414.00	1200.50
414.20	1207.91
414.41	1208.83
414.62	1211.70
414.83	1201.46
415.04	1209.33
415.25	1204.47
415.46	1215.49
415.67	1207.56
415.88	1215.29
416.09	1207.85
416.30	1215.47
416.51	1212.21
416.71	1215.14
416.92	1203.43
417.13	1222.27
417.34	1202.22
417.55	1218.75
417.76	1213.09
417.97	1210.14
418.18	1208.40
418.39	1210.55
418.60	1202.03
418.81	1203.80
419.01	1210.51
419.22	1217.11
419.43	1205.74
419.64	1212.52
419.85	1203.51
420.06	1204.55
420.27	1207.91
420.48	1218.54
420.69	1203.16
420.90	1215.92
421.10	1211.27
421.31	1209.16
421.52	1205.17
421.73	1205.15
421.94	1205.45
422.15	1215.76
422.36	1205.88
422.57	1220.14
422.78	1209.22
422.98	1206.03
423.19	1212.38
423.40	1217.48
423.61	1206.89
423.82	1210.94
424.03	1216.80
424.24	1216.37
424.45	1199.21
424.65	1212.27
424.86	1207.01
425.07	1211.00
425.28	1200.44
425.49	1211.70
425.70	1217.91
425.91	1213.48
426.12	1206.27
426.32	1210.19
426.53	1201.44
426.74	1209.45
426.95	1208.04
427.16	1205.80
427.37	1199.11
427.58	1209.76
427.78	1204.35
427.99	1212.91
428.20	1209.98
428.41	1216.84
428.62	1204.00
428.83	1210.47
429.04	1207.26
429.24	1219.57
429.45	1207.58
429.66	1217.21
429.87	1207.71
430.08	1209.59
430.29	1209.45
430.50	1207.71
430.70	1206.89
430.91	1214.45
431.12	1209.84
431.33	1210.31
431.54	1206.21
431.75	1224.19
431.96	1207.54
432.16	1215.96
432.37	1205.13
432.58	1214.40
432.79	1204.12
433.00	1211.62
433.21	1201.50
433.41	1210.84
433.62	1207.46
433.83	1203.88
434.04	1203.98
434.25	1210.53
434.46	1202.36
434.66	1214.47
434.87	1199.23
435.08	1215.24
435.29	1200.50
435.50	1215.82
435.71	1212.60
435.91	1208.61
436.12	1203.35
436.33	1212.46
436.54	1204.02
436.75	1218.32
436.95	1206.91
437.16	1208.90
437.37	1209.37
437.58	1213.69
437.79	1205.70
438.00	1215.78
438.20	1204.62
438.41	1212.99
438.62	1203.98
438.83	1208.59
439.04	1201.07
439.24	1216.76
439.45	1211.21
439.66	1207.40
439.87	1207.24
440.08	1213.16
440.28	1204.82
440.49	1209.00
440.70	1204.92
440.91	1215.76
441.12	1209.24
441.32	1210.60
441.53	1205.68
441.74	1214.38
441.95	1210.76
442.16	1218.03
442.36	1212.07
442.57	1219.20
442.78	1201.65
442.99	1209.45
443.20	1207.15
443.40	1213.87
443.61	1205.05
443.82	1216.60
444.03	1200.79
444.24	1210.41
444.44	1204.92
444.65	1217.21
444.86	1204.96
445.07	1205.13
445.27	1203.92
445.48	1214.65
445.69	1208.71
445.90	1210.53
446.11	1209.45
446.31	1205.15
446.52	1207.81
446.73	1209.45
446.94	1207.11
447.14	1212.07
447.35	1209.10
447.56	1213.89
447.77	1205.15
447.97	1211.56
448.18	1203.41
448.39	1215.37
448.60	1201.54
448.81	1209.82
449.01	1205.09
449.22	1214.32
449.43	1210.64
449.64	1219.63
449.84	1210.21
450.05	1206.17
450.26	1209.90
450.47	1213.28
450.67	1204.76
450.88	1216.47
451.09	1203.26
451.30	1212.44
451.50	1208.08
451.71	1207.85
451.92	1202.32
452.13	1211.99
452.33	1200.89
452.54	1214.81
452.75	1203.92
452.96	1219.20
453.16	1206.70
453.37	1214.92
453.58	1205.88
453.79	1206.89
453.99	1217.03
454.20	1209.71
454.41	1207.07
454.61	1206.97
454.82	1213.11
455.03	1217.52
455.24	1205.93
455.44	1209.26
455.65	1201.38
455.86	1217.25
456.07	1206.68
456.27	1217.17
456.48	1206.99
456.69	1215.94
456.90	1212.07
457.10	1211.58
457.31	1207.99
457.52	1210.94
457.72	1203.10
457.93	1212.60
458.14	1206.40
458.35	1207.77
458.55	1209.14
458.76	1214.26
458.97	1206.64
459.17	1205.48
459.38	1204.43
459.59	1215.63
459.80	1208.57
460.00	1213.30
460.21	1206.19
460.42	1209.47
460.62	1201.17
460.83	1208.61
461.04	1203.02
461.25	1217.21
461.45	1209.78
461.66	1207.20
461.87	1206.97
462.07	1210.51
462.28	1204.00
462.49	1209.31
462.69	1207.56
462.90	1210.72
463.11	1205.54
463.31	1216.06
463.52	1206.99
463.73	1211.39
463.94	1206.66
464.14	1213.32
464.35	1208.96
464.56	1211.70
464.76	1205.45
464.97	1212.56
465.18	1203.06
465.38	1221.10
465.59	1211.35
465.80	1213.73
466.00	1205.02
466.21	1216.15
466.42	1202.94
466.62	1216.66
466.83	1203.69
467.04	1212.62
467.24	1204.37
467.45	1210.04
467.66	1206.50
467.86	1210.29
468.07	1206.21
468.28	1217.33
468.48	1201.79
468.69	1216.12
468.90	1204.59
469.10	1214.57
469.31	1211.09
469.52	1219.11
469.72	1208.94
469.93	1209.06
470.14	1208.75
470.34	1204.70
470.55	1202.65
470.76	1209.78
470.96	1203.37
471.17	1207.91
471.38	1212.50
471.58	1216.39
471.79	1206.95
472.00	1218.62
472.20	1198.74
472.41	1211.48
472.62	1214.24
472.82	1208.32
473.03	1207.97
473.24	1212.70
473.44	1209.16
473.65	1218.15
473.85	1206.03
474.06	1206.87
474.27	1208.98
474.47	1212.11
474.68	1210.55
474.89	1213.75
475.09	1207.77
475.30	1211.33
475.51	1209.92
475.71	1222.19
475.92	1204.37
476.12	1208.06
476.33	1209.33
476.54	1214.18
476.74	1215.08
476.95	1216.17
477.16	1199.80
477.36	1211.50
477.57	1206.11
477.77	1204.51
477.98	1208.40
478.19	1217.05
478.39	1204.00
478.60	1214.38
478.81	1210.14
479.01	1215.72
479.22	1208.51
479.42	1213.36
479.63	1203.49
479.84	1216.86
480.04	1206.48
480.25	1211.05
480.45	1203.32
480.66	1209.08
480.87	1209.28
481.07	1214.63
481.28	1206.79
481.48	1217.64
481.69	1204.94
481.90	1210.08
482.10	1205.80
482.31	1216.00
482.51	1214.18
482.72	1210.53
482.93	1209.51
483.13	1218.99
483.34	1201.93
483.54	1216.78
483.75	1204.43
483.96	1213.73
484.16	1203.41
484.37	1217.09
484.57	1204.39
484.78	1213.61
484.99	1209.63
485.19	1215.00
485.40	1206.38
485.60	1214.61
485.81	1209.06
486.01	1215.59
486.22	1211.03
486.43	1207.48
486.63	1203.73
486.84	1214.67
487.04	1207.07
487.25	1217.82
487.46	1205.62
487.66	1206.62
487.87	1208.51
488.07	1213.75
488.28	1201.15
488.48	1221.08
488.69	1200.42
488.89	1213.44
489.10	1202.42
489.31	1209.16
489.51	1204.72
489.72	1215.94
489.92	1206.50
490.13	1217.78
490.33	1206.79
490.54	1217.89
490.75	1208.96
490.95	1213.63
491.16	1202.38
491.36	1212.17
491.57	1200.60
491.77	1217.44
491.98	1203.67
492.18	1209.33
492.39	1209.20
492.59	1208.94
492.80	1204.33
493.01	1218.23
493.21	1210.82
493.42	1214.24
493.62	1213.38
493.83	1214.08
494.03	1206.50
494.24	1208.12
494.44	1201.60
494.65	1207.63
494.85	1212.99
495.06	1207.11
495.26	1209.74
495.47	1212.58
495.68	1207.34
495.88	1206.87
496.09	1212.62
496.29	1206.62
496.50	1202.73
496.70	1211.72
496.91	1207.65
497.11	1215.04
497.32	1208.42
497.52	1213.59
497.73	1203.84
497.93	1214.83
498.14	1207.20
498.34	1206.97
498.55	1206.46
498.75	1214.90
498.96	1204.16
499.16	1206.81
499.37	1203.98
499.57	1205.43
499.78	1209.18
499.98	1214.18
500.19	1206.34
500.39	1210.60
500.60	1212.07
500.80	1211.99
501.01	1203.88
501.21	1207.36
501.42	1211.13
501.62	1209.96
501.83	1209.22
502.03	1213.54
502.24	1213.46
502.44	1215.59
502.65	1205.54
502.85	1210.55
503.06	1202.67
503.26	1209.04
503.47	1206.38
503.67	1215.22
503.88	1198.90
504.08	1212.60
504.29	1201.54
504.49	1215.04
504.70	1208.55
504.90	1215.29
505.11	1199.47
505.31	1214.61
505.52	1208.73
505.72	1216.04
505.93	1209.71
506.13	1213.75
506.34	1212.01
506.54	1212.87
506.75	1202.49
506.95	1210.96
507.16	1209.43
507.36	1207.38
507.56	1211.84
507.77	1207.71
507.97	1202.40
508.18	1208.96
508.38	1211.25
508.59	1209.90
508.79	1213.93
509.00	1215.12
509.20	1213.38
509.41	1215.24
509.61	1210.68
509.82	1204.59
510.02	1201.75
510.22	1213.93
510.43	1206.77
510.63	1218.58
510.84	1206.66
511.04	1218.97
511.25	1203.59
511.45	1215.10
511.66	1206.27
511.86	1209.39
512.06	1205.15
512.27	1217.89
512.47	1201.63
512.68	1213.97
512.88	1209.51
513.09	1209.45
513.29	1207.95
513.50	1216.19
513.70	1203.28
513.90	1211.56
514.11	1201.91
514.31	1216.17
514.52	1207.46
514.72	1217.39
514.93	1204.80
515.13	1212.36
515.33	1210.35
515.54	1206.52
515.74	1208.22
515.95	1207.58
516.15	1210.98
516.36	1219.38
516.56	1216.78
516.76	1211.27
516.97	1203.76
517.17	1218.48
517.38	1202.46
517.58	1215.88
517.78	1205.45
517.99	1212.58
518.19	1213.67
518.40	1206.70
518.60	1207.07
518.81	1205.23
519.01	1206.81
519.21	1210.41
519.42	1202.38
519.62	1211.19
519.83	1207.63
520.03	1221.39
520.23	1205.76
520.44	1215.67
520.64	1210.80
520.85	1213.54
521.05	1201.46
521.25	1215.72
521.46	1207.73
521.66	1210.96
521.86	1211.70
522.07	1212.25
522.27	1202.89
522.48	1210.08
522.68	1202.59
522.88	1210.86
523.09	1207.54
523.29	1217.03
523.50	1205.05
523.70	1216.00
523.90	1202.98
524.11	1212.15
524.31	1212.97
524.51	1215.06
524.72	1198.96
524.92	1206.50
525.13	1213.67
525.33	1212.62
525.53	1202.20
525.74	1212.21
525.94	1207.81
526.14	1214.73
526.35	1211.03
526.55	1214.75
526.76	1212.17
526.96	1217.62
527.16	1201.03
527.37	1212.60
527.57	1195.05
527.77	1216.51
527.98	1202.28
528.18	1215.96
528.38	1209.71
528.59	1212.64
528.79	1209.90
528.99	1210.00
529.20	1205.43
529.40	1214.22
529.61	1205.56
529.81	1218.56
530.01	1204.39
530.22	1209.33
530.42	1208.96
530.62	1214.86
530.83	1198.70
531.03	1210.53
531.23	1211.21
531.44	1212.25
531.64	1206.25
531.84	1216.78
532.05	1204.21
532.25	1210.80
532.45	1204.31
532.66	1224.99
532.86	1206.97
533.06	1212.40
533.27	1202.65
533.47	1213.01
533.67	1206.66
533.88	1213.85
534.08	1206.29
534.28	1221.02
534.49	1203.41
534.69	1212.40
534.89	1210.49
535.09	1209.00
535.30	1206.64
535.50	1205.80
535.70	1209.43
535.91	1214.12
536.11	1207.09
536.31	1212.32
536.52	1206.72
536.72	1212.32
536.92	1205.50
537.13	1213.97
537.33	1208.12
537.53	1216.49
537.74	1204.12
537.94	1205.66
538.14	1206.70
538.34	1210.98
538.55	1205.95
538.75	1218.15
538.95	1210.90
539.16	1218.64
539.36	1209.82
539.56	1213.34
539.77	1214.10
539.97	1215.04
540.17	1211.64
540.37	1216.23
540.58	1211.19
540.78	1221.70
540.98	1201.99
541.19	1207.50
541.39	1207.85
541.59	1214.59
541.79	1210.96
542.00	1217.58
542.20	1203.28
542.40	1205.58
542.60	1205.78
542.81	1214.69
543.01	1208.04
543.21	1206.15
543.42	1206.52
543.62	1220.94
543.82	1206.29
544.02	1216.33
544.23	1214.51
544.43	1217.05
544.63	1209.41
544.83	1215.98
545.04	1211.97
545.24	1215.10
545.44	1212.32
545.64	1213.91
545.85	1206.77
546.05	1212.03
546.25	1214.59
546.45	1210.37
546.66	1208.81
546.86	1203.53
547.06	1202.57
547.27	1218.11
547.47	1203.88
547.67	1213.05
547.87	1213.69
548.07	1214.36
548.28	1209.45
548.48	1210.68
548.68	1203.71
548.88	1217.15
549.09	1200.03
549.29	1212.48
549.49	1206.36
549.69	1208.06
549.90	1207.79
550.10	1216.06
550.30	1209.00
550.50	1210.25
550.71	1209.39
550.91	1208.24
551.11	1204.10
551.31	1211.07
551.51	1209.88
551.72	1210.10
551.92	1205.43
552.12	1211.09
552.32	1209.88
552.53	1209.92
552.73	1203.65
552.93	1216.60
553.13	1204.31
553.33	1214.71
553.54	1204.14
553.74	1218.64
553.94	1212.11
554.14	1211.97
554.35	1207.52
554.55	1211.91
554.75	1210.62
554.95	1208.36
555.15	1211.03
555.36	1214.88
555.56	1214.51
555.76	1210.23
555.96	1211.58
556.16	1215.35
556.37	1206.72
556.57	1215.29
556.77	1202.44
556.97	1210.70
557.17	1209.16
557.38	1213.44
557.58	1207.42
557.78	1218.21
557.98	1199.93
558.18	1214.67
558.38	1201.24
558.59	1213.26
558.79	1211.33
558.99	1213.34
559.19	1209.31
559.39	1213.18
559.60	1206.17
559.80	1213.36
560.00	1211.41
560.20	1212.17
560.40	1208.51
560.60	1213.93
560.81	1216.74
561.01	1206.50
561.21	1207.34
561.41	1215.37
561.61	1208.01
561.81	1210.60
562.02	1206.21
562.22	1220.00
562.42	1210.27
562.62	1210.00
562.82	1200.44
563.02	1212.21
563.23	1209.14
563.43	1207.15
563.63	1209.35
563.83	1207.52
564.03	1205.68
564.23	1216.55
564.43	1204.35
564.64	1213.07
564.84	1207.03
565.04	1214.88
565.24	1200.64
565.44	1215.08
565.64	1204.66
565.85	1213.32
566.05	1206.60
566.25	1218.38
566.45	1207.01
566.65	1214.38
566.85	1206.34
567.05	1217.74
567.25	1213.87
567.46	1211.15
567.66	1205.19
567.86	1213.83
568.06	1204.55
568.26	1219.03
568.46	1202.67
568.66	1206.52
568.86	1214.73
569.07	1211.64
569.27	1215.24
569.47	1205.31
569.67	1206.66
569.87	1216.04
570.07	1199.11
570.27	1210.64
570.47	1211.23
570.68	1212.32
570.88	1206.58
571.08	1211.62
571.28	1208.22
571.48	1217.11
571.68	1209.78
571.88	1211.91
572.08	1203.76
572.28	1206.46
572.49	1212.05
572.69	1216.43
572.89	1203.41
573.09	1214.14
573.29	1209.78
573.49	1218.44
573.69	1205.41
573.89	1208.20
574.09	1208.32
574.29	1211.09
574.50	1198.68
574.70	1212.89
574.90	1210.80
575.10	1208.90
575.30	1210.02
575.50	1218.23
575.70	1203.82
575.90	1203.65
576.10	1208.96
576.30	1217.91
576.50	1206.99
576.70	1212.05
576.91	1202.06
577.11	1212.30
577.31	1212.81
577.51	1217.01
577.71	1210.33
577.91	1217.13
578.11	1209.74
578.31	1217.70
578.51	1211.09
578.71	1217.37
578.91	1210.23
579.11	1212.99
579.31	1209.53
579.51	1222.49
579.71	1203.84
579.92	1214.96
580.12	1209.41
580.32	1219.05
580.52	1211.11
580.72	1205.76
580.92	1210.47
581.12	1208.20
581.32	1208.36
581.52	1206.68
581.72	1207.77
581.92	1212.75
582.12	1208.04
582.32	1220.86
582.52	1204.70
582.72	1211.58
582.92	1210.68
583.12	1210.45
583.32	1209.94
583.52	1208.83
583.72	1214.12
583.92	1210.94
584.12	1204.53
584.33	1212.54
584.53	1201.42
584.73	1218.34
584.93	1206.21
585.13	1219.77
585.33	1207.24
585.53	1209.31
585.73	1214.08
585.93	1211.58
586.13	1205.41
586.33	1210.41
586.53	1208.96
586.73	1211.89
586.93	1197.94
587.13	1217.50
587.33	1207.73
587.53	1213.67
587.73	1200.91
587.93	1207.03
588.13	1201.30
588.33	1210.98
588.53	1200.01
588.73	1215.49
588.93	1208.90
589.13	1209.10
589.33	1204.39
589.53	1208.14
589.73	1205.93
589.93	1209.31
590.13	1205.72
590.33	1217.82
590.53	1211.95
590.73	1216.92
590.93	1204.02
591.13	1210.84
591.33	1205.27
591.53	1219.89
591.73	1210.96
591.93	1207.99
592.13	1213.85
592.33	1216.29
592.53	1207.46
592.73	1217.66
592.93	1204.68
593.13	1207.15
593.33	1211.19
593.53	1213.32
593.73	1211.58
593.93	1220.10
594.13	1208.94
594.33	1215.74
594.53	1201.85
594.73	1211.37
594.92	1212.46
595.12	1209.31
595.32	1207.36
595.52	1217.19
595.72	1208.40
595.92	1215.06
596.12	1211.72
596.32	1212.58
596.52	1202.20
596.72	1213.09
596.92	1211.48
597.12	1211.33
597.32	1206.77
597.52	1212.21
597.72	1209.69
597.92	1215.98
598.12	1211.78
598.32	1210.31
598.52	1206.54
598.72	1213.09
598.92	1204.53
599.12	1214.34
599.31	1208.63
599.51	1218.85
599.71	1206.11
599.91	1214.51
600.11	1212.60
600.31	1211.76
600.51	1213.46
600.71	1218.75
600.91	1201.97
601.11	1214.57
601.31	1206.50
601.51	1222.37
601.71	1213.81
601.91	1215.24
602.10	1200.64
602.30	1217.09
602.50	1209.02
602.70	1209.63
602.90	1209.74
603.10	1219.85
603.30	1212.11
603.50	1212.17
603.70	1208.92
603.90	1212.97
604.10	1209.80
604.30	1212.58
604.49	1208.53
604.69	1211.11
604.89	1206.09
605.09	1217.05
605.29	1206.42
605.49	1213.63
605.69	1206.01
605.89	1215.90
606.09	1204.29
606.29	1212.25
606.48	1209.49
606.68	1217.82
606.88	1208.69
607.08	1223.52
607.28	1206.44
607.48	1211.31
607.68	1202.46
607.88	1216.15
608.08	1213.30
608.27	1214.61
608.47	1210.82
608.67	1208.34
608.87	1209.51
609.07	1216.41
609.27	1207.97
609.47	1214.30
609.67	1209.76
609.87	1220.71
610.06	1201.81
610.26	1216.96
610.46	1206.89
610.66	1209.71
610.86	1211.89
611.06	1210.47
611.26	1203.16
611.45	1215.24
611.65	1207.05
611.85	1218.73
612.05	1213.63
612.25	1210.43
612.45	1217.11
612.65	1220.47
612.84	1211.54
613.04	1211.43
613.24	1212.95
613.44	1220.57
613.64	1212.68
613.84	1210.74
614.04	1212.11
614.23	1214.36
614.43	1206.99
614.63	1216.17
614.83	1204.23
615.03	1215.76
615.23	1206.54
615.42	1217.37
615.62	1209.45
615.82	1221.37
616.02	1205.91
616.22	1213.24
616.42	1207.85
616.61	1218.60
616.81	1203.45
617.01	1217.23
617.21	1212.42
617.41	1214.40
617.61	1212.21
617.80	1215.39
618.00	1214.92
618.20	1223.25
618.40	1206.79
618.60	1215.35
618.80	1202.98
618.99	1217.72
619.19	1211.35
619.39	1222.43
619.59	1209.22
619.79	1219.26
619.98	1215.08
620.18	1218.87
620.38	1213.36
620.58	1214.32
620.78	1211.87
620.97	1211.31
621.17	1212.15
621.37	1222.06
621.57	1208.92
621.77	1208.96
621.96	1212.89
622.16	1221.22
622.36	1216.35
622.56	1223.97
622.76	1218.48
622.95	1217.48
623.15	1208.53
623.35	1212.87
623.55	1208.79
623.75	1214.92
623.94	1214.30
624.14	1218.54
624.34	1208.98
624.54	1230.69
624.73	1218.36
624.93	1230.95
625.13	1205.00
625.33	1225.79
625.53	1215.65
625.72	1225.01
625.92	1215.63
626.12	1225.67
626.32	1211.03
626.51	1220.00
626.71	1212.17
626.91	1220.00
627.11	1211.66
627.30	1220.88
627.50	1213.13
627.70	1217.70
627.90	1214.69
628.10	1221.02
628.29	1213.09
628.49	1224.60
628.69	1221.31
628.89	1211.31
629.08	1214.12
629.28	1222.88
629.48	1209.55
629.68	1223.80
629.87	1217.23
630.07	1227.08
630.27	1210.88
630.47	1227.86
630.66	1215.14
630.86	1224.58
631.06	1212.54
631.25	1231.91
631.45	1213.83
631.65	1216.41
631.85	1207.46
632.04	1226.06
632.24	1221.61
632.44	1221.39
632.64	1211.76
632.83	1224.40
633.03	1223.05
633.23	1229.58
633.42	1219.50
633.62	1227.49
633.82	1215.57
634.02	1224.28
634.21	1224.81
634.41	1231.59
634.61	1220.32
634.81	1233.37
635.00	1224.54
635.20	1234.70
635.40	1235.95
635.59	1240.58
635.79	1234.45
635.99	1244.71
636.18	1224.97
636.38	1242.73
636.58	1233.88
636.78	1241.87
636.97	1232.39
637.17	1240.78
637.37	1231.91
637.56	1238.04
637.76	1234.60
637.96	1241.36
638.15	1237.40
638.35	1251.53
638.55	1239.68
638.74	1245.86
638.94	1244.57
639.14	1243.73
639.34	1243.18
639.53	1245.23
639.73	1242.44
639.93	1246.66
640.12	1250.55
640.32	1254.87
640.52	1245.98
640.71	1250.98
640.91	1253.15
641.11	1252.64
641.30	1247.46
641.50	1255.02
641.70	1247.95
641.89	1252.91
642.09	1256.08
642.29	1262.98
642.48	1258.21
642.68	1264.64
642.88	1253.34
643.07	1268.12
643.27	1256.74
643.47	1269.06
643.66	1259.89
643.86	1265.07
644.06	1256.76
644.25	1267.69
644.45	1272.10
644.65	1270.62
644.84	1258.46
645.04	1270.15
645.23	1267.30
645.43	1271.52
645.63	1263.04
645.82	1278.01
646.02	1276.13
646.22	1279.51
646.41	1269.90
646.61	1278.01
646.81	1271.36
647.00	1283.28
647.20	1279.67
647.39	1276.74
647.59	1274.94
647.79	1273.98
647.98	1273.35
648.18	1281.09
648.38	1265.87
648.57	1279.04
648.77	1266.93
648.96	1267.61
649.16	1265.32
649.36	1274.82
649.55	1262.65
649.75	1273.80
649.95	1276.54
650.14	1271.22
650.34	1266.26
650.53	1275.97
650.73	1273.45
650.93	1277.99
651.12	1275.64
651.32	1270.31
651.51	1267.10
651.71	1270.95
651.91	1266.63
652.10	1280.62
652.30	1272.01
652.49	1268.55
652.69	1272.51
652.89	1282.25
653.08	1262.41
653.28	1275.27
653.47	1274.47
653.67	1283.69
653.86	1275.78
654.06	1281.31
654.26	1278.06
654.45	1284.10
654.65	1285.33
654.84	1296.00
655.04	1290.30
655.24	1304.06
655.43	1300.73
655.63	1309.64
655.82	1318.97
656.02	1329.46
656.21	1339.23
656.41	1354.44
656.61	1370.79
656.80	1406.69
657.00	1419.14
657.19	1460.12
657.39	1474.62
657.58	1503.19
657.78	1532.70
657.97	1563.85
658.17	1601.76
658.37	1643.00
658.56	1673.46
658.76	1735.71
658.95	1783.66
659.15	1880.87
659.34	2004.41
659.54	2190.73
659.73	2443.33
659.93	2812.33
660.13	3287.67
660.32	3919.63
660.52	4608.63
660.71	5362.89
660.91	6236.00
661.10	7055.27
661.30	7885.87
661.49	8629.16
661.69	9264.72
661.88	9895.46
662.08	10393.01
662.27	10743.05
662.47	11112.30
662.66	11376.08
662.86	11616.49
663.06	11802.73
663.25	11968.80
663.45	12060.92
663.64	12190.53
663.84	12253.02
664.03	12255.11
664.23	12257.69
664.42	12322.48
664.62	12346.30
664.81	12266.62
665.01	12312.47
665.20	12180.99
665.40	12065.42
665.59	11971.34
665.79	11680.61
665.98	11385.81
666.18	11056.59
666.37	10500.57
666.57	9953.62
666.76	9216.04
666.96	8493.44
667.15	7751.66
667.35	7020.44
667.54	6336.46
667.74	5733.33
667.93	5201.27
668.13	4796.81
668.32	4428.38
668.52	4169.50
668.71	3934.56
668.91	3773.32
669.10	3608.32
669.30	3475.01
669.49	3364.57
669.68	3246.13
669.88	3149.61
670.07	3074.12
670.27	2994.62
670.46	2932.61
670.66	2868.39
670.85	2800.86
671.05	2728.53
671.24	2679.99
671.44	2600.02
671.63	2555.41
671.83	2487.89
672.02	2445.11
672.22	2372.63
672.41	2335.18
672.60	2279.61
672.80	2239.66
672.99	2188.23
673.19	2142.42
673.38	2107.34
673.58	2073.81
673.77	2019.67
673.97	1992.37
674.16	1959.27
674.36	1939.55
674.55	1910.06
674.74	1886.94
674.94	1852.59
675.13	1839.65
675.33	1817.45
675.52	1812.82
675.72	1783.13
675.91	1789.27
676.10	1774.20
676.30	1773.46
676.49	1769.83
676.69	1803.40
676.88	1834.35
677.08	1875.18
677.27	1930.23
677.46	2027.67
677.66	2107.59
677.85	2209.80
678.05	2275.83
678.24	2384.59
678.44	2425.57
678.63	2480.73
678.82	2496.99
679.02	2526.58
679.21	2521.93
679.41	2528.30
679.60	2500.41
679.79	2467.52
679.99	2412.02
680.18	2369.97
680.38	2295.83
680.57	2243.14
680.76	2180.47
680.96	2120.65
681.15	2046.88
681.35	2005.21
681.54	1931.99
681.73	1878.05
681.93	1815.01
682.12	1765.21
682.32	1713.33
682.51	1673.93
682.70	1619.80
682.90	1589.59
683.09	1547.98
683.29	1540.05
683.48	1516.95
683.67	1505.63
683.87	1482.48
684.06	1489.69
684.25	1479.51
684.45	1475.19
684.64	1466.51
684.84	1460.86
685.03	1439.87
685.22	1431.47
685.42	1390.39
685.61	1372.00
685.80	1338.41
686.00	1316.95
686.19	1303.16
686.38	1291.96
686.58	1271.24
686.77	1270.27
686.96	1254.09
687.16	1265.69
687.35	1251.51
687.55	1260.03
687.74	1251.15
687.93	1257.41
688.13	1244.18
688.32	1259.30
688.51	1240.54
688.71	1251.68
688.90	1250.16
689.09	1248.28
689.29	1243.34
689.48	1227.78
689.67	1238.18
689.87	1255.81
690.06	1240.54
690.25	1245.37
690.45	1243.98
690.64	1248.46
690.83	1239.98
691.03	1241.70
691.22	1237.49
691.41	1239.66
691.61	1229.68
691.80	1235.19
691.99	1230.48
692.19	1233.70
692.38	1227.98
692.57	1231.89
692.76	1229.23
692.96	1233.08
693.15	1228.54
693.34	1236.91
693.54	1235.36
693.73	1237.79
693.92	1225.28
694.12	1230.56
694.31	1222.35
694.50	1228.13
694.70	1223.97
694.89	1228.52
695.08	1226.69
695.27	1234.27
695.47	1225.07
695.66	1228.90
695.85	1227.33
696.05	1231.38
696.24	1223.03
696.43	1231.26
696.62	1224.58
696.82	1228.08
697.01	1223.29
697.20	1223.99
697.40	1215.24
697.59	1226.47
697.78	1216.21
697.97	1226.49
698.17	1214.75
698.36	1223.64
698.55	1220.67
698.74	1225.42
698.94	1217.29
699.13	1221.59
699.32	1215.06
699.52	1223.27
699.71	1221.12
699.90	1224.26
700.09	1218.03
700.29	1221.10
700.48	1209.96
700.67	1220.00
700.86	1216.68
701.06	1223.87
701.25	1217.91
701.44	1223.85
701.63	1218.44
701.83	1223.93
702.02	1217.72
702.21	1224.42
702.40	1213.13
702.60	1223.17
702.79	1218.48
702.98	1225.59
703.17	1215.80
703.37	1218.62
703.56	1214.75
703.75	1223.87
703.94	1218.21
704.13	1221.04
704.33	1222.37
704.52	1222.25
704.71	1218.01
704.90	1228.82
705.10	1217.13
705.29	1228.74
705.48	1216.92
705.67	1226.34
705.86	1218.17
706.06	1222.45
706.25	1221.43
706.44	1221.98
706.63	1220.24
706.83	1227.18
707.02	1222.25
707.21	1216.80
707.40	1218.62
707.59	1227.43
707.79	1219.73
707.98	1221.12
708.17	1218.21
708.36	1223.78
708.55	1217.01
708.75	1224.79
708.94	1221.37
709.13	1226.10
709.32	1214.71
709.51	1223.01
709.71	1229.56
709.90	1227.04
710.09	1213.03
710.28	1219.93
710.47	1214.77
710.66	1220.20
710.86	1221.35
711.05	1218.99
711.24	1207.89
711.43	1214.88
711.62	1209.45
711.82	1223.48
712.01	1210.41
712.20	1209.33
712.39	1205.11
712.58	1222.53
712.77	1210.31
712.97	1214.69
713.16	1210.98
713.35	1217.31
713.54	1211.03
713.73	1217.80
713.92	1208.47
714.11	1219.69
714.31	1206.79
714.50	1221.27
714.69	1210.49
714.88	1224.28
715.07	1213.40
715.26	1210.43
715.46	1212.50
715.65	1216.04
715.84	1205.39
716.03	1221.55
716.22	1204.74
716.41	1215.31
716.60	1206.25
716.80	1217.31
716.99	1207.89
717.18	1212.01
717.37	1202.87
717.56	1209.67
717.75	1205.19
717.94	1212.03
718.13	1204.08
718.33	1217.23
718.52	1210.98
718.71	1216.96
718.90	1211.33
719.09	1216.33
719.28	1211.15
719.47	1213.44
719.66	1200.79
719.85	1211.05
720.05	1204.04
720.24	1212.01
720.43	1213.52
720.62	1211.93
720.81	1207.95
721.00	1213.75
721.19	1216.39
721.38	1209.55
721.57	1200.17
721.77	1211.56
721.96	1213.16
722.15	1207.22
722.34	1203.12
722.53	1210.57
722.72	1209.24
722.91	1213.11
723.10	1205.43
723.29	1217.09
723.48	1205.62
723.67	1211.13
723.87	1205.31
724.06	1215.69
724.25	1205.29
724.44	1211.91
724.63	1204.90
724.82	1215.94
725.01	1205.54
725.20	1208.08
725.39	1206.95
725.58	1211.09
725.77	1208.79
725.96	1215.96
726.15	1209.90
726.34	1213.22
726.54	1211.23
726.73	1211.43
726.92	1210.14
727.11	1213.07
727.30	1209.90
727.49	1212.97
727.68	1209.22
727.87	1218.58
728.06	1204.84
728.25	1211.58
728.44	1216.49
728.63	1214.02
728.82	1206.38
729.01	1211.00
729.20	1209.78
729.39	1217.62
729.58	1207.93
729.77	1213.83
729.96	1211.74
730.15	1213.36
730.34	1208.28
730.53	1214.77
730.73	1211.17
730.92	1213.36
731.11	1213.26
731.30	1204.78
731.49	1211.89
731.68	1215.12
731.87	1209.18
732.06	1218.71
732.25	1209.37
732.44	1210.88
732.63	1203.92
732.82	1215.22
733.01	1204.02
733.20	1213.71
733.39	1208.69
733.58	1213.24
733.77	1202.01
733.96	1210.86
734.15	1205.43
734.34	1213.56
734.53	1209.76
734.72	1209.94
734.91	1203.41
735.10	1215.94
735.29	1201.36
735.48	1220.84
735.67	1208.63
735.86	1215.90
736.05	1204.33
736.24	1214.57
736.43	1203.49
736.62	1211.21
736.81	1209.08
737.00	1229.17
737.19	1205.09
737.38	1217.07
737.57	1209.37
737.76	1215.90
737.95	1203.32
738.14	1213.18
738.33	1207.48
738.51	1210.72
738.70	1210.19
738.89	1215.04
739.08	1209.14
739.27	1210.27
739.46	1209.37
739.65	1209.22
739.84	1205.54
740.03	1215.96
740.22	1209.06
740.41	1211.99
740.60	1203.84
740.79	1211.31
740.98	1202.24
741.17	1212.07
741.36	1201.65
741.55	1213.52
741.74	1209.12
741.93	1217.21
742.12	1212.32
742.31	1213.42
742.50	1203.57
742.68	1214.63
742.87	1208.75
743.06	1205.19
743.25	1206.62
743.44	1211.15
743.63	1203.35
743.82	1214.75
744.01	1207.87
744.20	1216.23
744.39	1211.31
744.58	1211.60
744.77	1207.67
744.96	1206.17
745.14	1201.46
745.33	1210.23
745.52	1200.52
745.71	1220.16
745.90	1210.06
746.09	1209.67
746.28	1207.93
746.47	1214.53
746.66	1206.54
746.85	1211.80
747.04	1199.68
747.22	1215.51
747.41	1207.24
747.60	1209.76
747.79	1207.11
747.98	1213.54
748.17	1203.53
748.36	1213.81
748.55	1214.69
748.74	1208.59
748.93	1204.80
749.11	1210.39
749.30	1206.99
749.49	1214.28
749.68	1203.16
749.87	1210.10
750.06	1207.24
750.25	1210.60
750.44	1203.51
750.62	1221.55
750.81	1210.82
751.00	1219.71
751.19	1205.76
751.38	1215.20
751.57	1205.39
751.76	1213.54
751.95	1198.35
752.13	1210.70
752.32	1205.72
752.51	1212.03
752.70	1204.49
752.89	1211.43
753.08	1209.90
753.27	1208.65
753.45	1199.45
753.64	1209.16
753.83	1207.91
754.02	1208.30
754.21	1209.39
754.40	1203.71
754.58	1206.56
754.77	1218.23
754.96	1210.25
755.15	1211.80
755.34	1208.44
755.53	1207.73
755.71	1209.04
755.90	1218.83
756.09	1202.28
756.28	1208.79
756.47	1206.83
756.66	1214.98
756.84	1207.11
757.03	1209.90
757.22	1202.46
757.41	1208.90
757.60	1201.67
757.79	1217.17
757.97	1201.83
758.16	1213.30
758.35	1207.95
758.54	1220.69
758.73	1204.33
758.91	1217.46
759.10	1210.29
759.29	1215.02
759.48	1208.75
759.67	1211.03
759.85	1210.04
760.04	1212.46
760.23	1204.96
760.42	1212.60
760.61	1204.78
760.79	1207.99
760.98	1208.42
761.17	1216.00
761.36	1202.92
761.55	1211.03
761.73	1210.14
761.92	1213.73
762.11	1202.32
762.30	1218.28
762.49	1208.63
762.67	1210.60
762.86	1206.29
763.05	1206.03
763.24	1208.16
763.42	1208.98
763.61	1210.00
763.80	1209.08
763.99	1207.18
764.17	1209.02
764.36	1204.49
764.55	1210.84
764.74	1209.59
764.92	1217.27
765.11	1203.22
765.30	1204.27
765.49	1205.41
765.68	1218.23
765.86	1205.95
766.05	1210.39
766.24	1207.34
766.43	1206.97
766.61	1206.40
766.80	1211.97
766.99	1208.20
767.17	1215.98
767.36	1207.18
767.55	1211.46
767.74	1198.53
767.92	1219.75
768.11	1211.54
768.30	1205.97
768.49	1204.88
768.67	1210.08
768.86	1207.52
769.05	1207.40
769.24	1211.72
769.42	1217.42
769.61	1207.69
769.80	1215.06
769.98	1205.09
770.17	1212.91
770.36	1207.09
770.55	1216.94
770.73	1208.71
770.92	1213.77
771.11	1210.37
771.29	1219.75
771.48	1203.65
771.67	1213.01
771.86	1200.93
772.04	1214.49
772.23	1208.30
772.42	1208.71
772.60	1200.36
772.79	1213.91
772.98	1204.43
773.16	1207.03
773.35	1205.13
773.54	1206.56
773.72	1211.15
773.91	1211.66
774.10	1199.45
774.29	1216.55
774.47	1205.41
774.66	1212.17
774.85	1204.04
775.03	1212.05
775.22	1199.64
775.41	1216.70
775.59	1206.93
775.78	1211.37
775.97	1202.12
776.15	1209.31
776.34	1208.51
776.53	1212.44
776.71	1202.79
776.90	1206.66
777.09	1207.65
777.27	1221.61
777.46	1205.58
777.65	1213.89
777.83	1204.96
778.02	1207.85
778.21	1205.82
778.39	1214.08
778.58	1206.58
778.76	1212.15
778.95	1200.27
779.14	1218.48
779.32	1204.59
779.51	1209.45
779.70	1204.68
779.88	1207.01
780.07	1213.75
780.26	1214.71
780.44	1202.96
780.63	1207.42
780.81	1203.16
781.00	1213.69
781.19	1207.71
781.37	1212.70
781.56	1209.71
781.75	1208.38
781.93	1204.51
782.12	1211.91
782.30	1196.65
782.49	1213.18
782.68	1198.90
782.86	1210.82
783.05	1210.62
783.23	1214.61
783.42	1207.54
783.61	1215.80
783.79	1202.75
783.98	1212.09
784.16	1205.74
784.35	1216.66
784.54	1204.74
784.72	1215.04
784.91	1204.49
785.09	1207.11
785.28	1213.73
785.47	1206.40
785.65	1209.08
785.84	1211.87
786.02	1204.57
786.21	1217.11
786.40	1197.73
786.58	1214.18
786.77	1202.63
786.95	1207.93
787.14	1203.86
787.32	1215.63
787.51	1205.86
787.70	1210.14
787.88	1205.37
788.07	1210.39
788.25	1210.33
788.44	1209.45
788.62	1206.66
788.81	1214.36
789.00	1206.50
789.18	1213.67
789.37	1208.40
789.55	1215.31
789.74	1199.07
789.92	1209.02
790.11	1206.19
790.29	1212.89
790.48	1206.66
790.67	1211.97
790.85	1204.19
791.04	1215.33
791.22	1207.13
791.41	1213.50
791.59	1205.52
791.78	1214.47
791.96	1207.18
792.15	1210.84
792.33	1198.94
792.52	1215.59
792.70	1208.53
792.89	1213.09
793.07	1212.15
793.26	1213.79
793.45	1203.53
793.63	1209.41
793.82	1200.72
794.00	1215.04
794.19	1205.78
794.37	1215.45
794.56	1203.55
794.74	1209.18
794.93	1210.80
795.11	1211.25
795.30	1204.53
795.48	1214.40
795.67	1205.52
795.85	1218.52
796.04	1201.17
796.22	1207.95
796.41	1209.08
796.59	1210.90
796.78	1203.20
796.96	1209.86
797.15	1208.87
797.33	1206.15
797.52	1205.54
797.70	1210.51
797.89	1203.02
798.07	1209.35
798.26	1202.46
798.44	1208.73
798.63	1208.90
798.81	1204.90
798.99	1204.41
799.18	1207.46
799.36	1206.75
799.55	1209.10
799.73	1203.88
799.92	1207.20
800.10	1199.88
800.29	1214.08
800.47	1198.37
800.66	1217.42
800.84	1203.32
801.03	1205.82
801.21	1204.76
801.39	1217.50
801.58	1204.53
801.76	1203.73
801.95	1214.81
802.13	1208.98
802.32	1197.88
802.50	1217.87
802.69	1206.05
802.87	1206.56
803.06	1205.21
803.24	1209.74
803.42	1208.63
803.61	1207.15
803.79	1202.53
803.98	1209.86
804.16	1210.51
804.35	1208.32
804.53	1204.88
804.71	1211.27
804.90	1208.79
805.08	1210.53
805.27	1203.92
805.45	1213.05
805.63	1200.62
805.82	1209.61
806.00	1202.96
806.19	1210.08
806.37	1206.19
806.56	1211.50
806.74	1207.85
806.92	1213.44
807.11	1203.76
807.29	1208.94
807.48	1199.78
807.66	1208.71
807.84	1200.93
808.03	1212.11
808.21	1204.37
808.40	1204.02
808.58	1210.35
808.76	1205.88
808.95	1208.28
809.13	1212.64
809.32	1205.99
809.50	1213.93
809.68	1206.32
809.87	1210.04
810.05	1208.22
810.23	1208.65
810.42	1206.15
810.60	1213.71
810.79	1204.96
810.97	1211.43
811.15	1202.24
811.34	1212.66
811.52	1205.91
811.70	1212.83
811.89	1202.94
812.07	1219.77
812.25	1200.70
812.44	1215.12
812.62	1203.49
812.81	1215.86
812.99	1201.95
813.17	1212.60
813.36	1205.70
813.54	1206.52
813.72	1204.62
813.91	1209.92
814.09	1203.16
814.27	1209.69
814.46	1214.92
814.64	1213.11
814.82	1205.99
815.01	1207.07
815.19	1204.31
815.37	1210.08
815.56	1206.87
815.74	1210.23
815.92	1212.21
816.11	1214.16
816.29	1204.82
816.47	1205.91
816.66	1206.83
816.84	1204.39
817.02	1206.66
817.21	1213.44
817.39	1204.00
817.57	1210.33
817.76	1207.34
817.94	1208.83
818.12	1205.41
818.30	1207.81
818.49	1209.24
818.67	1209.49
818.85	1203.32
819.04	1210.84
819.22	1207.20
819.40	1213.87
819.59	1207.77
819.77	1216.23
819.95	1211.87
820.13	1211.54
820.32	1213.09
820.50	1216.41
820.68	1205.02
820.87	1214.14
821.05	1209.59
821.23	1207.54
821.41	1202.63
821.60	1214.14
821.78	1204.90
821.96	1208.49
822.14	1204.43
822.33	1211.43
822.51	1212.99
822.69	1211.72
822.88	1207.99
823.06	1212.75
823.24	1203.00
823.42	1211.29
823.61	1205.25
823.79	1211.74
823.97	1202.34
824.15	1217.09
824.34	1206.34
824.52	1214.30
824.70	1207.95
824.88	1210.80
825.07	1201.03
825.25	1211.37
825.43	1204.47
825.61	1211.72
825.80	1197.94
825.98	1211.93
826.16	1207.18
826.34	1207.22
826.53	1200.46
826.71	1209.86
826.89	1203.92
827.07	1204.21
827.25	1205.50
827.44	1213.95
827.62	1209.43
827.80	1213.09
827.98	1207.87
828.17	1210.04
828.35	1201.69
828.53	1213.83
828.71	1206.09
828.89	1209.88
829.08	1206.36
829.26	1209.08
829.44	1205.45
829.62	1208.44
829.80	1203.28
829.99	1212.36
830.17	1205.62
830.35	1213.24
830.53	1201.79
830.71	1209.88
830.90	1205.95
831.08	1211.60
831.26	1196.55
831.44	1207.30
831.62	1207.07
831.81	1215.26
831.99	1212.17
832.17	1211.33
832.35	1204.70
832.53	1202.51
832.71	1207.44
832.90	1216.00
833.08	1198.84
833.26	1210.62
833.44	1203.84
833.62	1215.65
833.81	1208.90
833.99	1201.22
834.17	1205.45
834.35	1210.76
834.53	1206.17
834.71	1210.00
834.89	1208.22
835.08	1211.43
835.26	1198.45
835.44	1211.17
835.62	1199.88
835.80	1213.81
835.98	1212.07
836.17	1208.10
836.35	1203.02
836.53	1211.66
836.71	1209.76
836.89	1218.36
837.07	1203.41
837.25	1213.34
837.44	1202.38
837.62	1212.56
837.80	1197.90
837.98	1209.82
838.16	1210.49
838.34	1208.90
838.52	1210.86
838.70	1212.07
838.89	1208.34
839.07	1211.95
839.25	1201.85
839.43	1215.57
839.61	1199.76
839.79	1216.04
839.97	1208.69
840.15	1208.63
840.33	1213.22
840.52	1215.33
840.70	1207.24
840.88	1205.76
841.06	1200.13
841.24	1212.91
841.42	1206.77
841.60	1211.62
841.78	1207.81
841.96	1208.34
842.14	1202.79
842.33	1210.08
842.51	1206.34
842.69	1210.43
842.87	1202.75
843.05	1212.60
843.23	1198.90
843.41	1214.90
843.59	1205.93
843.77	1205.33
843.95	1212.52
844.13	1209.94
844.31	1209.49
844.49	1215.37
844.68	1208.96
844.86	1216.68
845.04	1203.73
845.22	1210.66
845.40	1200.05
845.58	1208.10
845.76	1199.58
845.94	1205.29
846.12	1200.31
846.30	1208.71
846.48	1208.55
846.66	1218.07
846.84	1207.81
847.02	1214.69
847.20	1206.32
847.38	1218.46
847.56	1196.51
847.74	1214.71
847.92	1209.35
848.11	1212.58
848.29	1209.37
848.47	1204.90
848.65	1202.08
848.83	1212.19
849.01	1208.10
849.19	1211.52
849.37	1204.55
849.55	1205.74
849.73	1210.96
849.91	1206.36
850.09	1203.59
850.27	1210.21
850.45	1207.11
850.63	1215.04
850.81	1204.16
850.99	1209.59
851.17	1209.96
851.35	1203.10
851.53	1215.31
851.71	1209.51
851.89	1201.54
852.07	1209.84
852.25	1206.42
852.43	1210.14
852.61	1207.83
852.79	1209.67
852.97	1202.44
853.15	1211.39
853.33	1203.37
853.51	1212.11
853.69	1203.55
853.87	1215.26
854.05	1205.70
854.23	1209.78
854.41	1210.39
854.59	1218.46
854.77	1207.65
854.95	1216.98
855.13	1209.24
855.31	1213.16
855.49	1208.28
855.67	1211.13
855.84	1211.52
856.02	1210.02
856.20	1206.79
856.38	1212.17
856.56	1203.18
856.74	1211.35
856.92	1205.43
857.10	1212.60
857.28	1205.93
857.46	1210.62
857.64	1199.33
857.82	1207.54
858.00	1202.67
858.18	1219.07
858.36	1205.72
858.54	1214.63
858.72	1206.85
858.90	1208.12
859.08	1204.14
859.25	1208.87
859.43	1203.45
859.61	1214.34
859.79	1204.98
859.97	1212.97
860.15	1202.96
860.33	1212.97
860.51	1200.64
860.69	1218.11
860.87	1198.21
861.05	1208.51
861.23	1206.72
861.41	1206.75
861.58	1204.14
861.76	1206.56
861.94	1209.65
862.12	1208.42
862.30	1208.14
862.48	1214.92
862.66	1204.43
862.84	1213.71
863.02	1201.40
863.20	1206.56
863.37	1199.50
863.55	1205.74
863.73	1201.58
863.91	1208.57
864.09	1204.72
864.27	1210.14
864.45	1205.07
864.63	1203.94
864.80	1204.14
864.98	1209.37
865.16	1204.37
865.34	1201.36
865.52	1206.44
865.70	1208.08
865.88	1203.20
866.06	1215.51
866.23	1205.02
866.41	1215.92
866.59	1207.42
866.77	1219.36
866.95	1207.54
867.13	1210.72
867.31	1204.76
867.48	1204.49
867.66	1203.86
867.84	1215.92
868.02	1211.27
868.20	1205.23
868.38	1204.02
868.56	1214.73
868.73	1205.02
868.91	1208.10
869.09	1201.63
869.27	1209.14
869.45	1211.27
869.63	1212.11
869.80	1201.22
869.98	1215.43
870.16	1213.18
870.34	1206.66
870.52	1195.19
870.70	1207.89
870.87	1201.07
871.05	1203.76
871.23	1208.81
871.41	1206.25
871.59	1203.78
871.76	1213.07
871.94	1198.70
872.12	1214.32
872.30	1200.46
872.48	1214.32
872.65	1206.11
872.83	1212.81
873.01	1207.44
873.19	1216.27
873.37	1203.71
873.54	1210.66
873.72	1202.92
873.90	1209.08
874.08	1208.04
874.26	1204.57
874.43	1209.39
874.61	1216.31
874.79	1205.95
874.97	1217.66
875.15	1205.97
875.32	1210.33
875.50	1199.50
875.68	1210.39
875.86	1202.38
876.03	1201.20
876.21	1205.43
876.39	1213.50
876.57	1197.28
876.74	1211.74
876.92	1201.65
877.10	1213.03
877.28	1204.47
877.45	1214.18
877.63	1203.76
877.81	1213.11
877.99	1203.67
878.17	1210.08
878.34	1211.13
878.52	1211.89
878.70	1215.98
878.87	1207.69
879.05	1201.13
879.23	1207.11
879.41	1207.30
879.58	1210.64
879.76	1211.11
879.94	1210.74
880.12	1209.98
880.29	1217.93
880.47	1206.60
880.65	1213.63
880.83	1198.08
881.00	1210.90
881.18	1202.75
881.36	1209.02
881.53	1208.01
881.71	1214.06
881.89	1209.16
882.07	1211.78
882.24	1198.66
882.42	1210.37
882.60	1206.54
882.77	1207.83
882.95	1207.42
883.13	1210.43
883.30	1205.09
883.48	1206.89
883.66	1200.25
883.84	1207.20
884.01	1204.55
884.19	1205.48
884.37	1205.00
884.54	1210.82
884.72	1209.55
884.90	1210.62
885.07	1206.91
885.25	1216.68
885.43	1208.14
885.60	1209.86
885.78	1204.59
885.96	1218.09
886.13	1204.88
886.31	1212.85
886.49	1207.30
886.66	1212.50
886.84	1207.73
887.02	1210.76
887.19	1197.32
887.37	1211.52
887.55	1205.72
887.72	1213.63
887.90	1200.81
888.08	1209.24
888.25	1206.50
888.43	1209.86
888.61	1210.94
888.78	1213.09
888.96	1210.51
889.14	1211.62
889.31	1206.81
889.49	1213.75
889.67	1204.74
889.84	1208.14
890.02	1207.34
890.19	1207.81
890.37	1198.68
890.55	1220.22
890.72	1210.23
890.90	1212.95
891.08	1201.60
891.25	1215.45
891.43	1198.41
891.60	1209.80
891.78	1203.88
891.96	1205.80
892.13	1210.64
892.31	1213.09
892.48	1208.49
892.66	1215.18
892.84	1204.86
893.01	1208.10
893.19	1209.49
893.36	1216.82
893.54	1205.05
893.72	1207.30
893.89	1211.99
894.07	1208.47
894.24	1208.12
894.42	1230.42
894.60	1202.30
894.77	1207.67
894.95	1208.14
895.12	1215.51
895.30	1207.87
895.48	1214.59
895.65	1202.92
895.83	1214.86
896.00	1204.31
896.18	1215.14
896.35	1199.41
896.53	1213.71
896.71	1204.43
896.88	1212.05
897.06	1204.14
897.23	1212.97
897.41	1203.10
897.58	1206.03
897.76	1205.13
897.93	1212.91
898.11	1199.45
898.29	1213.22
898.46	1199.25
898.64	1214.61
898.81	1204.45
898.99	1209.90
899.16	1209.18
899.34	1206.97
899.51	1204.70
899.69	1206.83
899.86	1203.69
900.04	1216.84
900.21	1205.35
900.39	1216.90
900.57	1198.68
900.74	1212.91
900.92	1198.49
901.09	1209.12
901.27	1203.96
901.44	1217.78
901.62	1199.90
901.79	1213.30
901.97	1199.43
902.14	1210.90
902.32	1202.06
902.49	1217.64
902.67	1204.51
902.84	1216.04
903.02	1205.48
903.19	1210.94
903.37	1201.67
903.54	1203.73
903.72	1205.33
903.89	1209.71
904.07	1203.69
904.24	1213.99
904.42	1201.48
904.59	1209.53
904.77	1206.46
904.94	1215.55
905.12	1201.28
905.29	1212.52
905.47	1211.41
905.64	1216.66
905.82	1198.61
905.99	1209.41
906.16	1201.46
906.34	1206.03
906.51	1208.10
906.69	1207.40
906.86	1203.94
907.04	1212.13
907.21	1207.26
907.39	1211.25
907.56	1208.38
907.74	1213.67
907.91	1213.38
908.09	1211.03
908.26	1207.28
908.43	1209.35
908.61	1213.46
908.78	1205.52
908.96	1203.78
909.13	1209.08
909.31	1203.57
909.48	1213.69
909.65	1198.41
909.83	1207.34
910.00	1209.82
910.18	1208.77
910.35	1204.45
910.53	1210.49
910.70	1206.48
910.87	1217.72
911.05	1202.06
911.22	1212.56
911.40	1203.51
911.57	1218.13
911.75	1211.76
911.92	1208.55
912.09	1203.14
912.27	1208.73
912.44	1205.93
912.62	1210.14
912.79	1201.93
912.96	1214.04
913.14	1204.31
913.31	1211.48
913.49	1201.71
913.66	1210.41
913.83	1204.88
914.01	1215.02
914.18	1206.36
914.36	1210.14
914.53	1206.89
914.70	1216.80
914.88	1203.53
915.05	1215.76
915.22	1209.84
915.40	1209.41
915.57	1204.76
915.75	1209.41
915.92	1203.35
916.09	1213.03
916.27	1209.49
916.44	1205.95
916.61	1207.40
916.79	1211.09
916.96	1203.92
917.13	1209.57
917.31	1206.75
917.48	1219.40
917.66	1204.21
917.83	1211.93
918.00	1198.66
918.18	1214.63
918.35	1206.85
918.52	1210.60
918.70	1208.73
918.87	1216.84
919.04	1202.57
919.22	1210.45
919.39	1201.97
919.56	1208.96
919.74	1202.92
919.91	1209.39
920.08	1207.05
920.26	1207.93
920.43	1203.39
920.60	1211.62
920.78	1210.35
920.95	1211.00
921.12	1212.03
921.29	1211.39
921.47	1200.44
921.64	1208.90
921.81	1211.72
921.99	1214.73
922.16	1205.19
922.33	1214.30
922.51	1197.47
922.68	1208.69
922.85	1201.97
923.03	1206.44
923.20	1205.82
923.37	1212.77
923.54	1209.59
923.72	1213.65
923.89	1197.53
924.06	1207.32
924.24	1201.54
924.41	1213.13
924.58	1210.96
924.75	1205.07
924.93	1206.91
925.10	1210.23
925.27	1203.78
925.44	1216.76
925.62	1207.38
925.79	1209.59
925.96	1198.72
926.14	1210.02
926.31	1209.94
926.48	1211.84
926.65	1206.03
926.83	1217.01
927.00	1203.30
927.17	1205.37
927.34	1206.11
927.52	1213.11
927.69	1205.86
927.86	1217.74
928.03	1199.15
928.21	1216.66
928.38	1209.78
928.55	1210.74
928.72	1206.68
928.89	1210.29
929.07	1204.19
929.24	1214.79
929.41	1206.62
929.58	1205.91
929.76	1208.44
929.93	1207.93
930.10	1200.33
930.27	1213.42
930.44	1202.44
930.62	1208.85
930.79	1206.25
930.96	1211.87
931.13	1201.67
931.31	1210.74
931.48	1204.68
931.65	1212.93
931.82	1206.05
931.99	1210.80
932.17	1198.76
932.34	1208.61
932.51	1203.10
932.68	1211.95
932.85	1213.30
933.03	1214.12
933.20	1203.86
933.37	1212.77
933.54	1201.50
933.71	1213.69
933.88	1203.06
934.06	1215.67
934.23	1207.87
934.40	1208.38
934.57	1202.63
934.74	1209.49
934.91	1211.64
935.09	1214.73
935.26	1208.44
935.43	1211.03
935.60	1202.92
935.77	1208.87
935.94	1200.46
936.12	1214.53
936.29	1199.58
936.46	1205.68
936.63	1209.08
936.80	1212.23
936.97	1206.21
937.14	1210.82
937.32	1201.24
937.49	1207.22
937.66	1206.46
937.83	1210.68
938.00	1211.66
938.17	1210.43
938.34	1200.25
938.52	1212.52
938.69	1203.53
938.86	1210.06
939.03	1207.40
939.20	1216.41
939.37	1206.75
939.54	1209.02
939.71	1207.42
939.89	1214.90
940.06	1207.44
940.23	1208.36
940.40	1203.92
940.57	1212.23
940.74	1201.79
940.91	1209.90
941.08	1203.59
941.25	1211.62
941.43	1205.66
941.60	1207.26
941.77	1197.78
941.94	1214.06
942.11	1204.68
942.28	1215.92
942.45	1205.52
942.62	1205.41
942.79	1205.91
942.96	1213.44
943.13	1202.77
943.30	1206.70
943.48	1209.37
943.65	1210.62
943.82	1204.06
943.99	1210.84
944.16	1206.72
944.33	1215.57
944.50	1204.64
944.67	1210.96
944.84	1207.54
945.01	1214.94
945.18	1205.76
945.35	1216.78
945.52	1201.83
945.69	1219.34
945.86	1205.58
946.03	1210.27
946.21	1203.51
946.38	1212.75
946.55	1207.58
946.72	1219.18
946.89	1210.86
947.06	1211.23
947.23	1212.50
947.40	1211.23
947.57	1200.62
947.74	1212.48
947.91	1197.06
948.08	1207.54
948.25	1205.50
948.42	1207.83
948.59	1204.37
948.76	1211.46
948.93	1202.83
949.10	1207.77
949.27	1202.38
949.44	1211.11
949.61	1204.12
949.78	1215.41
949.95	1206.56
950.12	1212.17
950.29	1205.17
950.46	1215.24
950.63	1198.14
950.80	1203.80
950.97	1208.42
951.14	1210.51
951.31	1204.41
951.48	1215.53
951.65	1200.81
951.82	1218.99
951.99	1204.19
952.16	1208.83
952.33	1208.67
952.50	1208.96
952.67	1206.77
952.84	1213.56
953.01	1207.58
953.18	1210.23
953.35	1209.69
953.52	1209.24
953.69	1202.03
953.86	1212.11
954.03	1204.00
954.20	1202.24
954.37	1205.68
954.54	1212.87
954.70	1205.11
954.87	1208.51
955.04	1203.69
955.21	1211.87
955.38	1207.54
955.55	1210.62
955.72	1208.10
955.89	1211.87
956.06	1208.18
956.23	1217.25
956.40	1202.38
956.57	1204.98
956.74	1203.76
956.91	1209.33
957.08	1202.98
957.25	1215.63
957.41	1210.31
957.58	1210.66
957.75	1202.63
957.92	1202.87
958.09	1203.55
958.26	1217.74
958.43	1209.61
958.60	1212.03
958.77	1206.21
958.94	1220.32
959.11	1207.58
959.27	1214.63
959.44	1204.16
959.61	1207.85
959.78	1200.48
959.95	1207.54
960.12	1197.32
960.29	1217.68
960.46	1207.18
960.63	1216.92
960.80	1204.33
960.96	1211.76
961.13	1204.68
961.30	1219.22
961.47	1207.52
961.64	1207.48
961.81	1210.74
961.98	1214.42
962.15	1211.52
962.31	1214.36
962.48	1202.92
962.65	1208.57
962.82	1208.30
962.99	1212.13
963.16	1204.62
963.33	1213.16
963.49	1203.86
963.66	1206.21
963.83	1211.68
964.00	1213.87
964.17	1200.97
964.34	1212.15
964.51	1203.20
964.67	1209.61
964.84	1203.35
965.01	1230.58
965.18	1201.83
965.35	1214.88
965.52	1203.45
965.68	1208.40
965.85	1202.87
966.02	1217.89
966.19	1210.51
966.36	1204.70
966.52	1203.67
966.69	1211.00
966.86	1198.31
967.03	1215.63
967.20	1207.77
967.37	1216.60
967.53	1206.36
967.70	1211.43
967.87	1202.34
968.04	1210.49
968.21	1206.54
968.37	1213.63
968.54	1200.66
968.71	1215.45
968.88	1205.11
969.05	1211.74
969.21	1203.49
969.38	1214.65
969.55	1201.99
969.72	1214.38
969.89	1204.78
970.05	1214.49
970.22	1200.48
970.39	1212.27
970.56	1205.27
970.72	1204.84
970.89	1198.10
971.06	1215.67
971.23	1207.36
971.39	1208.73
971.56	1201.54
971.73	1205.86
971.90	1202.49
972.07	1209.37
972.23	1208.26
972.40	1208.08
972.57	1203.02
972.74	1210.39
972.90	1200.15
973.07	1207.15
973.24	1204.72
973.40	1213.81
973.57	1206.38
973.74	1212.79
973.91	1208.40
974.07	1210.62
974.24	1200.15
974.41	1211.07
974.58	1203.39
974.74	1208.32
974.91	1208.53
975.08	1210.94
975.25	1202.46
975.41	1218.25
975.58	1200.17
975.75	1209.31
975.91	1203.67
976.08	1205.21
976.25	1201.26
976.42	1211.56
976.58	1205.00
976.75	1218.09
976.92	1203.65
977.08	1206.56
977.25	1202.69
977.42	1210.21
977.58	1206.36
977.75	1206.50
977.92	1204.37
978.08	1207.01
978.25	1201.50
978.42	1204.82
978.59	1208.85
978.75	1208.30
978.92	1210.78
979.09	1210.02
979.25	1205.72
979.42	1211.74
979.59	1212.11
979.75	1199.17
979.92	1205.84
980.09	1209.61
980.25	1206.97
980.42	1212.30
980.59	1205.43
980.75	1213.52
980.92	1208.69
981.09	1209.67
981.25	1207.58
981.42	1206.89
981.59	1207.03
981.75	1206.56
981.92	1202.51
982.08	1219.67
982.25	1207.81
982.42	1212.25
982.58	1208.16
982.75	1212.19
982.92	1201.63
983.08	1213.34
983.25	1202.01
983.42	1206.03
983.58	1210.60
983.75	1198.43
983.91	1209.04
984.08	1211.00
984.25	1205.97
984.41	1215.33
984.58	1204.47
984.74	1209.55
984.91	1207.46
985.08	1212.66
985.24	1205.35
985.41	1211.52
985.57	1200.25
985.74	1212.99
985.91	1209.41
986.07	1211.29
986.24	1208.14
986.40	1207.15
986.57	1199.80
986.74	1215.29
986.90	1210.80
987.07	1215.24
987.23	1208.24
987.40	1203.59
987.57	1204.25
987.73	1213.34
987.90	1201.52
988.06	1211.23
988.23	1203.12
988.39	1207.13
988.56	1205.33
988.73	1213.85
988.89	1204.47
989.06	1208.14
989.22	1209.65
989.39	1215.74
989.55	1208.18
989.72	1213.01
989.88	1205.39
990.05	1210.60
990.22	1205.07
990.38	1208.73
990.55	1201.79
990.71	1211.97
990.88	1206.77
991.04	1207.32
991.21	1200.09
991.37	1202.10
991.54	1202.18
991.70	1207.54
991.87	1208.18
992.03	1215.31
992.20	1206.87
992.36	1210.60
992.53	1208.49
992.69	1208.92
992.86	1205.07
993.03	1212.60
993.19	1211.07
993.36	1212.91
993.52	1208.65
993.69	1212.56
993.85	1205.62
994.02	1210.43
994.18	1205.99
994.35	1211.05
994.51	1206.75
994.68	1211.33
994.84	1213.28
995.01	1212.91
995.17	1201.44
995.34	1210.25
995.50	1199.04
995.66	1215.45
995.83	1201.46
995.99	1210.29
996.16	1205.66
996.32	1206.81
996.49	1202.75
996.65	1208.30
996.82	1202.32
996.98	1210.21
997.15	1203.96
997.31	1214.83
997.48	1203.61
997.64	1217.52
997.81	1201.28
997.97	1209.41
998.13	1209.00
998.30	1210.19
998.46	1208.77
998.63	1210.72
998.79	1203.76
998.96	1209.41
999.12	1202.12
999.29	1211.87
999.45	1213.28
999.61	1218.30
999.78	1199.84
999.94	1210.39
1000.11	1206.15
1000.27	1213.77
1000.44	1204.27
1000.60	1212.09
1000.76	1207.50
1000.93	1214.55
1001.09	1210.10
1001.26	1214.88
1001.42	1206.23
1001.59	1212.11
1001.75	1206.68
1001.91	1212.73
1002.08	1202.53
1002.24	1212.17
1002.41	1203.57
1002.57	1210.76
1002.73	1209.04
1002.90	1212.19
1003.06	1203.80
1003.23	1214.18
1003.39	1202.18
1003.55	1210.72
1003.72	1207.42
1003.88	1210.96
1004.04	1209.39
1004.21	1202.49
1004.37	1209.98
1004.54	1210.37
1004.70	1207.36
1004.86	1216.90
1005.03	1201.65
1005.19	1203.80
1005.35	1205.66
1005.52	1212.30
1005.68	1204.37
1005.85	1210.78
1006.01	1205.33
1006.17	1208.36
1006.34	1207.81
1006.50	1209.59
1006.66	1209.55
1006.83	1213.83
1006.99	1201.01
1007.15	1209.57
1007.32	1206.58
1007.48	1207.32
1007.64	1200.50
1007.81	1214.49
1007.97	1201.56
1008.13	1213.73
1008.30	1208.28
1008.46	1211.99
1008.62	1209.06
1008.79	1217.46
1008.95	1198.51
1009.11	1210.78
1009.28	1201.54
1009.44	1212.44
1009.60	1203.12
1009.77	1206.58
1009.93	1208.65
1010.09	1216.25
1010.25	1206.38
1010.42	1208.34
1010.58	1200.97
1010.74	1207.20
1010.91	1200.70
1011.07	1213.75
1011.23	1208.53
1011.40	1212.05
1011.56	1205.56
1011.72	1211.99
1011.88	1200.19
1012.05	1208.36
1012.21	1208.32
1012.37	1208.67
1012.54	1208.85
1012.70	1208.87
1012.86	1205.31
1013.02	1219.48
1013.19	1206.66
1013.35	1206.62
1013.51	1209.24
1013.67	1207.67
1013.84	1208.24
1014.00	1211.37
1014.16	1214.38
1014.33	1206.66
1014.49	1207.42
1014.65	1210.33
1014.81	1201.73
1014.98	1213.38
1015.14	1207.28
1015.30	1211.84
1015.46	1214.86
1015.62	1212.97
1015.79	1201.75
1015.95	1214.22
1016.11	1200.89
1016.27	1211.80
1016.44	1200.91
1016.60	1212.19
1016.76	1202.63
1016.92	1211.50
1017.09	1201.87
1017.25	1216.62
1017.41	1204.82
1017.57	1208.51
1017.73	1208.55
1017.90	1210.57
1018.06	1204.59
1018.22	1210.96
1018.38	1206.40
1018.54	1211.17
1018.71	1205.09
1018.87	1212.54
1019.03	1204.59
1019.19	1212.13
1019.35	1210.06
1019.52	1215.24
1019.68	1204.47
1019.84	1208.08
1020.00	1207.32
1020.16	1207.85
1020.33	1201.63
1020.49	1214.18
1020.65	1203.65
1020.81	1209.59
1020.97	1209.08
1021.13	1210.10
1021.30	1202.18
1021.46	1208.16
1021.62	1205.00
1021.78	1211.99
1021.94	1202.12
1022.10	1216.98
1022.27	1196.69
1022.43	1219.26
1022.59	1205.33
1022.75	1216.02
1022.91	1206.29
1023.07	1206.70
1023.24	1208.83
1023.40	1204.86
1023.56	1211.72
1023.72	1209.37
1023.88	1206.34
1024.04	1212.15
1024.20	1200.89
1024.36	1214.75
1024.53	1203.47
1024.69	1210.04
1024.85	1200.95
1025.01	1212.01
1025.17	1198.66
1025.33	1207.99
1025.49	1204.64
1025.65	1219.50
1025.82	1203.08
1025.98	1216.17
1026.14	1201.71
1026.30	1213.24
1026.46	1203.20
1026.62	1211.11
1026.78	1210.57
1026.94	1214.75
1027.10	1200.89
1027.26	1209.06
1027.43	1203.98
1027.59	1211.07
1027.75	1204.62
1027.91	1208.24
1028.07	1204.51
1028.23	1212.36
1028.39	1207.63
1028.55	1210.41
1028.71	1203.47
1028.87	1212.03
1029.03	1210.60
1029.19	1215.33
1029.36	1206.89
1029.52	1213.99
1029.68	1204.86
1029.84	1211.97
1030.00	1202.28
1030.16	1212.42
1030.32	1210.90
1030.48	1215.92
1030.64	1208.75
1030.80	1214.92
1030.96	1199.99
1031.12	1214.04
1031.28	1205.52
1031.44	1216.45
1031.60	1206.27
1031.76	1212.83
1031.92	1200.01
1032.08	1221.57
1032.24	1206.58
1032.40	1209.33
1032.56	1203.35
1032.73	1207.52
1032.89	1207.42
1033.05	1209.06
1033.21	1200.46
1033.37	1209.16
1033.53	1208.63
1033.69	1215.96
1033.85	1201.97
1034.01	1201.30
1034.17	1200.40
1034.33	1212.05
1034.49	1200.97
1034.65	1206.21
1034.81	1205.62
1034.97	1214.14
1035.13	1210.88
1035.29	1211.82
1035.45	1192.76
1035.61	1211.21
1035.77	1208.14
1035.93	1210.31
1036.09	1204.04
1036.25	1205.45
1036.41	1202.92
1036.57	1216.29
1036.73	1201.50
1036.88	1212.23
1037.04	1198.64
