345.52	1185.73
345.73	1185.73
345.94	1185.73
346.16	1171.09
346.37	1187.90
346.58	1179.20
346.79	1183.85
347.00	1180.63
347.22	1190.98
347.43	1180.88
347.64	1189.77
347.85	1172.89
348.06	1187.74
348.28	1178.61
348.49	1190.59
348.70	1179.51
348.91	1184.67
349.12	1179.81
349.34	1192.23
349.55	1183.64
349.76	1187.70
349.97	1185.24
350.18	1189.38
350.40	1181.19
350.61	1187.64
350.82	1181.88
351.03	1191.53
351.24	1181.80
351.46	1187.02
351.67	1179.30
351.88	1196.14
352.09	1179.79
352.30	1183.95
352.51	1182.89
352.73	1190.59
352.94	1182.17
353.15	1188.19
353.36	1186.24
353.57	1190.98
353.79	1183.91
354.00	1193.84
354.21	1182.78
354.42	1192.25
354.63	1176.76
354.84	1185.47
355.06	1177.44
355.27	1186.92
355.48	1170.95
355.69	1195.42
355.90	1181.10
356.11	1191.10
356.33	1185.08
356.54	1193.47
356.75	1184.98
356.96	1188.95
357.17	1173.06
357.38	1186.37
357.60	1179.88
357.81	1192.04
358.02	1182.42
358.23	1190.83
358.44	1183.07
358.65	1186.49
358.87	1181.84
359.08	1184.77
359.29	1187.27
359.50	1190.32
359.71	1180.98
359.92	1183.40
360.13	1182.85
360.35	1190.44
360.56	1175.45
360.77	1186.10
360.98	1183.52
361.19	1190.89
361.40	1180.94
361.62	1192.55
361.83	1185.59
362.04	1187.78
362.25	1185.75
362.46	1194.25
362.67	1184.12
362.88	1188.76
363.10	1187.37
363.31	1187.39
363.52	1186.59
363.73	1190.38
363.94	1188.29
364.15	1191.45
364.36	1188.48
364.57	1189.95
364.79	1187.33
365.00	1186.68
365.21	1186.31
365.42	1184.85
365.63	1187.56
365.84	1183.85
366.05	1185.02
366.27	1187.06
366.48	1178.69
366.69	1193.25
366.90	1177.81
367.11	1188.23
367.32	1185.16
367.53	1187.51
367.74	1186.76
367.95	1194.42
368.17	1186.57
368.38	1187.41
368.59	1185.24
368.80	1189.05
369.01	1180.04
369.22	1185.94
369.43	1182.27
369.64	1190.67
369.86	1185.06
370.07	1195.09
370.28	1186.98
370.49	1193.52
370.70	1184.71
370.91	1189.13
371.12	1185.24
371.33	1187.25
371.54	1184.18
371.76	1194.07
371.97	1177.60
372.18	1186.53
372.39	1182.99
372.60	1194.09
372.81	1185.75
373.02	1185.65
373.23	1186.63
373.44	1192.88
373.65	1186.24
373.87	1192.25
374.08	1180.74
374.29	1197.14
374.50	1185.67
374.71	1189.60
374.92	1185.43
375.13	1189.93
375.34	1183.66
375.55	1190.48
375.76	1184.73
375.97	1191.26
376.19	1189.36
376.40	1188.97
376.61	1183.62
376.82	1196.73
377.03	1186.37
377.24	1196.96
377.45	1187.92
377.66	1189.75
377.87	1188.78
378.08	1193.43
378.29	1189.79
378.50	1184.59
378.71	1180.53
378.93	1194.44
379.14	1184.98
379.35	1190.26
379.56	1186.29
379.77	1194.99
379.98	1183.17
380.19	1193.95
380.40	1184.30
380.61	1194.87
380.82	1181.99
381.03	1196.32
381.24	1179.67
381.45	1187.82
381.66	1180.76
381.88	1191.73
382.09	1191.77
382.30	1189.69
382.51	1190.79
382.72	1185.38
382.93	1186.22
383.14	1197.41
383.35	1186.04
383.56	1187.43
383.77	1183.87
383.98	1194.01
384.19	1181.08
384.40	1186.43
384.61	1189.50
384.82	1193.80
385.03	1187.23
385.24	1196.26
385.45	1184.79
385.67	1189.07
385.88	1183.05
386.09	1196.12
386.30	1181.58
386.51	1193.13
386.72	1184.63
386.93	1191.73
387.14	1178.11
387.35	1192.78
387.56	1192.63
387.77	1197.47
387.98	1180.45
388.19	1189.60
388.40	1187.62
388.61	1192.02
388.82	1187.00
389.03	1192.76
389.24	1187.39
389.45	1191.47
389.66	1190.50
389.87	1195.52
390.08	1182.99
390.29	1194.35
390.50	1188.80
390.71	1191.26
390.92	1193.86
391.13	1196.75
391.34	1186.94
391.55	1189.56
391.76	1185.59
391.98	1193.58
392.19	1188.09
392.40	1185.86
392.61	1190.42
392.82	1189.60
393.03	1190.81
393.24	1195.65
393.45	1181.19
393.66	1184.95
393.87	1182.29
394.08	1195.46
394.29	1185.10
394.50	1194.54
394.71	1186.90
394.92	1198.39
395.13	1188.68
395.34	1191.53
395.55	1185.53
395.76	1193.56
395.97	1192.49
396.18	1193.15
396.39	1187.74
396.60	1192.29
396.81	1187.62
397.02	1191.92
397.23	1190.61
397.44	1195.65
397.65	1188.09
397.86	1196.20
398.07	1186.84
398.28	1193.49
398.49	1184.20
398.70	1192.72
398.91	1190.50
399.12	1190.01
399.33	1185.92
399.54	1194.35
399.75	1183.21
399.96	1192.04
400.17	1189.30
400.38	1188.74
400.59	1190.69
400.80	1193.13
401.01	1179.98
401.22	1194.64
401.42	1188.48
401.63	1193.70
401.84	1184.93
402.05	1188.83
402.26	1191.51
402.47	1197.45
402.68	1182.93
402.89	1192.00
403.10	1186.61
403.31	1192.90
403.52	1189.38
403.73	1193.25
403.94	1182.39
404.15	1198.23
404.36	1188.95
404.57	1197.98
404.78	1183.19
404.99	1202.40
405.20	1201.54
405.41	1198.88
405.62	1194.48
405.83	1203.32
406.04	1200.64
406.25	1204.94
406.46	1199.90
406.67	1210.64
406.88	1206.38
407.09	1204.86
407.30	1212.25
407.50	1216.10
407.71	1206.05
407.92	1227.61
408.13	1215.53
408.34	1229.66
408.55	1230.67
408.76	1249.61
408.97	1247.81
409.18	1249.88
409.39	1258.89
409.60	1279.12
409.81	1275.41
410.02	1284.16
410.23	1283.81
410.44	1304.54
410.65	1293.39
410.86	1314.39
411.07	1297.35
411.27	1316.76
411.48	1310.56
411.69	1316.76
411.90	1315.92
412.11	1321.51
412.32	1313.73
412.53	1326.84
412.74	1321.06
412.95	1324.50
413.16	1324.05
413.37	1330.52
413.58	1323.60
413.79	1331.02
414.00	1322.91
414.20	1323.34
414.41	1328.23
414.62	1328.66
414.83	1304.52
415.04	1308.39
415.25	1294.56
415.46	1293.89
415.67	1278.51
415.88	1285.45
416.09	1258.23
416.30	1279.10
416.51	1267.77
416.71	1271.60
416.92	1254.42
417.13	1264.01
417.34	1254.71
417.55	1256.37
417.76	1248.69
417.97	1248.36
418.18	1246.66
418.39	1251.02
418.60	1236.15
418.81	1247.93
419.01	1234.88
419.22	1250.16
419.43	1245.39
419.64	1240.62
419.85	1227.43
420.06	1242.81
420.27	1232.86
420.48	1237.65
420.69	1228.74
420.90	1232.34
421.10	1228.27
421.31	1233.06
421.52	1220.04
421.73	1229.29
421.94	1226.12
422.15	1226.92
422.36	1226.51
422.57	1225.87
422.78	1219.67
422.98	1227.22
423.19	1225.61
423.40	1227.84
423.61	1219.79
423.82	1224.36
424.03	1219.77
424.24	1223.17
424.45	1210.10
424.65	1221.00
424.86	1221.33
425.07	1227.39
425.28	1220.61
425.49	1220.32
425.70	1229.76
425.91	1226.47
426.12	1218.44
426.32	1237.18
426.53	1232.24
426.74	1243.08
426.95	1247.75
427.16	1257.99
427.37	1264.35
427.58	1286.92
427.78	1291.47
427.99	1298.82
428.20	1301.71
428.41	1314.32
428.62	1305.03
428.83	1320.04
429.04	1307.14
429.24	1320.08
429.45	1299.44
429.66	1301.81
429.87	1282.79
430.08	1290.94
430.29	1272.14
430.50	1260.42
430.70	1244.67
430.91	1246.43
431.12	1231.20
431.33	1228.33
431.54	1217.95
431.75	1230.52
431.96	1211.95
432.16	1224.81
432.37	1209.24
432.58	1209.33
432.79	1210.72
433.00	1213.56
433.21	1210.49
433.41	1211.46
433.62	1201.34
433.83	1212.19
434.04	1203.78
434.25	1219.42
434.46	1201.67
434.66	1209.59
434.87	1200.68
435.08	1208.83
435.29	1193.02
435.50	1205.11
435.71	1195.52
435.91	1190.01
436.12	1192.78
436.33	1193.80
436.54	1192.53
436.75	1198.53
436.95	1190.36
437.16	1192.51
437.37	1189.36
437.58	1191.88
437.79	1188.42
438.00	1196.28
438.20	1191.88
438.41	1193.74
438.62	1186.94
438.83	1197.73
439.04	1188.17
439.24	1194.66
439.45	1185.92
439.66	1197.06
439.87	1192.61
440.08	1198.49
440.28	1193.84
440.49	1192.20
440.70	1186.33
440.91	1194.89
441.12	1183.62
441.32	1192.20
441.53	1191.84
441.74	1194.66
441.95	1189.01
442.16	1189.32
442.36	1185.18
442.57	1194.83
442.78	1183.36
442.99	1198.23
443.20	1187.54
443.40	1195.77
443.61	1187.84
443.82	1195.50
444.03	1188.58
444.24	1193.58
444.44	1188.40
444.65	1193.37
444.86	1188.54
445.07	1189.34
445.27	1186.16
445.48	1192.82
445.69	1191.10
445.90	1193.66
446.11	1184.52
446.31	1186.29
446.52	1187.54
446.73	1193.60
446.94	1184.91
447.14	1191.08
447.35	1186.49
447.56	1197.22
447.77	1187.25
447.97	1197.86
448.18	1191.06
448.39	1189.26
448.60	1189.32
448.81	1193.25
449.01	1186.63
449.22	1196.32
449.43	1187.97
449.64	1198.06
449.84	1185.86
450.05	1194.15
450.26	1181.88
450.47	1192.00
450.67	1181.56
450.88	1196.77
451.09	1186.24
451.30	1193.76
451.50	1190.81
451.71	1191.65
451.92	1188.42
452.13	1198.23
452.33	1191.18
452.54	1192.86
452.75	1192.70
452.96	1199.68
453.16	1186.02
453.37	1194.07
453.58	1188.76
453.79	1193.00
453.99	1182.25
454.20	1185.24
454.41	1187.08
454.61	1197.65
454.82	1183.93
455.03	1188.01
455.24	1190.42
455.44	1194.25
455.65	1189.21
455.86	1197.67
456.07	1188.56
456.27	1196.79
456.48	1191.63
456.69	1192.84
456.90	1189.50
457.10	1195.34
457.31	1187.08
457.52	1196.85
457.72	1199.43
457.93	1194.85
458.14	1189.11
458.35	1195.52
458.55	1185.75
458.76	1187.68
458.97	1182.91
459.17	1193.21
459.38	1181.39
459.59	1198.31
459.80	1186.65
460.00	1190.59
460.21	1183.32
460.42	1189.71
460.62	1180.55
460.83	1198.35
461.04	1189.62
461.25	1194.50
461.45	1189.03
461.66	1187.02
461.87	1186.78
462.07	1199.86
462.28	1185.94
462.49	1191.94
462.69	1184.73
462.90	1189.28
463.11	1189.13
463.31	1198.41
463.52	1184.85
463.73	1188.74
463.94	1187.29
464.14	1198.02
464.35	1185.53
464.56	1186.14
464.76	1190.73
464.97	1194.23
465.18	1186.57
465.38	1193.09
465.59	1186.70
465.80	1194.48
466.00	1181.99
466.21	1192.51
466.42	1187.99
466.62	1188.62
466.83	1180.31
467.04	1187.84
467.24	1187.60
467.45	1187.27
467.66	1184.03
467.86	1191.49
468.07	1182.46
468.28	1193.78
468.48	1191.41
468.69	1193.17
468.90	1180.96
469.10	1193.41
469.31	1191.61
469.52	1192.59
469.72	1182.95
469.93	1187.82
470.14	1190.20
470.34	1196.44
470.55	1182.82
470.76	1196.46
470.96	1183.73
471.17	1189.83
471.38	1184.12
471.58	1194.74
471.79	1184.95
472.00	1197.78
472.20	1185.67
472.41	1193.43
472.62	1189.64
472.82	1193.04
473.03	1185.47
473.24	1188.52
473.44	1189.97
473.65	1195.54
473.85	1176.29
474.06	1186.55
474.27	1181.94
474.47	1191.36
474.68	1182.17
474.89	1194.74
475.09	1189.11
475.30	1194.99
475.51	1185.51
475.71	1194.19
475.92	1187.97
476.12	1192.59
476.33	1180.08
476.54	1192.06
476.74	1187.37
476.95	1187.90
477.16	1184.69
477.36	1186.82
477.57	1182.62
477.77	1191.63
477.98	1183.28
478.19	1188.48
478.39	1186.94
478.60	1193.04
478.81	1184.42
479.01	1194.19
479.22	1188.58
479.42	1198.74
479.63	1187.68
479.84	1194.52
480.04	1188.25
480.25	1190.69
480.45	1177.27
480.66	1191.26
480.87	1185.90
481.07	1186.76
481.28	1181.47
481.48	1195.60
481.69	1190.07
481.90	1184.40
482.10	1185.43
482.31	1192.57
482.51	1186.72
482.72	1197.24
482.93	1179.67
483.13	1187.86
483.34	1184.40
483.54	1193.33
483.75	1183.83
483.96	1186.02
484.16	1187.37
484.37	1195.83
484.57	1183.97
484.78	1199.56
484.99	1185.84
485.19	1183.50
485.40	1182.46
485.60	1195.24
485.81	1177.79
486.01	1188.27
486.22	1184.73
486.43	1190.69
486.63	1188.97
486.84	1190.91
487.04	1179.00
487.25	1199.33
487.46	1181.96
487.66	1193.13
487.87	1189.85
488.07	1192.66
488.28	1185.65
488.48	1187.76
488.69	1190.42
488.89	1187.43
489.10	1180.06
489.31	1199.97
489.51	1184.36
489.72	1193.97
489.92	1185.10
490.13	1198.14
490.33	1188.09
490.54	1189.93
490.75	1180.84
490.95	1192.70
491.16	1187.11
491.36	1199.88
491.57	1179.65
491.77	1193.45
491.98	1185.94
492.18	1187.27
492.39	1180.04
492.59	1191.12
492.80	1186.45
493.01	1186.24
493.21	1186.02
493.42	1193.95
493.62	1193.09
493.83	1187.94
494.03	1193.41
494.24	1190.10
494.44	1186.10
494.65	1194.48
494.85	1181.96
495.06	1188.11
495.26	1181.84
495.47	1192.45
495.68	1189.38
495.88	1188.37
496.09	1193.86
496.29	1191.67
496.50	1178.11
496.70	1190.63
496.91	1193.00
497.11	1185.49
497.32	1183.91
497.52	1196.63
497.73	1183.17
497.93	1190.48
498.14	1187.49
498.34	1190.50
498.55	1183.64
498.75	1186.63
498.96	1186.78
499.16	1186.14
499.37	1187.29
499.57	1196.20
499.78	1185.45
499.98	1186.86
500.19	1187.54
500.39	1192.10
500.60	1181.51
500.80	1187.37
501.01	1188.23
501.21	1193.25
501.42	1190.10
501.62	1203.26
501.83	1185.47
502.03	1194.03
502.24	1191.59
502.44	1194.13
502.65	1184.87
502.85	1190.69
503.06	1183.68
503.26	1184.30
503.47	1180.43
503.67	1192.39
503.88	1184.40
504.08	1190.36
504.29	1184.38
504.49	1187.72
504.70	1187.80
504.90	1192.72
505.11	1182.56
505.31	1191.16
505.52	1186.98
505.72	1191.30
505.93	1186.96
506.13	1194.31
506.34	1188.48
506.54	1186.55
506.75	1185.71
506.95	1192.66
507.16	1195.19
507.36	1192.23
507.56	1185.96
507.77	1191.71
507.97	1189.09
508.18	1190.89
508.38	1183.66
508.59	1193.35
508.79	1189.38
509.00	1189.60
509.20	1192.33
509.41	1192.25
509.61	1190.57
509.82	1194.15
510.02	1190.73
510.22	1195.91
510.43	1186.29
510.63	1190.98
510.84	1181.78
511.04	1183.85
511.25	1189.58
511.45	1184.26
511.66	1180.57
511.86	1192.55
512.06	1189.46
512.27	1193.31
512.47	1187.92
512.68	1198.27
512.88	1186.04
513.09	1190.30
513.29	1192.49
513.50	1196.87
513.70	1183.44
513.90	1191.47
514.11	1189.34
514.31	1194.81
514.52	1189.38
514.72	1193.11
514.93	1181.56
515.13	1185.92
515.33	1180.29
515.54	1190.63
515.74	1175.12
515.95	1191.69
516.15	1195.50
516.36	1189.73
516.56	1185.90
516.76	1191.90
516.97	1187.88
517.17	1194.33
517.38	1190.89
517.58	1192.66
517.78	1189.50
517.99	1188.95
518.19	1187.64
518.40	1189.95
518.60	1184.77
518.81	1191.88
519.01	1192.80
519.21	1190.18
519.42	1194.13
519.62	1195.05
519.83	1188.40
520.03	1189.73
520.23	1186.10
520.44	1192.92
520.64	1185.38
520.85	1193.72
521.05	1183.38
521.25	1187.29
521.46	1188.66
521.66	1190.55
521.86	1185.69
522.07	1190.07
522.27	1191.94
522.48	1196.36
522.68	1179.00
522.88	1183.50
523.09	1184.61
523.29	1192.59
523.50	1184.46
523.70	1189.97
523.90	1175.98
524.11	1193.04
524.31	1180.92
524.51	1198.35
524.72	1186.47
524.92	1192.04
525.13	1179.51
525.33	1183.54
525.53	1193.41
525.74	1186.76
525.94	1180.26
526.14	1198.14
526.35	1186.18
526.55	1192.35
526.76	1181.76
526.96	1195.95
527.16	1183.75
527.37	1194.23
527.57	1191.71
527.77	1189.73
527.98	1190.59
528.18	1192.08
528.38	1184.69
528.59	1191.20
528.79	1193.52
528.99	1192.84
529.20	1187.60
529.40	1190.77
529.61	1186.00
529.81	1192.12
530.01	1187.56
530.22	1191.67
530.42	1183.97
530.62	1187.47
530.83	1182.93
531.03	1190.75
531.23	1187.78
531.44	1193.52
531.64	1182.13
531.84	1189.23
532.05	1187.51
532.25	1188.99
532.45	1184.05
532.66	1192.55
532.86	1181.53
533.06	1199.90
533.27	1187.64
533.47	1196.03
533.67	1183.34
533.88	1187.56
534.08	1185.55
534.28	1187.78
534.49	1186.45
534.69	1188.95
534.89	1181.21
535.09	1194.83
535.30	1186.53
535.50	1187.66
535.70	1189.46
535.91	1189.30
536.11	1189.21
536.31	1193.88
536.52	1195.13
536.72	1197.90
536.92	1182.66
537.13	1197.41
537.33	1185.36
537.53	1195.34
537.74	1190.63
537.94	1187.11
538.14	1187.27
538.34	1193.37
538.55	1178.07
538.75	1204.00
538.95	1185.43
539.16	1194.97
539.36	1181.84
539.56	1192.80
539.77	1189.19
539.97	1195.73
540.17	1178.65
540.37	1199.45
540.58	1195.48
540.78	1199.43
540.98	1186.02
541.19	1198.31
541.39	1187.17
541.59	1191.79
541.79	1182.66
542.00	1188.42
542.20	1181.51
542.40	1188.70
542.60	1189.30
542.81	1194.09
543.01	1187.70
543.21	1183.09
543.42	1182.09
543.62	1192.53
543.82	1189.36
544.02	1186.59
544.23	1193.86
544.43	1193.04
544.63	1186.59
544.83	1193.23
545.04	1188.35
545.24	1190.38
545.44	1178.61
545.64	1194.05
545.85	1185.08
546.05	1196.24
546.25	1186.74
546.45	1188.09
546.66	1183.91
546.86	1192.00
547.06	1186.90
547.27	1194.40
547.47	1184.73
547.67	1187.74
547.87	1188.37
548.07	1193.84
548.28	1188.48
548.48	1190.42
548.68	1178.83
548.88	1194.03
549.09	1187.90
549.29	1183.56
549.49	1187.39
549.69	1195.95
549.90	1182.19
550.10	1192.06
550.30	1192.04
550.50	1188.87
550.71	1186.35
550.91	1188.44
551.11	1185.36
551.31	1188.91
551.51	1182.87
551.72	1184.87
551.92	1184.77
552.12	1192.59
552.32	1184.22
552.53	1192.92
552.73	1185.65
552.93	1191.53
553.13	1185.04
553.33	1191.49
553.54	1188.15
553.74	1190.30
553.94	1186.35
554.14	1189.58
554.35	1182.44
554.55	1198.08
554.75	1186.76
554.95	1194.31
555.15	1186.10
555.36	1193.43
555.56	1185.04
555.76	1192.27
555.96	1184.59
556.16	1190.03
556.37	1188.11
556.57	1191.10
556.77	1184.34
556.97	1190.83
557.17	1183.48
557.38	1199.88
557.58	1183.48
557.78	1189.36
557.98	1182.80
558.18	1186.98
558.38	1186.12
558.59	1188.13
558.79	1187.35
558.99	1200.07
559.19	1177.44
559.39	1191.63
559.60	1181.88
559.80	1191.67
560.00	1192.31
560.20	1193.49
560.40	1188.76
560.60	1188.70
560.81	1190.50
561.01	1191.02
561.21	1189.17
561.41	1191.34
561.61	1184.07
561.81	1189.28
562.02	1187.64
562.22	1195.22
562.42	1178.03
562.62	1193.04
562.82	1186.63
563.02	1189.60
563.23	1182.13
563.43	1192.14
563.63	1179.04
563.83	1185.69
564.03	1183.36
564.23	1189.89
564.43	1185.36
564.64	1186.02
564.84	1184.26
565.04	1185.02
565.24	1182.70
565.44	1192.14
565.64	1186.57
565.85	1193.25
566.05	1190.77
566.25	1193.78
566.45	1184.98
566.65	1185.75
566.85	1186.04
567.05	1192.10
567.25	1187.90
567.46	1188.58
567.66	1183.17
567.86	1192.76
568.06	1182.37
568.26	1198.59
568.46	1181.78
568.66	1184.71
568.86	1185.57
569.07	1187.41
569.27	1181.10
569.47	1194.56
569.67	1182.74
569.87	1197.84
570.07	1187.74
570.27	1189.58
570.47	1180.10
570.68	1191.94
570.88	1185.26
571.08	1188.01
571.28	1181.92
571.48	1189.34
571.68	1181.72
571.88	1197.71
572.08	1190.81
572.28	1184.48
572.49	1185.34
572.69	1187.23
572.89	1185.06
573.09	1189.09
573.29	1184.42
573.49	1191.65
573.69	1179.67
573.89	1186.24
574.09	1186.45
574.29	1191.20
574.50	1186.70
574.70	1195.62
574.90	1192.98
575.10	1193.80
575.30	1186.33
575.50	1191.30
575.70	1192.43
575.90	1188.97
576.10	1183.07
576.30	1189.52
576.50	1186.35
576.70	1191.59
576.91	1189.01
577.11	1184.26
577.31	1187.31
577.51	1187.86
577.71	1182.05
577.91	1195.26
578.11	1188.78
578.31	1195.65
578.51	1178.95
578.71	1197.04
578.91	1190.05
579.11	1189.79
579.31	1180.10
579.51	1189.13
579.71	1180.22
579.92	1187.60
580.12	1186.88
580.32	1187.86
580.52	1182.42
580.72	1194.23
580.92	1182.70
581.12	1195.46
581.32	1186.74
581.52	1186.98
581.72	1180.69
581.92	1191.57
582.12	1190.12
582.32	1190.14
582.52	1193.56
582.72	1189.73
582.92	1189.46
583.12	1191.69
583.32	1185.02
583.52	1195.65
583.72	1186.24
583.92	1192.61
584.12	1184.16
584.33	1190.32
584.53	1175.96
584.73	1194.81
584.93	1187.92
585.13	1190.48
585.33	1186.49
585.53	1183.44
585.73	1185.75
585.93	1197.57
586.13	1179.57
586.33	1187.21
586.53	1187.74
586.73	1182.27
586.93	1186.84
587.13	1191.30
587.33	1183.25
587.53	1192.14
587.73	1186.16
587.93	1195.58
588.13	1187.45
588.33	1194.93
588.53	1189.75
588.73	1194.11
588.93	1187.11
589.13	1187.58
589.33	1185.34
589.53	1196.28
589.73	1186.31
589.93	1191.82
590.13	1182.07
590.33	1188.87
590.53	1184.61
590.73	1191.96
590.93	1188.97
591.13	1193.54
591.33	1190.87
591.53	1192.25
591.73	1190.14
591.93	1194.87
592.13	1182.11
592.33	1194.46
592.53	1185.88
592.73	1191.90
592.93	1190.69
593.13	1188.62
593.33	1187.84
593.53	1190.10
593.73	1188.17
593.93	1188.31
594.13	1187.88
594.33	1189.95
594.53	1186.61
594.73	1191.00
594.92	1179.04
595.12	1193.97
595.32	1189.44
595.52	1190.24
595.72	1185.86
595.92	1191.36
596.12	1184.26
596.32	1188.44
596.52	1182.31
596.72	1191.51
596.92	1188.42
597.12	1190.63
597.32	1181.56
597.52	1192.74
597.72	1187.90
597.92	1192.51
598.12	1185.18
598.32	1194.05
598.52	1188.68
598.72	1183.56
598.92	1179.71
599.12	1197.12
599.31	1188.05
599.51	1189.81
599.71	1176.17
599.91	1185.16
600.11	1184.14
600.31	1187.66
600.51	1188.56
600.71	1190.91
600.91	1181.60
601.11	1198.02
601.31	1180.65
601.51	1195.71
601.71	1190.57
601.91	1193.64
602.10	1183.89
602.30	1190.34
602.50	1187.11
602.70	1192.20
602.90	1190.63
603.10	1188.91
603.30	1184.93
603.50	1197.67
603.70	1191.20
603.90	1193.39
604.10	1189.58
604.30	1192.39
604.49	1179.77
604.69	1191.10
604.89	1188.27
605.09	1198.00
605.29	1183.83
605.49	1193.27
605.69	1178.18
605.89	1187.80
606.09	1183.19
606.29	1184.30
606.48	1177.23
606.68	1188.01
606.88	1183.01
607.08	1194.48
607.28	1189.36
607.48	1187.02
607.68	1182.87
607.88	1194.38
608.08	1187.51
608.27	1192.31
608.47	1187.49
608.67	1188.85
608.87	1185.90
609.07	1196.03
609.27	1186.76
609.47	1194.83
609.67	1188.46
609.87	1193.74
610.06	1184.71
610.26	1190.24
610.46	1184.71
610.66	1192.25
610.86	1187.15
611.06	1186.37
611.26	1185.14
611.45	1196.96
611.65	1188.25
611.85	1189.11
612.05	1181.70
612.25	1190.59
612.45	1183.79
612.65	1189.38
612.84	1185.88
613.04	1197.22
613.24	1179.38
613.44	1183.38
613.64	1181.86
613.84	1189.87
614.04	1184.32
614.23	1193.68
614.43	1182.93
614.63	1192.96
614.83	1184.07
615.03	1192.02
615.23	1187.13
615.42	1185.94
615.62	1181.23
615.82	1189.32
616.02	1179.61
616.22	1192.45
616.42	1175.90
616.61	1192.86
616.81	1189.75
617.01	1190.26
617.21	1182.48
617.41	1193.84
617.61	1178.09
617.80	1194.64
618.00	1187.90
618.20	1191.63
618.40	1191.08
618.60	1192.43
618.80	1183.77
618.99	1188.42
619.19	1182.17
619.39	1189.71
619.59	1180.69
619.79	1194.81
619.98	1185.28
620.18	1184.98
620.38	1187.08
620.58	1185.69
620.78	1190.93
620.97	1188.01
621.17	1182.46
621.37	1186.39
621.57	1190.42
621.77	1186.74
621.96	1187.08
622.16	1188.46
622.36	1192.70
622.56	1193.56
622.76	1187.33
622.95	1193.90
623.15	1180.08
623.35	1193.15
623.55	1180.90
623.75	1192.96
623.94	1178.69
624.14	1194.01
624.34	1186.59
624.54	1191.26
624.73	1180.24
624.93	1193.82
625.13	1195.42
625.33	1193.72
625.53	1186.04
625.72	1193.97
625.92	1187.06
626.12	1191.14
626.32	1184.75
626.51	1187.25
626.71	1181.60
626.91	1195.77
627.11	1188.91
627.30	1191.10
627.50	1182.82
627.70	1194.17
627.90	1186.55
628.10	1189.09
628.29	1180.86
628.49	1187.37
628.69	1189.97
628.89	1190.42
629.08	1185.73
629.28	1192.31
629.48	1179.26
629.68	1196.03
629.87	1187.66
630.07	1186.72
630.27	1184.55
630.47	1185.28
630.66	1183.28
630.86	1190.61
631.06	1179.47
631.25	1188.21
631.45	1180.92
631.65	1193.25
631.85	1185.63
632.04	1186.47
632.24	1180.72
632.44	1192.20
632.64	1188.62
632.83	1189.60
633.03	1188.07
633.23	1195.22
633.42	1185.53
633.62	1188.78
633.82	1183.79
634.02	1190.44
634.21	1184.98
634.41	1185.57
634.61	1190.30
634.81	1191.34
635.00	1182.03
635.20	1195.65
635.40	1189.28
635.59	1189.30
635.79	1180.10
635.99	1196.24
636.18	1181.29
636.38	1191.49
636.58	1186.29
636.78	1197.08
636.97	1180.94
637.17	1195.22
637.37	1189.15
637.56	1193.86
637.76	1184.57
637.96	1195.73
638.15	1184.81
638.35	1185.02
638.55	1182.52
638.74	1192.16
638.94	1187.47
639.14	1200.19
639.34	1178.38
639.53	1197.47
639.73	1184.48
639.93	1191.88
640.12	1179.98
640.32	1193.68
640.52	1183.07
640.71	1193.29
640.91	1186.14
641.11	1191.28
641.30	1189.60
641.50	1186.10
641.70	1180.82
641.89	1183.97
642.09	1190.12
642.29	1189.21
642.48	1179.45
642.68	1193.41
642.88	1183.40
643.07	1194.23
643.27	1189.09
643.47	1195.36
643.66	1183.62
643.86	1189.26
644.06	1190.85
644.25	1191.59
644.45	1190.59
644.65	1192.39
644.84	1180.88
645.04	1180.76
645.23	1179.83
645.43	1187.41
645.63	1187.11
645.82	1187.23
646.02	1189.73
646.22	1191.16
646.41	1176.74
646.61	1190.55
646.81	1183.77
647.00	1188.72
647.20	1181.02
647.39	1184.79
647.59	1182.72
647.79	1188.19
647.98	1188.23
648.18	1186.39
648.38	1183.34
648.57	1187.64
648.77	1186.90
648.96	1196.32
649.16	1178.57
649.36	1190.75
649.55	1185.08
649.75	1189.38
649.95	1181.58
650.14	1190.14
650.34	1183.25
650.53	1192.08
650.73	1176.58
650.93	1190.53
651.12	1183.44
651.32	1182.27
651.51	1182.21
651.71	1184.69
651.91	1185.36
652.10	1190.67
652.30	1186.84
652.49	1194.68
652.69	1194.29
652.89	1187.68
653.08	1190.18
653.28	1189.85
653.47	1186.76
653.67	1201.40
653.86	1180.55
654.06	1189.44
654.26	1189.73
654.45	1190.07
654.65	1184.09
654.84	1196.16
655.04	1188.91
655.24	1189.23
655.43	1177.34
655.63	1197.16
655.82	1183.71
656.02	1192.10
656.21	1188.25
656.41	1194.35
656.61	1186.35
656.80	1186.00
657.00	1185.86
657.19	1186.51
657.39	1186.68
657.58	1188.80
657.78	1182.66
657.97	1188.33
658.17	1182.39
658.37	1189.83
658.56	1182.54
658.76	1192.23
658.95	1191.02
659.15	1191.16
659.34	1180.49
659.54	1187.41
659.73	1188.01
659.93	1184.52
660.13	1187.70
660.32	1188.50
660.52	1181.60
660.71	1190.91
660.91	1186.88
661.10	1197.90
661.30	1186.41
661.49	1189.26
661.69	1181.39
661.88	1190.32
662.08	1179.59
662.27	1189.01
662.47	1179.08
662.66	1189.69
662.86	1181.13
663.06	1192.72
663.25	1189.38
663.45	1192.82
663.64	1184.83
663.84	1190.50
664.03	1189.34
664.23	1189.99
664.42	1189.48
664.62	1187.86
664.81	1182.44
665.01	1188.33
665.20	1188.40
665.40	1194.13
665.59	1186.10
665.79	1193.49
665.98	1189.05
666.18	1188.23
666.37	1183.19
666.57	1187.66
666.76	1185.94
666.96	1193.66
667.15	1185.73
667.35	1193.90
667.54	1180.78
667.74	1191.71
667.93	1188.95
668.13	1195.60
668.32	1184.03
668.52	1191.65
668.71	1193.04
668.91	1183.19
669.10	1182.85
669.30	1186.20
669.49	1177.62
669.68	1194.29
669.88	1182.74
670.07	1184.85
670.27	1182.89
670.46	1191.14
670.66	1181.39
670.85	1191.69
671.05	1183.13
671.24	1190.46
671.44	1177.99
671.63	1193.66
671.83	1182.76
672.02	1190.63
672.22	1186.68
672.41	1188.70
672.60	1188.33
672.80	1195.56
672.99	1183.42
673.19	1192.53
673.38	1183.77
673.58	1192.53
673.77	1177.30
673.97	1194.46
674.16	1188.58
674.36	1196.36
674.55	1187.00
674.74	1193.41
674.94	1185.16
675.13	1186.68
675.33	1174.92
675.52	1186.18
675.72	1184.69
675.91	1193.33
676.10	1182.05
676.30	1186.72
676.49	1186.68
676.69	1193.04
676.88	1186.10
677.08	1192.10
677.27	1179.83
677.46	1191.57
677.66	1184.57
677.85	1192.25
678.05	1182.74
678.24	1188.85
678.44	1185.81
678.63	1184.85
678.82	1181.86
679.02	1190.73
679.21	1181.15
679.41	1188.60
679.60	1182.89
679.79	1188.11
679.99	1181.64
680.18	1195.89
680.38	1186.20
680.57	1186.82
680.76	1182.33
680.96	1189.26
681.15	1179.67
681.35	1191.61
681.54	1177.40
681.73	1187.97
681.93	1184.26
682.12	1191.22
682.32	1188.58
682.51	1194.60
682.70	1181.53
682.90	1187.82
683.09	1181.78
683.29	1199.29
683.48	1181.13
683.67	1187.66
683.87	1191.73
684.06	1194.48
684.25	1188.17
684.45	1188.97
684.64	1185.30
684.84	1188.89
685.03	1186.39
685.22	1189.97
685.42	1186.78
685.61	1195.75
685.80	1183.85
686.00	1191.00
686.19	1188.21
686.38	1187.60
686.58	1184.38
686.77	1185.26
686.96	1183.71
687.16	1199.62
687.35	1182.95
687.55	1189.05
687.74	1181.84
687.93	1191.86
688.13	1181.99
688.32	1195.11
688.51	1186.37
688.71	1193.11
688.90	1188.83
689.09	1184.36
689.29	1192.14
689.48	1194.38
689.67	1184.83
689.87	1186.63
690.06	1188.15
690.25	1185.49
690.45	1182.76
690.64	1191.04
690.83	1181.51
691.03	1199.88
691.22	1184.09
691.41	1182.37
691.61	1184.59
691.80	1193.31
691.99	1186.76
692.19	1198.59
692.38	1182.87
692.57	1192.68
692.76	1184.81
692.96	1199.19
693.15	1180.55
693.34	1189.11
693.54	1189.42
693.73	1199.04
693.92	1185.81
694.12	1187.92
694.31	1186.35
694.50	1195.42
694.70	1182.66
694.89	1189.58
695.08	1182.33
695.27	1196.77
695.47	1184.91
695.66	1189.52
695.85	1189.01
696.05	1191.18
696.24	1181.53
696.43	1189.85
696.62	1184.16
696.82	1196.42
697.01	1190.12
697.20	1189.83
697.40	1187.80
697.59	1187.41
697.78	1177.91
697.97	1188.05
698.17	1188.44
698.36	1187.11
698.55	1181.80
698.74	1194.33
698.94	1187.54
699.13	1193.64
699.32	1182.89
699.52	1190.42
699.71	1187.08
699.90	1187.76
700.09	1181.51
700.29	1190.93
700.48	1182.29
700.67	1188.15
700.86	1181.62
701.06	1188.03
701.25	1188.44
701.44	1192.04
701.63	1187.76
701.83	1188.54
702.02	1184.52
702.21	1189.87
702.40	1184.48
702.60	1193.43
702.79	1190.55
702.98	1192.63
703.17	1181.35
703.37	1192.25
703.56	1185.18
703.75	1190.61
703.94	1182.17
704.13	1192.33
704.33	1186.45
704.52	1188.09
704.71	1188.35
704.90	1195.62
705.10	1184.87
705.29	1193.06
705.48	1177.03
705.67	1189.28
705.86	1180.51
706.06	1191.12
706.25	1186.35
706.44	1191.16
706.63	1188.83
706.83	1190.48
707.02	1187.45
707.21	1190.61
707.40	1184.07
707.59	1190.89
707.79	1180.35
707.98	1183.99
708.17	1183.58
708.36	1188.11
708.55	1182.33
708.75	1199.64
708.94	1184.79
709.13	1193.17
709.32	1182.56
709.51	1191.53
709.71	1184.20
709.90	1194.56
710.09	1191.18
710.28	1187.84
710.47	1181.76
710.66	1188.03
710.86	1179.77
711.05	1185.59
711.24	1184.07
711.43	1187.47
711.62	1179.28
711.82	1192.90
712.01	1184.12
712.20	1191.77
712.39	1191.34
712.58	1191.96
712.77	1178.81
712.97	1186.29
713.16	1185.53
713.35	1186.94
713.54	1183.79
713.73	1192.12
713.92	1187.62
714.11	1192.98
714.31	1181.94
714.50	1188.07
714.69	1181.39
714.88	1192.90
715.07	1183.11
715.26	1199.21
715.46	1183.48
715.65	1198.16
715.84	1185.24
716.03	1192.53
716.22	1185.75
716.41	1189.13
716.60	1187.31
716.80	1189.09
716.99	1177.66
717.18	1191.69
717.37	1183.97
717.56	1195.30
717.75	1178.81
717.94	1193.88
718.13	1184.59
718.33	1188.97
718.52	1185.08
718.71	1185.86
718.90	1185.86
719.09	1185.16
719.28	1179.75
719.47	1193.64
719.66	1188.13
719.85	1193.68
720.05	1186.65
720.24	1194.07
720.43	1180.61
720.62	1192.47
720.81	1180.22
721.00	1194.31
721.19	1184.28
721.38	1192.37
721.57	1180.82
721.77	1188.52
721.96	1180.78
722.15	1185.67
722.34	1184.22
722.53	1192.25
722.72	1181.66
722.91	1185.71
723.10	1185.55
723.29	1202.10
723.48	1183.81
723.67	1191.00
723.87	1188.83
724.06	1198.10
724.25	1175.66
724.44	1188.78
724.63	1188.83
724.82	1186.35
725.01	1187.17
725.20	1188.37
725.39	1183.05
725.58	1188.42
725.77	1186.12
725.96	1187.88
726.15	1187.29
726.34	1190.38
726.54	1177.85
726.73	1192.92
726.92	1182.99
727.11	1193.41
727.30	1183.25
727.49	1190.77
727.68	1178.52
727.87	1192.23
728.06	1188.95
728.25	1184.93
728.44	1188.95
728.63	1187.33
728.82	1183.95
729.01	1191.04
729.20	1187.92
729.39	1186.78
729.58	1181.58
729.77	1189.60
729.96	1174.59
730.15	1186.86
730.34	1182.82
730.53	1184.55
730.73	1180.86
730.92	1196.94
731.11	1189.46
731.30	1195.13
731.49	1182.70
731.68	1189.83
731.87	1180.96
732.06	1191.84
732.25	1182.97
732.44	1196.73
732.63	1180.29
732.82	1194.46
733.01	1184.22
733.20	1182.56
733.39	1184.46
733.58	1192.84
733.77	1179.71
733.96	1194.42
734.15	1185.79
734.34	1187.04
734.53	1182.56
734.72	1187.68
734.91	1190.57
735.10	1186.47
735.29	1184.75
735.48	1190.83
735.67	1182.05
735.86	1192.90
736.05	1184.83
736.24	1181.88
736.43	1188.48
736.62	1185.57
736.81	1181.35
737.00	1204.53
737.19	1180.20
737.38	1195.85
737.57	1185.59
737.76	1193.27
737.95	1186.90
738.14	1201.52
738.33	1183.62
738.51	1188.52
738.70	1180.49
738.89	1190.53
739.08	1180.49
739.27	1194.52
739.46	1174.84
739.65	1182.85
739.84	1186.61
740.03	1190.26
740.22	1186.72
740.41	1188.33
740.60	1189.64
740.79	1194.05
740.98	1191.43
741.17	1190.96
741.36	1185.28
741.55	1187.72
741.74	1191.43
741.93	1189.05
742.12	1186.18
742.31	1191.18
742.50	1184.32
742.68	1182.21
742.87	1190.12
743.06	1186.45
743.25	1185.30
743.44	1191.06
743.63	1190.91
743.82	1181.80
744.01	1188.11
744.20	1196.10
744.39	1183.79
744.58	1189.36
744.77	1183.73
744.96	1187.99
745.14	1186.06
745.33	1192.18
745.52	1182.19
745.71	1195.17
745.90	1179.04
746.09	1191.90
746.28	1177.46
746.47	1191.36
746.66	1188.42
746.85	1186.80
747.04	1184.26
747.22	1183.83
747.41	1188.85
747.60	1183.28
747.79	1183.54
747.98	1191.84
748.17	1184.40
748.36	1195.67
748.55	1182.29
748.74	1188.56
748.93	1181.10
749.11	1192.74
749.30	1186.18
749.49	1190.48
749.68	1187.64
749.87	1183.01
750.06	1183.15
750.25	1186.82
750.44	1177.54
750.62	1188.52
750.81	1180.41
751.00	1186.53
751.19	1179.81
751.38	1193.62
751.57	1182.15
751.76	1191.39
751.95	1171.29
752.13	1192.06
752.32	1183.54
752.51	1190.50
752.70	1176.89
752.89	1196.01
753.08	1190.61
753.27	1195.87
753.45	1180.00
753.64	1194.78
753.83	1183.56
754.02	1185.04
754.21	1179.65
754.40	1188.80
754.58	1183.03
754.77	1189.17
754.96	1185.81
755.15	1185.94
755.34	1183.15
755.53	1190.85
755.71	1188.62
755.90	1195.07
756.09	1176.82
756.28	1187.60
756.47	1183.91
756.66	1190.67
756.84	1183.83
757.03	1185.81
757.22	1188.21
757.41	1194.83
757.60	1181.29
757.79	1195.11
757.97	1196.67
758.16	1191.49
758.35	1179.53
758.54	1192.12
758.73	1187.68
758.91	1193.23
759.10	1187.99
759.29	1190.14
759.48	1186.61
759.67	1191.24
759.85	1183.54
760.04	1192.59
760.23	1181.62
760.42	1188.76
760.61	1186.57
760.79	1185.63
760.98	1189.17
761.17	1186.74
761.36	1188.64
761.55	1182.56
761.73	1181.72
761.92	1189.52
762.11	1180.08
762.30	1195.38
762.49	1190.59
762.67	1189.50
762.86	1182.52
763.05	1188.66
763.24	1175.78
763.42	1193.56
763.61	1185.88
763.80	1188.60
763.99	1188.62
764.17	1186.90
764.36	1177.44
764.55	1191.49
764.74	1186.88
764.92	1189.21
765.11	1179.24
765.30	1189.30
765.49	1189.73
765.68	1190.20
765.86	1183.62
766.05	1190.18
766.24	1181.84
766.43	1182.68
766.61	1187.17
766.80	1186.43
766.99	1184.42
767.17	1190.85
767.36	1190.65
767.55	1192.74
767.74	1187.86
767.92	1195.89
768.11	1187.62
768.30	1188.33
768.49	1184.01
768.67	1186.76
768.86	1190.81
769.05	1187.04
769.24	1180.88
769.42	1190.50
769.61	1192.06
769.80	1192.41
769.98	1188.68
770.17	1195.42
770.36	1186.90
770.55	1192.72
770.73	1182.52
770.92	1194.58
771.11	1184.85
771.29	1184.12
771.48	1191.47
771.67	1188.46
771.86	1180.90
772.04	1196.91
772.23	1184.42
772.42	1186.41
772.60	1182.64
772.79	1201.38
772.98	1186.45
773.16	1187.08
773.35	1190.38
773.54	1196.16
773.72	1188.03
773.91	1182.31
774.10	1189.15
774.29	1190.40
774.47	1187.04
774.66	1195.56
774.85	1186.63
775.03	1187.31
775.22	1187.76
775.41	1188.13
775.59	1186.00
775.78	1185.16
775.97	1180.12
776.15	1189.69
776.34	1179.57
776.53	1192.51
776.71	1189.67
776.90	1190.28
777.09	1187.58
777.27	1192.88
777.46	1184.48
777.65	1193.15
777.83	1187.60
778.02	1191.18
778.21	1177.70
778.39	1182.03
778.58	1187.80
778.76	1186.51
778.95	1182.37
779.14	1185.98
779.32	1183.09
779.51	1189.15
779.70	1185.16
779.88	1185.55
780.07	1189.85
780.26	1186.70
780.44	1180.35
780.63	1190.14
780.81	1179.63
781.00	1188.58
781.19	1188.35
781.37	1191.32
781.56	1183.89
781.75	1190.30
781.93	1188.99
782.12	1187.31
782.30	1182.85
782.49	1189.05
782.68	1184.79
782.86	1196.36
783.05	1180.72
783.23	1187.02
783.42	1177.54
783.61	1190.55
783.79	1185.94
783.98	1189.44
784.16	1184.26
784.35	1190.20
784.54	1187.78
784.72	1192.14
784.91	1179.67
785.09	1192.35
785.28	1183.01
785.47	1185.67
785.65	1184.79
785.84	1187.86
786.02	1178.54
786.21	1188.11
786.40	1185.92
786.58	1195.58
786.77	1178.42
786.95	1191.86
787.14	1188.19
787.32	1189.58
787.51	1192.51
787.70	1191.67
787.88	1185.12
788.07	1198.31
788.25	1188.33
788.44	1187.97
788.62	1181.64
788.81	1190.05
789.00	1188.87
789.18	1182.82
789.37	1185.00
789.55	1190.05
789.74	1183.99
789.92	1188.27
790.11	1182.70
790.29	1186.04
790.48	1180.76
790.67	1189.69
790.85	1182.35
791.04	1187.21
791.22	1188.23
791.41	1188.93
791.59	1184.32
791.78	1194.25
791.96	1179.28
792.15	1186.29
792.33	1180.88
792.52	1187.02
792.70	1181.08
792.89	1190.73
793.07	1180.82
793.26	1195.58
793.45	1185.08
793.63	1189.44
793.82	1188.01
794.00	1189.46
794.19	1181.33
794.37	1196.48
794.56	1186.94
794.74	1183.05
794.93	1183.54
795.11	1192.98
795.30	1186.49
795.48	1185.98
795.67	1179.59
795.85	1188.13
796.04	1179.63
796.22	1192.80
796.41	1184.12
796.59	1180.72
796.78	1186.53
796.96	1186.96
797.15	1187.41
797.33	1187.31
797.52	1187.45
797.70	1190.10
797.89	1186.14
798.07	1191.63
798.26	1181.56
798.44	1184.20
798.63	1182.50
798.81	1190.77
798.99	1183.58
799.18	1190.79
799.36	1185.47
799.55	1180.06
799.73	1185.88
799.92	1189.50
800.10	1176.60
800.29	1188.50
800.47	1181.86
800.66	1193.13
800.84	1183.07
801.03	1198.10
801.21	1181.23
801.39	1188.19
801.58	1190.44
801.76	1183.71
801.95	1187.90
802.13	1185.45
802.32	1186.39
802.50	1186.90
802.69	1186.84
802.87	1182.52
803.06	1194.15
803.24	1184.42
803.42	1179.75
803.61	1191.43
803.79	1179.00
803.98	1199.37
804.16	1182.25
804.35	1190.53
804.53	1176.64
804.71	1192.25
804.90	1182.44
805.08	1187.78
805.27	1183.19
805.45	1192.66
805.63	1181.06
805.82	1187.41
806.00	1181.21
806.19	1183.44
806.37	1190.98
806.56	1195.48
806.74	1184.89
806.92	1191.67
807.11	1181.17
807.29	1191.26
807.48	1183.68
807.66	1187.82
807.84	1183.73
808.03	1188.17
808.21	1179.53
808.40	1188.52
808.58	1183.58
808.76	1192.82
808.95	1179.06
809.13	1192.25
809.32	1180.94
809.50	1193.37
809.68	1178.65
809.87	1185.02
810.05	1189.62
810.23	1194.13
810.42	1186.98
810.60	1193.11
810.79	1180.12
810.97	1193.21
811.15	1184.71
811.34	1192.43
811.52	1183.32
811.70	1188.87
811.89	1180.55
812.07	1191.92
812.25	1180.24
812.44	1197.57
812.62	1179.20
812.81	1189.52
812.99	1185.30
813.17	1190.53
813.36	1178.44
813.54	1185.36
813.72	1179.53
813.91	1195.52
814.09	1185.81
814.27	1188.52
814.46	1185.16
814.64	1189.09
814.82	1183.91
815.01	1188.80
815.19	1190.79
815.37	1183.71
815.56	1186.61
815.74	1188.40
815.92	1178.77
816.11	1184.05
816.29	1182.72
816.47	1188.56
816.66	1185.75
816.84	1192.47
817.02	1187.08
817.21	1191.22
817.39	1186.14
817.57	1191.47
817.76	1177.73
817.94	1189.01
818.12	1182.93
818.30	1194.21
818.49	1187.56
818.67	1193.45
818.85	1185.79
819.04	1187.02
819.22	1183.17
819.40	1188.68
819.59	1184.26
819.77	1188.80
819.95	1186.84
820.13	1193.92
820.32	1185.45
820.50	1191.57
820.68	1189.01
820.87	1190.14
821.05	1187.78
821.23	1196.53
821.41	1189.17
821.60	1189.38
821.78	1184.89
821.96	1195.62
822.14	1177.23
822.33	1187.04
822.51	1184.52
822.69	1183.89
822.88	1188.44
823.06	1189.79
823.24	1179.47
823.42	1183.23
823.61	1182.74
823.79	1187.76
823.97	1177.70
824.15	1191.90
824.34	1183.01
824.52	1191.65
824.70	1182.62
824.88	1190.83
825.07	1179.86
825.25	1185.88
825.43	1182.95
825.61	1190.01
825.80	1185.26
825.98	1195.65
826.16	1177.44
826.34	1189.46
826.53	1185.24
826.71	1189.11
826.89	1190.73
827.07	1185.94
827.25	1179.22
827.44	1196.81
827.62	1182.85
827.80	1192.61
827.98	1184.36
828.17	1184.42
828.35	1183.91
828.53	1192.33
828.71	1186.94
828.89	1188.87
829.08	1175.33
829.26	1190.07
829.44	1189.93
829.62	1190.22
829.80	1184.55
829.99	1186.43
830.17	1174.43
830.35	1195.40
830.53	1186.04
830.71	1188.54
830.90	1184.59
831.08	1194.85
831.26	1183.34
831.44	1188.15
831.62	1180.39
831.81	1193.99
831.99	1181.72
832.17	1185.16
832.35	1180.26
832.53	1193.47
832.71	1183.19
832.90	1187.60
833.08	1186.22
833.26	1196.32
833.44	1181.45
833.62	1192.96
833.81	1180.31
833.99	1197.63
834.17	1176.76
834.35	1190.91
834.53	1182.85
834.71	1191.08
834.89	1178.61
835.08	1188.58
835.26	1188.40
835.44	1192.47
835.62	1181.25
835.80	1188.44
835.98	1181.13
836.17	1191.36
836.35	1182.35
836.53	1192.96
836.71	1179.30
836.89	1193.47
837.07	1187.92
837.25	1193.84
837.44	1182.13
837.62	1184.44
837.80	1185.45
837.98	1185.61
838.16	1191.12
838.34	1192.18
838.52	1184.98
838.70	1187.80
838.89	1185.06
839.07	1193.23
839.25	1185.98
839.43	1191.90
839.61	1180.59
839.79	1188.48
839.97	1183.05
840.15	1188.52
840.33	1187.13
840.52	1193.58
840.70	1190.96
840.88	1187.13
841.06	1191.34
841.24	1193.86
841.42	1185.53
841.60	1195.01
841.78	1177.23
841.96	1190.98
842.14	1187.00
842.33	1185.10
842.51	1191.06
842.69	1185.84
842.87	1181.64
843.05	1200.36
843.23	1180.98
843.41	1192.94
843.59	1186.59
843.77	1185.55
843.95	1185.79
844.13	1191.63
844.31	1179.51
844.49	1190.91
844.68	1182.03
844.86	1179.69
845.04	1184.61
845.22	1191.59
845.40	1191.28
845.58	1194.11
845.76	1179.75
845.94	1191.47
846.12	1179.36
846.30	1188.09
846.48	1183.23
846.66	1194.46
846.84	1187.54
847.02	1191.73
847.20	1186.45
847.38	1190.05
847.56	1184.20
847.74	1190.44
847.92	1187.43
848.11	1193.66
848.29	1186.65
848.47	1192.55
848.65	1181.47
848.83	1191.51
849.01	1184.61
849.19	1192.23
849.37	1186.78
849.55	1190.55
849.73	1182.64
849.91	1186.61
850.09	1185.08
850.27	1195.89
850.45	1185.96
850.63	1193.31
850.81	1181.19
850.99	1188.93
851.17	1184.52
851.35	1185.26
851.53	1181.39
851.71	1189.75
851.89	1184.44
852.07	1187.33
852.25	1188.29
852.43	1188.52
852.61	1180.61
852.79	1184.36
852.97	1176.64
853.15	1189.46
853.33	1184.59
853.51	1186.68
853.69	1179.81
853.87	1189.81
854.05	1187.47
854.23	1190.75
854.41	1186.18
854.59	1191.75
854.77	1184.32
854.95	1190.61
855.13	1183.93
855.31	1189.69
855.49	1185.71
855.67	1182.93
855.84	1184.03
856.02	1190.01
856.20	1183.19
856.38	1189.26
856.56	1183.56
856.74	1193.45
856.92	1188.07
857.10	1190.26
857.28	1178.95
857.46	1188.64
857.64	1176.97
857.82	1189.79
858.00	1178.34
858.18	1187.41
858.36	1181.35
858.54	1184.05
858.72	1184.95
858.90	1184.95
859.08	1183.77
859.25	1190.53
859.43	1189.17
859.61	1189.89
859.79	1183.01
859.97	1183.01
860.15	1179.30
860.33	1186.22
860.51	1187.08
860.69	1183.13
860.87	1183.95
861.05	1193.84
861.23	1187.35
861.41	1190.73
861.58	1184.40
861.76	1194.09
861.94	1184.07
862.12	1189.40
862.30	1188.03
862.48	1188.99
862.66	1184.46
862.84	1188.03
863.02	1187.25
863.20	1185.79
863.37	1186.84
863.55	1195.07
863.73	1182.91
863.91	1185.51
864.09	1186.49
864.27	1186.65
864.45	1181.78
864.63	1191.26
864.80	1179.83
864.98	1192.72
865.16	1182.37
865.34	1191.32
865.52	1184.36
865.70	1189.69
865.88	1184.12
866.06	1189.11
866.23	1182.80
866.41	1187.33
866.59	1187.04
866.77	1193.45
866.95	1175.86
867.13	1194.93
867.31	1184.73
867.48	1192.37
867.66	1186.96
867.84	1192.31
868.02	1183.77
868.20	1187.41
868.38	1179.59
868.56	1195.48
868.73	1184.98
868.91	1180.12
869.09	1179.77
869.27	1191.22
869.45	1188.56
869.63	1192.86
869.80	1185.79
869.98	1190.87
870.16	1190.03
870.34	1192.25
870.52	1179.81
870.70	1188.58
870.87	1184.81
871.05	1185.94
871.23	1180.63
871.41	1197.82
871.59	1187.47
871.76	1192.61
871.94	1181.70
872.12	1187.41
872.30	1179.98
872.48	1187.29
872.65	1182.21
872.83	1194.78
873.01	1178.69
873.19	1196.77
873.37	1178.83
873.54	1193.23
873.72	1189.81
873.90	1191.75
874.08	1179.24
874.26	1189.58
874.43	1181.25
874.61	1192.51
874.79	1181.33
874.97	1193.92
875.15	1187.17
875.32	1190.32
875.50	1185.43
875.68	1188.05
875.86	1183.97
876.03	1191.16
876.21	1184.38
876.39	1193.86
876.57	1186.06
876.74	1192.86
876.92	1182.11
877.10	1185.61
877.28	1182.50
877.45	1191.75
877.63	1182.60
877.81	1198.04
877.99	1189.23
878.17	1189.89
878.34	1185.96
878.52	1193.29
878.70	1186.94
878.87	1194.15
879.05	1181.76
879.23	1191.77
879.41	1183.62
879.58	1187.72
879.76	1189.07
879.94	1182.74
880.12	1177.38
880.29	1195.85
880.47	1183.52
880.65	1192.00
880.83	1183.11
881.00	1195.15
881.18	1184.14
881.36	1192.90
881.53	1182.93
881.71	1198.04
881.89	1190.81
882.07	1193.84
882.24	1181.04
882.42	1187.58
882.60	1184.40
882.77	1190.38
882.95	1188.23
883.13	1187.33
883.30	1180.02
883.48	1189.62
883.66	1175.80
883.84	1188.29
884.01	1190.05
884.19	1185.18
884.37	1190.83
884.54	1187.08
884.72	1189.44
884.90	1188.70
885.07	1185.43
885.25	1187.80
885.43	1186.65
885.60	1198.80
885.78	1184.89
885.96	1194.05
886.13	1180.59
886.31	1189.26
886.49	1184.83
886.66	1195.79
886.84	1184.24
887.02	1189.64
887.19	1185.79
887.37	1192.14
887.55	1189.85
887.72	1191.65
887.90	1181.86
888.08	1192.84
888.25	1182.85
888.43	1191.53
888.61	1183.01
888.78	1187.97
888.96	1184.07
889.14	1196.94
889.31	1182.39
889.49	1189.64
889.67	1184.67
889.84	1189.83
890.02	1190.87
890.19	1183.60
890.37	1185.26
890.55	1199.21
890.72	1184.22
890.90	1188.78
891.08	1184.59
891.25	1184.20
891.43	1186.96
891.60	1188.01
891.78	1187.58
891.96	1191.77
892.13	1184.79
892.31	1194.13
892.48	1186.22
892.66	1198.37
892.84	1180.12
893.01	1199.88
893.19	1183.89
893.36	1188.93
893.54	1183.60
893.72	1188.66
893.89	1190.40
894.07	1187.08
894.24	1187.08
894.42	1203.61
894.60	1183.36
894.77	1187.97
894.95	1175.19
895.12	1189.48
895.30	1184.81
895.48	1189.42
895.65	1188.23
895.83	1191.73
896.00	1181.29
896.18	1188.52
896.35	1182.78
896.53	1197.92
896.71	1182.01
896.88	1188.60
897.06	1181.84
897.23	1191.47
897.41	1184.63
897.58	1186.00
897.76	1187.56
897.93	1189.99
898.11	1181.84
898.29	1191.26
898.46	1181.27
898.64	1193.11
898.81	1182.87
898.99	1189.73
899.16	1187.11
899.34	1187.92
899.51	1188.03
899.69	1187.25
899.86	1184.03
900.04	1186.22
900.21	1184.28
900.39	1187.51
900.57	1178.38
900.74	1188.01
900.92	1182.48
901.09	1194.17
901.27	1178.22
901.44	1192.45
901.62	1175.55
901.79	1185.81
901.97	1186.94
902.14	1191.67
902.32	1182.60
902.49	1189.75
902.67	1182.89
902.84	1195.03
903.02	1185.28
903.19	1192.59
903.37	1177.13
903.54	1183.11
903.72	1178.77
903.89	1192.82
904.07	1178.59
904.24	1188.01
904.42	1185.18
904.59	1191.65
904.77	1187.45
904.94	1191.43
905.12	1189.34
905.29	1190.24
905.47	1180.84
905.64	1187.84
905.82	1183.79
905.99	1191.28
906.16	1187.78
906.34	1193.31
906.51	1183.93
906.69	1190.30
906.86	1178.75
907.04	1189.85
907.21	1188.13
907.39	1184.36
907.56	1188.19
907.74	1192.94
907.91	1188.95
908.09	1186.57
908.26	1184.67
908.43	1189.87
908.61	1180.61
908.78	1186.78
908.96	1187.25
909.13	1187.23
909.31	1189.15
909.48	1194.93
909.65	1179.75
909.83	1187.92
910.00	1184.77
910.18	1194.33
910.35	1178.91
910.53	1186.92
910.70	1178.52
910.87	1187.33
911.05	1186.82
911.22	1187.66
911.40	1193.74
911.57	1188.13
911.75	1186.80
911.92	1191.49
912.09	1181.15
912.27	1189.85
912.44	1185.65
912.62	1196.24
912.79	1185.55
912.96	1191.57
913.14	1185.94
913.31	1192.33
913.49	1185.51
913.66	1191.96
913.83	1185.63
914.01	1194.62
914.18	1180.88
914.36	1190.16
914.53	1183.99
914.70	1192.86
914.88	1183.58
915.05	1188.95
915.22	1179.88
915.40	1185.57
915.57	1183.21
915.75	1191.24
915.92	1184.30
916.09	1186.18
916.27	1186.47
916.44	1193.21
916.61	1188.40
916.79	1182.42
916.96	1185.22
917.13	1183.13
917.31	1183.13
917.48	1191.65
917.66	1184.79
917.83	1188.89
918.00	1180.18
918.18	1183.66
918.35	1182.52
918.52	1194.27
918.70	1184.16
918.87	1191.51
919.04	1178.73
919.22	1194.19
919.39	1172.99
919.56	1193.74
919.74	1180.76
919.91	1189.60
920.08	1182.25
920.26	1188.83
920.43	1184.26
920.60	1188.46
920.78	1189.21
920.95	1191.82
921.12	1184.65
921.29	1189.71
921.47	1192.06
921.64	1189.11
921.81	1185.51
921.99	1191.79
922.16	1183.09
922.33	1192.90
922.51	1187.02
922.68	1192.51
922.85	1185.77
923.03	1190.24
923.20	1188.91
923.37	1191.28
923.54	1184.30
923.72	1192.16
923.89	1180.14
924.06	1188.44
924.24	1184.91
924.41	1185.84
924.58	1184.85
924.75	1197.65
924.93	1189.67
925.10	1186.70
925.27	1182.66
925.44	1193.47
925.62	1187.21
925.79	1191.08
925.96	1182.13
926.14	1195.60
926.31	1196.40
926.48	1192.00
926.65	1187.11
926.83	1189.71
927.00	1183.79
927.17	1187.99
927.34	1179.57
927.52	1190.71
927.69	1186.55
927.86	1192.43
928.03	1177.99
928.21	1188.58
928.38	1181.06
928.55	1181.68
928.72	1177.83
928.89	1189.21
929.07	1179.38
929.24	1186.63
929.41	1183.77
929.58	1187.66
929.76	1189.07
929.93	1191.43
930.10	1183.52
930.27	1197.41
930.44	1181.86
930.62	1192.27
930.79	1181.37
930.96	1188.33
931.13	1183.36
931.31	1195.01
931.48	1182.35
931.65	1191.55
931.82	1181.99
931.99	1191.02
932.17	1183.64
932.34	1195.89
932.51	1178.71
932.68	1190.32
932.85	1183.68
933.03	1190.83
933.20	1187.35
933.37	1196.59
933.54	1182.13
933.71	1197.69
933.88	1186.70
934.06	1191.43
934.23	1189.32
934.40	1194.48
934.57	1181.56
934.74	1189.44
934.91	1179.86
935.09	1194.27
935.26	1181.51
935.43	1198.41
935.60	1182.35
935.77	1191.94
935.94	1184.38
936.12	1190.01
936.29	1177.66
936.46	1191.77
936.63	1183.54
936.80	1188.50
936.97	1187.08
937.14	1187.72
937.32	1186.68
937.49	1197.47
937.66	1188.13
937.83	1187.90
938.00	1184.05
938.17	1188.66
938.34	1177.07
938.52	1193.23
938.69	1175.35
938.86	1192.18
939.03	1180.49
939.20	1186.96
939.37	1183.28
939.54	1200.19
939.71	1189.05
939.89	1194.99
940.06	1184.69
940.23	1188.66
940.40	1179.32
940.57	1188.27
940.74	1181.68
940.91	1189.67
941.08	1185.96
941.25	1184.67
941.43	1182.33
941.60	1182.70
941.77	1185.77
941.94	1193.60
942.11	1186.76
942.28	1194.50
942.45	1178.11
942.62	1186.61
942.79	1179.67
942.96	1189.21
943.13	1179.08
943.30	1191.47
943.48	1183.62
943.65	1187.08
943.82	1182.54
943.99	1190.65
944.16	1184.22
944.33	1184.24
944.50	1182.87
944.67	1185.30
944.84	1185.34
945.01	1188.15
945.18	1188.64
945.35	1195.01
945.52	1182.48
945.69	1186.74
945.86	1190.03
946.03	1196.57
946.21	1186.18
946.38	1190.40
946.55	1182.44
946.72	1192.37
946.89	1186.35
947.06	1189.95
947.23	1182.91
947.40	1187.58
947.57	1183.38
947.74	1191.57
947.91	1183.64
948.08	1194.19
948.25	1184.71
948.42	1188.89
948.59	1186.43
948.76	1184.52
948.93	1183.03
949.10	1188.87
949.27	1186.88
949.44	1193.13
949.61	1188.66
949.78	1194.91
949.95	1188.83
950.12	1194.68
950.29	1173.69
950.46	1196.32
950.63	1179.53
950.80	1191.57
950.97	1180.33
951.14	1189.07
951.31	1185.18
951.48	1192.90
951.65	1185.20
951.82	1183.36
951.99	1180.94
952.16	1180.84
952.33	1178.71
952.50	1189.52
952.67	1186.82
952.84	1189.23
953.01	1184.24
953.18	1186.86
953.35	1188.52
953.52	1189.71
953.69	1183.79
953.86	1195.40
954.03	1184.48
954.20	1185.96
954.37	1187.78
954.54	1190.61
954.70	1189.21
954.87	1189.50
955.04	1184.36
955.21	1191.02
955.38	1184.32
955.55	1189.34
955.72	1186.24
955.89	1194.44
956.06	1186.59
956.23	1191.61
956.40	1185.14
956.57	1191.73
956.74	1174.84
956.91	1185.00
957.08	1177.27
957.25	1192.53
957.41	1179.83
957.58	1189.28
957.75	1191.18
957.92	1187.33
958.09	1181.23
958.26	1183.21
958.43	1184.65
958.60	1198.74
958.77	1178.42
958.94	1187.00
959.11	1176.54
959.27	1190.16
959.44	1183.54
959.61	1187.86
959.78	1180.72
959.95	1192.68
960.12	1180.96
960.29	1194.19
960.46	1185.20
960.63	1193.95
960.80	1186.16
960.96	1193.58
961.13	1184.91
961.30	1192.53
961.47	1189.03
961.64	1189.93
961.81	1184.63
961.98	1183.23
962.15	1187.58
962.31	1191.82
962.48	1184.98
962.65	1192.55
962.82	1184.36
962.99	1189.03
963.16	1189.34
963.33	1196.38
963.49	1180.33
963.66	1189.09
963.83	1186.68
964.00	1191.14
964.17	1179.67
964.34	1192.06
964.51	1184.89
964.67	1194.56
964.84	1186.45
965.01	1202.81
965.18	1187.41
965.35	1194.48
965.52	1188.60
965.68	1196.30
965.85	1181.88
966.02	1192.37
966.19	1194.23
966.36	1192.06
966.52	1182.70
966.69	1186.20
966.86	1185.73
967.03	1188.11
967.20	1179.94
967.37	1192.08
967.53	1186.29
967.70	1189.56
967.87	1171.95
968.04	1193.43
968.21	1187.33
968.37	1189.69
968.54	1176.66
968.71	1185.65
968.88	1182.52
969.05	1189.13
969.21	1177.95
969.38	1186.24
969.55	1188.40
969.72	1199.39
969.89	1187.27
970.05	1190.79
970.22	1187.70
970.39	1185.96
970.56	1188.48
970.72	1193.31
970.89	1184.75
971.06	1191.04
971.23	1183.25
971.39	1189.28
971.56	1189.97
971.73	1194.01
971.90	1180.78
972.07	1190.20
972.23	1189.23
972.40	1185.77
972.57	1185.30
972.74	1192.84
972.90	1180.49
973.07	1191.32
973.24	1180.78
973.40	1186.86
973.57	1189.13
973.74	1190.61
973.91	1182.95
974.07	1197.39
974.24	1182.13
974.41	1192.31
974.58	1185.63
974.74	1195.95
974.91	1185.61
975.08	1193.47
975.25	1178.63
975.41	1187.08
975.58	1185.16
975.75	1184.30
975.91	1180.67
976.08	1191.73
976.25	1184.50
976.42	1188.89
976.58	1180.80
976.75	1191.65
976.92	1177.30
977.08	1190.75
977.25	1179.94
977.42	1183.89
977.58	1183.13
977.75	1186.98
977.92	1185.71
978.08	1187.88
978.25	1184.83
978.42	1186.92
978.59	1183.58
978.75	1185.14
978.92	1187.68
979.09	1191.32
979.25	1178.63
979.42	1190.61
979.59	1188.03
979.75	1189.99
979.92	1185.16
980.09	1186.90
980.25	1181.88
980.42	1192.18
980.59	1183.87
980.75	1194.91
980.92	1186.88
981.09	1192.41
981.25	1184.50
981.42	1183.60
981.59	1182.64
981.75	1190.14
981.92	1181.27
982.08	1183.17
982.25	1183.40
982.42	1195.71
982.58	1183.05
982.75	1196.34
982.92	1185.30
983.08	1186.74
983.25	1185.16
983.42	1183.44
983.58	1183.60
983.75	1192.23
983.91	1190.05
984.08	1187.82
984.25	1183.87
984.41	1195.52
984.58	1178.65
984.74	1191.92
984.91	1179.45
985.08	1196.03
985.24	1181.94
985.41	1192.76
985.57	1190.07
985.74	1192.18
985.91	1186.16
986.07	1197.94
986.24	1174.74
986.40	1188.15
986.57	1185.04
986.74	1189.01
986.90	1181.45
987.07	1190.18
987.23	1185.59
987.40	1192.51
987.57	1188.76
987.73	1194.25
987.90	1184.42
988.06	1191.84
988.23	1179.16
988.39	1192.88
988.56	1183.64
988.73	1188.03
988.89	1185.14
989.06	1189.26
989.22	1184.69
989.39	1182.58
989.55	1181.15
989.72	1186.86
989.88	1184.98
990.05	1193.54
990.22	1179.73
990.38	1194.09
990.55	1184.22
990.71	1189.11
990.88	1178.69
991.04	1193.37
991.21	1182.13
991.37	1190.22
991.54	1182.99
991.70	1189.30
991.87	1187.90
992.03	1188.97
992.20	1182.09
992.36	1187.80
992.53	1181.62
992.69	1185.96
992.86	1182.54
993.03	1191.04
993.19	1181.19
993.36	1198.55
993.52	1183.58
993.69	1192.39
993.85	1185.79
994.02	1195.54
994.18	1181.90
994.35	1186.43
994.51	1191.75
994.68	1188.78
994.84	1185.08
995.01	1187.60
995.17	1189.91
995.34	1188.74
995.50	1184.67
995.66	1188.89
995.83	1178.26
995.99	1191.04
996.16	1187.02
996.32	1196.08
996.49	1187.04
996.65	1189.69
996.82	1185.63
996.98	1192.49
997.15	1176.13
997.31	1193.90
997.48	1183.81
997.64	1187.97
997.81	1186.84
997.97	1187.62
998.13	1184.93
998.30	1194.76
998.46	1186.74
998.63	1193.76
998.79	1183.03
998.96	1192.96
999.12	1179.61
999.29	1198.02
999.45	1182.56
999.61	1186.41
999.78	1192.16
999.94	1190.57
1000.11	1183.40
1000.27	1192.18
1000.44	1190.50
1000.60	1190.50
1000.76	1184.57
1000.93	1193.97
1001.09	1190.93
1001.26	1188.50
1001.42	1180.24
1001.59	1191.49
1001.75	1181.13
1001.91	1188.05
1002.08	1184.89
1002.24	1192.96
1002.41	1187.97
1002.57	1193.13
1002.73	1177.68
1002.90	1197.51
1003.06	1187.72
1003.23	1194.68
1003.39	1186.74
1003.55	1187.92
1003.72	1190.81
1003.88	1189.81
1004.04	1185.32
1004.21	1190.69
1004.37	1181.21
1004.54	1193.00
1004.70	1187.54
1004.86	1188.19
1005.03	1188.01
1005.19	1192.10
1005.35	1189.28
1005.52	1186.35
1005.68	1175.80
1005.85	1190.63
1006.01	1179.38
1006.17	1183.13
1006.34	1188.68
1006.50	1190.75
1006.66	1181.74
1006.83	1185.90
1006.99	1183.32
1007.15	1192.10
1007.32	1189.93
1007.48	1186.00
1007.64	1184.12
1007.81	1190.32
1007.97	1193.13
1008.13	1190.71
1008.30	1177.09
1008.46	1190.01
1008.62	1189.15
1008.79	1192.49
1008.95	1184.87
1009.11	1184.98
1009.28	1178.22
1009.44	1185.06
1009.60	1182.39
1009.77	1186.00
1009.93	1180.67
1010.09	1191.82
1010.25	1188.03
1010.42	1189.52
1010.58	1179.38
1010.74	1191.67
1010.91	1184.34
1011.07	1194.95
1011.23	1182.09
1011.40	1187.25
1011.56	1182.58
1011.72	1188.40
1011.88	1182.09
1012.05	1187.64
1012.21	1181.62
1012.37	1190.22
1012.54	1188.46
1012.70	1195.09
1012.86	1179.55
1013.02	1185.16
1013.19	1186.76
1013.35	1187.82
1013.51	1182.89
1013.67	1195.03
1013.84	1184.91
1014.00	1188.13
1014.16	1186.39
1014.33	1186.94
1014.49	1177.52
1014.65	1192.70
1014.81	1180.98
1014.98	1195.13
1015.14	1181.45
1015.30	1191.28
1015.46	1184.93
1015.62	1194.83
1015.79	1189.11
1015.95	1194.66
1016.11	1186.29
1016.27	1189.01
1016.44	1182.99
1016.60	1198.08
1016.76	1185.88
1016.92	1194.35
1017.09	1189.93
1017.25	1191.77
1017.41	1180.51
1017.57	1188.91
1017.73	1183.01
1017.90	1193.72
1018.06	1186.63
1018.22	1196.40
1018.38	1182.78
1018.54	1188.13
1018.71	1185.28
1018.87	1194.68
1019.03	1185.20
1019.19	1184.61
1019.35	1190.14
1019.52	1197.61
1019.68	1179.88
1019.84	1196.10
1020.00	1190.53
1020.16	1196.03
1020.33	1182.62
1020.49	1182.19
1020.65	1180.65
1020.81	1188.19
1020.97	1184.81
1021.13	1191.24
1021.30	1184.52
1021.46	1189.30
1021.62	1183.77
1021.78	1195.69
1021.94	1179.10
1022.10	1197.18
1022.27	1191.96
1022.43	1191.65
1022.59	1184.22
1022.75	1186.49
1022.91	1179.88
1023.07	1192.72
1023.24	1186.90
1023.40	1186.41
1023.56	1185.69
1023.72	1193.60
1023.88	1188.07
1024.04	1187.74
1024.20	1183.97
1024.36	1192.98
1024.53	1181.62
1024.69	1182.31
1024.85	1183.25
1025.01	1190.40
1025.17	1187.80
1025.33	1194.97
1025.49	1189.17
1025.65	1186.55
1025.82	1184.34
1025.98	1190.59
1026.14	1182.62
1026.30	1189.17
1026.46	1188.58
1026.62	1191.41
1026.78	1182.46
1026.94	1192.84
1027.10	1183.60
1027.26	1192.63
1027.43	1184.28
1027.59	1194.48
1027.75	1186.59
1027.91	1190.93
1028.07	1186.68
1028.23	1192.31
1028.39	1180.45
1028.55	1196.91
1028.71	1183.07
1028.87	1185.36
1029.03	1176.62
1029.19	1186.55
1029.36	1186.02
1029.52	1183.75
1029.68	1178.20
1029.84	1192.08
1030.00	1187.49
1030.16	1192.39
1030.32	1193.11
1030.48	1189.32
1030.64	1185.75
1030.80	1193.41
1030.96	1186.14
1031.12	1190.26
1031.28	1184.38
1031.44	1190.53
1031.60	1183.30
1031.76	1186.39
1031.92	1188.05
1032.08	1199.88
1032.24	1189.48
1032.40	1189.95
1032.56	1178.11
1032.73	1195.67
1032.89	1182.82
1033.05	1185.38
1033.21	1183.38
1033.37	1190.67
1033.53	1181.84
1033.69	1191.39
1033.85	1174.51
1034.01	1188.25
1034.17	1187.08
1034.33	1191.45
1034.49	1193.37
1034.65	1181.53
1034.81	1192.00
1034.97	1190.87
1035.13	1185.55
1035.29	1188.29
1035.45	1180.29
1035.61	1186.96
1035.77	1188.58
1035.93	1188.93
1036.09	1182.64
1036.25	1186.51
1036.41	1181.02
1036.57	1194.21
1036.73	1187.37
1036.88	1187.70
1037.04	1196.10
