345.52	1180.24
345.73	1180.24
345.94	1180.24
346.16	1176.03
346.37	1184.36
346.58	1192.10
346.79	1191.22
347.00	1185.53
347.22	1197.49
347.43	1178.44
347.64	1193.35
347.85	1183.56
348.06	1192.57
348.28	1185.61
348.49	1199.62
348.70	1184.52
348.91	1197.45
349.12	1177.70
349.34	1194.01
349.55	1185.88
349.76	1188.62
349.97	1187.02
350.18	1186.12
350.40	1186.37
350.61	1190.10
350.82	1188.56
351.03	1191.79
351.24	1188.89
351.46	1192.39
351.67	1191.86
351.88	1195.97
352.09	1191.73
352.30	1188.54
352.51	1194.01
352.73	1197.18
352.94	1187.43
353.15	1190.07
353.36	1192.25
353.57	1190.10
353.79	1190.24
354.00	1194.48
354.21	1192.92
354.42	1192.80
354.63	1182.97
354.84	1197.04
355.06	1191.90
355.27	1193.02
355.48	1190.44
355.69	1192.41
355.90	1184.73
356.11	1192.47
356.33	1186.90
356.54	1198.72
356.75	1189.83
356.96	1190.22
357.17	1192.02
357.38	1196.03
357.60	1187.80
357.81	1198.18
358.02	1190.46
358.23	1196.26
358.44	1198.14
358.65	1191.06
358.87	1191.12
359.08	1197.69
359.29	1188.78
359.50	1191.67
359.71	1189.11
359.92	1196.89
360.13	1186.53
360.35	1199.00
360.56	1186.24
360.77	1194.40
360.98	1183.19
361.19	1196.46
361.40	1190.73
361.62	1199.88
361.83	1199.82
362.04	1191.14
362.25	1189.83
362.46	1194.89
362.67	1186.27
362.88	1200.09
363.10	1190.30
363.31	1196.05
363.52	1188.76
363.73	1200.54
363.94	1187.99
364.15	1191.67
364.36	1195.44
364.57	1194.54
364.79	1193.25
365.00	1183.77
365.21	1194.23
365.42	1195.11
365.63	1193.25
365.84	1193.37
366.05	1194.74
366.27	1193.99
366.48	1193.33
366.69	1201.44
366.90	1190.28
367.11	1194.62
367.32	1192.08
367.53	1194.89
367.74	1196.59
367.95	1199.58
368.17	1190.83
368.38	1194.29
368.59	1199.33
368.80	1196.34
369.01	1196.98
369.22	1192.29
369.43	1184.26
369.64	1192.70
369.86	1190.30
370.07	1197.94
370.28	1183.89
370.49	1201.95
370.70	1194.38
370.91	1194.01
371.12	1189.36
371.33	1194.83
371.54	1179.83
371.76	1189.03
371.97	1183.99
372.18	1191.06
372.39	1190.48
372.60	1199.15
372.81	1186.12
373.02	1199.54
373.23	1187.39
373.44	1198.29
373.65	1190.63
373.87	1199.41
374.08	1191.53
374.29	1189.67
374.50	1194.05
374.71	1196.44
374.92	1200.50
375.13	1198.74
375.34	1191.02
375.55	1198.12
375.76	1191.08
375.97	1194.56
376.19	1195.50
376.40	1190.65
376.61	1193.49
376.82	1197.59
377.03	1187.86
377.24	1199.39
377.45	1200.23
377.66	1202.34
377.87	1192.14
378.08	1198.92
378.29	1191.59
378.50	1199.95
378.71	1197.10
378.93	1196.53
379.14	1186.04
379.35	1199.17
379.56	1186.78
379.77	1197.49
379.98	1194.70
380.19	1196.48
380.40	1186.59
380.61	1195.58
380.82	1194.70
381.03	1197.34
381.24	1193.41
381.45	1192.72
381.66	1189.13
381.88	1200.46
382.09	1190.48
382.30	1199.90
382.51	1199.17
382.72	1196.57
382.93	1194.05
383.14	1195.81
383.35	1196.44
383.56	1193.90
383.77	1188.64
383.98	1198.84
384.19	1194.99
384.40	1201.83
384.61	1183.71
384.82	1196.63
385.03	1191.96
385.24	1203.78
385.45	1191.71
385.67	1196.53
385.88	1194.40
386.09	1198.74
386.30	1187.62
386.51	1190.01
386.72	1191.77
386.93	1201.15
387.14	1193.74
387.35	1186.16
387.56	1188.87
387.77	1191.84
387.98	1191.67
388.19	1208.28
388.40	1194.31
388.61	1197.82
388.82	1191.12
389.03	1194.23
389.24	1190.34
389.45	1195.95
389.66	1189.75
389.87	1194.76
390.08	1195.87
390.29	1192.63
390.50	1191.43
390.71	1187.82
390.92	1192.82
391.13	1196.67
391.34	1192.12
391.55	1202.16
391.76	1190.12
391.98	1200.03
392.19	1186.16
392.40	1201.75
392.61	1195.97
392.82	1207.48
393.03	1190.83
393.24	1201.83
393.45	1192.80
393.66	1198.70
393.87	1188.68
394.08	1202.69
394.29	1191.34
394.50	1190.03
394.71	1184.42
394.92	1203.16
395.13	1193.99
395.34	1195.40
395.55	1192.08
395.76	1201.01
395.97	1189.97
396.18	1199.90
396.39	1188.17
396.60	1200.56
396.81	1192.74
397.02	1196.98
397.23	1194.74
397.44	1198.59
397.65	1190.65
397.86	1197.51
398.07	1189.44
398.28	1197.04
398.49	1191.84
398.70	1191.14
398.91	1185.63
399.12	1205.21
399.33	1193.64
399.54	1205.31
399.75	1184.85
399.96	1200.66
400.17	1196.81
400.38	1192.76
400.59	1193.19
400.80	1206.52
401.01	1193.49
401.22	1201.05
401.42	1189.46
401.63	1202.18
401.84	1190.12
402.05	1194.66
402.26	1186.76
402.47	1193.99
402.68	1187.68
402.89	1195.28
403.10	1194.42
403.31	1199.13
403.52	1194.17
403.73	1197.39
403.94	1186.08
404.15	1200.56
404.36	1198.72
404.57	1206.87
404.78	1192.68
404.99	1200.68
405.20	1201.89
405.41	1199.33
405.62	1190.07
405.83	1201.54
406.04	1192.63
406.25	1196.81
406.46	1192.68
406.67	1197.26
406.88	1191.02
407.09	1194.83
407.30	1190.89
407.50	1202.12
407.71	1191.39
407.92	1204.49
408.13	1194.66
408.34	1199.09
408.55	1201.85
408.76	1196.75
408.97	1191.69
409.18	1198.18
409.39	1190.67
409.60	1193.39
409.81	1194.01
410.02	1199.09
410.23	1194.01
410.44	1198.00
410.65	1187.35
410.86	1191.84
411.07	1193.76
411.27	1201.71
411.48	1190.28
411.69	1200.38
411.90	1194.95
412.11	1199.84
412.32	1187.99
412.53	1201.26
412.74	1195.30
412.95	1202.10
413.16	1190.89
413.37	1194.46
413.58	1192.66
413.79	1202.67
414.00	1195.67
414.20	1196.79
414.41	1188.37
414.62	1191.30
414.83	1197.34
415.04	1198.76
415.25	1195.32
415.46	1192.90
415.67	1195.11
415.88	1196.83
416.09	1192.74
416.30	1198.10
416.51	1193.02
416.71	1205.39
416.92	1188.15
417.13	1192.86
417.34	1194.23
417.55	1196.87
417.76	1192.08
417.97	1199.27
418.18	1193.52
418.39	1203.47
418.60	1188.80
418.81	1202.08
419.01	1193.49
419.22	1203.08
419.43	1191.65
419.64	1197.59
419.85	1194.01
420.06	1192.82
420.27	1196.42
420.48	1197.02
420.69	1188.68
420.90	1197.12
421.10	1198.02
421.31	1203.86
421.52	1191.82
421.73	1197.98
421.94	1194.05
422.15	1192.04
422.36	1189.95
422.57	1194.93
422.78	1197.61
422.98	1195.89
423.19	1190.05
423.40	1200.07
423.61	1201.83
423.82	1200.05
424.03	1186.63
424.24	1194.95
424.45	1189.50
424.65	1201.03
424.86	1184.87
425.07	1193.54
425.28	1195.13
425.49	1198.21
425.70	1196.22
425.91	1202.57
426.12	1186.04
426.32	1198.16
426.53	1194.93
426.74	1197.61
426.95	1191.86
427.16	1207.54
427.37	1189.81
427.58	1200.17
427.78	1194.91
427.99	1195.48
428.20	1186.04
428.41	1197.39
428.62	1191.86
428.83	1201.83
429.04	1185.67
429.24	1202.14
429.45	1198.70
429.66	1201.44
429.87	1192.23
430.08	1197.20
430.29	1193.56
430.50	1188.83
430.70	1189.23
430.91	1198.80
431.12	1192.92
431.33	1196.55
431.54	1192.92
431.75	1198.53
431.96	1191.86
432.16	1198.55
432.37	1190.71
432.58	1193.31
432.79	1193.37
433.00	1197.06
433.21	1188.87
433.41	1197.02
433.62	1194.70
433.83	1194.83
434.04	1193.80
434.25	1198.41
434.46	1191.51
434.66	1201.79
434.87	1190.81
435.08	1197.82
435.29	1198.92
435.50	1202.30
435.71	1198.37
435.91	1199.60
436.12	1192.35
436.33	1202.92
436.54	1192.84
436.75	1206.89
436.95	1191.57
437.16	1200.27
437.37	1197.53
437.58	1194.56
437.79	1193.84
438.00	1193.84
438.20	1188.50
438.41	1202.42
438.62	1190.12
438.83	1200.11
439.04	1191.53
439.24	1193.29
439.45	1192.70
439.66	1194.33
439.87	1192.74
440.08	1198.53
440.28	1187.33
440.49	1198.47
440.70	1193.95
440.91	1196.08
441.12	1198.47
441.32	1193.97
441.53	1198.37
441.74	1197.90
441.95	1197.30
442.16	1200.64
442.36	1190.55
442.57	1197.32
442.78	1196.85
442.99	1201.24
443.20	1194.01
443.40	1197.67
443.61	1196.85
443.82	1197.84
444.03	1191.57
444.24	1197.37
444.44	1192.29
444.65	1200.11
444.86	1199.27
445.07	1197.92
445.27	1201.75
445.48	1201.46
445.69	1194.21
445.90	1199.80
446.11	1189.28
446.31	1205.45
446.52	1187.82
446.73	1202.73
446.94	1197.14
447.14	1200.62
447.35	1196.30
447.56	1201.97
447.77	1194.52
447.97	1194.29
448.18	1203.73
448.39	1199.21
448.60	1191.71
448.81	1201.17
449.01	1196.63
449.22	1200.79
449.43	1192.55
449.64	1203.16
449.84	1194.11
450.05	1196.51
450.26	1194.83
450.47	1203.78
450.67	1202.53
450.88	1203.22
451.09	1195.17
451.30	1201.40
451.50	1195.19
451.71	1201.46
451.92	1194.66
452.13	1206.25
452.33	1194.29
452.54	1201.32
452.75	1200.46
452.96	1209.78
453.16	1197.06
453.37	1202.75
453.58	1200.23
453.79	1201.73
453.99	1207.87
454.20	1201.30
454.41	1195.46
454.61	1203.65
454.82	1204.80
455.03	1206.23
455.24	1203.47
455.44	1204.68
455.65	1200.23
455.86	1210.19
456.07	1198.64
456.27	1215.12
456.48	1203.69
456.69	1208.77
456.90	1202.46
457.10	1214.90
457.31	1198.23
457.52	1209.57
457.72	1203.51
457.93	1216.12
458.14	1203.12
458.35	1204.96
458.55	1201.32
458.76	1209.67
458.97	1205.35
459.17	1200.83
459.38	1194.25
459.59	1212.50
459.80	1209.65
460.00	1211.93
460.21	1203.63
460.42	1208.18
460.62	1207.32
460.83	1210.98
461.04	1206.38
461.25	1210.14
461.45	1200.66
461.66	1207.09
461.87	1199.56
462.07	1208.24
462.28	1202.08
462.49	1203.45
462.69	1206.21
462.90	1208.28
463.11	1202.01
463.31	1209.86
463.52	1202.22
463.73	1210.35
463.94	1196.01
464.14	1215.29
464.35	1206.83
464.56	1211.58
464.76	1209.41
464.97	1210.76
465.18	1209.78
465.38	1208.06
465.59	1202.61
465.80	1207.15
466.00	1200.83
466.21	1210.14
466.42	1205.05
466.62	1209.06
466.83	1205.80
467.04	1210.64
467.24	1205.27
467.45	1207.73
467.66	1201.01
467.86	1208.18
468.07	1208.38
468.28	1206.01
468.48	1204.04
468.69	1204.92
468.90	1205.11
469.10	1211.07
469.31	1212.79
469.52	1213.99
469.72	1201.89
469.93	1215.35
470.14	1213.54
470.34	1211.66
470.55	1210.98
470.76	1220.67
470.96	1206.42
471.17	1218.09
471.38	1210.82
471.58	1218.46
471.79	1216.80
472.00	1215.88
472.20	1215.96
472.41	1219.91
472.62	1223.05
472.82	1227.98
473.03	1224.05
473.24	1245.25
473.44	1237.61
473.65	1259.19
473.85	1250.20
474.06	1269.27
474.27	1273.71
474.47	1292.43
474.68	1297.45
474.89	1312.56
475.09	1321.23
475.30	1346.27
475.51	1344.98
475.71	1368.39
475.92	1382.73
476.12	1399.91
476.33	1414.14
476.54	1457.81
476.74	1483.67
476.95	1564.22
477.16	1634.44
477.36	1721.28
477.57	1816.59
477.77	1919.58
477.98	2028.68
478.19	2128.66
478.39	2190.59
478.60	2282.50
478.81	2312.53
479.01	2362.88
479.22	2406.51
479.42	2436.47
479.63	2463.15
479.84	2482.08
480.04	2480.13
480.25	2518.53
480.45	2539.62
480.66	2571.20
480.87	2572.47
481.07	2572.51
481.28	2603.60
481.48	2638.34
481.69	2624.41
481.90	2646.55
482.10	2670.53
482.31	2646.61
482.51	2657.06
482.72	2618.29
482.93	2557.09
483.13	2504.81
483.34	2426.19
483.54	2354.59
483.75	2261.20
483.96	2191.16
484.16	2117.70
484.37	2037.46
484.57	1981.02
484.78	1938.77
484.99	1889.62
485.19	1864.33
485.40	1831.25
485.60	1809.05
485.81	1777.04
486.01	1763.24
486.22	1749.13
486.43	1731.25
486.63	1697.58
486.84	1688.86
487.04	1661.11
487.25	1659.24
487.46	1636.57
487.66	1621.46
487.87	1615.38
488.07	1591.99
488.28	1577.39
488.48	1574.15
488.69	1569.81
488.89	1555.13
489.10	1532.86
489.31	1533.42
489.51	1514.60
489.72	1511.28
489.92	1503.86
490.13	1495.14
490.33	1474.48
490.54	1479.86
490.75	1467.47
490.95	1469.09
491.16	1444.96
491.36	1455.86
491.57	1438.06
491.77	1437.74
491.98	1436.04
492.18	1436.22
492.39	1423.05
492.59	1425.86
492.80	1417.75
493.01	1429.87
493.21	1419.41
493.42	1423.32
493.62	1414.55
493.83	1423.58
494.03	1438.82
494.24	1446.79
494.44	1454.08
494.65	1492.66
494.85	1534.52
495.06	1591.03
495.26	1657.79
495.47	1731.07
495.68	1789.11
495.88	1861.30
496.09	1899.92
496.29	1945.24
496.50	1947.64
496.70	1970.66
496.91	1960.11
497.11	1956.22
497.32	1937.42
497.52	1933.98
497.73	1878.36
497.93	1855.58
498.14	1808.99
498.34	1765.08
498.55	1715.28
498.75	1661.50
498.96	1607.74
499.16	1561.74
499.37	1509.93
499.57	1482.87
499.78	1433.95
499.98	1419.02
500.19	1384.75
500.39	1385.08
500.60	1358.27
500.80	1360.49
501.01	1346.25
501.21	1351.58
501.42	1344.08
501.62	1345.11
501.83	1337.32
502.03	1349.12
502.24	1335.09
502.44	1328.50
502.65	1312.67
502.85	1301.67
503.06	1289.26
503.26	1271.89
503.47	1247.07
503.67	1247.91
503.88	1232.12
504.08	1230.21
504.29	1218.97
504.49	1228.29
504.70	1223.54
504.90	1225.42
505.11	1221.27
505.31	1220.06
505.52	1215.88
505.72	1214.30
505.93	1213.91
506.13	1222.49
506.34	1213.65
506.54	1224.46
506.75	1214.22
506.95	1223.31
507.16	1217.48
507.36	1218.68
507.56	1206.29
507.77	1215.16
507.97	1207.13
508.18	1211.70
508.38	1211.64
508.59	1212.03
508.79	1215.92
509.00	1218.60
509.20	1208.90
509.41	1211.66
509.61	1206.58
509.82	1223.33
510.02	1203.49
510.22	1210.64
510.43	1216.04
510.63	1207.34
510.84	1203.55
511.04	1207.11
511.25	1204.45
511.45	1211.62
511.66	1207.38
511.86	1213.07
512.06	1202.32
512.27	1201.97
512.47	1195.40
512.68	1207.44
512.88	1204.94
513.09	1205.66
513.29	1207.20
513.50	1206.36
513.70	1203.41
513.90	1195.48
514.11	1201.09
514.31	1207.34
514.52	1204.84
514.72	1200.01
514.93	1197.06
515.13	1207.28
515.33	1196.79
515.54	1199.29
515.74	1195.69
515.95	1208.36
516.15	1192.68
516.36	1207.56
516.56	1196.03
516.76	1203.20
516.97	1198.66
517.17	1200.11
517.38	1199.00
517.58	1199.88
517.78	1194.35
517.99	1196.14
518.19	1194.09
518.40	1202.75
518.60	1195.91
518.81	1204.90
519.01	1194.89
519.21	1207.56
519.42	1196.85
519.62	1204.78
519.83	1192.06
520.03	1207.83
520.23	1197.59
520.44	1207.32
520.64	1206.89
520.85	1197.02
521.05	1196.14
521.25	1207.26
521.46	1198.25
521.66	1201.20
521.86	1196.59
522.07	1204.47
522.27	1192.27
522.48	1199.04
522.68	1199.17
522.88	1205.15
523.09	1197.02
523.29	1206.93
523.50	1199.58
523.70	1198.74
523.90	1196.24
524.11	1206.07
524.31	1189.97
524.51	1207.11
524.72	1203.04
524.92	1201.97
525.13	1206.44
525.33	1206.68
525.53	1200.42
525.74	1200.52
525.94	1197.55
526.14	1203.82
526.35	1202.94
526.55	1203.28
526.76	1202.38
526.96	1206.60
527.16	1193.25
527.37	1203.02
527.57	1201.13
527.77	1197.57
527.98	1203.88
528.18	1203.67
528.38	1203.04
528.59	1201.52
528.79	1197.88
528.99	1199.60
529.20	1198.29
529.40	1202.79
529.61	1193.74
529.81	1205.17
530.01	1190.30
530.22	1202.73
530.42	1187.78
530.62	1196.12
530.83	1188.83
531.03	1194.87
531.23	1188.70
531.44	1199.39
531.64	1195.09
531.84	1200.95
532.05	1195.15
532.25	1199.29
532.45	1192.66
532.66	1195.34
532.86	1191.04
533.06	1192.80
533.27	1195.75
533.47	1201.83
533.67	1190.12
533.88	1199.93
534.08	1194.19
534.28	1201.97
534.49	1183.32
534.69	1195.01
534.89	1187.62
535.09	1199.52
535.30	1194.44
535.50	1195.65
535.70	1194.19
535.91	1200.19
536.11	1194.17
536.31	1203.65
536.52	1194.46
536.72	1201.63
536.92	1183.01
537.13	1203.26
537.33	1189.36
537.53	1197.20
537.74	1193.25
537.94	1191.90
538.14	1194.64
538.34	1198.37
538.55	1196.22
538.75	1209.67
538.95	1192.86
539.16	1198.68
539.36	1195.11
539.56	1195.75
539.77	1194.60
539.97	1201.36
540.17	1190.79
540.37	1202.03
540.58	1194.97
540.78	1196.20
540.98	1194.40
541.19	1193.49
541.39	1198.55
541.59	1195.56
541.79	1191.90
542.00	1206.23
542.20	1188.13
542.40	1192.27
542.60	1190.30
542.81	1190.71
543.01	1198.90
543.21	1194.42
543.42	1196.91
543.62	1195.24
543.82	1189.13
544.02	1201.54
544.23	1191.00
544.43	1197.00
544.63	1187.99
544.83	1198.90
545.04	1195.65
545.24	1191.71
545.44	1190.75
545.64	1191.51
545.85	1192.61
546.05	1198.06
546.25	1200.29
546.45	1195.58
546.66	1193.49
546.86	1190.87
547.06	1191.51
547.27	1198.25
547.47	1188.58
547.67	1200.27
547.87	1189.89
548.07	1196.63
548.28	1188.07
548.48	1198.78
548.68	1194.68
548.88	1203.08
549.09	1183.71
549.29	1194.83
549.49	1192.82
549.69	1199.17
549.90	1191.18
550.10	1196.63
550.30	1198.45
550.50	1192.84
550.71	1193.49
550.91	1193.09
551.11	1187.31
551.31	1201.34
551.51	1195.99
551.72	1200.03
551.92	1188.01
552.12	1200.40
552.32	1184.52
552.53	1197.00
552.73	1185.08
552.93	1196.28
553.13	1192.12
553.33	1194.66
553.54	1189.42
553.74	1197.16
553.94	1192.23
554.14	1196.18
554.35	1190.18
554.55	1204.59
554.75	1193.74
554.95	1200.83
555.15	1199.82
555.36	1198.18
555.56	1187.82
555.76	1202.30
555.96	1187.47
556.16	1199.70
556.37	1195.30
556.57	1192.86
556.77	1194.72
556.97	1196.55
557.17	1189.79
557.38	1198.74
557.58	1185.10
557.78	1192.94
557.98	1188.35
558.18	1193.68
558.38	1188.23
558.59	1195.11
558.79	1191.10
558.99	1201.81
559.19	1185.20
559.39	1194.64
559.60	1192.06
559.80	1194.25
560.00	1186.80
560.20	1196.36
560.40	1187.00
560.60	1202.32
560.81	1190.28
561.01	1200.85
561.21	1191.53
561.41	1202.83
561.61	1192.96
561.81	1201.15
562.02	1187.82
562.22	1196.40
562.42	1188.52
562.62	1201.87
562.82	1188.09
563.02	1187.17
563.23	1189.32
563.43	1197.78
563.63	1193.66
563.83	1192.16
564.03	1191.98
564.23	1194.25
564.43	1193.25
564.64	1198.47
564.84	1196.75
565.04	1196.12
565.24	1189.03
565.44	1193.27
565.64	1192.39
565.85	1199.76
566.05	1188.70
566.25	1196.24
566.45	1188.76
566.65	1197.69
566.85	1194.60
567.05	1195.52
567.25	1185.16
567.46	1196.20
567.66	1193.31
567.86	1197.65
568.06	1192.49
568.26	1198.31
568.46	1191.75
568.66	1197.55
568.86	1188.80
569.07	1204.68
569.27	1189.85
569.47	1191.71
569.67	1189.17
569.87	1197.18
570.07	1193.62
570.27	1190.01
570.47	1186.08
570.68	1195.83
570.88	1197.26
571.08	1198.57
571.28	1185.20
571.48	1198.29
571.68	1185.47
571.88	1200.27
572.08	1196.10
572.28	1189.62
572.49	1196.01
572.69	1195.15
572.89	1186.82
573.09	1203.82
573.29	1184.85
573.49	1199.93
573.69	1188.58
573.89	1193.86
574.09	1195.85
574.29	1192.33
574.50	1193.39
574.70	1196.44
574.90	1195.81
575.10	1196.59
575.30	1195.87
575.50	1201.85
575.70	1190.03
575.90	1205.31
576.10	1195.32
576.30	1206.27
576.50	1187.04
576.70	1203.51
576.91	1198.98
577.11	1193.68
577.31	1184.36
577.51	1200.93
577.71	1193.41
577.91	1198.27
578.11	1190.59
578.31	1199.74
578.51	1199.00
578.71	1199.74
578.91	1193.68
579.11	1196.83
579.31	1185.59
579.51	1190.30
579.71	1193.86
579.92	1196.38
580.12	1190.46
580.32	1199.13
580.52	1193.17
580.72	1188.19
580.92	1194.11
581.12	1206.01
581.32	1186.74
581.52	1195.79
581.72	1187.99
581.92	1192.57
582.12	1191.20
582.32	1197.04
582.52	1196.22
582.72	1194.78
582.92	1191.26
583.12	1203.80
583.32	1192.04
583.52	1195.75
583.72	1186.10
583.92	1200.56
584.12	1190.57
584.33	1198.55
584.53	1187.68
584.73	1198.00
584.93	1189.60
585.13	1203.59
585.33	1192.08
585.53	1194.95
585.73	1191.82
585.93	1198.57
586.13	1189.34
586.33	1200.85
586.53	1193.66
586.73	1194.31
586.93	1190.32
587.13	1196.79
587.33	1191.49
587.53	1194.74
587.73	1187.94
587.93	1196.48
588.13	1190.03
588.33	1198.41
588.53	1194.31
588.73	1197.00
588.93	1190.44
589.13	1197.49
589.33	1189.54
589.53	1201.85
589.73	1196.10
589.93	1198.96
590.13	1186.43
590.33	1190.07
590.53	1188.78
590.73	1191.86
590.93	1191.67
591.13	1197.96
591.33	1191.53
591.53	1188.35
591.73	1187.88
591.93	1193.29
592.13	1192.76
592.33	1201.26
592.53	1192.18
592.73	1192.57
592.93	1190.83
593.13	1199.60
593.33	1190.24
593.53	1196.79
593.73	1190.14
593.93	1190.40
594.13	1192.41
594.33	1195.60
594.53	1193.31
594.73	1197.47
594.92	1186.96
595.12	1197.49
595.32	1191.69
595.52	1194.40
595.72	1189.77
595.92	1208.40
596.12	1188.64
596.32	1195.40
596.52	1187.62
596.72	1194.64
596.92	1200.09
597.12	1191.79
597.32	1184.91
597.52	1199.13
597.72	1186.98
597.92	1202.06
598.12	1193.76
598.32	1194.38
598.52	1194.13
598.72	1202.85
598.92	1192.39
599.12	1194.09
599.31	1195.95
599.51	1203.80
599.71	1195.24
599.91	1201.36
600.11	1197.80
600.31	1198.64
600.51	1191.28
600.71	1194.44
600.91	1191.14
601.11	1200.23
601.31	1193.49
601.51	1196.61
601.71	1192.76
601.91	1194.50
602.10	1188.46
602.30	1199.74
602.50	1194.46
602.70	1199.84
602.90	1186.37
603.10	1200.60
603.30	1185.08
603.50	1194.33
603.70	1188.33
603.90	1189.30
604.10	1195.81
604.30	1195.03
604.49	1195.07
604.69	1195.44
604.89	1193.09
605.09	1198.37
605.29	1192.25
605.49	1201.69
605.69	1191.51
605.89	1195.83
606.09	1197.16
606.29	1193.74
606.48	1191.04
606.68	1200.23
606.88	1188.25
607.08	1198.41
607.28	1192.43
607.48	1192.45
607.68	1187.15
607.88	1191.59
608.08	1190.42
608.27	1197.73
608.47	1197.32
608.67	1191.45
608.87	1186.37
609.07	1192.20
609.27	1192.61
609.47	1194.21
609.67	1184.40
609.87	1195.30
610.06	1189.81
610.26	1190.26
610.46	1194.89
610.66	1196.48
610.86	1195.54
611.06	1196.63
611.26	1189.48
611.45	1195.17
611.65	1190.67
611.85	1198.94
612.05	1184.59
612.25	1201.40
612.45	1194.46
612.65	1201.26
612.84	1191.57
613.04	1197.20
613.24	1189.15
613.44	1197.08
613.64	1194.81
613.84	1194.23
614.04	1192.31
614.23	1197.02
614.43	1194.03
614.63	1193.23
614.83	1189.73
615.03	1204.31
615.23	1193.39
615.42	1195.05
615.62	1190.65
615.82	1194.64
616.02	1190.36
616.22	1194.11
616.42	1194.38
616.61	1196.91
616.81	1196.01
617.01	1193.33
617.21	1193.25
617.41	1196.91
617.61	1193.82
617.80	1194.35
618.00	1195.97
618.20	1194.50
618.40	1191.92
618.60	1199.50
618.80	1185.28
618.99	1197.92
619.19	1193.23
619.39	1195.91
619.59	1195.38
619.79	1200.54
619.98	1188.03
620.18	1193.60
620.38	1188.52
620.58	1184.52
620.78	1197.16
620.97	1194.33
621.17	1193.62
621.37	1191.57
621.57	1196.14
621.77	1189.73
621.96	1194.09
622.16	1198.70
622.36	1195.95
622.56	1200.83
622.76	1192.53
622.95	1196.14
623.15	1190.22
623.35	1194.83
623.55	1197.00
623.75	1188.66
623.94	1193.74
624.14	1198.21
624.34	1191.61
624.54	1192.59
624.73	1187.43
624.93	1196.94
625.13	1189.01
625.33	1197.10
625.53	1190.18
625.72	1205.50
625.92	1188.66
626.12	1200.54
626.32	1190.61
626.51	1199.99
626.71	1191.71
626.91	1209.69
627.11	1195.81
627.30	1197.67
627.50	1194.42
627.70	1198.55
627.90	1192.02
628.10	1194.50
628.29	1181.99
628.49	1199.97
628.69	1190.65
628.89	1199.86
629.08	1188.76
629.28	1204.78
629.48	1191.61
629.68	1200.48
629.87	1198.66
630.07	1201.38
630.27	1191.22
630.47	1200.85
630.66	1191.20
630.86	1193.88
631.06	1193.60
631.25	1199.52
631.45	1187.04
631.65	1193.88
631.85	1194.81
632.04	1197.30
632.24	1196.75
632.44	1198.45
632.64	1193.97
632.83	1197.53
633.03	1187.11
633.23	1192.35
633.42	1193.33
633.62	1194.91
633.82	1190.38
634.02	1195.07
634.21	1199.66
634.41	1192.70
634.61	1190.67
634.81	1196.91
635.00	1189.56
635.20	1191.22
635.40	1197.75
635.59	1202.14
635.79	1192.88
635.99	1203.88
636.18	1193.21
636.38	1200.52
636.58	1192.84
636.78	1196.96
636.97	1185.28
637.17	1196.42
637.37	1189.46
637.56	1194.54
637.76	1186.10
637.96	1200.89
638.15	1193.90
638.35	1200.72
638.55	1189.26
638.74	1198.18
638.94	1186.68
639.14	1196.91
639.34	1186.02
639.53	1203.53
639.73	1184.07
639.93	1192.74
640.12	1188.29
640.32	1202.51
640.52	1189.69
640.71	1198.74
640.91	1196.79
641.11	1195.83
641.30	1191.10
641.50	1196.22
641.70	1191.02
641.89	1197.88
642.09	1186.80
642.29	1195.58
642.48	1196.28
642.68	1194.48
642.88	1192.70
643.07	1202.18
643.27	1187.21
643.47	1194.23
643.66	1188.76
643.86	1190.28
644.06	1194.93
644.25	1196.18
644.45	1194.72
644.65	1192.57
644.84	1190.59
645.04	1196.87
645.23	1193.09
645.43	1192.25
645.63	1197.14
645.82	1197.34
646.02	1195.77
646.22	1199.04
646.41	1188.80
646.61	1199.62
646.81	1191.47
647.00	1197.02
647.20	1189.69
647.39	1196.94
647.59	1190.40
647.79	1194.78
647.98	1184.85
648.18	1198.64
648.38	1184.50
648.57	1195.71
648.77	1189.54
648.96	1199.52
649.16	1196.24
649.36	1199.13
649.55	1192.70
649.75	1196.26
649.95	1183.89
650.14	1195.01
650.34	1194.48
650.53	1196.63
650.73	1184.79
650.93	1193.88
651.12	1188.74
651.32	1196.98
651.51	1191.20
651.71	1198.57
651.91	1190.26
652.10	1200.19
652.30	1194.68
652.49	1195.65
652.69	1193.39
652.89	1198.25
653.08	1187.90
653.28	1196.57
653.47	1192.39
653.67	1202.73
653.86	1195.77
654.06	1192.39
654.26	1189.83
654.45	1193.78
654.65	1193.78
654.84	1204.02
655.04	1189.69
655.24	1193.92
655.43	1197.67
655.63	1188.68
655.82	1189.07
656.02	1197.37
656.21	1193.88
656.41	1195.83
656.61	1193.74
656.80	1200.13
657.00	1189.99
657.19	1197.26
657.39	1191.20
657.58	1203.12
657.78	1188.27
657.97	1197.12
658.17	1196.61
658.37	1201.60
658.56	1194.17
658.76	1194.54
658.95	1191.08
659.15	1202.36
659.34	1191.12
659.54	1194.83
659.73	1195.22
659.93	1196.40
660.13	1182.50
660.32	1200.07
660.52	1193.88
660.71	1199.31
660.91	1190.20
661.10	1198.88
661.30	1196.48
661.49	1190.10
661.69	1190.26
661.88	1195.77
662.08	1187.99
662.27	1192.29
662.47	1187.27
662.66	1197.92
662.86	1191.12
663.06	1202.42
663.25	1191.22
663.45	1203.30
663.64	1190.32
663.84	1198.64
664.03	1183.79
664.23	1196.89
664.42	1192.23
664.62	1192.66
664.81	1187.27
665.01	1196.91
665.20	1191.96
665.40	1200.99
665.59	1194.74
665.79	1196.12
665.98	1186.76
666.18	1196.05
666.37	1189.93
666.57	1194.48
666.76	1194.87
666.96	1201.46
667.15	1191.39
667.35	1197.53
667.54	1190.50
667.74	1197.30
667.93	1197.96
668.13	1204.39
668.32	1191.51
668.52	1190.48
668.71	1188.74
668.91	1194.68
669.10	1189.26
669.30	1209.41
669.49	1189.81
669.68	1196.12
669.88	1188.11
670.07	1200.66
670.27	1186.70
670.46	1193.33
670.66	1190.79
670.85	1197.30
671.05	1189.75
671.24	1200.85
671.44	1189.38
671.63	1201.52
671.83	1189.32
672.02	1196.75
672.22	1189.67
672.41	1192.59
672.60	1187.88
672.80	1193.56
672.99	1195.09
673.19	1199.23
673.38	1189.73
673.58	1198.78
673.77	1192.57
673.97	1203.43
674.16	1190.67
674.36	1190.46
674.55	1194.31
674.74	1196.67
674.94	1191.02
675.13	1198.35
675.33	1187.90
675.52	1192.57
675.72	1196.81
675.91	1193.74
676.10	1187.58
676.30	1199.47
676.49	1195.48
676.69	1192.49
676.88	1195.07
677.08	1195.73
677.27	1195.11
677.46	1197.49
677.66	1190.75
677.85	1192.49
678.05	1190.50
678.24	1188.54
678.44	1187.13
678.63	1197.92
678.82	1185.22
679.02	1198.57
679.21	1189.42
679.41	1204.33
679.60	1187.62
679.79	1200.11
679.99	1192.61
680.18	1196.77
680.38	1194.38
680.57	1193.33
680.76	1188.23
680.96	1197.34
681.15	1194.33
681.35	1200.54
681.54	1191.14
681.73	1197.12
681.93	1193.56
682.12	1194.58
682.32	1195.60
682.51	1197.80
682.70	1192.47
682.90	1204.08
683.09	1189.09
683.29	1196.63
683.48	1186.43
683.67	1196.69
683.87	1185.28
684.06	1199.72
684.25	1186.43
684.45	1200.09
684.64	1184.69
684.84	1192.49
685.03	1190.03
685.22	1193.04
685.42	1183.95
685.61	1199.02
685.80	1189.85
686.00	1199.99
686.19	1198.96
686.38	1194.11
686.58	1194.23
686.77	1195.03
686.96	1186.49
687.16	1199.31
687.35	1192.25
687.55	1196.61
687.74	1192.55
687.93	1193.19
688.13	1191.84
688.32	1199.45
688.51	1192.27
688.71	1202.44
688.90	1188.58
689.09	1190.50
689.29	1188.97
689.48	1195.36
689.67	1191.55
689.87	1193.72
690.06	1189.01
690.25	1202.34
690.45	1198.02
690.64	1197.02
690.83	1195.56
691.03	1201.56
691.22	1187.68
691.41	1194.68
691.61	1193.64
691.80	1201.83
691.99	1189.62
692.19	1198.94
692.38	1188.05
692.57	1200.01
692.76	1191.84
692.96	1201.17
693.15	1193.17
693.34	1196.40
693.54	1193.86
693.73	1196.98
693.92	1192.53
694.12	1202.08
694.31	1191.36
694.50	1191.04
694.70	1193.27
694.89	1189.62
695.08	1198.64
695.27	1206.03
695.47	1193.60
695.66	1191.61
695.85	1194.46
696.05	1200.01
696.24	1186.96
696.43	1198.04
696.62	1190.98
696.82	1197.37
697.01	1194.62
697.20	1193.86
697.40	1192.96
697.59	1196.24
697.78	1189.50
697.97	1203.24
698.17	1191.06
698.36	1198.18
698.55	1195.97
698.74	1196.40
698.94	1191.22
699.13	1201.79
699.32	1189.19
699.52	1196.36
699.71	1191.10
699.90	1202.30
700.09	1186.06
700.29	1190.79
700.48	1186.33
700.67	1200.38
700.86	1196.28
701.06	1192.18
701.25	1185.51
701.44	1196.96
701.63	1189.48
701.83	1193.49
702.02	1190.46
702.21	1197.67
702.40	1191.30
702.60	1197.75
702.79	1191.94
702.98	1195.58
703.17	1186.86
703.37	1197.88
703.56	1193.29
703.75	1194.23
703.94	1191.32
704.13	1201.07
704.33	1185.04
704.52	1195.60
704.71	1196.55
704.90	1190.77
705.10	1191.20
705.29	1191.77
705.48	1187.23
705.67	1190.53
705.86	1192.00
706.06	1193.35
706.25	1190.81
706.44	1197.86
706.63	1192.78
706.83	1190.87
707.02	1187.88
707.21	1198.55
707.40	1188.68
707.59	1193.06
707.79	1189.15
707.98	1198.02
708.17	1190.36
708.36	1205.17
708.55	1190.05
708.75	1202.89
708.94	1190.24
709.13	1204.98
709.32	1185.14
709.51	1201.48
709.71	1190.10
709.90	1194.46
710.09	1190.07
710.28	1196.44
710.47	1187.08
710.66	1196.67
710.86	1194.76
711.05	1195.05
711.24	1191.67
711.43	1196.96
711.62	1195.05
711.82	1197.92
712.01	1188.09
712.20	1195.26
712.39	1189.97
712.58	1200.44
712.77	1198.86
712.97	1199.39
713.16	1188.83
713.35	1197.67
713.54	1196.22
713.73	1199.76
713.92	1190.87
714.11	1192.35
714.31	1189.40
714.50	1198.33
714.69	1186.86
714.88	1197.96
715.07	1184.09
715.26	1202.69
715.46	1182.44
715.65	1197.18
715.84	1189.50
716.03	1201.38
716.22	1189.05
716.41	1191.00
716.60	1190.20
716.80	1194.19
716.99	1193.74
717.18	1190.57
717.37	1192.00
717.56	1194.78
717.75	1189.58
717.94	1188.48
718.13	1188.95
718.33	1198.16
718.52	1192.04
718.71	1194.19
718.90	1190.96
719.09	1203.67
719.28	1185.61
719.47	1198.45
719.66	1186.53
719.85	1196.42
720.05	1186.74
720.24	1189.38
720.43	1189.40
720.62	1203.43
720.81	1188.40
721.00	1196.40
721.19	1193.68
721.38	1192.23
721.57	1187.72
721.77	1200.91
721.96	1192.00
722.15	1201.73
722.34	1185.63
722.53	1198.23
722.72	1194.40
722.91	1196.22
723.10	1190.96
723.29	1199.93
723.48	1191.02
723.67	1190.20
723.87	1191.71
724.06	1199.54
724.25	1191.98
724.44	1195.87
724.63	1196.71
724.82	1196.83
725.01	1186.33
725.20	1195.36
725.39	1186.22
725.58	1193.52
725.77	1193.49
725.96	1196.32
726.15	1189.69
726.34	1191.16
726.54	1191.30
726.73	1199.47
726.92	1190.26
727.11	1201.03
727.30	1187.39
727.49	1199.07
727.68	1191.77
727.87	1197.30
728.06	1189.64
728.25	1194.58
728.44	1192.16
728.63	1194.58
728.82	1184.50
729.01	1193.80
729.20	1187.74
729.39	1199.76
729.58	1190.10
729.77	1196.79
729.96	1191.86
730.15	1201.81
730.34	1187.45
730.53	1193.11
730.73	1182.50
730.92	1189.62
731.11	1195.11
731.30	1204.57
731.49	1187.54
731.68	1197.39
731.87	1187.72
732.06	1196.24
732.25	1194.38
732.44	1194.91
732.63	1188.46
732.82	1196.36
733.01	1184.50
733.20	1196.08
733.39	1190.48
733.58	1192.08
733.77	1186.94
733.96	1202.92
734.15	1191.53
734.34	1195.97
734.53	1192.29
734.72	1203.84
734.91	1192.06
735.10	1195.48
735.29	1192.06
735.48	1196.57
735.67	1190.18
735.86	1193.43
736.05	1188.11
736.24	1191.92
736.43	1193.80
736.62	1195.62
736.81	1187.11
737.00	1211.23
737.19	1188.01
737.38	1199.47
737.57	1194.85
737.76	1193.11
737.95	1194.66
738.14	1195.19
738.33	1189.44
738.51	1197.86
738.70	1189.75
738.89	1199.72
739.08	1186.92
739.27	1196.83
739.46	1191.06
739.65	1199.17
739.84	1187.56
740.03	1194.21
740.22	1194.74
740.41	1193.92
740.60	1189.28
740.79	1195.73
740.98	1193.84
741.17	1198.92
741.36	1196.73
741.55	1192.66
741.74	1187.27
741.93	1190.50
742.12	1185.45
742.31	1194.66
742.50	1188.03
742.68	1195.99
742.87	1191.34
743.06	1193.19
743.25	1189.40
743.44	1198.04
743.63	1189.95
743.82	1194.07
744.01	1187.68
744.20	1198.82
744.39	1190.53
744.58	1192.84
744.77	1196.89
744.96	1196.85
745.14	1183.21
745.33	1200.40
745.52	1186.35
745.71	1200.44
745.90	1188.44
746.09	1197.18
746.28	1194.50
746.47	1197.39
746.66	1186.35
746.85	1195.13
747.04	1192.04
747.22	1202.73
747.41	1187.49
747.60	1195.89
747.79	1193.29
747.98	1201.93
748.17	1192.08
748.36	1201.13
748.55	1190.69
748.74	1197.24
748.93	1197.90
749.11	1196.63
749.30	1186.10
749.49	1200.38
749.68	1192.20
749.87	1197.02
750.06	1189.71
750.25	1193.84
750.44	1193.23
750.62	1191.06
750.81	1187.47
751.00	1196.12
751.19	1190.71
751.38	1191.59
751.57	1191.22
751.76	1193.23
751.95	1193.70
752.13	1196.46
752.32	1191.43
752.51	1186.86
752.70	1187.80
752.89	1196.42
753.08	1189.62
753.27	1198.16
753.45	1188.87
753.64	1193.64
753.83	1184.57
754.02	1201.91
754.21	1188.68
754.40	1199.00
754.58	1192.18
754.77	1196.22
754.96	1191.30
755.15	1191.51
755.34	1193.39
755.53	1192.04
755.71	1187.21
755.90	1197.94
756.09	1181.41
756.28	1194.72
756.47	1182.91
756.66	1198.51
756.84	1192.37
757.03	1201.44
757.22	1193.92
757.41	1195.15
757.60	1190.98
757.79	1192.86
757.97	1194.29
758.16	1192.31
758.35	1194.85
758.54	1197.96
758.73	1186.29
758.91	1196.08
759.10	1191.41
759.29	1199.15
759.48	1183.95
759.67	1202.12
759.85	1188.31
760.04	1198.82
760.23	1188.35
760.42	1195.81
760.61	1189.89
760.79	1199.21
760.98	1185.16
761.17	1196.73
761.36	1189.03
761.55	1193.74
761.73	1188.48
761.92	1200.40
762.11	1192.33
762.30	1196.53
762.49	1190.61
762.67	1197.69
762.86	1193.37
763.05	1197.37
763.24	1185.45
763.42	1193.86
763.61	1189.09
763.80	1196.79
763.99	1191.90
764.17	1194.52
764.36	1188.91
764.55	1201.63
764.74	1189.71
764.92	1197.82
765.11	1192.10
765.30	1197.34
765.49	1197.34
765.68	1198.27
765.86	1183.21
766.05	1190.28
766.24	1190.16
766.43	1200.11
766.61	1184.75
766.80	1192.45
766.99	1190.98
767.17	1195.97
767.36	1189.44
767.55	1195.11
767.74	1192.49
767.92	1192.88
768.11	1189.99
768.30	1192.59
768.49	1187.86
768.67	1197.96
768.86	1194.93
769.05	1196.71
769.24	1186.16
769.42	1191.94
769.61	1191.88
769.80	1192.88
769.98	1194.62
770.17	1200.23
770.36	1194.17
770.55	1194.58
770.73	1185.45
770.92	1191.41
771.11	1186.27
771.29	1199.82
771.48	1188.46
771.67	1191.43
771.86	1192.82
772.04	1202.03
772.23	1186.74
772.42	1196.63
772.60	1190.42
772.79	1196.51
772.98	1189.21
773.16	1194.38
773.35	1193.47
773.54	1194.64
773.72	1196.30
773.91	1192.31
774.10	1188.78
774.29	1197.00
774.47	1186.57
774.66	1201.65
774.85	1191.94
775.03	1203.57
775.22	1187.80
775.41	1198.61
775.59	1191.10
775.78	1192.74
775.97	1186.70
776.15	1194.72
776.34	1187.51
776.53	1199.90
776.71	1193.78
776.90	1199.17
777.09	1189.05
777.27	1202.20
777.46	1188.07
777.65	1204.51
777.83	1187.31
778.02	1194.03
778.21	1191.43
778.39	1202.63
778.58	1192.41
778.76	1197.67
778.95	1190.18
779.14	1193.13
779.32	1188.13
779.51	1193.49
779.70	1186.45
779.88	1200.72
780.07	1184.65
780.26	1200.97
780.44	1189.23
780.63	1200.85
780.81	1188.27
781.00	1193.45
781.19	1190.24
781.37	1197.86
781.56	1187.31
781.75	1197.22
781.93	1188.97
782.12	1192.41
782.30	1196.30
782.49	1193.70
782.68	1191.47
782.86	1195.11
783.05	1194.60
783.23	1198.70
783.42	1185.88
783.61	1197.12
783.79	1189.13
783.98	1192.92
784.16	1192.94
784.35	1195.65
784.54	1196.71
784.72	1197.73
784.91	1185.32
785.09	1201.97
785.28	1188.99
785.47	1194.52
785.65	1194.93
785.84	1191.30
786.02	1195.40
786.21	1193.39
786.40	1188.97
786.58	1191.24
786.77	1187.78
786.95	1192.39
787.14	1194.50
787.32	1197.69
787.51	1194.35
787.70	1194.87
787.88	1192.82
788.07	1200.97
788.25	1191.86
788.44	1195.05
788.62	1190.05
788.81	1198.53
789.00	1191.71
789.18	1197.16
789.37	1191.49
789.55	1196.40
789.74	1187.64
789.92	1202.08
790.11	1183.52
790.29	1202.32
790.48	1192.47
790.67	1194.87
790.85	1190.10
791.04	1199.13
791.22	1190.77
791.41	1193.19
791.59	1194.19
791.78	1202.14
791.96	1188.58
792.15	1197.10
792.33	1187.41
792.52	1186.94
792.70	1184.77
792.89	1195.93
793.07	1188.23
793.26	1200.48
793.45	1195.99
793.63	1200.58
793.82	1194.01
794.00	1194.54
794.19	1184.16
794.37	1199.52
794.56	1193.97
794.74	1190.69
794.93	1191.26
795.11	1197.51
795.30	1189.67
795.48	1198.49
795.67	1188.03
795.85	1194.68
796.04	1189.48
796.22	1198.72
796.41	1189.62
796.59	1198.14
796.78	1196.08
796.96	1195.32
797.15	1190.65
797.33	1195.58
797.52	1192.57
797.70	1197.12
797.89	1190.22
798.07	1202.49
798.26	1188.91
798.44	1198.82
798.63	1195.19
798.81	1193.45
798.99	1190.28
799.18	1204.31
799.36	1189.83
799.55	1190.63
799.73	1193.80
799.92	1196.81
800.10	1192.98
800.29	1196.63
800.47	1189.54
800.66	1193.39
800.84	1189.15
801.03	1201.93
801.21	1194.64
801.39	1200.27
801.58	1196.32
801.76	1192.16
801.95	1190.30
802.13	1195.28
802.32	1185.00
802.50	1197.10
802.69	1190.26
802.87	1190.98
803.06	1184.52
803.24	1198.04
803.42	1191.90
803.61	1198.39
803.79	1184.65
803.98	1194.27
804.16	1192.63
804.35	1202.79
804.53	1193.04
804.71	1194.21
804.90	1190.87
805.08	1194.66
805.27	1186.18
805.45	1191.16
805.63	1189.48
805.82	1195.69
806.00	1193.27
806.19	1192.92
806.37	1197.04
806.56	1186.45
806.74	1186.70
806.92	1203.08
807.11	1185.67
807.29	1202.40
807.48	1195.30
807.66	1190.50
807.84	1193.84
808.03	1192.00
808.21	1192.29
808.40	1196.18
808.58	1190.07
808.76	1200.68
808.95	1190.91
809.13	1194.19
809.32	1190.46
809.50	1199.72
809.68	1185.65
809.87	1192.88
810.05	1199.02
810.23	1196.51
810.42	1185.04
810.60	1195.32
810.79	1196.67
810.97	1196.89
811.15	1193.25
811.34	1197.49
811.52	1187.60
811.70	1195.13
811.89	1187.31
812.07	1200.36
812.25	1194.97
812.44	1196.98
812.62	1190.61
812.81	1194.29
812.99	1191.69
813.17	1191.79
813.36	1188.15
813.54	1193.11
813.72	1186.16
813.91	1195.07
814.09	1190.71
814.27	1194.83
814.46	1193.31
814.64	1194.95
814.82	1192.80
815.01	1196.65
815.19	1197.65
815.37	1194.17
815.56	1194.48
815.74	1192.59
815.92	1192.35
816.11	1197.28
816.29	1187.37
816.47	1194.05
816.66	1190.34
816.84	1195.87
817.02	1189.56
817.21	1189.73
817.39	1189.89
817.57	1192.53
817.76	1191.30
817.94	1198.59
818.12	1191.12
818.30	1202.49
818.49	1193.64
818.67	1195.79
818.85	1185.84
819.04	1196.40
819.22	1199.47
819.40	1193.90
819.59	1190.53
819.77	1196.03
819.95	1191.71
820.13	1195.91
820.32	1191.63
820.50	1192.55
820.68	1191.84
820.87	1196.81
821.05	1191.98
821.23	1194.33
821.41	1189.03
821.60	1193.92
821.78	1195.46
821.96	1197.45
822.14	1189.89
822.33	1204.00
822.51	1193.02
822.69	1200.87
822.88	1187.04
823.06	1194.81
823.24	1199.47
823.42	1202.83
823.61	1194.44
823.79	1194.56
823.97	1195.89
824.15	1192.94
824.34	1189.44
824.52	1198.43
824.70	1181.72
824.88	1196.75
825.07	1182.31
825.25	1196.65
825.43	1190.98
825.61	1199.27
825.80	1187.08
825.98	1197.10
826.16	1186.70
826.34	1199.35
826.53	1189.50
826.71	1195.95
826.89	1191.55
827.07	1194.54
827.25	1186.35
827.44	1194.97
827.62	1192.16
827.80	1201.93
827.98	1191.43
828.17	1192.12
828.35	1194.54
828.53	1196.24
828.71	1187.92
828.89	1200.27
829.08	1193.43
829.26	1192.49
829.44	1192.61
829.62	1200.38
829.80	1192.74
829.99	1197.47
830.17	1190.05
830.35	1193.17
830.53	1192.45
830.71	1197.98
830.90	1197.30
831.08	1200.77
831.26	1187.74
831.44	1196.42
831.62	1187.27
831.81	1194.46
831.99	1192.72
832.17	1197.92
832.35	1198.00
832.53	1194.95
832.71	1192.41
832.90	1200.64
833.08	1191.10
833.26	1192.90
833.44	1186.70
833.62	1196.01
833.81	1190.93
833.99	1193.72
834.17	1193.19
834.35	1200.62
834.53	1186.80
834.71	1192.27
834.89	1184.22
835.08	1202.85
835.26	1188.27
835.44	1195.58
835.62	1192.43
835.80	1194.48
835.98	1195.67
836.17	1192.37
836.35	1187.04
836.53	1202.89
836.71	1186.29
836.89	1198.68
837.07	1189.99
837.25	1201.24
837.44	1186.92
837.62	1198.14
837.80	1189.71
837.98	1197.41
838.16	1188.85
838.34	1191.12
838.52	1192.08
838.70	1203.96
838.89	1189.83
839.07	1196.20
839.25	1193.54
839.43	1193.29
839.61	1197.51
839.79	1199.33
839.97	1191.77
840.15	1200.54
840.33	1190.24
840.52	1200.99
840.70	1188.11
840.88	1200.11
841.06	1192.12
841.24	1196.01
841.42	1193.35
841.60	1198.14
841.78	1190.05
841.96	1195.65
842.14	1196.63
842.33	1205.33
842.51	1191.39
842.69	1193.45
842.87	1185.00
843.05	1194.29
843.23	1192.18
843.41	1197.92
843.59	1189.28
843.77	1194.56
843.95	1197.88
844.13	1189.54
844.31	1193.47
844.49	1196.77
844.68	1193.86
844.86	1188.72
845.04	1197.86
845.22	1197.65
845.40	1193.78
845.58	1194.76
845.76	1196.01
845.94	1192.59
846.12	1185.84
846.30	1195.79
846.48	1192.82
846.66	1199.72
846.84	1193.04
847.02	1195.50
847.20	1197.34
847.38	1194.58
847.56	1185.32
847.74	1200.46
847.92	1190.12
848.11	1193.99
848.29	1192.86
848.47	1192.80
848.65	1196.30
848.83	1202.59
849.01	1184.77
849.19	1205.37
849.37	1188.13
849.55	1198.66
849.73	1184.79
849.91	1198.66
850.09	1188.29
850.27	1198.94
850.45	1189.40
850.63	1200.36
850.81	1186.61
850.99	1197.51
851.17	1193.74
851.35	1198.98
851.53	1190.87
851.71	1190.01
851.89	1191.30
852.07	1188.74
852.25	1193.88
852.43	1196.94
852.61	1194.99
852.79	1189.42
852.97	1187.84
853.15	1195.58
853.33	1188.91
853.51	1196.24
853.69	1191.77
853.87	1193.45
854.05	1187.97
854.23	1192.39
854.41	1197.82
854.59	1197.45
854.77	1191.57
854.95	1189.91
855.13	1183.17
855.31	1201.52
855.49	1190.18
855.67	1189.79
855.84	1188.31
856.02	1192.47
856.20	1190.14
856.38	1188.50
856.56	1189.19
856.74	1190.03
856.92	1186.94
857.10	1197.45
857.28	1191.53
857.46	1198.10
857.64	1184.98
857.82	1205.60
858.00	1191.24
858.18	1198.25
858.36	1191.10
858.54	1195.52
858.72	1185.73
858.90	1201.56
859.08	1190.53
859.25	1198.29
859.43	1187.66
859.61	1194.35
859.79	1189.48
859.97	1197.90
860.15	1190.36
860.33	1196.16
860.51	1190.38
860.69	1200.44
860.87	1190.03
861.05	1196.77
861.23	1198.47
861.41	1195.87
861.58	1184.75
861.76	1195.09
861.94	1194.21
862.12	1196.22
862.30	1195.05
862.48	1198.47
862.66	1181.04
862.84	1197.96
863.02	1188.35
863.20	1197.63
863.37	1183.71
863.55	1196.98
863.73	1187.78
863.91	1196.44
864.09	1188.93
864.27	1192.66
864.45	1192.51
864.63	1191.47
864.80	1190.81
864.98	1196.32
865.16	1189.09
865.34	1194.03
865.52	1196.85
865.70	1200.52
865.88	1188.87
866.06	1198.53
866.23	1187.35
866.41	1192.72
866.59	1189.81
866.77	1196.34
866.95	1189.28
867.13	1202.06
867.31	1184.18
867.48	1193.64
867.66	1183.58
867.84	1200.95
868.02	1191.06
868.20	1198.72
868.38	1185.12
868.56	1197.51
868.73	1191.28
868.91	1193.80
869.09	1187.29
869.27	1197.86
869.45	1186.04
869.63	1190.42
869.80	1184.83
869.98	1196.48
870.16	1190.85
870.34	1196.53
870.52	1188.80
870.70	1194.38
870.87	1193.47
871.05	1194.44
871.23	1189.81
871.41	1194.91
871.59	1195.17
871.76	1193.66
871.94	1192.86
872.12	1195.28
872.30	1192.92
872.48	1194.05
872.65	1190.81
872.83	1194.25
873.01	1186.43
873.19	1194.78
873.37	1190.83
873.54	1198.78
873.72	1190.12
873.90	1189.71
874.08	1189.91
874.26	1182.23
874.43	1179.96
874.61	1193.66
874.79	1197.00
874.97	1195.48
875.15	1191.55
875.32	1200.54
875.50	1189.73
875.68	1200.97
875.86	1198.53
876.03	1187.72
876.21	1189.19
876.39	1201.93
876.57	1195.52
876.74	1195.01
876.92	1186.33
877.10	1199.09
877.28	1190.28
877.45	1202.20
877.63	1191.10
877.81	1191.59
877.99	1186.72
878.17	1193.23
878.34	1189.07
878.52	1193.68
878.70	1191.49
878.87	1193.17
879.05	1180.59
879.23	1199.31
879.41	1193.39
879.58	1193.58
879.76	1191.67
879.94	1195.44
880.12	1185.00
880.29	1200.74
880.47	1191.14
880.65	1196.79
880.83	1191.77
881.00	1192.29
881.18	1189.01
881.36	1193.84
881.53	1190.28
881.71	1193.25
881.89	1188.91
882.07	1195.26
882.24	1195.89
882.42	1200.29
882.60	1195.24
882.77	1195.75
882.95	1189.85
883.13	1194.97
883.30	1190.87
883.48	1190.26
883.66	1184.18
883.84	1190.16
884.01	1189.91
884.19	1189.69
884.37	1183.21
884.54	1200.93
884.72	1191.82
884.90	1196.26
885.07	1183.01
885.25	1202.06
885.43	1187.39
885.60	1190.03
885.78	1196.30
885.96	1196.77
886.13	1189.60
886.31	1195.30
886.49	1188.56
886.66	1191.34
886.84	1191.77
887.02	1198.18
887.19	1189.85
887.37	1199.07
887.55	1185.12
887.72	1191.08
887.90	1184.09
888.08	1197.08
888.25	1189.44
888.43	1191.88
888.61	1192.20
888.78	1193.23
888.96	1188.05
889.14	1195.36
889.31	1190.12
889.49	1191.34
889.67	1191.16
889.84	1195.67
890.02	1192.00
890.19	1195.71
890.37	1194.76
890.55	1195.09
890.72	1189.97
890.90	1193.33
891.08	1193.37
891.25	1199.13
891.43	1194.87
891.60	1197.00
891.78	1196.65
891.96	1195.62
892.13	1192.14
892.31	1202.10
892.48	1186.63
892.66	1203.37
892.84	1183.64
893.01	1191.00
893.19	1189.77
893.36	1194.81
893.54	1192.82
893.72	1185.67
893.89	1200.48
894.07	1197.78
894.24	1191.69
894.42	1212.01
894.60	1192.47
894.77	1202.03
894.95	1187.82
895.12	1197.30
895.30	1191.59
895.48	1196.71
895.65	1197.43
895.83	1200.31
896.00	1191.14
896.18	1195.24
896.35	1189.46
896.53	1197.65
896.71	1185.12
896.88	1197.88
897.06	1192.02
897.23	1195.26
897.41	1186.57
897.58	1199.58
897.76	1188.29
897.93	1197.88
898.11	1192.23
898.29	1192.43
898.46	1188.40
898.64	1194.19
898.81	1189.48
898.99	1195.60
899.16	1191.65
899.34	1191.67
899.51	1189.52
899.69	1198.59
899.86	1196.46
900.04	1191.24
900.21	1188.27
900.39	1199.31
900.57	1187.86
900.74	1193.68
900.92	1194.52
901.09	1192.88
901.27	1193.43
901.44	1197.59
901.62	1190.98
901.79	1199.15
901.97	1186.39
902.14	1189.77
902.32	1191.41
902.49	1188.64
902.67	1186.37
902.84	1199.76
903.02	1189.46
903.19	1196.48
903.37	1192.16
903.54	1192.57
903.72	1189.19
903.89	1195.79
904.07	1188.99
904.24	1199.52
904.42	1185.94
904.59	1189.05
904.77	1185.92
904.94	1198.76
905.12	1189.75
905.29	1196.40
905.47	1185.32
905.64	1199.17
905.82	1184.57
905.99	1191.69
906.16	1185.12
906.34	1200.13
906.51	1186.24
906.69	1200.70
906.86	1181.17
907.04	1198.39
907.21	1190.24
907.39	1188.80
907.56	1190.50
907.74	1199.88
907.91	1187.11
908.09	1191.75
908.26	1183.77
908.43	1191.49
908.61	1188.54
908.78	1195.09
908.96	1183.30
909.13	1196.14
909.31	1192.53
909.48	1196.96
909.65	1181.88
909.83	1198.45
910.00	1188.27
910.18	1197.18
910.35	1187.66
910.53	1188.25
910.70	1190.24
910.87	1198.08
911.05	1187.70
911.22	1192.06
911.40	1188.13
911.57	1194.83
911.75	1190.28
911.92	1198.18
912.09	1190.77
912.27	1205.39
912.44	1191.45
912.62	1198.78
912.79	1187.64
912.96	1185.26
913.14	1193.62
913.31	1196.08
913.49	1186.12
913.66	1201.48
913.83	1189.58
914.01	1193.43
914.18	1200.38
914.36	1200.33
914.53	1202.44
914.70	1201.38
914.88	1198.45
915.05	1195.77
915.22	1186.68
915.40	1200.11
915.57	1194.70
915.75	1195.91
915.92	1189.89
916.09	1199.35
916.27	1193.62
916.44	1198.57
916.61	1192.70
916.79	1194.68
916.96	1188.25
917.13	1193.29
917.31	1189.36
917.48	1198.53
917.66	1180.33
917.83	1196.96
918.00	1188.97
918.18	1186.49
918.35	1194.21
918.52	1198.37
918.70	1185.86
918.87	1199.04
919.04	1192.04
919.22	1196.28
919.39	1184.44
919.56	1194.40
919.74	1192.14
919.91	1197.63
920.08	1193.80
920.26	1194.01
920.43	1197.67
920.60	1194.89
920.78	1197.18
920.95	1191.18
921.12	1196.63
921.29	1195.71
921.47	1188.33
921.64	1193.76
921.81	1184.01
921.99	1201.99
922.16	1190.05
922.33	1192.35
922.51	1192.45
922.68	1193.86
922.85	1196.96
923.03	1192.47
923.20	1191.63
923.37	1188.44
923.54	1189.01
923.72	1199.70
923.89	1189.67
924.06	1188.80
924.24	1193.88
924.41	1193.60
924.58	1184.28
924.75	1195.50
924.93	1191.63
925.10	1190.55
925.27	1191.24
925.44	1205.91
925.62	1191.45
925.79	1184.93
925.96	1186.35
926.14	1193.66
926.31	1196.98
926.48	1196.59
926.65	1194.48
926.83	1194.46
927.00	1191.98
927.17	1190.73
927.34	1194.91
927.52	1191.45
927.69	1188.25
927.86	1189.79
928.03	1189.85
928.21	1199.17
928.38	1191.32
928.55	1195.56
928.72	1189.05
928.89	1189.34
929.07	1204.94
929.24	1196.75
929.41	1187.84
929.58	1195.46
929.76	1186.53
929.93	1193.11
930.10	1188.09
930.27	1202.06
930.44	1193.52
930.62	1195.91
930.79	1183.89
930.96	1191.71
931.13	1185.79
931.31	1191.67
931.48	1190.91
931.65	1197.49
931.82	1193.13
931.99	1197.55
932.17	1186.39
932.34	1201.73
932.51	1181.90
932.68	1196.01
932.85	1193.70
933.03	1198.29
933.20	1192.29
933.37	1199.95
933.54	1185.67
933.71	1195.97
933.88	1190.26
934.06	1194.38
934.23	1188.46
934.40	1202.16
934.57	1191.04
934.74	1197.98
934.91	1186.02
935.09	1200.19
935.26	1190.69
935.43	1195.26
935.60	1192.16
935.77	1197.06
935.94	1188.58
936.12	1192.45
936.29	1184.83
936.46	1195.34
936.63	1186.70
936.80	1194.23
936.97	1191.30
937.14	1199.35
937.32	1192.12
937.49	1192.90
937.66	1191.71
937.83	1194.01
938.00	1191.63
938.17	1195.75
938.34	1190.79
938.52	1192.57
938.69	1185.77
938.86	1199.66
939.03	1194.19
939.20	1202.08
939.37	1190.69
939.54	1192.29
939.71	1192.35
939.89	1199.84
940.06	1190.14
940.23	1198.39
940.40	1188.33
940.57	1196.40
940.74	1191.20
940.91	1196.98
941.08	1190.55
941.25	1193.04
941.43	1196.01
941.60	1187.11
941.77	1195.30
941.94	1199.95
942.11	1185.30
942.28	1197.41
942.45	1190.85
942.62	1188.87
942.79	1186.10
942.96	1188.64
943.13	1184.57
943.30	1197.32
943.48	1189.93
943.65	1203.71
943.82	1192.92
943.99	1199.54
944.16	1194.07
944.33	1199.35
944.50	1190.36
944.67	1190.48
944.84	1188.56
945.01	1199.15
945.18	1184.36
945.35	1196.77
945.52	1186.39
945.69	1200.09
945.86	1190.22
946.03	1199.15
946.21	1193.86
946.38	1193.43
946.55	1192.14
946.72	1201.63
946.89	1190.46
947.06	1199.11
947.23	1191.41
947.40	1198.37
947.57	1193.23
947.74	1200.07
947.91	1191.16
948.08	1198.04
948.25	1202.06
948.42	1191.14
948.59	1187.88
948.76	1195.24
948.93	1184.61
949.10	1196.34
949.27	1193.31
949.44	1195.48
949.61	1186.45
949.78	1200.95
949.95	1188.78
950.12	1197.78
950.29	1189.03
950.46	1199.23
950.63	1196.32
950.80	1190.75
950.97	1180.35
951.14	1194.97
951.31	1191.53
951.48	1200.72
951.65	1197.24
951.82	1195.93
951.99	1185.63
952.16	1186.45
952.33	1194.78
952.50	1199.04
952.67	1189.38
952.84	1197.82
953.01	1188.15
953.18	1193.62
953.35	1195.01
953.52	1197.20
953.69	1191.22
953.86	1194.21
954.03	1191.32
954.20	1193.68
954.37	1193.86
954.54	1199.00
954.70	1193.37
954.87	1195.97
955.04	1184.34
955.21	1194.05
955.38	1190.61
955.55	1196.83
955.72	1187.64
955.89	1188.09
956.06	1189.85
956.23	1199.82
956.40	1184.65
956.57	1193.25
956.74	1185.94
956.91	1198.21
957.08	1188.99
957.25	1191.92
957.41	1186.51
957.58	1196.22
957.75	1191.53
957.92	1197.92
958.09	1192.45
958.26	1192.57
958.43	1193.04
958.60	1193.06
958.77	1187.21
958.94	1194.60
959.11	1196.34
959.27	1202.26
959.44	1194.31
959.61	1195.79
959.78	1186.08
959.95	1200.56
960.12	1185.96
960.29	1200.68
960.46	1186.04
960.63	1198.49
960.80	1183.17
960.96	1198.10
961.13	1191.12
961.30	1201.58
961.47	1193.00
961.64	1196.10
961.81	1187.84
961.98	1193.62
962.15	1190.77
962.31	1196.79
962.48	1195.97
962.65	1197.55
962.82	1190.40
962.99	1199.66
963.16	1185.20
963.33	1200.56
963.49	1198.57
963.66	1192.57
963.83	1190.48
964.00	1200.44
964.17	1191.41
964.34	1189.99
964.51	1187.49
964.67	1197.30
964.84	1191.94
965.01	1203.98
965.18	1194.35
965.35	1198.68
965.52	1188.09
965.68	1193.68
965.85	1190.55
966.02	1195.97
966.19	1190.87
966.36	1199.93
966.52	1190.44
966.69	1195.87
966.86	1186.45
967.03	1198.66
967.20	1188.13
967.37	1192.59
967.53	1189.36
967.70	1190.98
967.87	1192.02
968.04	1199.70
968.21	1187.15
968.37	1198.00
968.54	1189.38
968.71	1192.35
968.88	1193.33
969.05	1189.21
969.21	1190.91
969.38	1200.85
969.55	1192.61
969.72	1201.42
969.89	1194.13
970.05	1197.32
970.22	1186.12
970.39	1194.42
970.56	1193.06
970.72	1196.26
970.89	1183.40
971.06	1200.56
971.23	1191.18
971.39	1199.09
971.56	1188.74
971.73	1188.27
971.90	1189.07
972.07	1196.51
972.23	1188.46
972.40	1200.95
972.57	1187.33
972.74	1197.71
972.90	1196.61
973.07	1197.18
973.24	1182.72
973.40	1193.49
973.57	1190.16
973.74	1192.98
973.91	1190.63
974.07	1196.05
974.24	1184.30
974.41	1207.22
974.58	1193.52
974.74	1203.37
974.91	1198.92
975.08	1194.03
975.25	1189.91
975.41	1202.26
975.58	1186.43
975.75	1190.85
975.91	1189.97
976.08	1199.43
976.25	1192.94
976.42	1197.82
976.58	1196.18
976.75	1201.13
976.92	1188.83
977.08	1194.33
977.25	1192.14
977.42	1197.67
977.58	1189.13
977.75	1199.23
977.92	1181.37
978.08	1198.51
978.25	1195.65
978.42	1194.72
978.59	1187.19
978.75	1199.23
978.92	1189.28
979.09	1193.84
979.25	1187.47
979.42	1199.25
979.59	1196.24
979.75	1202.24
979.92	1193.66
980.09	1195.75
980.25	1187.29
980.42	1195.01
980.59	1188.50
980.75	1193.23
980.92	1185.67
981.09	1192.80
981.25	1191.77
981.42	1198.90
981.59	1195.52
981.75	1200.93
981.92	1186.31
982.08	1193.88
982.25	1192.43
982.42	1191.86
982.58	1194.29
982.75	1194.27
982.92	1189.40
983.08	1196.57
983.25	1195.26
983.42	1194.89
983.58	1199.11
983.75	1197.75
983.91	1184.14
984.08	1190.65
984.25	1198.18
984.41	1191.55
984.58	1186.57
984.74	1196.26
984.91	1183.66
985.08	1196.40
985.24	1183.32
985.41	1193.56
985.57	1189.36
985.74	1193.74
985.91	1194.44
986.07	1199.60
986.24	1187.62
986.40	1195.48
986.57	1189.60
986.74	1195.62
986.90	1190.32
987.07	1192.63
987.23	1187.88
987.40	1191.57
987.57	1190.07
987.73	1195.71
987.90	1196.91
988.06	1195.13
988.23	1187.94
988.39	1200.03
988.56	1182.48
988.73	1196.20
988.89	1179.34
989.06	1195.91
989.22	1191.36
989.39	1192.94
989.55	1191.41
989.72	1195.34
989.88	1191.65
990.05	1200.36
990.22	1194.01
990.38	1196.03
990.55	1191.24
990.71	1195.54
990.88	1192.37
991.04	1198.14
991.21	1191.65
991.37	1195.09
991.54	1190.53
991.70	1194.48
991.87	1189.03
992.03	1193.27
992.20	1191.73
992.36	1198.74
992.53	1188.15
992.69	1200.77
992.86	1189.62
993.03	1192.16
993.19	1189.07
993.36	1203.37
993.52	1192.27
993.69	1194.46
993.85	1185.75
994.02	1192.51
994.18	1191.20
994.35	1194.09
994.51	1194.72
994.68	1193.23
994.84	1193.43
995.01	1192.39
995.17	1191.26
995.34	1197.88
995.50	1192.53
995.66	1191.86
995.83	1186.59
995.99	1197.08
996.16	1192.98
996.32	1193.17
996.49	1187.23
996.65	1201.65
996.82	1193.45
996.98	1199.74
997.15	1191.63
997.31	1200.50
997.48	1190.34
997.64	1202.26
997.81	1195.91
997.97	1191.96
998.13	1190.14
998.30	1198.35
998.46	1187.04
998.63	1198.04
998.79	1189.91
998.96	1199.68
999.12	1191.08
999.29	1198.45
999.45	1189.75
999.61	1194.31
999.78	1193.21
999.94	1191.12
1000.11	1195.99
1000.27	1196.91
1000.44	1192.68
1000.60	1191.45
1000.76	1193.64
1000.93	1197.49
1001.09	1195.50
1001.26	1197.08
1001.42	1193.23
1001.59	1194.27
1001.75	1193.52
1001.91	1199.78
1002.08	1188.07
1002.24	1201.38
1002.41	1201.50
1002.57	1197.75
1002.73	1184.38
1002.90	1198.04
1003.06	1186.08
1003.23	1192.18
1003.39	1192.27
1003.55	1199.09
1003.72	1199.68
1003.88	1197.02
1004.04	1190.10
1004.21	1193.23
1004.37	1197.82
1004.54	1194.48
1004.70	1188.31
1004.86	1192.86
1005.03	1188.48
1005.19	1195.93
1005.35	1192.63
1005.52	1203.04
1005.68	1190.03
1005.85	1196.67
1006.01	1187.78
1006.17	1196.40
1006.34	1197.06
1006.50	1200.40
1006.66	1189.40
1006.83	1196.20
1006.99	1182.99
1007.15	1198.47
1007.32	1193.64
1007.48	1200.36
1007.64	1195.71
1007.81	1201.87
1007.97	1191.04
1008.13	1200.40
1008.30	1188.42
1008.46	1196.71
1008.62	1186.41
1008.79	1195.50
1008.95	1190.48
1009.11	1199.52
1009.28	1190.89
1009.44	1197.04
1009.60	1192.63
1009.77	1198.43
1009.93	1190.42
1010.09	1196.34
1010.25	1189.56
1010.42	1199.47
1010.58	1192.08
1010.74	1195.58
1010.91	1193.43
1011.07	1196.79
1011.23	1192.31
1011.40	1195.65
1011.56	1190.30
1011.72	1188.37
1011.88	1193.70
1012.05	1194.60
1012.21	1191.75
1012.37	1195.54
1012.54	1193.33
1012.70	1199.66
1012.86	1197.71
1013.02	1192.12
1013.19	1190.01
1013.35	1192.23
1013.51	1192.31
1013.67	1189.69
1013.84	1187.86
1014.00	1194.70
1014.16	1189.32
1014.33	1193.76
1014.49	1195.22
1014.65	1196.83
1014.81	1198.27
1014.98	1191.88
1015.14	1199.62
1015.30	1192.20
1015.46	1195.58
1015.62	1199.39
1015.79	1184.03
1015.95	1203.22
1016.11	1192.27
1016.27	1203.84
1016.44	1184.93
1016.60	1200.17
1016.76	1189.54
1016.92	1196.42
1017.09	1184.95
1017.25	1194.31
1017.41	1190.34
1017.57	1195.38
1017.73	1188.76
1017.90	1200.13
1018.06	1180.29
1018.22	1194.33
1018.38	1190.30
1018.54	1196.87
1018.71	1199.76
1018.87	1195.56
1019.03	1191.84
1019.19	1197.78
1019.35	1191.10
1019.52	1193.31
1019.68	1187.00
1019.84	1199.43
1020.00	1189.85
1020.16	1197.75
1020.33	1194.40
1020.49	1200.21
1020.65	1186.86
1020.81	1189.52
1020.97	1188.03
1021.13	1200.85
1021.30	1191.16
1021.46	1205.99
1021.62	1186.92
1021.78	1200.40
1021.94	1183.83
1022.10	1193.99
1022.27	1191.12
1022.43	1201.56
1022.59	1194.40
1022.75	1200.36
1022.91	1185.45
1023.07	1198.94
1023.24	1191.30
1023.40	1201.91
1023.56	1195.79
1023.72	1191.71
1023.88	1190.57
1024.04	1195.38
1024.20	1194.21
1024.36	1197.24
1024.53	1194.17
1024.69	1194.48
1024.85	1187.72
1025.01	1201.85
1025.17	1183.83
1025.33	1200.36
1025.49	1192.68
1025.65	1197.51
1025.82	1190.77
1025.98	1197.59
1026.14	1192.74
1026.30	1196.71
1026.46	1190.63
1026.62	1197.06
1026.78	1190.44
1026.94	1200.46
1027.10	1195.38
1027.26	1197.41
1027.43	1195.99
1027.59	1194.05
1027.75	1186.27
1027.91	1196.55
1028.07	1193.78
1028.23	1196.08
1028.39	1194.95
1028.55	1201.79
1028.71	1190.73
1028.87	1200.38
1029.03	1199.43
1029.19	1194.15
1029.36	1190.12
1029.52	1200.17
1029.68	1190.87
1029.84	1193.13
1030.00	1187.76
1030.16	1197.78
1030.32	1187.60
1030.48	1194.81
1030.64	1188.74
1030.80	1198.86
1030.96	1190.32
1031.12	1200.54
1031.28	1188.44
1031.44	1199.07
1031.60	1193.76
1031.76	1201.63
1031.92	1193.11
1032.08	1205.68
1032.24	1192.57
1032.40	1200.46
1032.56	1185.96
1032.73	1202.10
1032.89	1191.41
1033.05	1203.69
1033.21	1189.30
1033.37	1198.27
1033.53	1184.50
1033.69	1194.99
1033.85	1195.34
1034.01	1198.86
1034.17	1189.93
1034.33	1198.49
1034.49	1191.92
1034.65	1198.25
1034.81	1192.78
1034.97	1201.73
1035.13	1189.36
1035.29	1187.70
1035.45	1185.88
1035.61	1202.69
1035.77	1188.29
1035.93	1192.04
1036.09	1191.32
1036.25	1193.23
1036.41	1190.55
1036.57	1196.63
1036.73	1193.25
1036.88	1193.09
1037.04	1191.67
