345.52	1196.18
345.73	1196.18
345.94	1196.18
346.16	1189.42
346.37	1190.28
346.58	1193.99
346.79	1202.57
347.00	1188.78
347.22	1197.80
347.43	1191.06
347.64	1196.30
347.85	1191.16
348.06	1199.78
348.28	1202.87
348.49	1196.77
348.70	1197.39
348.91	1203.63
349.12	1193.82
349.34	1201.56
349.55	1194.72
349.76	1198.92
349.97	1193.78
350.18	1195.50
350.40	1194.07
350.61	1205.97
350.82	1196.57
351.03	1197.80
351.24	1191.94
351.46	1197.24
351.67	1198.84
351.88	1204.92
352.09	1194.46
352.30	1199.37
352.51	1192.51
352.73	1199.21
352.94	1194.97
353.15	1198.25
353.36	1199.76
353.57	1203.43
353.79	1195.69
354.00	1196.24
354.21	1200.21
354.42	1202.53
354.63	1188.97
354.84	1198.27
355.06	1194.25
355.27	1196.08
355.48	1194.54
355.69	1204.66
355.90	1191.63
356.11	1199.84
356.33	1192.51
356.54	1206.32
356.75	1194.33
356.96	1200.62
357.17	1190.12
357.38	1204.43
357.60	1197.84
357.81	1203.35
358.02	1202.98
358.23	1198.27
358.44	1199.70
358.65	1201.73
358.87	1199.54
359.08	1200.87
359.29	1192.00
359.50	1200.15
359.71	1201.17
359.92	1199.37
360.13	1195.44
360.35	1203.57
360.56	1195.17
360.77	1203.10
360.98	1201.79
361.19	1205.60
361.40	1198.16
361.62	1200.95
361.83	1187.97
362.04	1197.47
362.25	1198.35
362.46	1205.68
362.67	1198.53
362.88	1202.73
363.10	1203.10
363.31	1206.19
363.52	1194.40
363.73	1199.31
363.94	1198.94
364.15	1207.42
364.36	1197.39
364.57	1209.84
364.79	1199.74
365.00	1205.66
365.21	1204.51
365.42	1201.15
365.63	1196.53
365.84	1198.04
366.05	1193.49
366.27	1200.23
366.48	1197.14
366.69	1203.02
366.90	1199.31
367.11	1203.88
367.32	1200.60
367.53	1206.38
367.74	1199.68
367.95	1206.52
368.17	1201.85
368.38	1205.25
368.59	1201.73
368.80	1203.00
369.01	1197.14
369.22	1202.98
369.43	1203.98
369.64	1203.65
369.86	1198.70
370.07	1204.27
370.28	1199.39
370.49	1206.09
370.70	1198.29
370.91	1207.13
371.12	1194.52
371.33	1198.88
371.54	1200.25
371.76	1202.85
371.97	1200.52
372.18	1210.76
372.39	1196.42
372.60	1198.92
372.81	1199.45
373.02	1201.07
373.23	1197.90
373.44	1208.49
373.65	1201.48
373.87	1199.35
374.08	1197.37
374.29	1205.72
374.50	1198.90
374.71	1208.77
374.92	1199.54
375.13	1206.17
375.34	1190.50
375.55	1207.15
375.76	1203.82
375.97	1204.78
376.19	1189.23
376.40	1202.98
376.61	1198.35
376.82	1211.93
377.03	1198.96
377.24	1205.97
377.45	1196.73
377.66	1199.25
377.87	1194.85
378.08	1203.32
378.29	1193.66
378.50	1200.68
378.71	1195.03
378.93	1199.39
379.14	1195.58
379.35	1205.50
379.56	1196.26
379.77	1210.17
379.98	1199.52
380.19	1207.18
380.40	1199.27
380.61	1200.99
380.82	1205.72
381.03	1204.37
381.24	1195.52
381.45	1204.21
381.66	1197.98
381.88	1211.00
382.09	1198.41
382.30	1200.79
382.51	1195.99
382.72	1204.53
382.93	1198.27
383.14	1210.78
383.35	1198.76
383.56	1207.15
383.77	1199.68
383.98	1202.06
384.19	1205.99
384.40	1198.94
384.61	1197.78
384.82	1208.90
385.03	1203.80
385.24	1203.55
385.45	1197.20
385.67	1207.34
385.88	1197.94
386.09	1207.95
386.30	1190.89
386.51	1198.21
386.72	1200.07
386.93	1203.51
387.14	1197.12
387.35	1202.87
387.56	1198.06
387.77	1201.54
387.98	1196.20
388.19	1207.69
388.40	1197.28
388.61	1199.62
388.82	1195.03
389.03	1209.65
389.24	1199.76
389.45	1199.70
389.66	1199.43
389.87	1205.17
390.08	1196.38
390.29	1207.79
390.50	1190.57
390.71	1203.71
390.92	1199.64
391.13	1200.46
391.34	1196.05
391.55	1208.49
391.76	1193.17
391.98	1204.88
392.19	1204.02
392.40	1201.13
392.61	1199.07
392.82	1207.01
393.03	1195.01
393.24	1203.37
393.45	1201.40
393.66	1207.77
393.87	1191.45
394.08	1207.40
394.29	1203.24
394.50	1201.22
394.71	1194.87
394.92	1209.04
395.13	1203.71
395.34	1203.84
395.55	1196.65
395.76	1199.99
395.97	1196.91
396.18	1207.34
396.39	1198.51
396.60	1209.31
396.81	1202.83
397.02	1203.32
397.23	1193.78
397.44	1201.38
397.65	1195.17
397.86	1207.65
398.07	1201.13
398.28	1207.22
398.49	1192.49
398.70	1205.13
398.91	1198.76
399.12	1201.36
399.33	1200.25
399.54	1204.59
399.75	1195.69
399.96	1210.02
400.17	1203.63
400.38	1201.85
400.59	1195.52
400.80	1203.24
401.01	1203.63
401.22	1206.56
401.42	1201.52
401.63	1204.23
401.84	1203.76
402.05	1200.23
402.26	1201.67
402.47	1207.58
402.68	1197.00
402.89	1200.36
403.10	1200.07
403.31	1206.05
403.52	1203.86
403.73	1204.00
403.94	1199.21
404.15	1209.53
404.36	1196.94
404.57	1209.82
404.78	1197.34
404.99	1202.28
405.20	1197.26
405.41	1202.55
405.62	1197.59
405.83	1200.42
406.04	1200.46
406.25	1212.91
406.46	1203.55
406.67	1205.62
406.88	1196.75
407.09	1209.92
407.30	1199.62
407.50	1206.91
407.71	1191.49
407.92	1204.49
408.13	1201.05
408.34	1205.19
408.55	1204.53
408.76	1210.12
408.97	1199.21
409.18	1202.71
409.39	1206.83
409.60	1207.50
409.81	1207.11
410.02	1212.79
410.23	1201.01
410.44	1197.39
410.65	1197.18
410.86	1204.96
411.07	1204.41
411.27	1210.80
411.48	1194.70
411.69	1203.39
411.90	1202.24
412.11	1213.89
412.32	1201.34
412.53	1204.78
412.74	1194.01
412.95	1211.15
413.16	1204.19
413.37	1204.04
413.58	1205.25
413.79	1208.53
414.00	1197.90
414.20	1205.70
414.41	1198.90
414.62	1203.00
414.83	1206.01
415.04	1202.34
415.25	1204.92
415.46	1204.14
415.67	1200.79
415.88	1208.16
416.09	1199.17
416.30	1203.39
416.51	1196.67
416.71	1201.65
416.92	1195.81
417.13	1200.19
417.34	1195.24
417.55	1205.66
417.76	1197.10
417.97	1203.53
418.18	1202.10
418.39	1198.57
418.60	1200.11
418.81	1203.65
419.01	1198.68
419.22	1202.94
419.43	1200.72
419.64	1203.80
419.85	1194.81
420.06	1202.08
420.27	1194.01
420.48	1197.94
420.69	1193.31
420.90	1206.77
421.10	1197.32
421.31	1205.09
421.52	1198.55
421.73	1208.59
421.94	1198.16
422.15	1204.10
422.36	1197.28
422.57	1208.12
422.78	1201.07
422.98	1207.99
423.19	1200.60
423.40	1207.61
423.61	1198.41
423.82	1198.80
424.03	1199.58
424.24	1198.98
424.45	1199.13
424.65	1204.53
424.86	1199.84
425.07	1205.11
425.28	1197.96
425.49	1202.77
425.70	1202.96
425.91	1209.59
426.12	1191.26
426.32	1208.51
426.53	1204.68
426.74	1206.70
426.95	1198.74
427.16	1205.37
427.37	1195.75
427.58	1200.19
427.78	1207.81
427.99	1208.32
428.20	1204.53
428.41	1212.05
428.62	1197.30
428.83	1204.23
429.04	1192.61
429.24	1205.52
429.45	1192.33
429.66	1203.57
429.87	1198.33
430.08	1202.81
430.29	1194.35
430.50	1209.80
430.70	1199.47
430.91	1203.53
431.12	1198.59
431.33	1200.81
431.54	1195.48
431.75	1211.21
431.96	1204.80
432.16	1205.80
432.37	1195.28
432.58	1207.44
432.79	1193.52
433.00	1208.87
433.21	1196.61
433.41	1200.03
433.62	1197.94
433.83	1203.63
434.04	1200.01
434.25	1199.62
434.46	1202.59
434.66	1204.27
434.87	1201.42
435.08	1206.32
435.29	1205.58
435.50	1203.30
435.71	1206.72
435.91	1205.80
436.12	1201.40
436.33	1205.39
436.54	1195.40
436.75	1213.91
436.95	1195.97
437.16	1208.90
437.37	1204.53
437.58	1201.87
437.79	1197.88
438.00	1207.34
438.20	1191.82
438.41	1207.11
438.62	1199.41
438.83	1207.32
439.04	1205.00
439.24	1205.56
439.45	1201.75
439.66	1207.83
439.87	1201.38
440.08	1204.00
440.28	1202.03
440.49	1207.34
440.70	1204.74
440.91	1209.69
441.12	1199.27
441.32	1204.88
441.53	1197.43
441.74	1210.55
441.95	1202.14
442.16	1212.17
442.36	1196.57
442.57	1210.82
442.78	1198.39
442.99	1208.47
443.20	1201.60
443.40	1205.50
443.61	1195.67
443.82	1203.14
444.03	1199.21
444.24	1203.51
444.44	1201.58
444.65	1201.97
444.86	1199.47
445.07	1205.50
445.27	1199.82
445.48	1202.36
445.69	1200.01
445.90	1212.07
446.11	1194.05
446.31	1207.58
446.52	1203.84
446.73	1202.46
446.94	1198.08
447.14	1201.22
447.35	1198.68
447.56	1200.83
447.77	1204.80
447.97	1208.61
448.18	1201.28
448.39	1204.84
448.60	1196.22
448.81	1204.57
449.01	1198.02
449.22	1207.32
449.43	1200.11
449.64	1202.92
449.84	1202.71
450.05	1205.82
450.26	1202.59
450.47	1209.69
450.67	1201.56
450.88	1210.82
451.09	1201.60
451.30	1205.50
451.50	1205.11
451.71	1199.70
451.92	1204.98
452.13	1202.01
452.33	1196.01
452.54	1201.50
452.75	1200.64
452.96	1211.19
453.16	1190.26
453.37	1202.36
453.58	1194.83
453.79	1203.49
453.99	1202.26
454.20	1200.64
454.41	1199.09
454.61	1206.48
454.82	1207.20
455.03	1203.90
455.24	1201.11
455.44	1209.37
455.65	1196.44
455.86	1202.38
456.07	1198.53
456.27	1205.31
456.48	1204.33
456.69	1199.82
456.90	1191.86
457.10	1207.42
457.31	1194.89
457.52	1209.53
457.72	1200.50
457.93	1209.33
458.14	1199.64
458.35	1203.80
458.55	1199.76
458.76	1202.75
458.97	1197.08
459.17	1206.58
459.38	1202.16
459.59	1207.77
459.80	1196.73
460.00	1201.75
460.21	1197.55
460.42	1203.08
460.62	1194.13
460.83	1209.57
461.04	1195.42
461.25	1208.24
461.45	1199.88
461.66	1201.67
461.87	1199.39
462.07	1200.40
462.28	1194.50
462.49	1209.45
462.69	1195.17
462.90	1207.40
463.11	1200.17
463.31	1205.56
463.52	1195.32
463.73	1209.04
463.94	1195.34
464.14	1209.04
464.35	1193.62
464.56	1205.97
464.76	1206.44
464.97	1209.74
465.18	1192.61
465.38	1205.27
465.59	1198.76
465.80	1211.87
466.00	1197.53
466.21	1203.67
466.42	1198.39
466.62	1197.67
466.83	1193.25
467.04	1207.79
467.24	1203.45
467.45	1204.74
467.66	1194.21
467.86	1204.78
468.07	1198.21
468.28	1208.61
468.48	1195.26
468.69	1203.32
468.90	1200.11
469.10	1203.67
469.31	1205.72
469.52	1202.67
469.72	1196.05
469.93	1205.60
470.14	1191.06
470.34	1201.46
470.55	1198.06
470.76	1205.45
470.96	1199.27
471.17	1204.90
471.38	1205.62
471.58	1205.07
471.79	1198.94
472.00	1204.06
472.20	1192.90
472.41	1206.21
472.62	1203.94
472.82	1203.67
473.03	1193.13
473.24	1207.13
473.44	1205.95
473.65	1209.08
473.85	1203.80
474.06	1205.54
474.27	1193.37
474.47	1206.75
474.68	1193.31
474.89	1204.55
475.09	1205.78
475.30	1206.23
475.51	1200.46
475.71	1210.10
475.92	1204.12
476.12	1208.20
476.33	1198.68
476.54	1208.94
476.74	1195.99
476.95	1197.94
477.16	1203.04
477.36	1209.71
477.57	1199.13
477.77	1202.75
477.98	1195.44
478.19	1210.29
478.39	1194.99
478.60	1204.94
478.81	1200.64
479.01	1205.02
479.22	1203.94
479.42	1202.20
479.63	1193.64
479.84	1203.28
480.04	1198.51
480.25	1211.97
480.45	1197.84
480.66	1206.29
480.87	1201.77
481.07	1212.40
481.28	1201.50
481.48	1208.08
481.69	1204.72
481.90	1202.32
482.10	1194.52
482.31	1202.77
482.51	1200.62
482.72	1209.43
482.93	1192.82
483.13	1204.76
483.34	1201.95
483.54	1211.70
483.75	1197.26
483.96	1206.07
484.16	1198.41
484.37	1207.20
484.57	1195.99
484.78	1202.81
484.99	1198.72
485.19	1204.49
485.40	1202.32
485.60	1209.18
485.81	1197.86
486.01	1210.86
486.22	1202.69
486.43	1205.72
486.63	1200.19
486.84	1208.98
487.04	1198.88
487.25	1209.84
487.46	1200.64
487.66	1202.83
487.87	1201.38
488.07	1208.14
488.28	1204.59
488.48	1205.97
488.69	1202.55
488.89	1208.34
489.10	1199.33
489.31	1207.73
489.51	1198.08
489.72	1209.51
489.92	1199.35
490.13	1211.48
490.33	1202.46
490.54	1209.92
490.75	1201.73
490.95	1200.38
491.16	1200.72
491.36	1200.36
491.57	1200.62
491.77	1203.59
491.98	1199.09
492.18	1205.72
492.39	1201.65
492.59	1209.55
492.80	1199.93
493.01	1202.46
493.21	1202.73
493.42	1211.27
493.62	1199.04
493.83	1213.87
494.03	1198.41
494.24	1211.54
494.44	1195.44
494.65	1201.34
494.85	1196.85
495.06	1202.89
495.26	1200.03
495.47	1208.40
495.68	1199.72
495.88	1208.83
496.09	1199.02
496.29	1207.99
496.50	1197.00
496.70	1201.87
496.91	1204.76
497.11	1206.11
497.32	1202.77
497.52	1205.50
497.73	1197.34
497.93	1199.56
498.14	1200.46
498.34	1213.71
498.55	1199.86
498.75	1199.43
498.96	1201.34
499.16	1206.19
499.37	1197.12
499.57	1205.88
499.78	1199.29
499.98	1203.47
500.19	1195.07
500.39	1208.42
500.60	1196.53
500.80	1202.03
501.01	1202.16
501.21	1210.29
501.42	1190.46
501.62	1200.66
501.83	1206.13
502.03	1208.81
502.24	1206.58
502.44	1211.91
502.65	1199.33
502.85	1203.24
503.06	1199.43
503.26	1207.83
503.47	1202.67
503.67	1204.76
503.88	1203.98
504.08	1204.00
504.29	1200.21
504.49	1196.51
504.70	1197.30
504.90	1208.71
505.11	1202.32
505.31	1203.57
505.52	1199.78
505.72	1210.80
505.93	1202.81
506.13	1204.82
506.34	1202.73
506.54	1207.32
506.75	1198.64
506.95	1208.96
507.16	1203.55
507.36	1206.75
507.56	1200.79
507.77	1212.19
507.97	1199.45
508.18	1213.87
508.38	1198.68
508.59	1203.59
508.79	1201.34
509.00	1205.91
509.20	1203.90
509.41	1215.06
509.61	1204.74
509.82	1209.71
510.02	1209.78
510.22	1209.18
510.43	1206.17
510.63	1203.14
510.84	1197.55
511.04	1206.58
511.25	1202.46
511.45	1210.02
511.66	1198.51
511.86	1208.71
512.06	1204.33
512.27	1211.76
512.47	1203.73
512.68	1212.21
512.88	1209.67
513.09	1208.57
513.29	1207.79
513.50	1210.27
513.70	1200.40
513.90	1208.30
514.11	1207.97
514.31	1214.67
514.52	1202.71
514.72	1207.30
514.93	1207.77
515.13	1212.40
515.33	1199.93
515.54	1216.70
515.74	1204.80
515.95	1200.52
516.15	1202.10
516.36	1216.00
516.56	1209.84
516.76	1217.17
516.97	1204.35
517.17	1213.42
517.38	1207.61
517.58	1206.56
517.78	1204.08
517.99	1206.58
518.19	1208.12
518.40	1210.33
518.60	1199.70
518.81	1210.25
519.01	1204.96
519.21	1201.01
519.42	1207.40
519.62	1213.28
519.83	1203.61
520.03	1218.21
520.23	1203.94
520.44	1208.44
520.64	1206.85
520.85	1210.25
521.05	1208.87
521.25	1217.17
521.46	1203.51
521.66	1221.55
521.86	1207.01
522.07	1220.75
522.27	1215.12
522.48	1222.39
522.68	1214.36
522.88	1210.76
523.09	1211.11
523.29	1224.87
523.50	1212.93
523.70	1222.13
523.90	1217.21
524.11	1216.64
524.31	1216.29
524.51	1220.86
524.72	1216.21
524.92	1216.94
525.13	1216.49
525.33	1215.51
525.53	1215.92
525.74	1225.38
525.94	1215.94
526.14	1221.49
526.35	1215.53
526.55	1221.94
526.76	1218.36
526.96	1224.87
527.16	1220.04
527.37	1225.52
527.57	1216.80
527.77	1222.70
527.98	1220.55
528.18	1232.73
528.38	1228.08
528.59	1222.31
528.79	1220.08
528.99	1226.47
529.20	1219.54
529.40	1230.40
529.61	1222.49
529.81	1235.25
530.01	1232.02
530.22	1229.44
530.42	1234.68
530.62	1239.39
530.83	1231.03
531.03	1232.63
531.23	1234.99
531.44	1239.29
531.64	1231.24
531.84	1238.98
532.05	1233.08
532.25	1239.68
532.45	1231.87
532.66	1244.12
532.86	1232.71
533.06	1232.32
533.27	1238.22
533.47	1245.55
533.67	1237.73
533.88	1246.21
534.08	1244.00
534.28	1244.86
534.49	1239.06
534.69	1236.71
534.89	1243.20
535.09	1241.97
535.30	1238.55
535.50	1244.90
535.70	1238.20
535.91	1248.73
536.11	1233.00
536.31	1247.64
536.52	1239.04
536.72	1256.02
536.92	1232.12
537.13	1237.24
537.33	1239.74
537.53	1244.71
537.74	1237.32
537.94	1242.13
538.14	1244.71
538.34	1245.35
538.55	1240.95
538.75	1247.48
538.95	1247.48
539.16	1246.11
539.36	1242.28
539.56	1252.91
539.77	1239.51
539.97	1250.86
540.17	1239.64
540.37	1243.57
540.58	1237.49
540.78	1246.68
540.98	1237.65
541.19	1247.62
541.39	1243.18
541.59	1251.74
541.79	1242.63
542.00	1251.94
542.20	1244.82
542.40	1238.12
542.60	1241.27
542.81	1242.89
543.01	1240.35
543.21	1247.99
543.42	1233.72
543.62	1251.29
543.82	1245.60
544.02	1242.87
544.23	1242.73
544.43	1255.98
544.63	1241.85
544.83	1253.83
545.04	1257.33
545.24	1256.84
545.44	1249.24
545.64	1254.40
545.85	1258.44
546.05	1273.20
546.25	1264.68
546.45	1269.09
546.66	1271.73
546.86	1287.78
547.06	1285.37
547.27	1297.51
547.47	1306.77
547.67	1330.07
547.87	1338.92
548.07	1370.05
548.28	1392.41
548.48	1430.14
548.68	1448.00
548.88	1486.80
549.09	1501.26
549.29	1542.61
549.49	1573.37
549.69	1610.36
549.90	1643.11
550.10	1694.22
550.30	1732.68
550.50	1786.91
550.71	1854.80
550.91	1945.78
551.11	2091.32
551.31	2290.51
551.51	2567.01
551.72	2925.71
551.92	3340.22
552.12	3822.27
552.32	4306.04
552.53	4811.91
552.73	5262.91
552.93	5659.66
553.13	5987.97
553.33	6200.82
553.54	6459.09
553.74	6597.31
553.94	6715.04
554.14	6837.78
554.35	6902.33
554.55	6878.82
554.75	6957.50
554.95	6985.91
555.15	6965.20
555.36	6990.31
555.56	7023.10
555.76	7028.83
555.96	7070.39
556.16	7026.70
556.37	7081.55
556.57	7004.09
556.77	6995.47
556.97	6961.09
557.17	6784.82
557.38	6637.81
557.58	6381.96
557.78	6112.16
557.98	5698.82
558.18	5351.79
558.38	4933.70
558.59	4560.13
558.79	4203.74
558.99	3921.41
559.19	3640.33
559.39	3430.18
559.60	3247.38
559.80	3111.48
560.00	3015.86
560.20	2952.00
560.40	2831.44
560.60	2762.65
560.81	2690.58
561.01	2630.35
561.21	2556.30
561.41	2509.48
561.61	2450.91
561.81	2409.23
562.02	2347.12
562.22	2322.58
562.42	2266.34
562.62	2226.98
562.82	2181.82
563.02	2144.90
563.23	2113.83
563.43	2076.11
563.63	2044.41
563.83	2016.20
564.03	1979.01
564.23	1944.81
564.43	1912.05
564.64	1889.11
564.84	1859.97
565.04	1838.69
565.24	1810.16
565.44	1793.88
565.64	1773.40
565.85	1759.33
566.05	1736.17
566.25	1723.16
566.45	1712.96
566.65	1698.69
566.85	1693.51
567.05	1681.12
567.25	1674.46
567.46	1678.70
567.66	1671.86
567.86	1673.33
568.06	1668.44
568.26	1698.20
568.46	1700.88
568.66	1749.93
568.86	1805.49
569.07	1904.41
569.27	1995.15
569.47	2119.34
569.67	2228.25
569.87	2350.68
570.07	2446.48
570.27	2534.61
570.47	2577.18
570.68	2619.99
570.88	2637.42
571.08	2623.59
571.28	2602.64
571.48	2574.01
571.68	2510.87
571.88	2466.20
572.08	2393.99
572.28	2326.96
572.49	2236.16
572.69	2185.65
572.89	2079.34
573.09	2011.70
573.29	1924.15
573.49	1858.80
573.69	1761.89
573.89	1713.35
574.09	1649.60
574.29	1601.57
574.50	1549.92
574.70	1541.20
574.90	1513.22
575.10	1507.80
575.30	1490.96
575.50	1494.91
575.70	1479.74
575.90	1485.23
576.10	1477.83
576.30	1477.92
576.50	1457.29
576.70	1448.57
576.91	1422.36
577.11	1405.13
577.31	1365.05
577.51	1334.46
577.71	1297.04
577.91	1285.06
578.11	1269.60
578.31	1262.37
578.51	1248.48
578.71	1263.04
578.91	1254.07
579.11	1247.72
579.31	1250.24
579.51	1252.13
579.71	1247.11
579.92	1244.92
580.12	1245.12
580.32	1244.67
580.52	1238.37
580.72	1240.19
580.92	1233.57
581.12	1245.10
581.32	1239.00
581.52	1238.02
581.72	1237.92
581.92	1238.94
582.12	1226.88
582.32	1236.17
582.52	1237.83
582.72	1236.19
582.92	1226.02
583.12	1233.12
583.32	1222.29
583.52	1236.85
583.72	1226.82
583.92	1228.99
584.12	1226.22
584.33	1227.18
584.53	1223.37
584.73	1226.71
584.93	1217.56
585.13	1225.77
585.33	1216.78
585.53	1224.54
585.73	1224.66
585.93	1231.12
586.13	1220.61
586.33	1219.61
586.53	1217.19
586.73	1226.67
586.93	1221.47
587.13	1222.86
587.33	1206.83
587.53	1227.37
587.73	1218.89
587.93	1216.25
588.13	1218.42
588.33	1223.09
588.53	1213.75
588.73	1216.84
588.93	1214.79
589.13	1216.41
589.33	1215.94
589.53	1214.88
589.73	1214.14
589.93	1211.46
590.13	1208.34
590.33	1213.46
590.53	1209.96
590.73	1216.53
590.93	1206.09
591.13	1218.17
591.33	1213.67
591.53	1214.67
591.73	1208.44
591.93	1211.66
592.13	1207.09
592.33	1219.91
592.53	1207.03
592.73	1220.43
592.93	1208.12
593.13	1213.24
593.33	1209.98
593.53	1212.05
593.73	1214.22
593.93	1219.54
594.13	1203.96
594.33	1216.92
594.53	1209.61
594.73	1211.99
594.92	1196.08
595.12	1212.36
595.32	1220.67
595.52	1216.45
595.72	1205.62
595.92	1217.72
596.12	1213.50
596.32	1212.68
596.52	1207.13
596.72	1215.65
596.92	1205.07
597.12	1213.36
597.32	1213.09
597.52	1216.04
597.72	1210.33
597.92	1217.54
598.12	1205.86
598.32	1220.61
598.52	1214.42
598.72	1220.36
598.92	1211.91
599.12	1220.81
599.31	1201.58
599.51	1215.61
599.71	1211.89
599.91	1218.89
600.11	1213.20
600.31	1215.04
600.51	1208.87
600.71	1218.34
600.91	1207.93
601.11	1212.83
601.31	1205.76
601.51	1209.08
601.71	1211.72
601.91	1213.03
602.10	1210.57
602.30	1208.92
602.50	1203.08
602.70	1215.18
602.90	1200.72
603.10	1208.90
603.30	1199.97
603.50	1201.71
603.70	1209.24
603.90	1213.61
604.10	1202.92
604.30	1206.58
604.49	1204.35
604.69	1208.44
604.89	1200.44
605.09	1206.83
605.29	1203.98
605.49	1210.86
605.69	1203.47
605.89	1201.01
606.09	1207.18
606.29	1203.92
606.48	1201.34
606.68	1204.88
606.88	1197.34
607.08	1205.27
607.28	1196.73
607.48	1208.83
607.68	1197.69
607.88	1200.93
608.08	1203.76
608.27	1205.50
608.47	1200.60
608.67	1203.10
608.87	1197.02
609.07	1204.88
609.27	1204.39
609.47	1206.56
609.67	1197.22
609.87	1215.22
610.06	1195.32
610.26	1202.63
610.46	1194.87
610.66	1195.07
610.86	1203.12
611.06	1202.06
611.26	1195.97
611.45	1208.40
611.65	1197.41
611.85	1206.09
612.05	1194.54
612.25	1201.63
612.45	1193.70
612.65	1212.83
612.84	1196.12
613.04	1208.92
613.24	1199.39
613.44	1204.57
613.64	1196.75
613.84	1215.39
614.04	1199.29
614.23	1205.86
614.43	1195.30
614.63	1205.02
614.83	1199.86
615.03	1203.32
615.23	1194.62
615.42	1205.56
615.62	1203.76
615.82	1209.90
616.02	1200.09
616.22	1211.15
616.42	1200.91
616.61	1206.25
616.81	1198.47
617.01	1210.19
617.21	1195.40
617.41	1203.16
617.61	1198.94
617.80	1203.00
618.00	1207.36
618.20	1205.72
618.40	1200.46
618.60	1210.02
618.80	1202.59
618.99	1203.84
619.19	1199.97
619.39	1207.81
619.59	1202.01
619.79	1208.32
619.98	1196.83
620.18	1203.30
620.38	1197.71
620.58	1205.35
620.78	1188.56
620.97	1197.18
621.17	1198.55
621.37	1204.94
621.57	1202.49
621.77	1207.28
621.96	1204.53
622.16	1197.63
622.36	1200.05
622.56	1207.50
622.76	1198.47
622.95	1204.96
623.15	1200.99
623.35	1200.58
623.55	1196.61
623.75	1207.63
623.94	1201.93
624.14	1205.62
624.34	1203.49
624.54	1205.84
624.73	1197.59
624.93	1204.55
625.13	1195.87
625.33	1209.92
625.53	1196.46
625.72	1200.48
625.92	1196.53
626.12	1208.01
626.32	1195.13
626.51	1202.55
626.71	1204.51
626.91	1202.32
627.11	1197.69
627.30	1200.56
627.50	1197.80
627.70	1204.76
627.90	1198.88
628.10	1206.95
628.29	1197.39
628.49	1205.86
628.69	1191.88
628.89	1202.46
629.08	1198.82
629.28	1211.54
629.48	1194.64
629.68	1206.19
629.87	1192.06
630.07	1200.40
630.27	1202.73
630.47	1199.97
630.66	1206.54
630.86	1210.76
631.06	1199.13
631.25	1211.72
631.45	1186.86
631.65	1204.62
631.85	1203.18
632.04	1207.99
632.24	1196.22
632.44	1208.61
632.64	1201.67
632.83	1206.68
633.03	1198.31
633.23	1206.44
633.42	1201.30
633.62	1197.32
633.82	1194.23
634.02	1203.96
634.21	1196.03
634.41	1205.88
634.61	1205.82
634.81	1200.83
635.00	1197.34
635.20	1212.13
635.40	1194.95
635.59	1201.01
635.79	1191.98
635.99	1209.86
636.18	1198.53
636.38	1201.48
636.58	1202.12
636.78	1206.07
636.97	1198.47
637.17	1203.18
637.37	1198.12
637.56	1202.26
637.76	1206.36
637.96	1205.72
638.15	1197.75
638.35	1211.89
638.55	1196.38
638.74	1202.12
638.94	1204.10
639.14	1203.55
639.34	1201.01
639.53	1203.55
639.73	1194.07
639.93	1207.93
640.12	1201.87
640.32	1202.10
640.52	1202.34
640.71	1200.95
640.91	1201.22
641.11	1209.18
641.30	1195.46
641.50	1202.44
641.70	1195.42
641.89	1200.21
642.09	1196.89
642.29	1205.84
642.48	1195.83
642.68	1207.81
642.88	1201.36
643.07	1211.60
643.27	1198.94
643.47	1200.89
643.66	1199.64
643.86	1204.02
644.06	1199.62
644.25	1198.49
644.45	1200.85
644.65	1202.20
644.84	1201.99
645.04	1198.33
645.23	1191.63
645.43	1201.13
645.63	1196.34
645.82	1201.20
646.02	1207.03
646.22	1208.47
646.41	1206.03
646.61	1203.94
646.81	1203.37
647.00	1204.82
647.20	1199.07
647.39	1197.00
647.59	1198.27
647.79	1207.75
647.98	1199.23
648.18	1210.10
648.38	1199.68
648.57	1203.35
648.77	1199.54
648.96	1202.69
649.16	1191.16
649.36	1204.39
649.55	1195.95
649.75	1206.58
649.95	1193.84
650.14	1215.59
650.34	1196.63
650.53	1207.05
650.73	1197.90
650.93	1210.12
651.12	1202.46
651.32	1202.73
651.51	1196.79
651.71	1203.61
651.91	1200.03
652.10	1209.14
652.30	1203.92
652.49	1201.85
652.69	1197.00
652.89	1207.69
653.08	1192.27
653.28	1202.69
653.47	1208.61
653.67	1199.74
653.86	1202.01
654.06	1204.96
654.26	1196.94
654.45	1202.28
654.65	1199.74
654.84	1205.45
655.04	1197.16
655.24	1207.73
655.43	1203.39
655.63	1197.53
655.82	1198.00
656.02	1208.92
656.21	1200.03
656.41	1204.80
656.61	1200.31
656.80	1203.24
657.00	1197.47
657.19	1204.74
657.39	1201.32
657.58	1202.55
657.78	1198.96
657.97	1205.48
658.17	1198.10
658.37	1201.48
658.56	1198.02
658.76	1205.19
658.95	1198.55
659.15	1201.71
659.34	1199.60
659.54	1208.61
659.73	1194.19
659.93	1204.53
660.13	1197.06
660.32	1199.33
660.52	1198.39
660.71	1205.15
660.91	1202.01
661.10	1206.50
661.30	1192.94
661.49	1204.53
661.69	1192.72
661.88	1207.22
662.08	1200.44
662.27	1207.65
662.47	1197.86
662.66	1204.96
662.86	1196.96
663.06	1204.84
663.25	1200.66
663.45	1199.37
663.64	1205.31
663.84	1205.33
664.03	1195.56
664.23	1200.70
664.42	1194.85
664.62	1205.70
664.81	1198.00
665.01	1200.66
665.20	1196.44
665.40	1208.98
665.59	1194.17
665.79	1202.85
665.98	1207.97
666.18	1203.37
666.37	1200.58
666.57	1201.79
666.76	1199.95
666.96	1210.92
667.15	1194.13
667.35	1199.47
667.54	1192.80
667.74	1207.11
667.93	1198.88
668.13	1207.65
668.32	1201.30
668.52	1208.71
668.71	1197.08
668.91	1206.99
669.10	1199.70
669.30	1196.96
669.49	1197.75
669.68	1205.64
669.88	1200.40
670.07	1197.75
670.27	1191.55
670.46	1203.59
670.66	1193.90
670.85	1205.58
671.05	1196.36
671.24	1204.76
671.44	1196.08
671.63	1194.40
671.83	1201.63
672.02	1201.30
672.22	1197.22
672.41	1205.86
672.60	1196.01
672.80	1205.48
672.99	1197.92
673.19	1202.69
673.38	1194.27
673.58	1205.19
673.77	1205.70
673.97	1205.91
674.16	1196.12
674.36	1209.63
674.55	1202.73
674.74	1205.84
674.94	1200.50
675.13	1200.44
675.33	1196.91
675.52	1204.08
675.72	1198.18
675.91	1207.18
676.10	1197.39
676.30	1204.82
676.49	1197.71
676.69	1203.67
676.88	1197.04
677.08	1204.06
677.27	1206.05
677.46	1196.79
677.66	1197.78
677.85	1204.35
678.05	1193.76
678.24	1210.51
678.44	1195.69
678.63	1201.52
678.82	1196.65
679.02	1205.88
679.21	1197.92
679.41	1199.04
679.60	1201.44
679.79	1202.08
679.99	1187.60
680.18	1195.34
680.38	1200.36
680.57	1202.16
680.76	1201.65
680.96	1208.08
681.15	1193.19
681.35	1205.35
681.54	1195.85
681.73	1197.96
681.93	1200.42
682.12	1206.46
682.32	1201.05
682.51	1212.50
682.70	1195.01
682.90	1208.40
683.09	1196.94
683.29	1207.22
683.48	1197.98
683.67	1208.14
683.87	1195.62
684.06	1202.73
684.25	1196.22
684.45	1208.96
684.64	1198.43
684.84	1201.48
685.03	1196.32
685.22	1204.90
685.42	1196.91
685.61	1203.39
685.80	1191.10
686.00	1202.79
686.19	1202.30
686.38	1210.17
686.58	1194.93
686.77	1192.16
686.96	1195.71
687.16	1204.02
687.35	1196.20
687.55	1204.78
687.74	1199.97
687.93	1204.16
688.13	1193.97
688.32	1202.44
688.51	1203.06
688.71	1206.40
688.90	1199.64
689.09	1197.41
689.29	1199.11
689.48	1206.52
689.67	1197.69
689.87	1207.24
690.06	1194.13
690.25	1202.94
690.45	1201.97
690.64	1210.76
690.83	1199.41
691.03	1208.67
691.22	1198.29
691.41	1198.06
691.61	1199.90
691.80	1203.35
691.99	1200.93
692.19	1212.40
692.38	1200.13
692.57	1202.20
692.76	1197.92
692.96	1201.01
693.15	1195.52
693.34	1202.22
693.54	1196.94
693.73	1208.04
693.92	1201.01
694.12	1204.04
694.31	1199.07
694.50	1201.44
694.70	1198.21
694.89	1197.65
695.08	1197.47
695.27	1204.08
695.47	1196.28
695.66	1199.84
695.85	1195.22
696.05	1204.98
696.24	1195.13
696.43	1205.00
696.62	1201.79
696.82	1201.26
697.01	1200.87
697.20	1197.90
697.40	1198.57
697.59	1202.40
697.78	1199.97
697.97	1202.40
698.17	1209.98
698.36	1207.36
698.55	1202.30
698.74	1203.69
698.94	1199.25
699.13	1206.40
699.32	1202.65
699.52	1204.80
699.71	1199.33
699.90	1209.45
700.09	1200.79
700.29	1201.38
700.48	1203.18
700.67	1210.96
700.86	1192.55
701.06	1208.18
701.25	1195.81
701.44	1204.96
701.63	1198.39
701.83	1204.21
702.02	1202.30
702.21	1201.93
702.40	1195.69
702.60	1209.74
702.79	1198.90
702.98	1205.17
703.17	1202.49
703.37	1205.56
703.56	1198.41
703.75	1203.98
703.94	1198.86
704.13	1203.12
704.33	1194.50
704.52	1202.38
704.71	1198.43
704.90	1205.05
705.10	1201.77
705.29	1207.38
705.48	1191.98
705.67	1200.38
705.86	1201.73
706.06	1207.48
706.25	1192.74
706.44	1207.11
706.63	1199.80
706.83	1198.23
707.02	1196.89
707.21	1197.26
707.40	1200.40
707.59	1202.49
707.79	1197.67
707.98	1200.17
708.17	1195.65
708.36	1208.59
708.55	1193.66
708.75	1200.13
708.94	1200.40
709.13	1202.77
709.32	1192.31
709.51	1211.15
709.71	1198.98
709.90	1197.92
710.09	1196.46
710.28	1205.68
710.47	1193.35
710.66	1206.97
710.86	1192.39
711.05	1199.86
711.24	1198.41
711.43	1204.68
711.62	1199.54
711.82	1200.36
712.01	1194.62
712.20	1195.81
712.39	1193.27
712.58	1200.66
712.77	1196.91
712.97	1204.55
713.16	1195.65
713.35	1210.70
713.54	1193.76
713.73	1212.30
713.92	1202.24
714.11	1202.51
714.31	1188.80
714.50	1204.12
714.69	1200.42
714.88	1206.29
715.07	1201.38
715.26	1207.38
715.46	1192.70
715.65	1199.00
715.84	1197.65
716.03	1207.63
716.22	1196.77
716.41	1204.43
716.60	1201.01
716.80	1204.43
716.99	1200.07
717.18	1197.10
717.37	1195.34
717.56	1201.93
717.75	1198.39
717.94	1203.14
718.13	1198.37
718.33	1205.09
718.52	1200.03
718.71	1205.00
718.90	1205.39
719.09	1203.22
719.28	1200.17
719.47	1211.37
719.66	1199.80
719.85	1209.12
720.05	1194.89
720.24	1202.36
720.43	1202.38
720.62	1205.82
720.81	1194.42
721.00	1211.15
721.19	1194.95
721.38	1208.81
721.57	1188.42
721.77	1208.94
721.96	1193.09
722.15	1204.80
722.34	1195.40
722.53	1206.68
722.72	1199.27
722.91	1196.71
723.10	1202.18
723.29	1211.19
723.48	1195.19
723.67	1207.34
723.87	1201.73
724.06	1200.85
724.25	1200.09
724.44	1208.32
724.63	1197.57
724.82	1202.67
725.01	1196.24
725.20	1201.67
725.39	1200.62
725.58	1201.09
725.77	1201.42
725.96	1204.31
726.15	1190.83
726.34	1202.89
726.54	1190.89
726.73	1201.36
726.92	1200.66
727.11	1197.65
727.30	1203.39
727.49	1197.96
727.68	1197.12
727.87	1207.50
728.06	1202.24
728.25	1210.08
728.44	1202.38
728.63	1205.37
728.82	1196.89
729.01	1205.02
729.20	1197.78
729.39	1206.60
729.58	1198.86
729.77	1205.17
729.96	1200.54
730.15	1207.05
730.34	1203.12
730.53	1206.89
730.73	1200.13
730.92	1205.37
731.11	1203.18
731.30	1205.99
731.49	1194.95
731.68	1200.89
731.87	1198.74
732.06	1196.12
732.25	1205.15
732.44	1206.79
732.63	1199.43
732.82	1207.24
733.01	1192.61
733.20	1203.61
733.39	1196.77
733.58	1203.45
733.77	1193.90
733.96	1205.84
734.15	1197.63
734.34	1204.64
734.53	1205.29
734.72	1208.44
734.91	1193.21
735.10	1208.83
735.29	1193.49
735.48	1212.50
735.67	1201.85
735.86	1200.64
736.05	1196.79
736.24	1206.87
736.43	1204.33
736.62	1207.58
736.81	1197.75
737.00	1218.54
737.19	1191.30
737.38	1205.54
737.57	1206.77
737.76	1205.00
737.95	1200.13
738.14	1208.96
738.33	1199.82
738.51	1202.28
738.70	1192.84
738.89	1205.70
739.08	1198.66
739.27	1195.19
739.46	1194.56
739.65	1200.91
739.84	1200.42
740.03	1209.37
740.22	1201.85
740.41	1206.81
740.60	1194.58
740.79	1204.45
740.98	1198.29
741.17	1202.51
741.36	1200.19
741.55	1196.14
741.74	1201.38
741.93	1201.34
742.12	1196.38
742.31	1201.67
742.50	1199.11
742.68	1203.08
742.87	1199.54
743.06	1203.88
743.25	1193.35
743.44	1208.16
743.63	1199.19
743.82	1206.19
744.01	1197.63
744.20	1206.79
744.39	1197.22
744.58	1208.79
744.77	1196.34
744.96	1204.04
745.14	1191.61
745.33	1200.83
745.52	1193.15
745.71	1203.32
745.90	1201.85
746.09	1207.61
746.28	1199.21
746.47	1203.76
746.66	1196.91
746.85	1196.79
747.04	1193.90
747.22	1208.14
747.41	1198.25
747.60	1200.60
747.79	1194.99
747.98	1203.67
748.17	1194.40
748.36	1202.06
748.55	1199.11
748.74	1202.03
748.93	1195.89
749.11	1205.84
749.30	1198.80
749.49	1202.87
749.68	1199.50
749.87	1201.05
750.06	1194.81
750.25	1205.95
750.44	1196.63
750.62	1204.96
750.81	1194.03
751.00	1207.50
751.19	1198.57
751.38	1198.57
751.57	1201.95
751.76	1201.87
751.95	1195.50
752.13	1200.03
752.32	1198.33
752.51	1197.98
752.70	1200.07
752.89	1197.20
753.08	1200.15
753.27	1197.67
753.45	1199.54
753.64	1207.99
753.83	1198.78
754.02	1203.67
754.21	1201.32
754.40	1200.46
754.58	1195.77
754.77	1202.75
754.96	1196.75
755.15	1197.53
755.34	1199.04
755.53	1202.03
755.71	1196.91
755.90	1197.39
756.09	1196.46
756.28	1197.28
756.47	1200.33
756.66	1205.17
756.84	1199.50
757.03	1206.91
757.22	1195.19
757.41	1200.15
757.60	1201.05
757.79	1198.88
757.97	1192.92
758.16	1198.23
758.35	1191.36
758.54	1205.76
758.73	1200.56
758.91	1203.08
759.10	1198.25
759.29	1206.83
759.48	1199.35
759.67	1205.66
759.85	1197.28
760.04	1207.24
760.23	1198.04
760.42	1204.02
760.61	1194.13
760.79	1202.77
760.98	1201.40
761.17	1206.07
761.36	1194.70
761.55	1201.71
761.73	1194.19
761.92	1202.12
762.11	1194.33
762.30	1210.94
762.49	1204.02
762.67	1208.40
762.86	1200.46
763.05	1201.44
763.24	1197.08
763.42	1201.91
763.61	1200.64
763.80	1199.82
763.99	1197.12
764.17	1205.19
764.36	1200.09
764.55	1198.41
764.74	1197.14
764.92	1202.67
765.11	1193.90
765.30	1199.82
765.49	1194.09
765.68	1201.15
765.86	1197.41
766.05	1199.66
766.24	1185.86
766.43	1202.65
766.61	1200.64
766.80	1209.57
766.99	1198.31
767.17	1204.98
767.36	1195.81
767.55	1205.09
767.74	1192.14
767.92	1200.74
768.11	1203.45
768.30	1200.83
768.49	1197.84
768.67	1205.35
768.86	1202.69
769.05	1203.80
769.24	1197.24
769.42	1206.23
769.61	1193.00
769.80	1208.36
769.98	1201.52
770.17	1205.60
770.36	1200.93
770.55	1205.84
770.73	1192.96
770.92	1200.44
771.11	1188.37
771.29	1205.00
771.48	1192.43
771.67	1200.50
771.86	1198.55
772.04	1201.75
772.23	1194.19
772.42	1206.07
772.60	1193.43
772.79	1203.22
772.98	1193.82
773.16	1204.45
773.35	1198.00
773.54	1197.37
773.72	1195.91
773.91	1206.03
774.10	1198.70
774.29	1207.34
774.47	1198.16
774.66	1208.08
774.85	1201.15
775.03	1203.32
775.22	1196.59
775.41	1204.53
775.59	1204.41
775.78	1204.08
775.97	1197.04
776.15	1197.88
776.34	1202.24
776.53	1200.70
776.71	1198.33
776.90	1203.51
777.09	1196.16
777.27	1204.23
777.46	1202.36
777.65	1208.94
777.83	1197.94
778.02	1202.49
778.21	1198.12
778.39	1202.38
778.58	1196.08
778.76	1211.56
778.95	1196.75
779.14	1197.51
779.32	1200.29
779.51	1203.49
779.70	1192.12
779.88	1203.26
780.07	1200.19
780.26	1198.96
780.44	1198.29
780.63	1205.39
780.81	1191.82
781.00	1205.15
781.19	1200.33
781.37	1203.80
781.56	1200.25
781.75	1201.22
781.93	1198.80
782.12	1205.72
782.30	1192.33
782.49	1197.94
782.68	1198.80
782.86	1197.28
783.05	1194.42
783.23	1203.94
783.42	1195.81
783.61	1203.90
783.79	1199.64
783.98	1199.29
784.16	1194.56
784.35	1199.56
784.54	1205.02
784.72	1203.41
784.91	1197.00
785.09	1201.17
785.28	1197.02
785.47	1197.41
785.65	1195.97
785.84	1203.06
786.02	1196.73
786.21	1197.94
786.40	1200.70
786.58	1204.16
786.77	1198.23
786.95	1199.50
787.14	1194.44
787.32	1205.66
787.51	1202.73
787.70	1199.74
787.88	1200.01
788.07	1209.33
788.25	1194.83
788.44	1203.65
788.62	1202.24
788.81	1204.51
789.00	1196.36
789.18	1203.90
789.37	1199.66
789.55	1200.38
789.74	1206.91
789.92	1202.75
790.11	1195.69
790.29	1199.88
790.48	1204.41
790.67	1205.72
790.85	1199.41
791.04	1207.44
791.22	1194.99
791.41	1203.18
791.59	1200.15
791.78	1203.14
791.96	1202.51
792.15	1198.29
792.33	1197.26
792.52	1207.03
792.70	1200.09
792.89	1207.81
793.07	1196.28
793.26	1202.53
793.45	1195.79
793.63	1205.99
793.82	1198.78
794.00	1204.57
794.19	1200.21
794.37	1199.54
794.56	1199.17
794.74	1197.94
794.93	1198.47
795.11	1208.87
795.30	1199.27
795.48	1203.76
795.67	1192.88
795.85	1201.73
796.04	1198.35
796.22	1199.74
796.41	1192.80
796.59	1203.20
796.78	1198.88
796.96	1203.37
797.15	1200.87
797.33	1202.94
797.52	1193.21
797.70	1199.97
797.89	1196.10
798.07	1202.75
798.26	1202.18
798.44	1205.19
798.63	1197.88
798.81	1202.08
798.99	1200.64
799.18	1199.58
799.36	1202.10
799.55	1209.65
799.73	1199.11
799.92	1211.48
800.10	1204.41
800.29	1203.04
800.47	1194.42
800.66	1206.54
800.84	1191.90
801.03	1206.07
801.21	1186.59
801.39	1205.78
801.58	1198.37
801.76	1198.59
801.95	1199.80
802.13	1206.44
802.32	1198.43
802.50	1207.13
802.69	1202.85
802.87	1200.89
803.06	1199.66
803.24	1203.92
803.42	1195.81
803.61	1201.99
803.79	1194.72
803.98	1202.38
804.16	1201.40
804.35	1198.23
804.53	1194.09
804.71	1198.80
804.90	1194.76
805.08	1202.38
805.27	1192.47
805.45	1204.39
805.63	1194.52
805.82	1201.77
806.00	1193.66
806.19	1203.63
806.37	1201.20
806.56	1203.92
806.74	1201.83
806.92	1204.10
807.11	1192.35
807.29	1199.21
807.48	1200.66
807.66	1201.03
807.84	1194.40
808.03	1198.39
808.21	1204.64
808.40	1194.52
808.58	1202.44
808.76	1201.91
808.95	1191.53
809.13	1199.56
809.32	1195.26
809.50	1206.09
809.68	1192.82
809.87	1198.86
810.05	1202.34
810.23	1202.55
810.42	1199.11
810.60	1195.62
810.79	1196.71
810.97	1209.86
811.15	1190.96
811.34	1205.45
811.52	1198.72
811.70	1209.61
811.89	1200.89
812.07	1198.61
812.25	1197.30
812.44	1199.17
812.62	1198.47
812.81	1199.33
812.99	1200.99
813.17	1200.81
813.36	1196.57
813.54	1204.59
813.72	1194.35
813.91	1213.48
814.09	1198.33
814.27	1200.11
814.46	1200.17
814.64	1200.07
814.82	1194.64
815.01	1207.89
815.19	1197.98
815.37	1202.85
815.56	1194.42
815.74	1202.18
815.92	1201.48
816.11	1207.81
816.29	1197.55
816.47	1198.76
816.66	1200.93
816.84	1208.06
817.02	1202.49
817.21	1203.84
817.39	1200.29
817.57	1203.00
817.76	1200.58
817.94	1199.35
818.12	1196.24
818.30	1198.27
818.49	1195.13
818.67	1199.52
818.85	1191.79
819.04	1196.44
819.22	1198.94
819.40	1208.63
819.59	1194.81
819.77	1203.32
819.95	1193.74
820.13	1204.12
820.32	1190.57
820.50	1202.87
820.68	1201.71
820.87	1205.21
821.05	1201.42
821.23	1205.29
821.41	1194.70
821.60	1203.04
821.78	1196.08
821.96	1207.69
822.14	1195.26
822.33	1206.25
822.51	1192.68
822.69	1200.95
822.88	1196.14
823.06	1204.84
823.24	1196.94
823.42	1198.82
823.61	1191.34
823.79	1209.61
823.97	1200.83
824.15	1205.56
824.34	1189.58
824.52	1199.60
824.70	1188.07
824.88	1208.96
825.07	1201.11
825.25	1204.72
825.43	1203.32
825.61	1200.99
825.80	1197.59
825.98	1196.57
826.16	1206.87
826.34	1205.86
826.53	1196.05
826.71	1202.22
826.89	1204.43
827.07	1198.92
827.25	1193.60
827.44	1206.34
827.62	1192.14
827.80	1211.76
827.98	1198.21
828.17	1202.61
828.35	1188.99
828.53	1207.65
828.71	1199.04
828.89	1205.19
829.08	1200.72
829.26	1198.49
829.44	1188.68
829.62	1204.21
829.80	1193.13
829.99	1201.56
830.17	1196.48
830.35	1196.89
830.53	1192.86
830.71	1210.64
830.90	1197.84
831.08	1201.07
831.26	1198.82
831.44	1203.26
831.62	1200.56
831.81	1202.69
831.99	1200.85
832.17	1204.76
832.35	1204.04
832.53	1201.03
832.71	1194.91
832.90	1208.01
833.08	1200.19
833.26	1207.32
833.44	1203.41
833.62	1200.46
833.81	1196.55
833.99	1198.51
834.17	1191.77
834.35	1200.74
834.53	1196.12
834.71	1205.48
834.89	1199.80
835.08	1203.71
835.26	1201.34
835.44	1205.05
835.62	1201.60
835.80	1205.31
835.98	1200.60
836.17	1203.43
836.35	1198.39
836.53	1198.74
836.71	1197.67
836.89	1201.73
837.07	1195.71
837.25	1203.71
837.44	1196.91
837.62	1199.15
837.80	1198.88
837.98	1208.10
838.16	1201.91
838.34	1209.82
838.52	1193.35
838.70	1197.49
838.89	1198.80
839.07	1203.67
839.25	1195.24
839.43	1202.71
839.61	1195.05
839.79	1199.39
839.97	1205.97
840.15	1203.18
840.33	1199.27
840.52	1211.25
840.70	1197.57
840.88	1206.66
841.06	1189.36
841.24	1197.69
841.42	1194.54
841.60	1202.61
841.78	1198.29
841.96	1200.50
842.14	1200.25
842.33	1200.93
842.51	1200.19
842.69	1202.30
842.87	1199.56
843.05	1201.32
843.23	1195.34
843.41	1201.73
843.59	1199.95
843.77	1200.42
843.95	1190.91
844.13	1201.73
844.31	1201.81
844.49	1203.63
844.68	1199.47
844.86	1204.25
845.04	1203.78
845.22	1201.87
845.40	1191.39
845.58	1200.72
845.76	1198.23
845.94	1204.78
846.12	1194.35
846.30	1199.43
846.48	1191.43
846.66	1211.41
846.84	1188.70
847.02	1196.14
847.20	1192.63
847.38	1206.03
847.56	1202.94
847.74	1200.74
847.92	1196.55
848.11	1205.02
848.29	1199.60
848.47	1203.39
848.65	1198.23
848.83	1199.64
849.01	1193.64
849.19	1206.23
849.37	1193.29
849.55	1202.14
849.73	1194.76
849.91	1205.05
850.09	1195.60
850.27	1203.73
850.45	1199.35
850.63	1196.03
850.81	1195.30
850.99	1207.50
851.17	1199.80
851.35	1196.55
851.53	1194.25
851.71	1206.95
851.89	1196.20
852.07	1207.91
852.25	1195.75
852.43	1204.51
852.61	1188.99
852.79	1207.52
852.97	1198.10
853.15	1199.76
853.33	1190.01
853.51	1197.75
853.69	1195.15
853.87	1201.75
854.05	1195.65
854.23	1200.81
854.41	1196.26
854.59	1209.31
854.77	1198.35
854.95	1203.30
855.13	1193.21
855.31	1206.38
855.49	1191.67
855.67	1199.70
855.84	1201.71
856.02	1193.41
856.20	1196.05
856.38	1203.14
856.56	1199.04
856.74	1204.21
856.92	1198.70
857.10	1193.92
857.28	1196.30
857.46	1201.48
857.64	1197.14
857.82	1199.33
858.00	1203.49
858.18	1200.64
858.36	1195.60
858.54	1205.64
858.72	1200.11
858.90	1203.71
859.08	1196.67
859.25	1202.28
859.43	1189.89
859.61	1206.77
859.79	1194.01
859.97	1204.53
860.15	1192.84
860.33	1203.24
860.51	1199.19
860.69	1204.35
860.87	1198.57
861.05	1207.09
861.23	1193.99
861.41	1197.67
861.58	1188.85
861.76	1209.00
861.94	1198.66
862.12	1204.33
862.30	1192.84
862.48	1203.08
862.66	1196.40
862.84	1197.14
863.02	1196.75
863.20	1199.58
863.37	1200.74
863.55	1207.91
863.73	1202.77
863.91	1198.23
864.09	1192.66
864.27	1209.33
864.45	1197.55
864.63	1209.43
864.80	1192.61
864.98	1202.20
865.16	1193.13
865.34	1192.35
865.52	1196.85
865.70	1199.74
865.88	1203.57
866.06	1201.71
866.23	1196.96
866.41	1207.95
866.59	1202.12
866.77	1202.65
866.95	1192.61
867.13	1204.53
867.31	1202.89
867.48	1203.41
867.66	1197.28
867.84	1203.69
868.02	1189.30
868.20	1202.87
868.38	1199.11
868.56	1196.59
868.73	1197.73
868.91	1201.09
869.09	1198.66
869.27	1200.38
869.45	1196.53
869.63	1211.48
869.80	1198.45
869.98	1204.51
870.16	1198.72
870.34	1208.28
870.52	1190.26
870.70	1205.25
870.87	1190.85
871.05	1210.14
871.23	1192.90
871.41	1205.74
871.59	1196.71
871.76	1207.28
871.94	1192.08
872.12	1200.52
872.30	1202.20
872.48	1206.23
872.65	1199.56
872.83	1205.31
873.01	1196.59
873.19	1214.61
873.37	1199.23
873.54	1192.51
873.72	1193.25
873.90	1202.14
874.08	1198.70
874.26	1201.69
874.43	1190.46
874.61	1205.31
874.79	1197.61
874.97	1203.47
875.15	1201.11
875.32	1200.60
875.50	1203.08
875.68	1211.09
875.86	1203.08
876.03	1197.55
876.21	1201.05
876.39	1203.78
876.57	1194.03
876.74	1208.12
876.92	1197.80
877.10	1198.74
877.28	1196.83
877.45	1202.92
877.63	1189.95
877.81	1195.97
877.99	1199.54
878.17	1205.68
878.34	1197.47
878.52	1201.48
878.70	1202.34
878.87	1195.26
879.05	1200.23
879.23	1205.97
879.41	1198.90
879.58	1203.41
879.76	1194.60
879.94	1206.09
880.12	1200.91
880.29	1202.51
880.47	1196.75
880.65	1199.37
880.83	1193.60
881.00	1202.71
881.18	1195.26
881.36	1207.52
881.53	1199.07
881.71	1202.49
881.89	1198.84
882.07	1206.68
882.24	1198.08
882.42	1204.57
882.60	1196.05
882.77	1200.03
882.95	1198.00
883.13	1206.05
883.30	1205.27
883.48	1205.15
883.66	1193.64
883.84	1199.70
884.01	1197.94
884.19	1206.40
884.37	1201.91
884.54	1204.02
884.72	1195.30
884.90	1203.24
885.07	1199.90
885.25	1206.56
885.43	1192.55
885.60	1207.61
885.78	1197.37
885.96	1205.00
886.13	1197.90
886.31	1201.95
886.49	1194.60
886.66	1203.35
886.84	1194.74
887.02	1207.20
887.19	1196.87
887.37	1201.11
887.55	1190.24
887.72	1202.65
887.90	1192.68
888.08	1201.50
888.25	1197.90
888.43	1205.13
888.61	1197.30
888.78	1205.07
888.96	1191.84
889.14	1204.78
889.31	1194.11
889.49	1205.58
889.67	1198.43
889.84	1200.15
890.02	1190.53
890.19	1201.07
890.37	1195.11
890.55	1207.73
890.72	1201.48
890.90	1195.36
891.08	1193.21
891.25	1199.04
891.43	1198.21
891.60	1198.72
891.78	1199.56
891.96	1201.05
892.13	1197.84
892.31	1207.99
892.48	1194.85
892.66	1205.27
892.84	1199.45
893.01	1201.54
893.19	1205.00
893.36	1200.09
893.54	1198.72
893.72	1200.81
893.89	1199.15
894.07	1202.94
894.24	1200.46
894.42	1220.51
894.60	1204.19
894.77	1201.30
894.95	1197.10
895.12	1199.70
895.30	1197.84
895.48	1208.26
895.65	1196.32
895.83	1198.82
896.00	1192.49
896.18	1198.39
896.35	1192.06
896.53	1200.77
896.71	1193.13
896.88	1203.55
897.06	1196.08
897.23	1196.51
897.41	1199.35
897.58	1198.06
897.76	1195.34
897.93	1204.51
898.11	1190.10
898.29	1202.34
898.46	1195.91
898.64	1208.77
898.81	1196.81
898.99	1203.86
899.16	1195.95
899.34	1198.94
899.51	1188.68
899.69	1202.42
899.86	1198.27
900.04	1204.55
900.21	1203.57
900.39	1205.45
900.57	1197.98
900.74	1204.29
900.92	1195.58
901.09	1208.49
901.27	1195.40
901.44	1201.32
901.62	1193.90
901.79	1197.57
901.97	1195.13
902.14	1203.24
902.32	1203.22
902.49	1205.70
902.67	1197.41
902.84	1204.10
903.02	1197.61
903.19	1201.13
903.37	1195.34
903.54	1196.61
903.72	1194.97
903.89	1201.15
904.07	1197.04
904.24	1199.19
904.42	1201.28
904.59	1201.63
904.77	1200.54
904.94	1206.83
905.12	1203.88
905.29	1206.77
905.47	1194.78
905.64	1205.09
905.82	1198.02
905.99	1200.07
906.16	1200.29
906.34	1203.98
906.51	1202.36
906.69	1199.41
906.86	1191.61
907.04	1201.65
907.21	1188.76
907.39	1203.71
907.56	1202.46
907.74	1196.12
907.91	1200.33
908.09	1209.61
908.26	1191.94
908.43	1197.73
908.61	1194.09
908.78	1199.25
908.96	1197.71
909.13	1198.98
909.31	1201.50
909.48	1204.78
909.65	1195.83
909.83	1200.36
910.00	1192.63
910.18	1202.85
910.35	1202.75
910.53	1205.66
910.70	1196.59
910.87	1201.58
911.05	1199.66
911.22	1197.65
911.40	1200.64
911.57	1205.15
911.75	1200.38
911.92	1199.15
912.09	1197.94
912.27	1203.16
912.44	1198.18
912.62	1203.18
912.79	1193.41
912.96	1204.21
913.14	1197.45
913.31	1204.62
913.49	1195.48
913.66	1202.26
913.83	1196.22
914.01	1204.39
914.18	1192.27
914.36	1204.02
914.53	1192.86
914.70	1207.69
914.88	1197.57
915.05	1201.85
915.22	1192.41
915.40	1200.91
915.57	1198.92
915.75	1196.36
915.92	1195.42
916.09	1196.57
916.27	1205.52
916.44	1206.93
916.61	1196.16
916.79	1198.96
916.96	1201.58
917.13	1202.81
917.31	1194.19
917.48	1205.02
917.66	1193.80
917.83	1202.36
918.00	1190.24
918.18	1199.33
918.35	1189.38
918.52	1199.31
918.70	1196.59
918.87	1201.13
919.04	1192.59
919.22	1207.48
919.39	1198.45
919.56	1205.97
919.74	1193.97
919.91	1201.77
920.08	1201.22
920.26	1203.20
920.43	1195.60
920.60	1203.86
920.78	1197.53
920.95	1210.43
921.12	1199.04
921.29	1205.99
921.47	1191.02
921.64	1198.72
921.81	1195.42
921.99	1196.83
922.16	1191.53
922.33	1200.21
922.51	1203.73
922.68	1203.55
922.85	1204.16
923.03	1197.73
923.20	1198.90
923.37	1204.98
923.54	1196.16
923.72	1203.90
923.89	1195.34
924.06	1201.97
924.24	1192.29
924.41	1205.84
924.58	1198.86
924.75	1208.32
924.93	1199.66
925.10	1201.99
925.27	1193.92
925.44	1212.09
925.62	1192.37
925.79	1204.25
925.96	1197.45
926.14	1197.18
926.31	1196.12
926.48	1201.42
926.65	1193.21
926.83	1200.58
927.00	1193.88
927.17	1202.22
927.34	1193.06
927.52	1202.06
927.69	1194.76
927.86	1203.45
928.03	1197.45
928.21	1201.81
928.38	1198.68
928.55	1204.33
928.72	1200.91
928.89	1194.21
929.07	1199.84
929.24	1200.25
929.41	1191.92
929.58	1201.03
929.76	1197.02
929.93	1199.70
930.10	1194.85
930.27	1208.98
930.44	1194.07
930.62	1199.93
930.79	1189.79
930.96	1200.33
931.13	1194.60
931.31	1205.33
931.48	1196.16
931.65	1202.16
931.82	1195.85
931.99	1204.98
932.17	1196.48
932.34	1204.37
932.51	1197.90
932.68	1202.77
932.85	1193.02
933.03	1203.49
933.20	1202.14
933.37	1208.32
933.54	1198.86
933.71	1202.71
933.88	1192.96
934.06	1200.03
934.23	1198.96
934.40	1204.12
934.57	1205.45
934.74	1201.85
934.91	1202.26
935.09	1202.20
935.26	1199.09
935.43	1200.29
935.60	1200.77
935.77	1207.50
935.94	1198.14
936.12	1203.98
936.29	1193.35
936.46	1206.85
936.63	1200.81
936.80	1202.75
936.97	1200.25
937.14	1204.51
937.32	1198.70
937.49	1206.91
937.66	1196.46
937.83	1192.04
938.00	1193.45
938.17	1198.25
938.34	1187.90
938.52	1203.16
938.69	1188.25
938.86	1202.83
939.03	1194.85
939.20	1206.99
939.37	1199.29
939.54	1206.27
939.71	1193.00
939.89	1205.54
940.06	1204.23
940.23	1199.52
940.40	1197.08
940.57	1198.86
940.74	1194.23
940.91	1208.92
941.08	1195.62
941.25	1202.06
941.43	1198.98
941.60	1197.63
941.77	1193.11
941.94	1209.53
942.11	1199.62
942.28	1205.23
942.45	1197.12
942.62	1199.62
942.79	1201.54
942.96	1203.67
943.13	1201.30
943.30	1200.81
943.48	1197.16
943.65	1198.98
943.82	1204.98
943.99	1209.22
944.16	1190.63
944.33	1199.90
944.50	1200.36
944.67	1202.73
944.84	1202.53
945.01	1210.25
945.18	1194.68
945.35	1196.26
945.52	1200.62
945.69	1203.67
945.86	1197.34
946.03	1199.56
946.21	1196.75
946.38	1200.33
946.55	1192.84
946.72	1213.34
946.89	1196.36
947.06	1196.22
947.23	1195.95
947.40	1198.98
947.57	1187.88
947.74	1204.78
947.91	1203.32
948.08	1207.26
948.25	1195.40
948.42	1204.19
948.59	1194.13
948.76	1203.90
948.93	1198.47
949.10	1199.74
949.27	1197.10
949.44	1206.81
949.61	1195.50
949.78	1202.20
949.95	1198.27
950.12	1209.02
950.29	1198.92
950.46	1206.85
950.63	1198.18
950.80	1204.92
950.97	1195.01
951.14	1208.18
951.31	1194.48
951.48	1198.12
951.65	1192.31
951.82	1202.53
951.99	1198.37
952.16	1206.32
952.33	1200.68
952.50	1201.60
952.67	1197.47
952.84	1193.84
953.01	1195.15
953.18	1204.92
953.35	1196.44
953.52	1202.38
953.69	1192.53
953.86	1202.55
954.03	1194.21
954.20	1202.24
954.37	1206.64
954.54	1197.53
954.70	1192.02
954.87	1204.82
955.04	1202.01
955.21	1196.38
955.38	1200.25
955.55	1199.17
955.72	1190.65
955.89	1200.03
956.06	1195.11
956.23	1207.50
956.40	1194.66
956.57	1203.78
956.74	1198.84
956.91	1201.20
957.08	1198.02
957.25	1198.64
957.41	1197.37
957.58	1200.21
957.75	1196.34
957.92	1202.08
958.09	1194.11
958.26	1203.14
958.43	1194.83
958.60	1205.58
958.77	1196.98
958.94	1203.51
959.11	1196.63
959.27	1206.09
959.44	1198.14
959.61	1207.24
959.78	1195.22
959.95	1204.02
960.12	1192.41
960.29	1210.39
960.46	1198.35
960.63	1201.50
960.80	1194.72
960.96	1208.73
961.13	1197.75
961.30	1204.31
961.47	1200.72
961.64	1202.55
961.81	1198.43
961.98	1201.22
962.15	1195.32
962.31	1200.89
962.48	1191.90
962.65	1200.01
962.82	1193.70
962.99	1201.50
963.16	1196.16
963.33	1200.83
963.49	1194.13
963.66	1208.14
963.83	1198.51
964.00	1211.62
964.17	1197.43
964.34	1208.85
964.51	1197.75
964.67	1201.15
964.84	1198.16
965.01	1219.22
965.18	1195.73
965.35	1214.77
965.52	1195.69
965.68	1201.85
965.85	1207.44
966.02	1200.83
966.19	1199.78
966.36	1205.78
966.52	1193.84
966.69	1202.46
966.86	1198.39
967.03	1207.95
967.20	1194.50
967.37	1198.70
967.53	1193.45
967.70	1206.87
967.87	1196.03
968.04	1204.76
968.21	1191.18
968.37	1208.73
968.54	1196.16
968.71	1209.98
968.88	1193.25
969.05	1204.64
969.21	1191.10
969.38	1205.41
969.55	1193.92
969.72	1208.73
969.89	1198.10
970.05	1207.67
970.22	1197.34
970.39	1195.32
970.56	1197.30
970.72	1209.26
970.89	1196.44
971.06	1201.75
971.23	1197.75
971.39	1197.00
971.56	1203.94
971.73	1200.11
971.90	1197.04
972.07	1201.07
972.23	1195.93
972.40	1199.19
972.57	1191.32
972.74	1200.93
972.90	1191.43
973.07	1197.30
973.24	1197.61
973.40	1202.79
973.57	1199.19
973.74	1203.82
973.91	1197.04
974.07	1204.78
974.24	1193.68
974.41	1205.29
974.58	1190.24
974.74	1207.05
974.91	1201.34
975.08	1202.01
975.25	1196.12
975.41	1208.71
975.58	1193.84
975.75	1201.36
975.91	1192.68
976.08	1207.01
976.25	1199.56
976.42	1200.11
976.58	1195.03
976.75	1203.73
976.92	1191.30
977.08	1205.74
977.25	1196.26
977.42	1203.67
977.58	1196.75
977.75	1196.67
977.92	1196.48
978.08	1198.82
978.25	1202.40
978.42	1197.18
978.59	1193.68
978.75	1204.02
978.92	1198.61
979.09	1199.15
979.25	1195.44
979.42	1201.87
979.59	1193.72
979.75	1198.12
979.92	1205.41
980.09	1197.63
980.25	1200.60
980.42	1197.78
980.59	1196.98
980.75	1200.21
980.92	1201.79
981.09	1208.40
981.25	1203.59
981.42	1205.15
981.59	1197.94
981.75	1203.10
981.92	1196.65
982.08	1201.67
982.25	1199.02
982.42	1203.55
982.58	1195.26
982.75	1197.34
982.92	1194.25
983.08	1198.86
983.25	1199.41
983.42	1206.64
983.58	1194.60
983.75	1198.61
983.91	1194.54
984.08	1210.14
984.25	1202.96
984.41	1197.92
984.58	1194.81
984.74	1201.11
984.91	1195.79
985.08	1210.35
985.24	1191.24
985.41	1199.11
985.57	1196.55
985.74	1196.89
985.91	1203.39
986.07	1201.15
986.24	1198.51
986.40	1204.29
986.57	1204.31
986.74	1198.37
986.90	1198.49
987.07	1202.10
987.23	1197.30
987.40	1202.49
987.57	1198.49
987.73	1211.23
987.90	1197.55
988.06	1208.92
988.23	1193.35
988.39	1206.77
988.56	1194.70
988.73	1205.25
988.89	1202.16
989.06	1194.35
989.22	1192.55
989.39	1203.16
989.55	1198.02
989.72	1205.66
989.88	1194.85
990.05	1198.78
990.22	1200.62
990.38	1204.98
990.55	1199.02
990.71	1199.76
990.88	1198.21
991.04	1203.39
991.21	1191.14
991.37	1202.85
991.54	1199.58
991.70	1209.10
991.87	1195.48
992.03	1200.50
992.20	1201.28
992.36	1205.41
992.53	1196.98
992.69	1193.37
992.86	1203.49
993.03	1203.00
993.19	1191.86
993.36	1211.03
993.52	1191.20
993.69	1203.32
993.85	1190.83
994.02	1202.61
994.18	1195.32
994.35	1207.93
994.51	1199.37
994.68	1200.68
994.84	1203.92
995.01	1202.92
995.17	1190.22
995.34	1196.55
995.50	1192.39
995.66	1200.38
995.83	1193.56
995.99	1203.30
996.16	1204.51
996.32	1199.23
996.49	1193.09
996.65	1202.77
996.82	1197.08
996.98	1198.57
997.15	1195.32
997.31	1199.33
997.48	1195.19
997.64	1206.05
997.81	1191.77
997.97	1207.05
998.13	1197.26
998.30	1197.71
998.46	1194.60
998.63	1197.04
998.79	1191.65
998.96	1204.64
999.12	1199.45
999.29	1204.49
999.45	1194.31
999.61	1205.72
999.78	1196.83
999.94	1198.88
1000.11	1198.29
1000.27	1205.29
1000.44	1196.79
1000.60	1201.03
1000.76	1198.51
1000.93	1202.98
1001.09	1198.80
1001.26	1210.17
1001.42	1189.54
1001.59	1200.44
1001.75	1191.14
1001.91	1201.99
1002.08	1203.53
1002.24	1197.94
1002.41	1198.08
1002.57	1212.44
1002.73	1193.37
1002.90	1202.79
1003.06	1195.34
1003.23	1199.43
1003.39	1202.94
1003.55	1200.91
1003.72	1198.72
1003.88	1209.86
1004.04	1194.58
1004.21	1196.61
1004.37	1200.15
1004.54	1202.59
1004.70	1200.60
1004.86	1208.24
1005.03	1191.67
1005.19	1205.35
1005.35	1195.77
1005.52	1198.57
1005.68	1191.02
1005.85	1205.05
1006.01	1195.19
1006.17	1201.40
1006.34	1194.48
1006.50	1202.59
1006.66	1197.06
1006.83	1207.50
1006.99	1196.53
1007.15	1209.69
1007.32	1195.19
1007.48	1211.50
1007.64	1191.86
1007.81	1205.07
1007.97	1202.65
1008.13	1207.75
1008.30	1195.03
1008.46	1197.82
1008.62	1201.22
1008.79	1201.99
1008.95	1210.94
1009.11	1201.93
1009.28	1193.17
1009.44	1207.87
1009.60	1194.48
1009.77	1202.28
1009.93	1195.85
1010.09	1205.07
1010.25	1200.70
1010.42	1207.67
1010.58	1198.78
1010.74	1202.71
1010.91	1194.62
1011.07	1198.72
1011.23	1191.12
1011.40	1202.51
1011.56	1203.32
1011.72	1201.81
1011.88	1196.03
1012.05	1203.14
1012.21	1193.25
1012.37	1197.82
1012.54	1202.61
1012.70	1207.75
1012.86	1196.75
1013.02	1203.84
1013.19	1192.02
1013.35	1206.48
1013.51	1201.67
1013.67	1195.87
1013.84	1199.13
1014.00	1206.72
1014.16	1196.40
1014.33	1202.18
1014.49	1195.03
1014.65	1204.64
1014.81	1193.70
1014.98	1203.88
1015.14	1192.66
1015.30	1203.53
1015.46	1204.86
1015.62	1204.51
1015.79	1199.84
1015.95	1200.46
1016.11	1193.88
1016.27	1199.37
1016.44	1203.57
1016.60	1201.89
1016.76	1194.01
1016.92	1202.79
1017.09	1200.93
1017.25	1199.70
1017.41	1197.84
1017.57	1200.68
1017.73	1195.28
1017.90	1211.76
1018.06	1204.21
1018.22	1210.55
1018.38	1205.19
1018.54	1199.19
1018.71	1192.08
1018.87	1205.19
1019.03	1198.86
1019.19	1201.56
1019.35	1202.16
1019.52	1197.34
1019.68	1197.57
1019.84	1208.92
1020.00	1195.13
1020.16	1205.25
1020.33	1197.73
1020.49	1205.39
1020.65	1197.49
1020.81	1200.27
1020.97	1197.32
1021.13	1206.07
1021.30	1194.81
1021.46	1204.84
1021.62	1198.37
1021.78	1202.67
1021.94	1195.22
1022.10	1201.03
1022.27	1191.86
1022.43	1206.42
1022.59	1195.40
1022.75	1198.41
1022.91	1198.08
1023.07	1200.62
1023.24	1195.36
1023.40	1201.11
1023.56	1204.45
1023.72	1200.03
1023.88	1195.46
1024.04	1200.64
1024.20	1199.66
1024.36	1202.06
1024.53	1193.68
1024.69	1202.79
1024.85	1200.36
1025.01	1207.81
1025.17	1203.82
1025.33	1201.67
1025.49	1200.25
1025.65	1204.78
1025.82	1194.03
1025.98	1201.91
1026.14	1197.08
1026.30	1197.57
1026.46	1198.57
1026.62	1195.03
1026.78	1195.30
1026.94	1201.63
1027.10	1197.30
1027.26	1207.40
1027.43	1189.48
1027.59	1204.59
1027.75	1189.50
1027.91	1202.53
1028.07	1198.43
1028.23	1197.84
1028.39	1202.14
1028.55	1202.30
1028.71	1200.62
1028.87	1205.86
1029.03	1196.71
1029.19	1199.29
1029.36	1193.88
1029.52	1201.30
1029.68	1198.68
1029.84	1210.88
1030.00	1202.73
1030.16	1208.16
1030.32	1204.84
1030.48	1205.39
1030.64	1195.65
1030.80	1202.81
1030.96	1187.33
1031.12	1204.29
1031.28	1197.96
1031.44	1205.31
1031.60	1201.05
1031.76	1204.78
1031.92	1197.73
1032.08	1217.89
1032.24	1199.31
1032.40	1208.44
1032.56	1192.49
1032.73	1207.65
1032.89	1193.70
1033.05	1207.42
1033.21	1189.09
1033.37	1214.53
1033.53	1197.65
1033.69	1206.25
1033.85	1192.94
1034.01	1205.35
1034.17	1203.76
1034.33	1199.27
1034.49	1197.49
1034.65	1204.92
1034.81	1189.52
1034.97	1196.55
1035.13	1202.12
1035.29	1206.64
1035.45	1193.70
1035.61	1204.02
1035.77	1200.36
1035.93	1206.48
1036.09	1199.19
1036.25	1204.76
1036.41	1194.05
1036.57	1203.41
1036.73	1194.21
1036.88	1206.54
1037.04	1199.52
