345.52	1182.72
345.73	1182.72
345.94	1182.72
346.16	1173.88
346.37	1181.82
346.58	1184.24
346.79	1181.49
347.00	1172.89
347.22	1182.13
347.43	1182.13
347.64	1187.45
347.85	1177.60
348.06	1183.28
348.28	1181.39
348.49	1188.91
348.70	1186.02
348.91	1182.66
349.12	1185.12
349.34	1192.20
349.55	1178.42
349.76	1187.88
349.97	1177.87
350.18	1185.26
350.40	1187.92
350.61	1189.58
350.82	1175.62
351.03	1185.43
351.24	1187.04
351.46	1189.87
351.67	1181.31
351.88	1189.67
352.09	1178.26
352.30	1189.07
352.51	1182.11
352.73	1189.54
352.94	1181.04
353.15	1187.58
353.36	1182.62
353.57	1186.59
353.79	1179.96
354.00	1182.27
354.21	1181.58
354.42	1193.90
354.63	1180.63
354.84	1186.41
355.06	1189.87
355.27	1183.13
355.48	1184.85
355.69	1194.50
355.90	1179.69
356.11	1181.68
356.33	1181.45
356.54	1187.08
356.75	1183.21
356.96	1191.47
357.17	1186.96
357.38	1189.58
357.60	1184.89
357.81	1191.00
358.02	1176.89
358.23	1186.31
358.44	1181.21
358.65	1192.88
358.87	1180.98
359.08	1184.38
359.29	1185.32
359.50	1194.01
359.71	1180.20
359.92	1189.23
360.13	1185.67
360.35	1186.39
360.56	1178.63
360.77	1191.41
360.98	1186.76
361.19	1195.50
361.40	1186.00
361.62	1186.06
361.83	1183.13
362.04	1188.93
362.25	1185.65
362.46	1195.42
362.67	1183.77
362.88	1189.95
363.10	1183.01
363.31	1186.63
363.52	1177.58
363.73	1187.56
363.94	1184.16
364.15	1193.29
364.36	1184.09
364.57	1196.67
364.79	1184.36
365.00	1186.37
365.21	1182.82
365.42	1187.58
365.63	1182.15
365.84	1192.16
366.05	1180.88
366.27	1192.57
366.48	1172.81
366.69	1190.18
366.90	1185.43
367.11	1187.29
367.32	1187.45
367.53	1185.69
367.74	1185.65
367.95	1186.04
368.17	1185.24
368.38	1187.84
368.59	1186.18
368.80	1188.44
369.01	1182.60
369.22	1187.70
369.43	1179.04
369.64	1187.66
369.86	1183.50
370.07	1189.11
370.28	1188.37
370.49	1193.00
370.70	1181.99
370.91	1184.79
371.12	1184.93
371.33	1189.07
371.54	1184.18
371.76	1189.26
371.97	1182.27
372.18	1188.03
372.39	1176.76
372.60	1188.42
372.81	1182.48
373.02	1185.49
373.23	1186.12
373.44	1191.30
373.65	1181.43
373.87	1194.25
374.08	1196.40
374.29	1185.24
374.50	1185.26
374.71	1194.46
374.92	1193.17
375.13	1191.90
375.34	1185.43
375.55	1193.35
375.76	1183.95
375.97	1182.82
376.19	1186.37
376.40	1189.69
376.61	1189.62
376.82	1197.22
377.03	1180.88
377.24	1194.58
377.45	1184.01
377.66	1199.76
377.87	1183.58
378.08	1197.26
378.29	1190.42
378.50	1189.79
378.71	1184.44
378.93	1190.20
379.14	1178.57
379.35	1186.96
379.56	1192.37
379.77	1192.66
379.98	1181.33
380.19	1193.78
380.40	1183.01
380.61	1190.22
380.82	1192.23
381.03	1192.59
381.24	1186.08
381.45	1187.78
381.66	1183.89
381.88	1198.68
382.09	1187.78
382.30	1193.31
382.51	1181.31
382.72	1190.81
382.93	1191.43
383.14	1191.69
383.35	1188.17
383.56	1188.09
383.77	1188.15
383.98	1193.49
384.19	1180.88
384.40	1188.07
384.61	1186.29
384.82	1197.06
385.03	1188.58
385.24	1191.92
385.45	1183.48
385.67	1187.00
385.88	1188.76
386.09	1188.42
386.30	1187.06
386.51	1186.06
386.72	1192.23
386.93	1194.85
387.14	1186.90
387.35	1192.78
387.56	1189.58
387.77	1187.39
387.98	1186.22
388.19	1195.99
388.40	1187.49
388.61	1200.27
388.82	1178.36
389.03	1188.80
389.24	1186.20
389.45	1188.11
389.66	1186.51
389.87	1194.03
390.08	1186.45
390.29	1191.08
390.50	1184.77
390.71	1191.43
390.92	1185.47
391.13	1195.58
391.34	1191.30
391.55	1192.82
391.76	1196.32
391.98	1193.56
392.19	1185.02
392.40	1191.65
392.61	1187.45
392.82	1189.23
393.03	1185.96
393.24	1191.08
393.45	1188.68
393.66	1188.03
393.87	1190.16
394.08	1191.86
394.29	1182.42
394.50	1185.41
394.71	1182.89
394.92	1199.41
395.13	1175.82
395.34	1196.44
395.55	1179.08
395.76	1194.03
395.97	1183.81
396.18	1203.16
396.39	1193.95
396.60	1187.51
396.81	1184.77
397.02	1197.00
397.23	1186.10
397.44	1199.27
397.65	1188.64
397.86	1193.49
398.07	1183.07
398.28	1198.68
398.49	1179.67
398.70	1185.16
398.91	1185.98
399.12	1182.03
399.33	1188.89
399.54	1195.34
399.75	1182.91
399.96	1184.83
400.17	1186.65
400.38	1198.43
400.59	1182.82
400.80	1193.82
401.01	1180.39
401.22	1199.11
401.42	1185.00
401.63	1198.90
401.84	1188.76
402.05	1191.26
402.26	1193.95
402.47	1189.21
402.68	1184.22
402.89	1193.29
403.10	1186.14
403.31	1197.59
403.52	1194.07
403.73	1196.51
403.94	1184.46
404.15	1195.67
404.36	1185.94
404.57	1196.42
404.78	1181.43
404.99	1193.78
405.20	1188.68
405.41	1201.52
405.62	1185.88
405.83	1195.42
406.04	1195.19
406.25	1202.65
406.46	1189.17
406.67	1198.98
406.88	1195.58
407.09	1194.87
407.30	1201.28
407.50	1200.58
407.71	1195.91
407.92	1207.67
408.13	1205.97
408.34	1206.77
408.55	1210.78
408.76	1217.03
408.97	1211.00
409.18	1215.47
409.39	1217.62
409.60	1225.96
409.81	1222.17
410.02	1238.32
410.23	1233.29
410.44	1255.04
410.65	1250.51
410.86	1270.05
411.07	1271.60
411.27	1286.39
411.48	1296.38
411.69	1297.94
411.90	1303.68
412.11	1293.89
412.32	1304.70
412.53	1319.96
412.74	1310.68
412.95	1319.51
413.16	1315.90
413.37	1326.90
413.58	1323.15
413.79	1324.77
414.00	1321.35
414.20	1340.97
414.41	1322.09
414.62	1342.40
414.83	1333.19
415.04	1344.53
415.25	1333.72
415.46	1337.32
415.67	1327.27
415.88	1334.76
416.09	1302.61
416.30	1326.22
416.51	1308.90
416.71	1311.11
416.92	1291.16
417.13	1295.50
417.34	1282.21
417.55	1279.92
417.76	1270.62
417.97	1282.42
418.18	1265.69
418.39	1269.90
418.60	1258.15
418.81	1262.55
419.01	1258.82
419.22	1266.71
419.43	1251.43
419.64	1258.44
419.85	1249.61
420.06	1251.25
420.27	1240.99
420.48	1249.02
420.69	1243.10
420.90	1242.63
421.10	1234.37
421.31	1245.10
421.52	1234.95
421.73	1242.81
421.94	1235.46
422.15	1245.02
422.36	1238.67
422.57	1242.07
422.78	1236.48
422.98	1237.71
423.19	1219.38
423.40	1235.68
423.61	1225.91
423.82	1229.62
424.03	1217.95
424.24	1233.43
424.45	1225.18
424.65	1230.24
424.86	1212.44
425.07	1224.66
425.28	1215.94
425.49	1227.68
425.70	1225.28
425.91	1225.26
426.12	1219.18
426.32	1217.15
426.53	1228.19
426.74	1222.45
426.95	1222.88
427.16	1225.52
427.37	1227.29
427.58	1230.60
427.78	1233.51
427.99	1238.18
428.20	1235.05
428.41	1251.06
428.62	1259.38
428.83	1277.67
429.04	1279.00
429.24	1297.41
429.45	1295.91
429.66	1316.11
429.87	1313.22
430.08	1327.84
430.29	1311.66
430.50	1320.55
430.70	1315.80
430.91	1316.07
431.12	1296.73
431.33	1302.26
431.54	1292.72
431.75	1285.55
431.96	1264.44
432.16	1260.89
432.37	1246.48
432.58	1237.98
432.79	1227.04
433.00	1221.18
433.21	1213.13
433.41	1220.32
433.62	1213.03
433.83	1219.61
434.04	1207.79
434.25	1212.07
434.46	1205.99
434.66	1219.28
434.87	1201.69
435.08	1216.68
435.29	1205.27
435.50	1211.43
435.71	1211.05
435.91	1209.04
436.12	1202.94
436.33	1201.69
436.54	1199.21
436.75	1197.08
436.95	1188.42
437.16	1204.47
437.37	1193.27
437.58	1195.32
437.79	1192.00
438.00	1194.54
438.20	1185.98
438.41	1198.04
438.62	1199.93
438.83	1191.16
439.04	1189.05
439.24	1195.24
439.45	1191.90
439.66	1201.95
439.87	1183.11
440.08	1189.56
440.28	1188.27
440.49	1192.18
440.70	1189.77
440.91	1197.61
441.12	1188.80
441.32	1193.06
441.53	1186.16
441.74	1193.13
441.95	1200.68
442.16	1195.26
442.36	1182.95
442.57	1194.21
442.78	1183.03
442.99	1189.79
443.20	1190.85
443.40	1196.34
443.61	1186.20
443.82	1189.36
444.03	1184.65
444.24	1195.75
444.44	1186.51
444.65	1194.25
444.86	1186.33
445.07	1193.80
445.27	1185.71
445.48	1186.61
445.69	1187.58
445.90	1187.88
446.11	1187.33
446.31	1193.19
446.52	1183.21
446.73	1194.09
446.94	1187.25
447.14	1194.46
447.35	1186.06
447.56	1192.76
447.77	1186.59
447.97	1195.09
448.18	1188.07
448.39	1192.72
448.60	1185.47
448.81	1196.26
449.01	1191.69
449.22	1189.40
449.43	1188.19
449.64	1191.77
449.84	1183.87
450.05	1198.72
450.26	1184.24
450.47	1195.13
450.67	1189.23
450.88	1187.23
451.09	1179.79
451.30	1190.42
451.50	1184.65
451.71	1191.26
451.92	1185.53
452.13	1188.33
452.33	1177.77
452.54	1186.39
452.75	1189.56
452.96	1200.99
453.16	1185.12
453.37	1193.27
453.58	1180.35
453.79	1188.80
453.99	1187.21
454.20	1192.63
454.41	1185.63
454.61	1194.95
454.82	1186.16
455.03	1191.98
455.24	1180.80
455.44	1196.24
455.65	1190.57
455.86	1194.44
456.07	1185.90
456.27	1197.82
456.48	1187.06
456.69	1197.88
456.90	1185.67
457.10	1194.25
457.31	1189.07
457.52	1192.39
457.72	1185.75
457.93	1188.09
458.14	1188.29
458.35	1192.51
458.55	1188.09
458.76	1190.20
458.97	1193.86
459.17	1192.29
459.38	1189.87
459.59	1195.97
459.80	1185.79
460.00	1196.65
460.21	1191.10
460.42	1189.71
460.62	1183.40
460.83	1192.78
461.04	1183.05
461.25	1202.92
461.45	1194.76
461.66	1192.43
461.87	1184.55
462.07	1195.30
462.28	1179.88
462.49	1185.02
462.69	1194.17
462.90	1200.50
463.11	1179.94
463.31	1196.71
463.52	1187.00
463.73	1194.81
463.94	1181.60
464.14	1192.06
464.35	1185.86
464.56	1193.09
464.76	1188.40
464.97	1192.49
465.18	1177.99
465.38	1184.32
465.59	1187.84
465.80	1191.73
466.00	1195.11
466.21	1191.06
466.42	1181.39
466.62	1190.57
466.83	1185.47
467.04	1193.39
467.24	1184.67
467.45	1187.00
467.66	1178.65
467.86	1197.34
468.07	1192.53
468.28	1191.86
468.48	1186.14
468.69	1192.12
468.90	1185.16
469.10	1195.56
469.31	1185.41
469.52	1197.55
469.72	1186.70
469.93	1193.84
470.14	1181.60
470.34	1192.82
470.55	1186.90
470.76	1192.80
470.96	1188.01
471.17	1190.89
471.38	1182.64
471.58	1191.84
471.79	1191.08
472.00	1187.92
472.20	1183.19
472.41	1192.74
472.62	1189.07
472.82	1192.33
473.03	1187.70
473.24	1196.08
473.44	1194.99
473.65	1197.34
473.85	1185.08
474.06	1188.85
474.27	1186.06
474.47	1185.75
474.68	1186.33
474.89	1195.58
475.09	1185.36
475.30	1187.84
475.51	1183.38
475.71	1191.65
475.92	1184.44
476.12	1192.63
476.33	1188.44
476.54	1193.31
476.74	1188.76
476.95	1193.33
477.16	1189.11
477.36	1185.73
477.57	1190.26
477.77	1188.93
477.98	1183.23
478.19	1193.80
478.39	1186.65
478.60	1189.83
478.81	1188.40
479.01	1193.99
479.22	1187.82
479.42	1190.42
479.63	1178.09
479.84	1188.15
480.04	1182.11
480.25	1189.54
480.45	1181.15
480.66	1191.82
480.87	1187.04
481.07	1194.05
481.28	1182.48
481.48	1192.57
481.69	1185.73
481.90	1190.38
482.10	1187.72
482.31	1192.25
482.51	1182.76
482.72	1202.69
482.93	1185.53
483.13	1190.05
483.34	1183.75
483.54	1189.34
483.75	1189.73
483.96	1184.09
484.16	1193.31
484.37	1196.63
484.57	1188.54
484.78	1189.03
484.99	1186.55
485.19	1195.71
485.40	1186.55
485.60	1196.57
485.81	1181.51
486.01	1194.52
486.22	1189.21
486.43	1196.51
486.63	1190.07
486.84	1192.55
487.04	1181.84
487.25	1190.24
487.46	1188.58
487.66	1192.49
487.87	1186.63
488.07	1196.55
488.28	1186.41
488.48	1190.79
488.69	1183.71
488.89	1188.35
489.10	1188.19
489.31	1190.24
489.51	1190.81
489.72	1191.67
489.92	1184.75
490.13	1193.25
490.33	1179.96
490.54	1189.07
490.75	1188.50
490.95	1194.56
491.16	1189.28
491.36	1193.86
491.57	1183.60
491.77	1189.11
491.98	1188.21
492.18	1189.79
492.39	1183.23
492.59	1185.84
492.80	1186.78
493.01	1196.34
493.21	1191.43
493.42	1190.77
493.62	1186.57
493.83	1193.74
494.03	1182.52
494.24	1186.51
494.44	1175.70
494.65	1191.22
494.85	1183.01
495.06	1185.88
495.26	1183.81
495.47	1187.64
495.68	1188.72
495.88	1191.12
496.09	1180.84
496.29	1189.81
496.50	1191.94
496.70	1193.82
496.91	1186.02
497.11	1194.50
497.32	1195.77
497.52	1189.97
497.73	1183.52
497.93	1190.55
498.14	1184.01
498.34	1192.74
498.55	1185.28
498.75	1188.80
498.96	1195.85
499.16	1194.33
499.37	1185.88
499.57	1187.68
499.78	1185.98
499.98	1192.31
500.19	1183.91
500.39	1193.17
500.60	1186.98
500.80	1195.69
501.01	1185.34
501.21	1192.00
501.42	1188.46
501.62	1188.62
501.83	1179.53
502.03	1195.87
502.24	1192.57
502.44	1188.23
502.65	1181.51
502.85	1187.15
503.06	1185.67
503.26	1183.89
503.47	1188.48
503.67	1195.69
503.88	1187.76
504.08	1193.52
504.29	1185.24
504.49	1189.48
504.70	1188.48
504.90	1192.10
505.11	1184.22
505.31	1185.02
505.52	1177.58
505.72	1191.45
505.93	1181.04
506.13	1186.98
506.34	1192.76
506.54	1194.62
506.75	1183.56
506.95	1189.30
507.16	1178.63
507.36	1191.18
507.56	1183.25
507.77	1190.77
507.97	1186.18
508.18	1193.02
508.38	1179.98
508.59	1190.05
508.79	1183.91
509.00	1192.43
509.20	1193.02
509.41	1193.25
509.61	1183.07
509.82	1192.96
510.02	1181.99
510.22	1197.71
510.43	1173.12
510.63	1190.16
510.84	1184.91
511.04	1191.32
511.25	1186.37
511.45	1191.18
511.66	1179.43
511.86	1189.56
512.06	1188.31
512.27	1194.64
512.47	1185.32
512.68	1195.52
512.88	1185.67
513.09	1191.51
513.29	1186.70
513.50	1192.12
513.70	1185.18
513.90	1196.51
514.11	1183.21
514.31	1189.17
514.52	1185.43
514.72	1190.07
514.93	1189.89
515.13	1198.76
515.33	1179.16
515.54	1190.85
515.74	1183.91
515.95	1192.02
516.15	1184.69
516.36	1196.40
516.56	1185.61
516.76	1189.44
516.97	1192.12
517.17	1190.24
517.38	1185.55
517.58	1183.07
517.78	1186.06
517.99	1185.75
518.19	1184.14
518.40	1192.29
518.60	1182.27
518.81	1193.47
519.01	1193.41
519.21	1196.26
519.42	1179.55
519.62	1204.33
519.83	1185.10
520.03	1192.14
520.23	1187.19
520.44	1188.48
520.64	1180.53
520.85	1188.01
521.05	1182.05
521.25	1193.76
521.46	1182.80
521.66	1196.26
521.86	1187.49
522.07	1186.55
522.27	1184.42
522.48	1189.95
522.68	1192.47
522.88	1190.42
523.09	1189.67
523.29	1193.86
523.50	1185.67
523.70	1187.68
523.90	1182.54
524.11	1191.32
524.31	1184.93
524.51	1194.62
524.72	1177.27
524.92	1189.75
525.13	1177.11
525.33	1193.88
525.53	1186.43
525.74	1194.74
525.94	1190.32
526.14	1189.03
526.35	1185.92
526.55	1184.59
526.76	1183.75
526.96	1192.55
527.16	1185.63
527.37	1196.59
527.57	1179.59
527.77	1194.48
527.98	1190.38
528.18	1190.46
528.38	1191.14
528.59	1193.64
528.79	1189.09
528.99	1189.71
529.20	1188.68
529.40	1199.11
529.61	1188.35
529.81	1190.38
530.01	1181.53
530.22	1192.63
530.42	1179.38
530.62	1189.52
530.83	1183.71
531.03	1192.78
531.23	1185.71
531.44	1193.35
531.64	1187.27
531.84	1190.85
532.05	1186.55
532.25	1192.74
532.45	1189.58
532.66	1194.58
532.86	1183.68
533.06	1192.45
533.27	1182.17
533.47	1190.83
533.67	1184.85
533.88	1190.48
534.08	1180.33
534.28	1199.80
534.49	1189.52
534.69	1193.35
534.89	1185.71
535.09	1194.05
535.30	1189.42
535.50	1188.09
535.70	1187.70
535.91	1195.81
536.11	1190.50
536.31	1190.38
536.52	1184.05
536.72	1190.77
536.92	1182.95
537.13	1188.11
537.33	1181.51
537.53	1184.28
537.74	1186.96
537.94	1190.03
538.14	1185.96
538.34	1189.77
538.55	1187.51
538.75	1194.17
538.95	1189.23
539.16	1187.84
539.36	1181.23
539.56	1186.43
539.77	1182.37
539.97	1192.92
540.17	1185.47
540.37	1183.48
540.58	1187.99
540.78	1194.70
540.98	1189.26
541.19	1189.42
541.39	1187.72
541.59	1187.13
541.79	1183.52
542.00	1195.19
542.20	1189.34
542.40	1194.97
542.60	1182.50
542.81	1188.40
543.01	1184.38
543.21	1189.17
543.42	1188.85
543.62	1194.23
543.82	1183.17
544.02	1190.44
544.23	1183.28
544.43	1188.52
544.63	1182.64
544.83	1190.05
545.04	1189.01
545.24	1193.33
545.44	1186.78
545.64	1194.99
545.85	1186.04
546.05	1195.34
546.25	1183.23
546.45	1189.93
546.66	1185.20
546.86	1191.06
547.06	1181.04
547.27	1189.64
547.47	1187.13
547.67	1191.43
547.87	1188.03
548.07	1187.84
548.28	1186.27
548.48	1197.34
548.68	1182.56
548.88	1184.85
549.09	1185.75
549.29	1186.02
549.49	1183.05
549.69	1182.99
549.90	1187.25
550.10	1192.47
550.30	1183.36
550.50	1188.19
550.71	1182.46
550.91	1191.30
551.11	1186.20
551.31	1186.39
551.51	1184.24
551.72	1190.40
551.92	1185.47
552.12	1186.65
552.32	1175.35
552.53	1190.83
552.73	1185.22
552.93	1185.32
553.13	1185.51
553.33	1193.21
553.54	1186.57
553.74	1194.33
553.94	1187.35
554.14	1186.80
554.35	1189.32
554.55	1198.90
554.75	1183.81
554.95	1191.16
555.15	1186.20
555.36	1196.87
555.56	1185.59
555.76	1193.78
555.96	1182.07
556.16	1188.80
556.37	1181.31
556.57	1193.76
556.77	1183.42
556.97	1187.31
557.17	1189.67
557.38	1190.81
557.58	1184.42
557.78	1183.89
557.98	1177.13
558.18	1186.94
558.38	1188.23
558.59	1188.74
558.79	1180.39
558.99	1194.56
559.19	1183.81
559.39	1190.77
559.60	1184.38
559.80	1195.56
560.00	1190.34
560.20	1186.41
560.40	1191.45
560.60	1192.96
560.81	1185.41
561.01	1191.94
561.21	1189.01
561.41	1195.09
561.61	1190.14
561.81	1188.11
562.02	1181.58
562.22	1192.37
562.42	1184.07
562.62	1187.97
562.82	1188.68
563.02	1186.78
563.23	1182.97
563.43	1193.82
563.63	1192.20
563.83	1187.27
564.03	1190.46
564.23	1191.55
564.43	1188.85
564.64	1184.93
564.84	1185.18
565.04	1189.64
565.24	1181.58
565.44	1185.20
565.64	1184.18
565.85	1190.89
566.05	1186.51
566.25	1198.53
566.45	1181.21
566.65	1193.43
566.85	1181.25
567.05	1186.24
567.25	1188.33
567.46	1187.25
567.66	1183.46
567.86	1188.31
568.06	1185.02
568.26	1196.89
568.46	1178.48
568.66	1196.36
568.86	1185.92
569.07	1191.53
569.27	1185.51
569.47	1183.40
569.67	1182.42
569.87	1193.25
570.07	1191.43
570.27	1193.13
570.47	1186.59
570.68	1190.79
570.88	1186.04
571.08	1188.76
571.28	1181.58
571.48	1187.49
571.68	1184.05
571.88	1193.95
572.08	1177.91
572.28	1187.19
572.49	1183.28
572.69	1194.33
572.89	1180.00
573.09	1191.79
573.29	1191.14
573.49	1192.53
573.69	1181.00
573.89	1194.81
574.09	1192.45
574.29	1192.61
574.50	1190.46
574.70	1190.65
574.90	1186.65
575.10	1196.46
575.30	1184.57
575.50	1185.32
575.70	1193.13
575.90	1189.34
576.10	1186.35
576.30	1194.91
576.50	1184.18
576.70	1184.12
576.91	1182.46
577.11	1190.57
577.31	1187.41
577.51	1194.25
577.71	1182.93
577.91	1191.79
578.11	1186.31
578.31	1195.11
578.51	1190.44
578.71	1188.13
578.91	1182.78
579.11	1190.38
579.31	1196.94
579.51	1185.73
579.71	1187.27
579.92	1199.21
580.12	1186.88
580.32	1190.63
580.52	1192.18
580.72	1188.83
580.92	1186.08
581.12	1192.70
581.32	1185.53
581.52	1186.31
581.72	1188.93
581.92	1196.36
582.12	1181.06
582.32	1191.30
582.52	1184.05
582.72	1194.21
582.92	1179.57
583.12	1190.89
583.32	1187.25
583.52	1196.77
583.72	1181.25
583.92	1188.74
584.12	1186.53
584.33	1194.27
584.53	1186.86
584.73	1186.72
584.93	1184.77
585.13	1190.34
585.33	1182.70
585.53	1191.86
585.73	1188.05
585.93	1192.04
586.13	1177.01
586.33	1195.99
586.53	1189.50
586.73	1193.86
586.93	1184.38
587.13	1191.43
587.33	1187.04
587.53	1192.45
587.73	1189.99
587.93	1191.32
588.13	1195.07
588.33	1187.31
588.53	1187.97
588.73	1186.04
588.93	1184.44
589.13	1189.89
589.33	1186.94
589.53	1195.69
589.73	1190.69
589.93	1189.48
590.13	1182.29
590.33	1179.81
590.53	1188.46
590.73	1186.84
590.93	1185.02
591.13	1188.01
591.33	1191.82
591.53	1191.61
591.73	1186.06
591.93	1191.63
592.13	1187.51
592.33	1185.41
592.53	1186.35
592.73	1189.19
592.93	1180.20
593.13	1186.00
593.33	1181.66
593.53	1192.82
593.73	1189.07
593.93	1187.90
594.13	1184.09
594.33	1191.71
594.53	1187.62
594.73	1195.26
594.92	1181.64
595.12	1188.62
595.32	1190.26
595.52	1192.00
595.72	1190.73
595.92	1193.15
596.12	1189.36
596.32	1189.85
596.52	1182.89
596.72	1192.25
596.92	1184.14
597.12	1190.55
597.32	1181.76
597.52	1195.03
597.72	1179.43
597.92	1192.63
598.12	1177.99
598.32	1195.03
598.52	1187.92
598.72	1190.89
598.92	1188.44
599.12	1189.11
599.31	1186.41
599.51	1191.18
599.71	1182.68
599.91	1191.59
600.11	1179.18
600.31	1195.75
600.51	1187.27
600.71	1190.16
600.91	1187.64
601.11	1194.38
601.31	1186.92
601.51	1189.71
601.71	1187.11
601.91	1193.49
602.10	1183.81
602.30	1194.56
602.50	1182.60
602.70	1197.04
602.90	1183.56
603.10	1189.40
603.30	1191.45
603.50	1192.14
603.70	1181.15
603.90	1184.85
604.10	1189.40
604.30	1184.48
604.49	1185.67
604.69	1182.68
604.89	1185.45
605.09	1191.39
605.29	1188.44
605.49	1186.92
605.69	1183.83
605.89	1192.45
606.09	1189.23
606.29	1190.40
606.48	1182.68
606.68	1192.72
606.88	1186.78
607.08	1188.23
607.28	1184.03
607.48	1192.59
607.68	1182.50
607.88	1189.44
608.08	1187.62
608.27	1193.02
608.47	1189.71
608.67	1189.42
608.87	1179.45
609.07	1197.00
609.27	1184.63
609.47	1189.17
609.67	1197.47
609.87	1196.98
610.06	1187.47
610.26	1189.73
610.46	1188.68
610.66	1191.82
610.86	1186.74
611.06	1192.70
611.26	1187.70
611.45	1191.75
611.65	1184.14
611.85	1195.99
612.05	1182.21
612.25	1183.83
612.45	1186.94
612.65	1198.10
612.84	1183.99
613.04	1186.80
613.24	1189.17
613.44	1189.34
613.64	1186.80
613.84	1198.53
614.04	1181.58
614.23	1190.89
614.43	1185.41
614.63	1190.10
614.83	1180.94
615.03	1185.69
615.23	1180.00
615.42	1182.52
615.62	1186.04
615.82	1182.11
616.02	1175.33
616.22	1188.21
616.42	1183.01
616.61	1191.39
616.81	1187.04
617.01	1195.05
617.21	1182.13
617.41	1196.53
617.61	1186.80
617.80	1190.81
618.00	1182.39
618.20	1193.52
618.40	1185.24
618.60	1191.75
618.80	1183.99
618.99	1193.84
619.19	1186.00
619.39	1196.87
619.59	1186.98
619.79	1191.77
619.98	1184.36
620.18	1191.41
620.38	1185.53
620.58	1190.38
620.78	1180.47
620.97	1186.39
621.17	1188.21
621.37	1189.87
621.57	1173.47
621.77	1193.23
621.96	1187.80
622.16	1187.49
622.36	1189.11
622.56	1187.49
622.76	1183.42
622.95	1190.48
623.15	1186.20
623.35	1193.25
623.55	1185.51
623.75	1192.63
623.94	1179.18
624.14	1195.05
624.34	1192.23
624.54	1187.02
624.73	1187.08
624.93	1194.48
625.13	1183.60
625.33	1186.61
625.53	1188.27
625.72	1186.33
625.92	1184.36
626.12	1195.01
626.32	1190.75
626.51	1191.16
626.71	1180.61
626.91	1193.37
627.11	1184.83
627.30	1198.51
627.50	1180.88
627.70	1187.64
627.90	1183.15
628.10	1183.64
628.29	1189.01
628.49	1193.99
628.69	1183.25
628.89	1194.81
629.08	1183.38
629.28	1193.37
629.48	1182.29
629.68	1194.70
629.87	1180.43
630.07	1186.04
630.27	1181.23
630.47	1190.57
630.66	1190.32
630.86	1186.39
631.06	1186.16
631.25	1189.05
631.45	1179.45
631.65	1191.20
631.85	1183.66
632.04	1196.46
632.24	1182.70
632.44	1184.83
632.64	1176.11
632.83	1187.25
633.03	1192.84
633.23	1193.00
633.42	1179.94
633.62	1194.64
633.82	1188.54
634.02	1188.68
634.21	1185.30
634.41	1177.42
634.61	1181.53
634.81	1183.15
635.00	1183.03
635.20	1192.10
635.40	1197.98
635.59	1196.03
635.79	1185.26
635.99	1190.63
636.18	1179.75
636.38	1191.61
636.58	1180.14
636.78	1187.58
636.97	1184.81
637.17	1191.28
637.37	1182.21
637.56	1187.97
637.76	1192.72
637.96	1187.54
638.15	1189.01
638.35	1188.29
638.55	1180.98
638.74	1187.45
638.94	1177.44
639.14	1193.62
639.34	1186.74
639.53	1192.84
639.73	1184.18
639.93	1186.47
640.12	1182.80
640.32	1186.04
640.52	1187.21
640.71	1183.93
640.91	1186.61
641.11	1198.51
641.30	1186.41
641.50	1185.86
641.70	1184.34
641.89	1192.04
642.09	1176.15
642.29	1189.58
642.48	1180.06
642.68	1189.23
642.88	1185.06
643.07	1189.26
643.27	1182.91
643.47	1188.66
643.66	1181.47
643.86	1184.79
644.06	1191.92
644.25	1192.53
644.45	1181.00
644.65	1183.23
644.84	1185.12
645.04	1187.27
645.23	1187.88
645.43	1189.97
645.63	1177.11
645.82	1186.22
646.02	1180.57
646.22	1193.80
646.41	1191.39
646.61	1191.36
646.81	1180.65
647.00	1184.38
647.20	1182.44
647.39	1191.22
647.59	1190.53
647.79	1193.19
647.98	1182.50
648.18	1188.44
648.38	1187.84
648.57	1192.16
648.77	1182.46
648.96	1190.81
649.16	1182.50
649.36	1186.47
649.55	1184.18
649.75	1186.78
649.95	1186.10
650.14	1190.85
650.34	1191.43
650.53	1191.36
650.73	1174.57
650.93	1190.53
651.12	1180.69
651.32	1198.39
651.51	1180.63
651.71	1190.75
651.91	1186.41
652.10	1187.94
652.30	1187.97
652.49	1189.64
652.69	1183.99
652.89	1188.91
653.08	1177.03
653.28	1196.12
653.47	1178.71
653.67	1192.04
653.86	1184.93
654.06	1185.06
654.26	1182.27
654.45	1187.25
654.65	1184.52
654.84	1195.93
655.04	1187.51
655.24	1191.86
655.43	1188.91
655.63	1182.11
655.82	1183.99
656.02	1191.51
656.21	1183.36
656.41	1190.55
656.61	1179.67
656.80	1190.79
657.00	1181.10
657.19	1191.12
657.39	1179.53
657.58	1179.96
657.78	1178.03
657.97	1186.61
658.17	1185.02
658.37	1191.82
658.56	1189.11
658.76	1194.33
658.95	1180.65
659.15	1197.04
659.34	1188.42
659.54	1188.95
659.73	1181.51
659.93	1187.70
660.13	1190.30
660.32	1191.92
660.52	1183.93
660.71	1185.69
660.91	1182.31
661.10	1191.98
661.30	1180.74
661.49	1187.35
661.69	1191.67
661.88	1194.78
662.08	1183.48
662.27	1190.07
662.47	1182.78
662.66	1191.69
662.86	1184.75
663.06	1192.51
663.25	1191.02
663.45	1197.63
663.64	1181.60
663.84	1192.25
664.03	1182.52
664.23	1184.18
664.42	1183.60
664.62	1191.47
664.81	1180.90
665.01	1186.61
665.20	1182.42
665.40	1196.44
665.59	1181.17
665.79	1191.69
665.98	1182.99
666.18	1192.39
666.37	1184.57
666.57	1187.29
666.76	1181.64
666.96	1192.76
667.15	1185.63
667.35	1192.68
667.54	1183.42
667.74	1191.08
667.93	1184.57
668.13	1191.49
668.32	1188.19
668.52	1192.39
668.71	1180.88
668.91	1191.47
669.10	1189.97
669.30	1188.54
669.49	1186.29
669.68	1198.82
669.88	1181.31
670.07	1193.17
670.27	1183.44
670.46	1184.22
670.66	1177.60
670.85	1196.48
671.05	1183.40
671.24	1190.98
671.44	1184.77
671.63	1185.18
671.83	1182.91
672.02	1194.48
672.22	1183.75
672.41	1190.26
672.60	1181.19
672.80	1189.05
672.99	1182.23
673.19	1186.27
673.38	1189.21
673.58	1188.40
673.77	1180.90
673.97	1191.43
674.16	1186.02
674.36	1194.95
674.55	1190.40
674.74	1181.13
674.94	1184.77
675.13	1193.00
675.33	1183.93
675.52	1189.73
675.72	1184.40
675.91	1191.96
676.10	1176.31
676.30	1193.04
676.49	1186.98
676.69	1189.23
676.88	1181.49
677.08	1187.94
677.27	1193.25
677.46	1191.10
677.66	1180.35
677.85	1192.04
678.05	1188.68
678.24	1186.31
678.44	1182.64
678.63	1191.04
678.82	1184.61
679.02	1191.08
679.21	1179.30
679.41	1191.45
679.60	1189.69
679.79	1190.93
679.99	1179.86
680.18	1189.38
680.38	1184.71
680.57	1190.53
680.76	1178.59
680.96	1188.52
681.15	1178.61
681.35	1195.73
681.54	1184.07
681.73	1196.53
681.93	1189.09
682.12	1197.84
682.32	1183.07
682.51	1192.29
682.70	1181.47
682.90	1193.09
683.09	1184.69
683.29	1190.12
683.48	1186.63
683.67	1195.30
683.87	1183.93
684.06	1191.30
684.25	1187.60
684.45	1194.50
684.64	1185.92
684.84	1187.70
685.03	1184.79
685.22	1195.36
685.42	1179.38
685.61	1187.17
685.80	1182.01
686.00	1191.61
686.19	1186.51
686.38	1195.40
686.58	1182.99
686.77	1186.70
686.96	1188.91
687.16	1199.27
687.35	1183.38
687.55	1191.47
687.74	1197.20
687.93	1183.73
688.13	1181.96
688.32	1186.31
688.51	1191.98
688.71	1188.54
688.90	1186.57
689.09	1191.32
689.29	1180.00
689.48	1185.79
689.67	1183.28
689.87	1199.39
690.06	1190.67
690.25	1195.32
690.45	1190.77
690.64	1193.58
690.83	1189.26
691.03	1193.31
691.22	1185.41
691.41	1187.17
691.61	1175.66
691.80	1185.49
691.99	1179.73
692.19	1194.58
692.38	1180.26
692.57	1196.65
692.76	1190.30
692.96	1183.97
693.15	1185.34
693.34	1187.31
693.54	1188.95
693.73	1188.54
693.92	1188.25
694.12	1188.44
694.31	1184.85
694.50	1184.61
694.70	1183.68
694.89	1190.67
695.08	1190.42
695.27	1188.83
695.47	1182.76
695.66	1189.60
695.85	1189.30
696.05	1195.62
696.24	1189.11
696.43	1189.40
696.62	1188.09
696.82	1186.35
697.01	1190.63
697.20	1186.90
697.40	1184.24
697.59	1189.48
697.78	1189.73
697.97	1185.86
698.17	1187.58
698.36	1191.61
698.55	1186.04
698.74	1189.89
698.94	1187.35
699.13	1188.23
699.32	1187.54
699.52	1195.97
699.71	1179.77
699.90	1190.07
700.09	1184.05
700.29	1184.61
700.48	1178.52
700.67	1188.76
700.86	1181.88
701.06	1181.49
701.25	1192.25
701.44	1193.95
701.63	1184.50
701.83	1188.74
702.02	1187.33
702.21	1190.22
702.40	1189.28
702.60	1198.90
702.79	1188.27
702.98	1190.83
703.17	1177.99
703.37	1191.84
703.56	1184.50
703.75	1194.09
703.94	1184.20
704.13	1191.18
704.33	1189.93
704.52	1185.65
704.71	1186.16
704.90	1197.14
705.10	1183.79
705.29	1190.85
705.48	1183.73
705.67	1187.51
705.86	1184.30
706.06	1189.01
706.25	1181.90
706.44	1189.50
706.63	1174.59
706.83	1187.27
707.02	1188.11
707.21	1199.50
707.40	1190.20
707.59	1196.89
707.79	1183.95
707.98	1186.00
708.17	1188.50
708.36	1191.71
708.55	1188.17
708.75	1194.56
708.94	1188.52
709.13	1190.05
709.32	1187.84
709.51	1185.73
709.71	1180.22
709.90	1194.78
710.09	1181.82
710.28	1192.84
710.47	1179.16
710.66	1189.71
710.86	1182.60
711.05	1192.90
711.24	1181.21
711.43	1188.72
711.62	1183.97
711.82	1191.34
712.01	1184.18
712.20	1181.17
712.39	1185.43
712.58	1188.83
712.77	1185.12
712.97	1187.56
713.16	1187.37
713.35	1194.85
713.54	1180.47
713.73	1194.81
713.92	1191.53
714.11	1190.79
714.31	1178.50
714.50	1191.24
714.69	1180.80
714.88	1192.31
715.07	1186.02
715.26	1186.39
715.46	1184.48
715.65	1193.74
715.84	1186.37
716.03	1193.86
716.22	1183.87
716.41	1185.67
716.60	1183.89
716.80	1190.59
716.99	1178.59
717.18	1186.49
717.37	1189.79
717.56	1192.68
717.75	1185.32
717.94	1190.03
718.13	1184.57
718.33	1192.18
718.52	1188.42
718.71	1187.82
718.90	1189.85
719.09	1196.65
719.28	1191.65
719.47	1194.25
719.66	1185.96
719.85	1187.21
720.05	1181.33
720.24	1194.21
720.43	1195.19
720.62	1196.05
720.81	1189.48
721.00	1190.34
721.19	1185.81
721.38	1197.75
721.57	1184.79
721.77	1185.69
721.96	1184.22
722.15	1186.10
722.34	1185.59
722.53	1189.67
722.72	1186.82
722.91	1176.72
723.10	1184.48
723.29	1200.54
723.48	1179.90
723.67	1191.82
723.87	1181.92
724.06	1199.04
724.25	1183.09
724.44	1188.52
724.63	1184.71
724.82	1187.80
725.01	1185.43
725.20	1190.28
725.39	1183.73
725.58	1191.55
725.77	1187.64
725.96	1192.37
726.15	1181.47
726.34	1194.56
726.54	1187.62
726.73	1189.32
726.92	1182.93
727.11	1191.94
727.30	1182.33
727.49	1189.81
727.68	1184.03
727.87	1186.80
728.06	1184.59
728.25	1185.98
728.44	1184.83
728.63	1188.72
728.82	1176.82
729.01	1191.30
729.20	1188.07
729.39	1194.58
729.58	1181.33
729.77	1189.56
729.96	1189.60
730.15	1194.76
730.34	1185.49
730.53	1184.87
730.73	1183.93
730.92	1189.30
731.11	1185.84
731.30	1186.22
731.49	1180.92
731.68	1183.62
731.87	1185.14
732.06	1188.78
732.25	1183.77
732.44	1186.92
732.63	1185.32
732.82	1187.82
733.01	1187.84
733.20	1192.27
733.39	1182.48
733.58	1184.38
733.77	1180.20
733.96	1185.49
734.15	1181.94
734.34	1188.74
734.53	1190.07
734.72	1189.83
734.91	1184.07
735.10	1187.25
735.29	1183.05
735.48	1188.91
735.67	1185.14
735.86	1192.18
736.05	1181.64
736.24	1198.57
736.43	1185.45
736.62	1192.55
736.81	1181.90
737.00	1206.25
737.19	1180.61
737.38	1190.87
737.57	1186.16
737.76	1191.57
737.95	1186.94
738.14	1189.69
738.33	1183.81
738.51	1193.54
738.70	1185.88
738.89	1190.65
739.08	1186.14
739.27	1185.63
739.46	1187.33
739.65	1188.91
739.84	1181.86
740.03	1190.12
740.22	1182.46
740.41	1191.71
740.60	1179.69
740.79	1191.71
740.98	1183.46
741.17	1191.67
741.36	1183.19
741.55	1195.85
741.74	1192.82
741.93	1188.42
742.12	1177.42
742.31	1187.29
742.50	1184.98
742.68	1180.98
742.87	1180.02
743.06	1190.91
743.25	1176.54
743.44	1186.31
743.63	1179.20
743.82	1191.12
744.01	1187.51
744.20	1192.25
744.39	1183.66
744.58	1187.47
744.77	1183.17
744.96	1184.16
745.14	1187.54
745.33	1191.67
745.52	1184.22
745.71	1189.73
745.90	1185.79
746.09	1190.55
746.28	1179.06
746.47	1192.31
746.66	1184.20
746.85	1188.03
747.04	1185.24
747.22	1187.64
747.41	1187.04
747.60	1191.98
747.79	1181.92
747.98	1184.73
748.17	1182.72
748.36	1191.84
748.55	1187.43
748.74	1182.37
748.93	1178.59
749.11	1182.76
749.30	1179.59
749.49	1188.62
749.68	1184.63
749.87	1193.97
750.06	1180.41
750.25	1188.85
750.44	1183.56
750.62	1183.97
750.81	1185.53
751.00	1188.89
751.19	1183.56
751.38	1193.58
751.57	1180.88
751.76	1191.94
751.95	1182.44
752.13	1196.98
752.32	1180.69
752.51	1193.25
752.70	1179.26
752.89	1191.32
753.08	1185.77
753.27	1190.03
753.45	1181.47
753.64	1191.47
753.83	1186.96
754.02	1193.35
754.21	1184.55
754.40	1183.95
754.58	1188.74
754.77	1185.49
754.96	1182.74
755.15	1183.85
755.34	1186.33
755.53	1189.73
755.71	1189.95
755.90	1185.94
756.09	1186.29
756.28	1188.93
756.47	1182.78
756.66	1186.63
756.84	1181.84
757.03	1188.17
757.22	1183.13
757.41	1192.12
757.60	1185.36
757.79	1193.88
757.97	1176.50
758.16	1191.02
758.35	1177.75
758.54	1189.89
758.73	1189.91
758.91	1185.20
759.10	1183.91
759.29	1186.08
759.48	1185.00
759.67	1187.80
759.85	1184.57
760.04	1195.26
760.23	1188.03
760.42	1183.95
760.61	1186.96
760.79	1191.59
760.98	1187.84
761.17	1195.46
761.36	1186.20
761.55	1187.17
761.73	1184.73
761.92	1188.17
762.11	1183.71
762.30	1191.65
762.49	1182.48
762.67	1185.98
762.86	1183.71
763.05	1195.15
763.24	1188.15
763.42	1188.09
763.61	1184.09
763.80	1185.77
763.99	1187.97
764.17	1184.98
764.36	1187.31
764.55	1189.54
764.74	1181.19
764.92	1180.82
765.11	1184.89
765.30	1190.59
765.49	1183.15
765.68	1189.23
765.86	1178.07
766.05	1191.90
766.24	1183.19
766.43	1189.79
766.61	1176.60
766.80	1188.25
766.99	1182.35
767.17	1185.92
767.36	1183.46
767.55	1186.78
767.74	1178.13
767.92	1187.45
768.11	1177.77
768.30	1193.97
768.49	1181.84
768.67	1191.28
768.86	1189.23
769.05	1190.03
769.24	1185.86
769.42	1189.46
769.61	1189.71
769.80	1192.02
769.98	1184.44
770.17	1194.60
770.36	1192.45
770.55	1189.48
770.73	1186.72
770.92	1188.56
771.11	1187.31
771.29	1191.92
771.48	1189.69
771.67	1187.25
771.86	1184.93
772.04	1191.10
772.23	1181.82
772.42	1183.52
772.60	1185.47
772.79	1192.68
772.98	1178.32
773.16	1183.77
773.35	1189.15
773.54	1193.27
773.72	1180.86
773.91	1190.46
774.10	1188.68
774.29	1190.91
774.47	1178.95
774.66	1190.53
774.85	1185.16
775.03	1196.94
775.22	1181.94
775.41	1196.89
775.59	1189.54
775.78	1192.06
775.97	1182.01
776.15	1190.53
776.34	1176.07
776.53	1187.45
776.71	1186.39
776.90	1188.95
777.09	1180.67
777.27	1194.85
777.46	1182.29
777.65	1190.69
777.83	1183.83
778.02	1186.08
778.21	1181.23
778.39	1191.24
778.58	1185.38
778.76	1192.02
778.95	1184.48
779.14	1188.68
779.32	1186.45
779.51	1195.32
779.70	1181.68
779.88	1187.94
780.07	1183.79
780.26	1185.08
780.44	1179.61
780.63	1192.10
780.81	1183.73
781.00	1186.59
781.19	1177.83
781.37	1186.12
781.56	1184.93
781.75	1182.09
781.93	1178.93
782.12	1191.20
782.30	1176.58
782.49	1184.83
782.68	1184.38
782.86	1194.54
783.05	1182.19
783.23	1192.06
783.42	1185.30
783.61	1193.95
783.79	1187.37
783.98	1186.47
784.16	1185.59
784.35	1192.35
784.54	1190.01
784.72	1195.11
784.91	1182.93
785.09	1186.14
785.28	1182.39
785.47	1193.09
785.65	1187.74
785.84	1196.77
786.02	1180.96
786.21	1192.84
786.40	1181.94
786.58	1194.05
786.77	1181.82
786.95	1187.84
787.14	1180.61
787.32	1187.76
787.51	1189.13
787.70	1185.81
787.88	1184.05
788.07	1190.55
788.25	1181.58
788.44	1190.38
788.62	1186.86
788.81	1191.69
789.00	1179.28
789.18	1187.82
789.37	1179.32
789.55	1183.87
789.74	1181.10
789.92	1188.46
790.11	1186.63
790.29	1188.97
790.48	1184.32
790.67	1180.41
790.85	1188.60
791.04	1199.02
791.22	1185.04
791.41	1187.37
791.59	1186.02
791.78	1189.50
791.96	1184.03
792.15	1191.96
792.33	1186.96
792.52	1194.87
792.70	1183.38
792.89	1184.22
793.07	1179.34
793.26	1193.49
793.45	1180.92
793.63	1187.49
793.82	1186.86
794.00	1188.83
794.19	1180.74
794.37	1186.84
794.56	1181.43
794.74	1189.87
794.93	1180.02
795.11	1181.80
795.30	1189.09
795.48	1183.23
795.67	1189.48
795.85	1183.87
796.04	1183.13
796.22	1191.28
796.41	1184.16
796.59	1189.15
796.78	1183.23
796.96	1190.61
797.15	1182.62
797.33	1183.13
797.52	1177.03
797.70	1191.94
797.89	1185.96
798.07	1188.48
798.26	1184.61
798.44	1194.21
798.63	1184.71
798.81	1182.74
798.99	1187.88
799.18	1195.69
799.36	1181.31
799.55	1182.33
799.73	1188.05
799.92	1199.17
800.10	1186.31
800.29	1190.77
800.47	1193.13
800.66	1191.79
800.84	1182.85
801.03	1189.28
801.21	1179.61
801.39	1192.47
801.58	1186.12
801.76	1197.14
801.95	1182.50
802.13	1192.14
802.32	1185.88
802.50	1193.31
802.69	1185.16
802.87	1189.32
803.06	1186.10
803.24	1183.73
803.42	1182.56
803.61	1192.37
803.79	1184.71
803.98	1192.92
804.16	1182.03
804.35	1190.79
804.53	1183.66
804.71	1193.82
804.90	1182.44
805.08	1190.85
805.27	1184.30
805.45	1195.44
805.63	1188.13
805.82	1191.18
806.00	1179.43
806.19	1195.22
806.37	1189.97
806.56	1186.33
806.74	1186.08
806.92	1187.27
807.11	1186.59
807.29	1190.32
807.48	1179.92
807.66	1188.52
807.84	1178.03
808.03	1185.08
808.21	1184.46
808.40	1184.38
808.58	1186.63
808.76	1194.38
808.95	1181.06
809.13	1191.41
809.32	1185.79
809.50	1195.67
809.68	1182.68
809.87	1195.09
810.05	1182.74
810.23	1188.72
810.42	1189.87
810.60	1194.70
810.79	1184.48
810.97	1200.81
811.15	1186.39
811.34	1188.42
811.52	1188.66
811.70	1185.71
811.89	1177.27
812.07	1187.25
812.25	1182.21
812.44	1185.57
812.62	1185.69
812.81	1188.54
812.99	1183.28
813.17	1194.52
813.36	1189.17
813.54	1191.04
813.72	1177.30
813.91	1197.88
814.09	1179.49
814.27	1189.34
814.46	1181.96
814.64	1192.47
814.82	1187.54
815.01	1188.50
815.19	1186.04
815.37	1192.14
815.56	1192.20
815.74	1187.33
815.92	1183.50
816.11	1192.18
816.29	1179.77
816.47	1178.03
816.66	1180.94
816.84	1189.13
817.02	1184.34
817.21	1189.87
817.39	1181.66
817.57	1184.30
817.76	1180.82
817.94	1190.98
818.12	1178.46
818.30	1189.46
818.49	1183.58
818.67	1193.41
818.85	1183.34
819.04	1194.42
819.22	1185.20
819.40	1189.01
819.59	1184.65
819.77	1195.56
819.95	1187.82
820.13	1189.85
820.32	1186.18
820.50	1184.01
820.68	1185.41
820.87	1187.78
821.05	1183.15
821.23	1190.42
821.41	1180.18
821.60	1186.57
821.78	1182.17
821.96	1190.42
822.14	1184.26
822.33	1180.53
822.51	1188.05
822.69	1191.55
822.88	1187.08
823.06	1184.71
823.24	1179.36
823.42	1192.63
823.61	1186.76
823.79	1188.78
823.97	1179.10
824.15	1182.93
824.34	1177.23
824.52	1187.70
824.70	1181.27
824.88	1193.09
825.07	1175.78
825.25	1193.11
825.43	1184.42
825.61	1186.20
825.80	1186.00
825.98	1191.71
826.16	1183.23
826.34	1188.27
826.53	1185.73
826.71	1196.63
826.89	1187.15
827.07	1191.24
827.25	1187.90
827.44	1190.69
827.62	1174.92
827.80	1193.21
827.98	1180.55
828.17	1186.82
828.35	1186.00
828.53	1195.81
828.71	1185.26
828.89	1189.11
829.08	1184.46
829.26	1189.28
829.44	1182.15
829.62	1186.80
829.80	1184.28
829.99	1182.17
830.17	1186.37
830.35	1194.68
830.53	1183.89
830.71	1188.42
830.90	1185.43
831.08	1191.63
831.26	1178.73
831.44	1188.97
831.62	1183.95
831.81	1194.07
831.99	1187.66
832.17	1187.17
832.35	1187.33
832.53	1195.28
832.71	1186.18
832.90	1187.84
833.08	1187.21
833.26	1194.89
833.44	1179.14
833.62	1191.00
833.81	1188.42
833.99	1188.68
834.17	1184.03
834.35	1187.66
834.53	1184.75
834.71	1190.69
834.89	1185.59
835.08	1192.43
835.26	1184.98
835.44	1197.10
835.62	1185.30
835.80	1186.08
835.98	1183.03
836.17	1194.50
836.35	1186.02
836.53	1198.16
836.71	1189.17
836.89	1187.27
837.07	1179.90
837.25	1196.28
837.44	1180.86
837.62	1192.78
837.80	1180.35
837.98	1194.29
838.16	1186.80
838.34	1186.14
838.52	1186.59
838.70	1187.13
838.89	1183.30
839.07	1190.32
839.25	1183.38
839.43	1188.56
839.61	1186.53
839.79	1192.49
839.97	1182.74
840.15	1190.28
840.33	1182.70
840.52	1184.73
840.70	1181.04
840.88	1184.46
841.06	1183.54
841.24	1189.91
841.42	1183.79
841.60	1184.57
841.78	1189.01
841.96	1193.09
842.14	1187.92
842.33	1187.66
842.51	1182.56
842.69	1184.38
842.87	1181.49
843.05	1189.07
843.23	1184.57
843.41	1189.77
843.59	1173.90
843.77	1187.08
843.95	1180.69
844.13	1185.98
844.31	1183.19
844.49	1184.14
844.68	1180.65
844.86	1185.36
845.04	1190.89
845.22	1190.85
845.40	1186.20
845.58	1182.80
845.76	1180.00
845.94	1188.87
846.12	1181.88
846.30	1187.68
846.48	1184.61
846.66	1189.09
846.84	1178.16
847.02	1186.41
847.20	1185.84
847.38	1187.17
847.56	1181.21
847.74	1200.89
847.92	1184.61
848.11	1190.48
848.29	1182.13
848.47	1191.28
848.65	1188.89
848.83	1185.94
849.01	1187.25
849.19	1189.01
849.37	1181.74
849.55	1193.66
849.73	1181.39
849.91	1194.19
850.09	1187.70
850.27	1188.93
850.45	1182.48
850.63	1188.01
850.81	1188.54
850.99	1183.09
851.17	1185.12
851.35	1192.92
851.53	1184.40
851.71	1191.92
851.89	1182.19
852.07	1185.98
852.25	1182.52
852.43	1192.14
852.61	1181.99
852.79	1182.50
852.97	1182.50
853.15	1188.25
853.33	1184.18
853.51	1191.57
853.69	1187.76
853.87	1184.83
854.05	1181.72
854.23	1186.39
854.41	1188.19
854.59	1189.62
854.77	1180.37
854.95	1188.05
855.13	1185.47
855.31	1189.09
855.49	1184.22
855.67	1190.91
855.84	1183.44
856.02	1192.06
856.20	1185.22
856.38	1189.46
856.56	1181.62
856.74	1187.11
856.92	1182.01
857.10	1188.27
857.28	1188.56
857.46	1188.19
857.64	1179.77
857.82	1190.38
858.00	1183.32
858.18	1189.48
858.36	1184.03
858.54	1192.74
858.72	1181.80
858.90	1188.13
859.08	1190.79
859.25	1188.21
859.43	1181.94
859.61	1191.98
859.79	1181.49
859.97	1187.86
860.15	1185.75
860.33	1188.60
860.51	1184.98
860.69	1186.72
860.87	1189.56
861.05	1191.51
861.23	1178.22
861.41	1195.56
861.58	1180.47
861.76	1190.10
861.94	1183.40
862.12	1194.38
862.30	1185.98
862.48	1192.29
862.66	1183.79
862.84	1186.43
863.02	1189.26
863.20	1188.58
863.37	1177.89
863.55	1192.86
863.73	1185.71
863.91	1194.72
864.09	1178.89
864.27	1193.62
864.45	1182.09
864.63	1188.09
864.80	1181.94
864.98	1185.12
865.16	1185.51
865.34	1188.25
865.52	1189.50
865.70	1188.35
865.88	1192.86
866.06	1185.61
866.23	1192.80
866.41	1190.81
866.59	1183.50
866.77	1189.09
866.95	1183.81
867.13	1191.12
867.31	1182.48
867.48	1187.66
867.66	1189.75
867.84	1189.38
868.02	1185.73
868.20	1184.28
868.38	1185.20
868.56	1189.56
868.73	1183.91
868.91	1189.46
869.09	1184.28
869.27	1189.56
869.45	1179.26
869.63	1194.33
869.80	1183.21
869.98	1185.92
870.16	1192.23
870.34	1189.75
870.52	1185.34
870.70	1185.32
870.87	1182.56
871.05	1185.75
871.23	1186.84
871.41	1196.89
871.59	1184.77
871.76	1191.53
871.94	1189.58
872.12	1188.58
872.30	1178.50
872.48	1192.10
872.65	1181.00
872.83	1192.49
873.01	1184.65
873.19	1192.53
873.37	1184.75
873.54	1185.69
873.72	1181.23
873.90	1191.51
874.08	1183.77
874.26	1192.02
874.43	1180.69
874.61	1190.57
874.79	1191.12
874.97	1188.93
875.15	1188.66
875.32	1194.50
875.50	1183.93
875.68	1193.64
875.86	1188.25
876.03	1188.40
876.21	1186.22
876.39	1197.61
876.57	1191.84
876.74	1193.15
876.92	1188.52
877.10	1194.01
877.28	1183.89
877.45	1195.97
877.63	1180.59
877.81	1185.63
877.99	1183.30
878.17	1188.68
878.34	1180.51
878.52	1192.18
878.70	1181.04
878.87	1187.45
879.05	1185.77
879.23	1188.97
879.41	1187.13
879.58	1192.37
879.76	1188.66
879.94	1188.42
880.12	1185.51
880.29	1188.35
880.47	1183.38
880.65	1186.78
880.83	1177.40
881.00	1181.33
881.18	1178.42
881.36	1186.72
881.53	1186.80
881.71	1191.32
881.89	1185.98
882.07	1185.53
882.24	1186.12
882.42	1193.92
882.60	1191.00
882.77	1182.58
882.95	1178.38
883.13	1189.40
883.30	1179.51
883.48	1185.61
883.66	1185.69
883.84	1190.89
884.01	1177.91
884.19	1186.92
884.37	1185.88
884.54	1192.82
884.72	1183.09
884.90	1185.47
885.07	1177.85
885.25	1189.67
885.43	1181.64
885.60	1189.69
885.78	1183.34
885.96	1192.31
886.13	1182.11
886.31	1193.29
886.49	1190.79
886.66	1190.89
886.84	1179.92
887.02	1190.75
887.19	1184.40
887.37	1182.95
887.55	1179.69
887.72	1191.77
887.90	1180.08
888.08	1192.29
888.25	1182.11
888.43	1188.25
888.61	1188.19
888.78	1185.59
888.96	1183.13
889.14	1190.01
889.31	1185.59
889.49	1187.92
889.67	1178.77
889.84	1191.39
890.02	1190.79
890.19	1188.42
890.37	1177.58
890.55	1193.09
890.72	1187.64
890.90	1188.23
891.08	1188.62
891.25	1196.22
891.43	1183.36
891.60	1185.18
891.78	1183.01
891.96	1191.02
892.13	1181.51
892.31	1191.65
892.48	1186.37
892.66	1193.35
892.84	1175.86
893.01	1185.63
893.19	1190.30
893.36	1187.66
893.54	1185.22
893.72	1186.12
893.89	1182.76
894.07	1194.83
894.24	1189.09
894.42	1203.32
894.60	1182.95
894.77	1195.05
894.95	1182.93
895.12	1190.73
895.30	1182.11
895.48	1191.00
895.65	1187.84
895.83	1191.39
896.00	1191.20
896.18	1193.72
896.35	1184.32
896.53	1187.76
896.71	1185.90
896.88	1192.63
897.06	1182.17
897.23	1193.64
897.41	1177.21
897.58	1189.71
897.76	1187.84
897.93	1186.65
898.11	1184.91
898.29	1184.87
898.46	1174.71
898.64	1191.67
898.81	1179.36
898.99	1197.37
899.16	1184.50
899.34	1191.39
899.51	1184.67
899.69	1190.28
899.86	1183.25
900.04	1184.07
900.21	1182.07
900.39	1187.47
900.57	1187.43
900.74	1186.65
900.92	1190.18
901.09	1188.85
901.27	1187.47
901.44	1196.46
901.62	1179.81
901.79	1194.44
901.97	1180.88
902.14	1190.18
902.32	1183.34
902.49	1194.62
902.67	1183.01
902.84	1188.03
903.02	1193.64
903.19	1193.37
903.37	1177.83
903.54	1186.33
903.72	1184.46
903.89	1189.28
904.07	1180.20
904.24	1198.74
904.42	1186.39
904.59	1192.72
904.77	1185.79
904.94	1187.70
905.12	1189.91
905.29	1190.24
905.47	1181.43
905.64	1186.27
905.82	1187.72
905.99	1187.02
906.16	1180.14
906.34	1186.47
906.51	1181.72
906.69	1185.38
906.86	1188.89
907.04	1185.51
907.21	1189.64
907.39	1190.01
907.56	1187.94
907.74	1193.21
907.91	1184.30
908.09	1187.19
908.26	1187.17
908.43	1193.45
908.61	1183.46
908.78	1180.74
908.96	1184.18
909.13	1196.91
909.31	1185.53
909.48	1193.52
909.65	1183.95
909.83	1196.59
910.00	1183.38
910.18	1197.84
910.35	1184.26
910.53	1191.36
910.70	1183.46
910.87	1188.48
911.05	1182.95
911.22	1189.79
911.40	1176.13
911.57	1192.14
911.75	1184.67
911.92	1188.35
912.09	1183.44
912.27	1187.49
912.44	1182.66
912.62	1188.03
912.79	1183.05
912.96	1189.48
913.14	1178.09
913.31	1194.38
913.49	1176.05
913.66	1187.27
913.83	1182.19
914.01	1185.92
914.18	1184.52
914.36	1190.36
914.53	1187.99
914.70	1191.86
914.88	1179.79
915.05	1192.43
915.22	1177.38
915.40	1188.50
915.57	1185.81
915.75	1193.64
915.92	1181.58
916.09	1192.86
916.27	1182.70
916.44	1191.55
916.61	1187.72
916.79	1186.39
916.96	1185.90
917.13	1183.36
917.31	1185.63
917.48	1189.69
917.66	1175.17
917.83	1191.82
918.00	1185.22
918.18	1193.80
918.35	1176.60
918.52	1188.54
918.70	1179.92
918.87	1194.38
919.04	1181.21
919.22	1193.27
919.39	1185.30
919.56	1196.51
919.74	1179.83
919.91	1190.89
920.08	1189.11
920.26	1188.52
920.43	1185.49
920.60	1192.51
920.78	1178.67
920.95	1193.66
921.12	1186.37
921.29	1188.21
921.47	1177.54
921.64	1197.98
921.81	1179.36
921.99	1193.15
922.16	1179.96
922.33	1192.31
922.51	1183.23
922.68	1194.54
922.85	1183.71
923.03	1191.82
923.20	1185.08
923.37	1191.61
923.54	1183.60
923.72	1191.86
923.89	1185.10
924.06	1191.98
924.24	1181.78
924.41	1186.98
924.58	1182.74
924.75	1190.26
924.93	1182.11
925.10	1191.92
925.27	1186.92
925.44	1187.49
925.62	1185.49
925.79	1189.21
925.96	1184.09
926.14	1188.99
926.31	1181.92
926.48	1189.54
926.65	1181.72
926.83	1187.15
927.00	1178.81
927.17	1199.76
927.34	1180.47
927.52	1185.30
927.69	1185.24
927.86	1195.24
928.03	1191.00
928.21	1188.25
928.38	1181.62
928.55	1187.29
928.72	1184.59
928.89	1197.16
929.07	1179.67
929.24	1188.07
929.41	1180.92
929.58	1186.55
929.76	1183.95
929.93	1193.41
930.10	1186.47
930.27	1191.12
930.44	1189.26
930.62	1190.93
930.79	1184.81
930.96	1187.94
931.13	1176.05
931.31	1190.53
931.48	1183.68
931.65	1189.75
931.82	1187.11
931.99	1183.40
932.17	1182.52
932.34	1192.00
932.51	1182.35
932.68	1193.90
932.85	1182.99
933.03	1188.89
933.20	1185.32
933.37	1191.53
933.54	1176.31
933.71	1191.22
933.88	1184.16
934.06	1193.29
934.23	1178.40
934.40	1197.59
934.57	1181.78
934.74	1190.44
934.91	1184.69
935.09	1187.02
935.26	1182.87
935.43	1189.60
935.60	1188.21
935.77	1192.00
935.94	1188.29
936.12	1187.92
936.29	1186.20
936.46	1190.67
936.63	1181.60
936.80	1192.00
936.97	1189.79
937.14	1188.78
937.32	1180.55
937.49	1185.55
937.66	1181.72
937.83	1187.49
938.00	1186.41
938.17	1193.45
938.34	1180.20
938.52	1192.70
938.69	1184.16
938.86	1190.98
939.03	1185.71
939.20	1194.66
939.37	1181.96
939.54	1190.32
939.71	1180.12
939.89	1186.82
940.06	1184.36
940.23	1189.52
940.40	1177.27
940.57	1185.47
940.74	1183.93
940.91	1191.55
941.08	1180.98
941.25	1187.23
941.43	1187.58
941.60	1190.22
941.77	1188.54
941.94	1186.88
942.11	1188.56
942.28	1186.88
942.45	1178.42
942.62	1190.07
942.79	1186.35
942.96	1192.94
943.13	1188.31
943.30	1190.89
943.48	1191.51
943.65	1194.64
943.82	1187.72
943.99	1192.16
944.16	1186.29
944.33	1195.19
944.50	1180.90
944.67	1191.00
944.84	1184.87
945.01	1191.96
945.18	1186.47
945.35	1196.24
945.52	1188.01
945.69	1186.00
945.86	1189.91
946.03	1191.53
946.21	1183.62
946.38	1189.42
946.55	1189.36
946.72	1199.11
946.89	1182.56
947.06	1185.67
947.23	1186.88
947.40	1187.58
947.57	1187.88
947.74	1186.08
947.91	1184.22
948.08	1199.13
948.25	1181.92
948.42	1195.24
948.59	1184.98
948.76	1193.47
948.93	1186.10
949.10	1189.36
949.27	1188.03
949.44	1192.61
949.61	1180.43
949.78	1187.76
949.95	1187.02
950.12	1185.04
950.29	1181.10
950.46	1193.58
950.63	1182.68
950.80	1195.44
950.97	1187.11
951.14	1190.07
951.31	1182.37
951.48	1193.19
951.65	1184.18
951.82	1197.55
951.99	1182.74
952.16	1182.31
952.33	1184.52
952.50	1183.58
952.67	1187.72
952.84	1187.92
953.01	1193.84
953.18	1191.94
953.35	1191.16
953.52	1187.68
953.69	1184.24
953.86	1191.86
954.03	1178.26
954.20	1195.99
954.37	1192.27
954.54	1187.00
954.70	1186.37
954.87	1190.57
955.04	1185.69
955.21	1187.39
955.38	1179.96
955.55	1190.46
955.72	1183.30
955.89	1187.47
956.06	1183.46
956.23	1184.61
956.40	1185.53
956.57	1191.36
956.74	1181.60
956.91	1189.71
957.08	1183.46
957.25	1196.57
957.41	1183.46
957.58	1192.59
957.75	1186.12
957.92	1194.15
958.09	1189.42
958.26	1194.07
958.43	1180.78
958.60	1191.61
958.77	1183.93
958.94	1188.44
959.11	1189.32
959.27	1192.14
959.44	1184.83
959.61	1186.00
959.78	1185.04
959.95	1192.18
960.12	1178.09
960.29	1187.62
960.46	1182.95
960.63	1190.59
960.80	1180.82
960.96	1193.45
961.13	1187.56
961.30	1191.98
961.47	1179.32
961.64	1184.69
961.81	1183.23
961.98	1189.01
962.15	1181.64
962.31	1183.71
962.48	1181.37
962.65	1183.07
962.82	1186.49
962.99	1191.43
963.16	1187.21
963.33	1187.64
963.49	1184.67
963.66	1187.94
963.83	1183.25
964.00	1192.02
964.17	1183.42
964.34	1190.50
964.51	1182.50
964.67	1190.46
964.84	1188.91
965.01	1206.44
965.18	1186.02
965.35	1192.70
965.52	1183.17
965.68	1194.81
965.85	1186.29
966.02	1192.74
966.19	1184.18
966.36	1191.65
966.52	1182.15
966.69	1193.33
966.86	1178.89
967.03	1191.51
967.20	1187.92
967.37	1190.28
967.53	1178.34
967.70	1192.70
967.87	1182.37
968.04	1187.51
968.21	1189.36
968.37	1185.84
968.54	1182.93
968.71	1187.47
968.88	1184.59
969.05	1193.25
969.21	1182.76
969.38	1192.63
969.55	1179.08
969.72	1194.52
969.89	1185.28
970.05	1189.05
970.22	1179.49
970.39	1186.45
970.56	1189.21
970.72	1181.10
970.89	1186.96
971.06	1191.02
971.23	1182.07
971.39	1186.27
971.56	1184.98
971.73	1193.33
971.90	1182.62
972.07	1188.74
972.23	1189.81
972.40	1189.85
972.57	1178.05
972.74	1191.04
972.90	1186.49
973.07	1193.31
973.24	1186.76
973.40	1188.15
973.57	1189.40
973.74	1189.73
973.91	1185.34
974.07	1190.46
974.24	1179.75
974.41	1192.41
974.58	1185.08
974.74	1190.77
974.91	1181.23
975.08	1186.10
975.25	1184.12
975.41	1191.82
975.58	1180.14
975.75	1195.42
975.91	1183.19
976.08	1180.02
976.25	1176.15
976.42	1189.03
976.58	1185.22
976.75	1198.02
976.92	1182.05
977.08	1191.18
977.25	1186.72
977.42	1191.61
977.58	1183.13
977.75	1188.83
977.92	1186.96
978.08	1189.54
978.25	1186.37
978.42	1190.65
978.59	1186.90
978.75	1189.44
978.92	1182.97
979.09	1191.12
979.25	1178.65
979.42	1189.03
979.59	1183.07
979.75	1183.73
979.92	1185.84
980.09	1188.76
980.25	1188.91
980.42	1188.09
980.59	1185.10
980.75	1193.86
980.92	1186.61
981.09	1194.72
981.25	1182.09
981.42	1189.73
981.59	1178.48
981.75	1189.11
981.92	1185.36
982.08	1192.47
982.25	1176.80
982.42	1187.11
982.58	1177.23
982.75	1197.18
982.92	1183.81
983.08	1190.50
983.25	1188.03
983.42	1183.17
983.58	1183.05
983.75	1193.74
983.91	1187.78
984.08	1196.24
984.25	1179.57
984.41	1188.99
984.58	1184.07
984.74	1191.77
984.91	1187.04
985.08	1189.38
985.24	1183.79
985.41	1194.31
985.57	1186.96
985.74	1197.04
985.91	1180.82
986.07	1199.97
986.24	1181.35
986.40	1192.45
986.57	1184.81
986.74	1184.89
986.90	1179.73
987.07	1190.40
987.23	1186.78
987.40	1189.91
987.57	1183.44
987.73	1191.08
987.90	1183.11
988.06	1188.19
988.23	1182.21
988.39	1193.56
988.56	1186.41
988.73	1191.26
988.89	1183.93
989.06	1189.56
989.22	1182.64
989.39	1188.54
989.55	1186.61
989.72	1191.12
989.88	1179.88
990.05	1187.39
990.22	1180.96
990.38	1186.02
990.55	1175.82
990.71	1188.56
990.88	1184.87
991.04	1194.42
991.21	1179.55
991.37	1187.45
991.54	1189.42
991.70	1185.92
991.87	1185.26
992.03	1192.00
992.20	1188.33
992.36	1194.54
992.53	1192.08
992.69	1191.02
992.86	1191.59
993.03	1189.23
993.19	1188.56
993.36	1195.73
993.52	1187.33
993.69	1190.32
993.85	1188.56
994.02	1190.10
994.18	1185.92
994.35	1191.69
994.51	1178.91
994.68	1191.49
994.84	1186.43
995.01	1196.81
995.17	1183.58
995.34	1189.05
995.50	1182.54
995.66	1192.02
995.83	1173.90
995.99	1188.35
996.16	1186.59
996.32	1189.83
996.49	1179.30
996.65	1191.24
996.82	1186.33
996.98	1197.08
997.15	1186.74
997.31	1189.60
997.48	1184.50
997.64	1195.09
997.81	1180.55
997.97	1195.24
998.13	1184.42
998.30	1187.88
998.46	1185.57
998.63	1190.77
998.79	1184.79
998.96	1191.04
999.12	1177.21
999.29	1180.98
999.45	1182.95
999.61	1193.29
999.78	1178.46
999.94	1192.20
1000.11	1185.69
1000.27	1196.30
1000.44	1188.95
1000.60	1189.99
1000.76	1183.21
1000.93	1195.32
1001.09	1190.07
1001.26	1190.46
1001.42	1182.68
1001.59	1196.61
1001.75	1192.47
1001.91	1191.49
1002.08	1182.76
1002.24	1194.03
1002.41	1183.25
1002.57	1190.30
1002.73	1189.64
1002.90	1188.19
1003.06	1187.13
1003.23	1191.61
1003.39	1178.01
1003.55	1196.91
1003.72	1185.57
1003.88	1187.27
1004.04	1181.72
1004.21	1192.49
1004.37	1186.65
1004.54	1188.56
1004.70	1180.98
1004.86	1187.49
1005.03	1189.07
1005.19	1190.14
1005.35	1181.45
1005.52	1185.34
1005.68	1181.68
1005.85	1187.41
1006.01	1175.08
1006.17	1188.09
1006.34	1189.73
1006.50	1185.30
1006.66	1173.26
1006.83	1186.70
1006.99	1177.34
1007.15	1191.22
1007.32	1182.23
1007.48	1192.27
1007.64	1179.67
1007.81	1179.81
1007.97	1182.74
1008.13	1190.32
1008.30	1179.28
1008.46	1196.69
1008.62	1189.19
1008.79	1188.11
1008.95	1186.59
1009.11	1185.26
1009.28	1188.72
1009.44	1190.12
1009.60	1182.15
1009.77	1187.88
1009.93	1184.28
1010.09	1189.79
1010.25	1180.37
1010.42	1189.73
1010.58	1186.70
1010.74	1187.17
1010.91	1187.21
1011.07	1190.40
1011.23	1188.60
1011.40	1188.44
1011.56	1187.33
1011.72	1186.63
1011.88	1181.35
1012.05	1192.23
1012.21	1178.65
1012.37	1190.87
1012.54	1179.16
1012.70	1190.32
1012.86	1184.93
1013.02	1190.93
1013.19	1178.79
1013.35	1189.23
1013.51	1187.39
1013.67	1193.70
1013.84	1191.43
1014.00	1188.40
1014.16	1186.06
1014.33	1194.64
1014.49	1181.51
1014.65	1185.16
1014.81	1182.31
1014.98	1192.92
1015.14	1177.17
1015.30	1188.58
1015.46	1190.40
1015.62	1189.83
1015.79	1184.95
1015.95	1186.70
1016.11	1180.45
1016.27	1195.22
1016.44	1182.66
1016.60	1194.60
1016.76	1179.00
1016.92	1200.36
1017.09	1183.79
1017.25	1191.92
1017.41	1184.16
1017.57	1191.73
1017.73	1180.31
1017.90	1196.71
1018.06	1183.52
1018.22	1190.16
1018.38	1188.37
1018.54	1190.24
1018.71	1186.90
1018.87	1191.45
1019.03	1191.51
1019.19	1193.00
1019.35	1187.72
1019.52	1190.73
1019.68	1187.58
1019.84	1191.45
1020.00	1179.45
1020.16	1189.89
1020.33	1184.20
1020.49	1189.28
1020.65	1185.16
1020.81	1194.29
1020.97	1184.24
1021.13	1192.14
1021.30	1187.56
1021.46	1187.15
1021.62	1184.73
1021.78	1194.93
1021.94	1180.33
1022.10	1187.92
1022.27	1178.61
1022.43	1188.99
1022.59	1181.25
1022.75	1194.42
1022.91	1184.46
1023.07	1194.99
1023.24	1183.19
1023.40	1191.24
1023.56	1183.73
1023.72	1187.86
1023.88	1182.23
1024.04	1188.21
1024.20	1182.78
1024.36	1190.61
1024.53	1182.72
1024.69	1192.70
1024.85	1180.84
1025.01	1193.02
1025.17	1192.45
1025.33	1190.71
1025.49	1186.29
1025.65	1189.56
1025.82	1179.18
1025.98	1187.04
1026.14	1185.51
1026.30	1188.11
1026.46	1180.57
1026.62	1192.39
1026.78	1185.57
1026.94	1189.21
1027.10	1186.14
1027.26	1185.04
1027.43	1181.17
1027.59	1190.46
1027.75	1187.02
1027.91	1188.80
1028.07	1189.73
1028.23	1191.30
1028.39	1183.25
1028.55	1188.80
1028.71	1185.65
1028.87	1186.41
1029.03	1188.15
1029.19	1188.58
1029.36	1181.27
1029.52	1196.81
1029.68	1181.90
1029.84	1198.23
1030.00	1186.47
1030.16	1189.54
1030.32	1185.88
1030.48	1187.37
1030.64	1180.14
1030.80	1191.12
1030.96	1194.05
1031.12	1186.57
1031.28	1182.03
1031.44	1199.72
1031.60	1186.68
1031.76	1193.58
1031.92	1188.40
1032.08	1202.32
1032.24	1186.37
1032.40	1192.33
1032.56	1182.68
1032.73	1184.14
1032.89	1186.04
1033.05	1188.78
1033.21	1186.00
1033.37	1186.39
1033.53	1181.39
1033.69	1196.26
1033.85	1187.88
1034.01	1189.64
1034.17	1180.82
1034.33	1188.15
1034.49	1187.99
1034.65	1192.18
1034.81	1181.74
1034.97	1191.24
1035.13	1185.10
1035.29	1191.30
1035.45	1184.85
1035.61	1188.70
1035.77	1191.32
1035.93	1193.23
1036.09	1180.55
1036.25	1189.23
1036.41	1191.06
1036.57	1188.66
1036.73	1181.21
1036.88	1189.09
1037.04	1188.87
