345.52	1196.91
345.73	1196.91
345.94	1196.91
346.16	1189.26
346.37	1197.88
346.58	1200.25
346.79	1208.96
347.00	1202.57
347.22	1209.24
347.43	1198.21
347.64	1204.31
347.85	1200.36
348.06	1202.73
348.28	1199.15
348.49	1199.50
348.70	1201.30
348.91	1209.20
349.12	1199.97
349.34	1209.06
349.55	1201.71
349.76	1205.82
349.97	1198.31
350.18	1208.81
350.40	1207.03
350.61	1208.71
350.82	1198.25
351.03	1214.38
351.24	1199.07
351.46	1209.82
351.67	1202.20
351.88	1207.40
352.09	1197.00
352.30	1206.42
352.51	1197.98
352.73	1208.16
352.94	1206.52
353.15	1211.60
353.36	1206.27
353.57	1212.75
353.79	1205.09
354.00	1204.80
354.21	1204.33
354.42	1209.39
354.63	1204.51
354.84	1211.17
355.06	1203.59
355.27	1205.35
355.48	1208.44
355.69	1208.28
355.90	1199.72
356.11	1205.58
356.33	1208.61
356.54	1215.74
356.75	1202.40
356.96	1204.94
357.17	1202.32
357.38	1208.73
357.60	1204.06
357.81	1211.21
358.02	1199.04
358.23	1212.89
358.44	1202.53
358.65	1208.79
358.87	1209.80
359.08	1212.15
359.29	1196.48
359.50	1209.61
359.71	1194.83
359.92	1212.50
360.13	1205.45
360.35	1214.18
360.56	1196.42
360.77	1210.12
360.98	1204.64
361.19	1210.80
361.40	1194.50
361.62	1210.88
361.83	1204.68
362.04	1203.69
362.25	1203.96
362.46	1202.69
362.67	1202.53
362.88	1205.68
363.10	1206.01
363.31	1207.63
363.52	1204.21
363.73	1209.67
363.94	1208.24
364.15	1205.78
364.36	1206.11
364.57	1207.81
364.79	1203.22
365.00	1213.97
365.21	1200.05
365.42	1213.69
365.63	1202.61
365.84	1215.29
366.05	1202.34
366.27	1209.02
366.48	1202.01
366.69	1209.08
366.90	1209.76
367.11	1209.47
367.32	1204.94
367.53	1214.30
367.74	1210.43
367.95	1207.32
368.17	1207.40
368.38	1209.90
368.59	1198.66
368.80	1215.74
369.01	1207.18
369.22	1209.02
369.43	1205.48
369.64	1211.70
369.86	1206.66
370.07	1213.54
370.28	1204.78
370.49	1211.82
370.70	1205.33
370.91	1204.68
371.12	1205.13
371.33	1205.72
371.54	1197.69
371.76	1206.13
371.97	1206.01
372.18	1204.62
372.39	1205.84
372.60	1207.13
372.81	1208.98
373.02	1206.81
373.23	1206.64
373.44	1207.61
373.65	1200.09
373.87	1205.88
374.08	1204.19
374.29	1216.15
374.50	1200.64
374.71	1211.64
374.92	1210.08
375.13	1211.58
375.34	1197.88
375.55	1215.43
375.76	1205.97
375.97	1214.92
376.19	1201.34
376.40	1213.46
376.61	1195.42
376.82	1220.38
377.03	1205.80
377.24	1211.93
377.45	1200.93
377.66	1210.68
377.87	1203.08
378.08	1207.09
378.29	1212.83
378.50	1210.64
378.71	1207.54
378.93	1208.81
379.14	1203.39
379.35	1209.76
379.56	1205.72
379.77	1207.89
379.98	1199.56
380.19	1213.34
380.40	1204.41
380.61	1208.71
380.82	1204.37
381.03	1218.79
381.24	1205.91
381.45	1203.49
381.66	1205.86
381.88	1205.23
382.09	1203.55
382.30	1205.74
382.51	1204.55
382.72	1211.72
382.93	1200.54
383.14	1211.21
383.35	1209.16
383.56	1208.38
383.77	1204.41
383.98	1206.01
384.19	1204.14
384.40	1213.89
384.61	1204.21
384.82	1213.87
385.03	1205.76
385.24	1209.10
385.45	1206.50
385.67	1207.42
385.88	1202.06
386.09	1211.21
386.30	1201.79
386.51	1212.21
386.72	1208.81
386.93	1221.39
387.14	1208.28
387.35	1211.56
387.56	1210.70
387.77	1208.57
387.98	1204.94
388.19	1221.06
388.40	1203.37
388.61	1211.80
388.82	1208.57
389.03	1215.10
389.24	1204.98
389.45	1211.27
389.66	1203.04
389.87	1208.61
390.08	1204.96
390.29	1213.34
390.50	1201.60
390.71	1202.53
390.92	1204.06
391.13	1217.52
391.34	1201.32
391.55	1213.61
391.76	1205.05
391.98	1209.31
392.19	1201.99
392.40	1209.41
392.61	1204.53
392.82	1209.86
393.03	1205.09
393.24	1209.92
393.45	1214.71
393.66	1207.87
393.87	1206.68
394.08	1214.67
394.29	1205.15
394.50	1206.25
394.71	1208.44
394.92	1215.69
395.13	1205.00
395.34	1208.63
395.55	1206.23
395.76	1222.82
395.97	1203.63
396.18	1221.43
396.39	1207.81
396.60	1221.65
396.81	1213.40
397.02	1219.44
397.23	1215.69
397.44	1217.48
397.65	1202.01
397.86	1216.21
398.07	1207.26
398.28	1209.45
398.49	1209.45
398.70	1217.78
398.91	1211.60
399.12	1214.22
399.33	1207.01
399.54	1221.65
399.75	1213.48
399.96	1213.34
400.17	1210.57
400.38	1215.20
400.59	1205.99
400.80	1211.93
401.01	1212.77
401.22	1213.67
401.42	1204.19
401.63	1214.22
401.84	1208.34
402.05	1214.59
402.26	1210.60
402.47	1205.41
402.68	1205.43
402.89	1213.93
403.10	1206.23
403.31	1212.27
403.52	1207.79
403.73	1221.10
403.94	1204.64
404.15	1213.93
404.36	1206.89
404.57	1212.60
404.78	1204.59
404.99	1213.81
405.20	1209.08
405.41	1207.18
405.62	1210.25
405.83	1216.82
406.04	1215.00
406.25	1211.58
406.46	1202.34
406.67	1213.28
406.88	1211.00
407.09	1213.18
407.30	1209.59
407.50	1208.42
407.71	1205.82
407.92	1207.89
408.13	1204.31
408.34	1207.05
408.55	1208.81
408.76	1211.84
408.97	1207.87
409.18	1213.63
409.39	1205.72
409.60	1216.86
409.81	1208.01
410.02	1212.01
410.23	1204.25
410.44	1209.31
410.65	1206.97
410.86	1212.44
411.07	1202.67
411.27	1215.55
411.48	1204.59
411.69	1213.56
411.90	1210.39
412.11	1207.95
412.32	1206.52
412.53	1210.49
412.74	1208.94
412.95	1213.81
413.16	1213.81
413.37	1209.47
413.58	1204.88
413.79	1208.77
414.00	1206.70
414.20	1217.11
414.41	1197.41
414.62	1213.54
414.83	1206.19
415.04	1217.93
415.25	1207.97
415.46	1214.08
415.67	1206.27
415.88	1208.63
416.09	1206.56
416.30	1211.46
416.51	1203.20
416.71	1213.11
416.92	1203.24
417.13	1211.91
417.34	1202.59
417.55	1212.79
417.76	1203.63
417.97	1212.81
418.18	1200.64
418.39	1210.98
418.60	1203.63
418.81	1217.60
419.01	1209.00
419.22	1214.59
419.43	1210.96
419.64	1210.17
419.85	1203.88
420.06	1208.30
420.27	1204.64
420.48	1209.16
420.69	1194.42
420.90	1212.62
421.10	1212.56
421.31	1210.08
421.52	1210.04
421.73	1219.05
421.94	1198.45
422.15	1218.05
422.36	1207.42
422.57	1206.60
422.78	1205.27
422.98	1213.42
423.19	1208.24
423.40	1212.83
423.61	1199.07
423.82	1214.36
424.03	1205.33
424.24	1214.63
424.45	1207.97
424.65	1213.95
424.86	1201.65
425.07	1209.67
425.28	1199.39
425.49	1207.73
425.70	1208.59
425.91	1216.92
426.12	1200.03
426.32	1212.38
426.53	1214.53
426.74	1209.98
426.95	1201.36
427.16	1214.71
427.37	1210.70
427.58	1210.39
427.78	1208.83
427.99	1213.26
428.20	1203.80
428.41	1218.48
428.62	1211.70
428.83	1213.83
429.04	1205.99
429.24	1210.55
429.45	1209.78
429.66	1213.34
429.87	1202.92
430.08	1212.81
430.29	1202.73
430.50	1206.70
430.70	1208.42
430.91	1210.68
431.12	1201.52
431.33	1213.36
431.54	1210.12
431.75	1212.30
431.96	1210.60
432.16	1214.04
432.37	1202.73
432.58	1212.54
432.79	1207.11
433.00	1211.97
433.21	1199.68
433.41	1210.86
433.62	1202.75
433.83	1212.40
434.04	1202.55
434.25	1207.95
434.46	1210.57
434.66	1218.05
434.87	1210.25
435.08	1210.43
435.29	1211.52
435.50	1214.81
435.71	1204.66
435.91	1209.39
436.12	1202.12
436.33	1212.77
436.54	1207.09
436.75	1212.30
436.95	1205.19
437.16	1210.31
437.37	1211.07
437.58	1211.48
437.79	1206.46
438.00	1209.88
438.20	1204.55
438.41	1214.30
438.62	1203.92
438.83	1214.28
439.04	1200.95
439.24	1216.58
439.45	1212.11
439.66	1207.75
439.87	1203.59
440.08	1215.00
440.28	1201.32
440.49	1213.16
440.70	1202.85
440.91	1214.83
441.12	1212.27
441.32	1215.47
441.53	1204.21
441.74	1205.48
441.95	1209.61
442.16	1206.42
442.36	1198.25
442.57	1213.87
442.78	1206.56
442.99	1214.38
443.20	1207.50
443.40	1209.57
443.61	1207.65
443.82	1210.02
444.03	1205.09
444.24	1216.92
444.44	1203.16
444.65	1212.07
444.86	1199.78
445.07	1210.29
445.27	1204.82
445.48	1208.40
445.69	1206.13
445.90	1208.59
446.11	1209.59
446.31	1207.77
446.52	1204.78
446.73	1208.73
446.94	1210.00
447.14	1214.55
447.35	1202.79
447.56	1220.81
447.77	1208.42
447.97	1217.62
448.18	1203.39
448.39	1217.78
448.60	1200.66
448.81	1214.49
449.01	1205.84
449.22	1216.21
449.43	1206.21
449.64	1214.47
449.84	1202.16
450.05	1211.84
450.26	1205.82
450.47	1218.34
450.67	1210.06
450.88	1206.17
451.09	1208.55
451.30	1206.62
451.50	1210.80
451.71	1204.55
451.92	1205.70
452.13	1214.22
452.33	1202.30
452.54	1212.17
452.75	1211.33
452.96	1217.97
453.16	1206.19
453.37	1213.40
453.58	1199.25
453.79	1214.38
453.99	1200.77
454.20	1211.46
454.41	1204.35
454.61	1213.09
454.82	1201.36
455.03	1212.70
455.24	1204.51
455.44	1211.82
455.65	1206.95
455.86	1214.14
456.07	1205.84
456.27	1216.43
456.48	1197.12
456.69	1217.15
456.90	1203.00
457.10	1214.94
457.31	1209.16
457.52	1211.50
457.72	1205.31
457.93	1214.02
458.14	1209.51
458.35	1208.38
458.55	1207.52
458.76	1212.89
458.97	1200.64
459.17	1213.32
459.38	1206.66
459.59	1211.33
459.80	1199.11
460.00	1210.37
460.21	1205.35
460.42	1211.99
460.62	1205.48
460.83	1214.28
461.04	1201.05
461.25	1208.61
461.45	1210.04
461.66	1215.74
461.87	1206.05
462.07	1217.64
462.28	1205.74
462.49	1206.17
462.69	1206.54
462.90	1212.25
463.11	1212.73
463.31	1209.33
463.52	1207.54
463.73	1211.70
463.94	1213.26
464.14	1212.62
464.35	1200.97
464.56	1211.48
464.76	1216.96
464.97	1207.05
465.18	1203.80
465.38	1208.81
465.59	1206.95
465.80	1212.73
466.00	1205.64
466.21	1212.03
466.42	1204.72
466.62	1210.55
466.83	1203.61
467.04	1210.21
467.24	1210.14
467.45	1211.39
467.66	1211.89
467.86	1216.66
468.07	1208.77
468.28	1210.04
468.48	1201.93
468.69	1213.61
468.90	1206.19
469.10	1212.87
469.31	1206.99
469.52	1215.20
469.72	1201.36
469.93	1211.50
470.14	1206.75
470.34	1215.14
470.55	1198.35
470.76	1212.07
470.96	1201.38
471.17	1212.54
471.38	1205.52
471.58	1212.99
471.79	1204.88
472.00	1218.40
472.20	1204.70
472.41	1211.37
472.62	1205.60
472.82	1212.75
473.03	1205.07
473.24	1216.64
473.44	1204.92
473.65	1208.98
473.85	1206.32
474.06	1199.35
474.27	1202.49
474.47	1214.32
474.68	1210.53
474.89	1210.96
475.09	1210.29
475.30	1216.49
475.51	1204.70
475.71	1215.24
475.92	1208.28
476.12	1214.98
476.33	1197.55
476.54	1213.85
476.74	1206.66
476.95	1212.15
477.16	1201.81
477.36	1213.61
477.57	1199.23
477.77	1210.86
477.98	1204.02
478.19	1212.34
478.39	1205.33
478.60	1212.27
478.81	1205.91
479.01	1216.04
479.22	1207.38
479.42	1214.75
479.63	1202.49
479.84	1214.10
480.04	1214.53
480.25	1211.78
480.45	1205.97
480.66	1213.46
480.87	1202.22
481.07	1207.22
481.28	1205.33
481.48	1217.27
481.69	1210.21
481.90	1204.66
482.10	1204.94
482.31	1209.74
482.51	1215.10
482.72	1214.22
482.93	1208.18
483.13	1215.04
483.34	1208.59
483.54	1208.42
483.75	1209.45
483.96	1210.80
484.16	1206.40
484.37	1210.78
484.57	1207.15
484.78	1212.05
484.99	1208.30
485.19	1213.83
485.40	1206.17
485.60	1214.32
485.81	1195.26
486.01	1211.52
486.22	1207.61
486.43	1219.52
486.63	1204.82
486.84	1212.46
487.04	1205.35
487.25	1211.07
487.46	1213.89
487.66	1209.20
487.87	1208.40
488.07	1210.92
488.28	1204.62
488.48	1215.33
488.69	1206.54
488.89	1214.40
489.10	1210.53
489.31	1214.75
489.51	1209.31
489.72	1211.62
489.92	1208.20
490.13	1214.61
490.33	1201.01
490.54	1212.77
490.75	1205.72
490.95	1215.49
491.16	1206.56
491.36	1210.51
491.57	1204.80
491.77	1214.53
491.98	1210.70
492.18	1215.51
492.39	1206.46
492.59	1210.98
492.80	1201.63
493.01	1216.43
493.21	1210.14
493.42	1209.59
493.62	1205.37
493.83	1213.95
494.03	1205.76
494.24	1210.37
494.44	1206.34
494.65	1212.62
494.85	1209.47
495.06	1215.74
495.26	1211.17
495.47	1213.69
495.68	1207.50
495.88	1212.75
496.09	1200.72
496.29	1210.04
496.50	1204.76
496.70	1213.03
496.91	1205.84
497.11	1204.53
497.32	1205.86
497.52	1203.30
497.73	1213.36
497.93	1207.42
498.14	1209.22
498.34	1214.81
498.55	1206.99
498.75	1214.38
498.96	1207.67
499.16	1214.83
499.37	1203.22
499.57	1214.26
499.78	1209.20
499.98	1201.42
500.19	1208.49
500.39	1216.39
500.60	1202.30
500.80	1214.49
501.01	1206.21
501.21	1211.05
501.42	1205.15
501.62	1209.33
501.83	1210.60
502.03	1212.03
502.24	1215.18
502.44	1205.23
502.65	1208.22
502.85	1212.11
503.06	1204.35
503.26	1211.29
503.47	1208.55
503.67	1215.29
503.88	1204.62
504.08	1212.11
504.29	1206.25
504.49	1212.58
504.70	1204.51
504.90	1205.11
505.11	1203.51
505.31	1214.32
505.52	1207.13
505.72	1210.04
505.93	1204.92
506.13	1209.61
506.34	1211.52
506.54	1212.25
506.75	1208.85
506.95	1212.77
507.16	1212.15
507.36	1211.74
507.56	1203.69
507.77	1206.03
507.97	1202.51
508.18	1222.35
508.38	1206.01
508.59	1209.12
508.79	1209.45
509.00	1222.66
509.20	1204.59
509.41	1207.83
509.61	1200.33
509.82	1215.69
510.02	1205.02
510.22	1209.33
510.43	1205.11
510.63	1211.89
510.84	1207.15
511.04	1212.23
511.25	1201.56
511.45	1216.10
511.66	1205.64
511.86	1218.83
512.06	1210.41
512.27	1214.34
512.47	1209.04
512.68	1211.03
512.88	1210.31
513.09	1212.36
513.29	1203.43
513.50	1211.50
513.70	1199.23
513.90	1206.15
514.11	1203.69
514.31	1210.74
514.52	1208.14
514.72	1213.09
514.93	1208.53
515.13	1213.85
515.33	1203.20
515.54	1210.57
515.74	1205.88
515.95	1210.88
516.15	1205.54
516.36	1218.34
516.56	1212.25
516.76	1213.09
516.97	1206.60
517.17	1213.48
517.38	1201.75
517.58	1202.12
517.78	1202.81
517.99	1218.64
518.19	1208.14
518.40	1210.39
518.60	1212.42
518.81	1213.05
519.01	1207.18
519.21	1213.09
519.42	1212.89
519.62	1211.95
519.83	1208.40
520.03	1218.38
520.23	1207.09
520.44	1210.76
520.64	1209.49
520.85	1213.13
521.05	1207.20
521.25	1214.42
521.46	1203.10
521.66	1218.97
521.86	1201.89
522.07	1212.30
522.27	1206.89
522.48	1210.88
522.68	1214.04
522.88	1214.30
523.09	1205.31
523.29	1210.88
523.50	1203.53
523.70	1212.44
523.90	1205.52
524.11	1212.68
524.31	1206.27
524.51	1214.69
524.72	1201.75
524.92	1209.08
525.13	1205.43
525.33	1214.04
525.53	1201.24
525.74	1213.09
525.94	1203.53
526.14	1207.89
526.35	1203.92
526.55	1215.72
526.76	1203.32
526.96	1210.94
527.16	1207.09
527.37	1213.81
527.57	1199.41
527.77	1214.88
527.98	1215.69
528.18	1214.61
528.38	1212.95
528.59	1210.96
528.79	1204.62
528.99	1215.41
529.20	1212.58
529.40	1208.10
529.61	1205.27
529.81	1215.57
530.01	1203.00
530.22	1209.47
530.42	1205.91
530.62	1214.75
530.83	1205.72
531.03	1209.45
531.23	1203.41
531.44	1218.95
531.64	1207.34
531.84	1217.72
532.05	1203.04
532.25	1207.77
532.45	1203.06
532.66	1212.87
532.86	1201.48
533.06	1214.90
533.27	1208.26
533.47	1213.63
533.67	1199.27
533.88	1204.49
534.08	1209.35
534.28	1210.39
534.49	1199.23
534.69	1207.56
534.89	1204.96
535.09	1210.47
535.30	1209.02
535.50	1216.04
535.70	1207.01
535.91	1213.77
536.11	1203.45
536.31	1208.65
536.52	1205.35
536.72	1213.42
536.92	1203.37
537.13	1215.45
537.33	1212.27
537.53	1207.85
537.74	1198.35
537.94	1209.16
538.14	1210.70
538.34	1211.35
538.55	1203.02
538.75	1217.54
538.95	1214.59
539.16	1211.66
539.36	1214.55
539.56	1212.15
539.77	1204.35
539.97	1215.45
540.17	1197.84
540.37	1212.34
540.58	1203.94
540.78	1210.12
540.98	1205.56
541.19	1208.81
541.39	1214.65
541.59	1213.24
541.79	1205.13
542.00	1214.14
542.20	1205.33
542.40	1209.94
542.60	1203.65
542.81	1203.00
543.01	1204.23
543.21	1208.47
543.42	1207.44
543.62	1219.46
543.82	1209.41
544.02	1211.84
544.23	1204.14
544.43	1211.19
544.63	1204.47
544.83	1202.10
545.04	1207.77
545.24	1206.44
545.44	1206.95
545.64	1215.84
545.85	1195.07
546.05	1216.53
546.25	1209.49
546.45	1208.20
546.66	1209.16
546.86	1214.28
547.06	1210.14
547.27	1212.97
547.47	1204.08
547.67	1208.14
547.87	1210.47
548.07	1208.04
548.28	1207.28
548.48	1213.13
548.68	1205.05
548.88	1209.55
549.09	1200.31
549.29	1210.23
549.49	1204.02
549.69	1214.18
549.90	1209.80
550.10	1217.31
550.30	1205.58
550.50	1209.28
550.71	1205.88
550.91	1210.55
551.11	1209.26
551.31	1207.18
551.51	1205.62
551.72	1215.37
551.92	1204.27
552.12	1203.47
552.32	1204.12
552.53	1215.35
552.73	1203.82
552.93	1213.73
553.13	1209.53
553.33	1214.55
553.54	1203.86
553.74	1214.10
553.94	1202.87
554.14	1209.98
554.35	1200.11
554.55	1215.33
554.75	1207.52
554.95	1209.22
555.15	1206.21
555.36	1214.77
555.56	1201.36
555.76	1214.10
555.96	1208.71
556.16	1215.24
556.37	1204.98
556.57	1210.37
556.77	1210.39
556.97	1212.97
557.17	1207.18
557.38	1211.41
557.58	1207.91
557.78	1211.68
557.98	1203.04
558.18	1206.25
558.38	1204.31
558.59	1207.03
558.79	1206.97
558.99	1211.11
559.19	1210.49
559.39	1212.73
559.60	1198.35
559.80	1212.44
560.00	1209.49
560.20	1210.92
560.40	1204.86
560.60	1211.66
560.81	1202.75
561.01	1210.55
561.21	1205.21
561.41	1212.34
561.61	1211.48
561.81	1213.11
562.02	1205.21
562.22	1211.58
562.42	1209.18
562.62	1211.46
562.82	1204.14
563.02	1213.67
563.23	1206.91
563.43	1213.59
563.63	1212.95
563.83	1215.59
564.03	1205.93
564.23	1209.22
564.43	1213.03
564.64	1209.90
564.84	1206.48
565.04	1208.92
565.24	1213.56
565.44	1209.28
565.64	1208.06
565.85	1215.96
566.05	1202.03
566.25	1215.72
566.45	1205.43
566.65	1210.10
566.85	1209.76
567.05	1216.02
567.25	1206.36
567.46	1209.78
567.66	1203.57
567.86	1210.78
568.06	1204.19
568.26	1216.15
568.46	1203.43
568.66	1207.63
568.86	1210.43
569.07	1213.32
569.27	1203.69
569.47	1205.95
569.67	1214.65
569.87	1211.97
570.07	1209.10
570.27	1213.16
570.47	1202.14
570.68	1210.47
570.88	1206.09
571.08	1208.61
571.28	1211.27
571.48	1209.94
571.68	1203.55
571.88	1213.40
572.08	1202.44
572.28	1209.26
572.49	1199.60
572.69	1214.06
572.89	1207.28
573.09	1214.36
573.29	1204.41
573.49	1209.28
573.69	1207.28
573.89	1213.48
574.09	1212.01
574.29	1211.35
574.50	1205.05
574.70	1212.40
574.90	1206.48
575.10	1212.09
575.30	1210.64
575.50	1211.58
575.70	1207.95
575.90	1209.80
576.10	1204.82
576.30	1210.06
576.50	1206.81
576.70	1217.13
576.91	1197.26
577.11	1213.40
577.31	1204.33
577.51	1206.36
577.71	1209.88
577.91	1213.38
578.11	1213.85
578.31	1211.95
578.51	1204.94
578.71	1219.28
578.91	1206.13
579.11	1220.98
579.31	1207.38
579.51	1208.67
579.71	1203.43
579.92	1209.26
580.12	1204.25
580.32	1213.07
580.52	1206.46
580.72	1210.23
580.92	1210.45
581.12	1211.33
581.32	1211.37
581.52	1202.85
581.72	1207.32
581.92	1209.94
582.12	1208.30
582.32	1209.43
582.52	1202.51
582.72	1214.32
582.92	1203.32
583.12	1213.18
583.32	1213.28
583.52	1215.74
583.72	1200.83
583.92	1215.47
584.12	1207.01
584.33	1214.94
584.53	1202.51
584.73	1214.94
584.93	1211.39
585.13	1218.03
585.33	1206.66
585.53	1220.45
585.73	1208.26
585.93	1210.19
586.13	1206.36
586.33	1211.82
586.53	1208.90
586.73	1207.77
586.93	1212.25
587.13	1209.35
587.33	1202.69
587.53	1212.75
587.73	1206.58
587.93	1210.76
588.13	1209.33
588.33	1215.31
588.53	1206.68
588.73	1215.63
588.93	1201.71
589.13	1221.76
589.33	1206.05
589.53	1211.03
589.73	1203.45
589.93	1211.68
590.13	1199.60
590.33	1210.62
590.53	1208.77
590.73	1211.07
590.93	1204.66
591.13	1214.32
591.33	1210.43
591.53	1216.35
591.73	1212.56
591.93	1218.64
592.13	1204.68
592.33	1211.17
592.53	1203.92
592.73	1210.82
592.93	1201.77
593.13	1214.53
593.33	1213.44
593.53	1208.59
593.73	1215.00
593.93	1210.04
594.13	1212.13
594.33	1215.31
594.53	1209.43
594.73	1213.69
594.92	1202.96
595.12	1211.41
595.32	1208.28
595.52	1213.46
595.72	1211.80
595.92	1215.02
596.12	1206.52
596.32	1211.41
596.52	1200.44
596.72	1217.62
596.92	1203.96
597.12	1210.84
597.32	1210.39
597.52	1212.27
597.72	1205.33
597.92	1220.32
598.12	1206.75
598.32	1219.61
598.52	1215.18
598.72	1212.13
598.92	1206.77
599.12	1210.27
599.31	1203.00
599.51	1210.96
599.71	1206.75
599.91	1214.04
600.11	1210.21
600.31	1215.06
600.51	1209.57
600.71	1211.72
600.91	1207.46
601.11	1215.04
601.31	1208.90
601.51	1216.31
601.71	1210.70
601.91	1210.27
602.10	1210.06
602.30	1211.00
602.50	1206.19
602.70	1218.87
602.90	1204.74
603.10	1212.56
603.30	1202.03
603.50	1217.21
603.70	1208.71
603.90	1217.01
604.10	1217.70
604.30	1208.14
604.49	1206.32
604.69	1212.15
604.89	1211.07
605.09	1217.31
605.29	1204.74
605.49	1215.10
605.69	1207.97
605.89	1220.18
606.09	1213.56
606.29	1211.84
606.48	1210.96
606.68	1208.81
606.88	1205.33
607.08	1218.56
607.28	1209.98
607.48	1214.32
607.68	1210.29
607.88	1212.70
608.08	1208.08
608.27	1222.84
608.47	1210.43
608.67	1215.82
608.87	1208.18
609.07	1217.37
609.27	1204.49
609.47	1216.60
609.67	1213.09
609.87	1210.86
610.06	1210.82
610.26	1221.02
610.46	1201.28
610.66	1207.99
610.86	1215.96
611.06	1214.51
611.26	1210.84
611.45	1219.65
611.65	1215.74
611.85	1218.32
612.05	1207.79
612.25	1212.19
612.45	1207.75
612.65	1225.77
612.84	1217.78
613.04	1215.55
613.24	1213.09
613.44	1211.43
613.64	1207.89
613.84	1220.32
614.04	1210.19
614.23	1211.68
614.43	1212.15
614.63	1224.21
614.83	1206.27
615.03	1224.95
615.23	1211.27
615.42	1224.13
615.62	1212.99
615.82	1217.01
616.02	1216.45
616.22	1222.56
616.42	1210.37
616.61	1222.31
616.81	1209.67
617.01	1220.38
617.21	1208.57
617.41	1226.16
617.61	1206.66
617.80	1229.07
618.00	1210.29
618.20	1219.67
618.40	1212.60
618.60	1218.93
618.80	1214.16
618.99	1215.96
619.19	1209.08
619.39	1219.91
619.59	1210.49
619.79	1222.78
619.98	1208.73
620.18	1220.55
620.38	1213.46
620.58	1227.70
620.78	1220.94
620.97	1223.54
621.17	1215.74
621.37	1221.22
621.57	1214.53
621.77	1219.03
621.96	1218.34
622.16	1213.11
622.36	1215.78
622.56	1228.66
622.76	1218.44
622.95	1216.76
623.15	1222.92
623.35	1227.94
623.55	1214.24
623.75	1225.67
623.94	1218.07
624.14	1226.30
624.34	1222.56
624.54	1226.08
624.73	1224.11
624.93	1224.05
625.13	1224.21
625.33	1223.83
625.53	1219.24
625.72	1226.20
625.92	1220.47
626.12	1223.99
626.32	1220.94
626.51	1229.44
626.71	1223.74
626.91	1232.92
627.11	1231.34
627.30	1235.17
627.50	1224.38
627.70	1231.48
627.90	1231.83
628.10	1232.18
628.29	1230.40
628.49	1233.59
628.69	1232.80
628.89	1238.08
629.08	1229.81
629.28	1234.23
629.48	1228.74
629.68	1240.31
629.87	1238.71
630.07	1234.02
630.27	1242.73
630.47	1246.09
630.66	1236.52
630.86	1243.81
631.06	1231.59
631.25	1239.23
631.45	1231.48
631.65	1243.83
631.85	1238.73
632.04	1244.98
632.24	1240.95
632.44	1253.19
632.64	1241.66
632.83	1242.75
633.03	1247.01
633.23	1251.66
633.42	1249.85
633.62	1248.63
633.82	1243.18
634.02	1253.77
634.21	1252.46
634.41	1258.89
634.61	1256.57
634.81	1258.87
635.00	1255.47
635.20	1260.75
635.40	1253.83
635.59	1263.90
635.79	1264.62
635.99	1265.85
636.18	1262.53
636.38	1263.39
636.58	1257.60
636.78	1269.41
636.97	1257.41
637.17	1271.01
637.37	1262.02
637.56	1269.54
637.76	1264.91
637.96	1273.24
638.15	1273.65
638.35	1272.53
638.55	1272.18
638.74	1273.69
638.94	1271.38
639.14	1271.99
639.34	1262.14
639.53	1267.04
639.73	1267.51
639.93	1273.16
640.12	1267.80
640.32	1276.44
640.52	1273.49
640.71	1272.65
640.91	1268.96
641.11	1268.18
641.30	1264.64
641.50	1267.39
641.70	1263.90
641.89	1276.89
642.09	1261.49
642.29	1273.55
642.48	1269.78
642.68	1269.84
642.88	1268.61
643.07	1268.98
643.27	1265.34
643.47	1271.91
643.66	1268.14
643.86	1266.40
644.06	1267.90
644.25	1265.42
644.45	1265.03
644.65	1272.89
644.84	1262.29
645.04	1271.81
645.23	1263.29
645.43	1269.47
645.63	1256.06
645.82	1267.32
646.02	1263.04
646.22	1278.61
646.41	1269.86
646.61	1281.62
646.81	1274.37
647.00	1294.56
647.20	1282.15
647.39	1288.44
647.59	1286.94
647.79	1300.81
647.98	1303.02
648.18	1315.90
648.38	1323.73
648.57	1342.12
648.77	1349.14
648.96	1365.14
649.16	1387.79
649.36	1425.04
649.55	1441.46
649.75	1475.77
649.95	1499.58
650.14	1530.51
650.34	1553.63
650.53	1601.68
650.73	1624.31
650.93	1668.60
651.12	1715.28
651.32	1778.25
651.51	1854.15
651.71	1961.22
651.91	2118.11
652.10	2348.22
652.30	2669.55
652.49	3088.50
652.69	3642.62
652.89	4315.77
653.08	5134.67
653.28	5948.26
653.47	6846.93
653.67	7670.30
653.86	8480.66
654.06	9131.71
654.26	9772.03
654.45	10243.90
654.65	10719.50
654.84	10955.75
655.04	11349.09
655.24	11525.80
655.43	11756.67
655.63	11935.95
655.82	11930.87
656.02	12068.56
656.21	12129.16
656.41	12179.39
656.61	12202.90
656.80	12258.51
657.00	12209.99
657.19	12143.02
657.39	12113.55
657.58	12167.74
657.78	12068.07
657.97	11908.49
658.17	11773.20
658.37	11456.32
658.56	11121.99
658.76	10662.46
658.95	10115.04
659.15	9405.50
659.34	8660.35
659.54	7905.20
659.73	7126.95
659.93	6445.55
660.13	5796.80
660.32	5324.15
660.52	4845.84
660.71	4505.00
660.91	4229.24
661.10	4020.70
661.30	3834.10
661.49	3671.00
661.69	3522.32
661.88	3418.92
662.08	3313.31
662.27	3221.43
662.47	3134.97
662.66	3053.62
662.86	2976.37
663.06	2913.09
663.25	2841.25
663.45	2792.55
663.64	2718.84
663.84	2671.19
664.03	2602.13
664.23	2528.61
664.42	2483.20
664.62	2441.79
664.81	2373.90
665.01	2321.86
665.20	2265.20
665.40	2239.54
665.59	2179.61
665.79	2142.09
665.98	2092.04
666.18	2071.01
666.37	2018.54
666.57	2008.52
666.76	1960.97
666.96	1945.26
667.15	1908.13
667.35	1894.60
667.54	1866.11
667.74	1850.63
667.93	1828.26
668.13	1820.50
668.32	1804.10
668.52	1808.27
668.71	1790.44
668.91	1800.16
669.10	1815.05
669.30	1838.97
669.49	1878.66
669.68	1939.75
669.88	2030.17
670.07	2142.42
670.27	2233.68
670.46	2344.13
670.66	2445.70
670.85	2518.65
671.05	2561.25
671.24	2598.46
671.44	2614.64
671.63	2639.34
671.83	2613.66
672.02	2599.83
672.22	2551.83
672.41	2508.97
672.60	2463.26
672.80	2382.98
672.99	2335.22
673.19	2257.97
673.38	2179.39
673.58	2119.75
673.77	2055.67
673.97	1985.89
674.16	1914.73
674.36	1859.04
674.55	1799.63
674.74	1740.22
674.94	1690.88
675.13	1647.65
675.33	1601.10
675.52	1582.96
675.72	1549.74
675.91	1543.25
676.10	1512.42
676.30	1508.00
676.49	1491.21
676.69	1493.07
676.88	1483.81
677.08	1481.87
677.27	1464.99
677.46	1455.76
677.66	1433.52
677.85	1410.29
678.05	1377.71
678.24	1352.34
678.44	1317.21
678.63	1305.74
678.82	1286.78
679.02	1284.22
679.21	1265.07
679.41	1269.41
679.60	1257.35
679.79	1258.11
679.99	1250.16
680.18	1256.00
680.38	1250.59
680.57	1256.74
680.76	1255.94
680.96	1262.43
681.15	1246.62
681.35	1255.30
681.54	1243.42
681.73	1254.77
681.93	1247.34
682.12	1257.58
682.32	1243.42
682.51	1245.74
682.70	1242.73
682.90	1249.92
683.09	1240.48
683.29	1240.58
683.48	1233.18
683.67	1240.13
683.87	1235.44
684.06	1243.85
684.25	1233.55
684.45	1245.14
684.64	1236.44
684.84	1240.25
685.03	1229.38
685.22	1240.00
685.42	1225.75
685.61	1238.32
685.80	1232.12
686.00	1234.84
686.19	1233.04
686.38	1233.39
686.58	1226.18
686.77	1232.06
686.96	1229.74
687.16	1226.00
687.35	1225.61
687.55	1235.11
687.74	1219.26
687.93	1233.12
688.13	1218.50
688.32	1221.10
688.51	1215.49
688.71	1223.37
688.90	1218.71
689.09	1217.58
689.29	1226.71
689.48	1213.42
689.67	1221.39
689.87	1223.80
690.06	1221.86
690.25	1220.79
690.45	1220.04
690.64	1224.56
690.83	1220.59
691.03	1231.18
691.22	1221.27
691.41	1221.53
691.61	1208.04
691.80	1223.89
691.99	1214.77
692.19	1226.75
692.38	1214.30
692.57	1221.27
692.76	1217.68
692.96	1228.90
693.15	1212.54
693.34	1223.25
693.54	1219.63
693.73	1226.16
693.92	1219.81
694.12	1220.02
694.31	1213.18
694.50	1217.11
694.70	1219.32
694.89	1226.75
695.08	1211.21
695.27	1215.12
695.47	1219.77
695.66	1230.19
695.85	1217.21
696.05	1222.60
696.24	1213.38
696.43	1224.56
696.62	1212.83
696.82	1226.55
697.01	1223.25
697.20	1221.47
697.40	1222.90
697.59	1220.34
697.78	1213.07
697.97	1223.07
698.17	1220.98
698.36	1227.39
698.55	1219.87
698.74	1219.67
698.94	1220.10
699.13	1222.74
699.32	1217.44
699.52	1228.02
699.71	1221.76
699.90	1226.43
700.09	1219.77
700.29	1223.76
700.48	1221.76
700.67	1224.73
700.86	1210.25
701.06	1221.61
701.25	1223.60
701.44	1226.61
701.63	1222.37
701.83	1221.39
702.02	1219.22
702.21	1224.54
702.40	1210.70
702.60	1217.11
702.79	1220.63
702.98	1223.72
703.17	1214.49
703.37	1225.98
703.56	1211.54
703.75	1213.50
703.94	1217.76
704.13	1213.95
704.33	1214.63
704.52	1217.85
704.71	1214.24
704.90	1223.31
705.10	1215.35
705.29	1220.18
705.48	1201.42
705.67	1220.30
705.86	1215.18
706.06	1218.60
706.25	1203.92
706.44	1215.43
706.63	1204.47
706.83	1213.40
707.02	1207.07
707.21	1208.87
707.40	1205.31
707.59	1208.04
707.79	1210.37
707.98	1207.54
708.17	1214.90
708.36	1212.99
708.55	1209.53
708.75	1204.33
708.94	1204.92
709.13	1212.21
709.32	1204.76
709.51	1215.24
709.71	1203.43
709.90	1218.91
710.09	1209.90
710.28	1213.18
710.47	1208.63
710.66	1212.03
710.86	1201.17
711.05	1213.30
711.24	1206.89
711.43	1220.43
711.62	1208.87
711.82	1209.06
712.01	1206.83
712.20	1211.99
712.39	1210.55
712.58	1211.23
712.77	1209.33
712.97	1215.55
713.16	1212.83
713.35	1211.46
713.54	1211.93
713.73	1220.67
713.92	1210.64
714.11	1215.00
714.31	1210.08
714.50	1215.74
714.69	1201.48
714.88	1216.45
715.07	1205.68
715.26	1214.14
715.46	1207.34
715.65	1209.71
715.84	1213.91
716.03	1205.95
716.22	1210.45
716.41	1217.58
716.60	1204.29
716.80	1213.09
716.99	1212.66
717.18	1208.71
717.37	1212.09
717.56	1211.97
717.75	1206.09
717.94	1210.45
718.13	1206.01
718.33	1212.13
718.52	1210.60
718.71	1204.23
718.90	1205.66
719.09	1219.91
719.28	1207.38
719.47	1214.36
719.66	1207.01
719.85	1212.01
720.05	1205.41
720.24	1210.66
720.43	1208.83
720.62	1209.65
720.81	1204.78
721.00	1205.31
721.19	1216.58
721.38	1214.32
721.57	1197.28
721.77	1205.84
721.96	1207.28
722.15	1207.73
722.34	1204.96
722.53	1209.04
722.72	1206.75
722.91	1212.93
723.10	1203.41
723.29	1219.14
723.48	1205.09
723.67	1212.21
723.87	1216.43
724.06	1220.36
724.25	1199.15
724.44	1206.66
724.63	1215.69
724.82	1213.54
725.01	1201.36
725.20	1206.89
725.39	1208.16
725.58	1216.27
725.77	1205.23
725.96	1209.82
726.15	1210.39
726.34	1213.16
726.54	1210.45
726.73	1213.93
726.92	1209.39
727.11	1210.04
727.30	1202.67
727.49	1210.00
727.68	1207.69
727.87	1209.96
728.06	1210.74
728.25	1215.45
728.44	1204.68
728.63	1212.85
728.82	1205.39
729.01	1217.95
729.20	1204.02
729.39	1222.13
729.58	1202.65
729.77	1214.69
729.96	1199.39
730.15	1217.58
730.34	1209.41
730.53	1211.41
730.73	1213.65
730.92	1211.64
731.11	1209.22
731.30	1210.33
731.49	1204.68
731.68	1212.11
731.87	1212.05
732.06	1216.66
732.25	1212.79
732.44	1209.51
732.63	1210.82
732.82	1213.16
733.01	1202.40
733.20	1208.67
733.39	1207.11
733.58	1206.23
733.77	1211.23
733.96	1208.98
734.15	1212.23
734.34	1208.26
734.53	1207.20
734.72	1207.26
734.91	1200.77
735.10	1212.07
735.29	1204.64
735.48	1214.63
735.67	1206.44
735.86	1215.06
736.05	1207.07
736.24	1212.66
736.43	1210.23
736.62	1206.89
736.81	1210.04
737.00	1230.52
737.19	1208.69
737.38	1221.18
737.57	1202.20
737.76	1213.99
737.95	1202.42
738.14	1213.18
738.33	1202.89
738.51	1214.51
738.70	1207.85
738.89	1215.61
739.08	1218.03
739.27	1214.24
739.46	1205.93
739.65	1211.82
739.84	1210.41
740.03	1210.49
740.22	1211.46
740.41	1214.06
740.60	1204.86
740.79	1212.25
740.98	1205.19
741.17	1210.64
741.36	1200.05
741.55	1203.73
741.74	1204.92
741.93	1209.74
742.12	1200.66
742.31	1213.75
742.50	1206.19
742.68	1206.85
742.87	1209.82
743.06	1205.66
743.25	1206.97
743.44	1213.73
743.63	1207.97
743.82	1215.16
744.01	1204.08
744.20	1213.07
744.39	1202.57
744.58	1218.17
744.77	1206.23
744.96	1213.61
745.14	1202.79
745.33	1213.63
745.52	1206.42
745.71	1217.05
745.90	1207.38
746.09	1210.80
746.28	1204.43
746.47	1208.44
746.66	1201.99
746.85	1208.87
747.04	1205.62
747.22	1215.04
747.41	1206.62
747.60	1206.54
747.79	1209.98
747.98	1209.41
748.17	1205.84
748.36	1222.53
748.55	1214.10
748.74	1208.79
748.93	1208.59
749.11	1211.97
749.30	1206.23
749.49	1213.42
749.68	1210.86
749.87	1206.60
750.06	1205.86
750.25	1203.18
750.44	1209.06
750.62	1216.02
750.81	1204.90
751.00	1210.43
751.19	1205.09
751.38	1216.84
751.57	1205.80
751.76	1208.96
751.95	1199.09
752.13	1213.20
752.32	1207.83
752.51	1212.44
752.70	1203.02
752.89	1212.64
753.08	1207.34
753.27	1208.73
753.45	1208.51
753.64	1210.76
753.83	1201.52
754.02	1208.77
754.21	1199.47
754.40	1209.02
754.58	1207.34
754.77	1208.38
754.96	1207.11
755.15	1213.28
755.34	1202.94
755.53	1217.44
755.71	1205.78
755.90	1215.67
756.09	1198.94
756.28	1212.03
756.47	1205.60
756.66	1212.60
756.84	1208.44
757.03	1215.10
757.22	1204.16
757.41	1211.52
757.60	1200.89
757.79	1214.08
757.97	1203.76
758.16	1208.01
758.35	1204.39
758.54	1211.58
758.73	1198.00
758.91	1204.57
759.10	1210.00
759.29	1212.09
759.48	1205.21
759.67	1211.76
759.85	1207.01
760.04	1207.11
760.23	1204.27
760.42	1212.89
760.61	1205.02
760.79	1215.57
760.98	1194.89
761.17	1216.31
761.36	1200.97
761.55	1207.30
761.73	1212.50
761.92	1210.88
762.11	1208.96
762.30	1215.24
762.49	1211.41
762.67	1211.70
762.86	1202.92
763.05	1211.15
763.24	1200.27
763.42	1213.11
763.61	1207.32
763.80	1216.39
763.99	1208.10
764.17	1207.99
764.36	1203.55
764.55	1208.22
764.74	1204.39
764.92	1206.48
765.11	1202.73
765.30	1215.80
765.49	1208.30
765.68	1212.38
765.86	1210.35
766.05	1212.01
766.24	1201.73
766.43	1207.85
766.61	1201.56
766.80	1211.25
766.99	1207.77
767.17	1209.28
767.36	1204.31
767.55	1208.57
767.74	1205.93
767.92	1215.06
768.11	1212.48
768.30	1209.55
768.49	1206.97
768.67	1207.52
768.86	1201.05
769.05	1212.85
769.24	1207.15
769.42	1212.13
769.61	1207.22
769.80	1216.12
769.98	1210.90
770.17	1216.72
770.36	1199.50
770.55	1209.84
770.73	1208.98
770.92	1220.12
771.11	1212.19
771.29	1211.11
771.48	1206.07
771.67	1208.44
771.86	1210.60
772.04	1212.56
772.23	1207.22
772.42	1210.70
772.60	1207.63
772.79	1211.76
772.98	1208.24
773.16	1209.08
773.35	1207.95
773.54	1212.58
773.72	1208.28
773.91	1208.59
774.10	1205.05
774.29	1209.39
774.47	1209.18
774.66	1216.02
774.85	1199.31
775.03	1207.71
775.22	1205.13
775.41	1214.98
775.59	1207.03
775.78	1215.31
775.97	1211.03
776.15	1207.69
776.34	1204.49
776.53	1204.84
776.71	1213.89
776.90	1206.77
777.09	1201.24
777.27	1221.18
777.46	1196.40
777.65	1214.14
777.83	1206.56
778.02	1211.70
778.21	1206.91
778.39	1206.93
778.58	1202.57
778.76	1208.65
778.95	1205.33
779.14	1214.16
779.32	1204.72
779.51	1208.10
779.70	1199.09
779.88	1205.64
780.07	1207.81
780.26	1213.24
780.44	1204.66
780.63	1208.51
780.81	1207.63
781.00	1206.27
781.19	1209.10
781.37	1209.28
781.56	1201.42
781.75	1204.74
781.93	1202.73
782.12	1210.57
782.30	1202.32
782.49	1209.22
782.68	1212.95
782.86	1213.79
783.05	1203.08
783.23	1215.86
783.42	1201.63
783.61	1210.41
783.79	1199.84
783.98	1210.31
784.16	1210.47
784.35	1211.11
784.54	1205.25
784.72	1213.75
784.91	1199.93
785.09	1212.62
785.28	1206.58
785.47	1212.62
785.65	1209.12
785.84	1209.08
786.02	1206.95
786.21	1214.36
786.40	1207.44
786.58	1207.26
786.77	1206.56
786.95	1201.26
787.14	1206.79
787.32	1215.16
787.51	1211.64
787.70	1210.96
787.88	1209.49
788.07	1212.30
788.25	1211.43
788.44	1212.79
788.62	1207.89
788.81	1207.22
789.00	1203.82
789.18	1213.59
789.37	1202.32
789.55	1205.88
789.74	1203.43
789.92	1207.01
790.11	1202.83
790.29	1213.34
790.48	1208.71
790.67	1207.30
790.85	1205.33
791.04	1208.28
791.22	1206.54
791.41	1210.41
791.59	1202.73
791.78	1207.93
791.96	1199.41
792.15	1207.99
792.33	1203.94
792.52	1214.79
792.70	1203.92
792.89	1212.50
793.07	1203.63
793.26	1211.13
793.45	1198.86
793.63	1201.17
793.82	1208.75
794.00	1213.85
794.19	1204.55
794.37	1207.58
794.56	1209.06
794.74	1211.70
794.93	1209.90
795.11	1212.52
795.30	1200.97
795.48	1206.62
795.67	1208.30
795.85	1214.18
796.04	1206.95
796.22	1210.60
796.41	1213.87
796.59	1208.38
796.78	1205.62
796.96	1206.32
797.15	1196.26
797.33	1213.11
797.52	1195.58
797.70	1211.48
797.89	1204.80
798.07	1209.90
798.26	1206.91
798.44	1208.16
798.63	1200.48
798.81	1212.27
798.99	1198.08
799.18	1218.07
799.36	1206.17
799.55	1210.19
799.73	1202.71
799.92	1214.40
800.10	1204.92
800.29	1210.51
800.47	1205.82
800.66	1208.38
800.84	1198.82
801.03	1211.76
801.21	1204.49
801.39	1210.12
801.58	1214.69
801.76	1210.94
801.95	1201.20
802.13	1213.07
802.32	1202.67
802.50	1201.38
802.69	1207.97
802.87	1203.43
803.06	1205.45
803.24	1212.46
803.42	1208.96
803.61	1213.05
803.79	1210.57
803.98	1212.07
804.16	1205.43
804.35	1208.94
804.53	1204.80
804.71	1208.85
804.90	1203.84
805.08	1211.37
805.27	1201.79
805.45	1202.77
805.63	1212.32
805.82	1206.62
806.00	1201.07
806.19	1209.84
806.37	1202.94
806.56	1220.18
806.74	1208.73
806.92	1208.55
807.11	1202.92
807.29	1208.85
807.48	1204.16
807.66	1212.97
807.84	1197.47
808.03	1205.11
808.21	1200.25
808.40	1210.80
808.58	1210.10
808.76	1214.88
808.95	1209.45
809.13	1209.14
809.32	1206.54
809.50	1212.93
809.68	1205.21
809.87	1203.39
810.05	1206.17
810.23	1217.66
810.42	1207.26
810.60	1212.85
810.79	1201.69
810.97	1215.92
811.15	1198.41
811.34	1212.99
811.52	1209.47
811.70	1214.18
811.89	1200.85
812.07	1216.29
812.25	1199.84
812.44	1205.07
812.62	1199.66
812.81	1210.27
812.99	1209.35
813.17	1207.97
813.36	1200.13
813.54	1202.14
813.72	1209.08
813.91	1204.25
814.09	1202.73
814.27	1208.36
814.46	1207.42
814.64	1212.05
814.82	1210.17
815.01	1208.59
815.19	1204.23
815.37	1208.08
815.56	1213.85
815.74	1209.65
815.92	1200.23
816.11	1210.23
816.29	1204.92
816.47	1215.55
816.66	1206.13
816.84	1206.05
817.02	1205.02
817.21	1204.27
817.39	1207.69
817.57	1208.34
817.76	1204.70
817.94	1213.99
818.12	1209.06
818.30	1215.16
818.49	1206.21
818.67	1214.08
818.85	1201.89
819.04	1213.75
819.22	1206.38
819.40	1213.54
819.59	1211.35
819.77	1215.82
819.95	1204.68
820.13	1214.20
820.32	1210.14
820.50	1198.88
820.68	1204.94
820.87	1212.50
821.05	1207.13
821.23	1205.91
821.41	1198.43
821.60	1208.92
821.78	1207.67
821.96	1203.82
822.14	1205.09
822.33	1208.63
822.51	1201.05
822.69	1209.67
822.88	1208.16
823.06	1210.37
823.24	1197.55
823.42	1215.88
823.61	1202.77
823.79	1212.40
823.97	1209.16
824.15	1206.32
824.34	1203.92
824.52	1214.32
824.70	1203.28
824.88	1209.47
825.07	1207.50
825.25	1217.13
825.43	1203.94
825.61	1211.11
825.80	1196.32
825.98	1211.43
826.16	1204.74
826.34	1211.00
826.53	1200.19
826.71	1211.60
826.89	1208.77
827.07	1208.24
827.25	1204.78
827.44	1210.14
827.62	1205.21
827.80	1215.06
827.98	1202.63
828.17	1214.65
828.35	1206.95
828.53	1212.70
828.71	1203.82
828.89	1209.33
829.08	1202.20
829.26	1210.78
829.44	1208.57
829.62	1206.11
829.80	1204.86
829.99	1204.29
830.17	1208.81
830.35	1210.23
830.53	1205.60
830.71	1211.89
830.90	1198.12
831.08	1207.56
831.26	1196.89
831.44	1211.76
831.62	1205.13
831.81	1206.62
831.99	1214.38
832.17	1212.01
832.35	1203.06
832.53	1205.78
832.71	1210.96
832.90	1207.26
833.08	1201.87
833.26	1215.57
833.44	1205.39
833.62	1208.14
833.81	1203.39
833.99	1210.12
834.17	1206.81
834.35	1207.77
834.53	1202.01
834.71	1211.62
834.89	1208.77
835.08	1208.04
835.26	1198.94
835.44	1208.55
835.62	1208.69
835.80	1214.57
835.98	1199.15
836.17	1206.44
836.35	1198.70
836.53	1207.46
836.71	1207.32
836.89	1212.87
837.07	1201.11
837.25	1212.42
837.44	1211.39
837.62	1216.45
837.80	1200.13
837.98	1216.35
838.16	1204.68
838.34	1212.91
838.52	1203.73
838.70	1201.24
838.89	1206.52
839.07	1209.08
839.25	1201.77
839.43	1211.76
839.61	1199.78
839.79	1211.43
839.97	1212.44
840.15	1215.72
840.33	1204.86
840.52	1213.99
840.70	1210.55
840.88	1212.93
841.06	1210.86
841.24	1210.70
841.42	1203.41
841.60	1214.45
841.78	1201.07
841.96	1205.41
842.14	1206.05
842.33	1206.27
842.51	1202.96
842.69	1212.01
842.87	1199.76
843.05	1209.55
843.23	1201.63
843.41	1217.60
843.59	1210.51
843.77	1212.38
843.95	1207.50
844.13	1211.50
844.31	1205.99
844.49	1210.53
844.68	1205.62
844.86	1213.42
845.04	1206.93
845.22	1213.36
845.40	1206.85
845.58	1216.08
845.76	1199.21
845.94	1211.19
846.12	1208.06
846.30	1207.34
846.48	1206.15
846.66	1209.47
846.84	1207.40
847.02	1209.49
847.20	1206.66
847.38	1211.70
847.56	1199.45
847.74	1213.40
847.92	1200.62
848.11	1210.74
848.29	1205.11
848.47	1204.62
848.65	1202.20
848.83	1204.88
849.01	1201.54
849.19	1216.21
849.37	1198.55
849.55	1207.07
849.73	1207.87
849.91	1213.81
850.09	1207.73
850.27	1213.71
850.45	1204.74
850.63	1209.02
850.81	1210.96
850.99	1214.12
851.17	1208.40
851.35	1206.25
851.53	1206.95
851.71	1215.92
851.89	1200.40
852.07	1205.05
852.25	1205.02
852.43	1205.07
852.61	1205.00
852.79	1201.63
852.97	1204.33
853.15	1211.72
853.33	1207.01
853.51	1219.42
853.69	1198.27
853.87	1216.04
854.05	1206.66
854.23	1207.20
854.41	1211.25
854.59	1217.70
854.77	1199.41
854.95	1210.10
855.13	1205.37
855.31	1208.08
855.49	1207.40
855.67	1214.14
855.84	1200.44
856.02	1210.51
856.20	1201.11
856.38	1206.03
856.56	1206.99
856.74	1214.40
856.92	1210.66
857.10	1211.84
857.28	1213.11
857.46	1208.42
857.64	1204.12
857.82	1213.13
858.00	1201.11
858.18	1220.47
858.36	1200.95
858.54	1217.99
858.72	1205.29
858.90	1210.66
859.08	1203.57
859.25	1209.35
859.43	1201.05
859.61	1211.76
859.79	1206.58
859.97	1209.10
860.15	1209.02
860.33	1214.10
860.51	1196.57
860.69	1209.02
860.87	1198.80
861.05	1206.09
861.23	1203.63
861.41	1202.22
861.58	1204.25
861.76	1209.67
861.94	1201.97
862.12	1212.75
862.30	1205.45
862.48	1210.33
862.66	1201.99
862.84	1211.60
863.02	1212.25
863.20	1208.18
863.37	1205.72
863.55	1207.77
863.73	1205.95
863.91	1202.71
864.09	1200.81
864.27	1215.65
864.45	1208.08
864.63	1208.10
864.80	1207.03
864.98	1206.77
865.16	1206.72
865.34	1212.17
865.52	1204.49
865.70	1211.74
865.88	1209.18
866.06	1207.48
866.23	1208.87
866.41	1206.81
866.59	1199.64
866.77	1216.49
866.95	1208.69
867.13	1210.88
867.31	1205.35
867.48	1208.87
867.66	1204.55
867.84	1211.66
868.02	1206.19
868.20	1211.70
868.38	1202.01
868.56	1209.37
868.73	1206.75
868.91	1211.52
869.09	1205.80
869.27	1209.53
869.45	1201.30
869.63	1213.13
869.80	1207.03
869.98	1205.99
870.16	1204.78
870.34	1211.21
870.52	1203.37
870.70	1212.58
870.87	1195.58
871.05	1207.28
871.23	1199.52
871.41	1212.44
871.59	1199.68
871.76	1211.58
871.94	1210.02
872.12	1210.41
872.30	1204.66
872.48	1210.00
872.65	1203.82
872.83	1219.22
873.01	1197.80
873.19	1210.90
873.37	1197.41
873.54	1214.20
873.72	1202.94
873.90	1209.22
874.08	1212.44
874.26	1213.95
874.43	1209.35
874.61	1211.76
874.79	1203.16
874.97	1199.60
875.15	1203.53
875.32	1205.88
875.50	1202.28
875.68	1209.69
875.86	1199.33
876.03	1206.21
876.21	1203.06
876.39	1208.30
876.57	1209.78
876.74	1209.04
876.92	1196.77
877.10	1207.36
877.28	1208.67
877.45	1213.50
877.63	1202.08
877.81	1212.32
877.99	1198.02
878.17	1209.78
878.34	1198.00
878.52	1209.94
878.70	1199.11
878.87	1213.18
879.05	1206.13
879.23	1215.14
879.41	1208.77
879.58	1211.09
879.76	1211.52
879.94	1208.18
880.12	1208.42
880.29	1205.33
880.47	1205.64
880.65	1208.85
880.83	1206.25
881.00	1208.08
881.18	1205.13
881.36	1206.54
881.53	1204.25
881.71	1204.68
881.89	1204.66
882.07	1214.14
882.24	1202.32
882.42	1211.07
882.60	1202.01
882.77	1212.38
882.95	1205.78
883.13	1210.96
883.30	1203.47
883.48	1204.06
883.66	1197.67
883.84	1206.64
884.01	1202.85
884.19	1210.04
884.37	1207.24
884.54	1213.67
884.72	1207.20
884.90	1224.13
885.07	1206.72
885.25	1208.63
885.43	1206.64
885.60	1213.18
885.78	1207.32
885.96	1210.72
886.13	1201.17
886.31	1211.35
886.49	1206.03
886.66	1211.66
886.84	1210.78
887.02	1212.25
887.19	1201.77
887.37	1209.45
887.55	1204.31
887.72	1208.20
887.90	1205.39
888.08	1213.50
888.25	1204.08
888.43	1210.06
888.61	1202.18
888.78	1209.82
888.96	1204.16
889.14	1213.85
889.31	1207.87
889.49	1212.44
889.67	1207.73
889.84	1206.54
890.02	1201.36
890.19	1209.04
890.37	1205.84
890.55	1212.30
890.72	1211.43
890.90	1208.73
891.08	1208.12
891.25	1212.56
891.43	1207.87
891.60	1202.96
891.78	1204.39
891.96	1202.94
892.13	1208.38
892.31	1216.49
892.48	1206.68
892.66	1214.73
892.84	1202.87
893.01	1215.84
893.19	1205.33
893.36	1214.20
893.54	1205.58
893.72	1207.58
893.89	1212.13
894.07	1208.63
894.24	1205.27
894.42	1226.79
894.60	1201.34
894.77	1216.62
894.95	1207.01
895.12	1205.58
895.30	1208.77
895.48	1209.71
895.65	1203.16
895.83	1206.68
896.00	1205.80
896.18	1217.68
896.35	1205.35
896.53	1206.91
896.71	1204.02
896.88	1208.47
897.06	1198.90
897.23	1212.73
897.41	1200.58
897.58	1209.06
897.76	1201.95
897.93	1210.94
898.11	1205.48
898.29	1211.54
898.46	1209.57
898.64	1211.58
898.81	1207.13
898.99	1210.78
899.16	1207.26
899.34	1210.64
899.51	1200.91
899.69	1213.63
899.86	1204.68
900.04	1209.35
900.21	1203.51
900.39	1200.62
900.57	1202.22
900.74	1213.44
900.92	1203.49
901.09	1212.36
901.27	1205.15
901.44	1211.48
901.62	1200.19
901.79	1207.95
901.97	1210.12
902.14	1200.85
902.32	1201.69
902.49	1210.21
902.67	1196.91
902.84	1203.26
903.02	1206.19
903.19	1214.67
903.37	1205.88
903.54	1210.76
903.72	1198.41
903.89	1210.88
904.07	1204.98
904.24	1205.45
904.42	1206.70
904.59	1207.95
904.77	1205.56
904.94	1212.87
905.12	1204.80
905.29	1208.83
905.47	1207.13
905.64	1206.91
905.82	1203.12
905.99	1212.56
906.16	1204.49
906.34	1215.43
906.51	1205.52
906.69	1207.52
906.86	1201.38
907.04	1207.77
907.21	1202.20
907.39	1211.89
907.56	1202.51
907.74	1205.02
907.91	1207.95
908.09	1211.09
908.26	1209.49
908.43	1212.17
908.61	1203.04
908.78	1215.65
908.96	1203.57
909.13	1205.70
909.31	1201.63
909.48	1218.79
909.65	1207.91
909.83	1211.43
910.00	1201.24
910.18	1205.50
910.35	1205.64
910.53	1208.63
910.70	1201.54
910.87	1214.22
911.05	1198.27
911.22	1205.07
911.40	1207.85
911.57	1209.37
911.75	1201.54
911.92	1212.62
912.09	1200.81
912.27	1211.35
912.44	1205.21
912.62	1217.78
912.79	1199.11
912.96	1213.73
913.14	1203.80
913.31	1203.32
913.49	1206.50
913.66	1209.28
913.83	1203.53
914.01	1209.59
914.18	1205.99
914.36	1205.66
914.53	1199.58
914.70	1218.62
914.88	1212.17
915.05	1203.24
915.22	1204.68
915.40	1207.91
915.57	1202.85
915.75	1205.72
915.92	1200.13
916.09	1208.12
916.27	1210.17
916.44	1211.07
916.61	1209.08
916.79	1212.75
916.96	1206.93
917.13	1214.77
917.31	1205.82
917.48	1212.99
917.66	1208.34
917.83	1213.59
918.00	1208.85
918.18	1207.09
918.35	1210.21
918.52	1210.04
918.70	1204.80
918.87	1208.10
919.04	1204.04
919.22	1214.88
919.39	1201.11
919.56	1211.70
919.74	1204.96
919.91	1214.96
920.08	1199.60
920.26	1209.28
920.43	1207.18
920.60	1205.31
920.78	1200.44
920.95	1208.71
921.12	1204.27
921.29	1214.88
921.47	1207.09
921.64	1209.61
921.81	1195.28
921.99	1212.91
922.16	1201.13
922.33	1213.54
922.51	1205.74
922.68	1214.04
922.85	1206.34
923.03	1210.62
923.20	1207.18
923.37	1214.26
923.54	1210.37
923.72	1211.15
923.89	1205.33
924.06	1209.16
924.24	1205.54
924.41	1203.84
924.58	1209.16
924.75	1209.76
924.93	1203.39
925.10	1210.39
925.27	1205.19
925.44	1212.77
925.62	1201.13
925.79	1200.95
925.96	1203.28
926.14	1209.06
926.31	1203.00
926.48	1204.90
926.65	1202.92
926.83	1207.58
927.00	1207.77
927.17	1209.82
927.34	1203.84
927.52	1205.80
927.69	1201.81
927.86	1212.40
928.03	1198.47
928.21	1206.23
928.38	1208.85
928.55	1207.85
928.72	1206.36
928.89	1207.36
929.07	1209.78
929.24	1209.16
929.41	1207.03
929.58	1205.50
929.76	1205.97
929.93	1207.87
930.10	1200.97
930.27	1206.29
930.44	1203.65
930.62	1209.47
930.79	1199.21
930.96	1212.15
931.13	1205.56
931.31	1210.47
931.48	1201.48
931.65	1215.82
931.82	1202.65
931.99	1204.88
932.17	1201.38
932.34	1209.59
932.51	1205.09
932.68	1207.09
932.85	1208.30
933.03	1212.91
933.20	1202.03
933.37	1212.52
933.54	1201.01
933.71	1209.80
933.88	1204.51
934.06	1212.91
934.23	1206.99
934.40	1212.23
934.57	1206.23
934.74	1211.91
934.91	1202.26
935.09	1206.85
935.26	1210.80
935.43	1211.84
935.60	1211.09
935.77	1204.29
935.94	1205.45
936.12	1218.54
936.29	1203.30
936.46	1201.91
936.63	1199.62
936.80	1209.53
936.97	1206.40
937.14	1209.51
937.32	1203.22
937.49	1210.04
937.66	1202.67
937.83	1209.61
938.00	1204.19
938.17	1207.22
938.34	1202.49
938.52	1213.99
938.69	1204.04
938.86	1213.75
939.03	1214.92
939.20	1210.74
939.37	1204.80
939.54	1216.66
939.71	1197.94
939.89	1210.72
940.06	1209.61
940.23	1206.42
940.40	1199.04
940.57	1208.34
940.74	1201.46
940.91	1210.39
941.08	1205.58
941.25	1205.62
941.43	1203.08
941.60	1208.32
941.77	1205.15
941.94	1209.74
942.11	1202.53
942.28	1213.05
942.45	1209.76
942.62	1208.08
942.79	1195.42
942.96	1205.13
943.13	1203.18
943.30	1210.78
943.48	1204.80
943.65	1209.63
943.82	1206.54
943.99	1209.08
944.16	1209.20
944.33	1206.83
944.50	1204.88
944.67	1206.40
944.84	1200.23
945.01	1208.24
945.18	1209.47
945.35	1208.73
945.52	1198.66
945.69	1210.23
945.86	1206.95
946.03	1207.83
946.21	1207.99
946.38	1211.35
946.55	1203.71
946.72	1214.88
946.89	1202.38
947.06	1215.72
947.23	1207.05
947.40	1213.50
947.57	1208.12
947.74	1204.55
947.91	1203.92
948.08	1215.90
948.25	1201.97
948.42	1203.90
948.59	1199.09
948.76	1209.94
948.93	1205.02
949.10	1214.69
949.27	1203.73
949.44	1206.01
949.61	1198.45
949.78	1207.26
949.95	1208.67
950.12	1206.95
950.29	1202.83
950.46	1207.18
950.63	1203.22
950.80	1213.91
950.97	1197.41
951.14	1215.51
951.31	1203.18
951.48	1212.44
951.65	1207.83
951.82	1207.46
951.99	1196.77
952.16	1211.35
952.33	1202.57
952.50	1207.36
952.67	1199.54
952.84	1214.65
953.01	1201.09
953.18	1215.47
953.35	1202.83
953.52	1219.95
953.69	1204.55
953.86	1211.43
954.03	1201.95
954.20	1207.36
954.37	1216.92
954.54	1209.35
954.70	1201.48
954.87	1209.14
955.04	1201.54
955.21	1209.74
955.38	1204.51
955.55	1212.81
955.72	1207.58
955.89	1210.76
956.06	1205.97
956.23	1214.02
956.40	1195.69
956.57	1206.72
956.74	1203.76
956.91	1205.45
957.08	1198.57
957.25	1208.87
957.41	1199.29
957.58	1208.59
957.75	1198.84
957.92	1208.96
958.09	1203.26
958.26	1206.07
958.43	1196.81
958.60	1206.44
958.77	1200.33
958.94	1209.47
959.11	1211.41
959.27	1214.04
959.44	1197.45
959.61	1210.74
959.78	1207.40
959.95	1213.54
960.12	1199.97
960.29	1206.64
960.46	1208.77
960.63	1214.90
960.80	1199.76
960.96	1213.59
961.13	1204.33
961.30	1215.14
961.47	1205.99
961.64	1209.90
961.81	1203.90
961.98	1213.65
962.15	1200.87
962.31	1215.04
962.48	1204.00
962.65	1211.35
962.82	1205.80
962.99	1207.79
963.16	1204.96
963.33	1217.70
963.49	1202.57
963.66	1210.68
963.83	1206.44
964.00	1204.08
964.17	1202.42
964.34	1212.62
964.51	1204.64
964.67	1209.69
964.84	1209.00
965.01	1228.88
965.18	1203.53
965.35	1217.89
965.52	1206.97
965.68	1211.46
965.85	1203.53
966.02	1207.09
966.19	1205.05
966.36	1211.78
966.52	1201.75
966.69	1206.64
966.86	1203.24
967.03	1212.21
967.20	1203.47
967.37	1218.13
967.53	1202.03
967.70	1210.47
967.87	1204.25
968.04	1212.36
968.21	1208.92
968.37	1209.86
968.54	1205.80
968.71	1211.62
968.88	1201.17
969.05	1211.43
969.21	1196.44
969.38	1216.00
969.55	1199.74
969.72	1212.36
969.89	1214.38
970.05	1205.97
970.22	1210.68
970.39	1204.51
970.56	1199.68
970.72	1205.54
970.89	1205.21
971.06	1211.41
971.23	1202.87
971.39	1205.68
971.56	1206.34
971.73	1201.34
971.90	1207.44
972.07	1202.79
972.23	1197.82
972.40	1216.37
972.57	1205.86
972.74	1207.44
972.90	1202.16
973.07	1198.18
973.24	1199.15
973.40	1210.04
973.57	1204.23
973.74	1211.60
973.91	1203.43
974.07	1215.49
974.24	1204.27
974.41	1211.52
974.58	1210.84
974.74	1207.67
974.91	1204.49
975.08	1213.34
975.25	1207.26
975.41	1206.89
975.58	1204.84
975.75	1217.05
975.91	1198.82
976.08	1214.32
976.25	1205.19
976.42	1216.88
976.58	1208.12
976.75	1211.76
976.92	1206.79
977.08	1209.45
977.25	1204.25
977.42	1211.64
977.58	1200.77
977.75	1212.50
977.92	1203.22
978.08	1211.84
978.25	1213.26
978.42	1213.13
978.59	1205.15
978.75	1211.17
978.92	1211.09
979.09	1214.28
979.25	1205.13
979.42	1206.64
979.59	1205.95
979.75	1209.12
979.92	1203.55
980.09	1208.01
980.25	1204.10
980.42	1203.20
980.59	1211.11
980.75	1210.70
980.92	1201.44
981.09	1204.84
981.25	1202.79
981.42	1201.26
981.59	1204.72
981.75	1207.99
981.92	1200.79
982.08	1210.02
982.25	1205.11
982.42	1208.67
982.58	1204.59
982.75	1210.43
982.92	1200.15
983.08	1210.23
983.25	1210.29
983.42	1206.58
983.58	1205.09
983.75	1205.23
983.91	1199.78
984.08	1210.49
984.25	1208.26
984.41	1210.23
984.58	1201.79
984.74	1209.92
984.91	1197.49
985.08	1206.03
985.24	1205.27
985.41	1208.71
985.57	1207.65
985.74	1208.69
985.91	1200.97
986.07	1215.22
986.24	1204.31
986.40	1215.24
986.57	1212.93
986.74	1205.54
986.90	1208.22
987.07	1212.93
987.23	1199.74
987.40	1213.73
987.57	1209.80
987.73	1215.76
987.90	1206.11
988.06	1208.42
988.23	1202.26
988.39	1212.81
988.56	1201.73
988.73	1207.03
988.89	1202.42
989.06	1209.92
989.22	1198.86
989.39	1212.75
989.55	1205.41
989.72	1203.00
989.88	1200.48
990.05	1206.17
990.22	1204.19
990.38	1202.34
990.55	1201.15
990.71	1204.43
990.88	1206.11
991.04	1203.28
991.21	1201.83
991.37	1209.43
991.54	1207.24
991.70	1208.53
991.87	1207.28
992.03	1206.70
992.20	1208.06
992.36	1210.14
992.53	1198.18
992.69	1206.25
992.86	1205.02
993.03	1205.19
993.19	1208.57
993.36	1216.55
993.52	1203.65
993.69	1212.54
993.85	1197.90
994.02	1206.36
994.18	1201.93
994.35	1208.61
994.51	1208.16
994.68	1211.89
994.84	1198.47
995.01	1209.16
995.17	1206.19
995.34	1206.17
995.50	1200.42
995.66	1208.81
995.83	1207.61
995.99	1210.72
996.16	1207.52
996.32	1205.62
996.49	1208.38
996.65	1207.28
996.82	1205.31
996.98	1210.23
997.15	1207.81
997.31	1212.58
997.48	1203.63
997.64	1202.51
997.81	1205.93
997.97	1208.14
998.13	1211.33
998.30	1213.93
998.46	1202.14
998.63	1209.06
998.79	1203.37
998.96	1206.83
999.12	1205.50
999.29	1215.43
999.45	1194.13
999.61	1212.34
999.78	1199.45
999.94	1208.94
1000.11	1206.40
1000.27	1213.32
1000.44	1204.53
1000.60	1206.42
1000.76	1209.24
1000.93	1211.31
1001.09	1211.95
1001.26	1204.39
1001.42	1206.68
1001.59	1209.12
1001.75	1197.43
1001.91	1211.05
1002.08	1199.43
1002.24	1213.30
1002.41	1204.92
1002.57	1212.19
1002.73	1209.00
1002.90	1207.79
1003.06	1200.44
1003.23	1205.37
1003.39	1207.42
1003.55	1214.65
1003.72	1200.72
1003.88	1206.13
1004.04	1203.73
1004.21	1212.79
1004.37	1196.75
1004.54	1206.97
1004.70	1202.87
1004.86	1209.39
1005.03	1212.44
1005.19	1211.37
1005.35	1208.65
1005.52	1215.98
1005.68	1202.36
1005.85	1213.18
1006.01	1200.17
1006.17	1205.41
1006.34	1208.69
1006.50	1209.63
1006.66	1206.95
1006.83	1207.01
1006.99	1204.10
1007.15	1213.48
1007.32	1208.51
1007.48	1213.91
1007.64	1202.94
1007.81	1212.75
1007.97	1207.34
1008.13	1214.40
1008.30	1201.46
1008.46	1209.98
1008.62	1213.85
1008.79	1208.44
1008.95	1210.78
1009.11	1211.09
1009.28	1198.16
1009.44	1208.28
1009.60	1202.06
1009.77	1207.67
1009.93	1208.81
1010.09	1209.53
1010.25	1201.38
1010.42	1206.50
1010.58	1205.86
1010.74	1217.68
1010.91	1203.98
1011.07	1216.19
1011.23	1199.43
1011.40	1211.09
1011.56	1202.38
1011.72	1210.57
1011.88	1212.89
1012.05	1213.26
1012.21	1201.22
1012.37	1203.65
1012.54	1208.96
1012.70	1210.94
1012.86	1208.51
1013.02	1207.54
1013.19	1195.97
1013.35	1207.63
1013.51	1206.89
1013.67	1207.63
1013.84	1207.40
1014.00	1204.14
1014.16	1205.95
1014.33	1215.65
1014.49	1203.18
1014.65	1205.84
1014.81	1207.30
1014.98	1211.82
1015.14	1204.43
1015.30	1206.48
1015.46	1209.67
1015.62	1205.05
1015.79	1206.75
1015.95	1207.75
1016.11	1206.23
1016.27	1209.65
1016.44	1203.02
1016.60	1210.94
1016.76	1200.11
1016.92	1210.10
1017.09	1211.23
1017.25	1211.87
1017.41	1206.32
1017.57	1214.10
1017.73	1203.06
1017.90	1212.32
1018.06	1203.73
1018.22	1205.80
1018.38	1205.35
1018.54	1210.19
1018.71	1200.85
1018.87	1214.69
1019.03	1211.46
1019.19	1216.39
1019.35	1203.69
1019.52	1213.24
1019.68	1199.37
1019.84	1209.20
1020.00	1208.24
1020.16	1209.71
1020.33	1198.02
1020.49	1206.13
1020.65	1198.33
1020.81	1207.58
1020.97	1202.73
1021.13	1207.52
1021.30	1203.90
1021.46	1206.64
1021.62	1200.48
1021.78	1213.85
1021.94	1207.73
1022.10	1207.87
1022.27	1201.56
1022.43	1213.69
1022.59	1204.88
1022.75	1213.65
1022.91	1196.59
1023.07	1215.51
1023.24	1203.65
1023.40	1213.40
1023.56	1202.22
1023.72	1204.27
1023.88	1208.77
1024.04	1216.29
1024.20	1199.04
1024.36	1205.56
1024.53	1200.77
1024.69	1206.07
1024.85	1201.71
1025.01	1209.08
1025.17	1208.75
1025.33	1211.87
1025.49	1208.77
1025.65	1215.63
1025.82	1203.53
1025.98	1211.46
1026.14	1203.43
1026.30	1214.16
1026.46	1207.28
1026.62	1216.00
1026.78	1202.40
1026.94	1214.14
1027.10	1204.84
1027.26	1217.07
1027.43	1202.18
1027.59	1207.52
1027.75	1203.06
1027.91	1206.85
1028.07	1205.50
1028.23	1213.59
1028.39	1198.39
1028.55	1211.13
1028.71	1205.05
1028.87	1209.22
1029.03	1207.71
1029.19	1211.62
1029.36	1207.03
1029.52	1208.92
1029.68	1204.70
1029.84	1206.95
1030.00	1206.17
1030.16	1204.29
1030.32	1204.94
1030.48	1208.44
1030.64	1203.53
1030.80	1209.26
1030.96	1204.72
1031.12	1216.29
1031.28	1207.38
1031.44	1212.73
1031.60	1201.63
1031.76	1211.97
1031.92	1208.26
1032.08	1231.57
1032.24	1210.33
1032.40	1207.91
1032.56	1202.79
1032.73	1211.31
1032.89	1204.84
1033.05	1207.81
1033.21	1205.82
1033.37	1214.14
1033.53	1205.33
1033.69	1212.42
1033.85	1203.84
1034.01	1206.42
1034.17	1203.10
1034.33	1210.53
1034.49	1205.48
1034.65	1217.58
1034.81	1196.48
1034.97	1209.65
1035.13	1205.39
1035.29	1208.01
1035.45	1203.90
1035.61	1210.47
1035.77	1201.85
1035.93	1207.44
1036.09	1206.85
1036.25	1210.49
1036.41	1207.61
1036.57	1211.62
1036.73	1199.21
1036.88	1206.93
1037.04	1199.78
