345.52	1195.38
345.73	1195.38
345.94	1195.38
346.16	1187.25
346.37	1193.97
346.58	1188.97
346.79	1201.81
347.00	1197.32
347.22	1200.89
347.43	1186.68
347.64	1202.92
347.85	1198.55
348.06	1204.23
348.28	1195.91
348.49	1202.75
348.70	1200.25
348.91	1213.09
349.12	1196.40
349.34	1201.95
349.55	1195.19
349.76	1207.46
349.97	1194.52
350.18	1205.76
350.40	1205.39
350.61	1203.76
350.82	1201.69
351.03	1209.88
351.24	1205.58
351.46	1207.07
351.67	1196.53
351.88	1199.84
352.09	1196.18
352.30	1211.25
352.51	1195.97
352.73	1205.15
352.94	1195.87
353.15	1200.48
353.36	1197.06
353.57	1204.21
353.79	1199.68
354.00	1205.91
354.21	1195.77
354.42	1209.26
354.63	1193.13
354.84	1213.01
355.06	1198.45
355.27	1205.17
355.48	1199.37
355.69	1205.43
355.90	1202.32
356.11	1211.50
356.33	1200.81
356.54	1205.97
356.75	1198.47
356.96	1208.67
357.17	1197.82
357.38	1201.28
357.60	1200.33
357.81	1203.32
358.02	1206.03
358.23	1206.95
358.44	1203.82
358.65	1201.48
358.87	1199.25
359.08	1201.75
359.29	1199.25
359.50	1198.98
359.71	1195.13
359.92	1205.76
360.13	1199.29
360.35	1201.36
360.56	1198.61
360.77	1200.33
360.98	1198.72
361.19	1205.74
361.40	1198.66
361.62	1203.61
361.83	1196.32
362.04	1197.69
362.25	1197.06
362.46	1199.88
362.67	1202.53
362.88	1206.13
363.10	1210.19
363.31	1208.57
363.52	1197.45
363.73	1200.31
363.94	1201.17
364.15	1209.49
364.36	1194.76
364.57	1200.77
364.79	1198.31
365.00	1208.36
365.21	1200.19
365.42	1205.91
365.63	1198.88
365.84	1219.52
366.05	1195.95
366.27	1200.11
366.48	1197.47
366.69	1207.93
366.90	1196.79
367.11	1203.80
367.32	1211.11
367.53	1212.07
367.74	1203.69
367.95	1214.20
368.17	1204.08
368.38	1206.91
368.59	1204.92
368.80	1208.18
369.01	1201.05
369.22	1204.12
369.43	1197.34
369.64	1203.71
369.86	1198.25
370.07	1209.24
370.28	1205.70
370.49	1208.79
370.70	1202.22
370.91	1207.65
371.12	1198.27
371.33	1202.24
371.54	1198.29
371.76	1211.66
371.97	1198.21
372.18	1207.44
372.39	1202.81
372.60	1208.67
372.81	1194.91
373.02	1209.63
373.23	1199.41
373.44	1206.56
373.65	1197.37
373.87	1207.44
374.08	1193.64
374.29	1201.63
374.50	1202.28
374.71	1202.67
374.92	1199.45
375.13	1213.48
375.34	1193.49
375.55	1206.44
375.76	1206.68
375.97	1210.12
376.19	1205.19
376.40	1210.53
376.61	1196.05
376.82	1205.25
377.03	1194.66
377.24	1214.16
377.45	1204.37
377.66	1207.79
377.87	1202.08
378.08	1209.39
378.29	1198.53
378.50	1208.14
378.71	1201.46
378.93	1196.14
379.14	1195.17
379.35	1203.18
379.56	1203.12
379.77	1200.89
379.98	1195.83
380.19	1206.81
380.40	1210.57
380.61	1206.38
380.82	1203.08
381.03	1207.77
381.24	1200.03
381.45	1207.46
381.66	1199.39
381.88	1210.14
382.09	1201.03
382.30	1206.97
382.51	1205.50
382.72	1207.50
382.93	1197.55
383.14	1208.61
383.35	1203.10
383.56	1208.55
383.77	1204.23
383.98	1211.87
384.19	1200.97
384.40	1206.38
384.61	1198.18
384.82	1207.71
385.03	1199.21
385.24	1209.51
385.45	1197.08
385.67	1205.19
385.88	1206.27
386.09	1207.05
386.30	1201.73
386.51	1205.25
386.72	1199.58
386.93	1210.70
387.14	1197.16
387.35	1207.69
387.56	1204.86
387.77	1204.68
387.98	1199.29
388.19	1205.54
388.40	1201.79
388.61	1205.29
388.82	1201.30
389.03	1210.49
389.24	1201.36
389.45	1206.54
389.66	1202.36
389.87	1207.77
390.08	1202.51
390.29	1203.90
390.50	1207.93
390.71	1209.22
390.92	1204.98
391.13	1211.54
391.34	1206.07
391.55	1204.84
391.76	1202.61
391.98	1207.83
392.19	1203.86
392.40	1204.47
392.61	1208.12
392.82	1206.01
393.03	1195.81
393.24	1210.62
393.45	1198.98
393.66	1212.87
393.87	1206.01
394.08	1208.83
394.29	1203.04
394.50	1207.38
394.71	1202.87
394.92	1214.79
395.13	1207.15
395.34	1210.19
395.55	1200.79
395.76	1208.18
395.97	1202.36
396.18	1209.04
396.39	1206.79
396.60	1208.75
396.81	1207.58
397.02	1204.78
397.23	1202.16
397.44	1212.93
397.65	1198.92
397.86	1202.34
398.07	1199.70
398.28	1202.81
398.49	1205.07
398.70	1204.88
398.91	1198.55
399.12	1214.42
399.33	1198.02
399.54	1209.76
399.75	1200.77
399.96	1206.87
400.17	1200.58
400.38	1212.32
400.59	1199.60
400.80	1206.91
401.01	1198.04
401.22	1208.44
401.42	1207.63
401.63	1206.66
401.84	1197.98
402.05	1204.98
402.26	1201.97
402.47	1209.16
402.68	1207.61
402.89	1211.66
403.10	1197.20
403.31	1205.13
403.52	1205.56
403.73	1205.05
403.94	1200.27
404.15	1206.56
404.36	1204.33
404.57	1210.66
404.78	1203.59
404.99	1204.51
405.20	1204.43
405.41	1201.75
405.62	1193.99
405.83	1210.66
406.04	1201.73
406.25	1205.97
406.46	1195.11
406.67	1209.43
406.88	1189.09
407.09	1207.09
407.30	1209.26
407.50	1211.09
407.71	1200.29
407.92	1210.19
408.13	1200.33
408.34	1205.11
408.55	1209.82
408.76	1206.07
408.97	1199.95
409.18	1204.23
409.39	1197.43
409.60	1205.27
409.81	1201.26
410.02	1199.54
410.23	1198.55
410.44	1203.88
410.65	1203.90
410.86	1207.15
411.07	1193.62
411.27	1210.17
411.48	1204.94
411.69	1210.35
411.90	1204.62
412.11	1218.19
412.32	1200.85
412.53	1202.57
412.74	1197.49
412.95	1209.12
413.16	1204.92
413.37	1204.53
413.58	1200.44
413.79	1212.30
414.00	1208.01
414.20	1208.75
414.41	1206.72
414.62	1206.58
414.83	1203.88
415.04	1213.03
415.25	1198.98
415.46	1206.25
415.67	1200.89
415.88	1212.11
416.09	1196.63
416.30	1214.02
416.51	1195.05
416.71	1204.82
416.92	1201.58
417.13	1208.96
417.34	1201.89
417.55	1213.46
417.76	1201.58
417.97	1204.23
418.18	1202.67
418.39	1209.78
418.60	1207.44
418.81	1209.59
419.01	1200.11
419.22	1208.94
419.43	1205.23
419.64	1212.11
419.85	1207.95
420.06	1205.88
420.27	1204.14
420.48	1207.40
420.69	1207.01
420.90	1208.40
421.10	1206.40
421.31	1207.79
421.52	1203.32
421.73	1208.71
421.94	1199.60
422.15	1210.23
422.36	1206.40
422.57	1205.62
422.78	1201.38
422.98	1210.70
423.19	1195.24
423.40	1209.24
423.61	1206.87
423.82	1201.56
424.03	1201.56
424.24	1206.70
424.45	1195.56
424.65	1212.54
424.86	1203.47
425.07	1205.07
425.28	1200.74
425.49	1209.92
425.70	1206.07
425.91	1204.64
426.12	1200.93
426.32	1209.71
426.53	1203.37
426.74	1208.75
426.95	1198.76
427.16	1210.80
427.37	1198.29
427.58	1211.93
427.78	1203.96
427.99	1207.91
428.20	1200.79
428.41	1212.56
428.62	1198.49
428.83	1202.06
429.04	1203.16
429.24	1213.42
429.45	1199.82
429.66	1206.95
429.87	1202.71
430.08	1203.39
430.29	1202.14
430.50	1211.99
430.70	1195.44
430.91	1207.91
431.12	1198.47
431.33	1208.06
431.54	1204.70
431.75	1213.61
431.96	1210.47
432.16	1217.25
432.37	1199.47
432.58	1204.00
432.79	1192.66
433.00	1198.31
433.21	1202.44
433.41	1205.62
433.62	1196.87
433.83	1210.47
434.04	1202.94
434.25	1204.04
434.46	1199.00
434.66	1206.44
434.87	1199.04
435.08	1206.48
435.29	1206.85
435.50	1202.20
435.71	1195.30
435.91	1205.35
436.12	1194.03
436.33	1203.61
436.54	1202.75
436.75	1213.11
436.95	1208.08
437.16	1204.80
437.37	1204.27
437.58	1199.82
437.79	1203.37
438.00	1212.70
438.20	1196.08
438.41	1206.09
438.62	1199.47
438.83	1214.57
439.04	1203.80
439.24	1204.02
439.45	1195.99
439.66	1210.68
439.87	1196.63
440.08	1208.55
440.28	1202.83
440.49	1210.70
440.70	1203.78
440.91	1209.53
441.12	1204.49
441.32	1209.16
441.53	1196.48
441.74	1216.23
441.95	1204.14
442.16	1209.67
442.36	1197.75
442.57	1207.42
442.78	1204.19
442.99	1215.53
443.20	1197.69
443.40	1213.65
443.61	1209.04
443.82	1208.06
444.03	1198.18
444.24	1208.65
444.44	1199.70
444.65	1214.04
444.86	1202.01
445.07	1207.81
445.27	1197.73
445.48	1206.44
445.69	1199.09
445.90	1202.14
446.11	1196.89
446.31	1205.99
446.52	1198.72
446.73	1205.21
446.94	1198.59
447.14	1205.23
447.35	1201.22
447.56	1215.10
447.77	1199.19
447.97	1209.41
448.18	1195.73
448.39	1208.59
448.60	1200.89
448.81	1210.98
449.01	1199.90
449.22	1208.57
449.43	1202.03
449.64	1212.42
449.84	1199.37
450.05	1203.80
450.26	1201.73
450.47	1208.28
450.67	1202.83
450.88	1208.34
451.09	1205.80
451.30	1205.43
451.50	1197.02
451.71	1209.53
451.92	1200.89
452.13	1215.06
452.33	1197.22
452.54	1202.94
452.75	1204.96
452.96	1215.26
453.16	1198.80
453.37	1204.31
453.58	1200.85
453.79	1210.35
453.99	1207.56
454.20	1203.47
454.41	1207.79
454.61	1205.41
454.82	1204.82
455.03	1202.87
455.24	1198.57
455.44	1208.73
455.65	1196.81
455.86	1203.45
456.07	1198.43
456.27	1208.65
456.48	1201.26
456.69	1211.95
456.90	1203.14
457.10	1212.60
457.31	1203.71
457.52	1207.05
457.72	1193.62
457.93	1208.94
458.14	1206.21
458.35	1215.65
458.55	1200.91
458.76	1207.52
458.97	1194.87
459.17	1200.54
459.38	1206.50
459.59	1206.81
459.80	1206.36
460.00	1203.04
460.21	1207.09
460.42	1207.24
460.62	1203.02
460.83	1209.94
461.04	1205.48
461.25	1208.87
461.45	1201.85
461.66	1205.56
461.87	1196.87
462.07	1205.56
462.28	1198.18
462.49	1210.14
462.69	1208.67
462.90	1204.14
463.11	1201.60
463.31	1209.18
463.52	1201.48
463.73	1214.51
463.94	1200.62
464.14	1203.04
464.35	1196.22
464.56	1207.95
464.76	1206.72
464.97	1210.62
465.18	1198.78
465.38	1208.96
465.59	1202.53
465.80	1214.32
466.00	1202.44
466.21	1207.20
466.42	1197.51
466.62	1209.37
466.83	1205.58
467.04	1213.89
467.24	1199.41
467.45	1204.94
467.66	1198.08
467.86	1202.94
468.07	1196.10
468.28	1208.22
468.48	1205.05
468.69	1212.66
468.90	1207.48
469.10	1207.75
469.31	1199.13
469.52	1207.05
469.72	1199.56
469.93	1209.80
470.14	1205.97
470.34	1203.28
470.55	1200.48
470.76	1210.76
470.96	1197.08
471.17	1213.28
471.38	1198.02
471.58	1208.77
471.79	1204.02
472.00	1207.83
472.20	1202.53
472.41	1209.22
472.62	1206.81
472.82	1209.63
473.03	1198.39
473.24	1207.36
473.44	1206.29
473.65	1207.77
473.85	1207.09
474.06	1208.90
474.27	1205.35
474.47	1211.78
474.68	1204.88
474.89	1207.99
475.09	1194.78
475.30	1205.52
475.51	1208.75
475.71	1210.62
475.92	1206.81
476.12	1211.76
476.33	1202.79
476.54	1208.12
476.74	1202.40
476.95	1210.10
477.16	1201.67
477.36	1205.50
477.57	1203.30
477.77	1201.50
477.98	1202.55
478.19	1200.89
478.39	1197.49
478.60	1206.27
478.81	1202.67
479.01	1211.68
479.22	1204.55
479.42	1207.42
479.63	1211.50
479.84	1213.56
480.04	1200.89
480.25	1203.63
480.45	1198.47
480.66	1205.37
480.87	1204.64
481.07	1203.55
481.28	1204.25
481.48	1208.81
481.69	1204.47
481.90	1202.83
482.10	1197.73
482.31	1208.40
482.51	1203.53
482.72	1211.43
482.93	1203.28
483.13	1207.11
483.34	1199.47
483.54	1210.04
483.75	1205.39
483.96	1212.50
484.16	1207.46
484.37	1209.45
484.57	1201.20
484.78	1202.03
484.99	1201.85
485.19	1210.60
485.40	1202.57
485.60	1208.06
485.81	1200.05
486.01	1205.68
486.22	1218.34
486.43	1205.84
486.63	1198.43
486.84	1209.02
487.04	1200.60
487.25	1210.14
487.46	1198.37
487.66	1209.55
487.87	1207.22
488.07	1216.58
488.28	1200.89
488.48	1205.56
488.69	1202.77
488.89	1213.32
489.10	1195.67
489.31	1209.88
489.51	1199.27
489.72	1206.17
489.92	1200.33
490.13	1209.98
490.33	1200.70
490.54	1206.13
490.75	1203.59
490.95	1211.97
491.16	1204.57
491.36	1211.82
491.57	1209.26
491.77	1211.19
491.98	1205.45
492.18	1203.00
492.39	1212.75
492.59	1206.91
492.80	1203.37
493.01	1206.66
493.21	1205.66
493.42	1207.79
493.62	1199.27
493.83	1203.84
494.03	1195.77
494.24	1212.46
494.44	1207.01
494.65	1204.14
494.85	1201.81
495.06	1206.32
495.26	1210.68
495.47	1206.17
495.68	1198.39
495.88	1204.53
496.09	1193.21
496.29	1210.66
496.50	1204.74
496.70	1205.27
496.91	1196.73
497.11	1210.84
497.32	1202.94
497.52	1208.73
497.73	1198.04
497.93	1203.69
498.14	1199.13
498.34	1211.89
498.55	1201.95
498.75	1210.23
498.96	1204.80
499.16	1213.77
499.37	1205.29
499.57	1210.84
499.78	1197.10
499.98	1198.14
500.19	1205.80
500.39	1211.21
500.60	1201.01
500.80	1209.18
501.01	1204.23
501.21	1206.64
501.42	1206.13
501.62	1201.95
501.83	1202.16
502.03	1209.84
502.24	1206.89
502.44	1206.23
502.65	1206.42
502.85	1206.56
503.06	1203.28
503.26	1209.55
503.47	1202.69
503.67	1208.85
503.88	1210.82
504.08	1209.00
504.29	1204.74
504.49	1208.38
504.70	1203.51
504.90	1206.19
505.11	1197.26
505.31	1209.35
505.52	1203.00
505.72	1206.21
505.93	1204.53
506.13	1208.24
506.34	1211.78
506.54	1207.24
506.75	1201.56
506.95	1204.39
507.16	1197.28
507.36	1204.41
507.56	1199.86
507.77	1204.98
507.97	1202.20
508.18	1209.12
508.38	1201.67
508.59	1209.98
508.79	1194.31
509.00	1205.21
509.20	1196.71
509.41	1207.05
509.61	1200.01
509.82	1209.02
510.02	1204.92
510.22	1211.89
510.43	1202.49
510.63	1204.31
510.84	1190.44
511.04	1205.84
511.25	1207.20
511.45	1206.83
511.66	1196.55
511.86	1202.32
512.06	1207.87
512.27	1207.56
512.47	1204.62
512.68	1208.73
512.88	1202.24
513.09	1206.83
513.29	1208.36
513.50	1211.05
513.70	1197.78
513.90	1204.14
514.11	1202.30
514.31	1204.10
514.52	1203.96
514.72	1202.12
514.93	1206.38
515.13	1204.41
515.33	1196.22
515.54	1211.23
515.74	1202.85
515.95	1204.47
516.15	1196.87
516.36	1215.31
516.56	1206.64
516.76	1207.44
516.97	1204.41
517.17	1210.49
517.38	1201.03
517.58	1206.54
517.78	1201.99
517.99	1210.23
518.19	1202.06
518.40	1209.94
518.60	1199.76
518.81	1207.46
519.01	1207.87
519.21	1202.92
519.42	1195.05
519.62	1214.36
519.83	1201.36
520.03	1208.90
520.23	1201.36
520.44	1210.25
520.64	1201.05
520.85	1203.18
521.05	1206.52
521.25	1205.35
521.46	1208.81
521.66	1210.27
521.86	1199.54
522.07	1212.27
522.27	1204.51
522.48	1202.85
522.68	1202.26
522.88	1210.12
523.09	1201.13
523.29	1205.45
523.50	1200.64
523.70	1204.62
523.90	1203.43
524.11	1207.20
524.31	1200.36
524.51	1211.70
524.72	1205.39
524.92	1208.20
525.13	1201.48
525.33	1208.96
525.53	1207.03
525.74	1207.24
525.94	1202.71
526.14	1207.01
526.35	1200.40
526.55	1215.98
526.76	1204.88
526.96	1204.39
527.16	1198.90
527.37	1208.38
527.57	1202.46
527.77	1205.74
527.98	1203.63
528.18	1212.17
528.38	1204.12
528.59	1204.74
528.79	1202.49
528.99	1209.10
529.20	1202.30
529.40	1204.70
529.61	1199.54
529.81	1210.78
530.01	1203.32
530.22	1203.39
530.42	1203.22
530.62	1215.69
530.83	1206.34
531.03	1206.03
531.23	1205.43
531.44	1206.56
531.64	1200.33
531.84	1205.80
532.05	1203.49
532.25	1209.51
532.45	1202.42
532.66	1207.54
532.86	1207.83
533.06	1210.92
533.27	1207.07
533.47	1212.73
533.67	1207.79
533.88	1211.99
534.08	1206.11
534.28	1212.42
534.49	1202.79
534.69	1215.26
534.89	1203.96
535.09	1212.19
535.30	1204.84
535.50	1201.93
535.70	1201.97
535.91	1206.54
536.11	1205.13
536.31	1213.89
536.52	1209.55
536.72	1214.49
536.92	1201.13
537.13	1208.75
537.33	1203.20
537.53	1217.72
537.74	1201.13
537.94	1208.83
538.14	1207.44
538.34	1211.05
538.55	1212.52
538.75	1219.95
538.95	1209.39
539.16	1202.67
539.36	1203.22
539.56	1213.32
539.77	1202.87
539.97	1206.93
540.17	1199.52
540.37	1213.28
540.58	1200.62
540.78	1212.15
540.98	1208.24
541.19	1206.34
541.39	1201.42
541.59	1209.65
541.79	1204.16
542.00	1211.35
542.20	1199.78
542.40	1208.98
542.60	1204.08
542.81	1207.87
543.01	1208.90
543.21	1211.09
543.42	1203.84
543.62	1213.50
543.82	1204.31
544.02	1212.01
544.23	1209.49
544.43	1204.74
544.63	1202.49
544.83	1210.82
545.04	1210.82
545.24	1207.34
545.44	1208.10
545.64	1213.22
545.85	1207.11
546.05	1208.53
546.25	1202.94
546.45	1208.22
546.66	1201.65
546.86	1213.46
547.06	1205.78
547.27	1211.80
547.47	1206.54
547.67	1209.78
547.87	1198.21
548.07	1215.45
548.28	1206.87
548.48	1212.09
548.68	1199.60
548.88	1207.20
549.09	1204.12
549.29	1202.65
549.49	1202.46
549.69	1205.99
549.90	1206.09
550.10	1220.73
550.30	1202.55
550.50	1214.18
550.71	1212.83
550.91	1206.34
551.11	1200.72
551.31	1207.95
551.51	1206.36
551.72	1213.93
551.92	1196.08
552.12	1209.57
552.32	1199.99
552.53	1208.98
552.73	1208.36
552.93	1214.02
553.13	1208.40
553.33	1215.98
553.54	1208.40
553.74	1217.03
553.94	1200.58
554.14	1217.64
554.35	1193.35
554.55	1210.62
554.75	1204.43
554.95	1212.56
555.15	1205.25
555.36	1217.05
555.56	1201.63
555.76	1208.83
555.96	1211.15
556.16	1214.55
556.37	1203.43
556.57	1212.15
556.77	1208.65
556.97	1204.98
557.17	1210.90
557.38	1207.24
557.58	1203.16
557.78	1216.06
557.98	1201.11
558.18	1209.98
558.38	1208.81
558.59	1215.33
558.79	1211.89
558.99	1210.98
559.19	1209.47
559.39	1217.97
559.60	1203.76
559.80	1218.23
560.00	1208.22
560.20	1214.42
560.40	1203.28
560.60	1214.20
560.81	1208.79
561.01	1211.62
561.21	1208.75
561.41	1214.49
561.61	1205.99
561.81	1224.09
562.02	1209.41
562.22	1206.83
562.42	1206.56
562.62	1217.54
562.82	1212.34
563.02	1213.20
563.23	1204.74
563.43	1217.29
563.63	1211.43
563.83	1211.27
564.03	1216.15
564.23	1217.29
564.43	1213.11
564.64	1219.42
564.84	1217.33
565.04	1213.44
565.24	1212.34
565.44	1219.89
565.64	1215.39
565.85	1216.43
566.05	1221.45
566.25	1212.23
566.45	1212.81
566.65	1225.85
566.85	1212.30
567.05	1223.83
567.25	1219.28
567.46	1223.42
567.66	1218.05
567.86	1224.42
568.06	1211.97
568.26	1221.41
568.46	1215.06
568.66	1220.69
568.86	1212.44
569.07	1217.72
569.27	1210.19
569.47	1223.56
569.67	1213.56
569.87	1219.24
570.07	1212.52
570.27	1220.34
570.47	1212.46
570.68	1218.87
570.88	1216.90
571.08	1222.19
571.28	1218.68
571.48	1222.53
571.68	1220.67
571.88	1230.87
572.08	1223.05
572.28	1228.97
572.49	1220.71
572.69	1229.95
572.89	1220.67
573.09	1236.42
573.29	1226.18
573.49	1227.51
573.69	1225.87
573.89	1234.25
574.09	1228.27
574.29	1230.32
574.50	1232.06
574.70	1236.36
574.90	1237.18
575.10	1241.17
575.30	1234.82
575.50	1235.85
575.70	1239.39
575.90	1231.96
576.10	1232.80
576.30	1233.86
576.50	1232.84
576.70	1240.72
576.91	1233.63
577.11	1235.83
577.31	1231.01
577.51	1242.75
577.71	1239.00
577.91	1240.56
578.11	1243.61
578.31	1247.60
578.51	1246.21
578.71	1252.72
578.91	1240.88
579.11	1253.36
579.31	1249.90
579.51	1255.38
579.71	1244.92
579.92	1253.54
580.12	1251.88
580.32	1260.36
580.52	1251.70
580.72	1250.12
580.92	1248.48
581.12	1253.34
581.32	1254.11
581.52	1265.01
581.72	1251.80
581.92	1260.36
582.12	1257.92
582.32	1258.52
582.52	1255.45
582.72	1257.58
582.92	1251.60
583.12	1267.08
583.32	1255.90
583.52	1263.80
583.72	1261.81
583.92	1263.37
584.12	1256.74
584.33	1265.24
584.53	1255.92
584.73	1261.02
584.93	1258.80
585.13	1263.64
585.33	1261.10
585.53	1258.99
585.73	1261.88
585.93	1265.32
586.13	1259.77
586.33	1263.92
586.53	1257.78
586.73	1261.08
586.93	1260.16
587.13	1264.99
587.33	1251.72
587.53	1263.00
587.73	1254.07
587.93	1265.36
588.13	1269.37
588.33	1262.51
588.53	1259.50
588.73	1265.79
588.93	1263.54
589.13	1270.74
589.33	1253.05
589.53	1266.05
589.73	1258.50
589.93	1266.36
590.13	1257.29
590.33	1259.60
590.53	1258.76
590.73	1269.68
590.93	1264.23
591.13	1264.17
591.33	1258.52
591.53	1271.99
591.73	1274.72
591.93	1278.16
592.13	1264.62
592.33	1275.45
592.53	1274.43
592.73	1284.59
592.93	1275.45
593.13	1292.25
593.33	1295.87
593.53	1301.12
593.73	1300.15
593.93	1313.42
594.13	1320.26
594.33	1346.13
594.53	1351.68
594.73	1381.89
594.92	1399.54
595.12	1440.56
595.32	1465.12
595.52	1501.84
595.72	1517.89
595.92	1566.43
596.12	1592.68
596.32	1626.70
596.52	1659.78
596.72	1713.23
596.92	1760.84
597.12	1814.50
597.32	1886.49
597.52	1983.50
597.72	2099.52
597.92	2299.03
598.12	2560.92
598.32	2940.37
598.52	3438.17
598.72	4020.96
598.92	4689.99
599.12	5375.73
599.31	6151.44
599.51	6840.73
599.71	7456.53
599.91	7986.18
600.11	8488.28
600.31	8823.22
600.51	9096.36
600.71	9375.83
600.91	9537.45
601.11	9638.85
601.31	9711.14
601.51	9781.36
601.71	9760.89
601.91	9823.66
602.10	9852.02
602.30	9826.89
602.50	9989.58
602.70	9918.35
602.90	9948.95
603.10	9943.87
603.30	9861.28
603.50	9874.28
603.70	9752.08
603.90	9594.67
604.10	9418.30
604.30	9108.50
604.49	8758.36
604.69	8296.59
604.89	7739.89
605.09	7178.23
605.29	6564.09
605.49	5978.12
605.69	5384.25
605.89	4953.73
606.09	4518.33
606.29	4236.88
606.48	3965.07
606.68	3783.27
606.88	3631.11
607.08	3507.45
607.28	3365.16
607.48	3265.04
607.68	3181.19
607.88	3057.74
608.08	2983.07
608.27	2922.29
608.47	2836.31
608.67	2789.13
608.87	2721.79
609.07	2665.90
609.27	2603.69
609.47	2552.75
609.67	2490.10
609.87	2452.77
610.06	2377.84
610.26	2351.54
610.46	2283.49
610.66	2246.42
610.86	2199.76
611.06	2162.16
611.26	2111.09
611.45	2087.60
611.65	2044.55
611.85	2017.82
612.05	1975.14
612.25	1963.33
612.45	1925.19
612.65	1906.74
612.84	1871.27
613.04	1857.49
613.24	1831.40
613.44	1823.10
613.64	1793.10
613.84	1788.72
614.04	1784.54
614.23	1774.50
614.43	1762.69
614.63	1766.39
614.83	1767.40
615.03	1800.37
615.23	1818.66
615.42	1880.63
615.62	1949.95
615.82	2053.93
616.02	2167.59
616.22	2297.66
616.42	2405.22
616.61	2522.34
616.81	2612.33
617.01	2680.38
617.21	2726.05
617.41	2776.96
617.61	2774.73
617.80	2774.47
618.00	2737.95
618.20	2694.61
618.40	2637.52
618.60	2559.59
618.80	2477.59
618.99	2411.77
619.19	2339.44
619.39	2259.97
619.59	2163.17
619.79	2100.34
619.98	2007.79
620.18	1945.04
620.38	1849.15
620.58	1795.78
620.78	1719.19
620.97	1661.93
621.17	1621.40
621.37	1590.21
621.57	1561.04
621.77	1547.79
621.96	1533.44
622.16	1527.89
622.36	1513.49
622.56	1526.70
622.76	1498.13
622.95	1494.48
623.15	1495.77
623.35	1484.29
623.55	1449.16
623.75	1428.54
623.94	1390.14
624.14	1360.75
624.34	1326.84
624.54	1310.97
624.73	1279.92
624.93	1277.07
625.13	1260.42
625.33	1273.10
625.53	1248.46
625.72	1263.27
625.92	1249.20
626.12	1255.14
626.32	1244.43
626.51	1251.62
626.71	1243.16
626.91	1256.10
627.11	1250.22
627.30	1251.72
627.50	1253.23
627.70	1242.67
627.90	1240.78
628.10	1250.16
628.29	1234.82
628.49	1248.75
628.69	1234.45
628.89	1247.38
629.08	1231.83
629.28	1241.07
629.48	1237.18
629.68	1234.09
629.87	1238.90
630.07	1235.74
630.27	1236.71
630.47	1235.83
630.66	1233.74
630.86	1234.95
631.06	1228.15
631.25	1236.13
631.45	1232.55
631.65	1235.29
631.85	1219.67
632.04	1228.99
632.24	1223.05
632.44	1233.41
632.64	1222.64
632.83	1223.70
633.03	1216.92
633.23	1228.21
633.42	1225.57
633.62	1230.38
633.82	1212.46
634.02	1232.26
634.21	1212.93
634.41	1229.31
634.61	1217.27
634.81	1225.44
635.00	1216.80
635.20	1221.78
635.40	1213.83
635.59	1215.96
635.79	1212.42
635.99	1217.44
636.18	1213.28
636.38	1224.66
636.58	1223.33
636.78	1211.68
636.97	1214.73
637.17	1220.28
637.37	1210.55
637.56	1214.14
637.76	1215.06
637.96	1218.15
638.15	1216.15
638.35	1219.05
638.55	1210.14
638.74	1217.70
638.94	1207.93
639.14	1219.59
639.34	1216.15
639.53	1222.78
639.73	1211.07
639.93	1213.38
640.12	1209.61
640.32	1217.07
640.52	1206.34
640.71	1215.76
640.91	1216.12
641.11	1218.13
641.30	1207.36
641.50	1215.76
641.70	1205.76
641.89	1210.66
642.09	1219.91
642.29	1219.32
642.48	1207.42
642.68	1216.17
642.88	1213.32
643.07	1215.31
643.27	1212.46
643.47	1212.13
643.66	1212.64
643.86	1214.42
644.06	1220.16
644.25	1220.06
644.45	1215.24
644.65	1218.62
644.84	1209.59
645.04	1213.61
645.23	1213.59
645.43	1219.44
645.63	1209.86
645.82	1220.63
646.02	1218.79
646.22	1215.61
646.41	1209.53
646.61	1221.41
646.81	1214.32
647.00	1223.19
647.20	1216.62
647.39	1220.12
647.59	1208.44
647.79	1223.99
647.98	1208.55
648.18	1213.69
648.38	1208.90
648.57	1215.29
648.77	1212.01
648.96	1210.80
649.16	1215.76
649.36	1213.42
649.55	1204.41
649.75	1211.35
649.95	1210.88
650.14	1216.27
650.34	1208.16
650.53	1213.63
650.73	1211.84
650.93	1216.70
651.12	1212.23
651.32	1211.52
651.51	1205.09
651.71	1206.93
651.91	1209.47
652.10	1209.10
652.30	1211.97
652.49	1202.94
652.69	1196.51
652.89	1214.42
653.08	1199.86
653.28	1206.27
653.47	1199.47
653.67	1208.47
653.86	1213.05
654.06	1204.29
654.26	1205.97
654.45	1208.92
654.65	1199.39
654.84	1213.79
655.04	1205.39
655.24	1209.53
655.43	1203.69
655.63	1202.32
655.82	1198.68
656.02	1205.64
656.21	1191.82
656.41	1210.17
656.61	1200.91
656.80	1201.52
657.00	1204.00
657.19	1204.82
657.39	1204.78
657.58	1203.61
657.78	1205.84
657.97	1212.89
658.17	1203.76
658.37	1214.34
658.56	1196.85
658.76	1211.52
658.95	1206.56
659.15	1209.96
659.34	1207.32
659.54	1203.04
659.73	1202.61
659.93	1206.15
660.13	1200.50
660.32	1214.24
660.52	1203.02
660.71	1210.68
660.91	1203.63
661.10	1213.61
661.30	1197.28
661.49	1211.27
661.69	1207.69
661.88	1209.33
662.08	1197.32
662.27	1212.91
662.47	1203.04
662.66	1208.24
662.86	1202.26
663.06	1206.72
663.25	1205.19
663.45	1206.25
663.64	1202.01
663.84	1206.62
664.03	1205.31
664.23	1208.16
664.42	1205.82
664.62	1208.36
664.81	1202.51
665.01	1206.40
665.20	1190.12
665.40	1205.84
665.59	1198.16
665.79	1206.60
665.98	1205.78
666.18	1211.33
666.37	1196.14
666.57	1205.13
666.76	1204.57
666.96	1212.15
667.15	1199.74
667.35	1209.20
667.54	1201.24
667.74	1208.94
667.93	1204.21
668.13	1204.66
668.32	1202.26
668.52	1207.71
668.71	1196.96
668.91	1206.25
669.10	1206.46
669.30	1206.91
669.49	1203.02
669.68	1216.60
669.88	1200.58
670.07	1210.84
670.27	1197.10
670.46	1211.54
670.66	1200.27
670.85	1203.78
671.05	1199.95
671.24	1200.99
671.44	1198.35
671.63	1211.62
671.83	1197.82
672.02	1209.02
672.22	1198.47
672.41	1205.23
672.60	1206.58
672.80	1209.47
672.99	1204.92
673.19	1203.16
673.38	1201.34
673.58	1208.92
673.77	1204.90
673.97	1202.14
674.16	1201.91
674.36	1211.43
674.55	1201.50
674.74	1210.10
674.94	1198.61
675.13	1207.85
675.33	1203.10
675.52	1206.72
675.72	1204.19
675.91	1206.13
676.10	1197.10
676.30	1203.16
676.49	1203.08
676.69	1204.10
676.88	1197.86
677.08	1209.08
677.27	1200.70
677.46	1212.46
677.66	1194.83
677.85	1204.23
678.05	1205.58
678.24	1211.70
678.44	1198.47
678.63	1203.51
678.82	1201.50
679.02	1205.70
679.21	1204.29
679.41	1206.44
679.60	1202.46
679.79	1208.49
679.99	1200.46
680.18	1210.08
680.38	1197.20
680.57	1210.25
680.76	1203.20
680.96	1209.06
681.15	1208.01
681.35	1212.48
681.54	1191.63
681.73	1208.75
681.93	1206.52
682.12	1207.75
682.32	1201.73
682.51	1205.84
682.70	1193.80
682.90	1204.06
683.09	1210.49
683.29	1201.05
683.48	1201.38
683.67	1203.90
683.87	1203.51
684.06	1207.18
684.25	1206.83
684.45	1205.05
684.64	1197.24
684.84	1207.48
685.03	1197.63
685.22	1209.08
685.42	1198.35
685.61	1207.81
685.80	1204.59
686.00	1210.82
686.19	1205.37
686.38	1210.53
686.58	1205.31
686.77	1211.78
686.96	1199.97
687.16	1210.64
687.35	1202.51
687.55	1208.83
687.74	1206.95
687.93	1208.94
688.13	1203.04
688.32	1212.07
688.51	1192.47
688.71	1205.27
688.90	1196.73
689.09	1204.74
689.29	1208.10
689.48	1204.00
689.67	1208.04
689.87	1204.10
690.06	1205.11
690.25	1208.08
690.45	1200.93
690.64	1207.95
690.83	1200.54
691.03	1205.39
691.22	1198.59
691.41	1202.81
691.61	1203.98
691.80	1210.04
691.99	1201.95
692.19	1218.19
692.38	1198.66
692.57	1210.72
692.76	1200.66
692.96	1205.70
693.15	1197.92
693.34	1201.09
693.54	1202.18
693.73	1216.45
693.92	1203.00
694.12	1203.24
694.31	1202.14
694.50	1208.32
694.70	1204.47
694.89	1206.21
695.08	1203.12
695.27	1212.38
695.47	1209.16
695.66	1206.34
695.85	1196.20
696.05	1213.22
696.24	1201.97
696.43	1201.81
696.62	1210.70
696.82	1217.97
697.01	1195.28
697.20	1204.96
697.40	1201.42
697.59	1210.53
697.78	1199.37
697.97	1204.33
698.17	1201.93
698.36	1205.86
698.55	1207.73
698.74	1212.30
698.94	1204.19
699.13	1204.92
699.32	1205.60
699.52	1204.27
699.71	1206.93
699.90	1207.56
700.09	1203.20
700.29	1203.10
700.48	1198.59
700.67	1208.44
700.86	1213.65
701.06	1208.06
701.25	1205.13
701.44	1203.39
701.63	1200.11
701.83	1206.48
702.02	1205.56
702.21	1211.37
702.40	1199.97
702.60	1204.04
702.79	1202.83
702.98	1211.13
703.17	1194.03
703.37	1210.80
703.56	1211.33
703.75	1211.50
703.94	1198.86
704.13	1209.16
704.33	1204.72
704.52	1205.91
704.71	1202.12
704.90	1212.70
705.10	1195.75
705.29	1209.55
705.48	1201.75
705.67	1209.24
705.86	1204.74
706.06	1207.89
706.25	1204.12
706.44	1207.11
706.63	1208.10
706.83	1208.24
707.02	1199.54
707.21	1208.08
707.40	1196.94
707.59	1204.47
707.79	1205.23
707.98	1202.57
708.17	1207.44
708.36	1205.11
708.55	1203.73
708.75	1200.85
708.94	1199.23
709.13	1209.82
709.32	1200.36
709.51	1201.60
709.71	1201.93
709.90	1210.43
710.09	1201.46
710.28	1208.34
710.47	1203.22
710.66	1204.06
710.86	1204.57
711.05	1207.11
711.24	1199.04
711.43	1199.00
711.62	1202.46
711.82	1202.12
712.01	1201.60
712.20	1205.78
712.39	1203.22
712.58	1212.32
712.77	1203.22
712.97	1202.94
713.16	1203.49
713.35	1207.93
713.54	1201.52
713.73	1210.29
713.92	1201.69
714.11	1208.81
714.31	1198.64
714.50	1204.12
714.69	1200.33
714.88	1207.03
715.07	1202.92
715.26	1209.39
715.46	1197.92
715.65	1202.49
715.84	1197.30
716.03	1211.76
716.22	1197.10
716.41	1205.64
716.60	1200.83
716.80	1204.21
716.99	1206.13
717.18	1204.29
717.37	1205.54
717.56	1208.83
717.75	1204.88
717.94	1208.44
718.13	1201.11
718.33	1210.62
718.52	1200.33
718.71	1205.93
718.90	1202.40
719.09	1211.23
719.28	1201.69
719.47	1214.10
719.66	1195.60
719.85	1206.70
720.05	1191.36
720.24	1209.57
720.43	1199.68
720.62	1207.44
720.81	1199.15
721.00	1205.41
721.19	1202.18
721.38	1210.82
721.57	1198.68
721.77	1208.65
721.96	1201.24
722.15	1214.36
722.34	1206.68
722.53	1202.26
722.72	1201.87
722.91	1207.95
723.10	1199.27
723.29	1214.57
723.48	1197.18
723.67	1210.43
723.87	1204.78
724.06	1213.42
724.25	1195.81
724.44	1203.26
724.63	1199.58
724.82	1209.84
725.01	1201.28
725.20	1201.24
725.39	1198.94
725.58	1200.27
725.77	1205.41
725.96	1207.87
726.15	1193.82
726.34	1210.49
726.54	1202.44
726.73	1207.36
726.92	1207.01
727.11	1203.35
727.30	1200.01
727.49	1203.28
727.68	1194.64
727.87	1211.97
728.06	1197.12
728.25	1200.27
728.44	1202.92
728.63	1207.83
728.82	1197.55
729.01	1210.23
729.20	1199.25
729.39	1213.63
729.58	1205.17
729.77	1210.68
729.96	1200.38
730.15	1209.14
730.34	1200.44
730.53	1205.76
730.73	1200.01
730.92	1209.78
731.11	1198.29
731.30	1213.36
731.49	1207.32
731.68	1207.01
731.87	1204.21
732.06	1206.89
732.25	1210.53
732.44	1212.83
732.63	1197.65
732.82	1204.96
733.01	1213.09
733.20	1206.79
733.39	1197.67
733.58	1207.83
733.77	1201.91
733.96	1207.20
734.15	1200.31
734.34	1205.66
734.53	1202.36
734.72	1207.30
734.91	1201.87
735.10	1204.68
735.29	1203.73
735.48	1214.45
735.67	1198.39
735.86	1202.51
736.05	1199.27
736.24	1199.84
736.43	1201.79
736.62	1220.98
736.81	1201.09
737.00	1220.41
737.19	1203.78
737.38	1209.86
737.57	1209.59
737.76	1207.65
737.95	1199.86
738.14	1210.04
738.33	1203.69
738.51	1202.96
738.70	1204.90
738.89	1206.66
739.08	1205.84
739.27	1210.45
739.46	1201.81
739.65	1196.55
739.84	1197.49
740.03	1203.06
740.22	1204.62
740.41	1206.83
740.60	1192.82
740.79	1206.27
740.98	1203.76
741.17	1212.50
741.36	1199.09
741.55	1208.63
741.74	1205.58
741.93	1210.08
742.12	1197.84
742.31	1205.17
742.50	1200.38
742.68	1211.41
742.87	1199.02
743.06	1207.69
743.25	1198.94
743.44	1200.01
743.63	1200.07
743.82	1208.28
744.01	1199.07
744.20	1213.67
744.39	1191.34
744.58	1205.82
744.77	1200.36
744.96	1202.71
745.14	1197.45
745.33	1203.45
745.52	1198.21
745.71	1207.65
745.90	1203.32
746.09	1204.43
746.28	1199.11
746.47	1216.23
746.66	1201.34
746.85	1210.57
747.04	1198.25
747.22	1208.81
747.41	1201.54
747.60	1203.04
747.79	1199.64
747.98	1207.05
748.17	1200.48
748.36	1210.55
748.55	1201.93
748.74	1205.95
748.93	1199.68
749.11	1203.82
749.30	1200.11
749.49	1210.19
749.68	1196.77
749.87	1201.15
750.06	1195.62
750.25	1205.76
750.44	1202.18
750.62	1204.78
750.81	1200.17
751.00	1208.75
751.19	1201.38
751.38	1205.13
751.57	1199.13
751.76	1209.22
751.95	1198.72
752.13	1214.98
752.32	1187.56
752.51	1212.46
752.70	1206.21
752.89	1208.47
753.08	1197.67
753.27	1212.81
753.45	1195.91
753.64	1203.65
753.83	1206.15
754.02	1211.37
754.21	1200.13
754.40	1203.51
754.58	1191.79
754.77	1205.91
754.96	1208.34
755.15	1210.25
755.34	1201.09
755.53	1206.81
755.71	1202.03
755.90	1214.55
756.09	1198.49
756.28	1202.24
756.47	1201.71
756.66	1209.90
756.84	1195.91
757.03	1203.84
757.22	1202.26
757.41	1206.21
757.60	1198.86
757.79	1212.62
757.97	1197.59
758.16	1214.34
758.35	1203.96
758.54	1209.49
758.73	1206.75
758.91	1205.58
759.10	1201.91
759.29	1202.01
759.48	1201.79
759.67	1211.56
759.85	1208.22
760.04	1200.81
760.23	1194.33
760.42	1208.85
760.61	1200.89
760.79	1205.68
760.98	1195.01
761.17	1210.86
761.36	1199.09
761.55	1205.93
761.73	1203.39
761.92	1203.82
762.11	1193.47
762.30	1208.85
762.49	1206.68
762.67	1210.25
762.86	1208.83
763.05	1206.36
763.24	1199.84
763.42	1203.53
763.61	1207.09
763.80	1205.76
763.99	1199.80
764.17	1204.10
764.36	1195.09
764.55	1203.45
764.74	1204.76
764.92	1200.54
765.11	1199.33
765.30	1205.86
765.49	1204.35
765.68	1201.36
765.86	1197.51
766.05	1199.21
766.24	1201.58
766.43	1207.50
766.61	1196.24
766.80	1200.91
766.99	1203.69
767.17	1208.36
767.36	1206.70
767.55	1199.62
767.74	1199.76
767.92	1204.33
768.11	1197.20
768.30	1217.93
768.49	1201.99
768.67	1212.03
768.86	1206.77
769.05	1200.33
769.24	1199.29
769.42	1212.97
769.61	1205.50
769.80	1216.06
769.98	1204.84
770.17	1210.19
770.36	1205.70
770.55	1211.56
770.73	1197.61
770.92	1206.05
771.11	1200.01
771.29	1203.88
771.48	1206.32
771.67	1206.68
771.86	1200.15
772.04	1200.42
772.23	1199.64
772.42	1209.51
772.60	1195.93
772.79	1205.27
772.98	1196.61
773.16	1201.99
773.35	1205.93
773.54	1212.17
773.72	1204.49
773.91	1203.76
774.10	1200.87
774.29	1207.93
774.47	1197.28
774.66	1208.55
774.85	1201.20
775.03	1200.89
775.22	1205.00
775.41	1204.84
775.59	1205.27
775.78	1212.27
775.97	1198.49
776.15	1210.06
776.34	1196.42
776.53	1213.73
776.71	1197.98
776.90	1210.06
777.09	1202.87
777.27	1208.98
777.46	1205.52
777.65	1212.89
777.83	1201.20
778.02	1208.94
778.21	1200.87
778.39	1207.65
778.58	1208.20
778.76	1207.87
778.95	1191.79
779.14	1209.92
779.32	1196.55
779.51	1204.62
779.70	1199.13
779.88	1202.16
780.07	1200.52
780.26	1208.55
780.44	1200.79
780.63	1201.85
780.81	1202.36
781.00	1206.21
781.19	1201.26
781.37	1212.32
781.56	1201.30
781.75	1205.02
781.93	1201.17
782.12	1206.77
782.30	1203.88
782.49	1204.86
782.68	1202.75
782.86	1205.50
783.05	1203.28
783.23	1210.51
783.42	1197.08
783.61	1204.84
783.79	1198.78
783.98	1205.74
784.16	1199.66
784.35	1212.93
784.54	1201.24
784.72	1208.57
784.91	1199.60
785.09	1202.32
785.28	1202.94
785.47	1211.00
785.65	1199.50
785.84	1207.65
786.02	1204.06
786.21	1206.46
786.40	1203.16
786.58	1203.88
786.77	1202.16
786.95	1206.93
787.14	1201.83
787.32	1205.64
787.51	1199.25
787.70	1209.33
787.88	1209.53
788.07	1209.74
788.25	1201.95
788.44	1209.65
788.62	1203.49
788.81	1205.54
789.00	1198.14
789.18	1204.90
789.37	1200.27
789.55	1210.45
789.74	1201.77
789.92	1204.86
790.11	1197.22
790.29	1210.08
790.48	1200.64
790.67	1211.37
790.85	1202.44
791.04	1200.27
791.22	1207.13
791.41	1207.97
791.59	1202.10
791.78	1202.73
791.96	1201.89
792.15	1207.56
792.33	1203.92
792.52	1209.14
792.70	1193.68
792.89	1208.26
793.07	1204.08
793.26	1205.68
793.45	1194.50
793.63	1204.90
793.82	1202.30
794.00	1212.17
794.19	1206.21
794.37	1205.70
794.56	1199.76
794.74	1204.96
794.93	1207.73
795.11	1204.25
795.30	1204.14
795.48	1197.53
795.67	1199.04
795.85	1207.63
796.04	1194.48
796.22	1206.93
796.41	1199.41
796.59	1205.86
796.78	1204.68
796.96	1210.23
797.15	1206.36
797.33	1199.19
797.52	1199.15
797.70	1204.90
797.89	1199.02
798.07	1205.72
798.26	1199.74
798.44	1200.56
798.63	1202.55
798.81	1207.20
798.99	1209.24
799.18	1208.73
799.36	1202.38
799.55	1202.81
799.73	1198.47
799.92	1211.09
800.10	1195.01
800.29	1207.40
800.47	1200.58
800.66	1204.31
800.84	1202.40
801.03	1202.16
801.21	1198.27
801.39	1204.82
801.58	1204.31
801.76	1207.32
801.95	1201.38
802.13	1208.36
802.32	1202.81
802.50	1202.26
802.69	1199.11
802.87	1200.13
803.06	1201.09
803.24	1204.98
803.42	1204.37
803.61	1207.61
803.79	1196.32
803.98	1206.40
804.16	1199.23
804.35	1198.88
804.53	1202.32
804.71	1201.38
804.90	1195.36
805.08	1203.02
805.27	1200.31
805.45	1203.04
805.63	1193.11
805.82	1206.36
806.00	1192.49
806.19	1207.28
806.37	1200.95
806.56	1206.83
806.74	1198.78
806.92	1197.96
807.11	1196.10
807.29	1205.95
807.48	1207.09
807.66	1207.44
807.84	1197.61
808.03	1207.67
808.21	1198.00
808.40	1202.98
808.58	1197.84
808.76	1199.95
808.95	1201.95
809.13	1207.48
809.32	1196.05
809.50	1207.18
809.68	1199.93
809.87	1210.49
810.05	1198.27
810.23	1213.89
810.42	1195.95
810.60	1208.38
810.79	1199.90
810.97	1214.86
811.15	1203.00
811.34	1204.12
811.52	1202.12
811.70	1204.92
811.89	1199.58
812.07	1203.92
812.25	1202.53
812.44	1211.48
812.62	1195.99
812.81	1211.13
812.99	1197.20
813.17	1204.47
813.36	1198.61
813.54	1205.00
813.72	1191.10
813.91	1205.76
814.09	1194.46
814.27	1201.30
814.46	1201.15
814.64	1213.79
814.82	1196.73
815.01	1202.92
815.19	1196.75
815.37	1210.27
815.56	1199.95
815.74	1206.56
815.92	1205.00
816.11	1203.96
816.29	1194.54
816.47	1211.09
816.66	1203.86
816.84	1209.33
817.02	1199.88
817.21	1202.67
817.39	1196.79
817.57	1206.58
817.76	1200.62
817.94	1209.10
818.12	1207.77
818.30	1205.05
818.49	1201.52
818.67	1208.79
818.85	1202.38
819.04	1208.83
819.22	1202.01
819.40	1200.40
819.59	1199.19
819.77	1216.17
819.95	1205.39
820.13	1213.09
820.32	1195.54
820.50	1200.17
820.68	1198.12
820.87	1213.13
821.05	1199.21
821.23	1201.99
821.41	1199.31
821.60	1200.33
821.78	1206.54
821.96	1198.51
822.14	1201.91
822.33	1211.31
822.51	1203.76
822.69	1209.74
822.88	1198.49
823.06	1200.99
823.24	1199.21
823.42	1200.91
823.61	1200.87
823.79	1200.66
823.97	1198.74
824.15	1203.80
824.34	1197.75
824.52	1207.48
824.70	1196.01
824.88	1209.22
825.07	1187.21
825.25	1204.94
825.43	1201.05
825.61	1207.34
825.80	1195.93
825.98	1205.15
826.16	1199.47
826.34	1209.71
826.53	1203.12
826.71	1211.33
826.89	1202.14
827.07	1201.63
827.25	1190.24
827.44	1210.25
827.62	1200.62
827.80	1205.95
827.98	1197.41
828.17	1211.84
828.35	1199.50
828.53	1215.84
828.71	1206.38
828.89	1206.17
829.08	1194.72
829.26	1206.87
829.44	1203.92
829.62	1210.35
829.80	1199.45
829.99	1206.83
830.17	1197.67
830.35	1207.52
830.53	1200.87
830.71	1213.38
830.90	1202.69
831.08	1203.86
831.26	1203.69
831.44	1203.90
831.62	1198.59
831.81	1197.39
831.99	1199.19
832.17	1205.86
832.35	1202.81
832.53	1202.24
832.71	1198.66
832.90	1209.96
833.08	1208.67
833.26	1211.72
833.44	1206.56
833.62	1202.42
833.81	1202.59
833.99	1195.48
834.17	1204.23
834.35	1207.85
834.53	1196.36
834.71	1202.57
834.89	1202.30
835.08	1206.64
835.26	1196.24
835.44	1209.51
835.62	1199.37
835.80	1199.72
835.98	1205.48
836.17	1209.26
836.35	1200.17
836.53	1204.94
836.71	1204.00
836.89	1204.98
837.07	1206.70
837.25	1210.35
837.44	1198.66
837.62	1206.54
837.80	1196.75
837.98	1208.36
838.16	1203.39
838.34	1202.08
838.52	1201.48
838.70	1205.21
838.89	1197.63
839.07	1204.27
839.25	1198.33
839.43	1208.94
839.61	1200.40
839.79	1203.39
839.97	1208.16
840.15	1207.87
840.33	1206.54
840.52	1205.99
840.70	1193.70
840.88	1206.09
841.06	1202.81
841.24	1201.22
841.42	1208.04
841.60	1201.09
841.78	1207.07
841.96	1205.60
842.14	1199.88
842.33	1209.45
842.51	1201.40
842.69	1206.38
842.87	1199.66
843.05	1203.63
843.23	1197.59
843.41	1204.94
843.59	1202.12
843.77	1206.36
843.95	1197.73
844.13	1199.15
844.31	1202.67
844.49	1213.83
844.68	1202.44
844.86	1205.27
845.04	1199.52
845.22	1209.04
845.40	1193.99
845.58	1203.41
845.76	1199.47
845.94	1205.54
846.12	1201.97
846.30	1207.22
846.48	1195.79
846.66	1203.26
846.84	1197.73
847.02	1212.75
847.20	1203.12
847.38	1213.46
847.56	1207.48
847.74	1203.65
847.92	1200.99
848.11	1202.01
848.29	1201.63
848.47	1200.99
848.65	1198.74
848.83	1204.45
849.01	1197.45
849.19	1211.60
849.37	1201.46
849.55	1208.75
849.73	1200.17
849.91	1202.59
850.09	1202.20
850.27	1206.85
850.45	1199.27
850.63	1202.14
850.81	1199.66
850.99	1208.83
851.17	1203.55
851.35	1209.37
851.53	1202.46
851.71	1210.66
851.89	1201.09
852.07	1209.06
852.25	1206.99
852.43	1203.80
852.61	1194.31
852.79	1201.01
852.97	1201.67
853.15	1207.44
853.33	1203.98
853.51	1206.07
853.69	1206.09
853.87	1201.54
854.05	1201.99
854.23	1205.70
854.41	1203.90
854.59	1206.07
854.77	1204.84
854.95	1211.60
855.13	1205.02
855.31	1204.45
855.49	1205.48
855.67	1207.95
855.84	1200.83
856.02	1214.65
856.20	1199.21
856.38	1207.61
856.56	1198.21
856.74	1203.59
856.92	1202.20
857.10	1203.30
857.28	1203.41
857.46	1203.24
857.64	1197.22
857.82	1206.91
858.00	1199.50
858.18	1209.63
858.36	1203.00
858.54	1211.03
858.72	1203.53
858.90	1206.42
859.08	1199.19
859.25	1208.47
859.43	1198.57
859.61	1210.12
859.79	1197.55
859.97	1206.19
860.15	1205.29
860.33	1203.18
860.51	1201.05
860.69	1197.00
860.87	1195.65
861.05	1208.44
861.23	1196.16
861.41	1210.31
861.58	1202.28
861.76	1201.20
861.94	1200.27
862.12	1214.96
862.30	1203.45
862.48	1207.48
862.66	1187.88
862.84	1208.83
863.02	1200.54
863.20	1209.06
863.37	1196.69
863.55	1215.51
863.73	1196.14
863.91	1206.66
864.09	1200.77
864.27	1209.94
864.45	1199.23
864.63	1210.47
864.80	1199.37
864.98	1197.55
865.16	1200.38
865.34	1200.17
865.52	1196.38
865.70	1207.26
865.88	1202.61
866.06	1203.92
866.23	1197.49
866.41	1204.94
866.59	1196.73
866.77	1199.72
866.95	1196.94
867.13	1199.02
867.31	1204.92
867.48	1200.68
867.66	1202.40
867.84	1207.85
868.02	1201.95
868.20	1209.96
868.38	1205.37
868.56	1207.44
868.73	1197.41
868.91	1209.06
869.09	1194.05
869.27	1209.24
869.45	1201.60
869.63	1215.90
869.80	1202.69
869.98	1204.94
870.16	1204.45
870.34	1205.62
870.52	1196.55
870.70	1206.25
870.87	1203.63
871.05	1206.79
871.23	1204.80
871.41	1205.52
871.59	1195.99
871.76	1206.93
871.94	1200.36
872.12	1209.63
872.30	1199.37
872.48	1209.94
872.65	1200.23
872.83	1205.97
873.01	1202.77
873.19	1211.23
873.37	1194.89
873.54	1210.43
873.72	1196.18
873.90	1210.60
874.08	1200.74
874.26	1206.58
874.43	1201.83
874.61	1203.96
874.79	1190.81
874.97	1206.32
875.15	1206.05
875.32	1207.75
875.50	1206.38
875.68	1198.78
875.86	1197.53
876.03	1204.70
876.21	1206.44
876.39	1209.82
876.57	1198.29
876.74	1204.57
876.92	1202.03
877.10	1210.98
877.28	1201.95
877.45	1206.40
877.63	1195.54
877.81	1205.35
877.99	1206.91
878.17	1200.27
878.34	1201.17
878.52	1203.71
878.70	1195.42
878.87	1208.18
879.05	1199.04
879.23	1205.05
879.41	1200.23
879.58	1204.06
879.76	1200.79
879.94	1201.50
880.12	1198.43
880.29	1207.30
880.47	1199.19
880.65	1210.55
880.83	1203.02
881.00	1202.89
881.18	1206.44
881.36	1206.09
881.53	1203.02
881.71	1210.92
881.89	1202.77
882.07	1207.89
882.24	1195.36
882.42	1201.28
882.60	1197.61
882.77	1203.86
882.95	1201.50
883.13	1208.20
883.30	1201.40
883.48	1199.15
883.66	1203.53
883.84	1206.11
884.01	1201.34
884.19	1210.45
884.37	1200.68
884.54	1206.70
884.72	1201.91
884.90	1208.83
885.07	1206.40
885.25	1206.60
885.43	1198.88
885.60	1208.42
885.78	1203.69
885.96	1205.93
886.13	1202.40
886.31	1206.64
886.49	1196.12
886.66	1207.77
886.84	1206.15
887.02	1207.93
887.19	1198.76
887.37	1201.71
887.55	1202.81
887.72	1206.25
887.90	1196.34
888.08	1205.91
888.25	1203.12
888.43	1201.65
888.61	1200.05
888.78	1205.58
888.96	1205.05
889.14	1204.06
889.31	1194.83
889.49	1201.56
889.67	1201.69
889.84	1208.47
890.02	1196.03
890.19	1205.07
890.37	1198.74
890.55	1208.12
890.72	1200.70
890.90	1207.07
891.08	1199.54
891.25	1212.01
891.43	1203.63
891.60	1202.36
891.78	1201.93
891.96	1206.68
892.13	1195.58
892.31	1202.10
892.48	1203.24
892.66	1217.93
892.84	1197.59
893.01	1207.26
893.19	1197.10
893.36	1209.47
893.54	1195.17
893.72	1204.76
893.89	1197.06
894.07	1207.36
894.24	1200.25
894.42	1226.30
894.60	1201.91
894.77	1212.54
894.95	1203.02
895.12	1204.39
895.30	1198.10
895.48	1203.04
895.65	1202.63
895.83	1212.73
896.00	1199.43
896.18	1209.18
896.35	1197.10
896.53	1206.83
896.71	1202.14
896.88	1206.34
897.06	1192.92
897.23	1207.09
897.41	1195.40
897.58	1203.59
897.76	1197.49
897.93	1205.58
898.11	1204.94
898.29	1202.44
898.46	1204.41
898.64	1210.02
898.81	1203.41
898.99	1207.09
899.16	1198.39
899.34	1209.51
899.51	1198.04
899.69	1203.28
899.86	1200.91
900.04	1203.24
900.21	1202.83
900.39	1207.58
900.57	1204.86
900.74	1205.68
900.92	1193.02
901.09	1208.53
901.27	1193.95
901.44	1205.23
901.62	1204.06
901.79	1205.62
901.97	1196.73
902.14	1209.41
902.32	1192.23
902.49	1202.63
902.67	1195.46
902.84	1211.54
903.02	1199.58
903.19	1203.57
903.37	1195.73
903.54	1207.87
903.72	1196.59
903.89	1202.59
904.07	1203.06
904.24	1204.33
904.42	1200.99
904.59	1203.67
904.77	1203.96
904.94	1201.11
905.12	1197.51
905.29	1205.48
905.47	1192.78
905.64	1200.36
905.82	1196.61
905.99	1204.19
906.16	1201.79
906.34	1201.67
906.51	1201.99
906.69	1198.84
906.86	1202.12
907.04	1207.77
907.21	1198.74
907.39	1202.67
907.56	1203.20
907.74	1210.94
907.91	1200.31
908.09	1211.21
908.26	1193.78
908.43	1209.18
908.61	1198.70
908.78	1205.56
908.96	1197.80
909.13	1205.50
909.31	1197.47
909.48	1216.68
909.65	1204.72
909.83	1208.22
910.00	1202.85
910.18	1203.57
910.35	1201.28
910.53	1213.83
910.70	1199.23
910.87	1204.35
911.05	1199.78
911.22	1199.72
911.40	1200.46
911.57	1215.84
911.75	1199.45
911.92	1202.16
912.09	1196.01
912.27	1205.86
912.44	1196.34
912.62	1199.11
912.79	1200.72
912.96	1204.78
913.14	1195.95
913.31	1216.49
913.49	1199.21
913.66	1204.92
913.83	1200.31
914.01	1208.06
914.18	1199.43
914.36	1209.90
914.53	1202.20
914.70	1210.06
914.88	1197.41
915.05	1208.22
915.22	1199.29
915.40	1206.11
915.57	1198.92
915.75	1201.63
915.92	1201.93
916.09	1206.60
916.27	1206.54
916.44	1202.24
916.61	1201.60
916.79	1204.00
916.96	1198.96
917.13	1212.54
917.31	1200.48
917.48	1204.98
917.66	1199.41
917.83	1204.72
918.00	1201.22
918.18	1208.04
918.35	1199.23
918.52	1209.37
918.70	1206.64
918.87	1203.53
919.04	1202.32
919.22	1207.79
919.39	1200.89
919.56	1208.55
919.74	1208.01
919.91	1206.54
920.08	1194.27
920.26	1205.68
920.43	1198.59
920.60	1199.11
920.78	1200.52
920.95	1202.42
921.12	1198.98
921.29	1205.25
921.47	1201.11
921.64	1206.99
921.81	1199.35
921.99	1202.30
922.16	1196.24
922.33	1206.05
922.51	1200.74
922.68	1203.98
922.85	1203.10
923.03	1207.50
923.20	1194.31
923.37	1201.85
923.54	1208.55
923.72	1208.92
923.89	1196.40
924.06	1212.97
924.24	1206.15
924.41	1210.02
924.58	1205.88
924.75	1209.20
924.93	1207.30
925.10	1200.33
925.27	1205.02
925.44	1217.35
925.62	1196.20
925.79	1200.72
925.96	1202.22
926.14	1200.09
926.31	1203.53
926.48	1204.66
926.65	1199.54
926.83	1204.21
927.00	1202.34
927.17	1203.06
927.34	1206.13
927.52	1207.11
927.69	1194.35
927.86	1206.62
928.03	1201.20
928.21	1211.89
928.38	1206.89
928.55	1199.50
928.72	1196.87
928.89	1200.56
929.07	1203.28
929.24	1207.89
929.41	1200.38
929.58	1207.36
929.76	1188.78
929.93	1205.60
930.10	1196.32
930.27	1200.27
930.44	1196.96
930.62	1205.41
930.79	1198.82
930.96	1208.04
931.13	1201.11
931.31	1205.56
931.48	1196.73
931.65	1204.92
931.82	1197.59
931.99	1201.95
932.17	1205.17
932.34	1204.70
932.51	1200.15
932.68	1202.59
932.85	1195.56
933.03	1205.72
933.20	1195.03
933.37	1204.59
933.54	1202.49
933.71	1211.43
933.88	1198.23
934.06	1201.63
934.23	1196.69
934.40	1210.90
934.57	1201.17
934.74	1215.45
934.91	1197.20
935.09	1203.82
935.26	1205.09
935.43	1208.71
935.60	1199.95
935.77	1205.48
935.94	1207.58
936.12	1213.48
936.29	1204.06
936.46	1206.15
936.63	1200.48
936.80	1205.33
936.97	1198.94
937.14	1206.07
937.32	1200.66
937.49	1210.00
937.66	1206.13
937.83	1205.27
938.00	1200.77
938.17	1213.75
938.34	1203.14
938.52	1213.42
938.69	1200.27
938.86	1209.06
939.03	1194.09
939.20	1210.60
939.37	1202.01
939.54	1203.88
939.71	1197.88
939.89	1205.35
940.06	1197.57
940.23	1204.04
940.40	1195.95
940.57	1206.64
940.74	1197.30
940.91	1204.23
941.08	1200.29
941.25	1203.28
941.43	1199.39
941.60	1194.95
941.77	1202.28
941.94	1208.14
942.11	1196.59
942.28	1209.76
942.45	1193.86
942.62	1205.60
942.79	1202.03
942.96	1206.60
943.13	1202.55
943.30	1200.46
943.48	1203.37
943.65	1205.23
943.82	1198.74
943.99	1205.66
944.16	1201.30
944.33	1212.13
944.50	1201.75
944.67	1206.25
944.84	1199.19
945.01	1201.54
945.18	1204.49
945.35	1201.83
945.52	1199.90
945.69	1205.68
945.86	1203.84
946.03	1204.33
946.21	1203.82
946.38	1199.29
946.55	1211.93
946.72	1204.84
946.89	1201.15
947.06	1206.66
947.23	1203.73
947.40	1208.40
947.57	1202.98
947.74	1209.31
947.91	1204.04
948.08	1205.78
948.25	1195.46
948.42	1204.86
948.59	1206.64
948.76	1208.06
948.93	1193.92
949.10	1204.98
949.27	1198.37
949.44	1200.62
949.61	1202.61
949.78	1202.06
949.95	1203.16
950.12	1209.16
950.29	1198.61
950.46	1204.80
950.63	1199.80
950.80	1205.35
950.97	1199.09
951.14	1210.47
951.31	1199.07
951.48	1213.50
951.65	1200.05
951.82	1203.88
951.99	1195.11
952.16	1212.75
952.33	1203.90
952.50	1209.26
952.67	1198.37
952.84	1206.36
953.01	1198.53
953.18	1203.35
953.35	1206.11
953.52	1206.42
953.69	1201.77
953.86	1204.88
954.03	1204.06
954.20	1205.62
954.37	1201.44
954.54	1206.25
954.70	1203.71
954.87	1207.09
955.04	1205.62
955.21	1199.60
955.38	1199.62
955.55	1207.07
955.72	1202.57
955.89	1207.11
956.06	1199.17
956.23	1209.28
956.40	1197.24
956.57	1206.32
956.74	1200.62
956.91	1201.75
957.08	1199.50
957.25	1209.24
957.41	1200.42
957.58	1209.51
957.75	1195.30
957.92	1206.38
958.09	1203.94
958.26	1203.49
958.43	1198.06
958.60	1209.65
958.77	1195.42
958.94	1209.14
959.11	1192.27
959.27	1204.49
959.44	1203.00
959.61	1201.85
959.78	1198.68
959.95	1206.95
960.12	1202.18
960.29	1208.90
960.46	1200.03
960.63	1208.53
960.80	1198.98
960.96	1213.59
961.13	1199.25
961.30	1210.60
961.47	1205.56
961.64	1204.80
961.81	1199.27
961.98	1204.94
962.15	1201.44
962.31	1207.99
962.48	1199.97
962.65	1211.41
962.82	1198.08
962.99	1205.41
963.16	1200.77
963.33	1200.93
963.49	1203.16
963.66	1203.80
963.83	1196.53
964.00	1211.87
964.17	1195.42
964.34	1202.20
964.51	1194.83
964.67	1210.43
964.84	1201.30
965.01	1216.08
965.18	1193.43
965.35	1211.84
965.52	1196.12
965.68	1202.03
965.85	1194.64
966.02	1211.97
966.19	1200.21
966.36	1205.62
966.52	1198.68
966.69	1215.24
966.86	1193.39
967.03	1200.48
967.20	1198.04
967.37	1195.19
967.53	1202.16
967.70	1199.13
967.87	1194.19
968.04	1210.12
968.21	1195.28
968.37	1205.37
968.54	1192.74
968.71	1206.60
968.88	1195.56
969.05	1199.41
969.21	1198.74
969.38	1201.75
969.55	1194.95
969.72	1207.61
969.89	1202.94
970.05	1202.12
970.22	1199.54
970.39	1199.47
970.56	1196.85
970.72	1201.42
970.89	1200.62
971.06	1208.28
971.23	1195.95
971.39	1201.65
971.56	1202.36
971.73	1209.14
971.90	1202.18
972.07	1208.98
972.23	1195.65
972.40	1209.74
972.57	1206.11
972.74	1211.39
972.90	1200.19
973.07	1206.64
973.24	1195.46
973.40	1208.59
973.57	1198.64
973.74	1206.05
973.91	1201.89
974.07	1211.52
974.24	1202.28
974.41	1208.26
974.58	1195.50
974.74	1206.38
974.91	1199.58
975.08	1202.10
975.25	1201.28
975.41	1209.71
975.58	1200.46
975.75	1203.84
975.91	1198.51
976.08	1205.00
976.25	1201.67
976.42	1203.12
976.58	1198.61
976.75	1202.36
976.92	1197.18
977.08	1202.83
977.25	1203.61
977.42	1210.29
977.58	1202.26
977.75	1200.70
977.92	1203.67
978.08	1203.49
978.25	1200.44
978.42	1199.52
978.59	1201.46
978.75	1205.35
978.92	1211.15
979.09	1204.70
979.25	1204.25
979.42	1210.29
979.59	1198.16
979.75	1204.94
979.92	1207.52
980.09	1207.97
980.25	1202.49
980.42	1200.19
980.59	1198.27
980.75	1203.22
980.92	1198.92
981.09	1201.87
981.25	1203.55
981.42	1204.78
981.59	1200.81
981.75	1200.27
981.92	1199.27
982.08	1207.44
982.25	1195.46
982.42	1205.52
982.58	1201.09
982.75	1197.80
982.92	1208.55
983.08	1208.59
983.25	1199.54
983.42	1204.88
983.58	1193.99
983.75	1199.78
983.91	1196.81
984.08	1217.87
984.25	1206.50
984.41	1206.13
984.58	1199.00
984.74	1201.38
984.91	1200.21
985.08	1205.84
985.24	1201.13
985.41	1206.75
985.57	1197.41
985.74	1199.93
985.91	1196.44
986.07	1211.09
986.24	1191.88
986.40	1208.18
986.57	1198.78
986.74	1203.32
986.90	1202.61
987.07	1207.09
987.23	1195.97
987.40	1203.14
987.57	1198.59
987.73	1204.68
987.90	1201.50
988.06	1208.75
988.23	1201.52
988.39	1204.12
988.56	1197.73
988.73	1208.04
988.89	1202.44
989.06	1214.92
989.22	1199.45
989.39	1207.15
989.55	1204.14
989.72	1206.15
989.88	1203.67
990.05	1213.67
990.22	1197.20
990.38	1207.67
990.55	1191.94
990.71	1214.81
990.88	1202.61
991.04	1201.65
991.21	1194.13
991.37	1206.85
991.54	1200.60
991.70	1199.82
991.87	1203.86
992.03	1200.17
992.20	1202.24
992.36	1206.68
992.53	1201.99
992.69	1204.49
992.86	1195.30
993.03	1203.94
993.19	1201.20
993.36	1206.29
993.52	1195.89
993.69	1212.70
993.85	1200.27
994.02	1202.49
994.18	1203.51
994.35	1193.64
994.51	1201.26
994.68	1209.78
994.84	1201.38
995.01	1206.50
995.17	1197.18
995.34	1206.99
995.50	1194.33
995.66	1208.53
995.83	1201.34
995.99	1206.68
996.16	1199.02
996.32	1209.63
996.49	1194.42
996.65	1200.64
996.82	1204.19
996.98	1204.43
997.15	1201.40
997.31	1202.75
997.48	1196.59
997.64	1205.88
997.81	1202.34
997.97	1199.60
998.13	1196.28
998.30	1213.32
998.46	1198.51
998.63	1201.81
998.79	1205.95
998.96	1204.57
999.12	1204.98
999.29	1204.06
999.45	1202.81
999.61	1206.42
999.78	1199.88
999.94	1205.68
1000.11	1201.36
1000.27	1211.13
1000.44	1204.49
1000.60	1197.63
1000.76	1207.99
1000.93	1211.62
1001.09	1196.94
1001.26	1208.18
1001.42	1200.23
1001.59	1208.18
1001.75	1202.87
1001.91	1205.97
1002.08	1198.76
1002.24	1204.62
1002.41	1195.91
1002.57	1207.09
1002.73	1196.24
1002.90	1204.84
1003.06	1198.72
1003.23	1202.26
1003.39	1204.47
1003.55	1204.90
1003.72	1196.67
1003.88	1211.43
1004.04	1199.50
1004.21	1210.60
1004.37	1195.52
1004.54	1206.15
1004.70	1203.41
1004.86	1207.75
1005.03	1202.18
1005.19	1207.75
1005.35	1198.84
1005.52	1206.58
1005.68	1198.78
1005.85	1196.38
1006.01	1198.27
1006.17	1200.17
1006.34	1210.08
1006.50	1209.55
1006.66	1197.75
1006.83	1206.23
1006.99	1196.65
1007.15	1206.48
1007.32	1199.45
1007.48	1210.17
1007.64	1198.47
1007.81	1203.76
1007.97	1199.60
1008.13	1204.37
1008.30	1199.27
1008.46	1209.04
1008.62	1200.87
1008.79	1205.33
1008.95	1194.54
1009.11	1201.97
1009.28	1195.91
1009.44	1196.83
1009.60	1206.72
1009.77	1203.80
1009.93	1197.65
1010.09	1202.73
1010.25	1198.25
1010.42	1203.08
1010.58	1198.37
1010.74	1210.90
1010.91	1195.93
1011.07	1202.98
1011.23	1200.42
1011.40	1199.35
1011.56	1196.87
1011.72	1209.67
1011.88	1199.37
1012.05	1210.66
1012.21	1199.15
1012.37	1205.11
1012.54	1199.45
1012.70	1208.12
1012.86	1205.99
1013.02	1206.97
1013.19	1203.37
1013.35	1207.28
1013.51	1198.98
1013.67	1203.69
1013.84	1195.26
1014.00	1213.24
1014.16	1206.21
1014.33	1209.67
1014.49	1201.48
1014.65	1204.80
1014.81	1197.16
1014.98	1208.01
1015.14	1200.38
1015.30	1210.45
1015.46	1207.38
1015.62	1206.25
1015.79	1202.08
1015.95	1210.47
1016.11	1200.31
1016.27	1202.46
1016.44	1198.31
1016.60	1206.85
1016.76	1199.99
1016.92	1206.58
1017.09	1198.88
1017.25	1202.85
1017.41	1200.38
1017.57	1205.07
1017.73	1196.12
1017.90	1203.59
1018.06	1198.61
1018.22	1202.49
1018.38	1198.57
1018.54	1205.41
1018.71	1191.77
1018.87	1199.47
1019.03	1199.41
1019.19	1207.65
1019.35	1198.59
1019.52	1206.62
1019.68	1207.28
1019.84	1208.98
1020.00	1197.49
1020.16	1214.34
1020.33	1201.05
1020.49	1203.12
1020.65	1193.31
1020.81	1205.82
1020.97	1203.02
1021.13	1205.70
1021.30	1202.20
1021.46	1207.15
1021.62	1202.67
1021.78	1205.05
1021.94	1199.80
1022.10	1213.16
1022.27	1195.58
1022.43	1203.53
1022.59	1206.15
1022.75	1200.64
1022.91	1195.67
1023.07	1205.68
1023.24	1198.10
1023.40	1205.13
1023.56	1191.69
1023.72	1214.63
1023.88	1196.51
1024.04	1210.43
1024.20	1198.53
1024.36	1204.55
1024.53	1197.92
1024.69	1198.94
1024.85	1196.85
1025.01	1200.58
1025.17	1197.06
1025.33	1209.12
1025.49	1196.55
1025.65	1203.12
1025.82	1199.56
1025.98	1207.54
1026.14	1200.38
1026.30	1205.17
1026.46	1198.78
1026.62	1203.59
1026.78	1195.85
1026.94	1204.86
1027.10	1205.11
1027.26	1205.82
1027.43	1203.57
1027.59	1211.39
1027.75	1198.12
1027.91	1203.20
1028.07	1197.04
1028.23	1203.61
1028.39	1205.70
1028.55	1208.34
1028.71	1207.97
1028.87	1203.90
1029.03	1196.73
1029.19	1203.92
1029.36	1194.78
1029.52	1202.69
1029.68	1202.69
1029.84	1212.87
1030.00	1205.76
1030.16	1210.57
1030.32	1206.68
1030.48	1203.32
1030.64	1204.82
1030.80	1208.06
1030.96	1193.95
1031.12	1207.63
1031.28	1201.99
1031.44	1209.02
1031.60	1204.41
1031.76	1212.73
1031.92	1199.86
1032.08	1221.51
1032.24	1203.20
1032.40	1202.01
1032.56	1195.89
1032.73	1207.83
1032.89	1200.01
1033.05	1204.57
1033.21	1201.79
1033.37	1209.06
1033.53	1199.39
1033.69	1209.18
1033.85	1196.10
1034.01	1210.19
1034.17	1204.49
1034.33	1208.61
1034.49	1200.97
1034.65	1203.88
1034.81	1193.43
1034.97	1199.93
1035.13	1200.25
1035.29	1204.68
1035.45	1197.37
1035.61	1205.58
1035.77	1199.00
1035.93	1210.92
1036.09	1198.64
1036.25	1201.95
1036.41	1202.16
1036.57	1200.91
1036.73	1195.62
1036.88	1205.39
1037.04	1207.34
