345.52	1196.53
345.73	1196.53
345.94	1196.53
346.16	1198.72
346.37	1192.68
346.58	1194.95
346.79	1196.89
347.00	1200.54
347.22	1197.69
347.43	1196.87
347.64	1199.54
347.85	1193.45
348.06	1207.65
348.28	1195.77
348.49	1202.51
348.70	1199.17
348.91	1206.99
349.12	1192.10
349.34	1205.86
349.55	1203.86
349.76	1209.92
349.97	1194.50
350.18	1207.22
350.40	1203.04
350.61	1210.78
350.82	1197.94
351.03	1199.50
351.24	1208.42
351.46	1204.33
351.67	1200.91
351.88	1205.33
352.09	1204.12
352.30	1207.63
352.51	1204.14
352.73	1210.12
352.94	1206.29
353.15	1203.35
353.36	1197.98
353.57	1198.94
353.79	1190.98
354.00	1206.87
354.21	1201.22
354.42	1217.82
354.63	1200.72
354.84	1215.98
355.06	1195.52
355.27	1199.84
355.48	1196.24
355.69	1204.70
355.90	1200.97
356.11	1199.19
356.33	1199.74
356.54	1210.94
356.75	1204.19
356.96	1204.06
357.17	1198.53
357.38	1207.73
357.60	1197.45
357.81	1204.82
358.02	1203.02
358.23	1206.72
358.44	1204.39
358.65	1207.20
358.87	1204.43
359.08	1202.40
359.29	1192.02
359.50	1208.83
359.71	1199.74
359.92	1203.24
360.13	1202.03
360.35	1213.11
360.56	1191.61
360.77	1205.64
360.98	1201.17
361.19	1206.15
361.40	1205.09
361.62	1201.58
361.83	1204.16
362.04	1201.28
362.25	1197.96
362.46	1217.87
362.67	1202.61
362.88	1208.16
363.10	1205.33
363.31	1204.16
363.52	1192.57
363.73	1206.21
363.94	1206.01
364.15	1206.89
364.36	1201.77
364.57	1206.91
364.79	1202.14
365.00	1204.98
365.21	1206.72
365.42	1200.52
365.63	1202.75
365.84	1204.86
366.05	1199.66
366.27	1209.41
366.48	1197.37
366.69	1205.31
366.90	1197.57
367.11	1214.86
367.32	1209.49
367.53	1211.03
367.74	1199.45
367.95	1210.53
368.17	1205.33
368.38	1196.77
368.59	1202.87
368.80	1207.01
369.01	1199.31
369.22	1213.59
369.43	1200.58
369.64	1206.81
369.86	1207.67
370.07	1208.57
370.28	1204.39
370.49	1208.57
370.70	1195.99
370.91	1208.51
371.12	1209.53
371.33	1205.95
371.54	1201.15
371.76	1208.59
371.97	1206.99
372.18	1205.13
372.39	1195.28
372.60	1208.06
372.81	1204.66
373.02	1204.78
373.23	1202.14
373.44	1205.09
373.65	1203.90
373.87	1202.03
374.08	1203.18
374.29	1210.06
374.50	1204.10
374.71	1202.12
374.92	1208.08
375.13	1207.63
375.34	1203.47
375.55	1209.39
375.76	1198.21
375.97	1207.26
376.19	1195.22
376.40	1206.21
376.61	1204.94
376.82	1212.99
377.03	1205.82
377.24	1207.56
377.45	1203.37
377.66	1208.73
377.87	1206.19
378.08	1218.48
378.29	1202.71
378.50	1208.24
378.71	1199.21
378.93	1210.43
379.14	1196.53
379.35	1206.07
379.56	1206.15
379.77	1210.06
379.98	1200.54
380.19	1213.32
380.40	1203.94
380.61	1200.87
380.82	1205.45
381.03	1202.28
381.24	1201.67
381.45	1210.33
381.66	1197.37
381.88	1213.56
382.09	1198.35
382.30	1210.55
382.51	1200.95
382.72	1209.61
382.93	1205.37
383.14	1208.65
383.35	1208.63
383.56	1209.49
383.77	1201.17
383.98	1213.71
384.19	1205.13
384.40	1210.57
384.61	1203.04
384.82	1213.03
385.03	1202.20
385.24	1211.15
385.45	1203.47
385.67	1213.54
385.88	1202.51
386.09	1206.21
386.30	1205.29
386.51	1211.64
386.72	1202.28
386.93	1211.97
387.14	1200.50
387.35	1211.37
387.56	1200.44
387.77	1204.84
387.98	1200.83
388.19	1214.32
388.40	1203.69
388.61	1211.29
388.82	1210.94
389.03	1205.15
389.24	1207.34
389.45	1209.86
389.66	1204.45
389.87	1213.63
390.08	1202.24
390.29	1208.57
390.50	1206.56
390.71	1209.16
390.92	1202.59
391.13	1207.26
391.34	1197.61
391.55	1212.79
391.76	1200.89
391.98	1207.97
392.19	1203.86
392.40	1209.33
392.61	1204.49
392.82	1205.41
393.03	1206.42
393.24	1210.10
393.45	1203.76
393.66	1204.68
393.87	1198.14
394.08	1212.01
394.29	1203.32
394.50	1208.38
394.71	1199.45
394.92	1213.73
395.13	1201.81
395.34	1211.27
395.55	1205.27
395.76	1207.97
395.97	1210.72
396.18	1214.14
396.39	1204.33
396.60	1216.23
396.81	1197.75
397.02	1204.00
397.23	1199.15
397.44	1209.18
397.65	1208.38
397.86	1208.04
398.07	1198.10
398.28	1212.64
398.49	1204.02
398.70	1214.45
398.91	1200.31
399.12	1209.96
399.33	1204.94
399.54	1207.50
399.75	1205.09
399.96	1205.97
400.17	1204.12
400.38	1209.49
400.59	1198.27
400.80	1211.17
401.01	1207.52
401.22	1207.34
401.42	1200.58
401.63	1211.35
401.84	1202.34
402.05	1211.82
402.26	1204.14
402.47	1204.16
402.68	1203.49
402.89	1208.71
403.10	1206.48
403.31	1212.27
403.52	1204.64
403.73	1214.16
403.94	1208.04
404.15	1209.41
404.36	1204.02
404.57	1206.25
404.78	1197.16
404.99	1207.75
405.20	1204.23
405.41	1211.68
405.62	1200.48
405.83	1216.21
406.04	1197.98
406.25	1208.85
406.46	1203.88
406.67	1205.31
406.88	1209.00
407.09	1206.85
407.30	1206.54
407.50	1205.11
407.71	1193.41
407.92	1214.42
408.13	1205.86
408.34	1205.91
408.55	1209.08
408.76	1212.93
408.97	1205.70
409.18	1206.50
409.39	1209.67
409.60	1215.57
409.81	1206.13
410.02	1207.61
410.23	1202.69
410.44	1204.62
410.65	1205.45
410.86	1204.04
411.07	1197.39
411.27	1211.80
411.48	1211.70
411.69	1214.67
411.90	1201.56
412.11	1209.26
412.32	1197.98
412.53	1211.72
412.74	1198.74
412.95	1207.73
413.16	1199.56
413.37	1207.61
413.58	1212.68
413.79	1208.65
414.00	1198.82
414.20	1207.69
414.41	1198.92
414.62	1210.12
414.83	1200.42
415.04	1208.53
415.25	1209.00
415.46	1206.89
415.67	1205.88
415.88	1212.40
416.09	1198.00
416.30	1207.26
416.51	1200.29
416.71	1208.75
416.92	1204.72
417.13	1212.56
417.34	1205.27
417.55	1203.45
417.76	1203.80
417.97	1209.22
418.18	1201.05
418.39	1214.81
418.60	1203.20
418.81	1210.08
419.01	1202.26
419.22	1209.57
419.43	1200.15
419.64	1214.02
419.85	1208.24
420.06	1206.17
420.27	1202.12
420.48	1209.74
420.69	1203.30
420.90	1208.36
421.10	1201.26
421.31	1211.48
421.52	1203.02
421.73	1207.22
421.94	1203.82
422.15	1212.79
422.36	1208.73
422.57	1212.81
422.78	1196.18
422.98	1203.35
423.19	1203.90
423.40	1210.53
423.61	1207.20
423.82	1210.10
424.03	1203.82
424.24	1204.84
424.45	1202.75
424.65	1210.17
424.86	1202.69
425.07	1205.50
425.28	1198.88
425.49	1204.51
425.70	1209.18
425.91	1216.06
426.12	1201.79
426.32	1209.94
426.53	1202.14
426.74	1208.42
426.95	1202.67
427.16	1213.61
427.37	1200.29
427.58	1214.94
427.78	1200.89
427.99	1218.75
428.20	1197.49
428.41	1215.06
428.62	1197.75
428.83	1208.51
429.04	1208.51
429.24	1207.32
429.45	1202.40
429.66	1210.31
429.87	1200.50
430.08	1212.05
430.29	1205.15
430.50	1208.92
430.70	1200.95
430.91	1209.33
431.12	1206.01
431.33	1205.72
431.54	1201.32
431.75	1210.96
431.96	1200.93
432.16	1211.00
432.37	1202.69
432.58	1203.26
432.79	1202.98
433.00	1212.77
433.21	1199.76
433.41	1205.07
433.62	1205.78
433.83	1204.02
434.04	1204.21
434.25	1204.82
434.46	1201.95
434.66	1214.28
434.87	1203.69
435.08	1208.49
435.29	1202.92
435.50	1215.59
435.71	1202.96
435.91	1210.51
436.12	1209.02
436.33	1204.47
436.54	1209.12
436.75	1211.05
436.95	1200.03
437.16	1211.68
437.37	1200.27
437.58	1211.11
437.79	1205.84
438.00	1207.32
438.20	1197.75
438.41	1209.94
438.62	1204.39
438.83	1211.25
439.04	1203.14
439.24	1211.21
439.45	1202.51
439.66	1212.89
439.87	1202.65
440.08	1208.59
440.28	1205.64
440.49	1211.25
440.70	1202.40
440.91	1211.27
441.12	1202.01
441.32	1209.02
441.53	1205.82
441.74	1208.67
441.95	1207.97
442.16	1206.64
442.36	1197.88
442.57	1215.43
442.78	1200.68
442.99	1215.35
443.20	1208.20
443.40	1205.19
443.61	1199.25
443.82	1212.60
444.03	1190.85
444.24	1213.42
444.44	1210.37
444.65	1205.74
444.86	1198.72
445.07	1202.40
445.27	1206.03
445.48	1205.45
445.69	1207.87
445.90	1206.62
446.11	1197.34
446.31	1211.58
446.52	1198.37
446.73	1209.04
446.94	1202.85
447.14	1209.86
447.35	1195.83
447.56	1210.62
447.77	1207.09
447.97	1211.66
448.18	1207.46
448.39	1207.34
448.60	1207.13
448.81	1207.93
449.01	1203.88
449.22	1208.47
449.43	1201.77
449.64	1213.03
449.84	1197.57
450.05	1212.99
450.26	1200.38
450.47	1211.41
450.67	1199.11
450.88	1212.95
451.09	1197.71
451.30	1212.85
451.50	1204.02
451.71	1210.70
451.92	1207.13
452.13	1205.11
452.33	1204.70
452.54	1210.29
452.75	1212.89
452.96	1208.94
453.16	1198.64
453.37	1214.45
453.58	1190.01
453.79	1210.37
453.99	1209.76
454.20	1209.18
454.41	1204.55
454.61	1206.58
454.82	1207.87
455.03	1211.21
455.24	1200.11
455.44	1206.29
455.65	1205.29
455.86	1209.04
456.07	1204.02
456.27	1205.62
456.48	1200.81
456.69	1212.21
456.90	1204.55
457.10	1213.26
457.31	1200.01
457.52	1210.80
457.72	1206.87
457.93	1203.28
458.14	1215.37
458.35	1208.20
458.55	1205.60
458.76	1209.96
458.97	1200.85
459.17	1207.18
459.38	1202.01
459.59	1213.89
459.80	1204.98
460.00	1206.36
460.21	1204.06
460.42	1213.54
460.62	1200.01
460.83	1211.46
461.04	1206.89
461.25	1208.57
461.45	1198.14
461.66	1213.44
461.87	1202.94
462.07	1212.36
462.28	1205.05
462.49	1206.07
462.69	1200.33
462.90	1211.82
463.11	1202.79
463.31	1211.68
463.52	1200.95
463.73	1209.12
463.94	1205.82
464.14	1212.42
464.35	1209.26
464.56	1210.80
464.76	1205.80
464.97	1206.66
465.18	1205.76
465.38	1205.62
465.59	1202.46
465.80	1206.01
466.00	1195.11
466.21	1217.74
466.42	1203.63
466.62	1196.55
466.83	1201.85
467.04	1210.64
467.24	1203.47
467.45	1212.13
467.66	1194.83
467.86	1205.50
468.07	1203.84
468.28	1210.45
468.48	1201.11
468.69	1212.40
468.90	1204.90
469.10	1213.44
469.31	1204.90
469.52	1215.76
469.72	1202.79
469.93	1206.75
470.14	1200.85
470.34	1208.22
470.55	1207.22
470.76	1214.83
470.96	1207.32
471.17	1213.11
471.38	1205.19
471.58	1204.94
471.79	1200.52
472.00	1217.50
472.20	1196.83
472.41	1208.67
472.62	1207.56
472.82	1212.38
473.03	1201.28
473.24	1213.42
473.44	1206.01
473.65	1204.78
473.85	1196.67
474.06	1209.84
474.27	1197.78
474.47	1206.56
474.68	1201.15
474.89	1210.08
475.09	1196.55
475.30	1204.31
475.51	1205.78
475.71	1213.28
475.92	1202.71
476.12	1203.71
476.33	1208.36
476.54	1212.89
476.74	1207.26
476.95	1207.38
477.16	1195.36
477.36	1208.26
477.57	1201.05
477.77	1206.91
477.98	1202.87
478.19	1201.54
478.39	1203.02
478.60	1213.48
478.81	1201.34
479.01	1213.20
479.22	1195.93
479.42	1218.01
479.63	1204.19
479.84	1215.88
480.04	1201.87
480.25	1207.44
480.45	1197.59
480.66	1207.36
480.87	1202.38
481.07	1212.58
481.28	1206.09
481.48	1211.05
481.69	1205.76
481.90	1200.54
482.10	1197.61
482.31	1205.23
482.51	1204.02
482.72	1208.79
482.93	1198.94
483.13	1209.90
483.34	1205.60
483.54	1211.97
483.75	1203.12
483.96	1207.01
484.16	1200.07
484.37	1212.36
484.57	1199.27
484.78	1212.42
484.99	1196.34
485.19	1201.22
485.40	1203.80
485.60	1214.28
485.81	1205.13
486.01	1205.76
486.22	1208.67
486.43	1213.24
486.63	1201.32
486.84	1208.71
487.04	1200.07
487.25	1207.38
487.46	1201.69
487.66	1208.18
487.87	1204.33
488.07	1209.61
488.28	1208.81
488.48	1205.95
488.69	1205.23
488.89	1210.57
489.10	1192.61
489.31	1211.78
489.51	1203.04
489.72	1205.95
489.92	1208.38
490.13	1208.36
490.33	1197.69
490.54	1208.12
490.75	1200.07
490.95	1203.98
491.16	1200.91
491.36	1209.12
491.57	1205.99
491.77	1206.93
491.98	1200.23
492.18	1209.59
492.39	1201.71
492.59	1210.35
492.80	1203.14
493.01	1213.01
493.21	1203.71
493.42	1205.99
493.62	1203.86
493.83	1208.87
494.03	1202.65
494.24	1203.16
494.44	1201.73
494.65	1210.98
494.85	1207.13
495.06	1207.83
495.26	1201.71
495.47	1210.98
495.68	1201.50
495.88	1206.72
496.09	1207.83
496.29	1215.04
496.50	1202.73
496.70	1205.43
496.91	1201.26
497.11	1203.14
497.32	1204.21
497.52	1213.11
497.73	1203.63
497.93	1212.30
498.14	1204.37
498.34	1209.14
498.55	1205.02
498.75	1206.87
498.96	1206.03
499.16	1210.80
499.37	1206.97
499.57	1214.36
499.78	1202.92
499.98	1201.03
500.19	1204.14
500.39	1206.38
500.60	1205.62
500.80	1212.66
501.01	1204.16
501.21	1206.95
501.42	1206.03
501.62	1205.80
501.83	1201.15
502.03	1204.16
502.24	1204.39
502.44	1208.79
502.65	1208.40
502.85	1209.33
503.06	1204.96
503.26	1209.47
503.47	1207.50
503.67	1210.37
503.88	1202.61
504.08	1206.25
504.29	1207.46
504.49	1210.55
504.70	1208.44
504.90	1209.80
505.11	1201.58
505.31	1206.15
505.52	1202.94
505.72	1218.75
505.93	1204.29
506.13	1211.21
506.34	1206.42
506.54	1209.33
506.75	1205.33
506.95	1211.64
507.16	1202.94
507.36	1213.13
507.56	1202.01
507.77	1212.38
507.97	1207.03
508.18	1208.67
508.38	1207.09
508.59	1208.90
508.79	1204.08
509.00	1213.89
509.20	1205.91
509.41	1204.29
509.61	1203.43
509.82	1206.60
510.02	1205.91
510.22	1207.56
510.43	1206.48
510.63	1205.64
510.84	1199.41
511.04	1205.74
511.25	1205.95
511.45	1212.56
511.66	1203.76
511.86	1203.63
512.06	1206.38
512.27	1211.74
512.47	1207.77
512.68	1211.29
512.88	1201.58
513.09	1202.77
513.29	1206.42
513.50	1208.61
513.70	1206.68
513.90	1217.68
514.11	1204.45
514.31	1212.79
514.52	1205.02
514.72	1206.34
514.93	1204.51
515.13	1208.65
515.33	1205.27
515.54	1207.38
515.74	1200.48
515.95	1208.28
516.15	1205.68
516.36	1210.21
516.56	1202.30
516.76	1202.57
516.97	1205.88
517.17	1210.98
517.38	1202.34
517.58	1204.23
517.78	1202.34
517.99	1206.27
518.19	1212.50
518.40	1204.80
518.60	1207.56
518.81	1214.06
519.01	1204.80
519.21	1203.37
519.42	1205.02
519.62	1212.81
519.83	1203.00
520.03	1213.20
520.23	1196.63
520.44	1211.31
520.64	1204.51
520.85	1205.84
521.05	1202.32
521.25	1217.48
521.46	1204.16
521.66	1209.24
521.86	1203.67
522.07	1207.09
522.27	1203.45
522.48	1207.36
522.68	1201.07
522.88	1204.43
523.09	1203.12
523.29	1203.47
523.50	1210.19
523.70	1210.19
523.90	1204.43
524.11	1211.64
524.31	1208.79
524.51	1212.52
524.72	1198.18
524.92	1210.37
525.13	1202.96
525.33	1204.86
525.53	1206.38
525.74	1210.66
525.94	1208.94
526.14	1206.15
526.35	1204.21
526.55	1205.99
526.76	1210.70
526.96	1211.72
527.16	1199.52
527.37	1208.18
527.57	1198.29
527.77	1209.18
527.98	1202.73
528.18	1217.76
528.38	1207.48
528.59	1209.22
528.79	1206.60
528.99	1208.53
529.20	1204.72
529.40	1207.24
529.61	1210.41
529.81	1214.47
530.01	1202.36
530.22	1205.48
530.42	1207.87
530.62	1213.85
530.83	1205.35
531.03	1210.25
531.23	1196.55
531.44	1209.43
531.64	1207.75
531.84	1214.73
532.05	1202.32
532.25	1214.69
532.45	1203.65
532.66	1214.83
532.86	1204.00
533.06	1205.25
533.27	1202.20
533.47	1207.99
533.67	1199.31
533.88	1207.69
534.08	1203.39
534.28	1210.60
534.49	1199.09
534.69	1207.38
534.89	1206.46
535.09	1206.68
535.30	1192.00
535.50	1207.38
535.70	1198.29
535.91	1211.19
536.11	1196.96
536.31	1200.95
536.52	1211.76
536.72	1210.60
536.92	1196.28
537.13	1209.12
537.33	1204.82
537.53	1210.27
537.74	1204.06
537.94	1201.13
538.14	1200.77
538.34	1208.18
538.55	1201.28
538.75	1213.20
538.95	1207.73
539.16	1208.08
539.36	1207.34
539.56	1207.67
539.77	1210.39
539.97	1212.54
540.17	1199.39
540.37	1212.68
540.58	1200.46
540.78	1214.98
540.98	1200.62
541.19	1213.65
541.39	1206.48
541.59	1207.77
541.79	1201.38
542.00	1211.37
542.20	1202.89
542.40	1198.68
542.60	1203.96
542.81	1207.40
543.01	1203.43
543.21	1205.78
543.42	1197.71
543.62	1213.99
543.82	1201.42
544.02	1210.17
544.23	1203.88
544.43	1208.92
544.63	1205.62
544.83	1217.05
545.04	1208.40
545.24	1212.13
545.44	1204.96
545.64	1201.99
545.85	1206.85
546.05	1209.31
546.25	1208.94
546.45	1207.97
546.66	1215.24
546.86	1210.76
547.06	1197.53
547.27	1209.82
547.47	1201.03
547.67	1206.79
547.87	1204.78
548.07	1210.86
548.28	1203.35
548.48	1215.20
548.68	1204.31
548.88	1211.37
549.09	1193.41
549.29	1204.90
549.49	1206.66
549.69	1212.09
549.90	1205.56
550.10	1211.80
550.30	1206.36
550.50	1207.73
550.71	1205.56
550.91	1210.08
551.11	1204.82
551.31	1207.61
551.51	1200.52
551.72	1213.87
551.92	1200.21
552.12	1207.89
552.32	1201.07
552.53	1209.39
552.73	1208.96
552.93	1207.99
553.13	1204.10
553.33	1214.55
553.54	1201.87
553.74	1218.19
553.94	1208.77
554.14	1210.98
554.35	1208.79
554.55	1214.51
554.75	1209.74
554.95	1212.42
555.15	1206.62
555.36	1208.98
555.56	1207.77
555.76	1213.99
555.96	1197.45
556.16	1215.90
556.37	1202.16
556.57	1210.47
556.77	1212.62
556.97	1212.30
557.17	1201.22
557.38	1207.11
557.58	1206.21
557.78	1208.04
557.98	1202.20
558.18	1208.90
558.38	1196.30
558.59	1209.28
558.79	1203.47
558.99	1214.69
559.19	1201.42
559.39	1212.95
559.60	1202.28
559.80	1212.60
560.00	1205.13
560.20	1215.39
560.40	1197.82
560.60	1208.85
560.81	1200.09
561.01	1210.33
561.21	1208.34
561.41	1207.61
561.61	1201.40
561.81	1212.89
562.02	1206.77
562.22	1210.41
562.42	1203.67
562.62	1219.79
562.82	1207.07
563.02	1208.24
563.23	1201.85
563.43	1220.63
563.63	1208.18
563.83	1208.57
564.03	1204.35
564.23	1208.71
564.43	1209.51
564.64	1208.59
564.84	1210.31
565.04	1214.18
565.24	1202.73
565.44	1204.23
565.64	1208.06
565.85	1213.09
566.05	1199.35
566.25	1216.27
566.45	1202.65
566.65	1209.33
566.85	1206.46
567.05	1213.97
567.25	1208.32
567.46	1208.36
567.66	1208.36
567.86	1209.94
568.06	1199.25
568.26	1215.76
568.46	1200.11
568.66	1205.86
568.86	1218.09
569.07	1216.60
569.27	1205.29
569.47	1215.82
569.67	1209.86
569.87	1213.54
570.07	1205.78
570.27	1206.09
570.47	1199.35
570.68	1216.51
570.88	1207.65
571.08	1213.54
571.28	1201.32
571.48	1212.13
571.68	1207.34
571.88	1218.71
572.08	1211.00
572.28	1214.77
572.49	1206.44
572.69	1209.88
572.89	1208.06
573.09	1209.65
573.29	1210.64
573.49	1212.36
573.69	1211.37
573.89	1215.12
574.09	1213.89
574.29	1212.56
574.50	1204.98
574.70	1211.07
574.90	1212.91
575.10	1217.11
575.30	1206.56
575.50	1207.46
575.70	1210.10
575.90	1213.24
576.10	1213.18
576.30	1209.12
576.50	1206.50
576.70	1215.82
576.91	1208.49
577.11	1208.96
577.31	1205.56
577.51	1215.84
577.71	1209.20
577.91	1210.68
578.11	1211.89
578.31	1217.19
578.51	1213.71
578.71	1211.17
578.91	1216.08
579.11	1215.26
579.31	1211.64
579.51	1217.48
579.71	1206.91
579.92	1216.02
580.12	1208.73
580.32	1213.30
580.52	1215.92
580.72	1217.70
580.92	1209.10
581.12	1212.48
581.32	1207.54
581.52	1212.05
581.72	1213.13
581.92	1213.44
582.12	1214.61
582.32	1220.12
582.52	1215.37
582.72	1223.89
582.92	1205.82
583.12	1221.53
583.32	1209.22
583.52	1215.22
583.72	1212.77
583.92	1225.96
584.12	1208.30
584.33	1225.12
584.53	1208.67
584.73	1220.26
584.93	1213.30
585.13	1222.51
585.33	1210.29
585.53	1227.84
585.73	1211.46
585.93	1215.24
586.13	1212.32
586.33	1220.94
586.53	1213.75
586.73	1213.52
586.93	1211.66
587.13	1228.02
587.33	1218.46
587.53	1230.11
587.73	1218.34
587.93	1217.72
588.13	1221.18
588.33	1227.86
588.53	1213.05
588.73	1226.77
588.93	1213.42
589.13	1215.35
589.33	1208.85
589.53	1229.58
589.73	1222.06
589.93	1226.86
590.13	1221.08
590.33	1227.92
590.53	1213.44
590.73	1229.21
590.93	1220.90
591.13	1225.05
591.33	1227.51
591.53	1228.25
591.73	1228.37
591.93	1236.36
592.13	1225.16
592.33	1231.73
592.53	1230.56
592.73	1236.26
592.93	1224.62
593.13	1236.99
593.33	1232.02
593.53	1239.35
593.73	1236.56
593.93	1242.48
594.13	1243.92
594.33	1237.79
594.53	1236.46
594.73	1249.47
594.92	1235.46
595.12	1246.05
595.32	1245.70
595.52	1241.95
595.72	1241.34
595.92	1243.53
596.12	1241.58
596.32	1244.24
596.52	1245.06
596.72	1241.95
596.92	1246.70
597.12	1245.21
597.32	1247.23
597.52	1253.54
597.72	1243.44
597.92	1251.53
598.12	1253.21
598.32	1245.70
598.52	1258.60
598.72	1254.36
598.92	1246.74
599.12	1263.17
599.31	1262.04
599.51	1261.84
599.71	1255.83
599.91	1268.80
600.11	1267.69
600.31	1269.13
600.51	1263.70
600.71	1279.43
600.91	1266.75
601.11	1270.23
601.31	1267.04
601.51	1268.41
601.71	1267.59
601.91	1270.23
602.10	1266.44
602.30	1275.95
602.50	1276.66
602.70	1276.29
602.90	1271.69
603.10	1277.85
603.30	1277.05
603.50	1278.69
603.70	1271.01
603.90	1277.63
604.10	1277.26
604.30	1271.71
604.49	1274.08
604.69	1279.12
604.89	1269.45
605.09	1284.30
605.29	1270.36
605.49	1276.81
605.69	1270.83
605.89	1276.83
606.09	1270.99
606.29	1267.43
606.48	1266.14
606.68	1284.63
606.88	1267.10
607.08	1272.24
607.28	1270.60
607.48	1273.94
607.68	1270.31
607.88	1276.64
608.08	1269.04
608.27	1279.02
608.47	1265.36
608.67	1275.64
608.87	1262.41
609.07	1286.82
609.27	1268.66
609.47	1274.06
609.67	1269.68
609.87	1271.03
610.06	1267.06
610.26	1271.03
610.46	1267.86
610.66	1269.41
610.86	1275.15
611.06	1277.54
611.26	1264.66
611.45	1284.51
611.65	1278.61
611.85	1278.92
612.05	1277.26
612.25	1289.36
612.45	1287.23
612.65	1294.99
612.84	1294.64
613.04	1303.39
613.24	1303.72
613.44	1313.65
613.64	1320.12
613.84	1351.74
614.04	1345.74
614.23	1371.65
614.43	1400.56
614.63	1432.53
614.83	1445.99
615.03	1484.67
615.23	1510.60
615.42	1541.83
615.62	1561.45
615.82	1600.63
616.02	1643.15
616.22	1681.83
616.42	1718.39
616.61	1785.83
616.81	1839.51
617.01	1941.31
617.21	2054.54
617.41	2260.83
617.61	2504.28
617.80	2872.58
618.00	3346.18
618.20	3932.49
618.40	4634.33
618.60	5354.39
618.80	6127.85
618.99	6891.97
619.19	7577.67
619.39	8160.27
619.59	8661.66
619.79	9104.88
619.98	9443.22
620.18	9688.63
620.38	9880.57
620.58	10065.75
620.78	10176.89
620.97	10262.39
621.17	10362.78
621.37	10420.90
621.57	10409.11
621.77	10436.76
621.96	10427.85
622.16	10394.24
622.36	10387.91
622.56	10420.58
622.76	10335.26
622.95	10342.14
623.15	10289.75
623.35	10097.94
623.55	9909.67
623.75	9727.77
623.94	9353.56
624.14	8966.25
624.34	8440.15
624.54	7833.36
624.73	7201.76
624.93	6551.66
625.13	5942.65
625.33	5389.11
625.53	4914.00
625.72	4545.90
625.92	4214.39
626.12	3953.34
626.32	3747.07
626.51	3614.73
626.71	3482.35
626.91	3357.60
627.11	3249.02
627.30	3153.77
627.50	3059.91
627.70	2986.12
627.90	2896.57
628.10	2834.14
628.29	2767.11
628.49	2718.15
628.69	2655.62
628.89	2616.10
629.08	2543.72
629.28	2498.54
629.48	2439.01
629.68	2388.01
629.87	2340.89
630.07	2293.64
630.27	2245.33
630.47	2210.00
630.66	2171.81
630.86	2115.70
631.06	2086.63
631.25	2054.87
631.45	2004.08
631.65	1972.97
631.85	1957.92
632.04	1925.32
632.24	1894.25
632.44	1883.52
632.64	1846.80
632.83	1838.97
633.03	1814.56
633.23	1810.83
633.42	1794.70
633.62	1786.59
633.82	1768.61
634.02	1777.47
634.21	1773.77
634.41	1789.62
634.61	1809.26
634.81	1865.66
635.00	1905.55
635.20	2002.16
635.40	2098.80
635.59	2227.84
635.79	2344.06
635.99	2475.71
636.18	2566.06
636.38	2631.25
636.58	2690.46
636.78	2740.06
636.97	2757.06
637.17	2757.39
637.37	2731.09
637.56	2704.22
637.76	2649.60
637.96	2592.07
638.15	2531.56
638.35	2462.72
638.55	2374.33
638.74	2316.60
638.94	2212.44
639.14	2152.68
639.34	2067.06
639.53	1999.60
639.73	1912.72
639.93	1855.21
640.12	1779.34
640.32	1714.68
640.52	1667.68
640.71	1624.02
640.91	1589.63
641.11	1579.56
641.30	1545.87
641.50	1543.19
641.70	1540.30
641.89	1521.56
642.09	1523.20
642.29	1517.11
642.48	1497.50
642.68	1489.75
642.88	1479.84
643.07	1460.94
643.27	1426.92
643.47	1402.02
643.66	1355.90
643.86	1324.38
644.06	1302.86
644.25	1290.77
644.45	1275.27
644.65	1278.14
644.84	1255.20
645.04	1258.03
645.23	1255.75
645.43	1263.74
645.63	1254.05
645.82	1253.54
646.02	1246.25
646.22	1258.74
646.41	1255.92
646.61	1253.42
646.81	1252.39
647.00	1257.17
647.20	1243.47
647.39	1250.76
647.59	1246.33
647.79	1245.27
647.98	1246.86
648.18	1244.88
648.38	1241.60
648.57	1248.03
648.77	1238.67
648.96	1240.72
649.16	1234.56
649.36	1240.35
649.55	1232.37
649.75	1236.19
649.95	1230.30
650.14	1240.66
650.34	1231.48
650.53	1240.84
650.73	1227.22
650.93	1232.84
651.12	1232.86
651.32	1239.21
651.51	1233.47
651.71	1237.18
651.91	1234.82
652.10	1235.91
652.30	1222.56
652.49	1230.77
652.69	1223.25
652.89	1230.48
653.08	1220.51
653.28	1220.38
653.47	1218.58
653.67	1227.27
653.86	1217.97
654.06	1218.83
654.26	1221.78
654.45	1220.88
654.65	1220.36
654.84	1227.35
655.04	1217.95
655.24	1227.61
655.43	1214.57
655.63	1224.71
655.82	1219.59
656.02	1227.20
656.21	1214.10
656.41	1225.67
656.61	1214.06
656.80	1219.85
657.00	1217.82
657.19	1224.26
657.39	1210.78
657.58	1221.86
657.78	1210.60
657.97	1219.46
658.17	1219.28
658.37	1221.72
658.56	1210.10
658.76	1225.73
658.95	1213.13
659.15	1218.15
659.34	1210.51
659.54	1217.44
659.73	1214.81
659.93	1221.29
660.13	1214.20
660.32	1214.14
660.52	1216.55
660.71	1219.44
660.91	1205.64
661.10	1219.24
661.30	1214.51
661.49	1219.61
661.69	1209.04
661.88	1221.41
662.08	1213.44
662.27	1220.34
662.47	1213.42
662.66	1220.18
662.86	1212.52
663.06	1222.37
663.25	1212.13
663.45	1224.56
663.64	1209.57
663.84	1217.15
664.03	1210.29
664.23	1212.58
664.42	1215.63
664.62	1218.23
664.81	1205.78
665.01	1219.22
665.20	1207.97
665.40	1218.56
665.59	1210.82
665.79	1218.34
665.98	1218.03
666.18	1219.75
666.37	1216.49
666.57	1215.74
666.76	1208.44
666.96	1220.06
667.15	1214.92
667.35	1214.81
667.54	1214.77
667.74	1219.52
667.93	1212.01
668.13	1214.22
668.32	1211.58
668.52	1217.23
668.71	1214.20
668.91	1213.52
669.10	1211.21
669.30	1204.90
669.49	1209.82
669.68	1211.25
669.88	1207.65
670.07	1222.21
670.27	1206.11
670.46	1215.26
670.66	1208.87
670.85	1212.23
671.05	1205.00
671.24	1212.91
671.44	1199.35
671.63	1209.04
671.83	1200.79
672.02	1209.59
672.22	1206.40
672.41	1206.95
672.60	1202.53
672.80	1216.10
672.99	1203.90
673.19	1205.84
673.38	1207.32
673.58	1212.09
673.77	1205.58
673.97	1208.96
674.16	1201.52
674.36	1208.08
674.55	1205.82
674.74	1208.87
674.94	1212.15
675.13	1209.59
675.33	1198.84
675.52	1211.87
675.72	1202.71
675.91	1205.37
676.10	1200.27
676.30	1207.09
676.49	1200.58
676.69	1210.94
676.88	1204.33
677.08	1205.60
677.27	1201.97
677.46	1206.91
677.66	1202.40
677.85	1213.11
678.05	1201.89
678.24	1211.21
678.44	1200.48
678.63	1205.95
678.82	1210.78
679.02	1210.74
679.21	1202.32
679.41	1205.95
679.60	1207.11
679.79	1210.45
679.99	1201.77
680.18	1212.21
680.38	1204.72
680.57	1199.70
680.76	1203.41
680.96	1210.04
681.15	1199.29
681.35	1218.93
681.54	1199.02
681.73	1208.24
681.93	1203.86
682.12	1206.97
682.32	1209.88
682.51	1213.18
682.70	1210.96
682.90	1208.18
683.09	1207.69
683.29	1204.51
683.48	1205.29
683.67	1216.27
683.87	1202.28
684.06	1213.38
684.25	1193.90
684.45	1204.29
684.64	1204.86
684.84	1205.27
685.03	1207.28
685.22	1214.47
685.42	1202.81
685.61	1213.44
685.80	1206.77
686.00	1206.54
686.19	1203.88
686.38	1213.20
686.58	1205.74
686.77	1210.94
686.96	1212.60
687.16	1207.38
687.35	1207.58
687.55	1210.72
687.74	1203.37
687.93	1213.22
688.13	1207.63
688.32	1207.20
688.51	1208.24
688.71	1205.99
688.90	1206.05
689.09	1211.48
689.29	1200.79
689.48	1209.33
689.67	1202.96
689.87	1203.90
690.06	1200.29
690.25	1207.71
690.45	1209.71
690.64	1210.47
690.83	1203.45
691.03	1209.65
691.22	1201.13
691.41	1201.83
691.61	1199.23
691.80	1212.07
691.99	1202.57
692.19	1213.20
692.38	1204.86
692.57	1208.69
692.76	1199.99
692.96	1212.25
693.15	1204.00
693.34	1199.56
693.54	1213.48
693.73	1212.56
693.92	1206.91
694.12	1207.61
694.31	1201.24
694.50	1210.60
694.70	1202.22
694.89	1205.54
695.08	1201.85
695.27	1208.73
695.47	1205.29
695.66	1204.92
695.85	1199.56
696.05	1208.10
696.24	1205.43
696.43	1210.80
696.62	1201.50
696.82	1219.26
697.01	1202.63
697.20	1210.62
697.40	1214.45
697.59	1211.95
697.78	1205.11
697.97	1212.13
698.17	1204.70
698.36	1205.29
698.55	1206.09
698.74	1210.02
698.94	1204.64
699.13	1208.59
699.32	1203.06
699.52	1205.99
699.71	1207.75
699.90	1208.44
700.09	1202.49
700.29	1207.99
700.48	1205.13
700.67	1207.48
700.86	1197.00
701.06	1206.52
701.25	1203.90
701.44	1214.71
701.63	1207.73
701.83	1205.35
702.02	1201.48
702.21	1204.47
702.40	1202.10
702.60	1216.70
702.79	1207.56
702.98	1203.28
703.17	1197.51
703.37	1218.42
703.56	1208.53
703.75	1210.88
703.94	1200.23
704.13	1220.06
704.33	1197.59
704.52	1205.09
704.71	1203.37
704.90	1209.90
705.10	1199.93
705.29	1213.05
705.48	1210.66
705.67	1202.36
705.86	1206.23
706.06	1206.79
706.25	1202.87
706.44	1207.93
706.63	1202.63
706.83	1207.89
707.02	1201.15
707.21	1210.70
707.40	1207.67
707.59	1211.11
707.79	1204.12
707.98	1211.37
708.17	1203.47
708.36	1206.15
708.55	1201.17
708.75	1212.11
708.94	1207.65
709.13	1207.34
709.32	1204.23
709.51	1210.12
709.71	1211.21
709.90	1204.47
710.09	1193.45
710.28	1205.09
710.47	1207.40
710.66	1206.09
710.86	1202.16
711.05	1206.70
711.24	1195.93
711.43	1210.82
711.62	1198.94
711.82	1213.26
712.01	1205.15
712.20	1208.65
712.39	1199.54
712.58	1209.12
712.77	1199.95
712.97	1209.69
713.16	1206.13
713.35	1207.36
713.54	1204.49
713.73	1207.73
713.92	1198.35
714.11	1212.83
714.31	1199.13
714.50	1205.15
714.69	1207.26
714.88	1212.70
715.07	1194.87
715.26	1207.28
715.46	1200.31
715.65	1212.83
715.84	1205.76
716.03	1210.96
716.22	1197.06
716.41	1205.50
716.60	1208.26
716.80	1211.33
716.99	1207.73
717.18	1204.53
717.37	1205.41
717.56	1211.89
717.75	1206.25
717.94	1217.07
718.13	1195.91
718.33	1206.62
718.52	1200.13
718.71	1215.49
718.90	1204.72
719.09	1212.97
719.28	1203.32
719.47	1210.92
719.66	1200.42
719.85	1208.73
720.05	1206.48
720.24	1203.57
720.43	1207.30
720.62	1208.38
720.81	1199.52
721.00	1207.40
721.19	1206.68
721.38	1207.48
721.57	1206.93
721.77	1203.06
721.96	1197.75
722.15	1209.26
722.34	1201.46
722.53	1205.82
722.72	1202.53
722.91	1210.29
723.10	1202.26
723.29	1217.21
723.48	1199.52
723.67	1209.76
723.87	1205.66
724.06	1210.78
724.25	1197.32
724.44	1209.00
724.63	1197.61
724.82	1209.33
725.01	1202.75
725.20	1206.93
725.39	1207.15
725.58	1206.56
725.77	1208.92
725.96	1208.63
726.15	1201.44
726.34	1206.40
726.54	1204.68
726.73	1203.61
726.92	1204.68
727.11	1209.20
727.30	1207.67
727.49	1208.47
727.68	1197.96
727.87	1207.38
728.06	1201.24
728.25	1203.86
728.44	1207.89
728.63	1206.93
728.82	1200.81
729.01	1210.90
729.20	1200.19
729.39	1208.20
729.58	1200.15
729.77	1216.08
729.96	1204.70
730.15	1205.76
730.34	1199.15
730.53	1211.82
730.73	1205.64
730.92	1209.04
731.11	1200.27
731.30	1206.97
731.49	1201.63
731.68	1209.96
731.87	1200.91
732.06	1207.50
732.25	1204.10
732.44	1212.70
732.63	1199.80
732.82	1211.95
733.01	1208.36
733.20	1202.69
733.39	1205.35
733.58	1210.90
733.77	1199.88
733.96	1203.53
734.15	1210.41
734.34	1202.08
734.53	1207.07
734.72	1207.73
734.91	1198.47
735.10	1215.90
735.29	1201.32
735.48	1204.47
735.67	1206.99
735.86	1209.49
736.05	1203.41
736.24	1205.97
736.43	1204.25
736.62	1203.35
736.81	1204.98
737.00	1225.98
737.19	1202.40
737.38	1210.33
737.57	1205.07
737.76	1208.77
737.95	1206.17
738.14	1208.51
738.33	1204.70
738.51	1203.12
738.70	1197.94
738.89	1204.31
739.08	1199.29
739.27	1205.62
739.46	1196.91
739.65	1209.04
739.84	1196.51
740.03	1206.38
740.22	1200.87
740.41	1207.52
740.60	1197.12
740.79	1206.19
740.98	1200.36
741.17	1209.98
741.36	1200.46
741.55	1203.16
741.74	1204.51
741.93	1210.06
742.12	1205.50
742.31	1209.00
742.50	1204.82
742.68	1213.71
742.87	1205.00
743.06	1206.75
743.25	1198.49
743.44	1201.67
743.63	1198.90
743.82	1209.94
744.01	1204.10
744.20	1205.68
744.39	1202.26
744.58	1206.95
744.77	1198.02
744.96	1211.07
745.14	1204.98
745.33	1207.22
745.52	1203.35
745.71	1202.36
745.90	1201.60
746.09	1209.98
746.28	1197.71
746.47	1204.00
746.66	1202.51
746.85	1202.14
747.04	1200.99
747.22	1210.68
747.41	1199.99
747.60	1206.83
747.79	1203.32
747.98	1202.96
748.17	1196.89
748.36	1210.14
748.55	1206.38
748.74	1219.83
748.93	1193.92
749.11	1209.10
749.30	1200.33
749.49	1208.47
749.68	1204.19
749.87	1204.41
750.06	1205.11
750.25	1207.18
750.44	1203.26
750.62	1204.88
750.81	1200.68
751.00	1207.85
751.19	1202.98
751.38	1204.86
751.57	1207.13
751.76	1213.91
751.95	1195.26
752.13	1209.28
752.32	1202.75
752.51	1210.37
752.70	1201.81
752.89	1209.47
753.08	1201.77
753.27	1209.47
753.45	1202.75
753.64	1205.33
753.83	1196.57
754.02	1215.10
754.21	1197.94
754.40	1202.42
754.58	1210.04
754.77	1205.88
754.96	1203.02
755.15	1213.26
755.34	1198.98
755.53	1202.65
755.71	1201.44
755.90	1201.54
756.09	1209.90
756.28	1204.66
756.47	1204.00
756.66	1211.23
756.84	1204.82
757.03	1204.04
757.22	1206.42
757.41	1202.28
757.60	1203.14
757.79	1206.13
757.97	1194.68
758.16	1205.74
758.35	1206.29
758.54	1211.66
758.73	1195.44
758.91	1205.86
759.10	1198.51
759.29	1205.88
759.48	1208.24
759.67	1204.02
759.85	1205.64
760.04	1206.32
760.23	1212.34
760.42	1202.36
760.61	1200.46
760.79	1208.12
760.98	1203.22
761.17	1208.36
761.36	1202.67
761.55	1213.65
761.73	1196.46
761.92	1212.11
762.11	1204.90
762.30	1212.05
762.49	1206.23
762.67	1204.23
762.86	1206.66
763.05	1215.51
763.24	1202.61
763.42	1206.09
763.61	1207.63
763.80	1206.52
763.99	1203.63
764.17	1204.21
764.36	1195.24
764.55	1207.40
764.74	1201.83
764.92	1211.68
765.11	1200.89
765.30	1216.23
765.49	1204.92
765.68	1202.92
765.86	1197.47
766.05	1205.72
766.24	1205.48
766.43	1209.53
766.61	1193.80
766.80	1210.78
766.99	1202.26
767.17	1208.65
767.36	1201.54
767.55	1207.24
767.74	1203.00
767.92	1202.92
768.11	1204.94
768.30	1204.02
768.49	1207.18
768.67	1200.77
768.86	1202.49
769.05	1203.67
769.24	1204.02
769.42	1206.21
769.61	1204.92
769.80	1206.13
769.98	1205.29
770.17	1207.93
770.36	1202.63
770.55	1205.52
770.73	1195.77
770.92	1212.58
771.11	1197.75
771.29	1204.82
771.48	1202.22
771.67	1208.96
771.86	1200.54
772.04	1205.60
772.23	1198.14
772.42	1206.52
772.60	1199.64
772.79	1209.69
772.98	1206.34
773.16	1206.68
773.35	1204.25
773.54	1212.15
773.72	1200.62
773.91	1213.87
774.10	1196.12
774.29	1213.01
774.47	1208.55
774.66	1208.65
774.85	1205.84
775.03	1201.63
775.22	1199.60
775.41	1205.25
775.59	1198.88
775.78	1206.54
775.97	1198.06
776.15	1195.54
776.34	1193.80
776.53	1207.71
776.71	1205.95
776.90	1208.40
777.09	1197.43
777.27	1212.85
777.46	1203.69
777.65	1209.84
777.83	1204.04
778.02	1207.15
778.21	1199.21
778.39	1207.32
778.58	1193.84
778.76	1211.50
778.95	1197.75
779.14	1204.88
779.32	1201.03
779.51	1211.93
779.70	1201.26
779.88	1205.37
780.07	1201.22
780.26	1210.72
780.44	1201.30
780.63	1214.90
780.81	1194.38
781.00	1209.16
781.19	1203.20
781.37	1211.27
781.56	1203.61
781.75	1206.60
781.93	1205.00
782.12	1206.44
782.30	1197.20
782.49	1208.53
782.68	1201.65
782.86	1209.41
783.05	1200.52
783.23	1204.84
783.42	1196.26
783.61	1200.99
783.79	1207.38
783.98	1202.59
784.16	1194.68
784.35	1206.56
784.54	1198.53
784.72	1208.57
784.91	1205.88
785.09	1203.96
785.28	1200.72
785.47	1200.99
785.65	1207.85
785.84	1211.00
786.02	1204.74
786.21	1203.47
786.40	1200.36
786.58	1205.58
786.77	1198.41
786.95	1203.69
787.14	1203.00
787.32	1212.01
787.51	1208.04
787.70	1207.01
787.88	1204.49
788.07	1203.32
788.25	1201.13
788.44	1202.65
788.62	1191.02
788.81	1211.52
789.00	1203.76
789.18	1205.84
789.37	1202.63
789.55	1204.14
789.74	1201.48
789.92	1216.12
790.11	1198.21
790.29	1202.24
790.48	1197.12
790.67	1208.96
790.85	1202.73
791.04	1205.48
791.22	1197.24
791.41	1210.78
791.59	1200.48
791.78	1209.08
791.96	1200.91
792.15	1201.20
792.33	1210.55
792.52	1203.76
792.70	1200.87
792.89	1209.86
793.07	1203.84
793.26	1203.84
793.45	1198.25
793.63	1215.49
793.82	1202.83
794.00	1207.15
794.19	1205.35
794.37	1212.15
794.56	1204.57
794.74	1213.11
794.93	1206.15
795.11	1214.42
795.30	1201.22
795.48	1208.40
795.67	1200.07
795.85	1202.92
796.04	1202.22
796.22	1210.08
796.41	1203.18
796.59	1203.71
796.78	1209.92
796.96	1206.32
797.15	1200.48
797.33	1211.54
797.52	1192.08
797.70	1207.13
797.89	1198.66
798.07	1199.50
798.26	1201.87
798.44	1203.49
798.63	1208.01
798.81	1205.70
798.99	1200.23
799.18	1208.36
799.36	1202.28
799.55	1204.27
799.73	1199.23
799.92	1209.59
800.10	1204.90
800.29	1208.01
800.47	1203.88
800.66	1210.78
800.84	1197.08
801.03	1206.56
801.21	1194.99
801.39	1210.02
801.58	1202.14
801.76	1205.19
801.95	1205.86
802.13	1207.79
802.32	1198.70
802.50	1208.01
802.69	1197.92
802.87	1203.26
803.06	1196.81
803.24	1204.62
803.42	1197.71
803.61	1213.07
803.79	1196.34
803.98	1216.37
804.16	1201.17
804.35	1210.19
804.53	1206.38
804.71	1210.19
804.90	1205.25
805.08	1207.85
805.27	1196.87
805.45	1207.46
805.63	1196.30
805.82	1206.48
806.00	1203.55
806.19	1196.67
806.37	1196.22
806.56	1214.59
806.74	1206.68
806.92	1206.17
807.11	1201.89
807.29	1203.65
807.48	1195.05
807.66	1212.75
807.84	1198.27
808.03	1204.21
808.21	1199.97
808.40	1204.47
808.58	1207.67
808.76	1210.10
808.95	1203.22
809.13	1208.71
809.32	1198.88
809.50	1212.56
809.68	1205.00
809.87	1202.83
810.05	1199.15
810.23	1204.33
810.42	1207.93
810.60	1206.85
810.79	1196.69
810.97	1203.67
811.15	1196.89
811.34	1206.44
811.52	1207.18
811.70	1211.56
811.89	1198.80
812.07	1209.51
812.25	1194.35
812.44	1205.27
812.62	1202.83
812.81	1201.75
812.99	1198.82
813.17	1212.99
813.36	1207.01
813.54	1208.49
813.72	1193.66
813.91	1206.54
814.09	1201.83
814.27	1206.23
814.46	1201.22
814.64	1211.09
814.82	1196.69
815.01	1203.16
815.19	1202.79
815.37	1208.04
815.56	1209.20
815.74	1208.67
815.92	1201.79
816.11	1213.07
816.29	1203.98
816.47	1202.55
816.66	1210.04
816.84	1205.43
817.02	1202.22
817.21	1217.44
817.39	1198.80
817.57	1204.74
817.76	1204.64
817.94	1210.02
818.12	1205.41
818.30	1204.21
818.49	1207.81
818.67	1199.37
818.85	1202.34
819.04	1212.15
819.22	1203.10
819.40	1210.23
819.59	1200.93
819.77	1205.99
819.95	1196.08
820.13	1212.56
820.32	1202.55
820.50	1193.80
820.68	1203.45
820.87	1212.34
821.05	1193.37
821.23	1199.09
821.41	1198.25
821.60	1200.25
821.78	1193.29
821.96	1203.86
822.14	1204.49
822.33	1200.87
822.51	1207.75
822.69	1207.44
822.88	1198.68
823.06	1207.13
823.24	1198.78
823.42	1206.17
823.61	1205.07
823.79	1214.42
823.97	1197.78
824.15	1206.60
824.34	1201.09
824.52	1211.41
824.70	1199.99
824.88	1207.09
825.07	1198.14
825.25	1210.08
825.43	1202.71
825.61	1202.85
825.80	1203.30
825.98	1213.77
826.16	1203.73
826.34	1206.99
826.53	1202.75
826.71	1207.69
826.89	1204.92
827.07	1207.11
827.25	1207.03
827.44	1207.26
827.62	1201.07
827.80	1210.90
827.98	1192.12
828.17	1204.66
828.35	1197.96
828.53	1208.49
828.71	1202.46
828.89	1211.64
829.08	1202.06
829.26	1213.38
829.44	1200.05
829.62	1207.52
829.80	1199.78
829.99	1204.64
830.17	1197.22
830.35	1207.52
830.53	1196.57
830.71	1205.11
830.90	1200.54
831.08	1205.66
831.26	1200.91
831.44	1210.68
831.62	1199.23
831.81	1212.91
831.99	1203.59
832.17	1214.67
832.35	1202.10
832.53	1208.79
832.71	1201.79
832.90	1208.08
833.08	1203.28
833.26	1205.58
833.44	1195.09
833.62	1208.08
833.81	1199.90
833.99	1196.65
834.17	1203.45
834.35	1210.19
834.53	1197.51
834.71	1208.94
834.89	1201.36
835.08	1213.18
835.26	1200.33
835.44	1212.70
835.62	1198.82
835.80	1197.96
835.98	1208.87
836.17	1213.67
836.35	1201.30
836.53	1204.94
836.71	1200.83
836.89	1215.24
837.07	1205.19
837.25	1215.37
837.44	1198.86
837.62	1204.96
837.80	1199.21
837.98	1209.06
838.16	1206.25
838.34	1210.43
838.52	1195.60
838.70	1207.05
838.89	1203.96
839.07	1209.04
839.25	1200.60
839.43	1207.73
839.61	1202.59
839.79	1208.42
839.97	1209.88
840.15	1208.16
840.33	1203.94
840.52	1213.16
840.70	1204.76
840.88	1207.67
841.06	1202.38
841.24	1202.14
841.42	1203.53
841.60	1207.65
841.78	1206.64
841.96	1205.58
842.14	1207.99
842.33	1207.54
842.51	1206.77
842.69	1208.92
842.87	1200.52
843.05	1208.73
843.23	1191.94
843.41	1209.65
843.59	1200.85
843.77	1203.73
843.95	1196.16
844.13	1211.31
844.31	1202.20
844.49	1208.47
844.68	1201.11
844.86	1205.84
845.04	1206.29
845.22	1208.36
845.40	1203.24
845.58	1211.68
845.76	1199.11
845.94	1200.31
846.12	1192.27
846.30	1207.15
846.48	1202.36
846.66	1208.67
846.84	1199.82
847.02	1207.54
847.20	1202.36
847.38	1207.46
847.56	1202.26
847.74	1207.18
847.92	1203.43
848.11	1207.54
848.29	1208.83
848.47	1203.96
848.65	1199.54
848.83	1215.22
849.01	1197.32
849.19	1212.17
849.37	1200.05
849.55	1211.09
849.73	1196.38
849.91	1210.41
850.09	1205.45
850.27	1200.46
850.45	1206.54
850.63	1205.52
850.81	1200.99
850.99	1209.84
851.17	1203.61
851.35	1200.27
851.53	1200.11
851.71	1204.39
851.89	1200.85
852.07	1210.29
852.25	1208.10
852.43	1204.94
852.61	1203.32
852.79	1205.41
852.97	1196.26
853.15	1202.57
853.33	1201.81
853.51	1207.15
853.69	1202.03
853.87	1200.79
854.05	1201.77
854.23	1207.20
854.41	1206.48
854.59	1202.49
854.77	1201.97
854.95	1209.45
855.13	1199.90
855.31	1206.89
855.49	1201.83
855.67	1205.84
855.84	1199.62
856.02	1208.06
856.20	1198.82
856.38	1205.43
856.56	1205.27
856.74	1204.10
856.92	1188.44
857.10	1208.42
857.28	1197.63
857.46	1206.89
857.64	1198.16
857.82	1206.60
858.00	1203.20
858.18	1207.30
858.36	1203.10
858.54	1210.55
858.72	1203.47
858.90	1202.98
859.08	1204.72
859.25	1206.44
859.43	1203.86
859.61	1201.93
859.79	1203.24
859.97	1211.39
860.15	1202.51
860.33	1206.36
860.51	1203.30
860.69	1208.24
860.87	1204.55
861.05	1209.71
861.23	1200.66
861.41	1204.82
861.58	1198.82
861.76	1208.75
861.94	1203.71
862.12	1202.42
862.30	1208.16
862.48	1206.81
862.66	1202.26
862.84	1210.31
863.02	1203.59
863.20	1206.36
863.37	1198.18
863.55	1214.63
863.73	1202.61
863.91	1210.68
864.09	1202.83
864.27	1213.93
864.45	1202.61
864.63	1204.78
864.80	1204.47
864.98	1204.82
865.16	1203.18
865.34	1204.39
865.52	1203.94
865.70	1206.91
865.88	1196.55
866.06	1214.49
866.23	1200.95
866.41	1204.64
866.59	1192.43
866.77	1207.42
866.95	1201.99
867.13	1207.50
867.31	1202.75
867.48	1210.06
867.66	1203.84
867.84	1201.40
868.02	1198.53
868.20	1209.69
868.38	1198.72
868.56	1207.58
868.73	1203.00
868.91	1205.68
869.09	1202.61
869.27	1206.56
869.45	1203.35
869.63	1206.21
869.80	1205.50
869.98	1204.55
870.16	1203.35
870.34	1210.86
870.52	1202.22
870.70	1200.19
870.87	1195.15
871.05	1207.71
871.23	1198.76
871.41	1200.72
871.59	1199.07
871.76	1203.65
871.94	1199.64
872.12	1207.65
872.30	1203.24
872.48	1209.22
872.65	1199.09
872.83	1208.20
873.01	1206.72
873.19	1206.62
873.37	1201.89
873.54	1215.74
873.72	1194.83
873.90	1204.96
874.08	1203.06
874.26	1209.39
874.43	1206.91
874.61	1211.07
874.79	1200.23
874.97	1199.39
875.15	1203.41
875.32	1206.07
875.50	1204.33
875.68	1207.61
875.86	1204.06
876.03	1204.41
876.21	1194.52
876.39	1213.48
876.57	1201.99
876.74	1205.93
876.92	1202.40
877.10	1207.65
877.28	1199.13
877.45	1207.01
877.63	1201.52
877.81	1206.21
877.99	1197.49
878.17	1203.98
878.34	1203.90
878.52	1207.32
878.70	1201.60
878.87	1206.36
879.05	1195.40
879.23	1212.54
879.41	1204.92
879.58	1210.43
879.76	1199.02
879.94	1203.69
880.12	1201.99
880.29	1206.17
880.47	1204.00
880.65	1212.70
880.83	1200.46
881.00	1205.68
881.18	1203.78
881.36	1208.40
881.53	1199.95
881.71	1203.82
881.89	1202.36
882.07	1209.08
882.24	1202.36
882.42	1206.54
882.60	1198.23
882.77	1204.68
882.95	1197.80
883.13	1204.94
883.30	1199.15
883.48	1206.34
883.66	1199.45
883.84	1205.37
884.01	1202.87
884.19	1201.75
884.37	1198.94
884.54	1209.20
884.72	1197.84
884.90	1207.24
885.07	1204.66
885.25	1211.78
885.43	1203.32
885.60	1199.47
885.78	1209.67
885.96	1212.83
886.13	1198.72
886.31	1213.32
886.49	1200.21
886.66	1212.95
886.84	1201.24
887.02	1214.69
887.19	1197.82
887.37	1202.96
887.55	1199.56
887.72	1207.22
887.90	1199.86
888.08	1204.21
888.25	1192.86
888.43	1207.28
888.61	1193.62
888.78	1208.22
888.96	1199.76
889.14	1208.04
889.31	1202.16
889.49	1210.35
889.67	1197.28
889.84	1199.17
890.02	1194.40
890.19	1203.39
890.37	1206.50
890.55	1208.32
890.72	1201.91
890.90	1202.83
891.08	1195.71
891.25	1203.57
891.43	1202.94
891.60	1199.97
891.78	1204.80
891.96	1204.70
892.13	1201.81
892.31	1197.49
892.48	1199.19
892.66	1209.02
892.84	1205.68
893.01	1205.39
893.19	1202.89
893.36	1210.94
893.54	1207.11
893.72	1208.49
893.89	1200.42
894.07	1209.53
894.24	1208.79
894.42	1222.62
894.60	1205.86
894.77	1207.46
894.95	1203.30
895.12	1205.48
895.30	1207.15
895.48	1206.09
895.65	1205.60
895.83	1207.50
896.00	1195.87
896.18	1210.62
896.35	1202.67
896.53	1203.43
896.71	1199.93
896.88	1208.90
897.06	1207.83
897.23	1208.81
897.41	1206.40
897.58	1204.62
897.76	1209.12
897.93	1206.85
898.11	1199.07
898.29	1205.07
898.46	1200.48
898.64	1212.03
898.81	1202.57
898.99	1210.94
899.16	1206.99
899.34	1210.29
899.51	1205.95
899.69	1206.13
899.86	1197.45
900.04	1207.03
900.21	1206.17
900.39	1201.38
900.57	1201.13
900.74	1206.79
900.92	1196.22
901.09	1208.42
901.27	1202.71
901.44	1206.89
901.62	1202.61
901.79	1210.82
901.97	1201.89
902.14	1205.88
902.32	1204.47
902.49	1202.44
902.67	1190.24
902.84	1212.36
903.02	1198.41
903.19	1200.97
903.37	1199.17
903.54	1211.13
903.72	1202.40
903.89	1204.55
904.07	1198.76
904.24	1210.60
904.42	1206.87
904.59	1208.98
904.77	1203.59
904.94	1212.13
905.12	1199.25
905.29	1209.31
905.47	1201.26
905.64	1207.75
905.82	1203.55
905.99	1204.06
906.16	1201.83
906.34	1206.11
906.51	1204.96
906.69	1207.99
906.86	1199.82
907.04	1204.06
907.21	1202.14
907.39	1212.03
907.56	1198.41
907.74	1212.93
907.91	1200.42
908.09	1208.10
908.26	1200.68
908.43	1206.09
908.61	1198.59
908.78	1205.02
908.96	1199.33
909.13	1205.23
909.31	1198.02
909.48	1206.03
909.65	1205.09
909.83	1206.19
910.00	1210.04
910.18	1203.22
910.35	1200.56
910.53	1213.56
910.70	1197.12
910.87	1204.57
911.05	1197.20
911.22	1199.25
911.40	1202.42
911.57	1210.45
911.75	1200.70
911.92	1204.64
912.09	1199.07
912.27	1206.79
912.44	1201.36
912.62	1207.75
912.79	1200.62
912.96	1210.02
913.14	1198.74
913.31	1207.09
913.49	1202.59
913.66	1206.27
913.83	1201.99
914.01	1207.77
914.18	1205.99
914.36	1204.98
914.53	1200.50
914.70	1204.51
914.88	1210.10
915.05	1217.46
915.22	1201.54
915.40	1203.96
915.57	1206.58
915.75	1205.66
915.92	1205.74
916.09	1204.19
916.27	1205.50
916.44	1204.45
916.61	1199.76
916.79	1208.32
916.96	1202.73
917.13	1202.18
917.31	1201.13
917.48	1212.75
917.66	1200.95
917.83	1210.96
918.00	1205.33
918.18	1201.60
918.35	1208.98
918.52	1215.45
918.70	1200.87
918.87	1213.56
919.04	1203.47
919.22	1208.57
919.39	1199.72
919.56	1210.88
919.74	1196.57
919.91	1209.43
920.08	1202.63
920.26	1201.56
920.43	1202.73
920.60	1211.15
920.78	1200.50
920.95	1202.94
921.12	1208.40
921.29	1206.29
921.47	1199.13
921.64	1206.32
921.81	1199.56
921.99	1210.90
922.16	1197.53
922.33	1209.10
922.51	1202.55
922.68	1208.90
922.85	1200.19
923.03	1208.16
923.20	1203.69
923.37	1203.45
923.54	1208.20
923.72	1208.65
923.89	1194.56
924.06	1211.23
924.24	1200.50
924.41	1206.64
924.58	1206.44
924.75	1201.89
924.93	1205.27
925.10	1208.24
925.27	1190.57
925.44	1213.71
925.62	1205.82
925.79	1202.73
925.96	1201.15
926.14	1202.49
926.31	1210.98
926.48	1203.22
926.65	1216.15
926.83	1206.68
927.00	1201.95
927.17	1208.38
927.34	1198.18
927.52	1204.19
927.69	1201.32
927.86	1205.45
928.03	1197.28
928.21	1213.32
928.38	1194.60
928.55	1207.81
928.72	1200.05
928.89	1212.07
929.07	1197.22
929.24	1210.10
929.41	1197.24
929.58	1209.98
929.76	1206.70
929.93	1206.62
930.10	1201.73
930.27	1202.67
930.44	1207.87
930.62	1205.78
930.79	1199.56
930.96	1210.53
931.13	1195.03
931.31	1210.06
931.48	1197.75
931.65	1207.89
931.82	1201.75
931.99	1205.35
932.17	1200.72
932.34	1198.74
932.51	1197.86
932.68	1211.43
932.85	1204.94
933.03	1207.44
933.20	1200.66
933.37	1205.11
933.54	1196.48
933.71	1201.69
933.88	1203.86
934.06	1214.71
934.23	1200.50
934.40	1208.57
934.57	1200.15
934.74	1214.73
934.91	1199.27
935.09	1206.54
935.26	1203.88
935.43	1205.39
935.60	1202.59
935.77	1216.04
935.94	1198.72
936.12	1202.96
936.29	1204.04
936.46	1205.58
936.63	1196.63
936.80	1203.28
936.97	1188.91
937.14	1211.19
937.32	1197.71
937.49	1211.58
937.66	1198.35
937.83	1203.32
938.00	1197.84
938.17	1204.59
938.34	1202.03
938.52	1207.05
938.69	1204.45
938.86	1206.25
939.03	1205.37
939.20	1210.60
939.37	1197.02
939.54	1204.98
939.71	1207.93
939.89	1213.26
940.06	1203.59
940.23	1206.29
940.40	1208.77
940.57	1212.58
940.74	1202.75
940.91	1203.43
941.08	1207.61
941.25	1206.42
941.43	1206.66
941.60	1204.33
941.77	1204.88
941.94	1207.91
942.11	1200.60
942.28	1202.22
942.45	1203.76
942.62	1206.81
942.79	1203.22
942.96	1210.90
943.13	1204.82
943.30	1206.81
943.48	1199.25
943.65	1208.92
943.82	1194.54
943.99	1207.71
944.16	1201.20
944.33	1200.87
944.50	1201.20
944.67	1200.44
944.84	1199.82
945.01	1207.93
945.18	1201.34
945.35	1203.59
945.52	1203.04
945.69	1207.73
945.86	1203.98
946.03	1204.37
946.21	1199.68
946.38	1204.00
946.55	1203.26
946.72	1210.60
946.89	1199.25
947.06	1205.33
947.23	1209.16
947.40	1208.83
947.57	1203.67
947.74	1204.45
947.91	1197.96
948.08	1206.44
948.25	1208.67
948.42	1205.41
948.59	1204.94
948.76	1212.17
948.93	1200.05
949.10	1206.77
949.27	1208.40
949.44	1209.90
949.61	1195.58
949.78	1200.42
949.95	1206.50
950.12	1210.66
950.29	1199.23
950.46	1204.57
950.63	1203.84
950.80	1207.50
950.97	1195.52
951.14	1205.62
951.31	1199.11
951.48	1209.84
951.65	1200.95
951.82	1201.07
951.99	1201.42
952.16	1211.87
952.33	1198.37
952.50	1210.96
952.67	1203.28
952.84	1201.83
953.01	1198.12
953.18	1209.67
953.35	1205.41
953.52	1201.67
953.69	1201.32
953.86	1209.33
954.03	1199.33
954.20	1202.10
954.37	1209.33
954.54	1206.58
954.70	1204.59
954.87	1206.93
955.04	1204.31
955.21	1203.71
955.38	1196.75
955.55	1205.27
955.72	1205.88
955.89	1209.20
956.06	1204.31
956.23	1208.08
956.40	1205.60
956.57	1208.06
956.74	1200.44
956.91	1209.98
957.08	1199.54
957.25	1214.83
957.41	1204.12
957.58	1210.04
957.75	1199.52
957.92	1198.92
958.09	1205.05
958.26	1203.43
958.43	1202.96
958.60	1208.87
958.77	1204.19
958.94	1206.50
959.11	1204.57
959.27	1205.50
959.44	1200.77
959.61	1206.17
959.78	1200.15
959.95	1209.12
960.12	1195.79
960.29	1214.98
960.46	1197.49
960.63	1208.96
960.80	1198.78
960.96	1216.58
961.13	1198.80
961.30	1209.08
961.47	1194.64
961.64	1203.22
961.81	1198.74
961.98	1207.28
962.15	1205.13
962.31	1213.73
962.48	1199.35
962.65	1212.46
962.82	1202.63
962.99	1210.33
963.16	1206.25
963.33	1207.75
963.49	1196.59
963.66	1206.64
963.83	1199.80
964.00	1204.45
964.17	1190.79
964.34	1208.10
964.51	1202.06
964.67	1209.20
964.84	1199.29
965.01	1226.55
965.18	1199.54
965.35	1214.20
965.52	1200.09
965.68	1206.05
965.85	1198.61
966.02	1209.28
966.19	1199.93
966.36	1210.55
966.52	1201.81
966.69	1209.18
966.86	1198.18
967.03	1209.31
967.20	1202.69
967.37	1206.70
967.53	1205.45
967.70	1207.67
967.87	1199.25
968.04	1206.99
968.21	1195.22
968.37	1212.03
968.54	1203.57
968.71	1208.28
968.88	1201.65
969.05	1204.90
969.21	1202.18
969.38	1204.94
969.55	1200.03
969.72	1203.10
969.89	1199.64
970.05	1207.93
970.22	1195.79
970.39	1205.48
970.56	1204.51
970.72	1205.62
970.89	1203.96
971.06	1213.42
971.23	1194.62
971.39	1208.79
971.56	1208.16
971.73	1204.98
971.90	1195.44
972.07	1206.91
972.23	1199.04
972.40	1209.24
972.57	1206.46
972.74	1204.66
972.90	1200.66
973.07	1209.08
973.24	1204.68
973.40	1198.74
973.57	1199.72
973.74	1206.93
973.91	1203.55
974.07	1207.69
974.24	1202.53
974.41	1209.47
974.58	1198.92
974.74	1207.11
974.91	1205.05
975.08	1204.68
975.25	1200.77
975.41	1210.27
975.58	1191.06
975.75	1204.37
975.91	1195.67
976.08	1206.01
976.25	1199.70
976.42	1205.74
976.58	1200.07
976.75	1208.67
976.92	1203.41
977.08	1204.94
977.25	1203.06
977.42	1205.60
977.58	1189.44
977.75	1207.67
977.92	1200.91
978.08	1205.93
978.25	1206.23
978.42	1206.03
978.59	1204.92
978.75	1206.77
978.92	1210.78
979.09	1210.25
979.25	1205.33
979.42	1208.06
979.59	1198.10
979.75	1199.39
979.92	1203.08
980.09	1204.59
980.25	1201.77
980.42	1212.17
980.59	1199.27
980.75	1205.07
980.92	1203.28
981.09	1200.95
981.25	1200.36
981.42	1209.28
981.59	1206.83
981.75	1209.86
981.92	1199.27
982.08	1204.12
982.25	1200.62
982.42	1204.78
982.58	1202.40
982.75	1211.17
982.92	1206.77
983.08	1208.12
983.25	1202.20
983.42	1200.95
983.58	1199.70
983.75	1205.23
983.91	1200.95
984.08	1206.01
984.25	1205.76
984.41	1211.60
984.58	1202.53
984.74	1206.79
984.91	1196.79
985.08	1205.05
985.24	1198.23
985.41	1207.03
985.57	1197.80
985.74	1208.85
985.91	1203.86
986.07	1208.01
986.24	1200.03
986.40	1205.60
986.57	1198.06
986.74	1204.82
986.90	1197.04
987.07	1207.01
987.23	1203.45
987.40	1204.04
987.57	1202.53
987.73	1208.65
987.90	1199.62
988.06	1212.68
988.23	1201.79
988.39	1206.99
988.56	1199.39
988.73	1208.69
988.89	1199.00
989.06	1207.63
989.22	1207.13
989.39	1206.32
989.55	1204.78
989.72	1201.22
989.88	1203.20
990.05	1210.90
990.22	1202.36
990.38	1203.94
990.55	1191.88
990.71	1205.07
990.88	1204.19
991.04	1208.08
991.21	1201.07
991.37	1209.90
991.54	1197.71
991.70	1203.30
991.87	1200.25
992.03	1206.64
992.20	1203.84
992.36	1204.31
992.53	1193.74
992.69	1205.05
992.86	1200.77
993.03	1204.59
993.19	1211.80
993.36	1218.09
993.52	1206.21
993.69	1210.98
993.85	1205.02
994.02	1204.33
994.18	1201.20
994.35	1202.38
994.51	1205.37
994.68	1207.28
994.84	1203.43
995.01	1205.52
995.17	1198.16
995.34	1207.11
995.50	1201.03
995.66	1215.10
995.83	1205.45
995.99	1200.52
996.16	1202.46
996.32	1209.90
996.49	1194.03
996.65	1197.80
996.82	1199.23
996.98	1204.70
997.15	1202.38
997.31	1206.36
997.48	1195.50
997.64	1205.80
997.81	1206.11
997.97	1209.82
998.13	1201.58
998.30	1208.71
998.46	1203.28
998.63	1209.31
998.79	1199.70
998.96	1210.60
999.12	1194.13
999.29	1206.87
999.45	1202.46
999.61	1210.35
999.78	1195.15
999.94	1209.37
1000.11	1201.73
1000.27	1208.96
1000.44	1205.68
1000.60	1207.97
1000.76	1197.80
1000.93	1203.65
1001.09	1200.23
1001.26	1210.39
1001.42	1203.76
1001.59	1205.70
1001.75	1194.89
1001.91	1204.74
1002.08	1207.24
1002.24	1202.81
1002.41	1201.03
1002.57	1211.74
1002.73	1207.46
1002.90	1197.61
1003.06	1202.46
1003.23	1206.81
1003.39	1204.19
1003.55	1212.44
1003.72	1202.73
1003.88	1210.72
1004.04	1201.95
1004.21	1205.19
1004.37	1197.06
1004.54	1208.75
1004.70	1194.81
1004.86	1214.26
1005.03	1203.18
1005.19	1208.90
1005.35	1209.65
1005.52	1208.61
1005.68	1200.07
1005.85	1206.81
1006.01	1200.09
1006.17	1203.92
1006.34	1200.64
1006.50	1209.55
1006.66	1200.44
1006.83	1210.98
1006.99	1197.73
1007.15	1207.52
1007.32	1200.99
1007.48	1211.35
1007.64	1201.89
1007.81	1214.92
1007.97	1201.01
1008.13	1211.09
1008.30	1201.24
1008.46	1202.26
1008.62	1203.65
1008.79	1210.49
1008.95	1199.02
1009.11	1208.36
1009.28	1199.11
1009.44	1209.45
1009.60	1201.01
1009.77	1215.88
1009.93	1196.75
1010.09	1201.13
1010.25	1198.35
1010.42	1204.82
1010.58	1200.81
1010.74	1202.61
1010.91	1197.10
1011.07	1211.03
1011.23	1198.78
1011.40	1212.38
1011.56	1200.81
1011.72	1211.03
1011.88	1204.51
1012.05	1206.68
1012.21	1207.65
1012.37	1209.53
1012.54	1202.53
1012.70	1195.97
1012.86	1199.27
1013.02	1214.65
1013.19	1205.05
1013.35	1205.78
1013.51	1203.82
1013.67	1205.95
1013.84	1202.22
1014.00	1211.52
1014.16	1203.57
1014.33	1201.42
1014.49	1203.92
1014.65	1208.38
1014.81	1201.30
1014.98	1205.37
1015.14	1201.58
1015.30	1209.16
1015.46	1205.41
1015.62	1208.59
1015.79	1205.48
1015.95	1206.23
1016.11	1199.80
1016.27	1207.77
1016.44	1195.54
1016.60	1207.77
1016.76	1204.82
1016.92	1202.36
1017.09	1196.96
1017.25	1211.05
1017.41	1197.06
1017.57	1208.92
1017.73	1202.10
1017.90	1208.08
1018.06	1204.82
1018.22	1198.08
1018.38	1197.82
1018.54	1210.39
1018.71	1202.61
1018.87	1209.39
1019.03	1204.16
1019.19	1207.85
1019.35	1202.30
1019.52	1209.82
1019.68	1204.62
1019.84	1206.03
1020.00	1204.62
1020.16	1210.17
1020.33	1198.68
1020.49	1203.02
1020.65	1199.00
1020.81	1206.64
1020.97	1205.58
1021.13	1203.22
1021.30	1197.00
1021.46	1210.45
1021.62	1204.96
1021.78	1214.63
1021.94	1203.26
1022.10	1218.07
1022.27	1194.21
1022.43	1207.01
1022.59	1197.41
1022.75	1212.03
1022.91	1204.86
1023.07	1205.86
1023.24	1198.10
1023.40	1209.82
1023.56	1207.50
1023.72	1205.33
1023.88	1201.30
1024.04	1205.27
1024.20	1213.30
1024.36	1206.52
1024.53	1207.54
1024.69	1201.79
1024.85	1207.24
1025.01	1215.84
1025.17	1212.27
1025.33	1210.12
1025.49	1203.02
1025.65	1210.86
1025.82	1196.71
1025.98	1209.41
1026.14	1197.00
1026.30	1206.99
1026.46	1206.87
1026.62	1206.79
1026.78	1199.29
1026.94	1209.12
1027.10	1199.02
1027.26	1215.39
1027.43	1207.13
1027.59	1199.52
1027.75	1199.21
1027.91	1207.56
1028.07	1200.09
1028.23	1206.83
1028.39	1205.07
1028.55	1217.31
1028.71	1203.37
1028.87	1213.89
1029.03	1206.79
1029.19	1206.87
1029.36	1200.52
1029.52	1202.55
1029.68	1197.75
1029.84	1203.22
1030.00	1208.47
1030.16	1206.62
1030.32	1205.15
1030.48	1204.43
1030.64	1200.77
1030.80	1212.13
1030.96	1200.23
1031.12	1208.30
1031.28	1196.63
1031.44	1199.27
1031.60	1199.25
1031.76	1204.43
1031.92	1195.65
1032.08	1220.04
1032.24	1207.61
1032.40	1213.54
1032.56	1199.07
1032.73	1207.07
1032.89	1200.23
1033.05	1212.83
1033.21	1202.44
1033.37	1206.19
1033.53	1198.02
1033.69	1204.08
1033.85	1204.14
1034.01	1206.50
1034.17	1199.50
1034.33	1212.05
1034.49	1194.17
1034.65	1203.32
1034.81	1200.23
1034.97	1205.00
1035.13	1201.28
1035.29	1196.32
1035.45	1208.71
1035.61	1211.15
1035.77	1204.23
1035.93	1206.91
1036.09	1200.52
1036.25	1202.92
1036.41	1195.54
1036.57	1199.78
1036.73	1191.96
1036.88	1212.25
1037.04	1204.14
