345.52	1189.87
345.73	1189.87
345.94	1189.87
346.16	1181.99
346.37	1191.92
346.58	1193.37
346.79	1195.40
347.00	1186.94
347.22	1201.30
347.43	1186.06
347.64	1194.27
347.85	1187.99
348.06	1204.51
348.28	1195.85
348.49	1192.47
348.70	1196.24
348.91	1198.45
349.12	1189.83
349.34	1197.88
349.55	1193.99
349.76	1195.44
349.97	1191.34
350.18	1196.55
350.40	1189.32
350.61	1198.18
350.82	1190.36
351.03	1199.62
351.24	1193.27
351.46	1203.53
351.67	1195.65
351.88	1203.65
352.09	1190.05
352.30	1198.92
352.51	1191.02
352.73	1198.16
352.94	1193.88
353.15	1195.95
353.36	1188.68
353.57	1194.21
353.79	1191.53
354.00	1200.70
354.21	1194.13
354.42	1204.21
354.63	1195.95
354.84	1197.08
355.06	1199.82
355.27	1201.77
355.48	1190.01
355.69	1203.59
355.90	1195.26
356.11	1209.22
356.33	1190.61
356.54	1214.92
356.75	1193.76
356.96	1204.10
357.17	1192.14
357.38	1196.94
357.60	1192.18
357.81	1198.31
358.02	1195.01
358.23	1197.28
358.44	1193.41
358.65	1200.81
358.87	1199.58
359.08	1200.09
359.29	1195.11
359.50	1200.03
359.71	1198.10
359.92	1203.61
360.13	1191.92
360.35	1208.32
360.56	1197.04
360.77	1201.36
360.98	1196.18
361.19	1202.03
361.40	1189.28
361.62	1201.89
361.83	1193.35
362.04	1199.82
362.25	1193.78
362.46	1202.32
362.67	1196.57
362.88	1200.36
363.10	1203.12
363.31	1195.34
363.52	1194.11
363.73	1198.96
363.94	1192.49
364.15	1208.04
364.36	1188.44
364.57	1198.00
364.79	1200.40
365.00	1199.84
365.21	1192.00
365.42	1198.59
365.63	1198.00
365.84	1198.49
366.05	1190.65
366.27	1195.81
366.48	1192.02
366.69	1201.50
366.90	1198.64
367.11	1200.93
367.32	1197.18
367.53	1201.07
367.74	1192.66
367.95	1207.89
368.17	1198.82
368.38	1196.96
368.59	1195.26
368.80	1199.31
369.01	1194.38
369.22	1202.73
369.43	1190.30
369.64	1199.62
369.86	1195.46
370.07	1196.32
370.28	1194.27
370.49	1198.33
370.70	1196.83
370.91	1207.32
371.12	1192.86
371.33	1199.07
371.54	1192.02
371.76	1209.92
371.97	1196.57
372.18	1200.36
372.39	1194.62
372.60	1202.34
372.81	1195.99
373.02	1194.91
373.23	1194.99
373.44	1199.29
373.65	1193.60
373.87	1199.88
374.08	1193.23
374.29	1202.18
374.50	1193.39
374.71	1199.11
374.92	1197.34
375.13	1197.55
375.34	1201.73
375.55	1203.18
375.76	1195.93
375.97	1201.13
376.19	1200.09
376.40	1205.41
376.61	1192.80
376.82	1209.53
377.03	1190.46
377.24	1202.55
377.45	1198.82
377.66	1200.46
377.87	1199.11
378.08	1212.17
378.29	1206.34
378.50	1206.23
378.71	1196.87
378.93	1200.79
379.14	1197.73
379.35	1198.27
379.56	1198.55
379.77	1206.29
379.98	1192.84
380.19	1206.44
380.40	1198.66
380.61	1201.07
380.82	1196.59
381.03	1206.05
381.24	1188.33
381.45	1200.44
381.66	1185.71
381.88	1206.54
382.09	1202.71
382.30	1202.10
382.51	1205.43
382.72	1196.73
382.93	1194.64
383.14	1196.26
383.35	1209.94
383.56	1197.75
383.77	1194.93
383.98	1201.20
384.19	1197.73
384.40	1198.78
384.61	1195.50
384.82	1203.63
385.03	1193.82
385.24	1202.46
385.45	1197.32
385.67	1206.01
385.88	1197.98
386.09	1202.69
386.30	1195.91
386.51	1203.86
386.72	1196.94
386.93	1202.03
387.14	1195.58
387.35	1202.81
387.56	1193.17
387.77	1203.86
387.98	1195.83
388.19	1200.01
388.40	1197.94
388.61	1205.15
388.82	1190.55
389.03	1202.20
389.24	1200.89
389.45	1206.52
389.66	1192.39
389.87	1200.03
390.08	1204.37
390.29	1200.05
390.50	1199.68
390.71	1203.86
390.92	1197.98
391.13	1201.56
391.34	1192.20
391.55	1201.03
391.76	1196.34
391.98	1195.09
392.19	1197.53
392.40	1207.15
392.61	1197.57
392.82	1208.34
393.03	1197.12
393.24	1199.50
393.45	1197.39
393.66	1199.35
393.87	1205.50
394.08	1200.68
394.29	1194.68
394.50	1200.81
394.71	1196.63
394.92	1204.72
395.13	1192.12
395.34	1202.98
395.55	1193.37
395.76	1203.63
395.97	1199.68
396.18	1203.53
396.39	1199.99
396.60	1206.54
396.81	1200.01
397.02	1203.10
397.23	1202.06
397.44	1201.01
397.65	1198.23
397.86	1202.46
398.07	1193.99
398.28	1205.19
398.49	1193.90
398.70	1207.87
398.91	1192.78
399.12	1214.77
399.33	1193.54
399.54	1206.21
399.75	1198.66
399.96	1202.71
400.17	1200.31
400.38	1202.89
400.59	1192.55
400.80	1203.49
401.01	1195.89
401.22	1199.86
401.42	1195.34
401.63	1201.46
401.84	1198.53
402.05	1198.18
402.26	1194.91
402.47	1210.33
402.68	1194.58
402.89	1195.65
403.10	1195.54
403.31	1201.09
403.52	1198.23
403.73	1209.61
403.94	1192.59
404.15	1203.82
404.36	1197.18
404.57	1209.86
404.78	1189.07
404.99	1198.92
405.20	1196.57
405.41	1208.30
405.62	1193.60
405.83	1208.30
406.04	1196.32
406.25	1204.94
406.46	1195.19
406.67	1202.71
406.88	1202.12
407.09	1202.59
407.30	1200.05
407.50	1197.45
407.71	1205.33
407.92	1201.60
408.13	1199.54
408.34	1203.18
408.55	1199.95
408.76	1202.98
408.97	1202.98
409.18	1201.87
409.39	1200.44
409.60	1203.84
409.81	1194.72
410.02	1198.45
410.23	1196.26
410.44	1202.36
410.65	1202.32
410.86	1196.77
411.07	1201.81
411.27	1205.97
411.48	1195.65
411.69	1204.31
411.90	1190.67
412.11	1203.59
412.32	1193.99
412.53	1199.78
412.74	1193.78
412.95	1205.78
413.16	1194.48
413.37	1202.14
413.58	1193.58
413.79	1199.64
414.00	1192.63
414.20	1198.66
414.41	1199.09
414.62	1203.76
414.83	1196.44
415.04	1200.17
415.25	1200.62
415.46	1194.44
415.67	1200.52
415.88	1205.56
416.09	1199.72
416.30	1207.22
416.51	1197.86
416.71	1197.96
416.92	1193.04
417.13	1207.24
417.34	1200.52
417.55	1201.48
417.76	1199.86
417.97	1202.71
418.18	1190.26
418.39	1196.36
418.60	1197.34
418.81	1200.74
419.01	1200.79
419.22	1206.93
419.43	1197.28
419.64	1203.06
419.85	1198.14
420.06	1206.95
420.27	1197.41
420.48	1200.62
420.69	1194.05
420.90	1204.47
421.10	1191.65
421.31	1201.79
421.52	1193.45
421.73	1194.13
421.94	1194.17
422.15	1203.24
422.36	1198.74
422.57	1198.00
422.78	1197.86
422.98	1205.97
423.19	1200.68
423.40	1209.61
423.61	1196.67
423.82	1209.47
424.03	1197.00
424.24	1202.77
424.45	1198.25
424.65	1200.70
424.86	1197.61
425.07	1207.48
425.28	1201.95
425.49	1203.08
425.70	1206.75
425.91	1199.41
426.12	1197.98
426.32	1203.96
426.53	1192.16
426.74	1204.35
426.95	1197.82
427.16	1197.51
427.37	1198.00
427.58	1203.20
427.78	1200.17
427.99	1200.72
428.20	1198.78
428.41	1213.61
428.62	1198.29
428.83	1204.76
429.04	1193.60
429.24	1213.18
429.45	1196.67
429.66	1205.37
429.87	1194.99
430.08	1207.75
430.29	1192.96
430.50	1203.90
430.70	1197.12
430.91	1198.88
431.12	1193.41
431.33	1205.68
431.54	1197.61
431.75	1203.00
431.96	1196.79
432.16	1203.98
432.37	1192.94
432.58	1204.51
432.79	1198.21
433.00	1196.77
433.21	1195.03
433.41	1210.57
433.62	1194.29
433.83	1206.93
434.04	1189.60
434.25	1202.36
434.46	1195.38
434.66	1206.85
434.87	1197.90
435.08	1207.09
435.29	1186.43
435.50	1203.55
435.71	1201.99
435.91	1195.03
436.12	1196.28
436.33	1200.52
436.54	1196.51
436.75	1202.46
436.95	1192.33
437.16	1199.72
437.37	1191.63
437.58	1203.18
437.79	1196.61
438.00	1203.59
438.20	1197.51
438.41	1204.70
438.62	1193.52
438.83	1200.33
439.04	1185.53
439.24	1200.40
439.45	1196.65
439.66	1206.87
439.87	1193.72
440.08	1203.37
440.28	1192.20
440.49	1208.73
440.70	1199.13
440.91	1198.53
441.12	1196.20
441.32	1204.37
441.53	1194.35
441.74	1197.47
441.95	1199.93
442.16	1202.08
442.36	1191.75
442.57	1199.95
442.78	1192.88
442.99	1203.86
443.20	1202.73
443.40	1200.74
443.61	1194.56
443.82	1199.07
444.03	1192.76
444.24	1195.93
444.44	1200.74
444.65	1207.01
444.86	1198.57
445.07	1202.57
445.27	1195.09
445.48	1210.19
445.69	1196.18
445.90	1197.71
446.11	1198.70
446.31	1201.93
446.52	1195.44
446.73	1211.15
446.94	1195.22
447.14	1203.55
447.35	1200.81
447.56	1208.59
447.77	1198.94
447.97	1202.69
448.18	1193.52
448.39	1203.73
448.60	1202.40
448.81	1208.06
449.01	1199.45
449.22	1208.04
449.43	1195.09
449.64	1213.18
449.84	1198.04
450.05	1200.91
450.26	1199.86
450.47	1201.32
450.67	1194.21
450.88	1204.06
451.09	1194.89
451.30	1203.80
451.50	1197.65
451.71	1201.44
451.92	1192.92
452.13	1203.80
452.33	1196.26
452.54	1199.04
452.75	1194.97
452.96	1207.87
453.16	1193.74
453.37	1208.44
453.58	1195.62
453.79	1203.49
453.99	1193.09
454.20	1199.39
454.41	1199.82
454.61	1198.08
454.82	1205.74
455.03	1196.85
455.24	1191.92
455.44	1197.86
455.65	1187.78
455.86	1210.14
456.07	1198.49
456.27	1209.16
456.48	1206.85
456.69	1202.49
456.90	1201.46
457.10	1204.25
457.31	1196.79
457.52	1199.86
457.72	1193.11
457.93	1203.61
458.14	1203.30
458.35	1209.53
458.55	1201.75
458.76	1199.86
458.97	1199.86
459.17	1206.23
459.38	1196.87
459.59	1202.32
459.80	1195.24
460.00	1208.77
460.21	1196.10
460.42	1204.00
460.62	1199.29
460.83	1203.39
461.04	1196.40
461.25	1201.60
461.45	1194.05
461.66	1201.11
461.87	1196.65
462.07	1206.62
462.28	1194.50
462.49	1202.83
462.69	1203.92
462.90	1205.33
463.11	1202.34
463.31	1205.25
463.52	1195.30
463.73	1202.55
463.94	1199.74
464.14	1203.80
464.35	1197.16
464.56	1202.57
464.76	1200.97
464.97	1209.82
465.18	1197.39
465.38	1201.85
465.59	1193.15
465.80	1203.73
466.00	1195.07
466.21	1198.66
466.42	1204.78
466.62	1200.97
466.83	1197.73
467.04	1201.07
467.24	1194.11
467.45	1198.45
467.66	1190.55
467.86	1205.29
468.07	1195.44
468.28	1206.44
468.48	1210.45
468.69	1206.48
468.90	1200.01
469.10	1202.26
469.31	1199.31
469.52	1207.42
469.72	1196.53
469.93	1202.22
470.14	1192.53
470.34	1211.72
470.55	1196.79
470.76	1199.86
470.96	1195.89
471.17	1205.37
471.38	1199.09
471.58	1209.04
471.79	1195.28
472.00	1204.19
472.20	1197.00
472.41	1195.95
472.62	1191.24
472.82	1208.10
473.03	1201.38
473.24	1207.15
473.44	1195.03
473.65	1209.10
473.85	1192.66
474.06	1197.75
474.27	1201.87
474.47	1207.58
474.68	1190.42
474.89	1199.41
475.09	1195.09
475.30	1204.06
475.51	1196.87
475.71	1207.61
475.92	1198.51
476.12	1207.26
476.33	1196.65
476.54	1199.76
476.74	1202.28
476.95	1208.92
477.16	1201.52
477.36	1200.09
477.57	1191.45
477.77	1200.27
477.98	1192.51
478.19	1205.00
478.39	1199.93
478.60	1204.33
478.81	1195.34
479.01	1206.93
479.22	1197.63
479.42	1195.26
479.63	1197.51
479.84	1205.39
480.04	1201.32
480.25	1202.38
480.45	1202.85
480.66	1207.01
480.87	1196.96
481.07	1202.57
481.28	1202.51
481.48	1204.66
481.69	1198.96
481.90	1204.10
482.10	1200.54
482.31	1195.75
482.51	1200.42
482.72	1207.69
482.93	1195.87
483.13	1205.68
483.34	1196.44
483.54	1204.10
483.75	1201.63
483.96	1202.03
484.16	1199.62
484.37	1207.34
484.57	1191.65
484.78	1204.43
484.99	1195.75
485.19	1207.73
485.40	1197.90
485.60	1210.84
485.81	1197.06
486.01	1209.41
486.22	1204.19
486.43	1204.47
486.63	1196.69
486.84	1205.23
487.04	1198.51
487.25	1204.72
487.46	1200.85
487.66	1202.87
487.87	1198.51
488.07	1202.10
488.28	1203.84
488.48	1210.21
488.69	1198.51
488.89	1210.29
489.10	1201.79
489.31	1209.96
489.51	1197.82
489.72	1200.09
489.92	1205.07
490.13	1211.80
490.33	1196.81
490.54	1200.70
490.75	1205.50
490.95	1201.17
491.16	1202.30
491.36	1201.34
491.57	1206.23
491.77	1205.00
491.98	1196.28
492.18	1210.10
492.39	1197.88
492.59	1205.52
492.80	1199.58
493.01	1209.69
493.21	1202.28
493.42	1213.59
493.62	1199.11
493.83	1201.63
494.03	1199.33
494.24	1209.80
494.44	1201.58
494.65	1211.60
494.85	1203.63
495.06	1204.29
495.26	1200.07
495.47	1206.44
495.68	1200.77
495.88	1202.30
496.09	1211.95
496.29	1205.78
496.50	1204.02
496.70	1211.50
496.91	1206.97
497.11	1206.85
497.32	1203.80
497.52	1208.49
497.73	1204.49
497.93	1208.06
498.14	1206.27
498.34	1209.37
498.55	1208.65
498.75	1210.00
498.96	1203.80
499.16	1209.33
499.37	1209.51
499.57	1214.02
499.78	1207.46
499.98	1209.02
500.19	1210.27
500.39	1215.74
500.60	1204.66
500.80	1203.67
501.01	1202.14
501.21	1208.90
501.42	1201.01
501.62	1209.51
501.83	1205.13
502.03	1216.37
502.24	1209.47
502.44	1212.21
502.65	1204.74
502.85	1213.48
503.06	1208.85
503.26	1220.43
503.47	1202.14
503.67	1208.75
503.88	1208.06
504.08	1216.45
504.29	1212.42
504.49	1224.64
504.70	1217.35
504.90	1218.42
505.11	1206.13
505.31	1216.78
505.52	1214.63
505.72	1216.41
505.93	1204.39
506.13	1213.07
506.34	1219.50
506.54	1216.47
506.75	1212.77
506.95	1220.16
507.16	1214.55
507.36	1231.12
507.56	1213.05
507.77	1222.90
507.97	1214.28
508.18	1218.05
508.38	1216.33
508.59	1221.90
508.79	1216.82
509.00	1228.66
509.20	1222.31
509.41	1228.74
509.61	1215.90
509.82	1226.49
510.02	1221.35
510.22	1223.85
510.43	1220.88
510.63	1225.36
510.84	1225.52
511.04	1228.37
511.25	1223.48
511.45	1232.75
511.66	1222.66
511.86	1236.38
512.06	1225.83
512.27	1227.90
512.47	1218.23
512.68	1231.75
512.88	1229.09
513.09	1228.95
513.29	1230.54
513.50	1237.06
513.70	1224.15
513.90	1238.30
514.11	1227.68
514.31	1237.55
514.52	1232.96
514.72	1235.48
514.93	1232.43
515.13	1227.98
515.33	1235.74
515.54	1229.07
515.74	1229.21
515.95	1229.31
516.15	1228.78
516.36	1236.60
516.56	1231.55
516.76	1232.28
516.97	1236.83
517.17	1233.96
517.38	1233.41
517.58	1232.06
517.78	1231.12
517.99	1234.78
518.19	1231.55
518.40	1240.78
518.60	1224.09
518.81	1233.45
519.01	1234.23
519.21	1228.86
519.42	1229.13
519.62	1235.62
519.83	1228.15
520.03	1246.35
520.23	1233.70
520.44	1241.36
520.64	1224.23
520.85	1235.93
521.05	1228.56
521.25	1237.63
521.46	1222.17
521.66	1238.82
521.86	1231.69
522.07	1240.56
522.27	1232.71
522.48	1234.72
522.68	1234.50
522.88	1236.89
523.09	1230.95
523.29	1241.36
523.50	1242.91
523.70	1246.82
523.90	1243.61
524.11	1253.79
524.31	1242.11
524.51	1259.97
524.72	1252.95
524.92	1256.70
525.13	1263.25
525.33	1274.37
525.53	1274.29
525.74	1283.28
525.94	1303.18
526.14	1318.99
526.35	1341.40
526.55	1366.00
526.76	1381.58
526.96	1412.03
527.16	1422.29
527.37	1459.81
527.57	1485.08
527.77	1518.32
527.98	1535.42
528.18	1572.96
528.38	1592.62
528.59	1637.66
528.79	1688.73
528.99	1754.37
529.20	1838.22
529.40	1961.32
529.61	2132.00
529.81	2356.52
530.01	2658.84
530.22	2981.99
530.42	3341.71
530.62	3712.31
530.83	4071.14
531.03	4386.61
531.23	4646.90
531.44	4863.97
531.64	5021.52
531.84	5148.27
532.05	5234.81
532.25	5332.71
532.45	5353.39
532.66	5417.86
532.86	5418.21
533.06	5439.92
533.27	5472.11
533.47	5508.61
533.67	5534.66
533.88	5608.40
534.08	5578.28
534.28	5590.30
534.49	5652.27
534.69	5648.38
534.89	5636.26
535.09	5628.82
535.30	5567.05
535.50	5420.67
535.70	5285.01
535.91	5020.74
536.11	4759.89
536.31	4494.82
536.52	4168.05
536.72	3911.42
536.92	3641.88
537.13	3401.41
537.33	3189.10
537.53	3047.28
537.74	2906.25
537.94	2812.25
538.14	2716.57
538.34	2660.41
538.55	2580.38
538.75	2545.24
538.95	2471.90
539.16	2425.49
539.36	2370.18
539.56	2314.90
539.77	2270.62
539.97	2255.18
540.17	2189.11
540.37	2152.29
540.58	2124.89
540.78	2099.48
540.98	2059.46
541.19	2032.71
541.39	1989.13
541.59	1973.32
541.79	1937.60
542.00	1896.97
542.20	1880.38
542.40	1852.67
542.60	1821.65
542.81	1821.12
543.01	1788.84
543.21	1769.14
543.42	1740.59
543.62	1738.44
543.82	1704.71
544.02	1693.38
544.23	1681.98
544.43	1677.14
544.63	1659.26
544.83	1655.86
545.04	1647.10
545.24	1636.96
545.44	1635.55
545.64	1630.10
545.85	1626.64
546.05	1625.82
546.25	1636.10
546.45	1637.99
546.66	1661.82
546.86	1690.21
547.06	1732.87
547.27	1816.65
547.47	1906.13
547.67	2010.04
547.87	2136.93
548.07	2246.54
548.28	2347.42
548.48	2435.44
548.68	2503.91
548.88	2553.20
549.09	2566.88
549.29	2569.34
549.49	2563.16
549.69	2535.67
549.90	2490.60
550.10	2452.46
550.30	2370.85
550.50	2300.44
550.71	2222.29
550.91	2155.59
551.11	2083.40
551.31	1996.13
551.51	1911.29
551.72	1830.21
551.92	1747.27
552.12	1691.75
552.32	1606.53
552.53	1583.65
552.73	1527.42
552.93	1508.88
553.13	1489.32
553.33	1487.40
553.54	1476.89
553.74	1478.22
553.94	1469.95
554.14	1469.95
554.35	1457.64
554.55	1455.12
554.75	1441.05
554.95	1438.62
555.15	1402.61
555.36	1390.94
555.56	1352.58
555.76	1323.03
555.96	1289.13
556.16	1277.09
556.37	1260.79
556.57	1257.00
556.77	1251.45
556.97	1242.58
557.17	1239.78
557.38	1241.68
557.58	1241.17
557.78	1245.19
557.98	1236.69
558.18	1247.48
558.38	1231.67
558.59	1234.56
558.79	1238.49
558.99	1242.97
559.19	1232.92
559.39	1243.12
559.60	1235.42
559.80	1238.26
560.00	1234.02
560.20	1238.41
560.40	1223.76
560.60	1236.11
560.81	1227.84
561.01	1230.73
561.21	1222.02
561.41	1239.66
561.61	1228.17
561.81	1231.73
562.02	1227.29
562.22	1223.85
562.42	1213.89
562.62	1226.53
562.82	1211.31
563.02	1223.23
563.23	1222.35
563.43	1219.91
563.63	1215.98
563.83	1221.88
564.03	1217.66
564.23	1220.71
564.43	1219.77
564.64	1219.67
564.84	1208.79
565.04	1217.64
565.24	1217.27
565.44	1216.37
565.64	1209.51
565.85	1215.59
566.05	1216.62
566.25	1215.35
566.45	1213.34
566.65	1215.94
566.85	1211.84
567.05	1213.97
567.25	1218.71
567.46	1214.63
567.66	1212.03
567.86	1215.86
568.06	1208.75
568.26	1216.92
568.46	1196.53
568.66	1212.68
568.86	1212.64
569.07	1214.45
569.27	1204.64
569.47	1204.29
569.67	1206.89
569.87	1212.58
570.07	1205.48
570.27	1208.04
570.47	1205.68
570.68	1213.30
570.88	1198.96
571.08	1204.94
571.28	1202.32
571.48	1205.23
571.68	1206.17
571.88	1210.39
572.08	1206.81
572.28	1206.29
572.49	1205.82
572.69	1204.57
572.89	1202.75
573.09	1209.18
573.29	1201.77
573.49	1213.16
573.69	1211.50
573.89	1211.37
574.09	1217.70
574.29	1217.03
574.50	1206.07
574.70	1209.94
574.90	1209.90
575.10	1209.22
575.30	1206.32
575.50	1216.29
575.70	1206.97
575.90	1216.66
576.10	1204.02
576.30	1217.99
576.50	1206.52
576.70	1210.90
576.91	1207.07
577.11	1215.67
577.31	1204.70
577.51	1214.04
577.71	1205.37
577.91	1207.50
578.11	1201.07
578.31	1219.14
578.51	1203.43
578.71	1212.17
578.91	1198.41
579.11	1217.64
579.31	1207.73
579.51	1217.85
579.71	1201.56
579.92	1208.94
580.12	1203.08
580.32	1208.26
580.52	1196.46
580.72	1208.51
580.92	1202.26
581.12	1213.01
581.32	1199.37
581.52	1204.78
581.72	1201.17
581.92	1202.12
582.12	1201.44
582.32	1212.07
582.52	1202.36
582.72	1200.21
582.92	1197.61
583.12	1209.39
583.32	1199.62
583.52	1204.94
583.72	1194.56
583.92	1204.64
584.12	1193.60
584.33	1209.96
584.53	1196.79
584.73	1199.11
584.93	1195.32
585.13	1205.78
585.33	1197.63
585.53	1195.46
585.73	1194.35
585.93	1208.14
586.13	1194.15
586.33	1203.45
586.53	1196.79
586.73	1194.17
586.93	1197.20
587.13	1200.31
587.33	1192.04
587.53	1195.26
587.73	1198.04
587.93	1205.15
588.13	1192.14
588.33	1201.91
588.53	1197.86
588.73	1207.13
588.93	1192.35
589.13	1208.85
589.33	1200.07
589.53	1205.93
589.73	1205.43
589.93	1200.79
590.13	1192.90
590.33	1204.29
590.53	1202.55
590.73	1202.16
590.93	1198.88
591.13	1202.73
591.33	1196.30
591.53	1200.44
591.73	1197.98
591.93	1197.98
592.13	1192.68
592.33	1199.66
592.53	1198.29
592.73	1197.37
592.93	1194.35
593.13	1199.04
593.33	1196.63
593.53	1202.85
593.73	1198.70
593.93	1198.31
594.13	1194.54
594.33	1203.24
594.53	1188.23
594.73	1206.09
594.92	1198.88
595.12	1199.84
595.32	1197.32
595.52	1207.65
595.72	1200.33
595.92	1200.89
596.12	1198.43
596.32	1207.34
596.52	1196.08
596.72	1198.45
596.92	1192.10
597.12	1199.64
597.32	1197.78
597.52	1205.74
597.72	1199.95
597.92	1202.10
598.12	1198.61
598.32	1202.38
598.52	1201.97
598.72	1203.39
598.92	1191.90
599.12	1195.32
599.31	1196.01
599.51	1207.89
599.71	1195.48
599.91	1203.35
600.11	1200.31
600.31	1195.71
600.51	1201.03
600.71	1208.40
600.91	1196.98
601.11	1207.07
601.31	1197.88
601.51	1194.01
601.71	1193.33
601.91	1199.13
602.10	1198.18
602.30	1202.81
602.50	1196.63
602.70	1202.03
602.90	1193.33
603.10	1201.40
603.30	1198.88
603.50	1201.34
603.70	1197.96
603.90	1210.25
604.10	1201.95
604.30	1204.35
604.49	1201.46
604.69	1204.39
604.89	1202.10
605.09	1207.26
605.29	1194.01
605.49	1200.87
605.69	1194.52
605.89	1203.35
606.09	1192.08
606.29	1203.35
606.48	1193.80
606.68	1201.15
606.88	1191.73
607.08	1197.55
607.28	1198.61
607.48	1204.55
607.68	1198.37
607.88	1195.42
608.08	1202.22
608.27	1206.89
608.47	1195.28
608.67	1200.46
608.87	1189.64
609.07	1207.11
609.27	1199.62
609.47	1198.92
609.67	1190.03
609.87	1202.44
610.06	1192.90
610.26	1198.14
610.46	1195.42
610.66	1201.54
610.86	1200.99
611.06	1207.91
611.26	1204.96
611.45	1194.66
611.65	1192.12
611.85	1196.28
612.05	1197.75
612.25	1199.78
612.45	1190.55
612.65	1205.66
612.84	1190.07
613.04	1199.41
613.24	1188.07
613.44	1201.83
613.64	1193.23
613.84	1202.59
614.04	1199.58
614.23	1206.25
614.43	1195.85
614.63	1202.77
614.83	1188.35
615.03	1208.83
615.23	1193.52
615.42	1206.19
615.62	1198.25
615.82	1194.23
616.02	1197.45
616.22	1198.29
616.42	1194.58
616.61	1203.37
616.81	1195.67
617.01	1202.08
617.21	1192.51
617.41	1203.61
617.61	1188.87
617.80	1199.09
618.00	1199.60
618.20	1201.03
618.40	1200.58
618.60	1198.31
618.80	1196.05
618.99	1203.78
619.19	1202.94
619.39	1198.98
619.59	1193.97
619.79	1205.07
619.98	1200.93
620.18	1209.86
620.38	1186.82
620.58	1200.68
620.78	1189.30
620.97	1208.24
621.17	1197.57
621.37	1204.72
621.57	1201.30
621.77	1206.23
621.96	1198.08
622.16	1197.59
622.36	1196.79
622.56	1201.58
622.76	1194.52
622.95	1207.15
623.15	1201.83
623.35	1199.74
623.55	1196.01
623.75	1205.43
623.94	1195.73
624.14	1202.53
624.34	1197.65
624.54	1202.30
624.73	1190.18
624.93	1208.49
625.13	1195.46
625.33	1201.95
625.53	1194.03
625.72	1202.32
625.92	1190.96
626.12	1197.65
626.32	1201.91
626.51	1200.50
626.71	1197.73
626.91	1203.06
627.11	1200.58
627.30	1205.80
627.50	1196.26
627.70	1206.85
627.90	1195.50
628.10	1196.73
628.29	1193.54
628.49	1194.48
628.69	1194.42
628.89	1197.22
629.08	1196.30
629.28	1196.98
629.48	1192.82
629.68	1210.17
629.87	1188.83
630.07	1205.72
630.27	1197.67
630.47	1207.50
630.66	1193.62
630.86	1193.92
631.06	1193.43
631.25	1203.61
631.45	1196.05
631.65	1201.79
631.85	1197.10
632.04	1205.52
632.24	1193.97
632.44	1198.21
632.64	1190.61
632.83	1206.44
633.03	1194.54
633.23	1201.79
633.42	1193.49
633.62	1203.06
633.82	1193.80
634.02	1201.56
634.21	1196.10
634.41	1202.75
634.61	1195.15
634.81	1200.79
635.00	1198.59
635.20	1204.78
635.40	1200.13
635.59	1197.69
635.79	1199.70
635.99	1200.56
636.18	1194.15
636.38	1197.88
636.58	1191.47
636.78	1198.45
636.97	1188.91
637.17	1208.59
637.37	1198.53
637.56	1191.41
637.76	1194.46
637.96	1194.66
638.15	1198.25
638.35	1199.45
638.55	1204.72
638.74	1196.53
638.94	1191.18
639.14	1195.30
639.34	1194.33
639.53	1207.83
639.73	1193.21
639.93	1202.12
640.12	1195.46
640.32	1195.13
640.52	1193.33
640.71	1199.39
640.91	1189.89
641.11	1204.96
641.30	1190.65
641.50	1204.33
641.70	1197.78
641.89	1203.82
642.09	1196.38
642.29	1199.74
642.48	1198.45
642.68	1194.46
642.88	1199.11
643.07	1206.72
643.27	1204.04
643.47	1202.85
643.66	1195.24
643.86	1198.27
644.06	1202.22
644.25	1201.17
644.45	1202.26
644.65	1201.40
644.84	1195.09
645.04	1200.64
645.23	1188.87
645.43	1203.28
645.63	1189.58
645.82	1203.12
646.02	1195.89
646.22	1203.12
646.41	1196.83
646.61	1203.16
646.81	1191.06
647.00	1196.83
647.20	1191.02
647.39	1204.86
647.59	1194.31
647.79	1205.05
647.98	1191.47
648.18	1207.18
648.38	1198.33
648.57	1202.89
648.77	1193.76
648.96	1201.85
649.16	1194.25
649.36	1200.01
649.55	1191.18
649.75	1200.48
649.95	1196.24
650.14	1205.19
650.34	1197.88
650.53	1196.83
650.73	1195.91
650.93	1202.96
651.12	1196.08
651.32	1202.20
651.51	1197.14
651.71	1198.16
651.91	1195.77
652.10	1201.22
652.30	1196.53
652.49	1200.23
652.69	1195.83
652.89	1200.44
653.08	1198.90
653.28	1194.78
653.47	1198.04
653.67	1200.97
653.86	1200.33
654.06	1196.55
654.26	1197.24
654.45	1202.96
654.65	1195.46
654.84	1211.60
655.04	1190.75
655.24	1205.39
655.43	1194.29
655.63	1202.67
655.82	1192.10
656.02	1202.32
656.21	1198.78
656.41	1204.51
656.61	1200.03
656.80	1196.22
657.00	1194.42
657.19	1199.88
657.39	1198.29
657.58	1196.91
657.78	1194.70
657.97	1199.58
658.17	1197.28
658.37	1201.58
658.56	1195.01
658.76	1204.64
658.95	1196.03
659.15	1202.26
659.34	1193.17
659.54	1194.09
659.73	1195.03
659.93	1199.66
660.13	1201.22
660.32	1201.91
660.52	1201.42
660.71	1203.80
660.91	1199.62
661.10	1203.73
661.30	1194.25
661.49	1204.10
661.69	1197.69
661.88	1197.90
662.08	1198.31
662.27	1203.84
662.47	1200.54
662.66	1203.84
662.86	1195.09
663.06	1198.41
663.25	1197.51
663.45	1205.97
663.64	1195.11
663.84	1199.95
664.03	1198.02
664.23	1196.57
664.42	1195.09
664.62	1198.08
664.81	1191.20
665.01	1193.88
665.20	1193.09
665.40	1198.21
665.59	1194.62
665.79	1201.99
665.98	1193.41
666.18	1198.94
666.37	1199.60
666.57	1200.70
666.76	1192.27
666.96	1205.02
667.15	1204.04
667.35	1209.84
667.54	1196.22
667.74	1202.87
667.93	1196.28
668.13	1205.86
668.32	1194.46
668.52	1204.35
668.71	1189.46
668.91	1198.27
669.10	1198.59
669.30	1199.86
669.49	1198.29
669.68	1202.51
669.88	1188.58
670.07	1197.32
670.27	1195.58
670.46	1202.53
670.66	1197.43
670.85	1205.00
671.05	1196.22
671.24	1204.25
671.44	1198.27
671.63	1199.13
671.83	1200.15
672.02	1203.18
672.22	1196.59
672.41	1205.82
672.60	1195.91
672.80	1201.34
672.99	1198.64
673.19	1204.02
673.38	1198.27
673.58	1209.88
673.77	1192.18
673.97	1194.70
674.16	1195.93
674.36	1202.94
674.55	1195.79
674.74	1199.64
674.94	1204.19
675.13	1205.15
675.33	1198.16
675.52	1197.98
675.72	1197.90
675.91	1199.74
676.10	1194.76
676.30	1202.40
676.49	1192.29
676.69	1197.02
676.88	1195.22
677.08	1201.91
677.27	1190.89
677.46	1201.34
677.66	1195.83
677.85	1202.67
678.05	1193.84
678.24	1204.04
678.44	1202.75
678.63	1203.41
678.82	1196.48
679.02	1203.02
679.21	1189.28
679.41	1202.96
679.60	1197.24
679.79	1205.64
679.99	1193.15
680.18	1207.65
680.38	1188.58
680.57	1199.80
680.76	1196.57
680.96	1198.31
681.15	1195.03
681.35	1202.10
681.54	1192.61
681.73	1201.95
681.93	1196.89
682.12	1196.40
682.32	1197.80
682.51	1204.49
682.70	1198.00
682.90	1199.21
683.09	1197.00
683.29	1201.34
683.48	1200.44
683.67	1199.74
683.87	1196.57
684.06	1205.15
684.25	1188.17
684.45	1198.51
684.64	1198.25
684.84	1205.25
685.03	1200.03
685.22	1197.08
685.42	1192.33
685.61	1199.97
685.80	1196.44
686.00	1209.00
686.19	1199.02
686.38	1205.33
686.58	1195.67
686.77	1205.31
686.96	1196.08
687.16	1206.23
687.35	1192.41
687.55	1208.44
687.74	1203.04
687.93	1196.91
688.13	1194.97
688.32	1202.08
688.51	1196.20
688.71	1196.71
688.90	1199.09
689.09	1193.58
689.29	1193.49
689.48	1195.91
689.67	1202.22
689.87	1206.91
690.06	1195.26
690.25	1204.49
690.45	1201.58
690.64	1208.20
690.83	1195.67
691.03	1205.41
691.22	1194.91
691.41	1197.94
691.61	1197.98
691.80	1204.10
691.99	1193.68
692.19	1200.68
692.38	1198.76
692.57	1209.37
692.76	1202.75
692.96	1201.42
693.15	1200.85
693.34	1198.47
693.54	1196.01
693.73	1198.72
693.92	1196.12
694.12	1197.12
694.31	1194.31
694.50	1201.60
694.70	1195.28
694.89	1204.55
695.08	1197.78
695.27	1206.13
695.47	1200.27
695.66	1196.71
695.85	1201.11
696.05	1211.07
696.24	1201.79
696.43	1202.03
696.62	1201.15
696.82	1199.04
697.01	1199.29
697.20	1202.87
697.40	1201.60
697.59	1206.62
697.78	1194.87
697.97	1206.11
698.17	1201.83
698.36	1204.74
698.55	1194.87
698.74	1207.95
698.94	1194.15
699.13	1204.72
699.32	1195.46
699.52	1199.15
699.71	1203.49
699.90	1203.98
700.09	1193.00
700.29	1203.30
700.48	1198.57
700.67	1204.78
700.86	1189.87
701.06	1203.16
701.25	1201.42
701.44	1204.86
701.63	1195.89
701.83	1204.06
702.02	1189.91
702.21	1203.69
702.40	1191.90
702.60	1203.47
702.79	1202.46
702.98	1202.40
703.17	1201.93
703.37	1205.39
703.56	1193.82
703.75	1202.34
703.94	1197.71
704.13	1202.32
704.33	1196.05
704.52	1204.43
704.71	1193.68
704.90	1199.54
705.10	1199.88
705.29	1205.91
705.48	1195.83
705.67	1201.79
705.86	1188.72
706.06	1201.75
706.25	1199.23
706.44	1207.91
706.63	1202.79
706.83	1202.42
707.02	1199.17
707.21	1203.06
707.40	1201.97
707.59	1196.87
707.79	1196.22
707.98	1198.16
708.17	1200.83
708.36	1199.07
708.55	1196.85
708.75	1203.61
708.94	1193.27
709.13	1197.51
709.32	1196.40
709.51	1199.76
709.71	1194.13
709.90	1213.22
710.09	1194.03
710.28	1203.49
710.47	1196.20
710.66	1197.98
710.86	1198.66
711.05	1202.26
711.24	1193.70
711.43	1204.59
711.62	1197.51
711.82	1204.88
712.01	1199.97
712.20	1203.57
712.39	1195.52
712.58	1202.85
712.77	1201.44
712.97	1203.90
713.16	1193.29
713.35	1203.39
713.54	1198.59
713.73	1203.45
713.92	1201.71
714.11	1199.47
714.31	1199.76
714.50	1201.32
714.69	1194.97
714.88	1207.97
715.07	1198.61
715.26	1202.46
715.46	1191.96
715.65	1202.57
715.84	1197.02
716.03	1210.31
716.22	1200.99
716.41	1203.78
716.60	1196.12
716.80	1198.72
716.99	1193.52
717.18	1205.80
717.37	1197.34
717.56	1201.46
717.75	1193.17
717.94	1201.15
718.13	1195.05
718.33	1201.99
718.52	1196.22
718.71	1205.45
718.90	1196.14
719.09	1202.01
719.28	1200.52
719.47	1213.69
719.66	1189.97
719.85	1206.11
720.05	1188.74
720.24	1196.79
720.43	1198.86
720.62	1204.82
720.81	1198.53
721.00	1200.91
721.19	1196.28
721.38	1199.99
721.57	1187.25
721.77	1202.65
721.96	1195.26
722.15	1204.84
722.34	1197.41
722.53	1207.32
722.72	1196.32
722.91	1198.45
723.10	1195.81
723.29	1208.47
723.48	1194.42
723.67	1199.97
723.87	1188.23
724.06	1203.51
724.25	1197.02
724.44	1198.10
724.63	1195.03
724.82	1193.58
725.01	1193.66
725.20	1203.30
725.39	1194.56
725.58	1197.08
725.77	1197.98
725.96	1200.48
726.15	1202.38
726.34	1199.84
726.54	1202.26
726.73	1200.36
726.92	1202.57
727.11	1203.16
727.30	1198.98
727.49	1195.65
727.68	1194.64
727.87	1199.99
728.06	1192.25
728.25	1199.02
728.44	1198.70
728.63	1198.64
728.82	1200.05
729.01	1199.43
729.20	1200.95
729.39	1210.68
729.58	1200.29
729.77	1204.12
729.96	1195.89
730.15	1201.56
730.34	1201.63
730.53	1197.80
730.73	1200.27
730.92	1201.09
731.11	1196.08
731.30	1198.31
731.49	1195.56
731.68	1200.81
731.87	1196.53
732.06	1201.56
732.25	1190.67
732.44	1206.07
732.63	1194.89
732.82	1200.13
733.01	1191.55
733.20	1200.03
733.39	1196.08
733.58	1190.98
733.77	1192.20
733.96	1203.00
734.15	1196.94
734.34	1203.71
734.53	1201.58
734.72	1200.03
734.91	1192.53
735.10	1203.63
735.29	1190.87
735.48	1208.92
735.67	1198.64
735.86	1202.38
736.05	1202.20
736.24	1206.07
736.43	1195.54
736.62	1200.62
736.81	1196.16
737.00	1206.34
737.19	1194.27
737.38	1205.48
737.57	1196.81
737.76	1192.96
737.95	1198.06
738.14	1199.13
738.33	1198.74
738.51	1204.19
738.70	1197.78
738.89	1200.19
739.08	1190.40
739.27	1204.66
739.46	1193.15
739.65	1200.19
739.84	1192.31
740.03	1192.43
740.22	1195.52
740.41	1204.96
740.60	1196.12
740.79	1199.80
740.98	1193.47
741.17	1201.54
741.36	1197.75
741.55	1199.15
741.74	1190.61
741.93	1203.32
742.12	1199.60
742.31	1197.98
742.50	1197.51
742.68	1196.26
742.87	1197.94
743.06	1205.66
743.25	1197.08
743.44	1201.85
743.63	1195.75
743.82	1197.84
744.01	1201.50
744.20	1201.05
744.39	1195.85
744.58	1201.91
744.77	1199.62
744.96	1201.99
745.14	1188.29
745.33	1203.49
745.52	1194.76
745.71	1207.11
745.90	1195.97
746.09	1206.09
746.28	1192.29
746.47	1195.03
746.66	1193.09
746.85	1204.88
747.04	1195.32
747.22	1196.46
747.41	1197.55
747.60	1196.77
747.79	1197.92
747.98	1190.63
748.17	1195.19
748.36	1201.89
748.55	1199.47
748.74	1200.74
748.93	1192.27
749.11	1202.98
749.30	1193.37
749.49	1200.29
749.68	1193.54
749.87	1193.00
750.06	1195.87
750.25	1200.44
750.44	1193.35
750.62	1198.35
750.81	1191.98
751.00	1202.67
751.19	1192.88
751.38	1197.08
751.57	1193.13
751.76	1205.52
751.95	1188.83
752.13	1203.63
752.32	1192.29
752.51	1199.33
752.70	1192.27
752.89	1196.20
753.08	1195.54
753.27	1205.23
753.45	1186.74
753.64	1199.90
753.83	1197.37
754.02	1201.65
754.21	1195.91
754.40	1201.54
754.58	1195.11
754.77	1201.69
754.96	1202.83
755.15	1198.72
755.34	1192.90
755.53	1197.71
755.71	1198.53
755.90	1201.05
756.09	1193.15
756.28	1195.87
756.47	1189.19
756.66	1197.16
756.84	1198.70
757.03	1197.26
757.22	1197.67
757.41	1203.61
757.60	1194.27
757.79	1209.63
757.97	1199.90
758.16	1201.67
758.35	1197.16
758.54	1208.36
758.73	1197.12
758.91	1199.86
759.10	1201.50
759.29	1200.29
759.48	1190.77
759.67	1204.43
759.85	1193.43
760.04	1204.14
760.23	1195.52
760.42	1199.64
760.61	1190.36
760.79	1207.75
760.98	1194.09
761.17	1206.42
761.36	1194.05
761.55	1191.32
761.73	1185.28
761.92	1202.46
762.11	1195.42
762.30	1199.09
762.49	1190.44
762.67	1208.22
762.86	1201.52
763.05	1200.07
763.24	1195.93
763.42	1198.10
763.61	1196.77
763.80	1202.14
763.99	1188.62
764.17	1190.87
764.36	1198.72
764.55	1202.32
764.74	1183.30
764.92	1198.04
765.11	1188.50
765.30	1196.69
765.49	1201.85
765.68	1201.36
765.86	1194.78
766.05	1200.64
766.24	1196.08
766.43	1199.29
766.61	1188.48
766.80	1202.26
766.99	1203.20
767.17	1199.23
767.36	1196.48
767.55	1207.73
767.74	1193.09
767.92	1201.09
768.11	1205.70
768.30	1191.61
768.49	1197.06
768.67	1201.40
768.86	1202.01
769.05	1200.09
769.24	1195.11
769.42	1199.37
769.61	1202.06
769.80	1205.29
769.98	1196.63
770.17	1204.47
770.36	1191.96
770.55	1202.85
770.73	1194.31
770.92	1199.19
771.11	1191.84
771.29	1198.86
771.48	1195.67
771.67	1200.91
771.86	1195.42
772.04	1202.03
772.23	1190.96
772.42	1201.89
772.60	1201.89
772.79	1202.44
772.98	1205.93
773.16	1205.80
773.35	1196.57
773.54	1201.56
773.72	1192.92
773.91	1194.95
774.10	1194.15
774.29	1196.32
774.47	1196.79
774.66	1203.35
774.85	1202.10
775.03	1204.45
775.22	1197.53
775.41	1195.07
775.59	1192.49
775.78	1201.91
775.97	1198.21
776.15	1199.60
776.34	1191.61
776.53	1201.40
776.71	1203.45
776.90	1202.36
777.09	1193.66
777.27	1202.83
777.46	1199.09
777.65	1207.81
777.83	1196.96
778.02	1201.67
778.21	1199.70
778.39	1199.84
778.58	1196.30
778.76	1201.52
778.95	1195.44
779.14	1196.12
779.32	1201.05
779.51	1198.98
779.70	1193.56
779.88	1197.65
780.07	1201.91
780.26	1196.98
780.44	1191.77
780.63	1201.03
780.81	1190.01
781.00	1210.66
781.19	1198.14
781.37	1205.39
781.56	1196.08
781.75	1199.58
781.93	1197.18
782.12	1197.34
782.30	1197.14
782.49	1197.18
782.68	1200.09
782.86	1204.16
783.05	1189.75
783.23	1201.50
783.42	1194.21
783.61	1196.14
783.79	1200.01
783.98	1203.28
784.16	1190.16
784.35	1201.99
784.54	1198.55
784.72	1199.35
784.91	1192.12
785.09	1195.93
785.28	1193.47
785.47	1202.59
785.65	1192.59
785.84	1201.75
786.02	1196.53
786.21	1204.84
786.40	1193.88
786.58	1197.14
786.77	1199.39
786.95	1202.85
787.14	1197.32
787.32	1199.88
787.51	1201.48
787.70	1201.24
787.88	1199.39
788.07	1203.88
788.25	1189.42
788.44	1200.74
788.62	1197.43
788.81	1195.34
789.00	1194.60
789.18	1206.05
789.37	1194.78
789.55	1195.67
789.74	1195.13
789.92	1199.23
790.11	1196.59
790.29	1198.98
790.48	1197.28
790.67	1198.59
790.85	1198.16
791.04	1200.31
791.22	1196.81
791.41	1200.01
791.59	1187.37
791.78	1199.21
791.96	1188.52
792.15	1203.55
792.33	1196.46
792.52	1200.46
792.70	1187.15
792.89	1203.78
793.07	1188.74
793.26	1191.08
793.45	1199.68
793.63	1206.77
793.82	1195.38
794.00	1197.51
794.19	1188.80
794.37	1198.53
794.56	1193.00
794.74	1196.32
794.93	1201.20
795.11	1204.04
795.30	1196.98
795.48	1203.14
795.67	1185.55
795.85	1201.89
796.04	1199.95
796.22	1204.12
796.41	1203.06
796.59	1204.04
796.78	1201.85
796.96	1202.81
797.15	1192.23
797.33	1201.73
797.52	1194.95
797.70	1199.15
797.89	1194.83
798.07	1197.94
798.26	1190.07
798.44	1197.32
798.63	1186.90
798.81	1199.31
798.99	1189.56
799.18	1195.42
799.36	1190.18
799.55	1200.89
799.73	1190.59
799.92	1198.37
800.10	1197.75
800.29	1199.21
800.47	1188.13
800.66	1200.74
800.84	1200.15
801.03	1196.81
801.21	1194.78
801.39	1200.79
801.58	1194.83
801.76	1196.46
801.95	1194.81
802.13	1210.55
802.32	1190.28
802.50	1200.42
802.69	1195.32
802.87	1198.68
803.06	1197.84
803.24	1197.71
803.42	1192.27
803.61	1199.68
803.79	1189.60
803.98	1199.54
804.16	1194.81
804.35	1198.29
804.53	1193.49
804.71	1198.68
804.90	1194.72
805.08	1197.00
805.27	1193.78
805.45	1203.35
805.63	1188.01
805.82	1196.79
806.00	1194.23
806.19	1203.14
806.37	1190.77
806.56	1198.27
806.74	1200.95
806.92	1198.47
807.11	1192.78
807.29	1201.60
807.48	1197.20
807.66	1201.52
807.84	1201.28
808.03	1198.70
808.21	1197.90
808.40	1198.80
808.58	1195.32
808.76	1201.93
808.95	1195.05
809.13	1204.98
809.32	1193.99
809.50	1199.78
809.68	1183.36
809.87	1201.67
810.05	1190.89
810.23	1203.18
810.42	1199.50
810.60	1198.64
810.79	1192.74
810.97	1195.07
811.15	1194.70
811.34	1195.87
811.52	1197.06
811.70	1200.95
811.89	1194.95
812.07	1202.63
812.25	1188.64
812.44	1201.87
812.62	1192.51
812.81	1202.81
812.99	1193.60
813.17	1200.17
813.36	1192.68
813.54	1195.44
813.72	1190.79
813.91	1201.11
814.09	1197.26
814.27	1202.51
814.46	1193.92
814.64	1204.51
814.82	1194.33
815.01	1200.91
815.19	1196.32
815.37	1198.55
815.56	1193.21
815.74	1197.86
815.92	1193.11
816.11	1200.62
816.29	1203.16
816.47	1199.88
816.66	1192.35
816.84	1204.02
817.02	1200.25
817.21	1204.14
817.39	1196.22
817.57	1200.87
817.76	1196.48
817.94	1201.75
818.12	1199.74
818.30	1196.83
818.49	1197.73
818.67	1208.08
818.85	1192.82
819.04	1204.23
819.22	1197.37
819.40	1204.45
819.59	1199.43
819.77	1209.37
819.95	1188.01
820.13	1205.84
820.32	1193.72
820.50	1203.65
820.68	1193.97
820.87	1211.27
821.05	1190.63
821.23	1199.13
821.41	1191.71
821.60	1197.53
821.78	1192.59
821.96	1201.15
822.14	1196.71
822.33	1193.19
822.51	1198.47
822.69	1200.17
822.88	1198.12
823.06	1199.84
823.24	1189.87
823.42	1202.77
823.61	1195.26
823.79	1201.75
823.97	1202.38
824.15	1209.88
824.34	1196.34
824.52	1202.44
824.70	1193.31
824.88	1199.60
825.07	1196.12
825.25	1201.52
825.43	1202.24
825.61	1201.34
825.80	1195.58
825.98	1199.43
826.16	1199.37
826.34	1198.00
826.53	1197.92
826.71	1199.70
826.89	1195.28
827.07	1203.08
827.25	1189.60
827.44	1201.40
827.62	1202.65
827.80	1200.68
827.98	1194.78
828.17	1200.68
828.35	1199.56
828.53	1206.09
828.71	1194.89
828.89	1200.19
829.08	1188.33
829.26	1204.37
829.44	1183.50
829.62	1206.79
829.80	1194.66
829.99	1202.16
830.17	1193.45
830.35	1207.87
830.53	1196.61
830.71	1202.28
830.90	1188.03
831.08	1204.66
831.26	1191.39
831.44	1200.50
831.62	1190.28
831.81	1204.25
831.99	1195.42
832.17	1197.59
832.35	1197.12
832.53	1197.67
832.71	1200.85
832.90	1198.27
833.08	1194.97
833.26	1200.36
833.44	1195.44
833.62	1201.81
833.81	1195.28
833.99	1197.67
834.17	1199.02
834.35	1200.25
834.53	1196.73
834.71	1193.72
834.89	1196.44
835.08	1194.50
835.26	1188.76
835.44	1199.58
835.62	1201.32
835.80	1199.90
835.98	1199.11
836.17	1204.84
836.35	1195.50
836.53	1193.82
836.71	1197.78
836.89	1198.76
837.07	1197.22
837.25	1202.44
837.44	1194.07
837.62	1206.36
837.80	1197.26
837.98	1201.75
838.16	1194.29
838.34	1205.80
838.52	1189.83
838.70	1198.35
838.89	1196.10
839.07	1204.72
839.25	1189.17
839.43	1196.05
839.61	1194.58
839.79	1199.64
839.97	1203.28
840.15	1202.81
840.33	1200.21
840.52	1198.02
840.70	1199.02
840.88	1200.95
841.06	1188.54
841.24	1201.83
841.42	1192.84
841.60	1202.18
841.78	1198.25
841.96	1200.87
842.14	1200.64
842.33	1204.43
842.51	1202.44
842.69	1199.82
842.87	1194.40
843.05	1195.67
843.23	1187.94
843.41	1204.02
843.59	1194.64
843.77	1197.30
843.95	1203.90
844.13	1206.93
844.31	1197.96
844.49	1192.82
844.68	1202.75
844.86	1204.76
845.04	1189.81
845.22	1201.26
845.40	1194.03
845.58	1206.03
845.76	1188.74
845.94	1204.19
846.12	1194.27
846.30	1196.40
846.48	1199.76
846.66	1197.34
846.84	1194.31
847.02	1198.51
847.20	1196.71
847.38	1200.31
847.56	1196.20
847.74	1207.11
847.92	1197.00
848.11	1199.76
848.29	1197.86
848.47	1196.20
848.65	1198.16
848.83	1191.98
849.01	1194.74
849.19	1197.51
849.37	1193.04
849.55	1201.11
849.73	1195.93
849.91	1200.60
850.09	1194.27
850.27	1196.26
850.45	1195.73
850.63	1193.72
850.81	1191.24
850.99	1200.68
851.17	1193.88
851.35	1195.40
851.53	1197.65
851.71	1201.17
851.89	1194.70
852.07	1203.14
852.25	1199.45
852.43	1206.36
852.61	1201.17
852.79	1195.56
852.97	1189.62
853.15	1191.88
853.33	1193.56
853.51	1201.17
853.69	1196.08
853.87	1197.02
854.05	1203.65
854.23	1204.41
854.41	1193.92
854.59	1195.62
854.77	1190.32
854.95	1201.89
855.13	1185.28
855.31	1202.18
855.49	1197.00
855.67	1204.25
855.84	1192.04
856.02	1198.53
856.20	1192.72
856.38	1193.72
856.56	1197.43
856.74	1207.07
856.92	1193.47
857.10	1198.59
857.28	1193.97
857.46	1201.52
857.64	1193.84
857.82	1201.36
858.00	1196.26
858.18	1200.23
858.36	1194.64
858.54	1198.72
858.72	1192.78
858.90	1195.83
859.08	1199.07
859.25	1206.58
859.43	1188.66
859.61	1200.01
859.79	1191.04
859.97	1200.27
860.15	1186.63
860.33	1200.01
860.51	1188.54
860.69	1200.25
860.87	1196.57
861.05	1198.29
861.23	1194.13
861.41	1202.61
861.58	1197.71
861.76	1195.32
861.94	1186.04
862.12	1202.20
862.30	1201.65
862.48	1200.93
862.66	1196.51
862.84	1199.15
863.02	1191.86
863.20	1203.06
863.37	1194.09
863.55	1199.50
863.73	1197.49
863.91	1198.70
864.09	1198.86
864.27	1199.64
864.45	1195.32
864.63	1197.24
864.80	1190.57
864.98	1197.12
865.16	1199.31
865.34	1195.42
865.52	1196.89
865.70	1197.63
865.88	1194.93
866.06	1206.40
866.23	1193.25
866.41	1202.36
866.59	1192.90
866.77	1201.32
866.95	1192.39
867.13	1198.08
867.31	1195.15
867.48	1199.50
867.66	1198.06
867.84	1200.54
868.02	1194.35
868.20	1199.95
868.38	1194.21
868.56	1205.52
868.73	1198.41
868.91	1201.40
869.09	1195.19
869.27	1202.32
869.45	1193.99
869.63	1199.21
869.80	1194.44
869.98	1201.36
870.16	1193.68
870.34	1198.66
870.52	1192.08
870.70	1194.66
870.87	1189.95
871.05	1200.93
871.23	1199.74
871.41	1198.31
871.59	1192.08
871.76	1206.89
871.94	1194.62
872.12	1203.49
872.30	1198.25
872.48	1199.70
872.65	1198.74
872.83	1197.84
873.01	1191.92
873.19	1196.01
873.37	1192.76
873.54	1199.74
873.72	1195.56
873.90	1201.32
874.08	1198.04
874.26	1202.12
874.43	1195.54
874.61	1199.41
874.79	1195.22
874.97	1196.32
875.15	1195.40
875.32	1205.09
875.50	1195.87
875.68	1205.45
875.86	1191.36
876.03	1193.68
876.21	1198.14
876.39	1210.19
876.57	1187.70
876.74	1199.43
876.92	1199.07
877.10	1199.54
877.28	1189.50
877.45	1200.50
877.63	1186.45
877.81	1205.33
877.99	1190.36
878.17	1197.61
878.34	1190.07
878.52	1207.20
878.70	1191.63
878.87	1200.77
879.05	1190.36
879.23	1203.84
879.41	1186.45
879.58	1204.12
879.76	1192.84
879.94	1200.54
880.12	1193.29
880.29	1203.59
880.47	1194.58
880.65	1201.09
880.83	1190.24
881.00	1193.58
881.18	1190.63
881.36	1192.70
881.53	1192.23
881.71	1197.47
881.89	1198.47
882.07	1204.35
882.24	1194.64
882.42	1196.40
882.60	1200.09
882.77	1202.40
882.95	1187.21
883.13	1205.60
883.30	1207.07
883.48	1200.83
883.66	1186.06
883.84	1196.34
884.01	1194.50
884.19	1201.36
884.37	1192.86
884.54	1201.34
884.72	1193.25
884.90	1199.62
885.07	1189.91
885.25	1204.21
885.43	1198.18
885.60	1200.17
885.78	1194.03
885.96	1195.42
886.13	1194.38
886.31	1201.83
886.49	1189.83
886.66	1198.74
886.84	1194.44
887.02	1202.53
887.19	1193.80
887.37	1205.56
887.55	1202.75
887.72	1193.78
887.90	1193.99
888.08	1202.24
888.25	1188.19
888.43	1203.18
888.61	1200.64
888.78	1192.55
888.96	1203.59
889.14	1198.31
889.31	1196.65
889.49	1194.85
889.67	1190.67
889.84	1201.79
890.02	1185.45
890.19	1202.65
890.37	1192.45
890.55	1205.97
890.72	1196.03
890.90	1198.84
891.08	1185.81
891.25	1197.26
891.43	1195.26
891.60	1198.45
891.78	1196.36
891.96	1201.77
892.13	1195.42
892.31	1196.16
892.48	1194.54
892.66	1198.49
892.84	1198.51
893.01	1199.09
893.19	1195.22
893.36	1208.30
893.54	1197.16
893.72	1200.56
893.89	1193.43
894.07	1206.89
894.24	1196.73
894.42	1220.02
894.60	1192.16
894.77	1196.05
894.95	1195.73
895.12	1202.20
895.30	1191.82
895.48	1201.36
895.65	1198.55
895.83	1199.82
896.00	1188.33
896.18	1203.28
896.35	1194.85
896.53	1201.99
896.71	1201.09
896.88	1204.16
897.06	1196.48
897.23	1204.49
897.41	1193.23
897.58	1204.47
897.76	1194.07
897.93	1200.70
898.11	1190.93
898.29	1194.54
898.46	1194.68
898.64	1200.25
898.81	1189.13
898.99	1199.78
899.16	1184.73
899.34	1195.22
899.51	1194.68
899.69	1206.42
899.86	1194.46
900.04	1198.90
900.21	1196.34
900.39	1203.53
900.57	1190.75
900.74	1205.33
900.92	1192.25
901.09	1205.05
901.27	1193.78
901.44	1203.65
901.62	1193.54
901.79	1201.95
901.97	1188.99
902.14	1198.86
902.32	1194.48
902.49	1209.96
902.67	1202.16
902.84	1208.28
903.02	1202.06
903.19	1198.64
903.37	1191.84
903.54	1194.13
903.72	1194.68
903.89	1195.46
904.07	1199.80
904.24	1200.83
904.42	1193.23
904.59	1205.15
904.77	1196.57
904.94	1200.21
905.12	1194.54
905.29	1201.81
905.47	1194.33
905.64	1199.21
905.82	1195.87
905.99	1205.19
906.16	1199.62
906.34	1200.60
906.51	1197.84
906.69	1198.29
906.86	1192.04
907.04	1196.96
907.21	1189.17
907.39	1201.77
907.56	1198.06
907.74	1196.77
907.91	1198.35
908.09	1197.37
908.26	1193.68
908.43	1198.92
908.61	1194.95
908.78	1197.32
908.96	1192.94
909.13	1200.93
909.31	1188.42
909.48	1203.57
909.65	1194.31
909.83	1200.23
910.00	1198.47
910.18	1194.78
910.35	1186.98
910.53	1202.03
910.70	1195.40
910.87	1211.58
911.05	1193.11
911.22	1197.65
911.40	1194.50
911.57	1204.66
911.75	1196.51
911.92	1201.26
912.09	1194.48
912.27	1200.01
912.44	1193.29
912.62	1205.21
912.79	1187.25
912.96	1195.67
913.14	1195.42
913.31	1197.37
913.49	1188.50
913.66	1193.54
913.83	1197.47
914.01	1196.79
914.18	1192.84
914.36	1205.72
914.53	1198.23
914.70	1208.79
914.88	1190.85
915.05	1204.74
915.22	1196.05
915.40	1202.08
915.57	1196.05
915.75	1201.85
915.92	1198.08
916.09	1196.26
916.27	1203.63
916.44	1202.85
916.61	1199.27
916.79	1202.18
916.96	1202.61
917.13	1203.14
917.31	1194.33
917.48	1205.09
917.66	1191.18
917.83	1201.01
918.00	1194.97
918.18	1204.92
918.35	1195.48
918.52	1204.86
918.70	1190.85
918.87	1195.58
919.04	1198.94
919.22	1204.19
919.39	1191.39
919.56	1200.77
919.74	1193.29
919.91	1199.02
920.08	1192.39
920.26	1194.31
920.43	1195.01
920.60	1210.35
920.78	1194.05
920.95	1202.75
921.12	1191.90
921.29	1202.38
921.47	1192.72
921.64	1200.85
921.81	1186.08
921.99	1198.43
922.16	1187.84
922.33	1200.68
922.51	1196.67
922.68	1205.43
922.85	1200.66
923.03	1196.40
923.20	1196.03
923.37	1198.78
923.54	1196.18
923.72	1194.85
923.89	1196.96
924.06	1197.80
924.24	1198.04
924.41	1195.17
924.58	1189.48
924.75	1198.66
924.93	1193.84
925.10	1199.11
925.27	1197.49
925.44	1206.52
925.62	1195.69
925.79	1196.61
925.96	1202.59
926.14	1190.89
926.31	1194.33
926.48	1202.01
926.65	1183.52
926.83	1200.60
927.00	1200.58
927.17	1202.44
927.34	1189.97
927.52	1197.41
927.69	1183.38
927.86	1199.54
928.03	1193.99
928.21	1203.88
928.38	1195.30
928.55	1195.73
928.72	1196.36
928.89	1201.05
929.07	1192.35
929.24	1205.62
929.41	1193.95
929.58	1195.79
929.76	1194.83
929.93	1202.16
930.10	1201.13
930.27	1202.32
930.44	1195.13
930.62	1203.98
930.79	1191.79
930.96	1198.18
931.13	1189.28
931.31	1199.88
931.48	1188.01
931.65	1201.26
931.82	1198.61
931.99	1201.77
932.17	1189.09
932.34	1196.96
932.51	1186.31
932.68	1206.79
932.85	1195.99
933.03	1201.52
933.20	1193.09
933.37	1208.96
933.54	1192.68
933.71	1194.74
933.88	1198.86
934.06	1197.73
934.23	1194.29
934.40	1206.75
934.57	1196.16
934.74	1200.17
934.91	1195.93
935.09	1195.46
935.26	1196.89
935.43	1207.32
935.60	1187.35
935.77	1202.08
935.94	1194.31
936.12	1203.04
936.29	1194.33
936.46	1197.45
936.63	1197.37
936.80	1199.00
936.97	1191.45
937.14	1201.87
937.32	1193.31
937.49	1203.00
937.66	1199.82
937.83	1197.51
938.00	1189.71
938.17	1192.12
938.34	1191.53
938.52	1203.06
938.69	1197.32
938.86	1210.27
939.03	1193.60
939.20	1206.68
939.37	1203.39
939.54	1204.19
939.71	1194.19
939.89	1195.03
940.06	1195.26
940.23	1197.53
940.40	1188.29
940.57	1197.55
940.74	1194.42
940.91	1195.73
941.08	1197.10
941.25	1202.42
941.43	1197.41
941.60	1202.30
941.77	1196.57
941.94	1202.22
942.11	1196.69
942.28	1204.62
942.45	1193.49
942.62	1198.78
942.79	1191.86
942.96	1196.38
943.13	1193.88
943.30	1199.19
943.48	1197.37
943.65	1202.06
943.82	1191.26
943.99	1202.96
944.16	1196.77
944.33	1203.04
944.50	1192.53
944.67	1208.83
944.84	1186.86
945.01	1203.82
945.18	1198.88
945.35	1202.16
945.52	1197.37
945.69	1197.10
945.86	1199.23
946.03	1199.95
946.21	1199.39
946.38	1196.96
946.55	1197.84
946.72	1201.42
946.89	1187.88
947.06	1200.48
947.23	1196.63
947.40	1198.96
947.57	1185.34
947.74	1203.28
947.91	1197.84
948.08	1204.59
948.25	1194.09
948.42	1205.05
948.59	1197.34
948.76	1199.90
948.93	1193.82
949.10	1195.75
949.27	1192.61
949.44	1202.12
949.61	1189.67
949.78	1204.23
949.95	1196.73
950.12	1203.86
950.29	1192.25
950.46	1204.47
950.63	1195.85
950.80	1204.57
950.97	1194.70
951.14	1201.05
951.31	1190.42
951.48	1204.14
951.65	1191.86
951.82	1193.62
951.99	1191.77
952.16	1200.91
952.33	1190.93
952.50	1201.28
952.67	1197.34
952.84	1205.99
953.01	1195.91
953.18	1199.56
953.35	1196.01
953.52	1207.46
953.69	1197.04
953.86	1194.50
954.03	1191.65
954.20	1202.30
954.37	1203.30
954.54	1196.96
954.70	1199.88
954.87	1195.73
955.04	1202.22
955.21	1206.95
955.38	1188.52
955.55	1201.91
955.72	1194.87
955.89	1201.65
956.06	1200.81
956.23	1203.94
956.40	1188.17
956.57	1195.34
956.74	1197.12
956.91	1195.83
957.08	1189.15
957.25	1202.12
957.41	1199.78
957.58	1201.71
957.75	1193.70
957.92	1203.84
958.09	1197.32
958.26	1200.09
958.43	1197.20
958.60	1203.37
958.77	1192.70
958.94	1205.54
959.11	1195.28
959.27	1203.49
959.44	1201.83
959.61	1206.32
959.78	1191.55
959.95	1202.75
960.12	1194.66
960.29	1214.53
960.46	1190.89
960.63	1204.19
960.80	1189.75
960.96	1206.15
961.13	1194.74
961.30	1203.59
961.47	1193.97
961.64	1205.64
961.81	1198.49
961.98	1197.24
962.15	1191.45
962.31	1197.61
962.48	1190.24
962.65	1191.94
962.82	1190.05
962.99	1201.22
963.16	1193.21
963.33	1200.38
963.49	1193.31
963.66	1196.01
963.83	1197.88
964.00	1205.54
964.17	1192.14
964.34	1205.37
964.51	1191.65
964.67	1195.17
964.84	1195.05
965.01	1215.61
965.18	1198.33
965.35	1206.11
965.52	1197.63
965.68	1200.44
965.85	1186.98
966.02	1197.98
966.19	1202.87
966.36	1196.20
966.52	1190.28
966.69	1204.12
966.86	1196.98
967.03	1202.34
967.20	1191.69
967.37	1206.05
967.53	1198.68
967.70	1202.79
967.87	1198.66
968.04	1201.75
968.21	1194.87
968.37	1198.78
968.54	1195.67
968.71	1198.43
968.88	1189.71
969.05	1202.32
969.21	1193.82
969.38	1197.08
969.55	1198.39
969.72	1207.81
969.89	1193.68
970.05	1200.58
970.22	1199.41
970.39	1200.07
970.56	1197.92
970.72	1204.45
970.89	1195.65
971.06	1207.54
971.23	1189.89
971.39	1197.16
971.56	1194.13
971.73	1200.21
971.90	1187.39
972.07	1203.78
972.23	1192.86
972.40	1204.86
972.57	1195.40
972.74	1196.03
972.90	1199.07
973.07	1201.17
973.24	1190.55
973.40	1200.85
973.57	1197.24
973.74	1203.06
973.91	1194.29
974.07	1205.15
974.24	1196.16
974.41	1201.28
974.58	1199.62
974.74	1195.46
974.91	1203.18
975.08	1199.50
975.25	1185.24
975.41	1200.03
975.58	1195.09
975.75	1200.81
975.91	1187.45
976.08	1200.52
976.25	1193.70
976.42	1196.26
976.58	1192.04
976.75	1202.46
976.92	1191.49
977.08	1202.46
977.25	1194.11
977.42	1202.53
977.58	1195.99
977.75	1198.98
977.92	1192.31
978.08	1199.86
978.25	1193.64
978.42	1201.30
978.59	1200.79
978.75	1205.52
978.92	1193.21
979.09	1199.47
979.25	1196.51
979.42	1196.44
979.59	1192.80
979.75	1197.69
979.92	1202.42
980.09	1201.73
980.25	1188.29
980.42	1196.48
980.59	1193.15
980.75	1199.58
980.92	1197.92
981.09	1197.92
981.25	1196.98
981.42	1200.15
981.59	1198.12
981.75	1200.07
981.92	1198.86
982.08	1199.78
982.25	1195.91
982.42	1201.44
982.58	1192.16
982.75	1197.02
982.92	1196.77
983.08	1199.86
983.25	1196.30
983.42	1197.86
983.58	1191.57
983.75	1197.84
983.91	1193.78
984.08	1204.47
984.25	1202.16
984.41	1198.33
984.58	1191.41
984.74	1207.46
984.91	1190.30
985.08	1197.53
985.24	1192.12
985.41	1201.65
985.57	1197.96
985.74	1198.57
985.91	1191.77
986.07	1207.24
986.24	1196.26
986.40	1198.68
986.57	1191.51
986.74	1205.11
986.90	1195.46
987.07	1201.01
987.23	1190.63
987.40	1203.88
987.57	1196.81
987.73	1201.07
987.90	1190.89
988.06	1197.67
988.23	1193.45
988.39	1202.38
988.56	1195.79
988.73	1198.27
988.89	1194.31
989.06	1197.53
989.22	1195.48
989.39	1199.37
989.55	1199.04
989.72	1202.89
989.88	1187.84
990.05	1204.66
990.22	1196.05
990.38	1198.43
990.55	1194.66
990.71	1200.89
990.88	1203.71
991.04	1192.80
991.21	1199.00
991.37	1201.09
991.54	1192.41
991.70	1201.63
991.87	1194.95
992.03	1197.28
992.20	1197.82
992.36	1201.01
992.53	1192.18
992.69	1192.72
992.86	1195.77
993.03	1202.32
993.19	1193.25
993.36	1203.12
993.52	1193.21
993.69	1204.08
993.85	1193.84
994.02	1197.39
994.18	1196.71
994.35	1198.39
994.51	1195.11
994.68	1191.71
994.84	1201.28
995.01	1202.26
995.17	1192.80
995.34	1189.01
995.50	1195.89
995.66	1200.48
995.83	1198.23
995.99	1206.23
996.16	1197.63
996.32	1198.47
996.49	1194.93
996.65	1206.77
996.82	1193.62
996.98	1200.25
997.15	1191.32
997.31	1200.95
997.48	1190.87
997.64	1203.86
997.81	1199.15
997.97	1201.36
998.13	1191.88
998.30	1201.20
998.46	1194.81
998.63	1204.70
998.79	1190.32
998.96	1197.06
999.12	1196.32
999.29	1201.01
999.45	1194.66
999.61	1206.42
999.78	1197.90
999.94	1195.69
1000.11	1202.10
1000.27	1199.17
1000.44	1198.08
1000.60	1200.09
1000.76	1190.67
1000.93	1209.59
1001.09	1199.76
1001.26	1202.67
1001.42	1197.84
1001.59	1200.23
1001.75	1194.25
1001.91	1199.66
1002.08	1199.64
1002.24	1198.23
1002.41	1193.21
1002.57	1212.85
1002.73	1197.06
1002.90	1194.05
1003.06	1198.06
1003.23	1199.58
1003.39	1191.34
1003.55	1199.27
1003.72	1203.08
1003.88	1201.17
1004.04	1187.04
1004.21	1200.72
1004.37	1195.93
1004.54	1200.48
1004.70	1199.47
1004.86	1203.12
1005.03	1198.25
1005.19	1197.47
1005.35	1195.93
1005.52	1196.30
1005.68	1188.25
1005.85	1197.65
1006.01	1194.83
1006.17	1201.44
1006.34	1188.52
1006.50	1203.61
1006.66	1193.68
1006.83	1206.40
1006.99	1188.07
1007.15	1197.14
1007.32	1197.65
1007.48	1203.22
1007.64	1190.24
1007.81	1198.35
1007.97	1196.01
1008.13	1195.58
1008.30	1194.42
1008.46	1206.36
1008.62	1196.89
1008.79	1202.16
1008.95	1187.29
1009.11	1197.88
1009.28	1193.11
1009.44	1198.51
1009.60	1196.75
1009.77	1200.81
1009.93	1192.39
1010.09	1204.78
1010.25	1194.76
1010.42	1197.12
1010.58	1198.64
1010.74	1209.55
1010.91	1189.83
1011.07	1203.18
1011.23	1190.40
1011.40	1203.00
1011.56	1189.56
1011.72	1191.77
1011.88	1198.80
1012.05	1196.87
1012.21	1192.59
1012.37	1199.70
1012.54	1199.78
1012.70	1204.37
1012.86	1200.31
1013.02	1196.53
1013.19	1202.87
1013.35	1200.93
1013.51	1194.74
1013.67	1205.11
1013.84	1198.35
1014.00	1207.87
1014.16	1195.05
1014.33	1204.39
1014.49	1198.78
1014.65	1200.38
1014.81	1192.88
1014.98	1205.60
1015.14	1189.26
1015.30	1198.45
1015.46	1196.42
1015.62	1203.76
1015.79	1191.26
1015.95	1202.63
1016.11	1201.24
1016.27	1192.78
1016.44	1193.70
1016.60	1203.63
1016.76	1194.89
1016.92	1196.81
1017.09	1191.49
1017.25	1201.67
1017.41	1195.95
1017.57	1197.90
1017.73	1194.89
1017.90	1200.50
1018.06	1190.30
1018.22	1203.55
1018.38	1195.60
1018.54	1198.68
1018.71	1201.97
1018.87	1197.63
1019.03	1194.85
1019.19	1198.78
1019.35	1192.14
1019.52	1207.73
1019.68	1198.66
1019.84	1195.97
1020.00	1203.73
1020.16	1204.12
1020.33	1195.11
1020.49	1204.55
1020.65	1192.68
1020.81	1202.32
1020.97	1200.15
1021.13	1198.84
1021.30	1196.83
1021.46	1203.55
1021.62	1197.59
1021.78	1198.78
1021.94	1192.29
1022.10	1205.60
1022.27	1192.76
1022.43	1204.16
1022.59	1198.04
1022.75	1199.72
1022.91	1190.20
1023.07	1202.28
1023.24	1196.05
1023.40	1205.35
1023.56	1197.69
1023.72	1200.33
1023.88	1193.64
1024.04	1199.97
1024.20	1194.01
1024.36	1204.33
1024.53	1196.77
1024.69	1197.16
1024.85	1198.29
1025.01	1196.42
1025.17	1197.08
1025.33	1206.83
1025.49	1195.95
1025.65	1198.18
1025.82	1201.11
1025.98	1197.47
1026.14	1189.32
1026.30	1202.16
1026.46	1196.94
1026.62	1205.52
1026.78	1200.25
1026.94	1201.99
1027.10	1193.02
1027.26	1197.69
1027.43	1195.65
1027.59	1205.70
1027.75	1197.39
1027.91	1198.76
1028.07	1192.47
1028.23	1205.15
1028.39	1187.78
1028.55	1200.38
1028.71	1192.92
1028.87	1197.94
1029.03	1189.62
1029.19	1201.63
1029.36	1192.16
1029.52	1199.99
1029.68	1194.95
1029.84	1202.49
1030.00	1198.68
1030.16	1207.13
1030.32	1191.43
1030.48	1205.93
1030.64	1190.55
1030.80	1209.80
1030.96	1192.55
1031.12	1198.39
1031.28	1195.79
1031.44	1203.61
1031.60	1194.76
1031.76	1196.26
1031.92	1200.64
1032.08	1212.75
1032.24	1193.70
1032.40	1199.43
1032.56	1189.85
1032.73	1207.91
1032.89	1188.15
1033.05	1200.42
1033.21	1190.26
1033.37	1202.61
1033.53	1195.30
1033.69	1203.41
1033.85	1196.73
1034.01	1203.30
1034.17	1195.42
1034.33	1200.93
1034.49	1199.21
1034.65	1200.58
1034.81	1193.84
1034.97	1199.09
1035.13	1201.26
1035.29	1198.14
1035.45	1194.40
1035.61	1204.51
1035.77	1197.26
1035.93	1193.45
1036.09	1191.96
1036.25	1201.01
1036.41	1195.99
1036.57	1201.56
1036.73	1197.26
1036.88	1205.68
1037.04	1195.28
