345.52	1186.31
345.73	1186.31
345.94	1186.31
346.16	1176.01
346.37	1173.81
346.58	1183.97
346.79	1190.24
347.00	1188.35
347.22	1190.65
347.43	1182.66
347.64	1190.79
347.85	1187.54
348.06	1192.37
348.28	1189.52
348.49	1200.38
348.70	1187.78
348.91	1193.41
349.12	1184.73
349.34	1193.17
349.55	1185.51
349.76	1191.51
349.97	1188.23
350.18	1192.35
350.40	1190.81
350.61	1187.35
350.82	1194.72
351.03	1193.43
351.24	1187.33
351.46	1189.13
351.67	1187.35
351.88	1195.69
352.09	1178.95
352.30	1188.93
352.51	1195.81
352.73	1195.09
352.94	1187.04
353.15	1196.65
353.36	1193.68
353.57	1200.85
353.79	1191.61
354.00	1186.49
354.21	1188.80
354.42	1198.25
354.63	1189.73
354.84	1186.39
355.06	1188.03
355.27	1185.51
355.48	1177.42
355.69	1199.15
355.90	1193.88
356.11	1190.05
356.33	1192.63
356.54	1191.63
356.75	1191.32
356.96	1199.70
357.17	1186.31
357.38	1194.97
357.60	1190.01
357.81	1194.21
358.02	1189.44
358.23	1201.22
358.44	1184.05
358.65	1187.00
358.87	1189.40
359.08	1192.63
359.29	1189.23
359.50	1194.81
359.71	1189.93
359.92	1197.24
360.13	1187.39
360.35	1194.48
360.56	1199.04
360.77	1197.34
360.98	1194.72
361.19	1194.78
361.40	1186.12
361.62	1199.70
361.83	1183.40
362.04	1192.88
362.25	1189.30
362.46	1193.04
362.67	1187.99
362.88	1194.44
363.10	1185.45
363.31	1187.54
363.52	1189.67
363.73	1186.68
363.94	1190.50
364.15	1197.73
364.36	1195.77
364.57	1193.56
364.79	1188.17
365.00	1191.20
365.21	1197.04
365.42	1192.23
365.63	1191.98
365.84	1188.01
366.05	1198.33
366.27	1197.92
366.48	1189.69
366.69	1196.55
366.90	1188.35
367.11	1194.31
367.32	1185.73
367.53	1190.61
367.74	1189.19
367.95	1189.81
368.17	1194.25
368.38	1198.80
368.59	1194.05
368.80	1196.73
369.01	1189.46
369.22	1194.62
369.43	1192.90
369.64	1200.17
369.86	1188.60
370.07	1197.82
370.28	1187.51
370.49	1197.65
370.70	1190.30
370.91	1192.74
371.12	1190.59
371.33	1194.99
371.54	1193.99
371.76	1192.27
371.97	1188.03
372.18	1193.86
372.39	1186.90
372.60	1197.55
372.81	1193.54
373.02	1189.79
373.23	1185.81
373.44	1195.30
373.65	1193.58
373.87	1194.44
374.08	1187.99
374.29	1196.24
374.50	1189.97
374.71	1197.96
374.92	1197.96
375.13	1193.19
375.34	1196.46
375.55	1189.32
375.76	1190.71
375.97	1192.49
376.19	1188.95
376.40	1195.38
376.61	1193.37
376.82	1198.47
377.03	1187.54
377.24	1204.47
377.45	1188.33
377.66	1196.03
377.87	1195.67
378.08	1199.00
378.29	1191.22
378.50	1194.87
378.71	1184.44
378.93	1195.89
379.14	1187.11
379.35	1187.41
379.56	1192.88
379.77	1197.65
379.98	1190.85
380.19	1193.19
380.40	1198.21
380.61	1193.19
380.82	1188.89
381.03	1199.47
381.24	1196.89
381.45	1199.00
381.66	1188.52
381.88	1192.96
382.09	1186.88
382.30	1198.35
382.51	1192.43
382.72	1185.86
382.93	1188.40
383.14	1199.90
383.35	1188.95
383.56	1199.23
383.77	1188.33
383.98	1201.07
384.19	1192.80
384.40	1198.14
384.61	1183.64
384.82	1209.28
385.03	1188.07
385.24	1192.59
385.45	1185.43
385.67	1193.06
385.88	1190.05
386.09	1204.47
386.30	1189.01
386.51	1194.33
386.72	1197.06
386.93	1196.79
387.14	1187.39
387.35	1205.07
387.56	1194.54
387.77	1195.71
387.98	1191.08
388.19	1200.72
388.40	1184.07
388.61	1207.58
388.82	1193.90
389.03	1188.99
389.24	1196.42
389.45	1198.76
389.66	1188.93
389.87	1200.13
390.08	1188.70
390.29	1196.85
390.50	1193.47
390.71	1192.12
390.92	1192.10
391.13	1199.13
391.34	1186.20
391.55	1195.01
391.76	1190.18
391.98	1194.68
392.19	1186.86
392.40	1198.18
392.61	1190.79
392.82	1199.09
393.03	1188.68
393.24	1206.17
393.45	1188.76
393.66	1197.51
393.87	1195.30
394.08	1194.15
394.29	1193.19
394.50	1201.56
394.71	1187.08
394.92	1200.66
395.13	1192.14
395.34	1190.67
395.55	1192.10
395.76	1195.30
395.97	1186.14
396.18	1197.04
396.39	1193.80
396.60	1199.31
396.81	1191.12
397.02	1201.09
397.23	1194.97
397.44	1197.18
397.65	1192.00
397.86	1197.69
398.07	1182.62
398.28	1204.02
398.49	1193.60
398.70	1200.60
398.91	1197.06
399.12	1196.81
399.33	1181.41
399.54	1190.81
399.75	1191.04
399.96	1193.84
400.17	1189.09
400.38	1195.09
400.59	1188.80
400.80	1191.36
401.01	1180.53
401.22	1192.37
401.42	1195.30
401.63	1200.15
401.84	1189.83
402.05	1194.11
402.26	1196.46
402.47	1196.55
402.68	1196.22
402.89	1197.75
403.10	1191.30
403.31	1197.65
403.52	1194.70
403.73	1199.56
403.94	1191.28
404.15	1202.24
404.36	1189.60
404.57	1204.51
404.78	1184.12
404.99	1201.83
405.20	1188.58
405.41	1200.58
405.62	1196.73
405.83	1204.33
406.04	1194.46
406.25	1200.91
406.46	1188.11
406.67	1195.36
406.88	1195.46
407.09	1199.68
407.30	1196.30
407.50	1197.82
407.71	1192.37
407.92	1197.92
408.13	1194.11
408.34	1193.60
408.55	1197.65
408.76	1201.05
408.97	1192.70
409.18	1194.64
409.39	1189.97
409.60	1196.24
409.81	1180.63
410.02	1192.31
410.23	1190.28
410.44	1201.13
410.65	1188.50
410.86	1194.07
411.07	1198.94
411.27	1197.47
411.48	1189.46
411.69	1187.41
411.90	1185.04
412.11	1194.23
412.32	1189.67
412.53	1199.78
412.74	1192.16
412.95	1198.49
413.16	1186.94
413.37	1196.53
413.58	1190.24
413.79	1195.87
414.00	1182.70
414.20	1196.55
414.41	1187.64
414.62	1203.41
414.83	1190.79
415.04	1210.02
415.25	1187.21
415.46	1197.96
415.67	1186.41
415.88	1196.61
416.09	1196.32
416.30	1192.43
416.51	1194.15
416.71	1198.29
416.92	1194.50
417.13	1193.68
417.34	1193.60
417.55	1200.72
417.76	1188.62
417.97	1196.34
418.18	1189.17
418.39	1203.71
418.60	1188.40
418.81	1191.86
419.01	1184.75
419.22	1191.34
419.43	1192.20
419.64	1202.34
419.85	1183.50
420.06	1198.04
420.27	1187.29
420.48	1196.69
420.69	1185.88
420.90	1201.15
421.10	1190.40
421.31	1196.18
421.52	1193.54
421.73	1192.06
421.94	1190.79
422.15	1200.79
422.36	1196.34
422.57	1200.36
422.78	1195.07
422.98	1198.80
423.19	1192.41
423.40	1202.63
423.61	1192.33
423.82	1203.26
424.03	1189.64
424.24	1196.67
424.45	1182.46
424.65	1199.68
424.86	1192.78
425.07	1198.39
425.28	1188.23
425.49	1196.51
425.70	1198.90
425.91	1198.88
426.12	1184.16
426.32	1197.49
426.53	1192.80
426.74	1203.20
426.95	1191.94
427.16	1197.86
427.37	1185.38
427.58	1200.29
427.78	1192.82
427.99	1196.73
428.20	1193.04
428.41	1194.11
428.62	1184.61
428.83	1199.17
429.04	1192.59
429.24	1201.99
429.45	1194.87
429.66	1197.22
429.87	1189.03
430.08	1197.65
430.29	1193.86
430.50	1195.36
430.70	1192.39
430.91	1197.53
431.12	1186.22
431.33	1198.74
431.54	1190.79
431.75	1202.87
431.96	1192.18
432.16	1205.48
432.37	1186.49
432.58	1201.30
432.79	1194.44
433.00	1194.21
433.21	1193.00
433.41	1193.78
433.62	1186.74
433.83	1194.03
434.04	1192.55
434.25	1199.04
434.46	1196.42
434.66	1200.29
434.87	1189.95
435.08	1201.20
435.29	1191.96
435.50	1199.41
435.71	1192.10
435.91	1202.22
436.12	1188.21
436.33	1191.26
436.54	1192.78
436.75	1202.40
436.95	1184.69
437.16	1190.59
437.37	1190.07
437.58	1204.78
437.79	1190.16
438.00	1207.38
438.20	1186.82
438.41	1202.77
438.62	1190.73
438.83	1198.27
439.04	1187.54
439.24	1199.37
439.45	1194.15
439.66	1198.55
439.87	1188.74
440.08	1203.86
440.28	1199.41
440.49	1199.43
440.70	1192.92
440.91	1197.24
441.12	1200.31
441.32	1195.99
441.53	1191.86
441.74	1197.94
441.95	1198.86
442.16	1196.59
442.36	1199.07
442.57	1203.06
442.78	1193.95
442.99	1202.16
443.20	1190.89
443.40	1198.74
443.61	1199.70
443.82	1205.17
444.03	1193.25
444.24	1204.25
444.44	1197.28
444.65	1204.66
444.86	1194.09
445.07	1197.78
445.27	1196.18
445.48	1204.12
445.69	1197.30
445.90	1201.85
446.11	1194.62
446.31	1198.72
446.52	1190.55
446.73	1201.11
446.94	1192.72
447.14	1204.94
447.35	1196.55
447.56	1204.96
447.77	1197.84
447.97	1203.47
448.18	1197.67
448.39	1197.78
448.60	1197.39
448.81	1200.62
449.01	1196.55
449.22	1207.22
449.43	1201.44
449.64	1206.97
449.84	1201.93
450.05	1207.75
450.26	1191.45
450.47	1206.56
450.67	1192.68
450.88	1199.60
451.09	1194.15
451.30	1199.86
451.50	1196.34
451.71	1205.56
451.92	1189.46
452.13	1201.38
452.33	1196.51
452.54	1201.79
452.75	1200.48
452.96	1203.53
453.16	1194.25
453.37	1206.19
453.58	1198.53
453.79	1208.73
453.99	1201.97
454.20	1202.65
454.41	1201.30
454.61	1210.47
454.82	1200.25
455.03	1207.54
455.24	1204.62
455.44	1210.64
455.65	1201.95
455.86	1205.60
456.07	1201.81
456.27	1209.31
456.48	1206.50
456.69	1205.07
456.90	1198.98
457.10	1204.76
457.31	1198.43
457.52	1208.47
457.72	1198.57
457.93	1206.66
458.14	1205.91
458.35	1207.44
458.55	1198.27
458.76	1204.27
458.97	1200.72
459.17	1200.33
459.38	1199.04
459.59	1210.45
459.80	1200.15
460.00	1205.50
460.21	1203.65
460.42	1206.54
460.62	1206.97
460.83	1208.59
461.04	1207.75
461.25	1206.21
461.45	1198.08
461.66	1209.76
461.87	1210.82
462.07	1208.12
462.28	1198.90
462.49	1214.69
462.69	1210.00
462.90	1213.26
463.11	1206.36
463.31	1207.38
463.52	1201.28
463.73	1212.05
463.94	1201.87
464.14	1206.79
464.35	1201.87
464.56	1213.32
464.76	1205.00
464.97	1212.11
465.18	1202.96
465.38	1208.36
465.59	1213.69
465.80	1216.76
466.00	1207.36
466.21	1213.63
466.42	1205.93
466.62	1219.22
466.83	1213.09
467.04	1216.04
467.24	1215.10
467.45	1216.94
467.66	1212.44
467.86	1216.90
468.07	1215.98
468.28	1226.61
468.48	1226.57
468.69	1232.37
468.90	1227.51
469.10	1235.48
469.31	1242.40
469.52	1253.15
469.72	1255.71
469.93	1277.36
470.14	1274.74
470.34	1291.61
470.55	1293.91
470.76	1320.55
470.96	1317.17
471.17	1333.13
471.38	1335.34
471.58	1365.05
471.79	1372.18
472.00	1402.00
472.20	1423.22
472.41	1481.58
472.62	1534.52
472.82	1599.32
473.03	1687.98
473.24	1777.76
473.44	1842.23
473.65	1936.56
473.85	1987.84
474.06	2067.44
474.27	2092.06
474.47	2152.60
474.68	2165.75
474.89	2220.22
475.09	2237.92
475.30	2237.16
475.51	2284.96
475.71	2280.82
475.92	2298.41
476.12	2329.54
476.33	2342.53
476.54	2350.15
476.74	2345.37
476.95	2376.54
477.16	2399.32
477.36	2412.79
477.57	2404.93
477.77	2407.08
477.98	2401.30
478.19	2410.23
478.39	2360.53
478.60	2332.78
478.81	2267.94
479.01	2202.84
479.22	2133.96
479.42	2061.42
479.63	1990.01
479.84	1946.72
480.04	1879.11
480.25	1847.43
480.45	1803.38
480.66	1789.92
480.87	1748.45
481.07	1721.48
481.28	1704.16
481.48	1687.59
481.69	1668.23
481.90	1646.30
482.10	1638.66
482.31	1624.69
482.51	1602.62
482.72	1603.81
482.93	1574.23
483.13	1568.09
483.34	1551.66
483.54	1550.46
483.75	1527.93
483.96	1530.34
484.16	1513.14
484.37	1509.80
484.57	1491.41
484.78	1493.32
484.99	1467.72
485.19	1472.82
485.40	1467.66
485.60	1456.35
485.81	1445.31
486.01	1435.71
486.22	1437.67
486.43	1431.16
486.63	1419.86
486.84	1419.04
487.04	1409.04
487.25	1410.50
487.46	1401.73
487.66	1407.08
487.87	1401.49
488.07	1400.50
488.28	1394.46
488.48	1397.84
488.69	1392.33
488.89	1405.81
489.10	1396.39
489.31	1405.56
489.51	1397.96
489.72	1418.83
489.92	1420.33
490.13	1452.42
490.33	1476.44
490.54	1532.70
490.75	1566.98
490.95	1633.91
491.16	1690.05
491.36	1748.06
491.57	1794.64
491.77	1847.49
491.98	1861.79
492.18	1885.07
492.39	1891.20
492.59	1900.56
492.80	1870.74
493.01	1867.19
493.21	1833.48
493.42	1807.09
493.62	1774.52
493.83	1737.78
494.03	1694.02
494.24	1658.49
494.44	1598.95
494.65	1560.74
494.85	1510.52
495.06	1472.94
495.26	1433.72
495.47	1417.69
495.68	1385.82
495.88	1367.72
496.09	1360.98
496.29	1352.48
496.50	1342.65
496.70	1337.14
496.91	1331.84
497.11	1339.74
497.32	1329.58
497.52	1342.48
497.73	1317.52
497.93	1319.94
498.14	1302.79
498.34	1311.36
498.55	1283.79
498.75	1274.53
498.96	1251.82
499.16	1241.79
499.37	1232.24
499.57	1232.75
499.78	1219.93
499.98	1224.50
500.19	1219.63
500.39	1218.91
500.60	1227.02
500.80	1218.66
501.01	1215.24
501.21	1218.60
501.42	1206.56
501.62	1217.80
501.83	1212.21
502.03	1224.73
502.24	1211.97
502.44	1217.09
502.65	1206.05
502.85	1216.19
503.06	1211.60
503.26	1210.86
503.47	1211.78
503.67	1212.07
503.88	1214.02
504.08	1207.26
504.29	1206.15
504.49	1210.96
504.70	1210.72
504.90	1206.79
505.11	1205.23
505.31	1207.97
505.52	1198.16
505.72	1206.19
505.93	1202.36
506.13	1211.60
506.34	1208.71
506.54	1205.13
506.75	1201.95
506.95	1212.87
507.16	1200.27
507.36	1206.77
507.56	1203.92
507.77	1205.27
507.97	1202.57
508.18	1201.48
508.38	1204.35
508.59	1207.54
508.79	1199.60
509.00	1211.93
509.20	1197.39
509.41	1207.30
509.61	1206.32
509.82	1212.03
510.02	1197.45
510.22	1199.23
510.43	1200.56
510.63	1205.68
510.84	1191.28
511.04	1202.67
511.25	1195.44
511.45	1208.08
511.66	1193.78
511.86	1197.65
512.06	1201.79
512.27	1203.45
512.47	1194.03
512.68	1211.23
512.88	1191.84
513.09	1209.94
513.29	1197.73
513.50	1206.95
513.70	1193.82
513.90	1209.59
514.11	1193.41
514.31	1198.78
514.52	1202.03
514.72	1195.85
514.93	1196.81
515.13	1199.68
515.33	1196.85
515.54	1198.74
515.74	1194.52
515.95	1199.68
516.15	1198.96
516.36	1205.02
516.56	1192.78
516.76	1195.07
516.97	1196.51
517.17	1195.79
517.38	1198.61
517.58	1202.46
517.78	1202.46
517.99	1205.52
518.19	1195.13
518.40	1203.73
518.60	1195.95
518.81	1196.16
519.01	1200.33
519.21	1198.68
519.42	1192.98
519.62	1210.62
519.83	1194.83
520.03	1209.16
520.23	1193.17
520.44	1203.86
520.64	1197.49
520.85	1207.07
521.05	1195.19
521.25	1201.52
521.46	1197.69
521.66	1210.19
521.86	1193.02
522.07	1197.57
522.27	1197.10
522.48	1197.65
522.68	1200.54
522.88	1200.13
523.09	1194.07
523.29	1209.41
523.50	1196.85
523.70	1201.85
523.90	1195.67
524.11	1192.78
524.31	1200.13
524.51	1199.09
524.72	1183.21
524.92	1197.53
525.13	1199.68
525.33	1197.08
525.53	1193.84
525.74	1200.38
525.94	1197.18
526.14	1192.53
526.35	1193.56
526.55	1193.74
526.76	1189.09
526.96	1197.34
527.16	1189.69
527.37	1196.57
527.57	1188.09
527.77	1199.64
527.98	1192.29
528.18	1202.87
528.38	1195.44
528.59	1195.60
528.79	1191.45
528.99	1205.27
529.20	1191.94
529.40	1191.71
529.61	1187.94
529.81	1199.41
530.01	1197.92
530.22	1196.34
530.42	1186.76
530.62	1196.71
530.83	1192.70
531.03	1190.18
531.23	1193.35
531.44	1200.15
531.64	1191.26
531.84	1197.84
532.05	1186.14
532.25	1201.36
532.45	1189.07
532.66	1203.76
532.86	1190.46
533.06	1205.37
533.27	1185.96
533.47	1204.45
533.67	1193.47
533.88	1194.07
534.08	1196.05
534.28	1193.21
534.49	1190.18
534.69	1199.68
534.89	1184.73
535.09	1194.93
535.30	1186.47
535.50	1193.33
535.70	1192.18
535.91	1191.39
536.11	1192.00
536.31	1199.64
536.52	1191.90
536.72	1195.42
536.92	1193.33
537.13	1198.86
537.33	1193.29
537.53	1191.36
537.74	1191.88
537.94	1187.33
538.14	1191.04
538.34	1194.74
538.55	1190.26
538.75	1203.02
538.95	1199.29
539.16	1197.24
539.36	1188.83
539.56	1201.46
539.77	1195.65
539.97	1191.59
540.17	1189.07
540.37	1201.89
540.58	1189.56
540.78	1196.30
540.98	1193.19
541.19	1193.37
541.39	1198.21
541.59	1190.28
541.79	1187.60
542.00	1198.49
542.20	1194.40
542.40	1196.65
542.60	1183.11
542.81	1201.87
543.01	1187.90
543.21	1197.73
543.42	1180.80
543.62	1194.48
543.82	1189.62
544.02	1193.31
544.23	1194.11
544.43	1199.11
544.63	1189.26
544.83	1198.94
545.04	1189.67
545.24	1202.18
545.44	1187.90
545.64	1194.09
545.85	1185.71
546.05	1198.86
546.25	1189.60
546.45	1199.64
546.66	1190.96
546.86	1198.02
547.06	1190.22
547.27	1200.87
547.47	1192.90
547.67	1198.57
547.87	1190.93
548.07	1192.41
548.28	1188.50
548.48	1194.23
548.68	1189.58
548.88	1204.10
549.09	1186.29
549.29	1193.47
549.49	1188.78
549.69	1193.92
549.90	1191.98
550.10	1192.41
550.30	1191.61
550.50	1194.91
550.71	1196.10
550.91	1189.71
551.11	1188.25
551.31	1192.70
551.51	1189.19
551.72	1194.91
551.92	1188.42
552.12	1190.18
552.32	1179.83
552.53	1196.05
552.73	1188.62
552.93	1196.53
553.13	1198.37
553.33	1197.37
553.54	1189.09
553.74	1204.53
553.94	1195.62
554.14	1195.79
554.35	1188.05
554.55	1204.82
554.75	1194.72
554.95	1192.27
555.15	1194.15
555.36	1194.11
555.56	1187.80
555.76	1189.81
555.96	1191.63
556.16	1194.70
556.37	1190.32
556.57	1194.17
556.77	1185.06
556.97	1195.95
557.17	1183.44
557.38	1197.43
557.58	1186.18
557.78	1188.56
557.98	1187.56
558.18	1199.74
558.38	1183.77
558.59	1196.77
558.79	1186.22
558.99	1199.58
559.19	1184.61
559.39	1191.45
559.60	1192.70
559.80	1192.45
560.00	1189.69
560.20	1194.91
560.40	1192.82
560.60	1196.10
560.81	1186.84
561.01	1192.57
561.21	1193.62
561.41	1198.64
561.61	1184.40
561.81	1198.61
562.02	1188.11
562.22	1199.02
562.42	1188.13
562.62	1195.77
562.82	1190.44
563.02	1193.74
563.23	1196.94
563.43	1198.64
563.63	1187.31
563.83	1193.54
564.03	1195.07
564.23	1195.28
564.43	1194.97
564.64	1196.51
564.84	1195.52
565.04	1194.68
565.24	1189.30
565.44	1197.88
565.64	1184.34
565.85	1199.33
566.05	1191.69
566.25	1194.56
566.45	1183.28
566.65	1198.92
566.85	1196.85
567.05	1205.25
567.25	1195.07
567.46	1194.83
567.66	1182.11
567.86	1207.58
568.06	1191.16
568.26	1200.99
568.46	1188.46
568.66	1198.04
568.86	1192.00
569.07	1202.18
569.27	1192.76
569.47	1201.58
569.67	1183.62
569.87	1190.75
570.07	1188.87
570.27	1199.72
570.47	1190.24
570.68	1196.83
570.88	1186.94
571.08	1193.31
571.28	1187.29
571.48	1192.25
571.68	1191.71
571.88	1195.93
572.08	1187.97
572.28	1194.09
572.49	1196.67
572.69	1196.08
572.89	1189.17
573.09	1186.51
573.29	1191.45
573.49	1198.18
573.69	1197.67
573.89	1196.22
574.09	1199.60
574.29	1199.45
574.50	1190.24
574.70	1201.95
574.90	1197.08
575.10	1199.25
575.30	1186.45
575.50	1197.71
575.70	1193.17
575.90	1204.76
576.10	1192.47
576.30	1194.11
576.50	1187.45
576.70	1200.33
576.91	1183.68
577.11	1195.17
577.31	1190.34
577.51	1200.44
577.71	1199.54
577.91	1190.55
578.11	1190.55
578.31	1190.75
578.51	1189.44
578.71	1188.35
578.91	1189.83
579.11	1200.25
579.31	1183.62
579.51	1199.41
579.71	1189.03
579.92	1199.33
580.12	1194.60
580.32	1201.75
580.52	1187.90
580.72	1195.36
580.92	1189.46
581.12	1195.58
581.32	1192.51
581.52	1191.36
581.72	1191.34
581.92	1198.21
582.12	1193.45
582.32	1200.05
582.52	1186.90
582.72	1195.40
582.92	1188.27
583.12	1201.60
583.32	1187.33
583.52	1195.62
583.72	1191.88
583.92	1191.14
584.12	1182.50
584.33	1198.90
584.53	1189.13
584.73	1189.11
584.93	1188.50
585.13	1197.96
585.33	1190.32
585.53	1189.15
585.73	1183.83
585.93	1200.15
586.13	1185.38
586.33	1189.15
586.53	1187.68
586.73	1195.93
586.93	1195.42
587.13	1195.46
587.33	1193.70
587.53	1201.97
587.73	1195.60
587.93	1199.35
588.13	1187.04
588.33	1193.15
588.53	1191.39
588.73	1192.94
588.93	1191.88
589.13	1200.46
589.33	1190.50
589.53	1190.22
589.73	1194.68
589.93	1188.99
590.13	1193.06
590.33	1194.76
590.53	1198.23
590.73	1189.46
590.93	1189.42
591.13	1193.56
591.33	1185.12
591.53	1197.28
591.73	1190.36
591.93	1199.93
592.13	1193.37
592.33	1188.97
592.53	1187.45
592.73	1195.56
592.93	1188.17
593.13	1195.89
593.33	1192.20
593.53	1201.95
593.73	1186.02
593.93	1197.84
594.13	1193.49
594.33	1196.51
594.53	1191.43
594.73	1195.40
594.92	1190.18
595.12	1192.86
595.32	1190.01
595.52	1203.80
595.72	1187.90
595.92	1194.99
596.12	1194.66
596.32	1197.24
596.52	1186.43
596.72	1195.22
596.92	1191.45
597.12	1195.56
597.32	1187.60
597.52	1198.49
597.72	1183.44
597.92	1196.48
598.12	1190.71
598.32	1195.09
598.52	1185.63
598.72	1196.34
598.92	1192.25
599.12	1197.06
599.31	1193.00
599.51	1198.59
599.71	1195.99
599.91	1202.44
600.11	1191.77
600.31	1193.21
600.51	1197.63
600.71	1198.41
600.91	1189.48
601.11	1202.24
601.31	1188.07
601.51	1196.08
601.71	1194.78
601.91	1198.45
602.10	1188.27
602.30	1201.50
602.50	1181.72
602.70	1198.53
602.90	1189.91
603.10	1195.85
603.30	1185.32
603.50	1198.21
603.70	1183.71
603.90	1194.56
604.10	1193.60
604.30	1197.08
604.49	1187.54
604.69	1197.86
604.89	1188.68
605.09	1199.95
605.29	1188.58
605.49	1185.26
605.69	1194.09
605.89	1195.30
606.09	1190.89
606.29	1189.03
606.48	1192.06
606.68	1197.43
606.88	1191.18
607.08	1193.15
607.28	1189.97
607.48	1193.43
607.68	1188.19
607.88	1196.12
608.08	1188.03
608.27	1200.21
608.47	1182.48
608.67	1201.13
608.87	1190.14
609.07	1200.40
609.27	1192.35
609.47	1195.91
609.67	1194.99
609.87	1195.52
610.06	1184.55
610.26	1200.11
610.46	1191.75
610.66	1186.14
610.86	1195.97
611.06	1199.70
611.26	1187.08
611.45	1198.21
611.65	1194.60
611.85	1193.33
612.05	1189.71
612.25	1193.70
612.45	1191.69
612.65	1202.98
612.84	1196.61
613.04	1198.35
613.24	1191.67
613.44	1200.19
613.64	1190.71
613.84	1198.72
614.04	1185.59
614.23	1202.38
614.43	1188.09
614.63	1201.28
614.83	1192.39
615.03	1195.67
615.23	1195.83
615.42	1194.83
615.62	1197.37
615.82	1195.71
616.02	1194.40
616.22	1187.21
616.42	1194.40
616.61	1200.46
616.81	1193.84
617.01	1191.59
617.21	1186.68
617.41	1197.75
617.61	1189.36
617.80	1198.76
618.00	1186.74
618.20	1198.88
618.40	1180.51
618.60	1201.63
618.80	1186.74
618.99	1193.78
619.19	1185.88
619.39	1191.10
619.59	1189.64
619.79	1194.99
619.98	1190.38
620.18	1191.75
620.38	1194.58
620.58	1196.87
620.78	1186.76
620.97	1197.98
621.17	1192.08
621.37	1193.35
621.57	1188.68
621.77	1201.07
621.96	1189.44
622.16	1192.82
622.36	1195.60
622.56	1190.75
622.76	1186.88
622.95	1195.44
623.15	1193.86
623.35	1200.17
623.55	1190.98
623.75	1193.52
623.94	1191.65
624.14	1190.67
624.34	1194.33
624.54	1193.80
624.73	1188.85
624.93	1195.19
625.13	1192.53
625.33	1193.31
625.53	1189.77
625.72	1194.89
625.92	1198.08
626.12	1201.24
626.32	1188.37
626.51	1193.92
626.71	1187.80
626.91	1197.39
627.11	1185.65
627.30	1194.23
627.50	1187.45
627.70	1198.33
627.90	1192.31
628.10	1198.31
628.29	1190.22
628.49	1194.54
628.69	1195.83
628.89	1193.74
629.08	1191.36
629.28	1202.46
629.48	1192.94
629.68	1202.12
629.87	1186.10
630.07	1191.18
630.27	1189.26
630.47	1201.15
630.66	1186.70
630.86	1197.37
631.06	1192.04
631.25	1195.09
631.45	1190.50
631.65	1196.32
631.85	1187.97
632.04	1193.82
632.24	1189.23
632.44	1198.98
632.64	1196.87
632.83	1196.67
633.03	1186.96
633.23	1199.62
633.42	1189.75
633.62	1201.65
633.82	1189.71
634.02	1196.05
634.21	1192.86
634.41	1198.96
634.61	1188.42
634.81	1186.12
635.00	1190.32
635.20	1201.63
635.40	1194.99
635.59	1198.61
635.79	1192.20
635.99	1199.93
636.18	1194.58
636.38	1191.24
636.58	1193.99
636.78	1197.30
636.97	1190.61
637.17	1192.74
637.37	1194.74
637.56	1203.06
637.76	1193.95
637.96	1196.26
638.15	1194.15
638.35	1196.87
638.55	1190.44
638.74	1193.58
638.94	1185.84
639.14	1195.58
639.34	1192.72
639.53	1194.44
639.73	1197.45
639.93	1194.52
640.12	1196.94
640.32	1198.37
640.52	1188.42
640.71	1191.51
640.91	1195.42
641.11	1197.47
641.30	1186.57
641.50	1198.59
641.70	1189.15
641.89	1199.43
642.09	1195.62
642.29	1197.65
642.48	1190.77
642.68	1197.43
642.88	1188.40
643.07	1193.66
643.27	1193.47
643.47	1200.07
643.66	1189.67
643.86	1195.15
644.06	1193.76
644.25	1192.43
644.45	1198.55
644.65	1191.57
644.84	1191.61
645.04	1188.42
645.23	1195.28
645.43	1198.43
645.63	1182.68
645.82	1198.33
646.02	1188.54
646.22	1198.55
646.41	1190.87
646.61	1201.73
646.81	1188.60
647.00	1198.27
647.20	1187.58
647.39	1191.67
647.59	1193.09
647.79	1193.64
647.98	1190.42
648.18	1203.43
648.38	1191.69
648.57	1201.69
648.77	1188.95
648.96	1198.84
649.16	1192.14
649.36	1197.12
649.55	1181.88
649.75	1195.26
649.95	1191.55
650.14	1194.64
650.34	1191.20
650.53	1192.88
650.73	1180.82
650.93	1195.67
651.12	1186.14
651.32	1194.78
651.51	1189.52
651.71	1198.70
651.91	1190.53
652.10	1200.56
652.30	1193.00
652.49	1199.02
652.69	1184.26
652.89	1198.84
653.08	1187.35
653.28	1193.49
653.47	1190.83
653.67	1202.10
653.86	1189.17
654.06	1192.76
654.26	1192.90
654.45	1192.92
654.65	1193.95
654.84	1201.05
655.04	1187.15
655.24	1195.30
655.43	1192.35
655.63	1190.12
655.82	1189.75
656.02	1187.88
656.21	1184.63
656.41	1198.12
656.61	1190.98
656.80	1197.84
657.00	1194.58
657.19	1194.99
657.39	1194.85
657.58	1194.81
657.78	1187.11
657.97	1202.44
658.17	1196.03
658.37	1197.00
658.56	1194.15
658.76	1200.81
658.95	1186.82
659.15	1205.43
659.34	1190.22
659.54	1196.30
659.73	1189.95
659.93	1200.79
660.13	1190.38
660.32	1194.83
660.52	1195.03
660.71	1197.61
660.91	1198.74
661.10	1196.36
661.30	1188.19
661.49	1199.70
661.69	1186.37
661.88	1198.35
662.08	1191.88
662.27	1192.96
662.47	1187.00
662.66	1194.74
662.86	1189.83
663.06	1198.61
663.25	1191.12
663.45	1201.20
663.64	1193.54
663.84	1192.72
664.03	1186.88
664.23	1199.90
664.42	1192.29
664.62	1193.45
664.81	1184.40
665.01	1194.38
665.20	1188.76
665.40	1196.53
665.59	1189.13
665.79	1199.78
665.98	1195.50
666.18	1197.71
666.37	1192.33
666.57	1190.22
666.76	1186.49
666.96	1194.58
667.15	1186.86
667.35	1191.12
667.54	1199.07
667.74	1202.57
667.93	1188.70
668.13	1197.92
668.32	1190.81
668.52	1198.06
668.71	1191.39
668.91	1198.82
669.10	1193.29
669.30	1195.79
669.49	1196.03
669.68	1197.96
669.88	1184.40
670.07	1194.09
670.27	1189.89
670.46	1192.45
670.66	1188.58
670.85	1196.83
671.05	1189.77
671.24	1196.75
671.44	1188.85
671.63	1194.07
671.83	1192.33
672.02	1201.01
672.22	1192.20
672.41	1198.96
672.60	1191.41
672.80	1200.40
672.99	1188.03
673.19	1189.13
673.38	1187.43
673.58	1198.76
673.77	1190.69
673.97	1193.97
674.16	1192.66
674.36	1195.73
674.55	1188.13
674.74	1198.16
674.94	1187.51
675.13	1193.88
675.33	1195.93
675.52	1197.63
675.72	1193.90
675.91	1189.81
676.10	1184.30
676.30	1189.77
676.49	1192.14
676.69	1191.98
676.88	1190.75
677.08	1191.82
677.27	1189.75
677.46	1196.32
677.66	1190.32
677.85	1193.15
678.05	1192.20
678.24	1194.74
678.44	1181.58
678.63	1199.93
678.82	1189.67
679.02	1193.27
679.21	1193.06
679.41	1188.37
679.60	1184.40
679.79	1189.95
679.99	1186.72
680.18	1195.01
680.38	1182.62
680.57	1193.25
680.76	1190.59
680.96	1195.62
681.15	1181.70
681.35	1199.04
681.54	1190.42
681.73	1196.32
681.93	1193.45
682.12	1193.47
682.32	1187.25
682.51	1197.22
682.70	1194.54
682.90	1197.55
683.09	1191.43
683.29	1200.97
683.48	1196.20
683.67	1201.67
683.87	1196.20
684.06	1194.56
684.25	1192.78
684.45	1194.15
684.64	1185.12
684.84	1190.96
685.03	1188.66
685.22	1198.10
685.42	1192.12
685.61	1189.09
685.80	1187.92
686.00	1184.93
686.19	1186.92
686.38	1203.65
686.58	1191.28
686.77	1193.60
686.96	1188.58
687.16	1197.26
687.35	1191.12
687.55	1202.96
687.74	1195.75
687.93	1194.91
688.13	1182.50
688.32	1198.64
688.51	1188.07
688.71	1199.23
688.90	1182.15
689.09	1192.29
689.29	1187.04
689.48	1190.98
689.67	1192.35
689.87	1195.95
690.06	1193.25
690.25	1193.27
690.45	1195.38
690.64	1196.94
690.83	1189.56
691.03	1196.18
691.22	1193.60
691.41	1187.13
691.61	1194.83
691.80	1198.74
691.99	1189.13
692.19	1198.49
692.38	1187.08
692.57	1198.66
692.76	1187.00
692.96	1193.92
693.15	1182.85
693.34	1197.02
693.54	1190.71
693.73	1197.51
693.92	1202.18
694.12	1191.61
694.31	1188.31
694.50	1194.56
694.70	1194.68
694.89	1200.56
695.08	1188.72
695.27	1198.80
695.47	1190.65
695.66	1193.78
695.85	1197.82
696.05	1196.44
696.24	1188.89
696.43	1195.07
696.62	1194.58
696.82	1198.49
697.01	1192.82
697.20	1193.82
697.40	1188.62
697.59	1201.46
697.78	1188.50
697.97	1191.86
698.17	1192.49
698.36	1197.61
698.55	1191.77
698.74	1195.22
698.94	1194.31
699.13	1201.56
699.32	1192.66
699.52	1194.42
699.71	1193.13
699.90	1197.61
700.09	1187.37
700.29	1201.81
700.48	1191.61
700.67	1198.90
700.86	1191.59
701.06	1192.66
701.25	1188.31
701.44	1198.25
701.63	1183.66
701.83	1187.00
702.02	1185.20
702.21	1199.27
702.40	1187.94
702.60	1197.51
702.79	1190.98
702.98	1195.73
703.17	1188.03
703.37	1202.65
703.56	1185.73
703.75	1196.12
703.94	1192.18
704.13	1201.58
704.33	1187.54
704.52	1197.47
704.71	1186.55
704.90	1197.28
705.10	1191.90
705.29	1197.98
705.48	1190.50
705.67	1198.37
705.86	1195.73
706.06	1198.10
706.25	1183.44
706.44	1200.05
706.63	1196.75
706.83	1196.65
707.02	1185.65
707.21	1190.59
707.40	1193.23
707.59	1191.08
707.79	1192.02
707.98	1191.63
708.17	1188.93
708.36	1197.57
708.55	1190.22
708.75	1192.94
708.94	1190.16
709.13	1190.36
709.32	1192.35
709.51	1191.77
709.71	1197.51
709.90	1191.92
710.09	1190.16
710.28	1195.42
710.47	1190.24
710.66	1188.25
710.86	1191.84
711.05	1202.32
711.24	1191.02
711.43	1200.23
711.62	1187.70
711.82	1199.78
712.01	1190.48
712.20	1192.90
712.39	1184.16
712.58	1195.97
712.77	1191.77
712.97	1197.22
713.16	1188.17
713.35	1198.53
713.54	1189.85
713.73	1201.58
713.92	1197.16
714.11	1197.65
714.31	1191.22
714.50	1194.01
714.69	1190.83
714.88	1198.76
715.07	1192.02
715.26	1193.92
715.46	1192.66
715.65	1196.91
715.84	1190.30
716.03	1206.19
716.22	1191.12
716.41	1191.39
716.60	1195.62
716.80	1189.83
716.99	1194.76
717.18	1192.96
717.37	1186.31
717.56	1196.65
717.75	1188.85
717.94	1199.80
718.13	1191.16
718.33	1190.20
718.52	1185.34
718.71	1198.82
718.90	1191.53
719.09	1197.32
719.28	1197.45
719.47	1196.20
719.66	1190.65
719.85	1197.90
720.05	1189.77
720.24	1195.87
720.43	1193.74
720.62	1190.61
720.81	1191.08
721.00	1191.90
721.19	1190.93
721.38	1193.00
721.57	1187.58
721.77	1199.47
721.96	1190.05
722.15	1191.63
722.34	1187.31
722.53	1188.62
722.72	1195.60
722.91	1194.35
723.10	1193.19
723.29	1206.50
723.48	1188.62
723.67	1199.62
723.87	1192.68
724.06	1199.31
724.25	1192.74
724.44	1199.07
724.63	1185.90
724.82	1195.97
725.01	1186.76
725.20	1192.55
725.39	1189.62
725.58	1199.52
725.77	1193.68
725.96	1190.81
726.15	1186.61
726.34	1200.05
726.54	1189.77
726.73	1191.63
726.92	1182.68
727.11	1199.04
727.30	1192.57
727.49	1195.38
727.68	1191.20
727.87	1194.91
728.06	1195.03
728.25	1194.27
728.44	1190.20
728.63	1200.64
728.82	1189.01
729.01	1194.66
729.20	1185.75
729.39	1195.95
729.58	1194.05
729.77	1193.25
729.96	1189.40
730.15	1203.63
730.34	1190.73
730.53	1192.10
730.73	1189.58
730.92	1194.07
731.11	1191.65
731.30	1194.23
731.49	1195.34
731.68	1202.34
731.87	1187.80
732.06	1197.37
732.25	1190.24
732.44	1194.74
732.63	1187.25
732.82	1199.56
733.01	1188.99
733.20	1197.53
733.39	1187.70
733.58	1197.06
733.77	1190.16
733.96	1194.38
734.15	1186.57
734.34	1193.33
734.53	1192.35
734.72	1194.03
734.91	1186.41
735.10	1196.77
735.29	1184.93
735.48	1197.84
735.67	1191.63
735.86	1205.43
736.05	1186.68
736.24	1189.69
736.43	1192.72
736.62	1196.05
736.81	1186.63
737.00	1210.64
737.19	1194.54
737.38	1205.37
737.57	1187.82
737.76	1198.29
737.95	1187.47
738.14	1194.19
738.33	1188.78
738.51	1202.51
738.70	1192.70
738.89	1201.05
739.08	1191.32
739.27	1196.55
739.46	1186.35
739.65	1192.33
739.84	1192.10
740.03	1197.80
740.22	1195.91
740.41	1198.96
740.60	1188.62
740.79	1189.75
740.98	1193.25
741.17	1195.79
741.36	1191.10
741.55	1190.87
741.74	1193.23
741.93	1197.47
742.12	1186.06
742.31	1202.16
742.50	1193.25
742.68	1193.21
742.87	1188.05
743.06	1195.54
743.25	1190.26
743.44	1195.05
743.63	1183.81
743.82	1186.86
744.01	1188.27
744.20	1200.56
744.39	1187.35
744.58	1194.85
744.77	1191.53
744.96	1191.14
745.14	1192.66
745.33	1194.72
745.52	1193.95
745.71	1191.67
745.90	1186.78
746.09	1197.41
746.28	1185.45
746.47	1188.72
746.66	1187.39
746.85	1190.79
747.04	1192.06
747.22	1193.90
747.41	1197.16
747.60	1199.31
747.79	1187.51
747.98	1203.18
748.17	1186.02
748.36	1196.08
748.55	1191.65
748.74	1189.26
748.93	1178.46
749.11	1201.87
749.30	1184.95
749.49	1192.23
749.68	1189.07
749.87	1203.76
750.06	1191.26
750.25	1190.46
750.44	1188.68
750.62	1194.78
750.81	1188.50
751.00	1197.08
751.19	1194.01
751.38	1192.94
751.57	1185.90
751.76	1197.26
751.95	1188.37
752.13	1200.87
752.32	1195.81
752.51	1199.74
752.70	1192.20
752.89	1190.03
753.08	1185.67
753.27	1200.19
753.45	1194.52
753.64	1196.57
753.83	1192.98
754.02	1199.74
754.21	1186.55
754.40	1197.88
754.58	1193.52
754.77	1190.18
754.96	1185.79
755.15	1197.49
755.34	1191.53
755.53	1193.54
755.71	1190.75
755.90	1193.62
756.09	1185.57
756.28	1200.91
756.47	1185.57
756.66	1199.95
756.84	1183.50
757.03	1196.20
757.22	1192.45
757.41	1195.44
757.60	1192.02
757.79	1199.56
757.97	1185.92
758.16	1196.59
758.35	1187.70
758.54	1203.57
758.73	1189.09
758.91	1199.39
759.10	1192.04
759.29	1194.60
759.48	1192.84
759.67	1190.26
759.85	1186.86
760.04	1194.44
760.23	1192.18
760.42	1194.33
760.61	1184.59
760.79	1195.32
760.98	1194.54
761.17	1192.20
761.36	1188.11
761.55	1191.77
761.73	1187.41
761.92	1198.33
762.11	1184.55
762.30	1196.73
762.49	1189.73
762.67	1194.87
762.86	1187.88
763.05	1198.82
763.24	1191.77
763.42	1193.72
763.61	1187.00
763.80	1198.47
763.99	1194.46
764.17	1193.23
764.36	1191.57
764.55	1196.18
764.74	1191.08
764.92	1194.03
765.11	1187.51
765.30	1195.62
765.49	1187.17
765.68	1203.65
765.86	1185.08
766.05	1195.93
766.24	1188.87
766.43	1190.85
766.61	1183.87
766.80	1196.91
766.99	1182.95
767.17	1197.47
767.36	1195.54
767.55	1191.94
767.74	1187.41
767.92	1192.61
768.11	1183.38
768.30	1202.85
768.49	1195.81
768.67	1192.12
768.86	1192.33
769.05	1190.34
769.24	1189.67
769.42	1194.13
769.61	1186.88
769.80	1197.80
769.98	1195.71
770.17	1194.50
770.36	1190.28
770.55	1196.28
770.73	1193.88
770.92	1193.74
771.11	1183.83
771.29	1193.43
771.48	1188.15
771.67	1197.08
771.86	1190.07
772.04	1197.02
772.23	1193.58
772.42	1193.41
772.60	1195.03
772.79	1190.55
772.98	1189.58
773.16	1201.46
773.35	1193.68
773.54	1197.65
773.72	1189.89
773.91	1197.08
774.10	1191.49
774.29	1198.47
774.47	1195.24
774.66	1195.56
774.85	1194.01
775.03	1199.04
775.22	1189.28
775.41	1199.33
775.59	1189.32
775.78	1193.49
775.97	1187.43
776.15	1195.09
776.34	1189.19
776.53	1199.11
776.71	1194.81
776.90	1197.51
777.09	1191.45
777.27	1196.53
777.46	1184.75
777.65	1199.84
777.83	1185.14
778.02	1193.49
778.21	1187.56
778.39	1194.83
778.58	1185.57
778.76	1199.43
778.95	1184.52
779.14	1192.90
779.32	1188.31
779.51	1198.12
779.70	1186.76
779.88	1189.32
780.07	1188.19
780.26	1193.92
780.44	1187.68
780.63	1198.51
780.81	1192.35
781.00	1190.10
781.19	1191.71
781.37	1193.39
781.56	1187.64
781.75	1192.51
781.93	1186.90
782.12	1193.06
782.30	1185.24
782.49	1194.91
782.68	1185.22
782.86	1199.95
783.05	1190.93
783.23	1195.01
783.42	1188.50
783.61	1194.56
783.79	1192.59
783.98	1195.89
784.16	1187.82
784.35	1202.44
784.54	1187.76
784.72	1198.31
784.91	1191.51
785.09	1196.44
785.28	1190.46
785.47	1192.31
785.65	1186.63
785.84	1189.73
786.02	1196.08
786.21	1203.98
786.40	1184.87
786.58	1192.53
786.77	1186.74
786.95	1195.26
787.14	1191.75
787.32	1191.39
787.51	1195.77
787.70	1195.52
787.88	1192.61
788.07	1197.96
788.25	1191.24
788.44	1194.99
788.62	1192.74
788.81	1198.57
789.00	1183.85
789.18	1199.11
789.37	1193.23
789.55	1195.05
789.74	1187.08
789.92	1194.21
790.11	1187.47
790.29	1194.42
790.48	1186.22
790.67	1194.46
790.85	1186.45
791.04	1197.45
791.22	1187.21
791.41	1194.44
791.59	1188.64
791.78	1197.02
791.96	1184.07
792.15	1197.47
792.33	1184.01
792.52	1192.29
792.70	1188.35
792.89	1199.33
793.07	1188.25
793.26	1201.58
793.45	1186.33
793.63	1198.43
793.82	1189.91
794.00	1199.13
794.19	1195.56
794.37	1196.10
794.56	1193.88
794.74	1198.86
794.93	1189.19
795.11	1198.29
795.30	1190.63
795.48	1197.84
795.67	1189.93
795.85	1196.32
796.04	1190.07
796.22	1202.96
796.41	1187.64
796.59	1186.33
796.78	1193.70
796.96	1190.73
797.15	1197.08
797.33	1197.67
797.52	1194.13
797.70	1200.36
797.89	1191.16
798.07	1196.79
798.26	1191.14
798.44	1198.64
798.63	1187.60
798.81	1198.90
798.99	1189.58
799.18	1195.46
799.36	1191.28
799.55	1197.45
799.73	1184.28
799.92	1197.53
800.10	1192.76
800.29	1194.72
800.47	1190.75
800.66	1192.92
800.84	1187.72
801.03	1194.01
801.21	1185.81
801.39	1195.48
801.58	1191.55
801.76	1192.16
801.95	1184.61
802.13	1190.03
802.32	1189.03
802.50	1192.33
802.69	1187.72
802.87	1195.62
803.06	1191.57
803.24	1200.91
803.42	1183.42
803.61	1188.78
803.79	1187.62
803.98	1198.23
804.16	1187.68
804.35	1194.64
804.53	1192.74
804.71	1195.71
804.90	1187.08
805.08	1188.91
805.27	1194.27
805.45	1194.21
805.63	1189.26
805.82	1195.44
806.00	1184.05
806.19	1192.08
806.37	1195.03
806.56	1187.54
806.74	1191.08
806.92	1194.72
807.11	1183.03
807.29	1198.80
807.48	1185.36
807.66	1196.26
807.84	1188.03
808.03	1196.87
808.21	1191.98
808.40	1195.32
808.58	1188.09
808.76	1194.27
808.95	1187.47
809.13	1193.52
809.32	1192.43
809.50	1189.99
809.68	1188.68
809.87	1191.30
810.05	1192.00
810.23	1201.30
810.42	1189.95
810.60	1194.05
810.79	1184.55
810.97	1197.34
811.15	1195.65
811.34	1196.83
811.52	1195.93
811.70	1199.54
811.89	1187.97
812.07	1199.09
812.25	1191.10
812.44	1202.69
812.62	1180.22
812.81	1199.76
812.99	1187.90
813.17	1194.29
813.36	1189.83
813.54	1194.97
813.72	1190.69
813.91	1196.14
814.09	1191.30
814.27	1193.25
814.46	1191.51
814.64	1191.45
814.82	1188.85
815.01	1197.47
815.19	1191.79
815.37	1192.43
815.56	1188.70
815.74	1197.98
815.92	1180.22
816.11	1199.25
816.29	1191.86
816.47	1198.53
816.66	1190.36
816.84	1195.19
817.02	1187.64
817.21	1190.34
817.39	1192.82
817.57	1187.94
817.76	1194.15
817.94	1204.16
818.12	1192.96
818.30	1196.26
818.49	1190.34
818.67	1196.71
818.85	1187.15
819.04	1198.41
819.22	1190.69
819.40	1195.24
819.59	1189.11
819.77	1197.47
819.95	1188.72
820.13	1199.17
820.32	1193.58
820.50	1190.65
820.68	1183.89
820.87	1198.35
821.05	1184.05
821.23	1198.70
821.41	1183.77
821.60	1192.66
821.78	1186.02
821.96	1202.69
822.14	1186.18
822.33	1197.80
822.51	1196.10
822.69	1189.81
822.88	1190.22
823.06	1191.04
823.24	1186.02
823.42	1188.13
823.61	1191.65
823.79	1195.81
823.97	1187.90
824.15	1191.90
824.34	1192.70
824.52	1192.51
824.70	1185.28
824.88	1193.11
825.07	1189.58
825.25	1200.95
825.43	1191.10
825.61	1189.95
825.80	1188.15
825.98	1197.41
826.16	1194.48
826.34	1195.89
826.53	1186.41
826.71	1195.89
826.89	1186.51
827.07	1197.14
827.25	1183.91
827.44	1199.17
827.62	1188.95
827.80	1200.64
827.98	1185.38
828.17	1194.13
828.35	1191.12
828.53	1195.40
828.71	1187.92
828.89	1196.46
829.08	1190.05
829.26	1194.29
829.44	1187.13
829.62	1191.79
829.80	1194.64
829.99	1194.72
830.17	1190.81
830.35	1194.64
830.53	1186.90
830.71	1189.91
830.90	1188.44
831.08	1200.25
831.26	1189.13
831.44	1193.56
831.62	1187.39
831.81	1194.35
831.99	1191.18
832.17	1194.03
832.35	1187.66
832.53	1196.05
832.71	1188.15
832.90	1200.38
833.08	1190.40
833.26	1189.81
833.44	1185.00
833.62	1195.01
833.81	1190.96
833.99	1190.75
834.17	1186.68
834.35	1193.64
834.53	1191.18
834.71	1189.99
834.89	1190.87
835.08	1193.37
835.26	1183.46
835.44	1192.98
835.62	1188.33
835.80	1189.73
835.98	1188.70
836.17	1196.89
836.35	1188.64
836.53	1193.60
836.71	1180.24
836.89	1196.61
837.07	1192.06
837.25	1196.36
837.44	1189.09
837.62	1191.24
837.80	1189.11
837.98	1200.58
838.16	1189.36
838.34	1194.38
838.52	1183.50
838.70	1195.42
838.89	1189.15
839.07	1197.61
839.25	1183.73
839.43	1199.70
839.61	1190.87
839.79	1194.70
839.97	1194.27
840.15	1190.98
840.33	1193.47
840.52	1195.44
840.70	1186.29
840.88	1201.07
841.06	1184.32
841.24	1191.71
841.42	1188.56
841.60	1198.49
841.78	1186.02
841.96	1196.46
842.14	1193.58
842.33	1192.51
842.51	1191.06
842.69	1195.01
842.87	1186.86
843.05	1198.61
843.23	1183.34
843.41	1195.30
843.59	1194.31
843.77	1191.75
843.95	1190.50
844.13	1188.91
844.31	1187.99
844.49	1196.18
844.68	1196.77
844.86	1190.18
845.04	1188.80
845.22	1186.61
845.40	1186.59
845.58	1196.96
845.76	1190.89
845.94	1202.14
846.12	1178.79
846.30	1191.39
846.48	1185.77
846.66	1201.28
846.84	1182.80
847.02	1193.66
847.20	1189.36
847.38	1201.54
847.56	1188.60
847.74	1205.27
847.92	1185.71
848.11	1197.45
848.29	1188.50
848.47	1192.63
848.65	1186.78
848.83	1197.47
849.01	1186.16
849.19	1195.28
849.37	1188.21
849.55	1192.06
849.73	1190.79
849.91	1200.17
850.09	1188.78
850.27	1195.26
850.45	1185.49
850.63	1197.65
850.81	1189.42
850.99	1197.71
851.17	1186.33
851.35	1197.55
851.53	1191.24
851.71	1198.43
851.89	1186.86
852.07	1197.24
852.25	1192.66
852.43	1188.52
852.61	1189.17
852.79	1194.17
852.97	1184.38
853.15	1189.99
853.33	1195.09
853.51	1195.32
853.69	1190.50
853.87	1195.22
854.05	1187.37
854.23	1190.03
854.41	1187.99
854.59	1192.86
854.77	1192.63
854.95	1195.22
855.13	1190.38
855.31	1202.69
855.49	1187.82
855.67	1193.25
855.84	1183.95
856.02	1196.55
856.20	1193.76
856.38	1198.39
856.56	1187.88
856.74	1196.69
856.92	1194.76
857.10	1193.82
857.28	1186.90
857.46	1195.34
857.64	1186.51
857.82	1189.93
858.00	1190.38
858.18	1194.33
858.36	1189.13
858.54	1191.84
858.72	1192.88
858.90	1195.52
859.08	1190.44
859.25	1194.70
859.43	1187.47
859.61	1195.52
859.79	1194.19
859.97	1190.18
860.15	1191.39
860.33	1200.11
860.51	1187.29
860.69	1191.75
860.87	1191.02
861.05	1194.03
861.23	1189.79
861.41	1188.70
861.58	1182.31
861.76	1196.94
861.94	1194.15
862.12	1201.91
862.30	1192.86
862.48	1196.69
862.66	1190.48
862.84	1193.41
863.02	1193.49
863.20	1196.81
863.37	1192.02
863.55	1194.83
863.73	1193.92
863.91	1194.38
864.09	1189.32
864.27	1200.01
864.45	1197.92
864.63	1194.72
864.80	1194.35
864.98	1194.21
865.16	1192.45
865.34	1186.90
865.52	1196.94
865.70	1198.02
865.88	1190.18
866.06	1194.93
866.23	1185.69
866.41	1191.34
866.59	1184.65
866.77	1194.62
866.95	1195.52
867.13	1200.40
867.31	1183.95
867.48	1192.35
867.66	1188.42
867.84	1194.78
868.02	1188.76
868.20	1198.47
868.38	1185.16
868.56	1196.71
868.73	1187.39
868.91	1198.06
869.09	1184.63
869.27	1188.68
869.45	1179.67
869.63	1197.57
869.80	1192.94
869.98	1195.42
870.16	1194.21
870.34	1200.23
870.52	1187.19
870.70	1198.43
870.87	1191.51
871.05	1194.87
871.23	1181.76
871.41	1193.92
871.59	1182.58
871.76	1196.81
871.94	1183.52
872.12	1190.42
872.30	1194.93
872.48	1191.77
872.65	1190.57
872.83	1196.42
873.01	1183.40
873.19	1193.31
873.37	1188.56
873.54	1191.75
873.72	1188.72
873.90	1201.15
874.08	1190.53
874.26	1190.91
874.43	1192.76
874.61	1197.37
874.79	1189.89
874.97	1187.23
875.15	1187.49
875.32	1190.22
875.50	1187.76
875.68	1197.84
875.86	1192.49
876.03	1190.91
876.21	1182.23
876.39	1207.56
876.57	1187.72
876.74	1201.95
876.92	1185.55
877.10	1197.06
877.28	1191.20
877.45	1194.56
877.63	1188.72
877.81	1191.04
877.99	1191.36
878.17	1194.83
878.34	1190.63
878.52	1195.40
878.70	1180.55
878.87	1196.03
879.05	1191.32
879.23	1201.22
879.41	1189.13
879.58	1194.74
879.76	1191.08
879.94	1187.33
880.12	1186.82
880.29	1200.50
880.47	1187.49
880.65	1194.21
880.83	1191.63
881.00	1193.49
881.18	1193.52
881.36	1199.31
881.53	1186.84
881.71	1193.88
881.89	1188.80
882.07	1204.43
882.24	1188.13
882.42	1194.05
882.60	1191.36
882.77	1198.21
882.95	1190.01
883.13	1195.11
883.30	1178.59
883.48	1191.59
883.66	1184.40
883.84	1201.30
884.01	1190.14
884.19	1191.28
884.37	1191.16
884.54	1196.36
884.72	1189.11
884.90	1188.72
885.07	1188.29
885.25	1186.98
885.43	1194.19
885.60	1197.43
885.78	1193.58
885.96	1197.88
886.13	1183.79
886.31	1191.36
886.49	1193.15
886.66	1201.11
886.84	1191.71
887.02	1195.99
887.19	1191.84
887.37	1191.98
887.55	1193.09
887.72	1188.83
887.90	1190.61
888.08	1192.78
888.25	1191.20
888.43	1188.19
888.61	1192.06
888.78	1196.10
888.96	1187.54
889.14	1193.64
889.31	1192.51
889.49	1193.15
889.67	1192.61
889.84	1196.05
890.02	1192.14
890.19	1191.22
890.37	1193.21
890.55	1191.84
890.72	1189.79
890.90	1191.82
891.08	1192.63
891.25	1199.99
891.43	1191.36
891.60	1194.07
891.78	1190.89
891.96	1188.52
892.13	1190.93
892.31	1195.05
892.48	1186.31
892.66	1194.76
892.84	1190.46
893.01	1194.13
893.19	1188.62
893.36	1190.79
893.54	1191.82
893.72	1195.71
893.89	1194.58
894.07	1193.19
894.24	1190.14
894.42	1214.90
894.60	1182.82
894.77	1196.73
894.95	1190.55
895.12	1191.02
895.30	1188.85
895.48	1192.20
895.65	1185.02
895.83	1195.01
896.00	1186.08
896.18	1192.82
896.35	1193.43
896.53	1198.86
896.71	1190.46
896.88	1194.03
897.06	1187.76
897.23	1197.80
897.41	1189.46
897.58	1189.30
897.76	1188.19
897.93	1195.58
898.11	1190.93
898.29	1189.17
898.46	1185.08
898.64	1193.80
898.81	1190.10
898.99	1199.70
899.16	1188.42
899.34	1196.73
899.51	1188.83
899.69	1192.98
899.86	1187.56
900.04	1190.12
900.21	1196.63
900.39	1196.12
900.57	1183.68
900.74	1192.43
900.92	1190.48
901.09	1196.40
901.27	1193.00
901.44	1192.74
901.62	1186.82
901.79	1193.58
901.97	1188.80
902.14	1198.74
902.32	1186.33
902.49	1195.77
902.67	1192.04
902.84	1196.44
903.02	1187.35
903.19	1199.17
903.37	1186.06
903.54	1198.72
903.72	1186.18
903.89	1198.02
904.07	1181.17
904.24	1192.51
904.42	1189.40
904.59	1202.92
904.77	1189.28
904.94	1200.23
905.12	1192.43
905.29	1194.89
905.47	1186.37
905.64	1186.65
905.82	1183.23
905.99	1195.34
906.16	1192.63
906.34	1201.93
906.51	1187.66
906.69	1196.36
906.86	1186.18
907.04	1188.93
907.21	1189.38
907.39	1188.37
907.56	1187.97
907.74	1201.71
907.91	1192.96
908.09	1197.73
908.26	1198.06
908.43	1200.31
908.61	1187.62
908.78	1189.97
908.96	1188.72
909.13	1193.02
909.31	1187.88
909.48	1191.12
909.65	1197.49
909.83	1200.36
910.00	1187.13
910.18	1192.98
910.35	1195.07
910.53	1192.70
910.70	1187.08
910.87	1195.93
911.05	1179.67
911.22	1192.43
911.40	1187.76
911.57	1190.03
911.75	1183.97
911.92	1202.51
912.09	1184.57
912.27	1195.71
912.44	1185.61
912.62	1196.03
912.79	1190.20
912.96	1196.53
913.14	1185.84
913.31	1198.04
913.49	1187.43
913.66	1196.53
913.83	1193.58
914.01	1190.32
914.18	1186.16
914.36	1195.73
914.53	1187.68
914.70	1188.48
914.88	1192.20
915.05	1195.13
915.22	1186.33
915.40	1198.33
915.57	1190.73
915.75	1195.07
915.92	1183.30
916.09	1195.24
916.27	1194.64
916.44	1201.17
916.61	1184.93
916.79	1197.12
916.96	1192.10
917.13	1199.95
917.31	1193.95
917.48	1198.82
917.66	1188.03
917.83	1197.59
918.00	1191.39
918.18	1191.04
918.35	1196.30
918.52	1194.21
918.70	1193.39
918.87	1193.62
919.04	1192.68
919.22	1197.63
919.39	1182.58
919.56	1194.62
919.74	1196.75
919.91	1196.16
920.08	1186.78
920.26	1189.75
920.43	1188.93
920.60	1192.43
920.78	1189.09
920.95	1198.43
921.12	1189.54
921.29	1190.85
921.47	1187.72
921.64	1197.65
921.81	1193.41
921.99	1199.21
922.16	1194.27
922.33	1193.29
922.51	1191.12
922.68	1199.82
922.85	1195.34
923.03	1202.65
923.20	1187.11
923.37	1197.51
923.54	1193.47
923.72	1195.15
923.89	1187.78
924.06	1197.24
924.24	1188.48
924.41	1196.22
924.58	1185.84
924.75	1192.82
924.93	1199.02
925.10	1193.56
925.27	1187.37
925.44	1197.20
925.62	1187.04
925.79	1196.42
925.96	1188.48
926.14	1191.36
926.31	1186.86
926.48	1197.69
926.65	1190.83
926.83	1193.49
927.00	1188.01
927.17	1190.38
927.34	1183.25
927.52	1189.85
927.69	1189.95
927.86	1197.12
928.03	1186.31
928.21	1202.51
928.38	1184.26
928.55	1188.03
928.72	1187.64
928.89	1190.36
929.07	1194.03
929.24	1194.81
929.41	1183.09
929.58	1198.00
929.76	1185.53
929.93	1197.10
930.10	1192.45
930.27	1197.71
930.44	1192.51
930.62	1193.66
930.79	1189.99
930.96	1200.25
931.13	1195.01
931.31	1191.94
931.48	1193.13
931.65	1194.56
931.82	1184.46
931.99	1199.27
932.17	1186.29
932.34	1199.70
932.51	1194.17
932.68	1198.76
932.85	1193.06
933.03	1195.03
933.20	1187.80
933.37	1198.55
933.54	1192.37
933.71	1196.91
933.88	1183.52
934.06	1196.08
934.23	1189.30
934.40	1194.78
934.57	1191.39
934.74	1196.71
934.91	1185.28
935.09	1197.47
935.26	1189.69
935.43	1191.02
935.60	1188.35
935.77	1200.40
935.94	1192.68
936.12	1200.89
936.29	1187.86
936.46	1192.96
936.63	1194.21
936.80	1198.59
936.97	1201.44
937.14	1196.65
937.32	1188.13
937.49	1195.36
937.66	1184.67
937.83	1196.79
938.00	1192.57
938.17	1193.29
938.34	1191.08
938.52	1198.86
938.69	1182.03
938.86	1200.03
939.03	1188.25
939.20	1193.49
939.37	1184.83
939.54	1193.25
939.71	1185.51
939.89	1204.78
940.06	1184.14
940.23	1200.25
940.40	1187.47
940.57	1191.02
940.74	1193.17
940.91	1195.58
941.08	1190.69
941.25	1192.59
941.43	1195.07
941.60	1194.95
941.77	1193.62
941.94	1197.67
942.11	1191.55
942.28	1194.74
942.45	1191.55
942.62	1196.20
942.79	1194.29
942.96	1193.39
943.13	1190.96
943.30	1194.68
943.48	1188.44
943.65	1200.68
943.82	1191.88
943.99	1196.40
944.16	1187.90
944.33	1196.14
944.50	1191.67
944.67	1190.77
944.84	1187.88
945.01	1188.21
945.18	1186.14
945.35	1191.98
945.52	1195.19
945.69	1192.18
945.86	1195.48
946.03	1203.20
946.21	1193.66
946.38	1195.67
946.55	1193.80
946.72	1194.81
946.89	1190.69
947.06	1195.58
947.23	1193.45
947.40	1194.03
947.57	1190.77
947.74	1192.88
947.91	1186.59
948.08	1192.82
948.25	1187.17
948.42	1191.90
948.59	1191.39
948.76	1196.34
948.93	1192.63
949.10	1195.28
949.27	1192.08
949.44	1196.85
949.61	1188.25
949.78	1193.92
949.95	1195.69
950.12	1199.86
950.29	1189.15
950.46	1195.05
950.63	1192.35
950.80	1197.45
950.97	1189.79
951.14	1194.15
951.31	1181.60
951.48	1196.83
951.65	1194.74
951.82	1191.61
951.99	1186.18
952.16	1197.45
952.33	1187.15
952.50	1190.81
952.67	1193.15
952.84	1193.29
953.01	1193.64
953.18	1194.01
953.35	1202.71
953.52	1190.89
953.69	1193.31
953.86	1195.01
954.03	1189.60
954.20	1196.18
954.37	1184.46
954.54	1194.40
954.70	1188.52
954.87	1193.47
955.04	1184.71
955.21	1194.91
955.38	1190.75
955.55	1195.56
955.72	1196.32
955.89	1195.46
956.06	1186.37
956.23	1194.40
956.40	1191.84
956.57	1195.28
956.74	1193.97
956.91	1195.89
957.08	1191.12
957.25	1191.00
957.41	1186.86
957.58	1193.31
957.75	1190.22
957.92	1194.23
958.09	1196.42
958.26	1196.94
958.43	1187.04
958.60	1198.78
958.77	1186.24
958.94	1194.21
959.11	1185.71
959.27	1198.84
959.44	1187.11
959.61	1194.54
959.78	1181.70
959.95	1195.95
960.12	1195.38
960.29	1197.86
960.46	1189.30
960.63	1202.69
960.80	1190.36
960.96	1194.48
961.13	1187.13
961.30	1200.09
961.47	1193.43
961.64	1202.24
961.81	1190.48
961.98	1187.54
962.15	1191.69
962.31	1197.96
962.48	1186.82
962.65	1194.89
962.82	1190.22
962.99	1196.24
963.16	1190.05
963.33	1192.57
963.49	1182.31
963.66	1193.78
963.83	1193.19
964.00	1202.55
964.17	1182.01
964.34	1196.51
964.51	1191.96
964.67	1200.31
964.84	1196.81
965.01	1206.87
965.18	1181.47
965.35	1193.21
965.52	1185.45
965.68	1195.81
965.85	1193.45
966.02	1193.21
966.19	1188.37
966.36	1196.32
966.52	1191.61
966.69	1198.12
966.86	1195.87
967.03	1199.19
967.20	1191.67
967.37	1198.94
967.53	1192.29
967.70	1198.16
967.87	1186.18
968.04	1193.49
968.21	1197.12
968.37	1187.33
968.54	1186.94
968.71	1188.13
968.88	1188.64
969.05	1193.47
969.21	1190.44
969.38	1193.00
969.55	1190.61
969.72	1197.94
969.89	1188.89
970.05	1193.49
970.22	1195.28
970.39	1186.24
970.56	1184.79
970.72	1192.08
970.89	1186.45
971.06	1199.62
971.23	1190.34
971.39	1191.86
971.56	1198.04
971.73	1203.28
971.90	1183.73
972.07	1195.85
972.23	1186.51
972.40	1197.88
972.57	1194.50
972.74	1191.67
972.90	1190.18
973.07	1190.63
973.24	1182.13
973.40	1192.49
973.57	1190.93
973.74	1190.65
973.91	1189.58
974.07	1197.02
974.24	1188.35
974.41	1198.80
974.58	1192.02
974.74	1192.12
974.91	1190.07
975.08	1197.88
975.25	1193.25
975.41	1197.41
975.58	1194.15
975.75	1198.72
975.91	1186.88
976.08	1194.97
976.25	1187.00
976.42	1197.57
976.58	1184.91
976.75	1192.86
976.92	1186.39
977.08	1192.86
977.25	1188.29
977.42	1201.83
977.58	1191.57
977.75	1187.68
977.92	1191.55
978.08	1199.27
978.25	1191.14
978.42	1199.74
978.59	1187.35
978.75	1192.02
978.92	1193.86
979.09	1190.89
979.25	1185.28
979.42	1202.26
979.59	1190.53
979.75	1198.53
979.92	1185.10
980.09	1199.07
980.25	1186.04
980.42	1194.64
980.59	1188.19
980.75	1198.47
980.92	1189.56
981.09	1204.57
981.25	1189.34
981.42	1189.73
981.59	1194.76
981.75	1185.75
981.92	1191.04
982.08	1195.11
982.25	1192.16
982.42	1192.94
982.58	1183.48
982.75	1195.09
982.92	1186.55
983.08	1191.47
983.25	1189.07
983.42	1189.11
983.58	1191.88
983.75	1192.86
983.91	1189.93
984.08	1200.03
984.25	1192.33
984.41	1189.56
984.58	1190.73
984.74	1203.45
984.91	1188.70
985.08	1197.67
985.24	1185.96
985.41	1196.71
985.57	1189.42
985.74	1199.99
985.91	1191.94
986.07	1204.31
986.24	1189.38
986.40	1187.70
986.57	1182.78
986.74	1197.82
986.90	1194.74
987.07	1191.98
987.23	1186.72
987.40	1195.75
987.57	1189.79
987.73	1197.10
987.90	1187.31
988.06	1191.82
988.23	1189.30
988.39	1201.46
988.56	1188.46
988.73	1198.00
988.89	1187.04
989.06	1195.77
989.22	1184.26
989.39	1202.18
989.55	1193.58
989.72	1196.03
989.88	1183.01
990.05	1195.34
990.22	1191.24
990.38	1205.56
990.55	1188.62
990.71	1194.19
990.88	1194.95
991.04	1192.10
991.21	1185.63
991.37	1200.05
991.54	1193.78
991.70	1186.29
991.87	1191.96
992.03	1189.19
992.20	1186.45
992.36	1193.66
992.53	1188.05
992.69	1190.12
992.86	1188.60
993.03	1196.67
993.19	1193.80
993.36	1203.65
993.52	1186.59
993.69	1201.36
993.85	1193.45
994.02	1190.91
994.18	1188.13
994.35	1193.23
994.51	1187.27
994.68	1199.72
994.84	1189.93
995.01	1201.54
995.17	1186.92
995.34	1193.62
995.50	1186.14
995.66	1200.93
995.83	1192.55
995.99	1186.57
996.16	1181.45
996.32	1189.83
996.49	1183.50
996.65	1190.81
996.82	1193.06
996.98	1194.58
997.15	1188.01
997.31	1197.10
997.48	1192.61
997.64	1190.10
997.81	1185.75
997.97	1194.87
998.13	1190.36
998.30	1200.56
998.46	1192.10
998.63	1199.35
998.79	1183.01
998.96	1194.40
999.12	1189.17
999.29	1189.99
999.45	1194.42
999.61	1202.75
999.78	1191.49
999.94	1195.65
1000.11	1190.38
1000.27	1196.22
1000.44	1188.74
1000.60	1192.80
1000.76	1183.99
1000.93	1197.96
1001.09	1192.16
1001.26	1201.97
1001.42	1190.28
1001.59	1196.22
1001.75	1197.75
1001.91	1193.90
1002.08	1184.91
1002.24	1200.97
1002.41	1196.81
1002.57	1194.17
1002.73	1189.28
1002.90	1187.72
1003.06	1184.32
1003.23	1192.49
1003.39	1180.76
1003.55	1192.84
1003.72	1189.42
1003.88	1193.19
1004.04	1191.71
1004.21	1195.11
1004.37	1189.30
1004.54	1198.23
1004.70	1192.10
1004.86	1196.10
1005.03	1190.22
1005.19	1194.01
1005.35	1186.47
1005.52	1189.54
1005.68	1188.52
1005.85	1192.12
1006.01	1191.00
1006.17	1192.41
1006.34	1189.79
1006.50	1195.19
1006.66	1185.63
1006.83	1205.78
1006.99	1187.60
1007.15	1198.43
1007.32	1190.48
1007.48	1200.60
1007.64	1186.51
1007.81	1191.96
1007.97	1191.98
1008.13	1198.74
1008.30	1195.75
1008.46	1184.32
1008.62	1187.00
1008.79	1190.34
1008.95	1192.88
1009.11	1195.79
1009.28	1185.49
1009.44	1192.39
1009.60	1193.15
1009.77	1197.24
1009.93	1187.23
1010.09	1194.56
1010.25	1192.70
1010.42	1189.01
1010.58	1190.75
1010.74	1191.36
1010.91	1186.33
1011.07	1195.30
1011.23	1194.68
1011.40	1195.54
1011.56	1185.77
1011.72	1195.89
1011.88	1190.42
1012.05	1196.03
1012.21	1193.45
1012.37	1189.17
1012.54	1193.49
1012.70	1187.84
1012.86	1188.52
1013.02	1194.56
1013.19	1191.16
1013.35	1192.04
1013.51	1182.01
1013.67	1196.20
1013.84	1195.36
1014.00	1202.46
1014.16	1187.25
1014.33	1201.38
1014.49	1187.04
1014.65	1194.48
1014.81	1186.35
1014.98	1198.04
1015.14	1191.30
1015.30	1196.32
1015.46	1188.29
1015.62	1198.08
1015.79	1192.92
1015.95	1194.72
1016.11	1189.42
1016.27	1199.33
1016.44	1183.54
1016.60	1196.59
1016.76	1189.77
1016.92	1189.69
1017.09	1187.06
1017.25	1199.02
1017.41	1183.75
1017.57	1196.73
1017.73	1190.57
1017.90	1195.30
1018.06	1184.69
1018.22	1195.73
1018.38	1184.28
1018.54	1190.81
1018.71	1188.03
1018.87	1190.38
1019.03	1189.85
1019.19	1191.92
1019.35	1193.06
1019.52	1198.49
1019.68	1181.62
1019.84	1190.85
1020.00	1197.73
1020.16	1196.79
1020.33	1191.36
1020.49	1196.12
1020.65	1184.93
1020.81	1196.53
1020.97	1190.89
1021.13	1193.04
1021.30	1196.10
1021.46	1193.45
1021.62	1192.63
1021.78	1191.82
1021.94	1189.32
1022.10	1196.32
1022.27	1188.74
1022.43	1197.02
1022.59	1188.23
1022.75	1192.18
1022.91	1184.38
1023.07	1204.78
1023.24	1192.20
1023.40	1192.74
1023.56	1188.19
1023.72	1199.07
1023.88	1190.69
1024.04	1198.25
1024.20	1182.99
1024.36	1198.55
1024.53	1194.50
1024.69	1196.44
1024.85	1191.34
1025.01	1194.66
1025.17	1191.20
1025.33	1198.80
1025.49	1180.98
1025.65	1194.46
1025.82	1188.64
1025.98	1197.73
1026.14	1183.68
1026.30	1196.28
1026.46	1185.28
1026.62	1197.32
1026.78	1196.73
1026.94	1198.57
1027.10	1193.23
1027.26	1195.17
1027.43	1193.43
1027.59	1195.28
1027.75	1187.64
1027.91	1195.40
1028.07	1193.00
1028.23	1199.60
1028.39	1193.19
1028.55	1205.11
1028.71	1186.92
1028.87	1196.42
1029.03	1186.37
1029.19	1191.45
1029.36	1193.02
1029.52	1195.19
1029.68	1192.84
1029.84	1194.97
1030.00	1191.53
1030.16	1194.25
1030.32	1191.73
1030.48	1195.81
1030.64	1189.83
1030.80	1203.80
1030.96	1187.02
1031.12	1192.61
1031.28	1184.12
1031.44	1192.86
1031.60	1196.03
1031.76	1202.77
1031.92	1187.64
1032.08	1208.79
1032.24	1190.03
1032.40	1199.90
1032.56	1193.78
1032.73	1194.42
1032.89	1189.48
1033.05	1192.61
1033.21	1187.92
1033.37	1191.82
1033.53	1187.13
1033.69	1197.24
1033.85	1185.51
1034.01	1199.21
1034.17	1192.45
1034.33	1198.41
1034.49	1196.22
1034.65	1194.85
1034.81	1184.34
1034.97	1192.33
1035.13	1189.36
1035.29	1201.65
1035.45	1189.73
1035.61	1198.08
1035.77	1186.63
1035.93	1196.36
1036.09	1190.98
1036.25	1189.79
1036.41	1187.06
1036.57	1192.31
1036.73	1187.27
1036.88	1200.52
1037.04	1184.91
