345.52	1202.26
345.73	1202.26
345.94	1202.26
346.16	1190.38
346.37	1196.28
346.58	1197.49
346.79	1201.99
347.00	1198.90
347.22	1201.75
347.43	1198.06
347.64	1208.96
347.85	1196.26
348.06	1210.88
348.28	1198.92
348.49	1202.73
348.70	1197.90
348.91	1209.22
349.12	1196.83
349.34	1210.29
349.55	1198.49
349.76	1205.66
349.97	1199.74
350.18	1198.64
350.40	1200.23
350.61	1199.60
350.82	1197.45
351.03	1209.10
351.24	1199.00
351.46	1205.74
351.67	1201.56
351.88	1204.51
352.09	1199.74
352.30	1207.28
352.51	1195.71
352.73	1209.80
352.94	1198.66
353.15	1205.13
353.36	1200.03
353.57	1206.05
353.79	1200.99
354.00	1198.59
354.21	1201.20
354.42	1210.00
354.63	1197.82
354.84	1213.81
355.06	1201.99
355.27	1200.93
355.48	1202.14
355.69	1210.57
355.90	1204.29
356.11	1208.16
356.33	1198.27
356.54	1204.41
356.75	1197.00
356.96	1207.75
357.17	1203.78
357.38	1205.84
357.60	1201.56
357.81	1208.75
358.02	1201.99
358.23	1203.96
358.44	1207.83
358.65	1202.26
358.87	1206.40
359.08	1197.75
359.29	1201.89
359.50	1211.99
359.71	1195.15
359.92	1202.65
360.13	1200.33
360.35	1207.91
360.56	1203.47
360.77	1195.11
360.98	1198.41
361.19	1210.60
361.40	1199.21
361.62	1209.69
361.83	1199.21
362.04	1209.04
362.25	1200.46
362.46	1210.12
362.67	1201.99
362.88	1213.93
363.10	1207.11
363.31	1204.12
363.52	1206.64
363.73	1209.04
363.94	1200.68
364.15	1209.08
364.36	1201.36
364.57	1204.47
364.79	1199.60
365.00	1212.03
365.21	1197.30
365.42	1204.43
365.63	1206.27
365.84	1200.38
366.05	1200.27
366.27	1209.06
366.48	1199.62
366.69	1206.89
366.90	1195.85
367.11	1209.26
367.32	1197.69
367.53	1207.95
367.74	1198.84
367.95	1202.16
368.17	1208.34
368.38	1200.95
368.59	1203.08
368.80	1208.55
369.01	1204.88
369.22	1203.47
369.43	1198.98
369.64	1210.04
369.86	1200.95
370.07	1197.98
370.28	1207.13
370.49	1208.69
370.70	1209.59
370.91	1203.16
371.12	1202.83
371.33	1208.53
371.54	1198.84
371.76	1206.29
371.97	1200.97
372.18	1209.45
372.39	1206.77
372.60	1213.03
372.81	1199.99
373.02	1209.61
373.23	1197.06
373.44	1207.30
373.65	1203.94
373.87	1210.92
374.08	1205.88
374.29	1209.39
374.50	1200.93
374.71	1207.79
374.92	1210.88
375.13	1202.34
375.34	1198.74
375.55	1209.06
375.76	1199.62
375.97	1210.14
376.19	1203.61
376.40	1206.25
376.61	1200.93
376.82	1207.13
377.03	1203.22
377.24	1212.09
377.45	1205.56
377.66	1209.84
377.87	1204.92
378.08	1209.74
378.29	1203.98
378.50	1203.57
378.71	1193.15
378.93	1207.13
379.14	1204.31
379.35	1209.49
379.56	1202.53
379.77	1207.48
379.98	1203.30
380.19	1219.20
380.40	1209.12
380.61	1205.33
380.82	1200.95
381.03	1214.49
381.24	1199.25
381.45	1208.98
381.66	1201.65
381.88	1211.07
382.09	1201.77
382.30	1212.44
382.51	1207.34
382.72	1208.08
382.93	1204.92
383.14	1206.17
383.35	1203.16
383.56	1216.08
383.77	1208.67
383.98	1219.24
384.19	1199.29
384.40	1204.27
384.61	1199.64
384.82	1207.05
385.03	1201.58
385.24	1207.30
385.45	1200.42
385.67	1206.68
385.88	1200.62
386.09	1209.82
386.30	1197.71
386.51	1198.76
386.72	1200.38
386.93	1204.86
387.14	1202.38
387.35	1206.36
387.56	1210.45
387.77	1206.93
387.98	1201.05
388.19	1211.91
388.40	1204.45
388.61	1213.20
388.82	1203.04
389.03	1214.02
389.24	1207.77
389.45	1209.61
389.66	1202.16
389.87	1214.08
390.08	1197.63
390.29	1209.69
390.50	1197.90
390.71	1215.24
390.92	1197.53
391.13	1206.23
391.34	1189.38
391.55	1210.60
391.76	1200.74
391.98	1213.77
392.19	1200.72
392.40	1214.06
392.61	1201.13
392.82	1213.38
393.03	1201.73
393.24	1210.64
393.45	1206.62
393.66	1210.51
393.87	1201.28
394.08	1207.09
394.29	1205.05
394.50	1207.36
394.71	1204.33
394.92	1212.64
395.13	1198.86
395.34	1210.12
395.55	1202.24
395.76	1211.99
395.97	1201.95
396.18	1211.48
396.39	1201.65
396.60	1205.95
396.81	1204.06
397.02	1205.74
397.23	1205.99
397.44	1211.27
397.65	1197.43
397.86	1209.84
398.07	1203.47
398.28	1205.15
398.49	1199.41
398.70	1208.36
398.91	1204.84
399.12	1203.04
399.33	1204.41
399.54	1211.21
399.75	1198.74
399.96	1210.88
400.17	1198.37
400.38	1207.18
400.59	1202.98
400.80	1217.62
401.01	1195.67
401.22	1204.59
401.42	1207.22
401.63	1204.39
401.84	1198.23
402.05	1206.95
402.26	1207.85
402.47	1210.25
402.68	1205.35
402.89	1203.51
403.10	1196.51
403.31	1205.95
403.52	1202.77
403.73	1215.61
403.94	1207.05
404.15	1210.94
404.36	1203.16
404.57	1204.39
404.78	1204.78
404.99	1204.04
405.20	1201.11
405.41	1214.10
405.62	1209.06
405.83	1210.64
406.04	1211.37
406.25	1206.66
406.46	1206.40
406.67	1219.63
406.88	1208.63
407.09	1205.07
407.30	1207.87
407.50	1212.25
407.71	1199.07
407.92	1207.97
408.13	1195.07
408.34	1212.89
408.55	1203.78
408.76	1207.61
408.97	1207.89
409.18	1206.85
409.39	1208.10
409.60	1212.27
409.81	1202.22
410.02	1212.05
410.23	1203.67
410.44	1207.89
410.65	1195.38
410.86	1204.33
411.07	1203.57
411.27	1217.25
411.48	1202.73
411.69	1203.57
411.90	1200.11
412.11	1207.34
412.32	1203.69
412.53	1209.82
412.74	1198.25
412.95	1211.43
413.16	1204.86
413.37	1206.03
413.58	1206.13
413.79	1209.61
414.00	1202.55
414.20	1212.89
414.41	1207.32
414.62	1202.89
414.83	1200.60
415.04	1208.06
415.25	1198.98
415.46	1212.79
415.67	1206.95
415.88	1208.81
416.09	1202.61
416.30	1208.34
416.51	1207.38
416.71	1209.51
416.92	1203.02
417.13	1206.68
417.34	1195.56
417.55	1214.88
417.76	1198.61
417.97	1210.33
418.18	1202.98
418.39	1201.36
418.60	1203.22
418.81	1210.96
419.01	1204.72
419.22	1208.30
419.43	1195.40
419.64	1210.43
419.85	1201.91
420.06	1214.53
420.27	1206.19
420.48	1207.50
420.69	1200.05
420.90	1210.78
421.10	1198.37
421.31	1202.12
421.52	1200.29
421.73	1205.78
421.94	1201.63
422.15	1209.28
422.36	1205.86
422.57	1210.62
422.78	1205.88
422.98	1214.90
423.19	1206.87
423.40	1212.87
423.61	1202.10
423.82	1209.22
424.03	1201.60
424.24	1206.75
424.45	1200.36
424.65	1209.33
424.86	1205.00
425.07	1207.65
425.28	1202.92
425.49	1212.40
425.70	1207.81
425.91	1203.02
426.12	1202.77
426.32	1208.28
426.53	1206.93
426.74	1203.61
426.95	1196.32
427.16	1212.85
427.37	1201.75
427.58	1214.42
427.78	1198.43
427.99	1207.95
428.20	1203.04
428.41	1209.92
428.62	1202.83
428.83	1211.37
429.04	1200.79
429.24	1210.78
429.45	1206.19
429.66	1209.49
429.87	1205.84
430.08	1212.52
430.29	1208.40
430.50	1208.42
430.70	1207.73
430.91	1215.35
431.12	1203.35
431.33	1211.48
431.54	1199.74
431.75	1207.07
431.96	1212.46
432.16	1217.19
432.37	1195.05
432.58	1209.33
432.79	1202.59
433.00	1203.53
433.21	1203.67
433.41	1213.85
433.62	1200.36
433.83	1208.04
434.04	1202.96
434.25	1206.72
434.46	1199.35
434.66	1206.17
434.87	1203.04
435.08	1211.21
435.29	1200.05
435.50	1206.87
435.71	1207.24
435.91	1205.68
436.12	1200.23
436.33	1206.21
436.54	1208.49
436.75	1206.56
436.95	1203.51
437.16	1205.31
437.37	1204.02
437.58	1202.49
437.79	1203.16
438.00	1210.74
438.20	1206.95
438.41	1210.33
438.62	1198.72
438.83	1213.38
439.04	1201.17
439.24	1215.06
439.45	1204.47
439.66	1215.49
439.87	1202.92
440.08	1208.10
440.28	1209.53
440.49	1208.81
440.70	1200.46
440.91	1206.62
441.12	1204.94
441.32	1202.65
441.53	1201.69
441.74	1204.86
441.95	1210.57
442.16	1211.35
442.36	1200.25
442.57	1213.73
442.78	1206.95
442.99	1208.47
443.20	1199.99
443.40	1210.88
443.61	1198.51
443.82	1209.61
444.03	1197.39
444.24	1210.33
444.44	1205.13
444.65	1213.97
444.86	1201.65
445.07	1208.06
445.27	1206.27
445.48	1209.12
445.69	1205.45
445.90	1212.03
446.11	1197.73
446.31	1207.13
446.52	1207.91
446.73	1210.51
446.94	1203.10
447.14	1202.01
447.35	1200.89
447.56	1214.30
447.77	1199.07
447.97	1210.53
448.18	1203.00
448.39	1216.92
448.60	1205.41
448.81	1217.31
449.01	1203.69
449.22	1208.77
449.43	1200.54
449.64	1216.47
449.84	1200.91
450.05	1207.75
450.26	1200.48
450.47	1210.23
450.67	1200.91
450.88	1212.13
451.09	1206.72
451.30	1206.15
451.50	1201.05
451.71	1214.94
451.92	1200.15
452.13	1208.65
452.33	1204.14
452.54	1208.22
452.75	1213.16
452.96	1209.14
453.16	1202.32
453.37	1208.69
453.58	1196.12
453.79	1215.49
453.99	1198.04
454.20	1201.36
454.41	1202.87
454.61	1205.00
454.82	1202.57
455.03	1203.45
455.24	1198.51
455.44	1214.14
455.65	1206.09
455.86	1207.91
456.07	1205.72
456.27	1209.41
456.48	1196.73
456.69	1208.42
456.90	1201.97
457.10	1210.96
457.31	1207.40
457.52	1211.27
457.72	1203.67
457.93	1207.61
458.14	1202.49
458.35	1212.17
458.55	1205.76
458.76	1208.57
458.97	1202.87
459.17	1210.12
459.38	1199.47
459.59	1211.54
459.80	1198.68
460.00	1210.82
460.21	1205.33
460.42	1211.68
460.62	1196.51
460.83	1209.53
461.04	1206.77
461.25	1217.42
461.45	1202.57
461.66	1207.42
461.87	1208.30
462.07	1210.21
462.28	1201.69
462.49	1206.17
462.69	1207.15
462.90	1209.20
463.11	1196.53
463.31	1210.76
463.52	1197.41
463.73	1207.30
463.94	1206.77
464.14	1209.39
464.35	1204.62
464.56	1198.10
464.76	1211.31
464.97	1208.01
465.18	1201.32
465.38	1208.34
465.59	1205.93
465.80	1210.92
466.00	1199.11
466.21	1204.86
466.42	1210.80
466.62	1206.36
466.83	1201.91
467.04	1210.53
467.24	1208.83
467.45	1213.26
467.66	1200.05
467.86	1211.43
468.07	1197.86
468.28	1205.95
468.48	1197.43
468.69	1213.65
468.90	1201.71
469.10	1206.91
469.31	1201.13
469.52	1210.84
469.72	1208.16
469.93	1210.68
470.14	1200.44
470.34	1204.74
470.55	1198.12
470.76	1204.37
470.96	1201.38
471.17	1209.10
471.38	1197.96
471.58	1210.76
471.79	1210.45
472.00	1217.15
472.20	1199.93
472.41	1217.66
472.62	1200.42
472.82	1204.10
473.03	1200.83
473.24	1212.60
473.44	1208.71
473.65	1207.48
473.85	1204.53
474.06	1207.93
474.27	1199.19
474.47	1206.13
474.68	1201.38
474.89	1211.27
475.09	1201.52
475.30	1209.39
475.51	1202.14
475.71	1214.77
475.92	1207.01
476.12	1214.26
476.33	1203.45
476.54	1209.84
476.74	1204.12
476.95	1210.17
477.16	1205.37
477.36	1205.07
477.57	1202.85
477.77	1215.16
477.98	1205.09
478.19	1208.92
478.39	1206.13
478.60	1209.18
478.81	1194.35
479.01	1210.53
479.22	1204.57
479.42	1206.64
479.63	1198.92
479.84	1215.45
480.04	1207.01
480.25	1204.00
480.45	1196.81
480.66	1208.73
480.87	1206.05
481.07	1208.20
481.28	1202.06
481.48	1211.09
481.69	1199.43
481.90	1208.26
482.10	1205.31
482.31	1210.55
482.51	1197.06
482.72	1210.90
482.93	1205.93
483.13	1206.79
483.34	1194.99
483.54	1210.72
483.75	1195.85
483.96	1204.16
484.16	1204.27
484.37	1209.86
484.57	1202.40
484.78	1207.46
484.99	1203.98
485.19	1204.98
485.40	1207.99
485.60	1212.11
485.81	1199.80
486.01	1207.38
486.22	1212.25
486.43	1213.97
486.63	1206.70
486.84	1208.59
487.04	1205.21
487.25	1208.26
487.46	1203.26
487.66	1205.80
487.87	1209.69
488.07	1206.91
488.28	1208.77
488.48	1209.47
488.69	1209.33
488.89	1204.51
489.10	1207.11
489.31	1210.64
489.51	1208.28
489.72	1210.74
489.92	1202.36
490.13	1212.87
490.33	1195.65
490.54	1208.90
490.75	1207.44
490.95	1211.89
491.16	1204.74
491.36	1208.77
491.57	1199.04
491.77	1207.54
491.98	1197.86
492.18	1213.07
492.39	1203.22
492.59	1213.09
492.80	1201.97
493.01	1209.96
493.21	1210.33
493.42	1211.84
493.62	1210.88
493.83	1210.43
494.03	1200.85
494.24	1211.35
494.44	1202.08
494.65	1212.64
494.85	1201.65
495.06	1212.91
495.26	1199.31
495.47	1217.48
495.68	1202.75
495.88	1199.00
496.09	1203.18
496.29	1207.81
496.50	1198.80
496.70	1208.65
496.91	1203.32
497.11	1199.11
497.32	1207.18
497.52	1206.93
497.73	1202.22
497.93	1206.05
498.14	1199.52
498.34	1208.63
498.55	1208.92
498.75	1211.03
498.96	1203.65
499.16	1207.99
499.37	1200.83
499.57	1213.20
499.78	1203.32
499.98	1210.04
500.19	1207.93
500.39	1213.22
500.60	1200.66
500.80	1203.88
501.01	1206.05
501.21	1208.79
501.42	1207.30
501.62	1202.06
501.83	1202.38
502.03	1209.84
502.24	1210.45
502.44	1205.54
502.65	1203.51
502.85	1209.08
503.06	1195.56
503.26	1201.85
503.47	1194.70
503.67	1206.32
503.88	1204.55
504.08	1208.67
504.29	1199.97
504.49	1210.02
504.70	1209.71
504.90	1204.10
505.11	1207.89
505.31	1207.89
505.52	1209.08
505.72	1206.27
505.93	1206.05
506.13	1215.49
506.34	1206.21
506.54	1212.70
506.75	1208.22
506.95	1210.66
507.16	1206.72
507.36	1207.22
507.56	1204.14
507.77	1210.08
507.97	1202.32
508.18	1210.76
508.38	1209.02
508.59	1210.53
508.79	1200.15
509.00	1211.82
509.20	1200.40
509.41	1211.93
509.61	1208.47
509.82	1208.51
510.02	1206.87
510.22	1206.66
510.43	1198.94
510.63	1207.24
510.84	1205.05
511.04	1203.84
511.25	1204.35
511.45	1212.21
511.66	1204.45
511.86	1212.81
512.06	1203.37
512.27	1204.68
512.47	1203.82
512.68	1222.45
512.88	1208.38
513.09	1209.08
513.29	1203.80
513.50	1210.86
513.70	1203.47
513.90	1207.54
514.11	1200.79
514.31	1209.06
514.52	1207.42
514.72	1211.60
514.93	1208.06
515.13	1202.81
515.33	1200.95
515.54	1204.31
515.74	1202.81
515.95	1214.34
516.15	1203.32
516.36	1211.15
516.56	1202.44
516.76	1212.85
516.97	1204.66
517.17	1212.50
517.38	1204.08
517.58	1213.54
517.78	1208.83
517.99	1215.69
518.19	1203.30
518.40	1214.67
518.60	1208.67
518.81	1209.51
519.01	1207.42
519.21	1212.81
519.42	1199.76
519.62	1210.25
519.83	1201.05
520.03	1213.54
520.23	1202.22
520.44	1207.24
520.64	1208.24
520.85	1211.31
521.05	1209.98
521.25	1213.95
521.46	1201.81
521.66	1216.82
521.86	1203.94
522.07	1208.63
522.27	1207.75
522.48	1211.07
522.68	1201.77
522.88	1206.48
523.09	1208.57
523.29	1217.46
523.50	1204.47
523.70	1202.83
523.90	1205.80
524.11	1205.39
524.31	1199.25
524.51	1210.29
524.72	1203.32
524.92	1210.23
525.13	1212.34
525.33	1207.75
525.53	1204.19
525.74	1212.34
525.94	1197.47
526.14	1209.10
526.35	1213.85
526.55	1214.92
526.76	1200.81
526.96	1210.41
527.16	1197.02
527.37	1214.22
527.57	1202.75
527.77	1212.91
527.98	1204.68
528.18	1209.31
528.38	1200.99
528.59	1207.95
528.79	1207.83
528.99	1208.79
529.20	1198.92
529.40	1214.26
529.61	1197.34
529.81	1209.22
530.01	1207.69
530.22	1209.55
530.42	1201.60
530.62	1208.87
530.83	1211.31
531.03	1205.70
531.23	1200.27
531.44	1211.07
531.64	1202.42
531.84	1205.43
532.05	1201.24
532.25	1210.98
532.45	1202.32
532.66	1210.62
532.86	1206.99
533.06	1202.77
533.27	1210.72
533.47	1208.65
533.67	1203.73
533.88	1210.68
534.08	1208.92
534.28	1208.71
534.49	1205.52
534.69	1213.91
534.89	1200.23
535.09	1210.55
535.30	1203.12
535.50	1209.98
535.70	1201.38
535.91	1207.05
536.11	1213.16
536.31	1205.88
536.52	1208.26
536.72	1209.82
536.92	1204.45
537.13	1211.62
537.33	1205.19
537.53	1205.91
537.74	1210.51
537.94	1210.76
538.14	1210.21
538.34	1207.20
538.55	1203.55
538.75	1209.78
538.95	1201.97
539.16	1204.82
539.36	1206.19
539.56	1215.49
539.77	1198.57
539.97	1215.63
540.17	1199.64
540.37	1202.22
540.58	1205.78
540.78	1202.73
540.98	1204.29
541.19	1206.34
541.39	1202.67
541.59	1208.28
541.79	1209.69
542.00	1212.58
542.20	1202.92
542.40	1207.11
542.60	1200.99
542.81	1201.60
543.01	1209.22
543.21	1205.09
543.42	1202.46
543.62	1206.32
543.82	1207.77
544.02	1201.30
544.23	1209.65
544.43	1207.83
544.63	1206.77
544.83	1210.43
545.04	1208.67
545.24	1210.00
545.44	1211.54
545.64	1208.34
545.85	1201.13
546.05	1200.74
546.25	1205.15
546.45	1209.90
546.66	1207.54
546.86	1213.18
547.06	1202.46
547.27	1213.05
547.47	1207.83
547.67	1209.10
547.87	1207.56
548.07	1214.32
548.28	1205.29
548.48	1217.72
548.68	1203.14
548.88	1213.38
549.09	1205.13
549.29	1211.50
549.49	1203.06
549.69	1205.00
549.90	1204.25
550.10	1209.98
550.30	1196.61
550.50	1210.84
550.71	1211.09
550.91	1209.69
551.11	1208.42
551.31	1211.64
551.51	1208.04
551.72	1213.01
551.92	1198.16
552.12	1200.21
552.32	1206.79
552.53	1204.78
552.73	1200.95
552.93	1214.08
553.13	1205.50
553.33	1202.61
553.54	1200.87
553.74	1208.69
553.94	1206.32
554.14	1206.48
554.35	1202.63
554.55	1206.85
554.75	1211.29
554.95	1206.32
555.15	1199.39
555.36	1207.05
555.56	1211.78
555.76	1201.42
555.96	1203.04
556.16	1211.48
556.37	1208.26
556.57	1214.18
556.77	1207.95
556.97	1209.98
557.17	1201.54
557.38	1209.63
557.58	1206.17
557.78	1204.62
557.98	1203.43
558.18	1211.78
558.38	1203.32
558.59	1212.36
558.79	1206.13
558.99	1214.57
559.19	1208.08
559.39	1211.87
559.60	1207.28
559.80	1211.52
560.00	1210.70
560.20	1215.41
560.40	1206.46
560.60	1206.68
560.81	1197.02
561.01	1210.96
561.21	1206.70
561.41	1210.82
561.61	1200.85
561.81	1215.47
562.02	1201.09
562.22	1217.03
562.42	1209.67
562.62	1219.44
562.82	1209.71
563.02	1210.82
563.23	1200.70
563.43	1212.91
563.63	1209.61
563.83	1213.77
564.03	1206.97
564.23	1215.06
564.43	1207.99
564.64	1210.00
564.84	1211.27
565.04	1216.64
565.24	1201.89
565.44	1204.21
565.64	1208.51
565.85	1210.68
566.05	1210.55
566.25	1210.55
566.45	1204.96
566.65	1213.16
566.85	1211.27
567.05	1205.62
567.25	1208.04
567.46	1212.64
567.66	1211.62
567.86	1212.81
568.06	1204.92
568.26	1211.84
568.46	1211.91
568.66	1211.82
568.86	1208.79
569.07	1215.00
569.27	1206.62
569.47	1213.46
569.67	1205.07
569.87	1218.23
570.07	1203.30
570.27	1214.96
570.47	1207.93
570.68	1217.78
570.88	1210.88
571.08	1215.74
571.28	1209.12
571.48	1214.75
571.68	1208.73
571.88	1215.63
572.08	1212.58
572.28	1207.54
572.49	1211.97
572.69	1219.69
572.89	1212.58
573.09	1216.74
573.29	1205.68
573.49	1211.64
573.69	1212.40
573.89	1215.39
574.09	1205.64
574.29	1208.57
574.50	1208.61
574.70	1219.54
574.90	1211.54
575.10	1209.76
575.30	1205.25
575.50	1212.30
575.70	1208.69
575.90	1215.78
576.10	1207.46
576.30	1218.48
576.50	1209.94
576.70	1212.99
576.91	1203.22
577.11	1218.97
577.31	1208.75
577.51	1215.22
577.71	1205.21
577.91	1213.91
578.11	1206.48
578.31	1218.77
578.51	1214.81
578.71	1223.68
578.91	1210.60
579.11	1216.53
579.31	1207.95
579.51	1217.27
579.71	1214.36
579.92	1216.12
580.12	1211.21
580.32	1218.60
580.52	1204.27
580.72	1219.34
580.92	1209.41
581.12	1214.86
581.32	1212.70
581.52	1216.62
581.72	1216.47
581.92	1218.15
582.12	1219.46
582.32	1213.63
582.52	1217.64
582.72	1219.46
582.92	1212.56
583.12	1220.24
583.32	1214.08
583.52	1213.87
583.72	1209.18
583.92	1223.48
584.12	1213.18
584.33	1221.04
584.53	1216.92
584.73	1225.26
584.93	1211.78
585.13	1227.78
585.33	1218.46
585.53	1227.65
585.73	1216.17
585.93	1226.45
586.13	1215.67
586.33	1224.95
586.53	1212.95
586.73	1222.13
586.93	1217.48
587.13	1223.97
587.33	1223.03
587.53	1225.63
587.73	1224.75
587.93	1227.57
588.13	1227.80
588.33	1227.72
588.53	1223.01
588.73	1232.92
588.93	1220.04
589.13	1232.32
589.33	1235.48
589.53	1242.38
589.73	1236.34
589.93	1238.88
590.13	1225.91
590.33	1240.86
590.53	1235.29
590.73	1242.87
590.93	1224.89
591.13	1237.12
591.33	1231.51
591.53	1244.04
591.73	1241.58
591.93	1246.70
592.13	1239.90
592.33	1245.49
592.53	1235.79
592.73	1250.49
592.93	1241.68
593.13	1240.95
593.33	1238.61
593.53	1246.25
593.73	1245.74
593.93	1241.85
594.13	1235.21
594.33	1254.63
594.53	1242.42
594.73	1250.22
594.92	1243.67
595.12	1266.57
595.32	1247.70
595.52	1256.59
595.72	1258.62
595.92	1252.89
596.12	1263.68
596.32	1264.85
596.52	1260.05
596.72	1267.94
596.92	1263.80
597.12	1264.09
597.32	1261.16
597.52	1277.95
597.72	1259.93
597.92	1273.94
598.12	1261.92
598.32	1277.93
598.52	1265.24
598.72	1274.37
598.92	1270.48
599.12	1271.26
599.31	1269.29
599.51	1275.58
599.71	1272.24
599.91	1277.03
600.11	1280.19
600.31	1278.30
600.51	1265.62
600.71	1280.35
600.91	1260.24
601.11	1278.36
601.31	1262.18
601.51	1273.63
601.71	1265.09
601.91	1277.91
602.10	1267.32
602.30	1274.78
602.50	1271.67
602.70	1276.91
602.90	1261.38
603.10	1271.67
603.30	1261.77
603.50	1281.23
603.70	1264.54
603.90	1271.07
604.10	1270.95
604.30	1278.81
604.49	1267.84
604.69	1277.05
604.89	1267.06
605.09	1275.21
605.29	1269.66
605.49	1276.77
605.69	1265.97
605.89	1264.87
606.09	1269.49
606.29	1275.33
606.48	1266.32
606.68	1276.60
606.88	1260.87
607.08	1273.88
607.28	1263.11
607.48	1272.61
607.68	1267.55
607.88	1265.93
608.08	1269.66
608.27	1277.91
608.47	1270.46
608.67	1278.87
608.87	1275.80
609.07	1292.12
609.27	1281.05
609.47	1293.09
609.67	1291.94
609.87	1291.74
610.06	1302.36
610.26	1311.46
610.46	1317.54
610.66	1338.51
610.86	1348.16
611.06	1381.27
611.26	1387.77
611.45	1423.89
611.65	1442.92
611.85	1475.44
612.05	1507.35
612.25	1540.50
612.45	1564.42
612.65	1603.60
612.84	1628.87
613.04	1677.78
613.24	1715.07
613.44	1771.78
613.64	1835.16
613.84	1930.99
614.04	2027.12
614.23	2211.70
614.43	2443.78
614.63	2793.39
614.83	3232.33
615.03	3794.62
615.23	4471.19
615.42	5177.04
615.62	5954.04
615.82	6630.48
616.02	7361.69
616.22	7981.53
616.42	8467.70
616.61	8865.80
616.81	9234.82
617.01	9533.50
617.21	9740.94
617.41	10028.02
617.61	10075.13
617.80	10255.86
618.00	10235.81
618.20	10321.03
618.40	10349.92
618.60	10329.03
618.80	10315.41
618.99	10380.56
619.19	10349.33
619.39	10357.15
619.59	10298.27
619.79	10285.80
619.98	10218.81
620.18	10079.61
620.38	9904.37
620.58	9719.15
620.78	9378.59
620.97	8964.78
621.17	8474.56
621.37	7906.76
621.57	7242.89
621.77	6644.86
621.96	5987.09
622.16	5428.39
622.36	4935.48
622.56	4571.76
622.76	4209.44
622.95	3993.62
623.15	3764.17
623.35	3607.72
623.55	3468.75
623.75	3361.58
623.94	3233.23
624.14	3148.08
624.34	3054.77
624.54	2966.46
624.73	2901.56
624.93	2835.76
625.13	2773.26
625.33	2721.24
625.53	2652.43
625.72	2604.63
625.92	2543.99
626.12	2495.72
626.32	2438.56
626.51	2393.69
626.71	2347.22
626.91	2286.68
627.11	2234.33
627.30	2204.62
627.50	2160.67
627.70	2125.85
627.90	2078.38
628.10	2047.42
628.29	2010.00
628.49	1983.60
628.69	1956.12
628.89	1924.80
629.08	1890.68
629.28	1878.85
629.48	1855.03
629.68	1837.50
629.87	1819.33
630.07	1806.72
630.27	1787.39
630.47	1782.63
630.66	1769.77
630.86	1765.66
631.06	1766.50
631.25	1779.28
631.45	1782.88
631.65	1846.39
631.85	1885.97
632.04	1991.30
632.24	2074.08
632.44	2195.57
632.64	2315.80
632.83	2436.51
633.03	2513.68
633.23	2614.15
633.42	2658.32
633.62	2704.65
633.82	2717.82
634.02	2751.81
634.21	2724.64
634.41	2696.68
634.61	2653.88
634.81	2605.43
635.00	2533.99
635.20	2478.98
635.40	2389.06
635.59	2319.04
635.79	2231.28
635.99	2164.64
636.18	2077.58
636.38	2001.48
636.58	1927.49
636.78	1863.86
636.97	1786.71
637.17	1732.62
637.37	1666.58
637.56	1627.01
637.76	1591.23
637.96	1562.40
638.15	1549.31
638.35	1536.37
638.55	1531.43
638.74	1526.21
638.94	1515.19
639.14	1514.92
639.34	1496.88
639.53	1494.69
639.73	1472.96
639.93	1460.57
640.12	1435.69
640.32	1403.17
640.52	1352.66
640.71	1325.53
640.91	1306.79
641.11	1294.83
641.30	1275.54
641.50	1272.96
641.70	1266.50
641.89	1263.02
642.09	1251.10
642.29	1256.08
642.48	1252.09
642.68	1258.66
642.88	1252.01
643.07	1252.97
643.27	1256.98
643.47	1256.18
643.66	1247.91
643.86	1248.97
644.06	1244.53
644.25	1252.52
644.45	1247.07
644.65	1246.19
644.84	1237.46
645.04	1245.10
645.23	1241.60
645.43	1248.87
645.63	1239.02
645.82	1239.10
646.02	1231.40
646.22	1242.81
646.41	1239.70
646.61	1234.90
646.81	1227.65
647.00	1236.99
647.20	1225.18
647.39	1234.09
647.59	1230.87
647.79	1235.62
647.98	1222.82
648.18	1237.57
648.38	1224.89
648.57	1231.89
648.77	1227.37
648.96	1227.92
649.16	1220.28
649.36	1229.99
649.55	1220.45
649.75	1234.45
649.95	1218.21
650.14	1230.44
650.34	1215.47
650.53	1222.74
650.73	1217.27
650.93	1228.64
651.12	1217.68
651.32	1232.84
651.51	1216.84
651.71	1229.44
651.91	1219.01
652.10	1229.60
652.30	1217.54
652.49	1227.76
652.69	1225.26
652.89	1226.06
653.08	1210.35
653.28	1220.36
653.47	1221.88
653.67	1223.42
653.86	1212.93
654.06	1218.93
654.26	1215.59
654.45	1217.44
654.65	1215.92
654.84	1224.40
655.04	1216.55
655.24	1226.65
655.43	1212.93
655.63	1218.50
655.82	1213.63
656.02	1216.15
656.21	1215.90
656.41	1225.61
656.61	1220.90
656.80	1215.88
657.00	1204.84
657.19	1216.96
657.39	1215.41
657.58	1216.55
657.78	1219.14
657.97	1217.87
658.17	1219.26
658.37	1222.84
658.56	1209.76
658.76	1224.01
658.95	1214.14
659.15	1218.11
659.34	1208.73
659.54	1223.91
659.73	1223.42
659.93	1220.43
660.13	1207.56
660.32	1229.48
660.52	1212.25
660.71	1219.48
660.91	1211.15
661.10	1225.96
661.30	1204.92
661.49	1219.22
661.69	1215.59
661.88	1214.06
662.08	1206.60
662.27	1221.86
662.47	1219.16
662.66	1217.13
662.86	1216.45
663.06	1219.57
663.25	1215.49
663.45	1226.71
663.64	1218.13
663.84	1223.27
664.03	1214.86
664.23	1220.14
664.42	1208.75
664.62	1216.47
664.81	1212.42
665.01	1218.81
665.20	1207.63
665.40	1218.17
665.59	1212.17
665.79	1212.50
665.98	1214.02
666.18	1216.78
666.37	1207.77
666.57	1216.76
666.76	1205.27
666.96	1212.83
667.15	1207.85
667.35	1217.05
667.54	1205.52
667.74	1212.23
667.93	1214.63
668.13	1214.75
668.32	1207.89
668.52	1216.06
668.71	1208.73
668.91	1215.35
669.10	1207.85
669.30	1206.46
669.49	1204.12
669.68	1204.94
669.88	1207.11
670.07	1212.85
670.27	1204.90
670.46	1198.64
670.66	1199.43
670.85	1206.99
671.05	1205.31
671.24	1210.37
671.44	1200.13
671.63	1212.56
671.83	1202.83
672.02	1216.88
672.22	1201.50
672.41	1206.44
672.60	1207.38
672.80	1209.88
672.99	1198.25
673.19	1209.16
673.38	1205.33
673.58	1211.23
673.77	1201.54
673.97	1212.17
674.16	1198.90
674.36	1209.49
674.55	1202.08
674.74	1208.06
674.94	1201.26
675.13	1207.34
675.33	1205.09
675.52	1210.27
675.72	1201.48
675.91	1208.16
676.10	1199.39
676.30	1213.26
676.49	1203.43
676.69	1203.61
676.88	1199.78
677.08	1205.74
677.27	1204.98
677.46	1215.33
677.66	1202.85
677.85	1207.73
678.05	1202.87
678.24	1212.52
678.44	1201.81
678.63	1210.29
678.82	1196.10
679.02	1212.73
679.21	1207.99
679.41	1209.06
679.60	1206.32
679.79	1210.21
679.99	1202.01
680.18	1210.12
680.38	1204.57
680.57	1212.68
680.76	1209.98
680.96	1206.95
681.15	1203.71
681.35	1212.23
681.54	1204.70
681.73	1210.94
681.93	1203.18
682.12	1208.69
682.32	1206.27
682.51	1215.22
682.70	1204.19
682.90	1210.80
683.09	1203.37
683.29	1205.00
683.48	1204.33
683.67	1212.89
683.87	1202.61
684.06	1216.55
684.25	1205.86
684.45	1211.46
684.64	1199.88
684.84	1201.34
685.03	1207.87
685.22	1209.08
685.42	1203.39
685.61	1212.23
685.80	1206.27
686.00	1206.13
686.19	1207.48
686.38	1215.88
686.58	1204.25
686.77	1207.89
686.96	1208.20
687.16	1208.65
687.35	1200.68
687.55	1208.77
687.74	1202.01
687.93	1205.82
688.13	1203.02
688.32	1209.08
688.51	1207.46
688.71	1208.44
688.90	1198.68
689.09	1208.47
689.29	1206.68
689.48	1208.55
689.67	1204.14
689.87	1210.00
690.06	1205.95
690.25	1214.94
690.45	1205.25
690.64	1210.02
690.83	1208.04
691.03	1210.96
691.22	1196.61
691.41	1212.44
691.61	1203.63
691.80	1207.03
691.99	1201.58
692.19	1210.41
692.38	1209.02
692.57	1212.36
692.76	1208.53
692.96	1211.66
693.15	1208.10
693.34	1206.13
693.54	1203.90
693.73	1208.14
693.92	1205.02
694.12	1213.24
694.31	1207.24
694.50	1214.47
694.70	1201.22
694.89	1208.59
695.08	1204.08
695.27	1209.96
695.47	1207.85
695.66	1198.90
695.85	1209.94
696.05	1215.06
696.24	1203.90
696.43	1211.41
696.62	1202.67
696.82	1214.61
697.01	1200.31
697.20	1212.07
697.40	1208.53
697.59	1205.15
697.78	1204.78
697.97	1209.82
698.17	1199.84
698.36	1206.38
698.55	1197.92
698.74	1208.42
698.94	1208.94
699.13	1215.76
699.32	1210.27
699.52	1213.48
699.71	1203.73
699.90	1211.54
700.09	1203.51
700.29	1206.87
700.48	1199.60
700.67	1211.37
700.86	1202.83
701.06	1212.36
701.25	1203.30
701.44	1206.89
701.63	1203.94
701.83	1208.12
702.02	1209.33
702.21	1208.24
702.40	1203.80
702.60	1214.34
702.79	1202.63
702.98	1199.68
703.17	1194.81
703.37	1209.67
703.56	1205.21
703.75	1207.79
703.94	1208.01
704.13	1207.61
704.33	1199.66
704.52	1206.44
704.71	1206.50
704.90	1212.50
705.10	1208.10
705.29	1205.64
705.48	1204.37
705.67	1208.92
705.86	1197.88
706.06	1210.23
706.25	1197.32
706.44	1206.99
706.63	1204.02
706.83	1210.57
707.02	1201.75
707.21	1211.72
707.40	1195.95
707.59	1211.62
707.79	1205.25
707.98	1212.46
708.17	1201.54
708.36	1210.29
708.55	1197.14
708.75	1210.60
708.94	1198.23
709.13	1215.04
709.32	1204.62
709.51	1217.42
709.71	1202.14
709.90	1212.36
710.09	1202.32
710.28	1212.11
710.47	1203.57
710.66	1210.02
710.86	1203.65
711.05	1213.75
711.24	1208.53
711.43	1204.14
711.62	1208.75
711.82	1215.35
712.01	1202.40
712.20	1205.35
712.39	1203.57
712.58	1209.04
712.77	1204.10
712.97	1210.80
713.16	1203.69
713.35	1205.11
713.54	1200.97
713.73	1215.43
713.92	1200.03
714.11	1207.44
714.31	1205.76
714.50	1200.87
714.69	1204.08
714.88	1207.85
715.07	1201.05
715.26	1215.59
715.46	1197.80
715.65	1210.74
715.84	1196.53
716.03	1212.93
716.22	1206.56
716.41	1214.83
716.60	1210.12
716.80	1208.28
716.99	1209.37
717.18	1202.22
717.37	1199.33
717.56	1209.59
717.75	1205.95
717.94	1210.02
718.13	1208.28
718.33	1210.06
718.52	1202.32
718.71	1206.56
718.90	1202.79
719.09	1206.83
719.28	1207.42
719.47	1211.99
719.66	1205.15
719.85	1206.44
720.05	1197.24
720.24	1206.32
720.43	1200.58
720.62	1205.41
720.81	1202.08
721.00	1213.01
721.19	1198.90
721.38	1207.32
721.57	1199.78
721.77	1207.42
721.96	1212.83
722.15	1211.19
722.34	1204.68
722.53	1210.80
722.72	1201.69
722.91	1202.96
723.10	1201.99
723.29	1206.64
723.48	1193.82
723.67	1210.02
723.87	1203.98
724.06	1208.22
724.25	1196.91
724.44	1207.03
724.63	1208.30
724.82	1208.77
725.01	1196.10
725.20	1206.27
725.39	1206.95
725.58	1211.74
725.77	1206.95
725.96	1209.63
726.15	1196.36
726.34	1207.61
726.54	1201.01
726.73	1202.69
726.92	1206.09
727.11	1203.98
727.30	1204.55
727.49	1210.90
727.68	1198.76
727.87	1205.86
728.06	1203.49
728.25	1202.14
728.44	1207.13
728.63	1207.03
728.82	1199.04
729.01	1210.25
729.20	1208.36
729.39	1213.32
729.58	1199.84
729.77	1211.72
729.96	1204.37
730.15	1211.82
730.34	1205.84
730.53	1207.11
730.73	1197.34
730.92	1209.02
731.11	1199.58
731.30	1206.72
731.49	1206.17
731.68	1207.28
731.87	1205.37
732.06	1205.60
732.25	1202.34
732.44	1209.78
732.63	1199.04
732.82	1212.46
733.01	1201.40
733.20	1203.22
733.39	1210.39
733.58	1209.12
733.77	1206.75
733.96	1212.40
734.15	1203.47
734.34	1208.63
734.53	1206.81
734.72	1214.47
734.91	1194.21
735.10	1204.68
735.29	1200.79
735.48	1214.34
735.67	1192.88
735.86	1211.97
736.05	1201.99
736.24	1203.98
736.43	1193.70
736.62	1206.54
736.81	1198.10
737.00	1219.57
737.19	1198.21
737.38	1214.96
737.57	1201.95
737.76	1205.86
737.95	1201.28
738.14	1204.51
738.33	1203.18
738.51	1209.10
738.70	1209.14
738.89	1213.48
739.08	1209.33
739.27	1204.68
739.46	1200.95
739.65	1206.40
739.84	1201.73
740.03	1206.01
740.22	1198.94
740.41	1209.43
740.60	1198.04
740.79	1207.38
740.98	1199.66
741.17	1212.68
741.36	1201.65
741.55	1205.00
741.74	1204.31
741.93	1212.54
742.12	1200.27
742.31	1211.84
742.50	1199.62
742.68	1215.04
742.87	1202.10
743.06	1205.35
743.25	1205.19
743.44	1203.41
743.63	1199.13
743.82	1201.85
744.01	1202.01
744.20	1206.77
744.39	1203.28
744.58	1206.58
744.77	1213.40
744.96	1210.33
745.14	1199.90
745.33	1202.85
745.52	1197.43
745.71	1207.22
745.90	1194.48
746.09	1202.38
746.28	1200.29
746.47	1213.71
746.66	1205.74
746.85	1205.52
747.04	1197.26
747.22	1215.35
747.41	1202.61
747.60	1211.11
747.79	1204.47
747.98	1207.03
748.17	1195.07
748.36	1214.69
748.55	1198.06
748.74	1209.65
748.93	1200.29
749.11	1207.07
749.30	1197.61
749.49	1206.50
749.68	1201.11
749.87	1200.31
750.06	1198.92
750.25	1214.61
750.44	1206.21
750.62	1206.85
750.81	1198.84
751.00	1205.66
751.19	1197.39
751.38	1196.10
751.57	1200.97
751.76	1214.18
751.95	1195.42
752.13	1214.86
752.32	1201.20
752.51	1207.18
752.70	1201.46
752.89	1213.32
753.08	1205.41
753.27	1205.88
753.45	1200.74
753.64	1211.99
753.83	1200.54
754.02	1212.46
754.21	1205.02
754.40	1206.27
754.58	1200.62
754.77	1208.32
754.96	1206.87
755.15	1209.57
755.34	1202.36
755.53	1210.55
755.71	1198.96
755.90	1212.11
756.09	1198.84
756.28	1203.41
756.47	1204.33
756.66	1205.58
756.84	1203.80
757.03	1207.65
757.22	1198.04
757.41	1209.39
757.60	1198.72
757.79	1215.29
757.97	1200.50
758.16	1200.19
758.35	1203.18
758.54	1203.76
758.73	1209.10
758.91	1197.86
759.10	1201.32
759.29	1211.76
759.48	1205.31
759.67	1206.52
759.85	1203.00
760.04	1210.78
760.23	1201.67
760.42	1213.91
760.61	1209.16
760.79	1203.24
760.98	1196.87
761.17	1206.38
761.36	1200.44
761.55	1202.03
761.73	1203.53
761.92	1214.32
762.11	1204.92
762.30	1212.50
762.49	1203.94
762.67	1207.61
762.86	1205.35
763.05	1203.92
763.24	1194.87
763.42	1208.51
763.61	1203.00
763.80	1211.70
763.99	1198.12
764.17	1204.86
764.36	1195.36
764.55	1213.30
764.74	1199.11
764.92	1201.54
765.11	1201.77
765.30	1205.76
765.49	1206.72
765.68	1202.22
765.86	1202.59
766.05	1205.52
766.24	1205.09
766.43	1208.77
766.61	1200.05
766.80	1211.48
766.99	1196.71
767.17	1208.85
767.36	1205.33
767.55	1206.46
767.74	1204.25
767.92	1205.25
768.11	1200.44
768.30	1207.77
768.49	1200.15
768.67	1203.16
768.86	1200.99
769.05	1200.93
769.24	1203.94
769.42	1210.04
769.61	1203.39
769.80	1213.26
769.98	1205.25
770.17	1206.68
770.36	1203.28
770.55	1209.22
770.73	1191.02
770.92	1209.41
771.11	1198.47
771.29	1198.39
771.48	1199.66
771.67	1203.39
771.86	1203.35
772.04	1208.42
772.23	1200.31
772.42	1205.54
772.60	1201.79
772.79	1208.36
772.98	1202.75
773.16	1206.48
773.35	1205.09
773.54	1207.71
773.72	1213.01
773.91	1213.69
774.10	1192.88
774.29	1209.12
774.47	1203.00
774.66	1209.43
774.85	1195.52
775.03	1211.78
775.22	1204.45
775.41	1204.98
775.59	1197.22
775.78	1205.37
775.97	1195.03
776.15	1203.80
776.34	1202.63
776.53	1209.20
776.71	1202.42
776.90	1206.13
777.09	1197.78
777.27	1213.85
777.46	1198.98
777.65	1208.24
777.83	1201.75
778.02	1210.29
778.21	1199.72
778.39	1208.61
778.58	1197.37
778.76	1209.55
778.95	1192.92
779.14	1208.26
779.32	1203.00
779.51	1218.77
779.70	1201.46
779.88	1206.48
780.07	1206.38
780.26	1205.91
780.44	1204.59
780.63	1214.88
780.81	1200.17
781.00	1210.55
781.19	1201.87
781.37	1210.35
781.56	1206.27
781.75	1208.10
781.93	1201.75
782.12	1204.51
782.30	1198.35
782.49	1204.19
782.68	1209.06
782.86	1215.16
783.05	1208.47
783.23	1204.98
783.42	1200.38
783.61	1211.50
783.79	1197.20
783.98	1211.97
784.16	1201.63
784.35	1205.31
784.54	1197.08
784.72	1206.05
784.91	1199.04
785.09	1210.37
785.28	1206.87
785.47	1205.97
785.65	1207.13
785.84	1205.76
786.02	1202.36
786.21	1205.76
786.40	1201.95
786.58	1206.97
786.77	1197.69
786.95	1209.22
787.14	1205.48
787.32	1213.42
787.51	1209.35
787.70	1200.77
787.88	1198.96
788.07	1203.51
788.25	1202.44
788.44	1210.82
788.62	1203.18
788.81	1208.32
789.00	1206.62
789.18	1206.23
789.37	1195.73
789.55	1210.74
789.74	1204.35
789.92	1205.00
790.11	1194.91
790.29	1203.04
790.48	1190.30
790.67	1206.60
790.85	1203.98
791.04	1214.96
791.22	1203.92
791.41	1207.38
791.59	1201.73
791.78	1210.49
791.96	1204.86
792.15	1212.38
792.33	1206.95
792.52	1203.82
792.70	1204.66
792.89	1209.65
793.07	1198.23
793.26	1207.81
793.45	1196.12
793.63	1207.50
793.82	1199.56
794.00	1210.84
794.19	1200.42
794.37	1208.08
794.56	1199.19
794.74	1209.18
794.93	1205.84
795.11	1210.94
795.30	1204.64
795.48	1210.68
795.67	1198.98
795.85	1201.52
796.04	1198.53
796.22	1209.74
796.41	1203.96
796.59	1205.48
796.78	1204.39
796.96	1204.39
797.15	1202.69
797.33	1210.19
797.52	1197.26
797.70	1211.84
797.89	1197.14
798.07	1209.84
798.26	1195.91
798.44	1196.51
798.63	1201.91
798.81	1199.60
798.99	1207.28
799.18	1205.62
799.36	1201.42
799.55	1207.77
799.73	1206.44
799.92	1210.74
800.10	1198.33
800.29	1206.54
800.47	1210.98
800.66	1203.06
800.84	1207.34
801.03	1214.53
801.21	1191.69
801.39	1209.76
801.58	1196.96
801.76	1203.94
801.95	1199.02
802.13	1209.84
802.32	1202.38
802.50	1208.36
802.69	1204.59
802.87	1209.33
803.06	1205.86
803.24	1207.03
803.42	1206.25
803.61	1209.55
803.79	1195.58
803.98	1209.74
804.16	1205.35
804.35	1203.26
804.53	1211.93
804.71	1206.89
804.90	1202.24
805.08	1206.66
805.27	1198.78
805.45	1210.70
805.63	1201.03
805.82	1207.28
806.00	1202.46
806.19	1211.19
806.37	1208.83
806.56	1216.88
806.74	1202.32
806.92	1210.23
807.11	1199.54
807.29	1207.40
807.48	1204.35
807.66	1204.02
807.84	1202.67
808.03	1212.23
808.21	1198.86
808.40	1203.18
808.58	1205.64
808.76	1207.89
808.95	1201.65
809.13	1200.46
809.32	1202.46
809.50	1207.07
809.68	1201.69
809.87	1208.36
810.05	1203.28
810.23	1210.14
810.42	1199.50
810.60	1205.99
810.79	1196.18
810.97	1208.85
811.15	1206.05
811.34	1209.20
811.52	1203.39
811.70	1199.07
811.89	1207.63
812.07	1208.98
812.25	1199.07
812.44	1203.06
812.62	1197.02
812.81	1212.75
812.99	1204.41
813.17	1204.94
813.36	1201.77
813.54	1207.15
813.72	1201.63
813.91	1211.54
814.09	1195.19
814.27	1209.47
814.46	1200.62
814.64	1202.89
814.82	1207.26
815.01	1214.67
815.19	1204.94
815.37	1208.32
815.56	1204.72
815.74	1204.55
815.92	1201.75
816.11	1213.71
816.29	1199.43
816.47	1207.69
816.66	1198.74
816.84	1209.53
817.02	1201.01
817.21	1201.22
817.39	1197.08
817.57	1208.08
817.76	1200.85
817.94	1209.26
818.12	1203.65
818.30	1205.13
818.49	1202.83
818.67	1208.36
818.85	1195.81
819.04	1215.80
819.22	1201.89
819.40	1213.91
819.59	1201.44
819.77	1205.23
819.95	1204.62
820.13	1209.00
820.32	1198.66
820.50	1205.54
820.68	1204.47
820.87	1209.90
821.05	1207.13
821.23	1209.26
821.41	1201.54
821.60	1211.09
821.78	1195.56
821.96	1211.33
822.14	1202.20
822.33	1208.83
822.51	1200.77
822.69	1212.79
822.88	1204.59
823.06	1201.89
823.24	1206.56
823.42	1212.85
823.61	1207.34
823.79	1204.55
823.97	1195.65
824.15	1211.91
824.34	1198.84
824.52	1210.25
824.70	1193.41
824.88	1209.53
825.07	1200.64
825.25	1215.04
825.43	1208.20
825.61	1201.60
825.80	1206.42
825.98	1204.82
826.16	1206.05
826.34	1205.97
826.53	1199.97
826.71	1206.68
826.89	1199.17
827.07	1209.37
827.25	1206.13
827.44	1213.07
827.62	1206.11
827.80	1209.92
827.98	1192.06
828.17	1206.79
828.35	1199.23
828.53	1210.14
828.71	1201.67
828.89	1208.69
829.08	1200.36
829.26	1199.11
829.44	1197.47
829.62	1208.77
829.80	1201.28
829.99	1198.96
830.17	1197.75
830.35	1202.12
830.53	1198.72
830.71	1203.76
830.90	1200.44
831.08	1207.40
831.26	1197.24
831.44	1202.10
831.62	1206.81
831.81	1209.39
831.99	1202.10
832.17	1201.58
832.35	1199.39
832.53	1213.32
832.71	1196.98
832.90	1212.95
833.08	1197.75
833.26	1209.88
833.44	1200.48
833.62	1208.08
833.81	1202.38
833.99	1207.05
834.17	1202.89
834.35	1210.37
834.53	1205.37
834.71	1211.82
834.89	1195.38
835.08	1202.49
835.26	1204.02
835.44	1207.22
835.62	1197.02
835.80	1211.82
835.98	1207.03
836.17	1211.72
836.35	1204.78
836.53	1208.63
836.71	1205.23
836.89	1213.16
837.07	1202.30
837.25	1211.35
837.44	1199.82
837.62	1210.33
837.80	1198.78
837.98	1204.59
838.16	1198.21
838.34	1207.28
838.52	1200.09
838.70	1206.52
838.89	1200.15
839.07	1205.19
839.25	1198.86
839.43	1214.94
839.61	1199.17
839.79	1209.71
839.97	1208.38
840.15	1202.55
840.33	1209.12
840.52	1206.68
840.70	1198.98
840.88	1210.70
841.06	1199.64
841.24	1209.33
841.42	1198.94
841.60	1210.86
841.78	1205.11
841.96	1208.90
842.14	1205.19
842.33	1207.91
842.51	1204.88
842.69	1201.67
842.87	1199.27
843.05	1204.59
843.23	1202.73
843.41	1207.73
843.59	1205.09
843.77	1202.81
843.95	1200.36
844.13	1207.20
844.31	1200.05
844.49	1209.35
844.68	1203.98
844.86	1205.09
845.04	1203.57
845.22	1205.29
845.40	1200.03
845.58	1204.78
845.76	1200.13
845.94	1209.08
846.12	1196.05
846.30	1200.74
846.48	1197.92
846.66	1215.67
846.84	1208.47
847.02	1208.69
847.20	1202.06
847.38	1210.49
847.56	1200.19
847.74	1210.51
847.92	1197.34
848.11	1206.58
848.29	1203.65
848.47	1204.02
848.65	1198.84
848.83	1206.66
849.01	1200.74
849.19	1206.99
849.37	1201.60
849.55	1207.34
849.73	1206.97
849.91	1212.03
850.09	1203.16
850.27	1206.13
850.45	1196.44
850.63	1206.44
850.81	1196.08
850.99	1206.13
851.17	1205.97
851.35	1202.32
851.53	1207.38
851.71	1206.21
851.89	1202.51
852.07	1203.76
852.25	1205.82
852.43	1203.57
852.61	1200.74
852.79	1206.93
852.97	1204.10
853.15	1202.59
853.33	1195.87
853.51	1201.22
853.69	1204.72
853.87	1205.95
854.05	1199.68
854.23	1215.45
854.41	1201.30
854.59	1203.41
854.77	1204.62
854.95	1196.79
855.13	1195.69
855.31	1209.45
855.49	1203.45
855.67	1204.64
855.84	1204.82
856.02	1203.59
856.20	1201.26
856.38	1200.66
856.56	1202.85
856.74	1200.72
856.92	1197.24
857.10	1199.35
857.28	1204.57
857.46	1201.63
857.64	1196.73
857.82	1213.44
858.00	1197.90
858.18	1209.92
858.36	1196.65
858.54	1208.26
858.72	1195.07
858.90	1213.34
859.08	1210.74
859.25	1210.60
859.43	1203.10
859.61	1213.32
859.79	1197.04
859.97	1209.53
860.15	1198.00
860.33	1207.71
860.51	1200.60
860.69	1202.65
860.87	1200.58
861.05	1203.16
861.23	1199.70
861.41	1201.97
861.58	1202.30
861.76	1206.54
861.94	1198.76
862.12	1209.43
862.30	1202.24
862.48	1201.89
862.66	1200.62
862.84	1209.49
863.02	1207.97
863.20	1209.69
863.37	1201.26
863.55	1207.28
863.73	1202.94
863.91	1205.29
864.09	1199.47
864.27	1213.99
864.45	1199.29
864.63	1206.72
864.80	1204.74
864.98	1206.70
865.16	1201.58
865.34	1204.49
865.52	1200.15
865.70	1206.89
865.88	1197.86
866.06	1204.19
866.23	1194.52
866.41	1207.58
866.59	1203.63
866.77	1198.57
866.95	1200.50
867.13	1209.86
867.31	1201.83
867.48	1202.38
867.66	1201.67
867.84	1216.66
868.02	1202.67
868.20	1204.47
868.38	1204.51
868.56	1212.13
868.73	1197.28
868.91	1205.88
869.09	1201.13
869.27	1213.89
869.45	1203.49
869.63	1211.93
869.80	1201.05
869.98	1208.01
870.16	1201.71
870.34	1208.36
870.52	1203.41
870.70	1205.15
870.87	1202.18
871.05	1206.75
871.23	1198.78
871.41	1206.83
871.59	1197.41
871.76	1208.63
871.94	1196.75
872.12	1203.39
872.30	1197.37
872.48	1203.16
872.65	1197.18
872.83	1206.83
873.01	1205.70
873.19	1208.44
873.37	1197.78
873.54	1206.72
873.72	1202.46
873.90	1209.96
874.08	1201.77
874.26	1207.28
874.43	1200.01
874.61	1209.57
874.79	1206.93
874.97	1211.15
875.15	1195.36
875.32	1208.69
875.50	1201.81
875.68	1202.38
875.86	1197.30
876.03	1206.21
876.21	1200.62
876.39	1214.51
876.57	1201.75
876.74	1206.54
876.92	1201.40
877.10	1204.29
877.28	1197.24
877.45	1209.57
877.63	1197.73
877.81	1210.08
877.99	1203.06
878.17	1205.05
878.34	1207.05
878.52	1207.75
878.70	1203.90
878.87	1205.13
879.05	1198.61
879.23	1200.58
879.41	1200.44
879.58	1216.06
879.76	1201.65
879.94	1207.15
880.12	1207.26
880.29	1205.72
880.47	1201.32
880.65	1207.36
880.83	1200.85
881.00	1209.14
881.18	1201.09
881.36	1205.31
881.53	1196.34
881.71	1203.35
881.89	1202.49
882.07	1210.29
882.24	1194.29
882.42	1210.60
882.60	1203.59
882.77	1211.48
882.95	1201.13
883.13	1215.14
883.30	1195.11
883.48	1203.47
883.66	1204.25
883.84	1204.72
884.01	1203.63
884.19	1214.30
884.37	1198.14
884.54	1212.38
884.72	1205.25
884.90	1206.36
885.07	1204.43
885.25	1204.14
885.43	1202.46
885.60	1205.86
885.78	1201.01
885.96	1213.20
886.13	1202.79
886.31	1201.11
886.49	1199.27
886.66	1199.52
886.84	1208.20
887.02	1209.41
887.19	1193.66
887.37	1209.22
887.55	1200.03
887.72	1212.50
887.90	1202.46
888.08	1204.14
888.25	1201.22
888.43	1206.15
888.61	1199.93
888.78	1202.26
888.96	1194.74
889.14	1208.92
889.31	1201.46
889.49	1206.62
889.67	1204.16
889.84	1206.42
890.02	1206.48
890.19	1203.92
890.37	1199.02
890.55	1216.51
890.72	1200.15
890.90	1204.29
891.08	1205.52
891.25	1204.12
891.43	1202.92
891.60	1198.27
891.78	1214.63
891.96	1209.37
892.13	1202.10
892.31	1205.17
892.48	1203.35
892.66	1210.60
892.84	1196.61
893.01	1210.68
893.19	1204.19
893.36	1211.29
893.54	1206.05
893.72	1210.37
893.89	1207.93
894.07	1213.01
894.24	1202.03
894.42	1228.52
894.60	1197.32
894.77	1205.60
894.95	1199.17
895.12	1202.75
895.30	1201.17
895.48	1211.99
895.65	1195.89
895.83	1206.11
896.00	1202.79
896.18	1210.82
896.35	1201.79
896.53	1201.58
896.71	1202.69
896.88	1206.68
897.06	1197.90
897.23	1202.61
897.41	1195.95
897.58	1211.00
897.76	1200.97
897.93	1208.94
898.11	1200.03
898.29	1201.13
898.46	1198.31
898.64	1208.34
898.81	1198.45
898.99	1203.02
899.16	1206.23
899.34	1205.78
899.51	1197.98
899.69	1203.90
899.86	1197.71
900.04	1204.00
900.21	1199.93
900.39	1210.98
900.57	1200.58
900.74	1208.85
900.92	1196.94
901.09	1204.55
901.27	1206.60
901.44	1209.69
901.62	1194.44
901.79	1205.11
901.97	1202.18
902.14	1205.31
902.32	1200.09
902.49	1211.50
902.67	1196.32
902.84	1207.69
903.02	1198.18
903.19	1213.81
903.37	1195.67
903.54	1206.01
903.72	1204.49
903.89	1218.87
904.07	1202.65
904.24	1207.54
904.42	1202.75
904.59	1208.81
904.77	1202.10
904.94	1207.20
905.12	1201.89
905.29	1207.95
905.47	1205.00
905.64	1204.70
905.82	1206.52
905.99	1200.56
906.16	1205.82
906.34	1210.04
906.51	1202.98
906.69	1209.33
906.86	1197.67
907.04	1206.34
907.21	1200.66
907.39	1201.32
907.56	1203.26
907.74	1206.13
907.91	1194.91
908.09	1207.03
908.26	1198.12
908.43	1207.52
908.61	1205.27
908.78	1202.38
908.96	1205.78
909.13	1204.86
909.31	1202.85
909.48	1210.88
909.65	1197.86
909.83	1212.09
910.00	1200.09
910.18	1214.90
910.35	1197.20
910.53	1211.76
910.70	1198.72
910.87	1209.61
911.05	1196.61
911.22	1203.82
911.40	1210.06
911.57	1210.06
911.75	1200.89
911.92	1205.54
912.09	1200.11
912.27	1209.74
912.44	1195.50
912.62	1207.83
912.79	1200.97
912.96	1215.33
913.14	1203.39
913.31	1211.31
913.49	1194.46
913.66	1209.65
913.83	1205.19
914.01	1213.61
914.18	1204.53
914.36	1208.57
914.53	1196.61
914.70	1209.86
914.88	1206.99
915.05	1211.56
915.22	1196.89
915.40	1205.78
915.57	1196.26
915.75	1203.94
915.92	1201.83
916.09	1205.50
916.27	1206.36
916.44	1211.76
916.61	1197.37
916.79	1211.76
916.96	1199.41
917.13	1213.87
917.31	1198.02
917.48	1207.99
917.66	1199.84
917.83	1208.24
918.00	1199.80
918.18	1202.36
918.35	1201.71
918.52	1207.32
918.70	1201.65
918.87	1203.76
919.04	1204.78
919.22	1209.80
919.39	1202.22
919.56	1209.76
919.74	1205.45
919.91	1209.37
920.08	1199.33
920.26	1204.80
920.43	1201.56
920.60	1205.13
920.78	1199.80
920.95	1208.63
921.12	1207.01
921.29	1210.21
921.47	1197.49
921.64	1207.22
921.81	1199.25
921.99	1208.92
922.16	1199.76
922.33	1206.97
922.51	1203.39
922.68	1207.83
922.85	1206.70
923.03	1207.54
923.20	1198.72
923.37	1206.29
923.54	1200.23
923.72	1213.69
923.89	1198.51
924.06	1202.26
924.24	1201.63
924.41	1207.61
924.58	1198.10
924.75	1207.56
924.93	1203.45
925.10	1210.39
925.27	1200.27
925.44	1219.24
925.62	1205.02
925.79	1210.57
925.96	1197.39
926.14	1204.49
926.31	1201.63
926.48	1205.13
926.65	1194.05
926.83	1205.99
927.00	1198.47
927.17	1207.42
927.34	1200.38
927.52	1206.87
927.69	1196.87
927.86	1202.30
928.03	1205.82
928.21	1205.80
928.38	1196.59
928.55	1203.08
928.72	1208.01
928.89	1201.71
929.07	1203.20
929.24	1204.21
929.41	1202.65
929.58	1208.22
929.76	1197.06
929.93	1202.77
930.10	1203.43
930.27	1207.81
930.44	1205.37
930.62	1200.95
930.79	1199.07
930.96	1212.30
931.13	1201.07
931.31	1208.01
931.48	1197.78
931.65	1208.16
931.82	1197.86
931.99	1205.88
932.17	1195.69
932.34	1209.59
932.51	1200.23
932.68	1205.13
932.85	1201.09
933.03	1205.23
933.20	1202.01
933.37	1207.85
933.54	1199.50
933.71	1210.82
933.88	1199.64
934.06	1210.47
934.23	1208.30
934.40	1210.19
934.57	1204.51
934.74	1210.92
934.91	1199.29
935.09	1203.10
935.26	1201.30
935.43	1213.97
935.60	1202.42
935.77	1205.70
935.94	1201.20
936.12	1208.14
936.29	1199.66
936.46	1209.88
936.63	1197.96
936.80	1201.65
936.97	1201.81
937.14	1201.97
937.32	1203.67
937.49	1205.54
937.66	1199.93
937.83	1205.19
938.00	1201.34
938.17	1209.45
938.34	1200.95
938.52	1201.38
938.69	1196.85
938.86	1206.81
939.03	1198.84
939.20	1208.10
939.37	1198.86
939.54	1207.46
939.71	1197.12
939.89	1213.85
940.06	1204.12
940.23	1209.78
940.40	1204.57
940.57	1206.19
940.74	1197.20
940.91	1207.71
941.08	1197.63
941.25	1206.72
941.43	1203.18
941.60	1202.20
941.77	1200.62
941.94	1208.24
942.11	1200.60
942.28	1213.28
942.45	1202.28
942.62	1203.90
942.79	1205.31
942.96	1206.36
943.13	1205.78
943.30	1208.22
943.48	1203.02
943.65	1206.23
943.82	1201.46
943.99	1207.15
944.16	1203.67
944.33	1207.99
944.50	1203.10
944.67	1209.67
944.84	1202.65
945.01	1209.22
945.18	1203.39
945.35	1201.79
945.52	1202.12
945.69	1210.12
945.86	1199.78
946.03	1210.02
946.21	1199.58
946.38	1205.50
946.55	1211.93
946.72	1208.42
946.89	1207.71
947.06	1203.32
947.23	1207.05
947.40	1203.37
947.57	1200.70
947.74	1205.78
947.91	1206.34
948.08	1208.51
948.25	1196.96
948.42	1200.23
948.59	1203.35
948.76	1211.82
948.93	1195.62
949.10	1202.79
949.27	1205.84
949.44	1211.27
949.61	1197.80
949.78	1201.93
949.95	1202.24
950.12	1207.58
950.29	1199.15
950.46	1207.13
950.63	1206.29
950.80	1206.21
950.97	1196.57
951.14	1202.77
951.31	1204.02
951.48	1208.81
951.65	1205.66
951.82	1208.83
951.99	1205.07
952.16	1205.66
952.33	1202.22
952.50	1204.84
952.67	1200.27
952.84	1211.03
953.01	1199.86
953.18	1209.57
953.35	1204.80
953.52	1207.58
953.69	1201.77
953.86	1212.19
954.03	1197.53
954.20	1197.63
954.37	1205.64
954.54	1208.63
954.70	1205.84
954.87	1208.53
955.04	1201.73
955.21	1208.28
955.38	1205.52
955.55	1206.95
955.72	1206.95
955.89	1205.66
956.06	1207.34
956.23	1207.46
956.40	1201.99
956.57	1205.39
956.74	1201.17
956.91	1215.82
957.08	1198.29
957.25	1212.95
957.41	1205.29
957.58	1206.05
957.75	1195.83
957.92	1215.65
958.09	1199.60
958.26	1209.69
958.43	1200.60
958.60	1206.60
958.77	1202.16
958.94	1211.41
959.11	1198.08
959.27	1203.22
959.44	1198.06
959.61	1210.74
959.78	1207.52
959.95	1214.26
960.12	1197.00
960.29	1204.14
960.46	1193.88
960.63	1213.83
960.80	1201.67
960.96	1212.52
961.13	1202.44
961.30	1215.37
961.47	1201.97
961.64	1207.26
961.81	1203.55
961.98	1201.77
962.15	1201.22
962.31	1210.25
962.48	1195.95
962.65	1201.73
962.82	1204.00
962.99	1210.57
963.16	1201.26
963.33	1210.35
963.49	1203.90
963.66	1201.87
963.83	1209.49
964.00	1211.21
964.17	1192.90
964.34	1212.07
964.51	1198.82
964.67	1207.99
964.84	1197.92
965.01	1223.56
965.18	1195.97
965.35	1214.32
965.52	1206.85
965.68	1213.28
965.85	1206.81
966.02	1204.35
966.19	1207.07
966.36	1202.26
966.52	1201.89
966.69	1210.06
966.86	1192.12
967.03	1210.25
967.20	1205.25
967.37	1206.56
967.53	1199.78
967.70	1212.09
967.87	1199.39
968.04	1209.41
968.21	1197.78
968.37	1204.70
968.54	1198.25
968.71	1202.75
968.88	1206.25
969.05	1214.45
969.21	1200.05
969.38	1214.55
969.55	1199.70
969.72	1210.88
969.89	1204.39
970.05	1209.45
970.22	1200.46
970.39	1205.76
970.56	1204.47
970.72	1211.95
970.89	1204.80
971.06	1210.57
971.23	1204.02
971.39	1208.14
971.56	1198.25
971.73	1210.02
971.90	1197.73
972.07	1209.35
972.23	1202.01
972.40	1205.93
972.57	1195.01
972.74	1206.46
972.90	1193.70
973.07	1201.71
973.24	1200.27
973.40	1207.95
973.57	1206.62
973.74	1200.89
973.91	1201.63
974.07	1208.01
974.24	1200.40
974.41	1208.69
974.58	1198.59
974.74	1208.24
974.91	1201.52
975.08	1208.85
975.25	1200.11
975.41	1206.11
975.58	1197.18
975.75	1210.53
975.91	1204.55
976.08	1208.85
976.25	1207.07
976.42	1209.90
976.58	1206.11
976.75	1205.97
976.92	1198.10
977.08	1205.56
977.25	1198.57
977.42	1202.42
977.58	1200.29
977.75	1209.00
977.92	1203.65
978.08	1201.56
978.25	1204.98
978.42	1213.79
978.59	1198.33
978.75	1213.20
978.92	1205.82
979.09	1202.24
979.25	1201.63
979.42	1213.11
979.59	1191.53
979.75	1202.08
979.92	1204.80
980.09	1212.23
980.25	1200.91
980.42	1209.92
980.59	1199.11
980.75	1205.93
980.92	1198.53
981.09	1209.92
981.25	1204.10
981.42	1207.75
981.59	1201.97
981.75	1209.71
981.92	1205.11
982.08	1206.23
982.25	1201.01
982.42	1213.44
982.58	1194.19
982.75	1213.05
982.92	1190.59
983.08	1204.57
983.25	1198.70
983.42	1204.25
983.58	1201.26
983.75	1196.36
983.91	1203.30
984.08	1202.46
984.25	1203.88
984.41	1205.07
984.58	1203.49
984.74	1206.99
984.91	1199.39
985.08	1203.55
985.24	1195.28
985.41	1205.52
985.57	1206.27
985.74	1210.19
985.91	1200.23
986.07	1206.11
986.24	1203.71
986.40	1202.67
986.57	1203.65
986.74	1197.88
986.90	1205.52
987.07	1207.22
987.23	1205.82
987.40	1207.87
987.57	1203.98
987.73	1208.01
987.90	1199.35
988.06	1199.21
988.23	1194.68
988.39	1206.44
988.56	1204.66
988.73	1210.86
988.89	1200.25
989.06	1208.42
989.22	1196.85
989.39	1217.46
989.55	1203.39
989.72	1212.34
989.88	1200.44
990.05	1205.58
990.22	1203.92
990.38	1202.12
990.55	1198.66
990.71	1203.86
990.88	1198.47
991.04	1200.97
991.21	1195.19
991.37	1209.24
991.54	1207.18
991.70	1210.00
991.87	1199.58
992.03	1207.34
992.20	1201.09
992.36	1201.48
992.53	1200.66
992.69	1203.94
992.86	1200.58
993.03	1198.59
993.19	1201.03
993.36	1210.66
993.52	1198.70
993.69	1205.33
993.85	1210.17
994.02	1203.22
994.18	1211.07
994.35	1203.28
994.51	1196.57
994.68	1203.35
994.84	1200.74
995.01	1202.92
995.17	1200.58
995.34	1210.12
995.50	1203.61
995.66	1213.48
995.83	1201.52
995.99	1208.44
996.16	1199.56
996.32	1205.82
996.49	1198.94
996.65	1203.02
996.82	1203.94
996.98	1213.97
997.15	1194.56
997.31	1203.88
997.48	1204.00
997.64	1212.42
997.81	1205.66
997.97	1211.74
998.13	1200.58
998.30	1205.50
998.46	1205.31
998.63	1203.51
998.79	1195.62
998.96	1203.41
999.12	1200.85
999.29	1208.90
999.45	1199.93
999.61	1203.26
999.78	1193.86
999.94	1200.64
1000.11	1198.47
1000.27	1214.16
1000.44	1205.11
1000.60	1215.49
1000.76	1196.34
1000.93	1206.83
1001.09	1206.81
1001.26	1201.97
1001.42	1205.84
1001.59	1207.69
1001.75	1196.73
1001.91	1207.05
1002.08	1204.72
1002.24	1204.84
1002.41	1205.56
1002.57	1207.01
1002.73	1200.11
1002.90	1204.04
1003.06	1206.68
1003.23	1210.76
1003.39	1195.56
1003.55	1208.55
1003.72	1199.13
1003.88	1219.54
1004.04	1195.09
1004.21	1206.83
1004.37	1202.22
1004.54	1206.72
1004.70	1197.80
1004.86	1211.89
1005.03	1200.93
1005.19	1204.74
1005.35	1200.79
1005.52	1207.36
1005.68	1201.58
1005.85	1203.96
1006.01	1202.10
1006.17	1207.03
1006.34	1202.12
1006.50	1205.41
1006.66	1204.02
1006.83	1213.65
1006.99	1203.45
1007.15	1209.92
1007.32	1208.44
1007.48	1207.71
1007.64	1201.28
1007.81	1214.69
1007.97	1202.16
1008.13	1213.09
1008.30	1200.89
1008.46	1213.20
1008.62	1203.71
1008.79	1208.87
1008.95	1205.11
1009.11	1208.30
1009.28	1197.94
1009.44	1210.96
1009.60	1196.79
1009.77	1212.64
1009.93	1195.99
1010.09	1203.78
1010.25	1206.32
1010.42	1215.31
1010.58	1201.95
1010.74	1204.86
1010.91	1202.42
1011.07	1207.28
1011.23	1199.21
1011.40	1206.70
1011.56	1204.12
1011.72	1207.67
1011.88	1208.63
1012.05	1210.17
1012.21	1200.31
1012.37	1207.09
1012.54	1203.98
1012.70	1204.82
1012.86	1198.61
1013.02	1213.61
1013.19	1205.95
1013.35	1203.18
1013.51	1199.17
1013.67	1212.50
1013.84	1201.67
1014.00	1205.33
1014.16	1207.18
1014.33	1210.02
1014.49	1198.88
1014.65	1205.29
1014.81	1195.87
1014.98	1210.88
1015.14	1199.64
1015.30	1210.47
1015.46	1211.17
1015.62	1214.49
1015.79	1198.37
1015.95	1204.72
1016.11	1202.92
1016.27	1204.31
1016.44	1196.26
1016.60	1204.66
1016.76	1202.49
1016.92	1201.03
1017.09	1202.03
1017.25	1203.98
1017.41	1201.93
1017.57	1204.82
1017.73	1199.35
1017.90	1211.17
1018.06	1200.79
1018.22	1203.86
1018.38	1199.95
1018.54	1209.74
1018.71	1202.49
1018.87	1210.04
1019.03	1200.38
1019.19	1206.91
1019.35	1203.14
1019.52	1203.02
1019.68	1199.72
1019.84	1205.33
1020.00	1208.01
1020.16	1209.65
1020.33	1202.87
1020.49	1201.56
1020.65	1200.93
1020.81	1207.99
1020.97	1196.61
1021.13	1201.69
1021.30	1197.90
1021.46	1216.84
1021.62	1199.31
1021.78	1209.10
1021.94	1201.99
1022.10	1211.64
1022.27	1200.19
1022.43	1217.91
1022.59	1196.38
1022.75	1211.60
1022.91	1205.19
1023.07	1213.40
1023.24	1202.77
1023.40	1206.58
1023.56	1193.49
1023.72	1205.99
1023.88	1205.66
1024.04	1208.57
1024.20	1200.72
1024.36	1208.83
1024.53	1200.19
1024.69	1206.15
1024.85	1204.88
1025.01	1207.07
1025.17	1202.71
1025.33	1209.59
1025.49	1200.29
1025.65	1202.01
1025.82	1202.94
1025.98	1212.30
1026.14	1198.76
1026.30	1204.19
1026.46	1202.36
1026.62	1209.90
1026.78	1199.72
1026.94	1209.94
1027.10	1197.02
1027.26	1208.59
1027.43	1204.68
1027.59	1210.23
1027.75	1198.88
1027.91	1214.30
1028.07	1204.35
1028.23	1206.54
1028.39	1203.39
1028.55	1210.23
1028.71	1202.08
1028.87	1211.62
1029.03	1196.85
1029.19	1205.19
1029.36	1198.49
1029.52	1207.69
1029.68	1195.62
1029.84	1211.37
1030.00	1213.05
1030.16	1210.27
1030.32	1204.02
1030.48	1207.07
1030.64	1197.61
1030.80	1207.01
1030.96	1204.43
1031.12	1210.10
1031.28	1198.49
1031.44	1214.04
1031.60	1205.64
1031.76	1214.63
1031.92	1198.59
1032.08	1224.40
1032.24	1202.57
1032.40	1206.05
1032.56	1201.28
1032.73	1216.55
1032.89	1203.32
1033.05	1203.32
1033.21	1202.14
1033.37	1206.21
1033.53	1199.97
1033.69	1204.06
1033.85	1208.49
1034.01	1206.48
1034.17	1199.33
1034.33	1203.73
1034.49	1205.02
1034.65	1210.66
1034.81	1206.87
1034.97	1208.92
1035.13	1204.78
1035.29	1208.14
1035.45	1205.78
1035.61	1216.19
1035.77	1202.59
1035.93	1201.22
1036.09	1194.44
1036.25	1201.36
1036.41	1201.24
1036.57	1204.72
1036.73	1198.76
1036.88	1209.65
1037.04	1200.19
