345.52	1197.20
345.73	1197.20
345.94	1197.20
346.16	1190.42
346.37	1189.54
346.58	1195.67
346.79	1198.27
347.00	1195.36
347.22	1202.69
347.43	1194.27
347.64	1202.67
347.85	1194.42
348.06	1199.35
348.28	1193.72
348.49	1204.23
348.70	1202.26
348.91	1204.49
349.12	1200.74
349.34	1202.63
349.55	1197.88
349.76	1205.19
349.97	1205.78
350.18	1204.70
350.40	1201.09
350.61	1203.41
350.82	1197.78
351.03	1203.59
351.24	1196.24
351.46	1203.49
351.67	1193.99
351.88	1202.61
352.09	1201.87
352.30	1198.12
352.51	1192.35
352.73	1205.56
352.94	1200.19
353.15	1206.66
353.36	1194.64
353.57	1205.82
353.79	1200.97
354.00	1204.02
354.21	1195.56
354.42	1201.67
354.63	1207.56
354.84	1201.40
355.06	1203.82
355.27	1199.97
355.48	1198.92
355.69	1208.77
355.90	1196.10
356.11	1206.66
356.33	1201.87
356.54	1214.69
356.75	1200.58
356.96	1200.62
357.17	1198.04
357.38	1207.75
357.60	1196.98
357.81	1207.75
358.02	1204.57
358.23	1201.52
358.44	1199.74
358.65	1201.63
358.87	1206.54
359.08	1196.40
359.29	1196.32
359.50	1201.05
359.71	1191.73
359.92	1213.40
360.13	1207.44
360.35	1213.48
360.56	1201.30
360.77	1204.57
360.98	1197.37
361.19	1211.74
361.40	1196.59
361.62	1207.13
361.83	1196.71
362.04	1201.09
362.25	1203.88
362.46	1206.21
362.67	1196.34
362.88	1204.76
363.10	1209.80
363.31	1199.66
363.52	1195.50
363.73	1212.25
363.94	1197.84
364.15	1213.87
364.36	1204.19
364.57	1211.70
364.79	1201.15
365.00	1202.57
365.21	1203.28
365.42	1206.19
365.63	1197.57
365.84	1205.91
366.05	1201.60
366.27	1203.76
366.48	1199.13
366.69	1204.29
366.90	1196.96
367.11	1202.81
367.32	1200.64
367.53	1211.03
367.74	1200.33
367.95	1204.49
368.17	1202.98
368.38	1211.13
368.59	1204.06
368.80	1205.64
369.01	1196.59
369.22	1211.68
369.43	1205.31
369.64	1207.32
369.86	1201.58
370.07	1208.04
370.28	1194.52
370.49	1211.43
370.70	1203.69
370.91	1202.42
371.12	1203.67
371.33	1203.10
371.54	1199.58
371.76	1201.83
371.97	1201.32
372.18	1207.91
372.39	1195.95
372.60	1206.42
372.81	1197.88
373.02	1204.53
373.23	1202.87
373.44	1206.91
373.65	1205.13
373.87	1205.35
374.08	1202.34
374.29	1202.69
374.50	1199.88
374.71	1205.68
374.92	1205.27
375.13	1209.37
375.34	1198.82
375.55	1199.39
375.76	1195.60
375.97	1207.46
376.19	1203.78
376.40	1213.85
376.61	1204.70
376.82	1212.93
377.03	1199.31
377.24	1211.52
377.45	1200.17
377.66	1210.74
377.87	1200.11
378.08	1211.09
378.29	1202.44
378.50	1207.09
378.71	1195.07
378.93	1203.80
379.14	1204.64
379.35	1210.43
379.56	1194.17
379.77	1203.98
379.98	1203.80
380.19	1212.60
380.40	1206.95
380.61	1203.61
380.82	1204.53
381.03	1205.29
381.24	1197.39
381.45	1209.51
381.66	1197.10
381.88	1204.39
382.09	1201.48
382.30	1203.04
382.51	1204.12
382.72	1204.78
382.93	1201.54
383.14	1207.85
383.35	1199.70
383.56	1215.90
383.77	1206.25
383.98	1214.47
384.19	1192.59
384.40	1205.58
384.61	1202.96
384.82	1216.41
385.03	1194.29
385.24	1204.08
385.45	1199.93
385.67	1200.81
385.88	1200.48
386.09	1209.69
386.30	1197.86
386.51	1207.54
386.72	1201.09
386.93	1200.27
387.14	1199.82
387.35	1205.78
387.56	1207.22
387.77	1206.52
387.98	1199.74
388.19	1209.02
388.40	1200.42
388.61	1205.02
388.82	1204.66
389.03	1206.46
389.24	1206.13
389.45	1205.35
389.66	1200.89
389.87	1205.37
390.08	1205.27
390.29	1211.23
390.50	1198.10
390.71	1209.31
390.92	1203.49
391.13	1204.10
391.34	1198.14
391.55	1209.51
391.76	1197.22
391.98	1209.67
392.19	1191.10
392.40	1207.32
392.61	1199.04
392.82	1206.75
393.03	1203.26
393.24	1206.66
393.45	1200.25
393.66	1209.26
393.87	1206.21
394.08	1202.81
394.29	1204.43
394.50	1210.64
394.71	1203.71
394.92	1201.48
395.13	1203.96
395.34	1204.70
395.55	1194.99
395.76	1215.24
395.97	1198.02
396.18	1212.34
396.39	1203.51
396.60	1209.55
396.81	1204.98
397.02	1202.61
397.23	1204.06
397.44	1214.59
397.65	1190.40
397.86	1209.86
398.07	1200.29
398.28	1208.26
398.49	1210.51
398.70	1199.90
398.91	1200.99
399.12	1212.91
399.33	1200.95
399.54	1212.95
399.75	1206.27
399.96	1202.44
400.17	1205.48
400.38	1201.40
400.59	1195.60
400.80	1208.20
401.01	1200.91
401.22	1207.40
401.42	1197.84
401.63	1205.05
401.84	1192.53
402.05	1211.41
402.26	1199.17
402.47	1202.61
402.68	1202.28
402.89	1211.33
403.10	1202.49
403.31	1207.13
403.52	1205.88
403.73	1205.54
403.94	1195.22
404.15	1221.45
404.36	1200.70
404.57	1208.94
404.78	1200.07
404.99	1203.84
405.20	1201.30
405.41	1214.28
405.62	1202.96
405.83	1204.31
406.04	1203.53
406.25	1206.91
406.46	1202.28
406.67	1204.25
406.88	1201.22
407.09	1212.87
407.30	1203.86
407.50	1213.34
407.71	1199.90
407.92	1212.21
408.13	1201.42
408.34	1213.85
408.55	1207.87
408.76	1204.23
408.97	1202.34
409.18	1206.72
409.39	1200.33
409.60	1207.44
409.81	1205.07
410.02	1206.83
410.23	1197.86
410.44	1209.02
410.65	1196.03
410.86	1212.97
411.07	1202.55
411.27	1203.96
411.48	1204.84
411.69	1210.17
411.90	1204.84
412.11	1208.75
412.32	1207.36
412.53	1203.80
412.74	1197.41
412.95	1213.97
413.16	1198.27
413.37	1207.26
413.58	1197.96
413.79	1210.33
414.00	1207.75
414.20	1203.84
414.41	1201.13
414.62	1209.53
414.83	1204.06
415.04	1201.97
415.25	1208.53
415.46	1209.39
415.67	1202.32
415.88	1210.00
416.09	1201.30
416.30	1210.35
416.51	1195.75
416.71	1203.28
416.92	1207.36
417.13	1211.76
417.34	1200.33
417.55	1208.20
417.76	1194.25
417.97	1205.64
418.18	1200.83
418.39	1212.60
418.60	1201.77
418.81	1204.68
419.01	1200.89
419.22	1209.61
419.43	1198.53
419.64	1216.19
419.85	1197.16
420.06	1206.83
420.27	1203.96
420.48	1207.77
420.69	1197.24
420.90	1201.17
421.10	1199.93
421.31	1204.62
421.52	1198.55
421.73	1209.49
421.94	1204.64
422.15	1210.10
422.36	1208.38
422.57	1204.12
422.78	1201.95
422.98	1215.53
423.19	1204.08
423.40	1207.85
423.61	1197.53
423.82	1204.59
424.03	1207.40
424.24	1210.43
424.45	1201.81
424.65	1211.50
424.86	1201.65
425.07	1203.53
425.28	1197.73
425.49	1207.73
425.70	1207.32
425.91	1211.31
426.12	1199.74
426.32	1213.38
426.53	1200.46
426.74	1211.70
426.95	1204.23
427.16	1207.11
427.37	1210.96
427.58	1206.56
427.78	1201.17
427.99	1201.05
428.20	1193.31
428.41	1203.57
428.62	1199.68
428.83	1209.71
429.04	1200.36
429.24	1212.05
429.45	1201.71
429.66	1208.51
429.87	1200.72
430.08	1210.88
430.29	1203.39
430.50	1204.08
430.70	1195.01
430.91	1209.47
431.12	1196.96
431.33	1209.53
431.54	1203.24
431.75	1201.63
431.96	1205.78
432.16	1206.21
432.37	1199.54
432.58	1204.78
432.79	1202.03
433.00	1204.35
433.21	1201.97
433.41	1195.24
433.62	1202.26
433.83	1205.23
434.04	1193.58
434.25	1209.88
434.46	1199.76
434.66	1210.72
434.87	1200.33
435.08	1206.81
435.29	1208.42
435.50	1209.12
435.71	1204.64
435.91	1212.44
436.12	1191.86
436.33	1202.08
436.54	1200.64
436.75	1207.01
436.95	1195.26
437.16	1201.97
437.37	1201.69
437.58	1206.64
437.79	1200.03
438.00	1208.92
438.20	1202.53
438.41	1207.32
438.62	1205.78
438.83	1209.08
439.04	1201.54
439.24	1201.73
439.45	1198.41
439.66	1207.81
439.87	1209.53
440.08	1218.66
440.28	1207.44
440.49	1212.93
440.70	1206.42
440.91	1209.37
441.12	1203.96
441.32	1207.52
441.53	1196.69
441.74	1209.39
441.95	1202.98
442.16	1209.71
442.36	1198.55
442.57	1205.43
442.78	1197.75
442.99	1215.96
443.20	1201.93
443.40	1211.70
443.61	1200.19
443.82	1207.61
444.03	1201.63
444.24	1204.43
444.44	1202.34
444.65	1211.05
444.86	1202.61
445.07	1203.02
445.27	1198.96
445.48	1208.65
445.69	1197.28
445.90	1203.41
446.11	1200.29
446.31	1203.06
446.52	1195.40
446.73	1208.75
446.94	1204.06
447.14	1204.90
447.35	1199.74
447.56	1216.31
447.77	1197.32
447.97	1204.53
448.18	1197.14
448.39	1208.34
448.60	1198.66
448.81	1208.10
449.01	1195.85
449.22	1204.74
449.43	1197.51
449.64	1208.20
449.84	1197.12
450.05	1210.14
450.26	1198.35
450.47	1198.29
450.67	1203.00
450.88	1205.97
451.09	1191.75
451.30	1207.40
451.50	1200.74
451.71	1207.32
451.92	1202.71
452.13	1209.63
452.33	1197.82
452.54	1209.26
452.75	1202.51
452.96	1207.09
453.16	1199.52
453.37	1200.29
453.58	1201.05
453.79	1206.38
453.99	1199.33
454.20	1211.39
454.41	1202.44
454.61	1204.37
454.82	1207.20
455.03	1203.20
455.24	1202.83
455.44	1204.57
455.65	1203.20
455.86	1212.42
456.07	1201.15
456.27	1210.84
456.48	1204.37
456.69	1207.13
456.90	1199.58
457.10	1209.94
457.31	1202.24
457.52	1210.88
457.72	1202.59
457.93	1202.71
458.14	1201.24
458.35	1204.98
458.55	1201.54
458.76	1204.98
458.97	1196.96
459.17	1213.99
459.38	1202.46
459.59	1206.46
459.80	1199.25
460.00	1201.89
460.21	1203.84
460.42	1203.53
460.62	1203.00
460.83	1211.23
461.04	1195.85
461.25	1214.77
461.45	1195.58
461.66	1205.88
461.87	1204.41
462.07	1205.23
462.28	1196.05
462.49	1206.11
462.69	1200.62
462.90	1210.84
463.11	1198.51
463.31	1208.20
463.52	1202.16
463.73	1210.04
463.94	1200.95
464.14	1207.38
464.35	1200.13
464.56	1207.26
464.76	1208.90
464.97	1209.78
465.18	1203.51
465.38	1210.90
465.59	1200.52
465.80	1210.00
466.00	1206.09
466.21	1204.41
466.42	1199.95
466.62	1202.81
466.83	1196.18
467.04	1204.43
467.24	1202.75
467.45	1206.62
467.66	1198.90
467.86	1208.73
468.07	1202.85
468.28	1208.16
468.48	1199.68
468.69	1208.59
468.90	1197.08
469.10	1210.90
469.31	1206.70
469.52	1203.69
469.72	1192.29
469.93	1205.62
470.14	1203.02
470.34	1207.11
470.55	1199.99
470.76	1216.06
470.96	1206.64
471.17	1208.85
471.38	1205.64
471.58	1202.34
471.79	1203.96
472.00	1217.58
472.20	1208.04
472.41	1206.01
472.62	1208.30
472.82	1210.64
473.03	1199.70
473.24	1209.53
473.44	1193.02
473.65	1209.88
473.85	1202.46
474.06	1206.77
474.27	1203.12
474.47	1209.20
474.68	1196.24
474.89	1211.66
475.09	1207.38
475.30	1208.22
475.51	1200.91
475.71	1216.15
475.92	1204.66
476.12	1204.37
476.33	1201.40
476.54	1209.98
476.74	1206.23
476.95	1204.98
477.16	1203.47
477.36	1204.76
477.57	1205.66
477.77	1206.17
477.98	1198.33
478.19	1212.54
478.39	1203.88
478.60	1204.96
478.81	1202.38
479.01	1213.71
479.22	1201.58
479.42	1207.01
479.63	1205.15
479.84	1206.62
480.04	1197.63
480.25	1203.37
480.45	1193.09
480.66	1208.14
480.87	1197.63
481.07	1207.32
481.28	1203.84
481.48	1205.02
481.69	1203.59
481.90	1200.19
482.10	1206.25
482.31	1206.70
482.51	1204.51
482.72	1208.18
482.93	1203.59
483.13	1213.18
483.34	1204.33
483.54	1208.55
483.75	1198.72
483.96	1213.01
484.16	1201.44
484.37	1207.36
484.57	1201.13
484.78	1206.38
484.99	1194.70
485.19	1210.43
485.40	1203.73
485.60	1209.35
485.81	1201.95
486.01	1204.84
486.22	1211.41
486.43	1204.33
486.63	1194.97
486.84	1202.42
487.04	1210.70
487.25	1209.90
487.46	1204.12
487.66	1205.19
487.87	1204.80
488.07	1208.34
488.28	1207.26
488.48	1203.06
488.69	1201.99
488.89	1204.66
489.10	1202.12
489.31	1208.51
489.51	1196.51
489.72	1211.13
489.92	1203.71
490.13	1205.74
490.33	1199.13
490.54	1205.37
490.75	1198.90
490.95	1210.21
491.16	1208.87
491.36	1206.99
491.57	1201.77
491.77	1207.52
491.98	1197.47
492.18	1209.06
492.39	1202.53
492.59	1206.89
492.80	1196.67
493.01	1211.05
493.21	1204.00
493.42	1211.25
493.62	1206.54
493.83	1205.82
494.03	1204.00
494.24	1210.60
494.44	1202.18
494.65	1209.08
494.85	1203.55
495.06	1203.98
495.26	1204.12
495.47	1205.15
495.68	1201.77
495.88	1210.70
496.09	1201.13
496.29	1206.72
496.50	1201.28
496.70	1203.45
496.91	1197.32
497.11	1203.47
497.32	1202.75
497.52	1212.25
497.73	1197.98
497.93	1212.50
498.14	1198.00
498.34	1210.41
498.55	1198.80
498.75	1207.81
498.96	1206.21
499.16	1211.00
499.37	1199.60
499.57	1210.41
499.78	1202.08
499.98	1206.97
500.19	1208.22
500.39	1207.34
500.60	1195.50
500.80	1211.97
501.01	1202.83
501.21	1206.15
501.42	1204.57
501.62	1209.96
501.83	1203.30
502.03	1208.79
502.24	1207.56
502.44	1209.26
502.65	1198.21
502.85	1207.87
503.06	1201.26
503.26	1197.26
503.47	1206.19
503.67	1217.58
503.88	1201.13
504.08	1207.11
504.29	1201.13
504.49	1205.17
504.70	1207.79
504.90	1207.20
505.11	1198.78
505.31	1204.80
505.52	1200.60
505.72	1199.41
505.93	1201.20
506.13	1202.98
506.34	1203.84
506.54	1209.96
506.75	1204.78
506.95	1206.60
507.16	1207.48
507.36	1204.19
507.56	1201.83
507.77	1212.38
507.97	1206.48
508.18	1208.22
508.38	1197.18
508.59	1210.02
508.79	1204.10
509.00	1211.58
509.20	1203.47
509.41	1202.89
509.61	1202.75
509.82	1207.56
510.02	1199.31
510.22	1207.15
510.43	1199.78
510.63	1208.65
510.84	1206.95
511.04	1207.63
511.25	1199.09
511.45	1208.34
511.66	1197.10
511.86	1209.86
512.06	1193.68
512.27	1205.56
512.47	1198.59
512.68	1208.18
512.88	1208.69
513.09	1203.59
513.29	1203.43
513.50	1219.01
513.70	1197.80
513.90	1205.76
514.11	1203.45
514.31	1202.94
514.52	1208.81
514.72	1202.28
514.93	1201.48
515.13	1207.97
515.33	1201.15
515.54	1206.15
515.74	1205.35
515.95	1208.96
516.15	1204.23
516.36	1212.34
516.56	1206.11
516.76	1204.29
516.97	1198.49
517.17	1207.40
517.38	1199.27
517.58	1205.19
517.78	1209.14
517.99	1211.54
518.19	1207.73
518.40	1207.71
518.60	1203.76
518.81	1207.40
519.01	1200.19
519.21	1207.69
519.42	1199.58
519.62	1206.11
519.83	1200.91
520.03	1213.36
520.23	1206.32
520.44	1210.64
520.64	1200.03
520.85	1200.17
521.05	1198.12
521.25	1212.40
521.46	1205.60
521.66	1209.10
521.86	1196.55
522.07	1209.06
522.27	1205.78
522.48	1208.36
522.68	1208.32
522.88	1207.97
523.09	1203.65
523.29	1207.69
523.50	1203.73
523.70	1209.08
523.90	1207.18
524.11	1212.19
524.31	1202.87
524.51	1210.39
524.72	1204.16
524.92	1210.14
525.13	1208.98
525.33	1211.64
525.53	1206.21
525.74	1206.79
525.94	1199.00
526.14	1212.46
526.35	1205.50
526.55	1211.25
526.76	1203.82
526.96	1208.08
527.16	1204.64
527.37	1209.82
527.57	1198.14
527.77	1208.44
527.98	1202.94
528.18	1202.16
528.38	1199.31
528.59	1202.85
528.79	1206.07
528.99	1213.77
529.20	1207.77
529.40	1205.50
529.61	1204.64
529.81	1207.46
530.01	1207.36
530.22	1211.56
530.42	1201.46
530.62	1206.05
530.83	1205.45
531.03	1208.28
531.23	1208.69
531.44	1209.74
531.64	1202.34
531.84	1209.33
532.05	1205.66
532.25	1214.12
532.45	1205.74
532.66	1213.81
532.86	1201.79
533.06	1205.88
533.27	1197.49
533.47	1213.40
533.67	1206.40
533.88	1209.20
534.08	1209.71
534.28	1214.22
534.49	1198.08
534.69	1211.80
534.89	1207.11
535.09	1212.87
535.30	1200.95
535.50	1196.89
535.70	1204.33
535.91	1210.47
536.11	1207.69
536.31	1207.79
536.52	1210.90
536.72	1207.73
536.92	1199.04
537.13	1209.94
537.33	1196.44
537.53	1206.79
537.74	1210.57
537.94	1203.37
538.14	1208.67
538.34	1209.45
538.55	1204.02
538.75	1211.19
538.95	1207.20
539.16	1210.82
539.36	1205.95
539.56	1208.49
539.77	1199.41
539.97	1202.18
540.17	1201.26
540.37	1210.92
540.58	1203.76
540.78	1208.77
540.98	1203.63
541.19	1202.61
541.39	1207.24
541.59	1206.83
541.79	1202.26
542.00	1211.91
542.20	1201.77
542.40	1209.20
542.60	1202.59
542.81	1203.49
543.01	1206.32
543.21	1211.74
543.42	1199.15
543.62	1215.61
543.82	1201.69
544.02	1211.93
544.23	1200.74
544.43	1204.74
544.63	1200.40
544.83	1213.20
545.04	1212.21
545.24	1211.00
545.44	1201.01
545.64	1208.59
545.85	1210.98
546.05	1208.77
546.25	1205.21
546.45	1212.60
546.66	1196.83
546.86	1208.08
547.06	1201.32
547.27	1214.30
547.47	1200.48
547.67	1212.89
547.87	1201.63
548.07	1210.06
548.28	1202.49
548.48	1210.45
548.68	1210.74
548.88	1214.42
549.09	1204.78
549.29	1205.62
549.49	1205.27
549.69	1210.60
549.90	1205.78
550.10	1208.77
550.30	1209.47
550.50	1210.00
550.71	1202.06
550.91	1202.10
551.11	1203.32
551.31	1205.76
551.51	1206.42
551.72	1212.15
551.92	1202.69
552.12	1203.98
552.32	1203.90
552.53	1209.57
552.73	1201.34
552.93	1211.58
553.13	1211.00
553.33	1204.31
553.54	1208.38
553.74	1212.62
553.94	1202.75
554.14	1216.47
554.35	1202.28
554.55	1214.53
554.75	1215.14
554.95	1212.36
555.15	1209.59
555.36	1209.55
555.56	1204.78
555.76	1213.52
555.96	1209.76
556.16	1210.33
556.37	1201.20
556.57	1210.25
556.77	1203.16
556.97	1210.90
557.17	1207.75
557.38	1209.41
557.58	1208.53
557.78	1208.85
557.98	1210.92
558.18	1211.93
558.38	1209.39
558.59	1215.86
558.79	1208.34
558.99	1219.26
559.19	1206.75
559.39	1214.55
559.60	1198.86
559.80	1215.08
560.00	1210.08
560.20	1208.67
560.40	1209.14
560.60	1207.61
560.81	1210.88
561.01	1211.50
561.21	1204.10
561.41	1219.42
561.61	1205.76
561.81	1209.14
562.02	1211.09
562.22	1215.59
562.42	1209.76
562.62	1214.42
562.82	1207.42
563.02	1214.08
563.23	1209.86
563.43	1218.60
563.63	1208.59
563.83	1213.67
564.03	1203.82
564.23	1209.49
564.43	1210.35
564.64	1209.22
564.84	1207.97
565.04	1217.56
565.24	1201.99
565.44	1210.82
565.64	1212.60
565.85	1218.93
566.05	1208.28
566.25	1218.09
566.45	1211.35
566.65	1219.71
566.85	1212.32
567.05	1221.55
567.25	1212.25
567.46	1215.90
567.66	1212.81
567.86	1223.29
568.06	1213.69
568.26	1216.53
568.46	1207.38
568.66	1216.04
568.86	1218.64
569.07	1224.30
569.27	1213.71
569.47	1219.81
569.67	1211.37
569.87	1219.03
570.07	1213.11
570.27	1218.01
570.47	1210.25
570.68	1227.49
570.88	1218.19
571.08	1219.26
571.28	1215.22
571.48	1216.15
571.68	1211.99
571.88	1230.50
572.08	1216.72
572.28	1217.99
572.49	1209.45
572.69	1225.03
572.89	1222.82
573.09	1226.20
573.29	1222.41
573.49	1227.76
573.69	1216.68
573.89	1221.29
574.09	1228.76
574.29	1229.29
574.50	1225.55
574.70	1224.19
574.90	1225.93
575.10	1234.74
575.30	1231.12
575.50	1232.22
575.70	1227.22
575.90	1231.18
576.10	1232.90
576.30	1239.90
576.50	1228.08
576.70	1236.05
576.91	1232.06
577.11	1236.07
577.31	1232.84
577.51	1238.73
577.71	1232.71
577.91	1236.81
578.11	1236.91
578.31	1245.21
578.51	1238.84
578.71	1241.13
578.91	1238.10
579.11	1240.23
579.31	1234.58
579.51	1242.81
579.71	1236.01
579.92	1245.10
580.12	1245.25
580.32	1250.61
580.52	1243.42
580.72	1249.71
580.92	1247.27
581.12	1254.07
581.32	1246.68
581.52	1255.10
581.72	1248.89
581.92	1253.40
582.12	1250.69
582.32	1255.96
582.52	1257.21
582.72	1263.97
582.92	1260.75
583.12	1264.58
583.32	1256.65
583.52	1266.28
583.72	1262.78
583.92	1268.96
584.12	1262.33
584.33	1268.27
584.53	1260.34
584.73	1267.20
584.93	1255.30
585.13	1263.80
585.33	1253.77
585.53	1263.88
585.73	1262.16
585.93	1270.97
586.13	1254.61
586.33	1266.46
586.53	1256.57
586.73	1260.42
586.93	1257.51
587.13	1262.82
587.33	1256.06
587.53	1265.40
587.73	1260.05
587.93	1263.76
588.13	1259.85
588.33	1264.31
588.53	1263.86
588.73	1264.48
588.93	1260.24
589.13	1265.48
589.33	1259.36
589.53	1271.07
589.73	1262.74
589.93	1261.16
590.13	1260.24
590.33	1263.19
590.53	1263.33
590.73	1265.44
590.93	1258.99
591.13	1268.55
591.33	1258.89
591.53	1264.85
591.73	1263.04
591.93	1262.22
592.13	1260.83
592.33	1266.75
592.53	1254.05
592.73	1266.42
592.93	1260.44
593.13	1274.59
593.33	1268.29
593.53	1276.89
593.73	1268.43
593.93	1277.44
594.13	1267.61
594.33	1278.22
594.53	1275.82
594.73	1292.62
594.92	1279.14
595.12	1300.91
595.32	1288.54
595.52	1317.46
595.72	1317.99
595.92	1324.73
596.12	1339.74
596.32	1356.72
596.52	1381.72
596.72	1407.22
596.92	1427.74
597.12	1472.16
597.32	1493.09
597.52	1536.84
597.72	1565.88
597.92	1596.39
598.12	1635.79
598.32	1675.22
598.52	1715.75
598.72	1770.78
598.92	1822.69
599.12	1899.98
599.31	1996.59
599.51	2128.95
599.71	2319.55
599.91	2601.78
600.11	3004.70
600.31	3497.03
600.51	4091.39
600.71	4804.60
600.91	5554.71
601.11	6304.24
601.31	6975.14
601.51	7593.44
601.71	8114.28
601.91	8572.98
602.10	8968.22
602.30	9187.21
602.50	9511.98
602.70	9591.80
602.90	9749.01
603.10	9797.58
603.30	9807.78
603.50	9870.49
603.70	9886.26
603.90	9898.65
604.10	9940.00
604.30	9944.42
604.49	9971.42
604.69	10009.86
604.89	9974.71
605.09	9981.06
605.29	9938.26
605.49	9876.23
605.69	9636.10
605.89	9476.03
606.09	9109.16
606.29	8772.43
606.48	8263.33
606.68	7710.54
606.88	7152.51
607.08	6545.70
607.28	5916.68
607.48	5379.65
607.68	4944.14
607.88	4512.21
608.08	4227.27
608.27	3980.51
608.47	3768.92
608.67	3629.10
608.87	3476.88
609.07	3370.42
609.27	3260.73
609.47	3177.12
609.67	3071.07
609.87	2998.29
610.06	2907.79
610.26	2842.48
610.46	2770.25
610.66	2711.00
610.86	2648.95
611.06	2594.37
611.26	2527.42
611.45	2489.14
611.65	2442.86
611.85	2375.38
612.05	2335.46
612.25	2302.65
612.45	2245.45
612.65	2211.01
612.84	2148.95
613.04	2123.42
613.24	2073.88
613.44	2048.46
613.64	2007.62
613.84	1977.27
614.04	1939.90
614.23	1926.59
614.43	1892.92
614.63	1872.70
614.83	1844.99
615.03	1833.05
615.23	1814.81
615.42	1807.03
615.62	1790.46
615.82	1780.81
616.02	1769.51
616.22	1771.39
616.42	1757.08
616.61	1779.99
616.81	1784.13
617.01	1836.91
617.21	1875.30
617.41	1970.19
617.61	2054.44
617.80	2191.24
618.00	2297.76
618.20	2431.76
618.40	2532.19
618.60	2625.33
618.80	2683.99
618.99	2734.63
619.19	2748.37
619.39	2765.86
619.59	2732.83
619.79	2718.17
619.98	2656.48
620.18	2606.27
620.38	2531.02
620.58	2469.22
620.78	2393.65
620.97	2317.56
621.17	2241.07
621.37	2162.14
621.57	2069.68
621.77	1997.47
621.96	1915.40
622.16	1844.03
622.36	1767.46
622.56	1709.91
622.76	1653.78
622.95	1619.96
623.15	1578.94
623.35	1559.63
623.55	1542.63
623.75	1530.37
623.94	1520.51
624.14	1519.33
624.34	1510.23
624.54	1498.27
624.73	1500.42
624.93	1491.06
625.13	1473.96
625.33	1457.03
625.53	1423.13
625.72	1393.77
625.92	1355.06
626.12	1322.84
626.32	1299.17
626.51	1291.69
626.71	1273.49
626.91	1272.83
627.11	1258.13
627.30	1258.87
627.50	1248.97
627.70	1255.38
627.90	1244.57
628.10	1256.26
628.29	1254.54
628.49	1252.05
628.69	1244.26
628.89	1259.48
629.08	1244.65
629.28	1251.25
629.48	1247.83
629.68	1252.27
629.87	1240.19
630.07	1240.27
630.27	1239.53
630.47	1240.35
630.66	1240.50
630.86	1242.69
631.06	1235.93
631.25	1242.34
631.45	1231.24
631.65	1240.52
631.85	1232.04
632.04	1239.88
632.24	1233.14
632.44	1238.80
632.64	1220.47
632.83	1235.56
633.03	1229.60
633.23	1233.35
633.42	1225.75
633.62	1237.75
633.82	1220.14
634.02	1230.11
634.21	1219.22
634.41	1238.04
634.61	1224.85
634.81	1226.94
635.00	1222.74
635.20	1226.55
635.40	1218.77
635.59	1226.88
635.79	1218.32
635.99	1225.57
636.18	1218.81
636.38	1224.93
636.58	1221.04
636.78	1225.91
636.97	1208.24
637.17	1227.29
637.37	1214.12
637.56	1220.22
637.76	1211.82
637.96	1221.65
638.15	1219.32
638.35	1225.24
638.55	1219.07
638.74	1218.73
638.94	1219.93
639.14	1216.84
639.34	1214.12
639.53	1219.52
639.73	1216.82
639.93	1213.73
640.12	1211.52
640.32	1220.69
640.52	1213.36
640.71	1209.53
640.91	1211.60
641.11	1218.05
641.30	1214.63
641.50	1220.16
641.70	1216.66
641.89	1214.63
642.09	1213.05
642.29	1206.81
642.48	1207.30
642.68	1215.31
642.88	1206.38
643.07	1217.31
643.27	1202.26
643.47	1220.63
643.66	1206.44
643.86	1210.57
644.06	1216.74
644.25	1218.85
644.45	1209.53
644.65	1220.14
644.84	1203.80
645.04	1215.86
645.23	1217.76
645.43	1215.14
645.63	1213.79
645.82	1219.03
646.02	1214.10
646.22	1217.99
646.41	1208.12
646.61	1214.75
646.81	1206.27
647.00	1215.10
647.20	1207.71
647.39	1229.42
647.59	1215.98
647.79	1224.23
647.98	1213.09
648.18	1222.80
648.38	1218.40
648.57	1222.88
648.77	1209.61
648.96	1212.56
649.16	1217.93
649.36	1213.63
649.55	1211.82
649.75	1215.49
649.95	1215.76
650.14	1217.46
650.34	1206.15
650.53	1215.65
650.73	1205.74
650.93	1212.44
651.12	1216.49
651.32	1213.89
651.51	1212.32
651.71	1214.04
651.91	1212.58
652.10	1216.27
652.30	1207.09
652.49	1212.60
652.69	1207.46
652.89	1212.50
653.08	1203.80
653.28	1211.37
653.47	1198.25
653.67	1216.86
653.86	1203.14
654.06	1205.52
654.26	1201.89
654.45	1218.30
654.65	1204.23
654.84	1214.67
655.04	1201.87
655.24	1211.37
655.43	1194.85
655.63	1202.71
655.82	1197.32
656.02	1202.32
656.21	1204.04
656.41	1212.70
656.61	1206.93
656.80	1206.97
657.00	1203.35
657.19	1208.94
657.39	1207.75
657.58	1206.77
657.78	1202.51
657.97	1211.97
658.17	1203.57
658.37	1208.53
658.56	1202.12
658.76	1208.34
658.95	1202.92
659.15	1208.75
659.34	1211.80
659.54	1209.65
659.73	1201.56
659.93	1209.18
660.13	1204.41
660.32	1218.38
660.52	1204.27
660.71	1209.57
660.91	1209.16
661.10	1211.39
661.30	1207.38
661.49	1202.89
661.69	1203.78
661.88	1209.96
662.08	1199.58
662.27	1210.31
662.47	1202.24
662.66	1204.23
662.86	1199.84
663.06	1205.84
663.25	1208.77
663.45	1208.65
663.64	1201.40
663.84	1210.60
664.03	1202.89
664.23	1198.68
664.42	1212.60
664.62	1208.79
664.81	1195.85
665.01	1208.92
665.20	1199.33
665.40	1204.51
665.59	1194.70
665.79	1209.47
665.98	1209.06
666.18	1203.88
666.37	1199.31
666.57	1207.42
666.76	1194.81
666.96	1206.15
667.15	1201.30
667.35	1208.98
667.54	1198.45
667.74	1215.57
667.93	1205.33
668.13	1218.32
668.32	1207.26
668.52	1210.19
668.71	1193.33
668.91	1207.85
669.10	1200.72
669.30	1206.66
669.49	1202.75
669.68	1214.32
669.88	1202.59
670.07	1207.42
670.27	1195.03
670.46	1201.97
670.66	1203.57
670.85	1204.02
671.05	1206.95
671.24	1210.08
671.44	1200.97
671.63	1208.75
671.83	1193.86
672.02	1210.51
672.22	1203.28
672.41	1202.63
672.60	1197.78
672.80	1212.25
672.99	1201.40
673.19	1209.10
673.38	1202.40
673.58	1206.85
673.77	1208.44
673.97	1213.34
674.16	1192.10
674.36	1207.77
674.55	1198.31
674.74	1204.35
674.94	1204.51
675.13	1209.12
675.33	1204.27
675.52	1211.25
675.72	1202.61
675.91	1212.38
676.10	1196.40
676.30	1203.04
676.49	1197.49
676.69	1205.27
676.88	1210.47
677.08	1211.66
677.27	1204.06
677.46	1211.74
677.66	1199.60
677.85	1199.82
678.05	1199.04
678.24	1211.31
678.44	1201.40
678.63	1209.00
678.82	1208.44
679.02	1210.62
679.21	1207.09
679.41	1202.79
679.60	1196.83
679.79	1207.89
679.99	1200.99
680.18	1204.68
680.38	1202.69
680.57	1203.39
680.76	1204.94
680.96	1207.54
681.15	1192.53
681.35	1205.21
681.54	1198.39
681.73	1218.66
681.93	1196.71
682.12	1205.72
682.32	1198.55
682.51	1206.44
682.70	1196.94
682.90	1210.00
683.09	1205.05
683.29	1206.01
683.48	1197.24
683.67	1207.15
683.87	1206.60
684.06	1214.08
684.25	1196.46
684.45	1206.56
684.64	1205.05
684.84	1208.30
685.03	1199.19
685.22	1213.67
685.42	1204.00
685.61	1206.34
685.80	1200.46
686.00	1205.23
686.19	1206.54
686.38	1204.12
686.58	1198.45
686.77	1206.95
686.96	1203.22
687.16	1205.33
687.35	1203.73
687.55	1209.31
687.74	1203.26
687.93	1212.68
688.13	1204.53
688.32	1206.46
688.51	1204.12
688.71	1204.68
688.90	1202.18
689.09	1207.91
689.29	1200.95
689.48	1209.94
689.67	1200.77
689.87	1207.63
690.06	1196.59
690.25	1211.25
690.45	1203.20
690.64	1212.50
690.83	1201.52
691.03	1209.08
691.22	1204.39
691.41	1204.72
691.61	1202.08
691.80	1204.49
691.99	1195.42
692.19	1211.35
692.38	1196.44
692.57	1214.26
692.76	1204.68
692.96	1207.71
693.15	1197.28
693.34	1206.40
693.54	1198.94
693.73	1207.75
693.92	1203.14
694.12	1208.22
694.31	1198.08
694.50	1209.59
694.70	1203.30
694.89	1207.79
695.08	1206.01
695.27	1201.79
695.47	1206.50
695.66	1209.53
695.85	1202.18
696.05	1207.73
696.24	1197.75
696.43	1202.92
696.62	1196.01
696.82	1209.43
697.01	1203.98
697.20	1203.78
697.40	1207.89
697.59	1203.04
697.78	1201.91
697.97	1208.87
698.17	1205.58
698.36	1205.91
698.55	1197.94
698.74	1200.54
698.94	1203.14
699.13	1207.44
699.32	1209.63
699.52	1205.27
699.71	1197.04
699.90	1207.22
700.09	1199.86
700.29	1209.06
700.48	1194.09
700.67	1207.11
700.86	1199.13
701.06	1206.68
701.25	1205.99
701.44	1203.12
701.63	1200.56
701.83	1207.13
702.02	1198.18
702.21	1202.20
702.40	1205.70
702.60	1210.08
702.79	1205.39
702.98	1207.67
703.17	1199.07
703.37	1206.68
703.56	1205.91
703.75	1199.33
703.94	1200.40
704.13	1207.73
704.33	1195.03
704.52	1204.74
704.71	1201.54
704.90	1205.50
705.10	1194.48
705.29	1206.52
705.48	1203.37
705.67	1211.54
705.86	1198.10
706.06	1206.66
706.25	1201.52
706.44	1209.51
706.63	1202.94
706.83	1205.76
707.02	1197.20
707.21	1206.21
707.40	1210.23
707.59	1212.36
707.79	1197.78
707.98	1203.00
708.17	1193.45
708.36	1208.38
708.55	1201.67
708.75	1210.12
708.94	1199.84
709.13	1211.89
709.32	1206.93
709.51	1206.91
709.71	1200.87
709.90	1204.84
710.09	1195.83
710.28	1207.61
710.47	1200.99
710.66	1211.19
710.86	1197.49
711.05	1207.24
711.24	1210.29
711.43	1199.86
711.62	1200.15
711.82	1206.56
712.01	1193.45
712.20	1205.97
712.39	1194.89
712.58	1215.12
712.77	1195.89
712.97	1211.70
713.16	1199.50
713.35	1205.27
713.54	1204.78
713.73	1215.04
713.92	1196.81
714.11	1211.19
714.31	1197.02
714.50	1204.33
714.69	1201.89
714.88	1206.66
715.07	1200.21
715.26	1202.16
715.46	1196.12
715.65	1213.50
715.84	1198.27
716.03	1212.60
716.22	1205.62
716.41	1213.13
716.60	1201.89
716.80	1208.69
716.99	1195.48
717.18	1206.91
717.37	1200.33
717.56	1204.37
717.75	1195.46
717.94	1209.28
718.13	1194.17
718.33	1204.25
718.52	1206.79
718.71	1210.43
718.90	1196.51
719.09	1204.78
719.28	1196.05
719.47	1211.68
719.66	1208.36
719.85	1206.42
720.05	1196.96
720.24	1198.59
720.43	1204.31
720.62	1210.92
720.81	1196.05
721.00	1206.38
721.19	1199.00
721.38	1206.87
721.57	1201.30
721.77	1207.77
721.96	1204.53
722.15	1210.00
722.34	1204.64
722.53	1203.30
722.72	1204.39
722.91	1207.73
723.10	1200.38
723.29	1219.11
723.48	1196.94
723.67	1213.65
723.87	1209.00
724.06	1216.02
724.25	1201.36
724.44	1204.98
724.63	1198.72
724.82	1204.16
725.01	1199.29
725.20	1205.78
725.39	1201.28
725.58	1208.12
725.77	1207.30
725.96	1202.89
726.15	1203.24
726.34	1200.15
726.54	1200.89
726.73	1209.92
726.92	1202.20
727.11	1208.55
727.30	1201.52
727.49	1204.39
727.68	1196.65
727.87	1207.40
728.06	1203.43
728.25	1200.70
728.44	1200.05
728.63	1210.04
728.82	1204.35
729.01	1206.13
729.20	1203.76
729.39	1204.00
729.58	1202.30
729.77	1210.70
729.96	1197.28
730.15	1207.42
730.34	1201.05
730.53	1201.75
730.73	1203.20
730.92	1203.22
731.11	1201.83
731.30	1204.76
731.49	1206.79
731.68	1204.43
731.87	1198.74
732.06	1203.88
732.25	1199.58
732.44	1206.36
732.63	1197.90
732.82	1205.27
733.01	1201.65
733.20	1215.02
733.39	1199.19
733.58	1202.34
733.77	1196.87
733.96	1203.51
734.15	1200.09
734.34	1201.83
734.53	1196.08
734.72	1211.17
734.91	1199.78
735.10	1210.60
735.29	1195.19
735.48	1211.00
735.67	1201.34
735.86	1210.12
736.05	1197.49
736.24	1207.30
736.43	1197.80
736.62	1203.02
736.81	1200.23
737.00	1218.64
737.19	1197.08
737.38	1207.97
737.57	1203.55
737.76	1204.23
737.95	1205.60
738.14	1203.73
738.33	1204.37
738.51	1203.80
738.70	1201.97
738.89	1210.33
739.08	1206.91
739.27	1204.04
739.46	1198.64
739.65	1198.82
739.84	1204.51
740.03	1202.61
740.22	1204.37
740.41	1210.55
740.60	1196.42
740.79	1205.70
740.98	1203.39
741.17	1203.98
741.36	1202.53
741.55	1203.86
741.74	1204.25
741.93	1205.09
742.12	1203.69
742.31	1205.95
742.50	1196.98
742.68	1200.46
742.87	1204.21
743.06	1203.45
743.25	1195.60
743.44	1214.73
743.63	1197.16
743.82	1202.06
744.01	1199.47
744.20	1206.64
744.39	1195.28
744.58	1202.26
744.77	1201.65
744.96	1202.94
745.14	1196.32
745.33	1213.28
745.52	1200.52
745.71	1199.13
745.90	1203.67
746.09	1209.80
746.28	1197.49
746.47	1201.15
746.66	1197.90
746.85	1209.06
747.04	1199.78
747.22	1207.48
747.41	1196.55
747.60	1207.28
747.79	1198.35
747.98	1209.33
748.17	1194.21
748.36	1199.93
748.55	1201.52
748.74	1200.62
748.93	1202.81
749.11	1207.05
749.30	1198.14
749.49	1213.54
749.68	1195.99
749.87	1200.23
750.06	1200.25
750.25	1205.15
750.44	1193.29
750.62	1205.37
750.81	1208.18
751.00	1201.34
751.19	1200.60
751.38	1209.08
751.57	1200.07
751.76	1204.39
751.95	1196.08
752.13	1204.57
752.32	1200.29
752.51	1208.34
752.70	1200.42
752.89	1206.38
753.08	1206.60
753.27	1205.02
753.45	1196.79
753.64	1211.80
753.83	1203.24
754.02	1202.30
754.21	1200.60
754.40	1204.21
754.58	1207.69
754.77	1202.28
754.96	1202.71
755.15	1204.76
755.34	1201.40
755.53	1207.58
755.71	1211.99
755.90	1203.76
756.09	1191.12
756.28	1202.53
756.47	1198.80
756.66	1205.29
756.84	1195.30
757.03	1213.40
757.22	1200.70
757.41	1202.85
757.60	1201.38
757.79	1213.46
757.97	1189.48
758.16	1205.76
758.35	1205.23
758.54	1205.25
758.73	1200.77
758.91	1201.36
759.10	1195.91
759.29	1202.42
759.48	1203.14
759.67	1209.00
759.85	1198.14
760.04	1214.14
760.23	1202.79
760.42	1205.31
760.61	1199.13
760.79	1204.86
760.98	1197.84
761.17	1211.54
761.36	1199.41
761.55	1210.57
761.73	1201.03
761.92	1208.87
762.11	1198.14
762.30	1209.67
762.49	1201.89
762.67	1208.65
762.86	1209.55
763.05	1198.72
763.24	1196.38
763.42	1205.74
763.61	1198.14
763.80	1204.21
763.99	1198.72
764.17	1202.75
764.36	1198.76
764.55	1205.95
764.74	1203.24
764.92	1209.67
765.11	1200.07
765.30	1204.16
765.49	1200.81
765.68	1206.83
765.86	1200.31
766.05	1202.81
766.24	1198.33
766.43	1203.37
766.61	1205.37
766.80	1204.57
766.99	1203.02
767.17	1207.07
767.36	1201.73
767.55	1204.84
767.74	1200.31
767.92	1209.16
768.11	1202.46
768.30	1202.59
768.49	1195.83
768.67	1201.15
768.86	1208.92
769.05	1206.44
769.24	1201.03
769.42	1209.98
769.61	1204.39
769.80	1207.44
769.98	1199.62
770.17	1208.18
770.36	1208.24
770.55	1211.70
770.73	1202.71
770.92	1211.29
771.11	1202.06
771.29	1206.09
771.48	1197.75
771.67	1206.75
771.86	1199.93
772.04	1206.50
772.23	1197.78
772.42	1198.29
772.60	1201.32
772.79	1209.20
772.98	1202.61
773.16	1201.34
773.35	1200.87
773.54	1211.05
773.72	1198.21
773.91	1204.45
774.10	1206.27
774.29	1198.74
774.47	1203.22
774.66	1207.67
774.85	1202.16
775.03	1203.82
775.22	1195.75
775.41	1206.83
775.59	1205.23
775.78	1206.07
775.97	1198.82
776.15	1210.92
776.34	1204.35
776.53	1210.45
776.71	1205.17
776.90	1202.61
777.09	1197.04
777.27	1206.36
777.46	1200.11
777.65	1207.20
777.83	1197.18
778.02	1208.30
778.21	1202.63
778.39	1203.10
778.58	1205.37
778.76	1205.76
778.95	1195.05
779.14	1201.40
779.32	1199.52
779.51	1213.07
779.70	1196.94
779.88	1207.71
780.07	1201.11
780.26	1214.86
780.44	1198.04
780.63	1206.58
780.81	1199.62
781.00	1209.76
781.19	1202.98
781.37	1213.77
781.56	1202.38
781.75	1212.32
781.93	1199.90
782.12	1206.21
782.30	1193.90
782.49	1201.99
782.68	1196.46
782.86	1214.55
783.05	1201.32
783.23	1204.96
783.42	1195.17
783.61	1207.67
783.79	1196.87
783.98	1207.24
784.16	1201.83
784.35	1208.20
784.54	1195.03
784.72	1204.62
784.91	1198.45
785.09	1208.79
785.28	1203.24
785.47	1204.68
785.65	1198.45
785.84	1203.94
786.02	1191.69
786.21	1206.40
786.40	1202.16
786.58	1203.96
786.77	1199.41
786.95	1198.66
787.14	1207.15
787.32	1209.65
787.51	1201.77
787.70	1207.58
787.88	1205.19
788.07	1208.18
788.25	1200.07
788.44	1204.35
788.62	1207.18
788.81	1205.19
789.00	1201.46
789.18	1210.45
789.37	1203.67
789.55	1200.38
789.74	1200.38
789.92	1210.62
790.11	1201.30
790.29	1206.25
790.48	1196.83
790.67	1201.20
790.85	1201.46
791.04	1204.66
791.22	1200.52
791.41	1203.02
791.59	1198.78
791.78	1204.96
791.96	1197.10
792.15	1209.20
792.33	1199.95
792.52	1204.86
792.70	1197.24
792.89	1203.55
793.07	1201.89
793.26	1208.65
793.45	1198.02
793.63	1209.20
793.82	1200.68
794.00	1201.11
794.19	1201.56
794.37	1207.44
794.56	1198.98
794.74	1211.19
794.93	1204.00
795.11	1207.81
795.30	1204.29
795.48	1202.22
795.67	1200.66
795.85	1208.32
796.04	1203.18
796.22	1212.73
796.41	1192.88
796.59	1204.98
796.78	1208.14
796.96	1207.73
797.15	1203.61
797.33	1209.28
797.52	1196.05
797.70	1206.38
797.89	1198.21
798.07	1202.59
798.26	1206.85
798.44	1197.61
798.63	1201.34
798.81	1201.13
798.99	1197.43
799.18	1204.57
799.36	1201.38
799.55	1206.64
799.73	1205.00
799.92	1208.53
800.10	1205.07
800.29	1203.55
800.47	1201.54
800.66	1205.74
800.84	1193.39
801.03	1201.36
801.21	1206.97
801.39	1214.55
801.58	1205.41
801.76	1204.76
801.95	1197.98
802.13	1210.88
802.32	1202.36
802.50	1211.66
802.69	1202.59
802.87	1210.78
803.06	1195.36
803.24	1209.20
803.42	1198.82
803.61	1205.60
803.79	1195.11
803.98	1212.54
804.16	1200.29
804.35	1202.38
804.53	1201.85
804.71	1203.76
804.90	1200.17
805.08	1207.87
805.27	1195.48
805.45	1201.91
805.63	1194.62
805.82	1205.31
806.00	1202.67
806.19	1201.93
806.37	1200.97
806.56	1203.04
806.74	1197.53
806.92	1206.89
807.11	1200.17
807.29	1202.38
807.48	1196.69
807.66	1206.64
807.84	1204.74
808.03	1204.25
808.21	1195.75
808.40	1209.24
808.58	1197.37
808.76	1208.22
808.95	1202.26
809.13	1201.89
809.32	1202.65
809.50	1208.26
809.68	1196.38
809.87	1207.85
810.05	1200.21
810.23	1199.68
810.42	1195.97
810.60	1206.68
810.79	1199.74
810.97	1211.37
811.15	1200.23
811.34	1206.19
811.52	1204.29
811.70	1208.98
811.89	1195.40
812.07	1205.66
812.25	1202.01
812.44	1210.96
812.62	1198.31
812.81	1201.63
812.99	1201.50
813.17	1204.55
813.36	1205.74
813.54	1206.34
813.72	1199.90
813.91	1208.65
814.09	1194.78
814.27	1203.90
814.46	1200.19
814.64	1203.47
814.82	1203.39
815.01	1205.93
815.19	1194.46
815.37	1201.07
815.56	1200.68
815.74	1205.99
815.92	1207.85
816.11	1213.20
816.29	1206.23
816.47	1206.66
816.66	1200.29
816.84	1204.43
817.02	1197.90
817.21	1201.73
817.39	1205.45
817.57	1201.77
817.76	1204.72
817.94	1202.42
818.12	1199.99
818.30	1212.11
818.49	1189.44
818.67	1210.02
818.85	1201.87
819.04	1205.84
819.22	1198.80
819.40	1208.73
819.59	1201.79
819.77	1207.28
819.95	1194.31
820.13	1205.21
820.32	1193.90
820.50	1205.97
820.68	1205.09
820.87	1212.85
821.05	1191.98
821.23	1206.64
821.41	1195.54
821.60	1205.70
821.78	1201.77
821.96	1207.87
822.14	1194.46
822.33	1205.50
822.51	1199.93
822.69	1212.52
822.88	1206.15
823.06	1204.31
823.24	1197.63
823.42	1199.66
823.61	1201.56
823.79	1211.29
823.97	1200.56
824.15	1207.18
824.34	1199.09
824.52	1208.06
824.70	1202.83
824.88	1205.29
825.07	1197.59
825.25	1210.74
825.43	1193.92
825.61	1207.07
825.80	1198.78
825.98	1204.84
826.16	1198.92
826.34	1212.30
826.53	1201.65
826.71	1203.00
826.89	1205.52
827.07	1204.59
827.25	1195.32
827.44	1204.57
827.62	1205.17
827.80	1208.65
827.98	1198.53
828.17	1203.61
828.35	1199.50
828.53	1210.55
828.71	1196.73
828.89	1205.13
829.08	1205.13
829.26	1209.33
829.44	1197.12
829.62	1211.05
829.80	1195.48
829.99	1203.45
830.17	1188.68
830.35	1208.30
830.53	1196.57
830.71	1202.38
830.90	1198.08
831.08	1204.41
831.26	1189.89
831.44	1199.68
831.62	1198.57
831.81	1205.13
831.99	1207.81
832.17	1203.92
832.35	1197.37
832.53	1197.84
832.71	1200.23
832.90	1207.36
833.08	1200.03
833.26	1205.58
833.44	1201.77
833.62	1203.86
833.81	1206.77
833.99	1201.44
834.17	1200.03
834.35	1207.48
834.53	1196.48
834.71	1204.78
834.89	1200.93
835.08	1205.41
835.26	1194.21
835.44	1212.23
835.62	1202.61
835.80	1208.59
835.98	1208.24
836.17	1214.04
836.35	1198.16
836.53	1207.09
836.71	1199.58
836.89	1205.54
837.07	1201.58
837.25	1209.49
837.44	1204.37
837.62	1209.71
837.80	1207.05
837.98	1204.88
838.16	1203.32
838.34	1207.20
838.52	1196.89
838.70	1207.81
838.89	1199.39
839.07	1207.83
839.25	1204.41
839.43	1205.86
839.61	1202.22
839.79	1209.94
839.97	1205.68
840.15	1199.43
840.33	1202.65
840.52	1202.46
840.70	1197.61
840.88	1211.11
841.06	1200.52
841.24	1208.14
841.42	1201.15
841.60	1203.73
841.78	1198.21
841.96	1207.44
842.14	1203.65
842.33	1210.47
842.51	1203.86
842.69	1205.11
842.87	1196.75
843.05	1209.43
843.23	1199.70
843.41	1205.37
843.59	1192.27
843.77	1205.82
843.95	1201.93
844.13	1204.76
844.31	1204.92
844.49	1210.78
844.68	1197.26
844.86	1208.38
845.04	1196.75
845.22	1208.96
845.40	1203.71
845.58	1209.49
845.76	1198.25
845.94	1207.22
846.12	1195.36
846.30	1199.72
846.48	1198.86
846.66	1205.17
846.84	1201.40
847.02	1206.34
847.20	1199.04
847.38	1209.28
847.56	1202.26
847.74	1206.87
847.92	1200.27
848.11	1200.85
848.29	1203.26
848.47	1209.86
848.65	1194.85
848.83	1201.91
849.01	1194.83
849.19	1200.70
849.37	1200.50
849.55	1205.00
849.73	1203.08
849.91	1204.25
850.09	1200.68
850.27	1202.53
850.45	1208.53
850.63	1208.57
850.81	1198.90
850.99	1206.46
851.17	1204.90
851.35	1201.99
851.53	1196.40
851.71	1202.75
851.89	1200.54
852.07	1202.92
852.25	1198.25
852.43	1201.71
852.61	1194.87
852.79	1203.53
852.97	1200.05
853.15	1204.00
853.33	1197.28
853.51	1210.51
853.69	1201.38
853.87	1211.17
854.05	1201.40
854.23	1198.70
854.41	1204.78
854.59	1209.78
854.77	1201.20
854.95	1203.08
855.13	1199.43
855.31	1210.14
855.49	1195.03
855.67	1202.96
855.84	1199.84
856.02	1203.04
856.20	1201.15
856.38	1212.81
856.56	1200.21
856.74	1203.53
856.92	1203.80
857.10	1205.41
857.28	1203.16
857.46	1206.72
857.64	1200.87
857.82	1202.28
858.00	1199.47
858.18	1205.76
858.36	1197.55
858.54	1206.62
858.72	1202.69
858.90	1202.20
859.08	1195.44
859.25	1206.64
859.43	1203.00
859.61	1206.38
859.79	1197.02
859.97	1210.00
860.15	1199.11
860.33	1203.16
860.51	1212.58
860.69	1201.79
860.87	1197.84
861.05	1204.82
861.23	1203.00
861.41	1207.63
861.58	1195.99
861.76	1201.67
861.94	1205.00
862.12	1206.09
862.30	1200.05
862.48	1215.90
862.66	1199.76
862.84	1206.56
863.02	1203.71
863.20	1202.65
863.37	1196.10
863.55	1203.08
863.73	1196.40
863.91	1199.95
864.09	1202.53
864.27	1204.37
864.45	1199.74
864.63	1200.42
864.80	1200.17
864.98	1202.06
865.16	1194.89
865.34	1208.20
865.52	1197.24
865.70	1206.17
865.88	1200.09
866.06	1205.45
866.23	1203.28
866.41	1201.81
866.59	1195.15
866.77	1205.21
866.95	1201.01
867.13	1209.51
867.31	1206.29
867.48	1204.84
867.66	1200.50
867.84	1207.40
868.02	1202.24
868.20	1205.50
868.38	1199.74
868.56	1199.58
868.73	1203.86
868.91	1202.36
869.09	1194.52
869.27	1201.44
869.45	1194.27
869.63	1205.82
869.80	1201.07
869.98	1205.31
870.16	1194.64
870.34	1204.00
870.52	1194.76
870.70	1204.94
870.87	1197.20
871.05	1211.48
871.23	1198.88
871.41	1212.70
871.59	1198.12
871.76	1205.23
871.94	1196.69
872.12	1207.81
872.30	1197.30
872.48	1209.14
872.65	1203.00
872.83	1204.92
873.01	1196.18
873.19	1206.72
873.37	1197.06
873.54	1211.80
873.72	1198.23
873.90	1205.72
874.08	1201.77
874.26	1202.18
874.43	1200.74
874.61	1203.84
874.79	1197.75
874.97	1204.14
875.15	1197.88
875.32	1204.49
875.50	1194.83
875.68	1208.38
875.86	1195.65
876.03	1206.44
876.21	1202.63
876.39	1204.96
876.57	1202.51
876.74	1212.95
876.92	1202.01
877.10	1201.97
877.28	1201.09
877.45	1207.52
877.63	1198.55
877.81	1199.21
877.99	1206.25
878.17	1206.09
878.34	1201.73
878.52	1209.26
878.70	1196.53
878.87	1207.61
879.05	1202.79
879.23	1205.78
879.41	1203.71
879.58	1206.81
879.76	1197.90
879.94	1204.57
880.12	1197.67
880.29	1211.43
880.47	1204.47
880.65	1202.49
880.83	1197.96
881.00	1199.58
881.18	1198.37
881.36	1204.45
881.53	1201.54
881.71	1205.70
881.89	1208.51
882.07	1204.23
882.24	1200.46
882.42	1208.81
882.60	1204.43
882.77	1198.70
882.95	1199.17
883.13	1197.63
883.30	1205.56
883.48	1201.81
883.66	1193.74
883.84	1206.50
884.01	1199.39
884.19	1203.63
884.37	1199.93
884.54	1209.16
884.72	1206.01
884.90	1208.16
885.07	1196.05
885.25	1200.33
885.43	1199.15
885.60	1206.19
885.78	1200.36
885.96	1207.56
886.13	1194.74
886.31	1209.76
886.49	1202.34
886.66	1200.62
886.84	1205.35
887.02	1209.69
887.19	1193.76
887.37	1207.28
887.55	1210.21
887.72	1201.34
887.90	1201.95
888.08	1207.77
888.25	1202.26
888.43	1209.20
888.61	1198.72
888.78	1203.82
888.96	1195.97
889.14	1208.40
889.31	1195.44
889.49	1203.18
889.67	1198.86
889.84	1207.32
890.02	1199.23
890.19	1197.00
890.37	1201.99
890.55	1204.72
890.72	1205.05
890.90	1207.36
891.08	1196.98
891.25	1206.42
891.43	1208.06
891.60	1207.91
891.78	1203.88
891.96	1200.25
892.13	1201.67
892.31	1204.12
892.48	1205.19
892.66	1207.71
892.84	1191.34
893.01	1212.32
893.19	1199.99
893.36	1203.84
893.54	1196.61
893.72	1207.67
893.89	1196.67
894.07	1206.89
894.24	1194.60
894.42	1215.76
894.60	1196.96
894.77	1202.65
894.95	1200.38
895.12	1200.25
895.30	1199.70
895.48	1203.76
895.65	1198.88
895.83	1208.30
896.00	1201.95
896.18	1206.52
896.35	1199.33
896.53	1197.96
896.71	1197.45
896.88	1205.33
897.06	1194.56
897.23	1209.61
897.41	1199.72
897.58	1205.23
897.76	1197.55
897.93	1210.10
898.11	1198.57
898.29	1200.74
898.46	1202.44
898.64	1205.21
898.81	1202.03
898.99	1207.97
899.16	1200.68
899.34	1208.08
899.51	1199.45
899.69	1206.52
899.86	1205.84
900.04	1194.99
900.21	1197.51
900.39	1200.62
900.57	1196.67
900.74	1206.34
900.92	1194.68
901.09	1205.56
901.27	1201.34
901.44	1200.87
901.62	1201.01
901.79	1208.65
901.97	1199.78
902.14	1204.19
902.32	1199.76
902.49	1212.54
902.67	1200.54
902.84	1208.59
903.02	1197.30
903.19	1207.54
903.37	1202.26
903.54	1209.92
903.72	1197.71
903.89	1207.11
904.07	1193.13
904.24	1204.14
904.42	1200.54
904.59	1207.05
904.77	1198.51
904.94	1209.33
905.12	1192.76
905.29	1206.40
905.47	1197.63
905.64	1202.46
905.82	1194.68
905.99	1204.12
906.16	1200.07
906.34	1202.98
906.51	1195.99
906.69	1203.92
906.86	1200.66
907.04	1208.18
907.21	1202.85
907.39	1211.99
907.56	1194.93
907.74	1202.59
907.91	1206.79
908.09	1201.13
908.26	1200.91
908.43	1197.41
908.61	1194.11
908.78	1205.09
908.96	1205.60
909.13	1201.01
909.31	1196.89
909.48	1207.42
909.65	1202.01
909.83	1206.48
910.00	1202.22
910.18	1207.20
910.35	1201.77
910.53	1202.73
910.70	1198.78
910.87	1205.97
911.05	1207.71
911.22	1208.06
911.40	1197.49
911.57	1214.42
911.75	1198.66
911.92	1211.07
912.09	1195.83
912.27	1212.44
912.44	1188.29
912.62	1213.40
912.79	1199.07
912.96	1206.87
913.14	1197.04
913.31	1202.32
913.49	1199.25
913.66	1203.45
913.83	1201.28
914.01	1205.39
914.18	1201.42
914.36	1209.31
914.53	1196.30
914.70	1208.61
914.88	1204.02
915.05	1206.05
915.22	1198.88
915.40	1203.65
915.57	1196.32
915.75	1204.92
915.92	1194.25
916.09	1198.39
916.27	1200.87
916.44	1203.73
916.61	1198.06
916.79	1209.63
916.96	1196.87
917.13	1206.32
917.31	1201.11
917.48	1208.47
917.66	1193.99
917.83	1205.80
918.00	1198.45
918.18	1205.41
918.35	1194.99
918.52	1206.68
918.70	1189.69
918.87	1200.05
919.04	1195.99
919.22	1201.85
919.39	1199.41
919.56	1203.41
919.74	1201.20
919.91	1202.71
920.08	1195.32
920.26	1206.75
920.43	1198.59
920.60	1207.09
920.78	1206.58
920.95	1203.65
921.12	1193.97
921.29	1210.23
921.47	1195.67
921.64	1204.08
921.81	1205.66
921.99	1212.95
922.16	1201.42
922.33	1202.59
922.51	1198.43
922.68	1202.79
922.85	1200.95
923.03	1205.09
923.20	1198.25
923.37	1207.61
923.54	1196.73
923.72	1204.39
923.89	1194.54
924.06	1209.18
924.24	1202.34
924.41	1212.48
924.58	1199.07
924.75	1202.10
924.93	1203.39
925.10	1208.36
925.27	1195.83
925.44	1211.60
925.62	1198.49
925.79	1208.51
925.96	1204.72
926.14	1205.82
926.31	1200.11
926.48	1206.27
926.65	1200.54
926.83	1208.16
927.00	1202.34
927.17	1209.35
927.34	1195.69
927.52	1202.24
927.69	1199.19
927.86	1203.94
928.03	1200.46
928.21	1200.31
928.38	1196.75
928.55	1201.93
928.72	1200.31
928.89	1204.37
929.07	1201.85
929.24	1205.00
929.41	1201.26
929.58	1203.84
929.76	1201.99
929.93	1201.26
930.10	1192.39
930.27	1204.02
930.44	1206.27
930.62	1197.47
930.79	1198.45
930.96	1207.79
931.13	1199.58
931.31	1209.76
931.48	1198.43
931.65	1209.22
931.82	1202.16
931.99	1201.07
932.17	1199.60
932.34	1206.13
932.51	1201.81
932.68	1208.20
932.85	1197.96
933.03	1209.90
933.20	1202.42
933.37	1207.05
933.54	1198.14
933.71	1204.53
933.88	1192.59
934.06	1210.51
934.23	1198.94
934.40	1203.43
934.57	1203.47
934.74	1214.30
934.91	1203.18
935.09	1198.68
935.26	1201.42
935.43	1210.53
935.60	1201.99
935.77	1198.68
935.94	1207.56
936.12	1210.25
936.29	1199.50
936.46	1207.01
936.63	1193.31
936.80	1205.17
936.97	1197.04
937.14	1204.33
937.32	1201.28
937.49	1209.45
937.66	1199.66
937.83	1200.68
938.00	1201.30
938.17	1201.40
938.34	1199.33
938.52	1207.85
938.69	1198.06
938.86	1209.65
939.03	1195.03
939.20	1210.66
939.37	1194.31
939.54	1210.90
939.71	1195.89
939.89	1206.52
940.06	1200.48
940.23	1203.18
940.40	1205.02
940.57	1203.88
940.74	1206.83
940.91	1204.86
941.08	1191.86
941.25	1203.32
941.43	1199.35
941.60	1209.41
941.77	1197.67
941.94	1203.61
942.11	1198.08
942.28	1203.37
942.45	1201.65
942.62	1210.57
942.79	1197.71
942.96	1205.64
943.13	1202.12
943.30	1204.10
943.48	1198.64
943.65	1213.38
943.82	1202.32
943.99	1209.53
944.16	1199.15
944.33	1206.38
944.50	1200.27
944.67	1210.55
944.84	1195.60
945.01	1212.68
945.18	1191.45
945.35	1212.17
945.52	1197.88
945.69	1209.22
945.86	1211.46
946.03	1207.52
946.21	1200.50
946.38	1203.80
946.55	1199.09
946.72	1211.21
946.89	1196.32
947.06	1205.97
947.23	1201.91
947.40	1208.04
947.57	1194.68
947.74	1206.91
947.91	1192.23
948.08	1204.88
948.25	1195.19
948.42	1206.64
948.59	1199.43
948.76	1200.48
948.93	1201.24
949.10	1205.25
949.27	1204.92
949.44	1207.58
949.61	1197.41
949.78	1202.61
949.95	1206.17
950.12	1203.59
950.29	1192.74
950.46	1205.45
950.63	1199.90
950.80	1206.46
950.97	1197.00
951.14	1211.21
951.31	1197.20
951.48	1205.19
951.65	1194.72
951.82	1209.82
951.99	1204.06
952.16	1202.63
952.33	1202.49
952.50	1198.92
952.67	1198.55
952.84	1203.69
953.01	1194.99
953.18	1204.10
953.35	1203.94
953.52	1199.47
953.69	1201.75
953.86	1204.96
954.03	1198.37
954.20	1205.43
954.37	1196.32
954.54	1210.02
954.70	1195.11
954.87	1208.61
955.04	1197.69
955.21	1202.40
955.38	1197.98
955.55	1206.19
955.72	1204.70
955.89	1207.83
956.06	1199.50
956.23	1214.47
956.40	1199.60
956.57	1209.65
956.74	1207.15
956.91	1212.15
957.08	1201.99
957.25	1204.39
957.41	1193.74
957.58	1203.55
957.75	1197.63
957.92	1201.87
958.09	1196.32
958.26	1204.49
958.43	1198.39
958.60	1204.98
958.77	1201.81
958.94	1203.30
959.11	1197.18
959.27	1202.89
959.44	1197.57
959.61	1210.10
959.78	1202.18
959.95	1203.12
960.12	1202.69
960.29	1210.23
960.46	1202.22
960.63	1202.28
960.80	1199.25
960.96	1214.08
961.13	1199.13
961.30	1204.72
961.47	1199.19
961.64	1207.83
961.81	1199.35
961.98	1206.23
962.15	1199.52
962.31	1209.37
962.48	1197.69
962.65	1207.71
962.82	1199.21
962.99	1209.55
963.16	1197.67
963.33	1206.17
963.49	1203.45
963.66	1205.82
963.83	1205.82
964.00	1204.98
964.17	1195.91
964.34	1203.22
964.51	1200.87
964.67	1205.60
964.84	1201.52
965.01	1219.59
965.18	1194.97
965.35	1207.89
965.52	1200.79
965.68	1207.13
965.85	1204.53
966.02	1198.41
966.19	1203.82
966.36	1205.31
966.52	1204.08
966.69	1202.63
966.86	1190.30
967.03	1200.66
967.20	1195.97
967.37	1202.92
967.53	1201.65
967.70	1204.23
967.87	1197.92
968.04	1206.64
968.21	1197.75
968.37	1201.60
968.54	1193.68
968.71	1205.05
968.88	1201.79
969.05	1213.44
969.21	1199.23
969.38	1209.98
969.55	1192.02
969.72	1207.63
969.89	1195.81
970.05	1204.02
970.22	1194.78
970.39	1207.46
970.56	1201.34
970.72	1206.03
970.89	1200.74
971.06	1202.46
971.23	1201.22
971.39	1203.67
971.56	1196.51
971.73	1205.70
971.90	1194.15
972.07	1204.21
972.23	1197.61
972.40	1204.43
972.57	1200.56
972.74	1197.65
972.90	1196.81
973.07	1211.74
973.24	1198.88
973.40	1203.16
973.57	1203.55
973.74	1206.09
973.91	1199.76
974.07	1204.00
974.24	1197.39
974.41	1208.79
974.58	1202.06
974.74	1201.69
974.91	1192.72
975.08	1209.08
975.25	1196.69
975.41	1201.93
975.58	1200.44
975.75	1212.40
975.91	1200.25
976.08	1208.55
976.25	1206.56
976.42	1204.27
976.58	1200.89
976.75	1206.81
976.92	1199.11
977.08	1209.37
977.25	1202.22
977.42	1201.54
977.58	1210.04
977.75	1199.00
977.92	1197.55
978.08	1207.15
978.25	1196.96
978.42	1211.27
978.59	1193.95
978.75	1204.98
978.92	1200.21
979.09	1204.70
979.25	1197.39
979.42	1201.56
979.59	1197.47
979.75	1205.78
979.92	1201.07
980.09	1203.06
980.25	1196.65
980.42	1210.66
980.59	1203.04
980.75	1206.05
980.92	1198.04
981.09	1201.54
981.25	1196.01
981.42	1209.24
981.59	1202.71
981.75	1206.21
981.92	1196.96
982.08	1206.42
982.25	1197.39
982.42	1211.23
982.58	1196.73
982.75	1205.66
982.92	1201.50
983.08	1205.74
983.25	1195.56
983.42	1200.95
983.58	1204.66
983.75	1199.56
983.91	1199.62
984.08	1212.11
984.25	1202.06
984.41	1203.16
984.58	1194.33
984.74	1203.98
984.91	1198.12
985.08	1205.66
985.24	1197.84
985.41	1204.27
985.57	1201.38
985.74	1204.12
985.91	1198.45
986.07	1213.09
986.24	1192.92
986.40	1203.22
986.57	1202.34
986.74	1202.01
986.90	1202.96
987.07	1203.06
987.23	1206.48
987.40	1208.90
987.57	1205.80
987.73	1203.08
987.90	1197.78
988.06	1204.12
988.23	1194.91
988.39	1207.95
988.56	1202.10
988.73	1207.24
988.89	1196.96
989.06	1209.16
989.22	1201.50
989.39	1206.66
989.55	1198.21
989.72	1206.75
989.88	1203.65
990.05	1199.93
990.22	1206.91
990.38	1208.22
990.55	1201.05
990.71	1206.58
990.88	1204.59
991.04	1206.83
991.21	1203.57
991.37	1199.66
991.54	1200.19
991.70	1211.91
991.87	1207.93
992.03	1206.72
992.20	1205.66
992.36	1210.84
992.53	1197.10
992.69	1204.78
992.86	1196.85
993.03	1208.71
993.19	1200.81
993.36	1207.50
993.52	1192.12
993.69	1208.30
993.85	1199.15
994.02	1205.25
994.18	1200.15
994.35	1209.14
994.51	1202.10
994.68	1203.55
994.84	1207.09
995.01	1208.08
995.17	1201.38
995.34	1211.50
995.50	1196.03
995.66	1208.40
995.83	1195.75
995.99	1209.08
996.16	1201.50
996.32	1205.00
996.49	1201.67
996.65	1199.15
996.82	1197.88
996.98	1208.47
997.15	1203.94
997.31	1206.68
997.48	1194.66
997.64	1210.49
997.81	1198.68
997.97	1206.46
998.13	1199.39
998.30	1211.13
998.46	1200.54
998.63	1206.87
998.79	1201.20
998.96	1204.31
999.12	1202.73
999.29	1203.65
999.45	1204.16
999.61	1208.75
999.78	1207.46
999.94	1205.00
1000.11	1203.73
1000.27	1207.09
1000.44	1199.74
1000.60	1203.53
1000.76	1198.39
1000.93	1213.91
1001.09	1197.96
1001.26	1203.08
1001.42	1197.06
1001.59	1204.51
1001.75	1205.15
1001.91	1208.55
1002.08	1200.09
1002.24	1200.79
1002.41	1202.79
1002.57	1210.14
1002.73	1200.33
1002.90	1207.20
1003.06	1202.67
1003.23	1206.64
1003.39	1201.77
1003.55	1212.32
1003.72	1202.30
1003.88	1212.30
1004.04	1200.79
1004.21	1208.71
1004.37	1206.13
1004.54	1205.95
1004.70	1202.77
1004.86	1210.68
1005.03	1197.41
1005.19	1209.49
1005.35	1199.21
1005.52	1206.77
1005.68	1198.92
1005.85	1200.87
1006.01	1197.96
1006.17	1203.43
1006.34	1197.94
1006.50	1211.97
1006.66	1200.11
1006.83	1203.02
1006.99	1198.41
1007.15	1204.37
1007.32	1198.41
1007.48	1209.04
1007.64	1202.12
1007.81	1204.92
1007.97	1197.18
1008.13	1202.49
1008.30	1202.40
1008.46	1208.51
1008.62	1202.28
1008.79	1199.17
1008.95	1197.34
1009.11	1207.61
1009.28	1204.33
1009.44	1204.33
1009.60	1203.84
1009.77	1205.39
1009.93	1194.52
1010.09	1211.66
1010.25	1199.19
1010.42	1210.88
1010.58	1196.34
1010.74	1204.39
1010.91	1203.61
1011.07	1215.12
1011.23	1202.20
1011.40	1201.75
1011.56	1194.40
1011.72	1202.63
1011.88	1208.67
1012.05	1200.40
1012.21	1197.24
1012.37	1203.67
1012.54	1201.95
1012.70	1204.86
1012.86	1201.15
1013.02	1203.86
1013.19	1202.24
1013.35	1200.48
1013.51	1200.50
1013.67	1211.15
1013.84	1198.04
1014.00	1207.34
1014.16	1203.47
1014.33	1198.68
1014.49	1199.60
1014.65	1210.39
1014.81	1196.57
1014.98	1207.46
1015.14	1197.14
1015.30	1200.36
1015.46	1199.37
1015.62	1204.27
1015.79	1196.98
1015.95	1210.37
1016.11	1204.64
1016.27	1206.70
1016.44	1200.50
1016.60	1205.62
1016.76	1197.57
1016.92	1200.01
1017.09	1196.69
1017.25	1202.51
1017.41	1199.04
1017.57	1208.96
1017.73	1204.35
1017.90	1205.50
1018.06	1200.48
1018.22	1211.74
1018.38	1193.86
1018.54	1204.29
1018.71	1196.42
1018.87	1204.16
1019.03	1206.77
1019.19	1205.21
1019.35	1204.84
1019.52	1199.64
1019.68	1198.10
1019.84	1208.38
1020.00	1201.54
1020.16	1203.78
1020.33	1198.53
1020.49	1210.29
1020.65	1200.89
1020.81	1207.91
1020.97	1197.26
1021.13	1212.60
1021.30	1208.20
1021.46	1211.87
1021.62	1195.30
1021.78	1212.89
1021.94	1204.66
1022.10	1204.68
1022.27	1199.62
1022.43	1206.48
1022.59	1195.97
1022.75	1205.95
1022.91	1204.74
1023.07	1206.85
1023.24	1199.02
1023.40	1211.39
1023.56	1199.19
1023.72	1212.77
1023.88	1201.34
1024.04	1208.34
1024.20	1203.51
1024.36	1208.08
1024.53	1201.22
1024.69	1206.54
1024.85	1198.27
1025.01	1206.27
1025.17	1205.02
1025.33	1203.57
1025.49	1190.16
1025.65	1210.76
1025.82	1196.34
1025.98	1204.53
1026.14	1202.01
1026.30	1203.73
1026.46	1200.11
1026.62	1211.62
1026.78	1198.31
1026.94	1205.39
1027.10	1195.24
1027.26	1204.59
1027.43	1194.60
1027.59	1209.74
1027.75	1200.01
1027.91	1216.15
1028.07	1201.85
1028.23	1203.80
1028.39	1197.12
1028.55	1205.91
1028.71	1200.70
1028.87	1203.22
1029.03	1203.88
1029.19	1208.90
1029.36	1198.86
1029.52	1204.82
1029.68	1199.25
1029.84	1208.77
1030.00	1203.00
1030.16	1206.46
1030.32	1195.54
1030.48	1200.87
1030.64	1203.41
1030.80	1212.42
1030.96	1196.26
1031.12	1199.86
1031.28	1203.35
1031.44	1200.25
1031.60	1198.02
1031.76	1203.37
1031.92	1201.38
1032.08	1216.58
1032.24	1200.87
1032.40	1204.00
1032.56	1193.95
1032.73	1209.10
1032.89	1199.90
1033.05	1206.75
1033.21	1203.37
1033.37	1207.24
1033.53	1194.62
1033.69	1216.08
1033.85	1203.08
1034.01	1202.71
1034.17	1201.05
1034.33	1207.99
1034.49	1198.02
1034.65	1202.85
1034.81	1209.18
1034.97	1208.90
1035.13	1199.68
1035.29	1204.49
1035.45	1202.44
1035.61	1214.71
1035.77	1201.95
1035.93	1206.05
1036.09	1202.94
1036.25	1205.29
1036.41	1195.24
1036.57	1204.74
1036.73	1197.39
1036.88	1209.31
1037.04	1195.71
