345.52	1182.97
345.73	1182.97
345.94	1182.97
346.16	1183.91
346.37	1185.20
346.58	1185.71
346.79	1195.17
347.00	1187.51
347.22	1194.58
347.43	1185.57
347.64	1193.21
347.85	1188.64
348.06	1197.08
348.28	1188.46
348.49	1198.37
348.70	1186.82
348.91	1200.62
349.12	1177.93
349.34	1201.52
349.55	1188.83
349.76	1192.23
349.97	1193.15
350.18	1188.87
350.40	1192.37
350.61	1192.25
350.82	1181.43
351.03	1203.43
351.24	1195.50
351.46	1195.38
351.67	1188.31
351.88	1199.43
352.09	1189.71
352.30	1194.13
352.51	1190.98
352.73	1198.49
352.94	1186.68
353.15	1199.64
353.36	1185.65
353.57	1195.36
353.79	1186.04
354.00	1190.69
354.21	1194.81
354.42	1199.15
354.63	1191.14
354.84	1199.58
355.06	1189.93
355.27	1194.83
355.48	1191.79
355.69	1193.97
355.90	1194.66
356.11	1198.68
356.33	1184.12
356.54	1205.39
356.75	1190.40
356.96	1200.01
357.17	1188.87
357.38	1194.42
357.60	1191.88
357.81	1200.64
358.02	1195.15
358.23	1199.23
358.44	1191.82
358.65	1201.67
358.87	1189.30
359.08	1193.29
359.29	1197.59
359.50	1197.18
359.71	1189.17
359.92	1197.30
360.13	1198.70
360.35	1199.29
360.56	1189.07
360.77	1190.28
360.98	1190.36
361.19	1205.19
361.40	1191.36
361.62	1200.09
361.83	1189.85
362.04	1196.55
362.25	1191.47
362.46	1191.82
362.67	1187.84
362.88	1191.06
363.10	1196.10
363.31	1195.48
363.52	1188.62
363.73	1194.58
363.94	1194.85
364.15	1196.77
364.36	1192.82
364.57	1192.70
364.79	1192.98
365.00	1202.24
365.21	1192.45
365.42	1197.80
365.63	1190.93
365.84	1202.94
366.05	1188.19
366.27	1196.53
366.48	1188.97
366.69	1204.08
366.90	1197.41
367.11	1203.20
367.32	1199.84
367.53	1195.42
367.74	1186.33
367.95	1194.89
368.17	1194.85
368.38	1195.95
368.59	1197.02
368.80	1200.99
369.01	1197.39
369.22	1197.98
369.43	1189.38
369.64	1189.62
369.86	1186.31
370.07	1201.03
370.28	1189.75
370.49	1200.07
370.70	1190.10
370.91	1198.45
371.12	1184.89
371.33	1199.39
371.54	1185.63
371.76	1192.14
371.97	1197.55
372.18	1200.29
372.39	1194.70
372.60	1201.44
372.81	1192.61
373.02	1195.50
373.23	1192.78
373.44	1193.76
373.65	1195.36
373.87	1196.03
374.08	1189.87
374.29	1194.83
374.50	1194.81
374.71	1201.34
374.92	1191.36
375.13	1201.01
375.34	1191.92
375.55	1195.65
375.76	1193.21
375.97	1197.61
376.19	1198.06
376.40	1201.63
376.61	1188.48
376.82	1199.45
377.03	1195.89
377.24	1206.23
377.45	1194.64
377.66	1198.02
377.87	1197.32
378.08	1195.46
378.29	1190.81
378.50	1206.21
378.71	1191.36
378.93	1203.32
379.14	1188.91
379.35	1203.32
379.56	1194.40
379.77	1194.76
379.98	1194.15
380.19	1205.05
380.40	1191.53
380.61	1196.24
380.82	1192.59
381.03	1204.92
381.24	1190.96
381.45	1192.16
381.66	1186.70
381.88	1199.21
382.09	1190.14
382.30	1199.00
382.51	1197.14
382.72	1198.82
382.93	1191.86
383.14	1199.70
383.35	1196.38
383.56	1201.32
383.77	1190.38
383.98	1201.20
384.19	1188.80
384.40	1199.07
384.61	1198.88
384.82	1201.52
385.03	1188.85
385.24	1196.14
385.45	1192.57
385.67	1202.16
385.88	1187.29
386.09	1203.86
386.30	1192.41
386.51	1199.07
386.72	1187.04
386.93	1197.47
387.14	1189.38
387.35	1205.27
387.56	1194.29
387.77	1202.79
387.98	1191.32
388.19	1202.32
388.40	1191.34
388.61	1193.09
388.82	1197.57
389.03	1202.87
389.24	1192.02
389.45	1197.06
389.66	1199.04
389.87	1197.43
390.08	1200.60
390.29	1197.82
390.50	1190.85
390.71	1197.49
390.92	1187.23
391.13	1199.80
391.34	1191.96
391.55	1197.04
391.76	1187.94
391.98	1200.62
392.19	1189.46
392.40	1203.37
392.61	1192.12
392.82	1201.03
393.03	1191.65
393.24	1194.25
393.45	1194.83
393.66	1191.90
393.87	1190.20
394.08	1203.47
394.29	1194.21
394.50	1196.22
394.71	1194.03
394.92	1202.03
395.13	1196.20
395.34	1200.74
395.55	1194.58
395.76	1205.43
395.97	1190.89
396.18	1200.66
396.39	1194.09
396.60	1197.26
396.81	1198.84
397.02	1197.63
397.23	1194.74
397.44	1201.50
397.65	1195.30
397.86	1201.36
398.07	1196.87
398.28	1209.10
398.49	1195.19
398.70	1190.98
398.91	1194.23
399.12	1197.88
399.33	1191.16
399.54	1192.18
399.75	1197.75
399.96	1200.27
400.17	1194.03
400.38	1195.67
400.59	1198.59
400.80	1200.91
401.01	1186.22
401.22	1198.96
401.42	1189.69
401.63	1197.75
401.84	1198.98
402.05	1199.78
402.26	1196.71
402.47	1205.11
402.68	1200.21
402.89	1200.52
403.10	1191.90
403.31	1193.66
403.52	1192.14
403.73	1207.77
403.94	1192.18
404.15	1205.60
404.36	1195.11
404.57	1205.62
404.78	1192.92
404.99	1198.39
405.20	1185.20
405.41	1205.52
405.62	1197.04
405.83	1198.14
406.04	1193.82
406.25	1192.63
406.46	1198.29
406.67	1199.23
406.88	1192.06
407.09	1201.34
407.30	1194.72
407.50	1199.15
407.71	1195.46
407.92	1203.47
408.13	1196.94
408.34	1200.95
408.55	1198.90
408.76	1200.01
408.97	1191.32
409.18	1205.25
409.39	1195.32
409.60	1201.52
409.81	1192.31
410.02	1207.46
410.23	1194.81
410.44	1203.16
410.65	1189.69
410.86	1199.09
411.07	1193.82
411.27	1194.05
411.48	1193.37
411.69	1197.20
411.90	1194.56
412.11	1197.37
412.32	1187.04
412.53	1203.92
412.74	1200.58
412.95	1209.24
413.16	1195.97
413.37	1202.16
413.58	1197.63
413.79	1203.92
414.00	1196.75
414.20	1203.41
414.41	1189.77
414.62	1198.06
414.83	1193.64
415.04	1196.34
415.25	1201.40
415.46	1204.10
415.67	1190.18
415.88	1196.81
416.09	1191.39
416.30	1199.43
416.51	1196.59
416.71	1204.94
416.92	1198.00
417.13	1200.07
417.34	1196.85
417.55	1203.12
417.76	1197.53
417.97	1199.41
418.18	1191.55
418.39	1200.07
418.60	1196.98
418.81	1194.31
419.01	1191.98
419.22	1204.80
419.43	1196.20
419.64	1199.82
419.85	1195.19
420.06	1193.56
420.27	1189.79
420.48	1196.81
420.69	1189.11
420.90	1198.29
421.10	1197.78
421.31	1199.39
421.52	1191.06
421.73	1196.65
421.94	1198.10
422.15	1200.70
422.36	1199.86
422.57	1201.40
422.78	1196.67
422.98	1192.90
423.19	1201.15
423.40	1202.40
423.61	1190.71
423.82	1195.36
424.03	1201.07
424.24	1202.85
424.45	1188.35
424.65	1205.72
424.86	1194.99
425.07	1196.36
425.28	1192.76
425.49	1196.94
425.70	1194.68
425.91	1197.24
426.12	1190.38
426.32	1199.88
426.53	1201.97
426.74	1199.97
426.95	1199.60
427.16	1196.32
427.37	1194.33
427.58	1202.75
427.78	1190.93
427.99	1206.34
428.20	1194.15
428.41	1197.53
428.62	1198.66
428.83	1200.95
429.04	1191.61
429.24	1200.95
429.45	1191.55
429.66	1199.04
429.87	1191.94
430.08	1202.98
430.29	1200.33
430.50	1191.45
430.70	1197.39
430.91	1195.09
431.12	1190.16
431.33	1201.77
431.54	1195.46
431.75	1201.65
431.96	1195.32
432.16	1203.47
432.37	1192.59
432.58	1207.79
432.79	1189.44
433.00	1200.09
433.21	1188.52
433.41	1201.83
433.62	1189.69
433.83	1194.07
434.04	1196.05
434.25	1197.28
434.46	1194.25
434.66	1204.66
434.87	1196.10
435.08	1199.70
435.29	1192.82
435.50	1204.47
435.71	1195.40
435.91	1196.44
436.12	1194.60
436.33	1203.47
436.54	1196.55
436.75	1209.26
436.95	1191.45
437.16	1200.09
437.37	1190.20
437.58	1199.17
437.79	1192.29
438.00	1201.58
438.20	1192.61
438.41	1207.20
438.62	1189.34
438.83	1200.85
439.04	1195.93
439.24	1201.40
439.45	1198.72
439.66	1200.21
439.87	1198.35
440.08	1197.69
440.28	1187.06
440.49	1197.78
440.70	1189.05
440.91	1196.85
441.12	1205.95
441.32	1201.28
441.53	1195.09
441.74	1197.69
441.95	1202.73
442.16	1193.35
442.36	1200.70
442.57	1199.54
442.78	1197.04
442.99	1201.46
443.20	1199.60
443.40	1203.69
443.61	1189.36
443.82	1196.71
444.03	1195.87
444.24	1201.22
444.44	1189.58
444.65	1203.78
444.86	1196.16
445.07	1200.68
445.27	1192.72
445.48	1204.98
445.69	1193.97
445.90	1202.92
446.11	1193.97
446.31	1198.61
446.52	1188.68
446.73	1196.87
446.94	1195.81
447.14	1203.26
447.35	1190.71
447.56	1208.65
447.77	1192.80
447.97	1204.59
448.18	1193.86
448.39	1199.84
448.60	1200.89
448.81	1198.92
449.01	1189.97
449.22	1202.38
449.43	1192.27
449.64	1203.67
449.84	1196.94
450.05	1198.10
450.26	1196.03
450.47	1200.48
450.67	1194.48
450.88	1199.17
451.09	1189.73
451.30	1196.94
451.50	1189.87
451.71	1199.00
451.92	1191.51
452.13	1199.86
452.33	1196.77
452.54	1194.72
452.75	1192.53
452.96	1206.64
453.16	1194.38
453.37	1204.74
453.58	1200.60
453.79	1203.43
453.99	1196.20
454.20	1200.07
454.41	1198.27
454.61	1196.26
454.82	1194.95
455.03	1198.90
455.24	1191.39
455.44	1195.79
455.65	1197.86
455.86	1209.88
456.07	1195.17
456.27	1201.42
456.48	1196.01
456.69	1200.83
456.90	1194.58
457.10	1201.52
457.31	1198.66
457.52	1196.65
457.72	1202.69
457.93	1202.57
458.14	1195.01
458.35	1209.31
458.55	1197.22
458.76	1202.85
458.97	1190.57
459.17	1203.67
459.38	1193.33
459.59	1203.08
459.80	1194.11
460.00	1197.98
460.21	1193.54
460.42	1203.20
460.62	1197.82
460.83	1198.82
461.04	1199.82
461.25	1201.32
461.45	1195.91
461.66	1207.61
461.87	1193.92
462.07	1204.35
462.28	1190.59
462.49	1202.51
462.69	1199.84
462.90	1199.43
463.11	1192.86
463.31	1201.79
463.52	1197.90
463.73	1199.84
463.94	1199.09
464.14	1198.53
464.35	1198.90
464.56	1204.64
464.76	1204.14
464.97	1202.85
465.18	1194.29
465.38	1206.46
465.59	1204.21
465.80	1206.25
466.00	1197.51
466.21	1211.39
466.42	1198.70
466.62	1205.35
466.83	1195.65
467.04	1210.17
467.24	1194.54
467.45	1208.61
467.66	1191.36
467.86	1199.13
468.07	1196.01
468.28	1201.50
468.48	1195.62
468.69	1207.63
468.90	1201.44
469.10	1198.31
469.31	1198.66
469.52	1206.93
469.72	1200.60
469.93	1205.80
470.14	1200.56
470.34	1210.57
470.55	1199.93
470.76	1203.57
470.96	1196.36
471.17	1197.78
471.38	1196.40
471.58	1207.52
471.79	1197.14
472.00	1199.39
472.20	1196.10
472.41	1206.34
472.62	1199.41
472.82	1211.66
473.03	1191.34
473.24	1206.19
473.44	1203.08
473.65	1210.08
473.85	1207.07
474.06	1209.16
474.27	1202.49
474.47	1212.81
474.68	1202.69
474.89	1205.88
475.09	1206.48
475.30	1213.63
475.51	1201.71
475.71	1212.07
475.92	1210.88
476.12	1213.38
476.33	1199.90
476.54	1213.03
476.74	1204.74
476.95	1215.10
477.16	1207.28
477.36	1215.18
477.57	1206.34
477.77	1217.21
477.98	1202.01
478.19	1216.08
478.39	1204.06
478.60	1220.79
478.81	1211.07
479.01	1210.94
479.22	1208.44
479.42	1214.18
479.63	1208.14
479.84	1217.48
480.04	1206.38
480.25	1222.27
480.45	1207.01
480.66	1213.89
480.87	1206.01
481.07	1213.42
481.28	1211.17
481.48	1218.99
481.69	1215.94
481.90	1218.19
482.10	1212.89
482.31	1219.22
482.51	1214.32
482.72	1220.06
482.93	1215.69
483.13	1217.89
483.34	1211.48
483.54	1219.30
483.75	1209.16
483.96	1211.91
484.16	1213.26
484.37	1218.01
484.57	1213.16
484.78	1217.68
484.99	1211.21
485.19	1217.05
485.40	1217.89
485.60	1222.88
485.81	1208.71
486.01	1212.36
486.22	1221.51
486.43	1229.33
486.63	1207.73
486.84	1222.97
487.04	1211.64
487.25	1217.70
487.46	1213.83
487.66	1215.20
487.87	1211.43
488.07	1220.63
488.28	1222.13
488.48	1221.27
488.69	1222.53
488.89	1218.71
489.10	1213.48
489.31	1223.46
489.51	1214.16
489.72	1224.91
489.92	1216.25
490.13	1225.52
490.33	1212.44
490.54	1228.56
490.75	1216.86
490.95	1226.36
491.16	1227.63
491.36	1228.19
491.57	1228.19
491.77	1234.58
491.98	1230.21
492.18	1244.61
492.39	1238.63
492.59	1246.82
492.80	1251.82
493.01	1270.60
493.21	1280.04
493.42	1291.45
493.62	1306.34
493.83	1328.23
494.03	1338.80
494.24	1363.64
494.44	1368.43
494.65	1405.85
494.85	1416.50
495.06	1437.88
495.26	1459.75
495.47	1490.61
495.68	1511.36
495.88	1545.42
496.09	1581.99
496.29	1648.08
496.50	1727.44
496.70	1851.06
496.91	1997.94
497.11	2153.97
497.32	2357.72
497.52	2555.46
497.73	2735.80
497.93	2939.02
498.14	3087.11
498.34	3229.99
498.55	3354.80
498.75	3446.01
498.96	3532.60
499.16	3589.39
499.37	3652.14
499.57	3695.03
499.78	3742.15
499.98	3780.47
500.19	3807.38
500.39	3825.91
500.60	3819.99
500.80	3841.17
501.01	3847.97
501.21	3865.52
501.42	3906.68
501.62	3880.90
501.83	3868.06
502.03	3882.52
502.24	3829.13
502.44	3769.53
502.65	3695.38
502.85	3593.51
503.06	3469.50
503.26	3296.37
503.47	3135.58
503.67	2969.12
503.88	2807.70
504.08	2682.96
504.29	2543.41
504.49	2463.50
504.70	2366.24
504.90	2299.77
505.11	2245.25
505.31	2196.06
505.52	2137.26
505.72	2112.60
505.93	2066.24
506.13	2028.35
506.34	1992.76
506.54	1968.51
506.75	1926.93
506.95	1908.89
507.16	1874.98
507.36	1858.67
507.56	1829.29
507.77	1797.52
507.97	1770.69
508.18	1776.67
508.38	1740.04
508.59	1724.70
508.79	1704.30
509.00	1697.32
509.20	1659.63
509.41	1655.62
509.61	1630.51
509.82	1629.06
510.02	1601.31
510.22	1599.12
510.43	1575.07
510.63	1559.45
510.84	1553.38
511.04	1546.38
511.25	1528.46
511.45	1530.16
511.66	1516.36
511.86	1509.09
512.06	1509.07
512.27	1505.26
512.47	1485.90
512.68	1498.68
512.88	1488.40
513.09	1493.19
513.29	1487.91
513.50	1504.60
513.70	1495.32
513.90	1533.01
514.11	1541.38
514.31	1580.27
514.52	1629.26
514.72	1706.96
514.93	1776.69
515.13	1860.05
515.33	1948.62
515.54	2017.60
515.74	2073.04
515.95	2120.55
516.15	2150.47
516.36	2162.82
516.56	2153.64
516.76	2141.93
516.97	2128.56
517.17	2092.16
517.38	2044.88
517.58	2014.16
517.78	1954.99
517.99	1910.98
518.19	1844.44
518.40	1793.63
518.60	1723.67
518.81	1668.44
519.01	1602.74
519.21	1547.83
519.42	1506.63
519.62	1470.24
519.83	1437.82
520.03	1429.09
520.23	1408.53
520.44	1401.96
520.64	1386.68
520.85	1395.47
521.05	1383.40
521.25	1388.71
521.46	1369.99
521.66	1386.02
521.86	1366.02
522.07	1366.55
522.27	1349.47
522.48	1336.79
522.68	1312.63
522.88	1295.32
523.09	1264.54
523.29	1258.60
523.50	1242.48
523.70	1242.58
523.90	1235.83
524.11	1245.80
524.31	1222.51
524.51	1232.84
524.72	1225.07
524.92	1226.53
525.13	1226.06
525.33	1231.98
525.53	1226.16
525.74	1233.02
525.94	1216.58
526.14	1227.72
526.35	1222.72
526.55	1225.24
526.76	1215.12
526.96	1226.61
527.16	1209.02
527.37	1225.20
527.57	1216.21
527.77	1224.19
527.98	1217.56
528.18	1222.27
528.38	1220.24
528.59	1218.54
528.79	1216.90
528.99	1222.68
529.20	1212.68
529.40	1220.67
529.61	1211.60
529.81	1220.43
530.01	1209.76
530.22	1217.58
530.42	1211.52
530.62	1215.24
530.83	1211.60
531.03	1211.11
531.23	1211.72
531.44	1214.26
531.64	1210.96
531.84	1218.71
532.05	1210.27
532.25	1213.16
532.45	1212.03
532.66	1209.20
532.86	1201.52
533.06	1208.04
533.27	1207.20
533.47	1216.53
533.67	1206.21
533.88	1212.21
534.08	1201.48
534.28	1212.11
534.49	1202.44
534.69	1204.35
534.89	1207.28
535.09	1208.12
535.30	1204.02
535.50	1210.06
535.70	1193.21
535.91	1210.82
536.11	1199.00
536.31	1207.24
536.52	1200.87
536.72	1209.51
536.92	1191.59
537.13	1206.68
537.33	1201.50
537.53	1203.84
537.74	1195.77
537.94	1208.71
538.14	1197.24
538.34	1208.34
538.55	1203.00
538.75	1215.45
538.95	1203.18
539.16	1202.81
539.36	1206.97
539.56	1205.02
539.77	1201.87
539.97	1203.82
540.17	1202.73
540.37	1207.54
540.58	1205.39
540.78	1209.12
540.98	1194.19
541.19	1204.64
541.39	1199.70
541.59	1207.63
541.79	1201.07
542.00	1207.95
542.20	1206.25
542.40	1202.12
542.60	1199.17
542.81	1207.20
543.01	1204.41
543.21	1203.76
543.42	1195.56
543.62	1209.14
543.82	1203.65
544.02	1209.41
544.23	1191.67
544.43	1209.14
544.63	1206.01
544.83	1208.65
545.04	1206.87
545.24	1208.18
545.44	1201.44
545.64	1208.30
545.85	1198.68
546.05	1211.54
546.25	1197.90
546.45	1213.28
546.66	1204.39
546.86	1202.10
547.06	1196.71
547.27	1201.40
547.47	1201.40
547.67	1208.30
547.87	1200.95
548.07	1199.68
548.28	1193.88
548.48	1208.57
548.68	1194.19
548.88	1203.22
549.09	1197.82
549.29	1203.84
549.49	1196.94
549.69	1198.33
549.90	1195.69
550.10	1206.40
550.30	1195.46
550.50	1204.19
550.71	1200.42
550.91	1205.33
551.11	1191.96
551.31	1196.10
551.51	1192.72
551.72	1203.39
551.92	1195.38
552.12	1197.45
552.32	1190.24
552.53	1203.67
552.73	1184.46
552.93	1201.13
553.13	1196.08
553.33	1199.41
553.54	1195.60
553.74	1209.55
553.94	1197.47
554.14	1204.12
554.35	1198.78
554.55	1200.95
554.75	1189.54
554.95	1206.11
555.15	1191.98
555.36	1200.38
555.56	1192.27
555.76	1197.55
555.96	1189.11
556.16	1199.27
556.37	1200.11
556.57	1191.79
556.77	1197.82
556.97	1199.82
557.17	1190.93
557.38	1204.02
557.58	1195.62
557.78	1197.63
557.98	1188.66
558.18	1200.44
558.38	1194.50
558.59	1195.13
558.79	1193.06
558.99	1200.95
559.19	1188.99
559.39	1202.94
559.60	1191.65
559.80	1200.83
560.00	1193.58
560.20	1201.34
560.40	1192.45
560.60	1198.27
560.81	1191.26
561.01	1208.81
561.21	1191.41
561.41	1201.73
561.61	1195.22
561.81	1195.50
562.02	1193.31
562.22	1197.78
562.42	1196.94
562.62	1202.06
562.82	1194.05
563.02	1200.48
563.23	1188.31
563.43	1198.84
563.63	1193.64
563.83	1198.10
564.03	1198.90
564.23	1197.41
564.43	1192.23
564.64	1202.77
564.84	1198.86
565.04	1194.97
565.24	1196.55
565.44	1195.19
565.64	1193.45
565.85	1202.16
566.05	1195.99
566.25	1201.56
566.45	1193.31
566.65	1203.61
566.85	1190.38
567.05	1199.19
567.25	1196.91
567.46	1198.76
567.66	1191.88
567.86	1200.38
568.06	1194.81
568.26	1204.00
568.46	1193.66
568.66	1197.86
568.86	1192.45
569.07	1205.48
569.27	1191.14
569.47	1202.30
569.67	1188.60
569.87	1196.59
570.07	1193.15
570.27	1195.54
570.47	1191.92
570.68	1191.34
570.88	1194.38
571.08	1203.39
571.28	1187.04
571.48	1200.44
571.68	1190.67
571.88	1205.56
572.08	1196.30
572.28	1204.55
572.49	1190.16
572.69	1203.65
572.89	1195.50
573.09	1196.46
573.29	1198.68
573.49	1205.82
573.69	1200.21
573.89	1197.34
574.09	1192.68
574.29	1201.56
574.50	1194.81
574.70	1200.58
574.90	1197.75
575.10	1196.30
575.30	1190.85
575.50	1203.69
575.70	1204.23
575.90	1197.41
576.10	1199.97
576.30	1203.35
576.50	1195.32
576.70	1194.62
576.91	1197.02
577.11	1193.86
577.31	1199.52
577.51	1204.19
577.71	1200.48
577.91	1196.03
578.11	1192.12
578.31	1205.91
578.51	1195.60
578.71	1202.49
578.91	1193.19
579.11	1197.67
579.31	1194.46
579.51	1202.65
579.71	1186.61
579.92	1196.67
580.12	1201.73
580.32	1199.25
580.52	1197.30
580.72	1196.81
580.92	1190.65
581.12	1207.89
581.32	1195.91
581.52	1200.60
581.72	1192.84
581.92	1202.57
582.12	1193.25
582.32	1200.07
582.52	1190.36
582.72	1205.00
582.92	1193.06
583.12	1197.12
583.32	1194.05
583.52	1199.19
583.72	1187.37
583.92	1202.67
584.12	1191.69
584.33	1199.88
584.53	1190.32
584.73	1193.35
584.93	1195.19
585.13	1201.81
585.33	1180.74
585.53	1199.60
585.73	1195.11
585.93	1204.25
586.13	1193.00
586.33	1205.02
586.53	1195.71
586.73	1201.56
586.93	1192.41
587.13	1199.19
587.33	1192.35
587.53	1205.88
587.73	1195.40
587.93	1205.76
588.13	1191.69
588.33	1197.94
588.53	1191.61
588.73	1203.73
588.93	1196.32
589.13	1195.54
589.33	1198.51
589.53	1197.75
589.73	1191.82
589.93	1200.19
590.13	1194.68
590.33	1196.32
590.53	1189.91
590.73	1200.54
590.93	1190.24
591.13	1198.47
591.33	1188.33
591.53	1196.24
591.73	1195.44
591.93	1198.16
592.13	1189.15
592.33	1199.37
592.53	1190.26
592.73	1201.95
592.93	1188.87
593.13	1196.42
593.33	1189.77
593.53	1196.71
593.73	1197.55
593.93	1192.25
594.13	1185.81
594.33	1194.27
594.53	1187.80
594.73	1199.09
594.92	1190.50
595.12	1204.74
595.32	1190.05
595.52	1192.14
595.72	1201.99
595.92	1194.48
596.12	1192.72
596.32	1194.23
596.52	1190.40
596.72	1198.74
596.92	1193.86
597.12	1196.57
597.32	1185.18
597.52	1203.06
597.72	1191.34
597.92	1202.16
598.12	1194.74
598.32	1202.53
598.52	1196.20
598.72	1200.79
598.92	1194.64
599.12	1203.92
599.31	1197.43
599.51	1191.10
599.71	1189.91
599.91	1206.60
600.11	1187.76
600.31	1197.22
600.51	1193.00
600.71	1203.14
600.91	1196.96
601.11	1205.11
601.31	1196.67
601.51	1203.57
601.71	1187.51
601.91	1189.30
602.10	1196.26
602.30	1192.74
602.50	1193.19
602.70	1199.99
602.90	1190.30
603.10	1195.87
603.30	1194.74
603.50	1204.33
603.70	1194.93
603.90	1200.03
604.10	1195.54
604.30	1201.60
604.49	1190.34
604.69	1199.88
604.89	1187.06
605.09	1204.02
605.29	1194.76
605.49	1197.26
605.69	1193.45
605.89	1191.06
606.09	1191.75
606.29	1203.00
606.48	1197.00
606.68	1192.16
606.88	1189.91
607.08	1199.58
607.28	1187.08
607.48	1197.08
607.68	1202.22
607.88	1195.77
608.08	1193.09
608.27	1203.18
608.47	1193.02
608.67	1189.73
608.87	1190.34
609.07	1198.70
609.27	1197.69
609.47	1202.71
609.67	1191.12
609.87	1201.56
610.06	1198.70
610.26	1199.02
610.46	1196.53
610.66	1200.07
610.86	1201.15
611.06	1200.01
611.26	1193.27
611.45	1194.97
611.65	1199.43
611.85	1196.73
612.05	1190.38
612.25	1202.28
612.45	1192.41
612.65	1203.73
612.84	1192.37
613.04	1199.17
613.24	1192.29
613.44	1199.31
613.64	1191.88
613.84	1197.02
614.04	1190.38
614.23	1193.72
614.43	1188.21
614.63	1200.19
614.83	1192.74
615.03	1203.65
615.23	1198.10
615.42	1196.63
615.62	1191.77
615.82	1198.41
616.02	1186.43
616.22	1203.22
616.42	1194.68
616.61	1198.82
616.81	1195.19
617.01	1200.93
617.21	1189.26
617.41	1201.36
617.61	1191.96
617.80	1200.99
618.00	1190.55
618.20	1197.47
618.40	1195.36
618.60	1195.97
618.80	1192.27
618.99	1201.40
619.19	1199.21
619.39	1192.10
619.59	1190.73
619.79	1197.75
619.98	1193.13
620.18	1200.11
620.38	1196.08
620.58	1198.86
620.78	1192.47
620.97	1195.83
621.17	1195.05
621.37	1198.47
621.57	1195.91
621.77	1201.54
621.96	1195.13
622.16	1198.16
622.36	1198.74
622.56	1196.77
622.76	1193.21
622.95	1195.46
623.15	1190.98
623.35	1202.14
623.55	1199.21
623.75	1194.89
623.94	1193.19
624.14	1199.50
624.34	1192.98
624.54	1201.85
624.73	1194.89
624.93	1206.05
625.13	1199.21
625.33	1204.86
625.53	1190.20
625.72	1194.40
625.92	1191.84
626.12	1199.68
626.32	1198.39
626.51	1196.24
626.71	1193.76
626.91	1200.31
627.11	1193.72
627.30	1197.41
627.50	1194.52
627.70	1197.82
627.90	1188.97
628.10	1197.45
628.29	1193.41
628.49	1198.37
628.69	1197.59
628.89	1200.66
629.08	1190.32
629.28	1200.68
629.48	1200.19
629.68	1206.25
629.87	1192.96
630.07	1195.22
630.27	1191.71
630.47	1198.12
630.66	1190.75
630.86	1199.97
631.06	1188.78
631.25	1203.49
631.45	1201.69
631.65	1198.72
631.85	1196.69
632.04	1195.54
632.24	1196.14
632.44	1199.95
632.64	1186.33
632.83	1189.71
633.03	1192.12
633.23	1194.48
633.42	1192.31
633.62	1201.58
633.82	1190.05
634.02	1196.14
634.21	1193.41
634.41	1198.70
634.61	1193.92
634.81	1199.82
635.00	1189.71
635.20	1197.90
635.40	1198.25
635.59	1198.23
635.79	1187.58
635.99	1200.33
636.18	1192.27
636.38	1197.24
636.58	1190.20
636.78	1192.41
636.97	1195.77
637.17	1198.47
637.37	1198.06
637.56	1203.73
637.76	1197.88
637.96	1199.90
638.15	1192.00
638.35	1197.10
638.55	1197.90
638.74	1191.49
638.94	1196.03
639.14	1203.80
639.34	1198.82
639.53	1200.68
639.73	1186.98
639.93	1200.91
640.12	1196.55
640.32	1202.10
640.52	1195.38
640.71	1197.96
640.91	1200.19
641.11	1200.01
641.30	1198.49
641.50	1197.39
641.70	1198.00
641.89	1200.52
642.09	1198.70
642.29	1201.75
642.48	1191.75
642.68	1198.64
642.88	1201.60
643.07	1197.57
643.27	1197.28
643.47	1202.96
643.66	1193.62
643.86	1195.83
644.06	1202.30
644.25	1200.42
644.45	1195.60
644.65	1192.39
644.84	1192.04
645.04	1196.59
645.23	1186.16
645.43	1202.63
645.63	1186.10
645.82	1207.58
646.02	1191.59
646.22	1199.82
646.41	1198.25
646.61	1201.13
646.81	1189.60
647.00	1198.72
647.20	1203.12
647.39	1195.67
647.59	1196.30
647.79	1199.27
647.98	1200.50
648.18	1199.25
648.38	1196.61
648.57	1199.72
648.77	1193.92
648.96	1196.51
649.16	1192.51
649.36	1204.08
649.55	1192.25
649.75	1193.84
649.95	1195.85
650.14	1200.31
650.34	1197.32
650.53	1198.02
650.73	1191.92
650.93	1197.45
651.12	1190.03
651.32	1196.16
651.51	1188.33
651.71	1196.24
651.91	1197.94
652.10	1199.17
652.30	1194.21
652.49	1206.60
652.69	1192.43
652.89	1194.38
653.08	1193.13
653.28	1205.23
653.47	1199.00
653.67	1198.86
653.86	1194.62
654.06	1191.30
654.26	1188.83
654.45	1201.42
654.65	1190.59
654.84	1203.71
655.04	1197.34
655.24	1196.05
655.43	1190.87
655.63	1203.30
655.82	1195.48
656.02	1201.44
656.21	1192.72
656.41	1193.64
656.61	1192.47
656.80	1202.61
657.00	1197.08
657.19	1195.77
657.39	1187.58
657.58	1199.58
657.78	1193.19
657.97	1205.00
658.17	1193.47
658.37	1194.35
658.56	1192.08
658.76	1207.40
658.95	1188.17
659.15	1210.39
659.34	1195.65
659.54	1198.10
659.73	1192.84
659.93	1197.73
660.13	1196.08
660.32	1190.50
660.52	1193.09
660.71	1201.05
660.91	1199.41
661.10	1195.69
661.30	1195.38
661.49	1197.12
661.69	1196.57
661.88	1197.06
662.08	1192.29
662.27	1203.69
662.47	1196.32
662.66	1198.12
662.86	1195.95
663.06	1204.08
663.25	1191.02
663.45	1198.94
663.64	1196.16
663.84	1200.58
664.03	1196.10
664.23	1201.99
664.42	1196.10
664.62	1202.85
664.81	1190.73
665.01	1195.44
665.20	1191.32
665.40	1202.10
665.59	1188.83
665.79	1197.47
665.98	1195.62
666.18	1198.27
666.37	1187.92
666.57	1192.63
666.76	1187.54
666.96	1195.60
667.15	1193.82
667.35	1205.41
667.54	1187.86
667.74	1201.20
667.93	1190.67
668.13	1200.21
668.32	1194.31
668.52	1206.60
668.71	1193.04
668.91	1197.06
669.10	1191.71
669.30	1199.78
669.49	1192.43
669.68	1208.12
669.88	1189.89
670.07	1197.49
670.27	1190.07
670.46	1191.04
670.66	1196.61
670.85	1196.44
671.05	1191.28
671.24	1196.73
671.44	1191.75
671.63	1197.71
671.83	1195.56
672.02	1200.44
672.22	1190.10
672.41	1198.25
672.60	1196.94
672.80	1193.82
672.99	1199.19
673.19	1199.97
673.38	1197.53
673.58	1201.13
673.77	1199.50
673.97	1192.51
674.16	1193.82
674.36	1199.84
674.55	1184.93
674.74	1198.66
674.94	1205.80
675.13	1203.69
675.33	1188.27
675.52	1202.59
675.72	1195.05
675.91	1201.48
676.10	1193.86
676.30	1200.68
676.49	1191.02
676.69	1201.03
676.88	1186.78
677.08	1202.49
677.27	1196.57
677.46	1205.33
677.66	1189.71
677.85	1198.51
678.05	1200.81
678.24	1201.58
678.44	1192.25
678.63	1206.72
678.82	1191.39
679.02	1196.71
679.21	1190.32
679.41	1193.90
679.60	1201.54
679.79	1201.50
679.99	1192.20
680.18	1202.44
680.38	1197.80
680.57	1196.79
680.76	1199.07
680.96	1191.49
681.15	1195.69
681.35	1197.75
681.54	1189.30
681.73	1194.89
681.93	1183.44
682.12	1197.34
682.32	1191.47
682.51	1202.42
682.70	1187.45
682.90	1197.18
683.09	1195.28
683.29	1201.73
683.48	1198.12
683.67	1192.68
683.87	1201.99
684.06	1195.60
684.25	1190.79
684.45	1201.28
684.64	1189.36
684.84	1197.75
685.03	1190.44
685.22	1202.57
685.42	1190.59
685.61	1203.30
685.80	1196.26
686.00	1198.00
686.19	1199.47
686.38	1198.45
686.58	1190.63
686.77	1204.12
686.96	1193.35
687.16	1194.81
687.35	1192.72
687.55	1197.69
687.74	1193.64
687.93	1193.92
688.13	1195.69
688.32	1199.86
688.51	1196.53
688.71	1203.12
688.90	1192.57
689.09	1199.02
689.29	1197.78
689.48	1195.73
689.67	1197.88
689.87	1198.21
690.06	1192.08
690.25	1197.12
690.45	1192.08
690.64	1197.78
690.83	1193.66
691.03	1194.23
691.22	1194.72
691.41	1197.45
691.61	1191.53
691.80	1198.33
691.99	1194.64
692.19	1204.21
692.38	1188.07
692.57	1197.51
692.76	1190.26
692.96	1196.67
693.15	1193.09
693.34	1205.41
693.54	1197.16
693.73	1202.03
693.92	1183.75
694.12	1196.14
694.31	1193.02
694.50	1195.26
694.70	1195.17
694.89	1195.15
695.08	1192.08
695.27	1197.04
695.47	1195.69
695.66	1199.82
695.85	1188.46
696.05	1199.82
696.24	1192.45
696.43	1197.06
696.62	1194.68
696.82	1201.69
697.01	1195.62
697.20	1200.40
697.40	1191.86
697.59	1204.41
697.78	1196.61
697.97	1199.19
698.17	1189.56
698.36	1190.87
698.55	1201.42
698.74	1200.99
698.94	1189.91
699.13	1198.55
699.32	1192.66
699.52	1203.30
699.71	1196.22
699.90	1197.94
700.09	1189.11
700.29	1200.29
700.48	1198.27
700.67	1194.15
700.86	1196.91
701.06	1196.63
701.25	1195.42
701.44	1202.94
701.63	1192.33
701.83	1199.60
702.02	1185.36
702.21	1198.25
702.40	1196.91
702.60	1202.81
702.79	1196.22
702.98	1199.50
703.17	1193.37
703.37	1197.30
703.56	1192.16
703.75	1193.06
703.94	1193.15
704.13	1205.29
704.33	1188.15
704.52	1191.45
704.71	1192.66
704.90	1198.31
705.10	1191.61
705.29	1199.23
705.48	1198.31
705.67	1204.06
705.86	1189.07
706.06	1194.85
706.25	1198.66
706.44	1198.31
706.63	1192.06
706.83	1195.85
707.02	1191.55
707.21	1190.22
707.40	1191.53
707.59	1195.87
707.79	1194.27
707.98	1193.86
708.17	1196.40
708.36	1198.31
708.55	1201.60
708.75	1196.46
708.94	1197.20
709.13	1201.03
709.32	1187.15
709.51	1205.19
709.71	1190.28
709.90	1194.11
710.09	1189.23
710.28	1202.53
710.47	1188.99
710.66	1196.53
710.86	1185.04
711.05	1198.88
711.24	1191.28
711.43	1200.93
711.62	1186.78
711.82	1205.11
712.01	1196.46
712.20	1192.74
712.39	1193.31
712.58	1203.90
712.77	1189.97
712.97	1196.16
713.16	1194.68
713.35	1207.46
713.54	1188.17
713.73	1195.58
713.92	1194.27
714.11	1206.48
714.31	1187.41
714.50	1203.43
714.69	1191.26
714.88	1198.02
715.07	1189.50
715.26	1202.92
715.46	1193.13
715.65	1202.10
715.84	1190.83
716.03	1198.98
716.22	1191.12
716.41	1192.78
716.60	1193.02
716.80	1189.52
716.99	1197.06
717.18	1197.41
717.37	1191.73
717.56	1202.96
717.75	1196.32
717.94	1202.98
718.13	1193.64
718.33	1193.23
718.52	1195.95
718.71	1202.42
718.90	1194.21
719.09	1203.28
719.28	1187.21
719.47	1196.94
719.66	1194.21
719.85	1192.86
720.05	1197.41
720.24	1198.25
720.43	1194.05
720.62	1189.91
720.81	1185.94
721.00	1201.28
721.19	1195.26
721.38	1199.37
721.57	1188.54
721.77	1194.95
721.96	1199.80
722.15	1197.22
722.34	1187.60
722.53	1201.42
722.72	1191.34
722.91	1197.37
723.10	1202.87
723.29	1212.34
723.48	1189.97
723.67	1189.83
723.87	1199.47
724.06	1197.02
724.25	1189.46
724.44	1201.91
724.63	1188.83
724.82	1192.82
725.01	1192.96
725.20	1197.32
725.39	1194.09
725.58	1198.08
725.77	1193.64
725.96	1202.55
726.15	1191.88
726.34	1200.66
726.54	1186.33
726.73	1199.21
726.92	1189.42
727.11	1194.78
727.30	1197.08
727.49	1202.06
727.68	1179.49
727.87	1194.01
728.06	1192.70
728.25	1195.91
728.44	1197.34
728.63	1199.35
728.82	1189.93
729.01	1199.23
729.20	1198.14
729.39	1199.29
729.58	1188.58
729.77	1198.53
729.96	1192.88
730.15	1201.73
730.34	1194.58
730.53	1199.31
730.73	1192.51
730.92	1201.65
731.11	1195.62
731.30	1201.60
731.49	1194.11
731.68	1201.95
731.87	1189.83
732.06	1195.83
732.25	1195.09
732.44	1199.82
732.63	1197.67
732.82	1199.37
733.01	1198.90
733.20	1194.93
733.39	1183.34
733.58	1198.12
733.77	1197.49
733.96	1196.57
734.15	1193.74
734.34	1201.67
734.53	1191.43
734.72	1201.97
734.91	1192.90
735.10	1196.40
735.29	1189.07
735.48	1205.82
735.67	1194.72
735.86	1198.53
736.05	1196.42
736.24	1197.24
736.43	1193.76
736.62	1189.91
736.81	1190.48
737.00	1213.32
737.19	1194.97
737.38	1208.10
737.57	1197.71
737.76	1196.75
737.95	1189.13
738.14	1195.95
738.33	1189.19
738.51	1203.45
738.70	1190.32
738.89	1206.25
739.08	1193.27
739.27	1192.16
739.46	1192.33
739.65	1192.39
739.84	1195.24
740.03	1199.88
740.22	1193.76
740.41	1200.11
740.60	1193.60
740.79	1202.22
740.98	1193.25
741.17	1201.01
741.36	1190.42
741.55	1193.99
741.74	1199.80
741.93	1197.28
742.12	1185.51
742.31	1203.37
742.50	1193.17
742.68	1195.62
742.87	1192.16
743.06	1192.88
743.25	1196.22
743.44	1201.30
743.63	1199.88
743.82	1194.95
744.01	1188.48
744.20	1201.17
744.39	1194.07
744.58	1200.85
744.77	1192.49
744.96	1204.29
745.14	1193.17
745.33	1200.81
745.52	1192.68
745.71	1202.16
745.90	1191.86
746.09	1197.49
746.28	1188.76
746.47	1197.53
746.66	1193.60
746.85	1197.39
747.04	1192.47
747.22	1198.98
747.41	1192.92
747.60	1204.14
747.79	1191.55
747.98	1195.52
748.17	1187.70
748.36	1198.74
748.55	1186.04
748.74	1192.18
748.93	1195.09
749.11	1194.54
749.30	1191.36
749.49	1202.87
749.68	1191.57
749.87	1194.97
750.06	1195.89
750.25	1192.57
750.44	1193.68
750.62	1199.60
750.81	1193.35
751.00	1193.39
751.19	1194.78
751.38	1196.32
751.57	1191.28
751.76	1203.82
751.95	1189.11
752.13	1205.45
752.32	1190.16
752.51	1201.63
752.70	1192.49
752.89	1192.59
753.08	1189.01
753.27	1197.94
753.45	1191.04
753.64	1198.06
753.83	1195.22
754.02	1200.07
754.21	1193.06
754.40	1192.80
754.58	1188.21
754.77	1197.30
754.96	1193.88
755.15	1193.66
755.34	1194.19
755.53	1201.73
755.71	1191.04
755.90	1196.71
756.09	1185.90
756.28	1194.35
756.47	1190.30
756.66	1203.39
756.84	1193.06
757.03	1194.50
757.22	1190.32
757.41	1196.91
757.60	1187.70
757.79	1198.51
757.97	1191.61
758.16	1192.45
758.35	1195.54
758.54	1201.34
758.73	1196.81
758.91	1194.40
759.10	1188.33
759.29	1200.48
759.48	1198.12
759.67	1198.64
759.85	1196.30
760.04	1192.51
760.23	1190.12
760.42	1204.08
760.61	1187.08
760.79	1198.49
760.98	1189.40
761.17	1204.19
761.36	1185.51
761.55	1200.74
761.73	1192.94
761.92	1194.42
762.11	1195.99
762.30	1200.21
762.49	1197.84
762.67	1200.15
762.86	1190.89
763.05	1188.05
763.24	1191.51
763.42	1197.00
763.61	1196.30
763.80	1198.00
763.99	1192.57
764.17	1196.30
764.36	1191.53
764.55	1197.69
764.74	1186.57
764.92	1199.74
765.11	1188.03
765.30	1196.22
765.49	1194.35
765.68	1199.78
765.86	1195.32
766.05	1199.86
766.24	1193.37
766.43	1194.40
766.61	1195.89
766.80	1201.32
766.99	1192.39
767.17	1206.58
767.36	1203.26
767.55	1200.07
767.74	1191.14
767.92	1198.88
768.11	1195.07
768.30	1194.64
768.49	1192.78
768.67	1199.02
768.86	1194.38
769.05	1197.41
769.24	1188.80
769.42	1199.93
769.61	1191.73
769.80	1196.16
769.98	1199.25
770.17	1196.59
770.36	1196.91
770.55	1199.35
770.73	1193.84
770.92	1201.17
771.11	1189.38
771.29	1198.27
771.48	1187.86
771.67	1200.40
771.86	1189.38
772.04	1202.55
772.23	1189.28
772.42	1204.64
772.60	1191.22
772.79	1196.85
772.98	1194.44
773.16	1198.68
773.35	1198.14
773.54	1199.19
773.72	1194.46
773.91	1199.50
774.10	1194.19
774.29	1197.45
774.47	1189.44
774.66	1195.69
774.85	1196.61
775.03	1195.46
775.22	1196.59
775.41	1196.10
775.59	1196.69
775.78	1195.15
775.97	1191.63
776.15	1201.24
776.34	1197.92
776.53	1196.51
776.71	1192.18
776.90	1198.37
777.09	1185.26
777.27	1200.89
777.46	1194.87
777.65	1196.87
777.83	1193.13
778.02	1197.18
778.21	1195.50
778.39	1200.17
778.58	1180.06
778.76	1203.90
778.95	1185.14
779.14	1198.04
779.32	1194.29
779.51	1192.72
779.70	1196.40
779.88	1193.56
780.07	1193.88
780.26	1199.21
780.44	1189.07
780.63	1193.27
780.81	1192.53
781.00	1197.47
781.19	1196.16
781.37	1196.96
781.56	1194.85
781.75	1197.49
781.93	1193.13
782.12	1198.35
782.30	1184.16
782.49	1196.05
782.68	1194.17
782.86	1201.79
783.05	1184.22
783.23	1198.78
783.42	1191.53
783.61	1200.62
783.79	1193.92
783.98	1195.17
784.16	1195.89
784.35	1200.36
784.54	1191.04
784.72	1197.61
784.91	1195.85
785.09	1193.41
785.28	1184.24
785.47	1195.17
785.65	1192.41
785.84	1196.75
786.02	1193.80
786.21	1195.13
786.40	1189.34
786.58	1196.18
786.77	1189.62
786.95	1198.39
787.14	1198.14
787.32	1196.18
787.51	1195.30
787.70	1198.59
787.88	1198.21
788.07	1199.25
788.25	1197.02
788.44	1196.20
788.62	1193.31
788.81	1200.07
789.00	1185.34
789.18	1195.30
789.37	1195.52
789.55	1196.87
789.74	1196.75
789.92	1193.00
790.11	1198.16
790.29	1201.32
790.48	1193.49
790.67	1200.40
790.85	1192.20
791.04	1198.53
791.22	1188.33
791.41	1195.15
791.59	1191.94
791.78	1198.41
791.96	1189.56
792.15	1193.21
792.33	1188.48
792.52	1193.76
792.70	1188.01
792.89	1202.12
793.07	1188.87
793.26	1194.23
793.45	1191.57
793.63	1202.94
793.82	1192.84
794.00	1202.10
794.19	1194.01
794.37	1199.93
794.56	1189.11
794.74	1201.07
794.93	1198.27
795.11	1200.52
795.30	1189.99
795.48	1195.91
795.67	1187.72
795.85	1195.30
796.04	1186.37
796.22	1198.33
796.41	1188.19
796.59	1197.86
796.78	1192.31
796.96	1197.16
797.15	1183.56
797.33	1194.74
797.52	1190.61
797.70	1202.51
797.89	1189.19
798.07	1201.91
798.26	1189.30
798.44	1196.01
798.63	1189.93
798.81	1194.48
798.99	1193.04
799.18	1197.43
799.36	1188.74
799.55	1197.61
799.73	1187.84
799.92	1199.00
800.10	1193.04
800.29	1198.27
800.47	1193.19
800.66	1196.67
800.84	1188.89
801.03	1196.08
801.21	1182.25
801.39	1197.82
801.58	1200.42
801.76	1199.35
801.95	1196.69
802.13	1196.69
802.32	1197.14
802.50	1196.26
802.69	1185.47
802.87	1199.60
803.06	1188.60
803.24	1194.72
803.42	1193.04
803.61	1197.10
803.79	1187.74
803.98	1203.80
804.16	1188.35
804.35	1202.61
804.53	1194.17
804.71	1198.98
804.90	1189.13
805.08	1195.67
805.27	1184.55
805.45	1195.97
805.63	1194.58
805.82	1197.86
806.00	1188.48
806.19	1192.82
806.37	1199.64
806.56	1199.54
806.74	1194.33
806.92	1192.51
807.11	1193.37
807.29	1195.19
807.48	1196.20
807.66	1202.46
807.84	1196.63
808.03	1194.05
808.21	1193.80
808.40	1198.98
808.58	1197.16
808.76	1199.70
808.95	1189.77
809.13	1194.83
809.32	1184.91
809.50	1199.02
809.68	1186.82
809.87	1191.86
810.05	1194.29
810.23	1195.67
810.42	1194.91
810.60	1197.45
810.79	1188.54
810.97	1200.89
811.15	1198.66
811.34	1190.57
811.52	1193.15
811.70	1202.30
811.89	1190.34
812.07	1202.51
812.25	1179.65
812.44	1199.29
812.62	1190.30
812.81	1198.68
812.99	1195.11
813.17	1200.48
813.36	1188.31
813.54	1201.22
813.72	1193.35
813.91	1196.36
814.09	1188.01
814.27	1198.49
814.46	1194.97
814.64	1196.63
814.82	1194.35
815.01	1198.80
815.19	1198.86
815.37	1193.60
815.56	1195.28
815.74	1204.53
815.92	1192.04
816.11	1198.74
816.29	1198.14
816.47	1194.31
816.66	1189.89
816.84	1197.96
817.02	1196.57
817.21	1195.99
817.39	1193.82
817.57	1198.53
817.76	1197.02
817.94	1196.24
818.12	1189.79
818.30	1196.10
818.49	1197.96
818.67	1198.43
818.85	1188.76
819.04	1203.45
819.22	1187.54
819.40	1200.68
819.59	1194.48
819.77	1197.65
819.95	1190.81
820.13	1198.96
820.32	1189.36
820.50	1190.59
820.68	1196.81
820.87	1206.17
821.05	1193.39
821.23	1202.44
821.41	1189.81
821.60	1192.35
821.78	1190.03
821.96	1197.12
822.14	1191.18
822.33	1198.43
822.51	1186.84
822.69	1196.94
822.88	1197.80
823.06	1195.30
823.24	1189.44
823.42	1197.67
823.61	1191.69
823.79	1194.11
823.97	1188.09
824.15	1197.90
824.34	1187.94
824.52	1192.88
824.70	1194.48
824.88	1199.19
825.07	1192.90
825.25	1199.88
825.43	1189.13
825.61	1196.89
825.80	1189.09
825.98	1203.14
826.16	1188.83
826.34	1200.68
826.53	1187.58
826.71	1201.99
826.89	1190.73
827.07	1196.18
827.25	1190.59
827.44	1195.50
827.62	1194.66
827.80	1206.72
827.98	1187.35
828.17	1193.31
828.35	1190.77
828.53	1197.34
828.71	1191.24
828.89	1195.93
829.08	1190.18
829.26	1205.48
829.44	1195.03
829.62	1197.39
829.80	1180.06
829.99	1193.31
830.17	1192.08
830.35	1200.85
830.53	1193.66
830.71	1196.38
830.90	1191.75
831.08	1193.58
831.26	1190.71
831.44	1193.49
831.62	1198.33
831.81	1194.03
831.99	1187.25
832.17	1203.16
832.35	1196.89
832.53	1202.28
832.71	1187.72
832.90	1189.87
833.08	1194.97
833.26	1196.73
833.44	1191.36
833.62	1199.37
833.81	1199.74
833.99	1194.09
834.17	1188.42
834.35	1197.82
834.53	1194.64
834.71	1189.81
834.89	1188.85
835.08	1193.47
835.26	1189.46
835.44	1203.06
835.62	1197.57
835.80	1194.66
835.98	1193.54
836.17	1199.11
836.35	1188.93
836.53	1189.97
836.71	1193.04
836.89	1199.45
837.07	1188.85
837.25	1194.15
837.44	1185.14
837.62	1199.72
837.80	1190.46
837.98	1199.21
838.16	1201.09
838.34	1196.67
838.52	1195.38
838.70	1201.20
838.89	1188.80
839.07	1200.87
839.25	1188.27
839.43	1192.55
839.61	1197.18
839.79	1201.46
839.97	1200.05
840.15	1199.97
840.33	1191.04
840.52	1202.03
840.70	1193.54
840.88	1202.28
841.06	1187.88
841.24	1196.08
841.42	1192.39
841.60	1203.26
841.78	1193.19
841.96	1200.56
842.14	1193.90
842.33	1197.73
842.51	1190.55
842.69	1196.67
842.87	1185.75
843.05	1200.01
843.23	1194.17
843.41	1204.80
843.59	1191.24
843.77	1198.10
843.95	1192.16
844.13	1193.88
844.31	1189.21
844.49	1195.46
844.68	1193.11
844.86	1198.02
845.04	1191.47
845.22	1194.70
845.40	1188.85
845.58	1200.74
845.76	1189.89
845.94	1194.91
846.12	1193.39
846.30	1197.26
846.48	1191.65
846.66	1198.23
846.84	1193.00
847.02	1200.68
847.20	1191.41
847.38	1190.32
847.56	1188.21
847.74	1199.50
847.92	1190.87
848.11	1196.85
848.29	1194.66
848.47	1198.33
848.65	1190.91
848.83	1200.05
849.01	1185.22
849.19	1194.91
849.37	1192.88
849.55	1193.84
849.73	1196.75
849.91	1199.33
850.09	1192.78
850.27	1195.75
850.45	1197.00
850.63	1201.60
850.81	1187.23
850.99	1193.68
851.17	1198.33
851.35	1193.00
851.53	1196.73
851.71	1198.25
851.89	1198.06
852.07	1198.90
852.25	1198.27
852.43	1198.92
852.61	1194.35
852.79	1192.72
852.97	1190.63
853.15	1191.88
853.33	1189.93
853.51	1194.33
853.69	1193.25
853.87	1200.79
854.05	1197.41
854.23	1195.26
854.41	1195.95
854.59	1192.84
854.77	1198.66
854.95	1196.14
855.13	1193.11
855.31	1194.07
855.49	1189.91
855.67	1195.09
855.84	1185.51
856.02	1197.61
856.20	1193.17
856.38	1197.65
856.56	1189.38
856.74	1195.60
856.92	1195.05
857.10	1193.19
857.28	1192.63
857.46	1196.55
857.64	1187.25
857.82	1202.10
858.00	1192.31
858.18	1197.02
858.36	1195.71
858.54	1200.44
858.72	1195.89
858.90	1197.24
859.08	1194.89
859.25	1195.83
859.43	1193.04
859.61	1198.86
859.79	1190.22
859.97	1203.30
860.15	1190.42
860.33	1196.26
860.51	1192.00
860.69	1199.07
860.87	1195.42
861.05	1196.26
861.23	1189.42
861.41	1196.87
861.58	1181.94
861.76	1199.80
861.94	1189.30
862.12	1194.72
862.30	1195.58
862.48	1199.27
862.66	1186.41
862.84	1198.41
863.02	1193.31
863.20	1205.07
863.37	1193.33
863.55	1201.28
863.73	1197.71
863.91	1203.84
864.09	1194.74
864.27	1202.12
864.45	1192.14
864.63	1198.76
864.80	1192.68
864.98	1197.26
865.16	1189.32
865.34	1197.71
865.52	1194.81
865.70	1198.70
865.88	1197.20
866.06	1196.03
866.23	1198.21
866.41	1201.48
866.59	1189.07
866.77	1195.54
866.95	1195.15
867.13	1200.97
867.31	1192.61
867.48	1193.84
867.66	1190.22
867.84	1191.41
868.02	1185.71
868.20	1195.75
868.38	1188.72
868.56	1196.87
868.73	1197.10
868.91	1194.33
869.09	1192.10
869.27	1197.82
869.45	1194.21
869.63	1200.50
869.80	1195.34
869.98	1197.45
870.16	1189.69
870.34	1194.99
870.52	1191.04
870.70	1203.78
870.87	1189.03
871.05	1196.67
871.23	1199.09
871.41	1203.47
871.59	1192.23
871.76	1199.37
871.94	1193.02
872.12	1198.66
872.30	1191.90
872.48	1196.36
872.65	1186.92
872.83	1199.88
873.01	1193.27
873.19	1196.53
873.37	1192.66
873.54	1196.12
873.72	1187.31
873.90	1196.44
874.08	1198.86
874.26	1198.59
874.43	1196.10
874.61	1206.21
874.79	1192.66
874.97	1195.50
875.15	1189.95
875.32	1201.93
875.50	1194.54
875.68	1203.43
875.86	1192.66
876.03	1201.30
876.21	1194.21
876.39	1201.11
876.57	1190.28
876.74	1196.81
876.92	1192.53
877.10	1198.72
877.28	1190.38
877.45	1205.23
877.63	1194.13
877.81	1202.16
877.99	1187.25
878.17	1195.91
878.34	1189.87
878.52	1199.39
878.70	1191.10
878.87	1196.55
879.05	1186.68
879.23	1200.09
879.41	1194.40
879.58	1196.12
879.76	1196.44
879.94	1200.95
880.12	1192.59
880.29	1195.13
880.47	1191.57
880.65	1191.26
880.83	1190.83
881.00	1195.40
881.18	1185.65
881.36	1191.65
881.53	1190.55
881.71	1192.68
881.89	1200.23
882.07	1198.37
882.24	1192.37
882.42	1198.92
882.60	1193.00
882.77	1204.02
882.95	1197.41
883.13	1194.33
883.30	1195.44
883.48	1195.15
883.66	1190.36
883.84	1198.45
884.01	1193.92
884.19	1199.56
884.37	1189.46
884.54	1197.47
884.72	1192.68
884.90	1199.90
885.07	1183.52
885.25	1204.94
885.43	1186.06
885.60	1203.80
885.78	1190.50
885.96	1195.09
886.13	1188.33
886.31	1204.04
886.49	1193.64
886.66	1202.65
886.84	1196.38
887.02	1193.97
887.19	1195.46
887.37	1195.87
887.55	1192.04
887.72	1197.39
887.90	1191.55
888.08	1200.48
888.25	1188.23
888.43	1198.80
888.61	1189.44
888.78	1201.38
888.96	1192.49
889.14	1199.11
889.31	1192.66
889.49	1195.69
889.67	1185.30
889.84	1198.70
890.02	1192.59
890.19	1201.05
890.37	1196.16
890.55	1204.80
890.72	1194.33
890.90	1197.41
891.08	1185.63
891.25	1202.14
891.43	1187.92
891.60	1199.35
891.78	1190.05
891.96	1202.40
892.13	1192.59
892.31	1207.89
892.48	1198.06
892.66	1203.08
892.84	1189.62
893.01	1205.56
893.19	1190.63
893.36	1196.57
893.54	1200.48
893.72	1192.59
893.89	1193.35
894.07	1203.78
894.24	1191.04
894.42	1213.73
894.60	1197.14
894.77	1203.32
894.95	1193.72
895.12	1199.99
895.30	1188.64
895.48	1197.63
895.65	1184.57
895.83	1194.35
896.00	1195.67
896.18	1198.06
896.35	1196.53
896.53	1202.24
896.71	1189.75
896.88	1197.43
897.06	1196.69
897.23	1187.62
897.41	1188.91
897.58	1200.44
897.76	1194.91
897.93	1197.24
898.11	1195.26
898.29	1202.22
898.46	1187.51
898.64	1199.27
898.81	1192.98
898.99	1203.04
899.16	1190.87
899.34	1191.57
899.51	1189.73
899.69	1199.62
899.86	1194.85
900.04	1200.77
900.21	1187.92
900.39	1201.60
900.57	1188.50
900.74	1199.00
900.92	1190.57
901.09	1198.86
901.27	1185.28
901.44	1199.76
901.62	1194.74
901.79	1204.66
901.97	1189.99
902.14	1194.85
902.32	1190.87
902.49	1203.59
902.67	1194.68
902.84	1201.03
903.02	1199.13
903.19	1194.89
903.37	1187.82
903.54	1201.75
903.72	1189.28
903.89	1195.52
904.07	1191.22
904.24	1197.08
904.42	1184.57
904.59	1199.82
904.77	1192.43
904.94	1203.45
905.12	1195.93
905.29	1197.26
905.47	1198.66
905.64	1196.30
905.82	1184.73
905.99	1195.01
906.16	1186.92
906.34	1194.97
906.51	1193.09
906.69	1197.55
906.86	1188.72
907.04	1193.90
907.21	1197.92
907.39	1202.44
907.56	1195.24
907.74	1198.02
907.91	1199.35
908.09	1193.70
908.26	1196.57
908.43	1197.26
908.61	1184.36
908.78	1191.55
908.96	1191.47
909.13	1201.69
909.31	1187.08
909.48	1191.02
909.65	1189.54
909.83	1194.11
910.00	1193.90
910.18	1198.90
910.35	1199.84
910.53	1198.14
910.70	1194.52
910.87	1207.63
911.05	1199.00
911.22	1194.83
911.40	1194.52
911.57	1202.53
911.75	1190.93
911.92	1197.18
912.09	1194.11
912.27	1203.49
912.44	1193.00
912.62	1200.36
912.79	1197.59
912.96	1203.55
913.14	1188.44
913.31	1199.33
913.49	1192.45
913.66	1198.53
913.83	1193.52
914.01	1195.87
914.18	1188.91
914.36	1196.63
914.53	1194.25
914.70	1205.02
914.88	1196.38
915.05	1194.46
915.22	1190.98
915.40	1199.54
915.57	1185.81
915.75	1197.61
915.92	1186.92
916.09	1195.71
916.27	1190.50
916.44	1201.22
916.61	1193.99
916.79	1200.79
916.96	1192.88
917.13	1194.76
917.31	1196.32
917.48	1200.91
917.66	1187.35
917.83	1202.08
918.00	1194.38
918.18	1202.61
918.35	1194.70
918.52	1197.51
918.70	1188.87
918.87	1195.30
919.04	1189.93
919.22	1199.19
919.39	1193.25
919.56	1194.91
919.74	1196.69
919.91	1199.09
920.08	1190.20
920.26	1194.62
920.43	1195.15
920.60	1200.52
920.78	1194.33
920.95	1191.57
921.12	1191.04
921.29	1192.00
921.47	1190.83
921.64	1193.29
921.81	1193.78
921.99	1197.34
922.16	1193.25
922.33	1194.35
922.51	1193.02
922.68	1199.97
922.85	1191.28
923.03	1193.25
923.20	1183.79
923.37	1192.59
923.54	1199.84
923.72	1194.95
923.89	1189.97
924.06	1197.88
924.24	1188.15
924.41	1194.25
924.58	1188.44
924.75	1200.42
924.93	1199.88
925.10	1194.62
925.27	1193.56
925.44	1199.11
925.62	1190.85
925.79	1201.46
925.96	1194.78
926.14	1191.41
926.31	1196.34
926.48	1199.82
926.65	1191.59
926.83	1194.56
927.00	1199.64
927.17	1195.44
927.34	1187.99
927.52	1197.28
927.69	1190.65
927.86	1197.14
928.03	1190.44
928.21	1201.09
928.38	1188.09
928.55	1194.35
928.72	1192.80
928.89	1197.61
929.07	1194.70
929.24	1193.45
929.41	1186.41
929.58	1203.67
929.76	1191.69
929.93	1199.58
930.10	1186.72
930.27	1198.33
930.44	1188.05
930.62	1197.16
930.79	1191.20
930.96	1200.58
931.13	1192.84
931.31	1195.56
931.48	1185.49
931.65	1205.05
931.82	1188.56
931.99	1193.95
932.17	1192.14
932.34	1198.14
932.51	1191.55
932.68	1199.95
932.85	1200.19
933.03	1196.51
933.20	1191.86
933.37	1194.99
933.54	1187.66
933.71	1198.16
933.88	1192.55
934.06	1198.16
934.23	1195.07
934.40	1200.74
934.57	1190.63
934.74	1198.59
934.91	1190.75
935.09	1194.01
935.26	1191.30
935.43	1193.58
935.60	1189.73
935.77	1198.23
935.94	1193.21
936.12	1196.67
936.29	1193.72
936.46	1195.60
936.63	1191.71
936.80	1197.20
936.97	1187.60
937.14	1199.39
937.32	1192.35
937.49	1197.30
937.66	1192.04
937.83	1199.33
938.00	1186.06
938.17	1195.34
938.34	1183.77
938.52	1194.76
938.69	1191.39
938.86	1205.19
939.03	1193.04
939.20	1197.57
939.37	1192.02
939.54	1203.04
939.71	1189.44
939.89	1200.95
940.06	1193.62
940.23	1197.08
940.40	1198.06
940.57	1197.69
940.74	1189.21
940.91	1200.23
941.08	1194.58
941.25	1196.98
941.43	1194.78
941.60	1197.10
941.77	1188.93
941.94	1202.03
942.11	1193.27
942.28	1199.37
942.45	1191.20
942.62	1197.88
942.79	1184.69
942.96	1197.92
943.13	1193.09
943.30	1199.56
943.48	1195.54
943.65	1206.50
943.82	1192.47
943.99	1198.88
944.16	1193.58
944.33	1197.08
944.50	1190.48
944.67	1197.49
944.84	1196.77
945.01	1198.82
945.18	1193.58
945.35	1201.15
945.52	1185.90
945.69	1204.25
945.86	1197.10
946.03	1196.73
946.21	1198.72
946.38	1199.27
946.55	1200.54
946.72	1202.06
946.89	1197.61
947.06	1194.27
947.23	1201.85
947.40	1199.31
947.57	1189.64
947.74	1190.98
947.91	1190.32
948.08	1195.52
948.25	1190.81
948.42	1192.45
948.59	1192.59
948.76	1193.99
948.93	1194.01
949.10	1193.11
949.27	1194.19
949.44	1197.04
949.61	1188.74
949.78	1202.06
949.95	1191.94
950.12	1198.16
950.29	1184.24
950.46	1197.20
950.63	1190.81
950.80	1195.91
950.97	1185.30
951.14	1200.05
951.31	1188.03
951.48	1202.46
951.65	1195.05
951.82	1194.76
951.99	1192.68
952.16	1199.88
952.33	1184.55
952.50	1197.10
952.67	1193.90
952.84	1192.72
953.01	1191.32
953.18	1188.42
953.35	1187.45
953.52	1198.31
953.69	1192.94
953.86	1203.41
954.03	1196.67
954.20	1194.50
954.37	1201.07
954.54	1198.59
954.70	1192.18
954.87	1195.48
955.04	1199.13
955.21	1196.44
955.38	1188.85
955.55	1192.63
955.72	1193.56
955.89	1196.79
956.06	1195.01
956.23	1197.24
956.40	1186.55
956.57	1197.55
956.74	1190.73
956.91	1195.81
957.08	1190.26
957.25	1196.59
957.41	1190.32
957.58	1197.63
957.75	1189.64
957.92	1196.61
958.09	1197.67
958.26	1197.28
958.43	1194.09
958.60	1205.29
958.77	1195.91
958.94	1197.96
959.11	1188.40
959.27	1201.95
959.44	1194.15
959.61	1193.17
959.78	1189.01
959.95	1195.26
960.12	1190.16
960.29	1203.37
960.46	1190.14
960.63	1203.96
960.80	1197.45
960.96	1200.46
961.13	1196.40
961.30	1192.63
961.47	1193.09
961.64	1197.49
961.81	1198.12
961.98	1195.42
962.15	1197.47
962.31	1196.10
962.48	1194.62
962.65	1203.73
962.82	1191.71
962.99	1201.13
963.16	1187.70
963.33	1204.49
963.49	1191.00
963.66	1198.18
963.83	1194.97
964.00	1196.34
964.17	1193.80
964.34	1203.51
964.51	1189.58
964.67	1204.51
964.84	1194.23
965.01	1217.27
965.18	1190.98
965.35	1197.49
965.52	1188.31
965.68	1205.17
965.85	1189.32
966.02	1197.16
966.19	1189.21
966.36	1197.20
966.52	1191.96
966.69	1195.73
966.86	1188.91
967.03	1196.67
967.20	1194.60
967.37	1200.83
967.53	1190.26
967.70	1195.13
967.87	1189.48
968.04	1195.77
968.21	1187.60
968.37	1194.83
968.54	1188.64
968.71	1195.67
968.88	1189.42
969.05	1194.54
969.21	1183.77
969.38	1197.37
969.55	1192.94
969.72	1199.23
969.89	1188.99
970.05	1198.23
970.22	1193.80
970.39	1191.86
970.56	1194.09
970.72	1199.39
970.89	1195.77
971.06	1197.57
971.23	1186.72
971.39	1193.23
971.56	1185.88
971.73	1193.86
971.90	1199.07
972.07	1190.61
972.23	1195.42
972.40	1198.21
972.57	1184.52
972.74	1204.66
972.90	1188.83
973.07	1195.67
973.24	1188.33
973.40	1201.17
973.57	1196.61
973.74	1194.19
973.91	1192.70
974.07	1194.62
974.24	1191.57
974.41	1200.56
974.58	1199.41
974.74	1205.58
974.91	1191.22
975.08	1196.22
975.25	1188.25
975.41	1194.25
975.58	1189.54
975.75	1198.64
975.91	1189.23
976.08	1198.00
976.25	1191.69
976.42	1201.97
976.58	1195.30
976.75	1191.75
976.92	1181.33
977.08	1188.97
977.25	1188.72
977.42	1198.12
977.58	1195.67
977.75	1187.49
977.92	1189.69
978.08	1194.72
978.25	1189.91
978.42	1199.93
978.59	1193.58
978.75	1196.53
978.92	1201.58
979.09	1201.75
979.25	1193.70
979.42	1200.95
979.59	1187.41
979.75	1200.56
979.92	1192.37
980.09	1197.24
980.25	1192.18
980.42	1202.79
980.59	1193.15
980.75	1198.94
980.92	1199.23
981.09	1194.01
981.25	1197.86
981.42	1197.08
981.59	1189.52
981.75	1198.31
981.92	1190.10
982.08	1197.00
982.25	1194.15
982.42	1199.13
982.58	1184.40
982.75	1195.81
982.92	1188.74
983.08	1195.22
983.25	1192.72
983.42	1195.07
983.58	1194.38
983.75	1194.60
983.91	1193.33
984.08	1198.90
984.25	1193.11
984.41	1194.62
984.58	1196.48
984.74	1200.64
984.91	1191.36
985.08	1199.80
985.24	1191.75
985.41	1199.99
985.57	1195.07
985.74	1199.50
985.91	1193.21
986.07	1204.43
986.24	1194.38
986.40	1194.91
986.57	1192.59
986.74	1197.53
986.90	1190.85
987.07	1197.63
987.23	1197.86
987.40	1196.85
987.57	1195.28
987.73	1199.62
987.90	1196.73
988.06	1197.14
988.23	1190.48
988.39	1200.66
988.56	1188.50
988.73	1201.24
988.89	1192.27
989.06	1194.66
989.22	1197.90
989.39	1198.41
989.55	1190.14
989.72	1199.39
989.88	1187.92
990.05	1206.38
990.22	1193.72
990.38	1202.34
990.55	1187.37
990.71	1195.05
990.88	1195.26
991.04	1198.45
991.21	1197.14
991.37	1195.05
991.54	1200.44
991.70	1199.09
991.87	1196.14
992.03	1200.56
992.20	1203.32
992.36	1195.28
992.53	1193.95
992.69	1197.39
992.86	1191.55
993.03	1197.28
993.19	1190.73
993.36	1206.87
993.52	1191.59
993.69	1201.54
993.85	1195.91
994.02	1194.35
994.18	1195.15
994.35	1199.17
994.51	1191.86
994.68	1206.48
994.84	1188.19
995.01	1203.06
995.17	1191.92
995.34	1203.08
995.50	1189.15
995.66	1196.67
995.83	1194.83
995.99	1196.67
996.16	1188.68
996.32	1194.87
996.49	1189.54
996.65	1189.42
996.82	1191.79
996.98	1193.58
997.15	1192.80
997.31	1205.48
997.48	1191.02
997.64	1197.34
997.81	1192.45
997.97	1192.37
998.13	1190.03
998.30	1198.82
998.46	1191.18
998.63	1197.71
998.79	1188.25
998.96	1196.44
999.12	1188.62
999.29	1196.48
999.45	1186.78
999.61	1199.78
999.78	1195.46
999.94	1197.55
1000.11	1190.42
1000.27	1199.27
1000.44	1192.63
1000.60	1200.70
1000.76	1190.59
1000.93	1203.39
1001.09	1198.88
1001.26	1200.58
1001.42	1189.01
1001.59	1204.02
1001.75	1195.11
1001.91	1193.78
1002.08	1197.06
1002.24	1203.45
1002.41	1191.00
1002.57	1194.13
1002.73	1189.83
1002.90	1193.25
1003.06	1188.37
1003.23	1197.08
1003.39	1193.62
1003.55	1199.90
1003.72	1192.66
1003.88	1195.83
1004.04	1189.81
1004.21	1195.99
1004.37	1190.61
1004.54	1196.98
1004.70	1194.40
1004.86	1197.86
1005.03	1191.96
1005.19	1200.74
1005.35	1193.66
1005.52	1204.19
1005.68	1193.72
1005.85	1193.62
1006.01	1187.86
1006.17	1200.17
1006.34	1188.56
1006.50	1202.20
1006.66	1186.65
1006.83	1203.10
1006.99	1191.45
1007.15	1185.67
1007.32	1191.96
1007.48	1191.94
1007.64	1195.52
1007.81	1195.11
1007.97	1188.42
1008.13	1199.43
1008.30	1189.91
1008.46	1203.12
1008.62	1188.80
1008.79	1194.52
1008.95	1190.75
1009.11	1198.45
1009.28	1189.01
1009.44	1196.89
1009.60	1192.35
1009.77	1201.30
1009.93	1194.27
1010.09	1195.89
1010.25	1191.61
1010.42	1203.73
1010.58	1193.80
1010.74	1200.77
1010.91	1193.72
1011.07	1199.76
1011.23	1187.04
1011.40	1195.01
1011.56	1194.78
1011.72	1199.64
1011.88	1197.49
1012.05	1197.51
1012.21	1192.68
1012.37	1199.07
1012.54	1194.83
1012.70	1201.09
1012.86	1192.45
1013.02	1201.50
1013.19	1192.55
1013.35	1202.42
1013.51	1195.07
1013.67	1194.35
1013.84	1197.14
1014.00	1194.33
1014.16	1196.16
1014.33	1200.07
1014.49	1191.00
1014.65	1205.80
1014.81	1198.12
1014.98	1198.98
1015.14	1191.57
1015.30	1197.45
1015.46	1197.26
1015.62	1199.31
1015.79	1197.16
1015.95	1194.13
1016.11	1190.85
1016.27	1193.04
1016.44	1193.27
1016.60	1199.29
1016.76	1193.74
1016.92	1194.05
1017.09	1187.84
1017.25	1192.41
1017.41	1195.11
1017.57	1199.52
1017.73	1188.35
1017.90	1201.58
1018.06	1191.08
1018.22	1190.57
1018.38	1190.14
1018.54	1194.81
1018.71	1192.23
1018.87	1194.64
1019.03	1193.00
1019.19	1195.42
1019.35	1190.53
1019.52	1197.30
1019.68	1186.10
1019.84	1197.16
1020.00	1195.83
1020.16	1202.69
1020.33	1187.68
1020.49	1197.41
1020.65	1189.26
1020.81	1197.28
1020.97	1185.73
1021.13	1204.06
1021.30	1191.41
1021.46	1201.48
1021.62	1197.73
1021.78	1193.02
1021.94	1188.48
1022.10	1195.83
1022.27	1194.93
1022.43	1202.53
1022.59	1192.41
1022.75	1202.51
1022.91	1194.85
1023.07	1204.62
1023.24	1194.42
1023.40	1200.17
1023.56	1192.68
1023.72	1203.96
1023.88	1191.86
1024.04	1198.80
1024.20	1192.16
1024.36	1195.71
1024.53	1182.72
1024.69	1199.41
1024.85	1191.06
1025.01	1201.99
1025.17	1185.24
1025.33	1201.42
1025.49	1191.16
1025.65	1195.11
1025.82	1191.49
1025.98	1195.97
1026.14	1186.57
1026.30	1201.01
1026.46	1190.81
1026.62	1201.83
1026.78	1181.86
1026.94	1201.30
1027.10	1192.12
1027.26	1195.73
1027.43	1194.54
1027.59	1198.98
1027.75	1190.28
1027.91	1197.41
1028.07	1195.65
1028.23	1198.84
1028.39	1190.18
1028.55	1202.92
1028.71	1195.83
1028.87	1194.17
1029.03	1189.89
1029.19	1195.91
1029.36	1198.39
1029.52	1200.05
1029.68	1191.51
1029.84	1203.71
1030.00	1192.82
1030.16	1202.28
1030.32	1191.90
1030.48	1196.96
1030.64	1195.34
1030.80	1200.91
1030.96	1192.23
1031.12	1198.61
1031.28	1187.00
1031.44	1198.80
1031.60	1192.08
1031.76	1197.12
1031.92	1198.80
1032.08	1212.85
1032.24	1190.87
1032.40	1199.47
1032.56	1189.54
1032.73	1201.93
1032.89	1196.98
1033.05	1199.74
1033.21	1192.92
1033.37	1200.03
1033.53	1188.29
1033.69	1202.89
1033.85	1185.16
1034.01	1196.22
1034.17	1188.60
1034.33	1196.91
1034.49	1194.97
1034.65	1193.97
1034.81	1179.94
1034.97	1197.80
1035.13	1194.23
1035.29	1196.34
1035.45	1189.15
1035.61	1200.62
1035.77	1194.91
1035.93	1198.10
1036.09	1186.88
1036.25	1199.70
1036.41	1191.77
1036.57	1203.57
1036.73	1185.38
1036.88	1198.49
1037.04	1194.31
