345.52	1197.63
345.73	1197.63
345.94	1197.63
346.16	1190.07
346.37	1194.58
346.58	1203.71
346.79	1199.37
347.00	1198.18
347.22	1206.54
347.43	1194.31
347.64	1198.82
347.85	1201.91
348.06	1205.45
348.28	1198.76
348.49	1207.15
348.70	1194.17
348.91	1202.42
349.12	1202.20
349.34	1204.66
349.55	1194.85
349.76	1206.34
349.97	1200.09
350.18	1210.04
350.40	1202.49
350.61	1211.52
350.82	1200.83
351.03	1208.85
351.24	1196.81
351.46	1204.33
351.67	1195.01
351.88	1204.47
352.09	1205.97
352.30	1206.85
352.51	1198.18
352.73	1212.42
352.94	1197.73
353.15	1209.57
353.36	1200.60
353.57	1207.28
353.79	1197.71
354.00	1209.88
354.21	1210.57
354.42	1208.81
354.63	1197.71
354.84	1201.46
355.06	1202.65
355.27	1204.33
355.48	1198.41
355.69	1200.99
355.90	1199.00
356.11	1211.60
356.33	1195.15
356.54	1211.27
356.75	1198.02
356.96	1211.11
357.17	1201.71
357.38	1200.77
357.60	1204.59
357.81	1211.00
358.02	1205.78
358.23	1211.11
358.44	1198.33
358.65	1206.42
358.87	1201.09
359.08	1201.97
359.29	1197.06
359.50	1202.89
359.71	1200.17
359.92	1206.52
360.13	1203.24
360.35	1209.06
360.56	1200.58
360.77	1207.01
360.98	1201.30
361.19	1208.75
361.40	1201.58
361.62	1204.19
361.83	1203.86
362.04	1201.75
362.25	1200.52
362.46	1215.55
362.67	1194.52
362.88	1210.84
363.10	1206.58
363.31	1204.33
363.52	1202.65
363.73	1210.68
363.94	1203.53
364.15	1210.98
364.36	1205.15
364.57	1207.99
364.79	1201.46
365.00	1211.13
365.21	1204.12
365.42	1211.72
365.63	1207.85
365.84	1218.97
366.05	1201.99
366.27	1208.20
366.48	1194.33
366.69	1212.46
366.90	1206.95
367.11	1208.42
367.32	1207.79
367.53	1207.79
367.74	1207.83
367.95	1213.36
368.17	1213.18
368.38	1208.61
368.59	1208.10
368.80	1207.18
369.01	1203.16
369.22	1209.18
369.43	1200.48
369.64	1209.22
369.86	1197.90
370.07	1202.38
370.28	1199.27
370.49	1209.88
370.70	1209.08
370.91	1209.94
371.12	1206.97
371.33	1204.00
371.54	1203.37
371.76	1206.75
371.97	1201.93
372.18	1202.63
372.39	1205.86
372.60	1213.18
372.81	1206.32
373.02	1210.25
373.23	1194.29
373.44	1210.74
373.65	1198.59
373.87	1211.50
374.08	1198.78
374.29	1209.31
374.50	1204.78
374.71	1208.92
374.92	1210.84
375.13	1203.76
375.34	1201.48
375.55	1202.38
375.76	1201.95
375.97	1207.81
376.19	1210.12
376.40	1205.66
376.61	1210.10
376.82	1211.58
377.03	1199.45
377.24	1205.13
377.45	1208.94
377.66	1207.18
377.87	1193.92
378.08	1206.85
378.29	1204.94
378.50	1208.51
378.71	1202.18
378.93	1207.50
379.14	1207.93
379.35	1206.46
379.56	1198.92
379.77	1213.85
379.98	1201.87
380.19	1206.85
380.40	1203.08
380.61	1211.29
380.82	1208.30
381.03	1215.82
381.24	1199.50
381.45	1207.15
381.66	1200.72
381.88	1218.58
382.09	1197.47
382.30	1211.13
382.51	1204.25
382.72	1210.23
382.93	1204.14
383.14	1209.74
383.35	1204.49
383.56	1211.39
383.77	1203.55
383.98	1209.78
384.19	1204.29
384.40	1209.84
384.61	1203.96
384.82	1206.60
385.03	1198.21
385.24	1210.82
385.45	1200.87
385.67	1208.12
385.88	1199.25
386.09	1212.99
386.30	1199.50
386.51	1206.19
386.72	1206.46
386.93	1218.68
387.14	1205.52
387.35	1211.41
387.56	1203.90
387.77	1207.95
387.98	1203.61
388.19	1214.38
388.40	1209.53
388.61	1211.13
388.82	1200.38
389.03	1211.76
389.24	1205.41
389.45	1205.11
389.66	1209.16
389.87	1212.91
390.08	1213.73
390.29	1210.76
390.50	1209.31
390.71	1209.49
390.92	1204.41
391.13	1214.10
391.34	1200.15
391.55	1205.50
391.76	1201.34
391.98	1202.87
392.19	1201.69
392.40	1212.09
392.61	1215.61
392.82	1210.27
393.03	1208.59
393.24	1215.72
393.45	1203.84
393.66	1216.43
393.87	1205.62
394.08	1211.87
394.29	1209.28
394.50	1210.96
394.71	1200.21
394.92	1209.57
395.13	1206.58
395.34	1205.23
395.55	1200.05
395.76	1211.37
395.97	1204.23
396.18	1215.14
396.39	1204.98
396.60	1219.32
396.81	1210.49
397.02	1213.56
397.23	1203.57
397.44	1214.67
397.65	1205.19
397.86	1208.81
398.07	1206.07
398.28	1206.34
398.49	1208.34
398.70	1213.38
398.91	1202.96
399.12	1211.50
399.33	1201.79
399.54	1207.52
399.75	1206.75
399.96	1208.14
400.17	1208.65
400.38	1208.24
400.59	1201.30
400.80	1209.51
401.01	1195.11
401.22	1210.90
401.42	1202.46
401.63	1208.47
401.84	1206.87
402.05	1210.17
402.26	1207.93
402.47	1218.62
402.68	1201.30
402.89	1204.92
403.10	1205.41
403.31	1207.18
403.52	1202.16
403.73	1214.51
403.94	1202.73
404.15	1203.22
404.36	1209.86
404.57	1210.72
404.78	1199.13
404.99	1209.26
405.20	1204.14
405.41	1210.43
405.62	1209.67
405.83	1214.67
406.04	1207.24
406.25	1208.42
406.46	1207.75
406.67	1215.57
406.88	1201.20
407.09	1210.94
407.30	1205.99
407.50	1218.46
407.71	1202.98
407.92	1212.97
408.13	1207.32
408.34	1204.31
408.55	1205.02
408.76	1207.95
408.97	1209.39
409.18	1210.98
409.39	1206.11
409.60	1204.62
409.81	1208.01
410.02	1207.38
410.23	1205.05
410.44	1212.07
410.65	1206.97
410.86	1207.20
411.07	1203.78
411.27	1215.53
411.48	1205.56
411.69	1212.70
411.90	1204.70
412.11	1206.52
412.32	1204.68
412.53	1209.82
412.74	1202.46
412.95	1212.73
413.16	1198.10
413.37	1209.51
413.58	1206.91
413.79	1214.79
414.00	1208.59
414.20	1209.26
414.41	1206.75
414.62	1206.50
414.83	1207.36
415.04	1203.51
415.25	1199.11
415.46	1212.73
415.67	1205.02
415.88	1198.06
416.09	1207.77
416.30	1211.13
416.51	1205.02
416.71	1206.87
416.92	1201.71
417.13	1209.04
417.34	1205.11
417.55	1207.77
417.76	1204.00
417.97	1214.73
418.18	1201.81
418.39	1211.97
418.60	1202.53
418.81	1212.19
419.01	1203.16
419.22	1209.94
419.43	1199.45
419.64	1213.18
419.85	1202.67
420.06	1205.35
420.27	1207.15
420.48	1211.91
420.69	1207.38
420.90	1211.31
421.10	1199.00
421.31	1213.16
421.52	1205.45
421.73	1205.76
421.94	1199.54
422.15	1214.59
422.36	1209.43
422.57	1209.61
422.78	1205.56
422.98	1209.08
423.19	1199.78
423.40	1213.38
423.61	1204.33
423.82	1210.78
424.03	1209.84
424.24	1211.82
424.45	1209.33
424.65	1209.41
424.86	1199.43
425.07	1201.05
425.28	1208.28
425.49	1206.23
425.70	1200.07
425.91	1208.47
426.12	1206.01
426.32	1202.32
426.53	1207.97
426.74	1210.68
426.95	1205.66
427.16	1211.64
427.37	1203.49
427.58	1210.64
427.78	1203.49
427.99	1208.30
428.20	1211.07
428.41	1214.55
428.62	1200.03
428.83	1210.72
429.04	1203.18
429.24	1216.82
429.45	1199.97
429.66	1207.63
429.87	1206.54
430.08	1207.52
430.29	1206.85
430.50	1205.39
430.70	1201.85
430.91	1210.78
431.12	1202.63
431.33	1203.12
431.54	1204.45
431.75	1213.44
431.96	1215.33
432.16	1218.11
432.37	1197.51
432.58	1207.58
432.79	1206.01
433.00	1211.58
433.21	1206.60
433.41	1212.42
433.62	1204.90
433.83	1208.63
434.04	1201.15
434.25	1208.85
434.46	1199.35
434.66	1210.92
434.87	1210.78
435.08	1206.62
435.29	1204.29
435.50	1208.06
435.71	1202.51
435.91	1200.56
436.12	1206.75
436.33	1205.54
436.54	1212.87
436.75	1211.35
436.95	1202.83
437.16	1212.30
437.37	1195.28
437.58	1213.56
437.79	1205.35
438.00	1214.42
438.20	1206.48
438.41	1211.60
438.62	1199.25
438.83	1207.28
439.04	1206.15
439.24	1207.24
439.45	1200.15
439.66	1211.95
439.87	1200.91
440.08	1215.84
440.28	1205.58
440.49	1205.64
440.70	1207.63
440.91	1206.93
441.12	1204.29
441.32	1212.52
441.53	1204.72
441.74	1203.51
441.95	1206.77
442.16	1206.23
442.36	1205.70
442.57	1210.98
442.78	1204.74
442.99	1210.98
443.20	1203.53
443.40	1207.75
443.61	1200.07
443.82	1208.79
444.03	1198.82
444.24	1205.84
444.44	1197.73
444.65	1213.05
444.86	1206.68
445.07	1211.66
445.27	1203.26
445.48	1212.73
445.69	1200.60
445.90	1208.79
446.11	1198.92
446.31	1215.43
446.52	1204.74
446.73	1213.26
446.94	1205.82
447.14	1212.56
447.35	1207.34
447.56	1214.42
447.77	1211.31
447.97	1209.92
448.18	1207.63
448.39	1210.53
448.60	1205.37
448.81	1212.64
449.01	1194.81
449.22	1213.85
449.43	1200.81
449.64	1209.86
449.84	1203.08
450.05	1214.73
450.26	1204.80
450.47	1213.99
450.67	1206.13
450.88	1208.14
451.09	1208.14
451.30	1211.09
451.50	1208.92
451.71	1210.53
451.92	1202.44
452.13	1213.32
452.33	1200.23
452.54	1218.89
452.75	1208.94
452.96	1215.10
453.16	1205.56
453.37	1206.99
453.58	1199.11
453.79	1214.34
453.99	1206.77
454.20	1203.08
454.41	1198.78
454.61	1204.59
454.82	1202.79
455.03	1213.61
455.24	1200.42
455.44	1205.99
455.65	1202.59
455.86	1211.58
456.07	1202.63
456.27	1212.23
456.48	1201.77
456.69	1217.19
456.90	1205.88
457.10	1211.23
457.31	1205.37
457.52	1207.24
457.72	1209.80
457.93	1212.81
458.14	1208.94
458.35	1211.60
458.55	1206.07
458.76	1199.76
458.97	1205.60
459.17	1209.18
459.38	1204.04
459.59	1208.18
459.80	1201.46
460.00	1208.63
460.21	1212.36
460.42	1205.23
460.62	1200.46
460.83	1213.30
461.04	1206.25
461.25	1214.98
461.45	1203.47
461.66	1210.49
461.87	1208.08
462.07	1209.35
462.28	1199.99
462.49	1208.98
462.69	1215.20
462.90	1210.96
463.11	1202.65
463.31	1210.06
463.52	1205.64
463.73	1213.28
463.94	1197.16
464.14	1199.31
464.35	1209.76
464.56	1213.69
464.76	1211.29
464.97	1216.43
465.18	1209.88
465.38	1204.74
465.59	1206.21
465.80	1215.94
466.00	1202.83
466.21	1209.74
466.42	1201.87
466.62	1210.00
466.83	1201.87
467.04	1215.67
467.24	1200.81
467.45	1203.39
467.66	1203.28
467.86	1209.69
468.07	1203.49
468.28	1207.71
468.48	1201.93
468.69	1211.41
468.90	1201.67
469.10	1208.20
469.31	1203.71
469.52	1203.69
469.72	1204.94
469.93	1212.13
470.14	1200.97
470.34	1213.22
470.55	1203.24
470.76	1208.71
470.96	1208.24
471.17	1213.34
471.38	1204.64
471.58	1212.48
471.79	1204.19
472.00	1217.25
472.20	1206.44
472.41	1205.17
472.62	1199.68
472.82	1216.35
473.03	1200.66
473.24	1214.73
473.44	1210.04
473.65	1214.79
473.85	1204.59
474.06	1204.04
474.27	1195.87
474.47	1212.48
474.68	1204.43
474.89	1209.59
475.09	1204.74
475.30	1212.25
475.51	1204.78
475.71	1217.82
475.92	1207.07
476.12	1215.08
476.33	1209.18
476.54	1210.39
476.74	1204.14
476.95	1211.93
477.16	1206.38
477.36	1208.85
477.57	1202.69
477.77	1205.56
477.98	1205.58
478.19	1209.94
478.39	1202.83
478.60	1215.39
478.81	1210.23
479.01	1211.23
479.22	1204.35
479.42	1207.58
479.63	1211.54
479.84	1201.73
480.04	1206.01
480.25	1211.62
480.45	1204.31
480.66	1204.62
480.87	1203.10
481.07	1211.68
481.28	1203.43
481.48	1210.41
481.69	1203.04
481.90	1212.66
482.10	1195.36
482.31	1207.91
482.51	1206.11
482.72	1211.39
482.93	1195.26
483.13	1211.27
483.34	1203.61
483.54	1209.71
483.75	1207.75
483.96	1203.96
484.16	1207.26
484.37	1215.67
484.57	1199.72
484.78	1219.85
484.99	1206.95
485.19	1210.39
485.40	1209.55
485.60	1208.44
485.81	1206.21
486.01	1206.66
486.22	1211.09
486.43	1210.74
486.63	1200.05
486.84	1211.60
487.04	1203.47
487.25	1210.10
487.46	1209.33
487.66	1204.43
487.87	1208.85
488.07	1208.92
488.28	1208.49
488.48	1204.57
488.69	1213.63
488.89	1208.96
489.10	1204.25
489.31	1215.39
489.51	1206.83
489.72	1207.18
489.92	1205.25
490.13	1207.91
490.33	1204.90
490.54	1215.59
490.75	1209.20
490.95	1217.64
491.16	1203.04
491.36	1209.43
491.57	1202.55
491.77	1211.95
491.98	1205.97
492.18	1207.46
492.39	1204.98
492.59	1211.91
492.80	1207.63
493.01	1216.23
493.21	1203.32
493.42	1204.12
493.62	1210.06
493.83	1206.62
494.03	1207.30
494.24	1209.10
494.44	1203.43
494.65	1208.49
494.85	1201.46
495.06	1210.57
495.26	1203.98
495.47	1211.35
495.68	1198.21
495.88	1217.19
496.09	1201.87
496.29	1224.32
496.50	1206.85
496.70	1214.75
496.91	1205.43
497.11	1208.38
497.32	1206.52
497.52	1208.28
497.73	1203.94
497.93	1214.20
498.14	1212.66
498.34	1211.33
498.55	1197.80
498.75	1214.40
498.96	1205.72
499.16	1211.00
499.37	1205.52
499.57	1212.64
499.78	1203.67
499.98	1199.25
500.19	1210.90
500.39	1203.35
500.60	1205.41
500.80	1207.71
501.01	1202.59
501.21	1207.07
501.42	1200.87
501.62	1212.09
501.83	1210.49
502.03	1210.04
502.24	1206.50
502.44	1210.10
502.65	1209.63
502.85	1209.45
503.06	1203.94
503.26	1208.06
503.47	1202.83
503.67	1212.58
503.88	1203.88
504.08	1212.30
504.29	1208.08
504.49	1209.80
504.70	1212.36
504.90	1210.00
505.11	1205.41
505.31	1206.46
505.52	1200.40
505.72	1207.69
505.93	1200.19
506.13	1210.35
506.34	1208.34
506.54	1211.56
506.75	1202.55
506.95	1210.45
507.16	1205.54
507.36	1204.47
507.56	1201.05
507.77	1208.77
507.97	1205.86
508.18	1210.60
508.38	1197.51
508.59	1215.80
508.79	1212.03
509.00	1213.07
509.20	1203.22
509.41	1211.09
509.61	1203.92
509.82	1207.30
510.02	1208.49
510.22	1211.93
510.43	1200.91
510.63	1212.79
510.84	1204.06
511.04	1211.52
511.25	1204.88
511.45	1211.41
511.66	1202.22
511.86	1210.76
512.06	1205.99
512.27	1211.41
512.47	1203.80
512.68	1215.33
512.88	1204.16
513.09	1202.65
513.29	1205.74
513.50	1210.68
513.70	1202.06
513.90	1205.54
514.11	1206.62
514.31	1213.89
514.52	1201.50
514.72	1212.11
514.93	1209.31
515.13	1207.05
515.33	1197.92
515.54	1208.44
515.74	1202.12
515.95	1212.85
516.15	1204.43
516.36	1215.78
516.56	1204.96
516.76	1212.52
516.97	1203.12
517.17	1213.52
517.38	1202.12
517.58	1213.97
517.78	1208.67
517.99	1210.74
518.19	1203.57
518.40	1216.08
518.60	1204.43
518.81	1214.94
519.01	1208.73
519.21	1205.66
519.42	1205.35
519.62	1207.85
519.83	1209.06
520.03	1211.11
520.23	1211.09
520.44	1207.09
520.64	1202.30
520.85	1210.62
521.05	1203.04
521.25	1211.87
521.46	1208.04
521.66	1211.82
521.86	1206.75
522.07	1214.30
522.27	1202.42
522.48	1211.27
522.68	1205.39
522.88	1210.39
523.09	1202.75
523.29	1213.87
523.50	1202.30
523.70	1206.36
523.90	1199.72
524.11	1212.83
524.31	1203.06
524.51	1208.40
524.72	1199.47
524.92	1211.07
525.13	1205.07
525.33	1208.40
525.53	1205.23
525.74	1209.57
525.94	1202.98
526.14	1213.56
526.35	1211.15
526.55	1211.27
526.76	1205.09
526.96	1216.08
527.16	1204.02
527.37	1216.70
527.57	1200.95
527.77	1213.05
527.98	1206.77
528.18	1211.00
528.38	1211.23
528.59	1207.48
528.79	1209.47
528.99	1211.29
529.20	1207.36
529.40	1214.45
529.61	1204.70
529.81	1210.84
530.01	1214.81
530.22	1206.66
530.42	1201.52
530.62	1212.56
530.83	1206.95
531.03	1215.51
531.23	1206.17
531.44	1211.41
531.64	1205.78
531.84	1204.51
532.05	1206.29
532.25	1213.77
532.45	1201.09
532.66	1212.85
532.86	1202.94
533.06	1212.79
533.27	1207.05
533.47	1212.38
533.67	1206.70
533.88	1219.48
534.08	1208.92
534.28	1214.10
534.49	1205.93
534.69	1211.62
534.89	1204.33
535.09	1212.05
535.30	1204.80
535.50	1214.83
535.70	1204.25
535.91	1210.12
536.11	1202.79
536.31	1213.54
536.52	1204.76
536.72	1218.62
536.92	1199.74
537.13	1216.08
537.33	1210.39
537.53	1210.06
537.74	1211.58
537.94	1208.22
538.14	1205.05
538.34	1206.79
538.55	1200.29
538.75	1214.98
538.95	1203.76
539.16	1203.82
539.36	1213.40
539.56	1205.64
539.77	1201.07
539.97	1217.68
540.17	1201.32
540.37	1207.15
540.58	1203.92
540.78	1216.96
540.98	1203.65
541.19	1207.73
541.39	1218.44
541.59	1204.02
541.79	1203.12
542.00	1212.42
542.20	1200.46
542.40	1204.53
542.60	1206.93
542.81	1201.93
543.01	1208.40
543.21	1211.64
543.42	1203.35
543.62	1218.11
543.82	1211.50
544.02	1212.50
544.23	1199.80
544.43	1215.53
544.63	1204.43
544.83	1208.55
545.04	1203.00
545.24	1209.61
545.44	1201.20
545.64	1208.73
545.85	1205.00
546.05	1217.42
546.25	1209.94
546.45	1213.30
546.66	1206.34
546.86	1208.61
547.06	1204.25
547.27	1208.61
547.47	1207.87
547.67	1210.86
547.87	1204.84
548.07	1209.04
548.28	1203.12
548.48	1211.99
548.68	1207.07
548.88	1212.09
549.09	1198.80
549.29	1211.66
549.49	1206.64
549.69	1209.65
549.90	1198.37
550.10	1208.79
550.30	1201.60
550.50	1208.38
550.71	1202.79
550.91	1207.09
551.11	1206.95
551.31	1212.11
551.51	1205.11
551.72	1209.55
551.92	1203.02
552.12	1210.21
552.32	1202.49
552.53	1206.09
552.73	1202.71
552.93	1205.39
553.13	1210.74
553.33	1207.09
553.54	1199.21
553.74	1212.56
553.94	1204.80
554.14	1212.58
554.35	1202.92
554.55	1210.06
554.75	1205.29
554.95	1209.57
555.15	1197.90
555.36	1211.66
555.56	1205.76
555.76	1208.53
555.96	1209.53
556.16	1209.37
556.37	1208.06
556.57	1207.09
556.77	1199.09
556.97	1202.59
557.17	1205.19
557.38	1208.01
557.58	1205.11
557.78	1208.34
557.98	1198.41
558.18	1206.48
558.38	1208.18
558.59	1205.39
558.79	1200.36
558.99	1215.94
559.19	1201.97
559.39	1213.20
559.60	1205.37
559.80	1213.52
560.00	1208.16
560.20	1212.05
560.40	1203.92
560.60	1212.85
560.81	1204.31
561.01	1206.56
561.21	1205.86
561.41	1215.20
561.61	1201.71
561.81	1216.76
562.02	1201.05
562.22	1211.54
562.42	1205.07
562.62	1210.27
562.82	1204.33
563.02	1207.56
563.23	1206.07
563.43	1207.87
563.63	1211.82
563.83	1207.46
564.03	1208.08
564.23	1210.90
564.43	1202.65
564.64	1201.30
564.84	1203.26
565.04	1212.38
565.24	1198.33
565.44	1214.45
565.64	1208.98
565.85	1212.19
566.05	1205.76
566.25	1205.11
566.45	1202.96
566.65	1206.54
566.85	1204.19
567.05	1208.22
567.25	1206.19
567.46	1216.78
567.66	1205.84
567.86	1209.04
568.06	1196.12
568.26	1213.05
568.46	1198.12
568.66	1207.46
568.86	1202.92
569.07	1212.03
569.27	1204.02
569.47	1208.77
569.67	1199.82
569.87	1214.04
570.07	1200.70
570.27	1210.02
570.47	1202.10
570.68	1205.91
570.88	1205.70
571.08	1214.71
571.28	1211.60
571.48	1206.17
571.68	1213.79
571.88	1215.45
572.08	1205.64
572.28	1208.69
572.49	1206.54
572.69	1203.16
572.89	1205.33
573.09	1209.71
573.29	1201.38
573.49	1205.19
573.69	1209.35
573.89	1207.77
574.09	1207.01
574.29	1209.35
574.50	1198.10
574.70	1211.27
574.90	1201.67
575.10	1204.98
575.30	1208.38
575.50	1210.14
575.70	1205.88
575.90	1209.47
576.10	1208.96
576.30	1213.50
576.50	1201.50
576.70	1217.17
576.91	1212.42
577.11	1219.71
577.31	1207.69
577.51	1218.03
577.71	1210.31
577.91	1213.07
578.11	1209.33
578.31	1212.79
578.51	1202.28
578.71	1212.01
578.91	1210.82
579.11	1203.57
579.31	1206.11
579.51	1213.18
579.71	1203.37
579.92	1209.35
580.12	1208.90
580.32	1218.50
580.52	1208.73
580.72	1210.84
580.92	1199.31
581.12	1218.25
581.32	1203.51
581.52	1210.60
581.72	1206.27
581.92	1210.82
582.12	1208.71
582.32	1208.81
582.52	1206.11
582.72	1215.22
582.92	1203.57
583.12	1213.71
583.32	1205.60
583.52	1214.55
583.72	1208.65
583.92	1211.99
584.12	1203.10
584.33	1208.42
584.53	1206.93
584.73	1212.13
584.93	1209.55
585.13	1210.37
585.33	1214.40
585.53	1210.78
585.73	1206.62
585.93	1214.73
586.13	1204.25
586.33	1204.55
586.53	1207.65
586.73	1207.73
586.93	1208.28
587.13	1213.18
587.33	1206.70
587.53	1213.87
587.73	1211.17
587.93	1212.83
588.13	1203.20
588.33	1211.52
588.53	1203.16
588.73	1213.11
588.93	1202.55
589.13	1213.30
589.33	1208.83
589.53	1216.10
589.73	1205.76
589.93	1211.56
590.13	1201.58
590.33	1210.80
590.53	1204.02
590.73	1212.27
590.93	1210.21
591.13	1203.37
591.33	1212.11
591.53	1210.45
591.73	1213.36
591.93	1219.46
592.13	1210.98
592.33	1217.27
592.53	1209.41
592.73	1208.24
592.93	1203.69
593.13	1212.03
593.33	1212.32
593.53	1214.51
593.73	1208.75
593.93	1209.88
594.13	1207.28
594.33	1216.41
594.53	1209.16
594.73	1218.56
594.92	1206.38
595.12	1215.69
595.32	1210.94
595.52	1216.00
595.72	1209.65
595.92	1217.03
596.12	1216.62
596.32	1218.48
596.52	1204.96
596.72	1207.87
596.92	1212.87
597.12	1219.42
597.32	1207.61
597.52	1204.84
597.72	1206.66
597.92	1206.93
598.12	1201.13
598.32	1220.55
598.52	1218.68
598.72	1215.08
598.92	1209.69
599.12	1218.48
599.31	1208.22
599.51	1215.74
599.71	1205.82
599.91	1215.26
600.11	1217.70
600.31	1216.49
600.51	1211.41
600.71	1223.21
600.91	1212.83
601.11	1215.45
601.31	1206.34
601.51	1212.95
601.71	1210.06
601.91	1221.06
602.10	1214.94
602.30	1211.52
602.50	1215.51
602.70	1217.95
602.90	1207.99
603.10	1211.50
603.30	1209.98
603.50	1212.21
603.70	1214.06
603.90	1213.13
604.10	1214.53
604.30	1218.97
604.49	1213.46
604.69	1218.87
604.89	1217.85
605.09	1219.79
605.29	1213.59
605.49	1216.74
605.69	1217.03
605.89	1218.91
606.09	1212.60
606.29	1209.90
606.48	1214.10
606.68	1212.89
606.88	1214.75
607.08	1221.06
607.28	1202.94
607.48	1223.31
607.68	1213.16
607.88	1217.33
608.08	1216.23
608.27	1224.28
608.47	1206.60
608.67	1225.57
608.87	1214.40
609.07	1226.06
609.27	1216.47
609.47	1221.53
609.67	1219.63
609.87	1223.72
610.06	1211.29
610.26	1228.49
610.46	1216.35
610.66	1215.55
610.86	1220.75
611.06	1234.66
611.26	1210.14
611.45	1224.71
611.65	1226.82
611.85	1227.88
612.05	1220.79
612.25	1223.31
612.45	1220.79
612.65	1240.27
612.84	1218.28
613.04	1228.17
613.24	1216.94
613.44	1221.78
613.64	1219.57
613.84	1231.46
614.04	1224.44
614.23	1226.82
614.43	1220.12
614.63	1235.29
614.83	1224.36
615.03	1233.70
615.23	1231.55
615.42	1235.07
615.62	1230.05
615.82	1241.46
616.02	1230.99
616.22	1238.16
616.42	1234.27
616.61	1236.73
616.81	1234.86
617.01	1239.12
617.21	1235.48
617.41	1241.34
617.61	1229.19
617.80	1233.00
618.00	1231.85
618.20	1248.22
618.40	1241.48
618.60	1247.42
618.80	1249.14
618.99	1246.07
619.19	1239.31
619.39	1246.62
619.59	1246.09
619.79	1252.25
619.98	1238.26
620.18	1253.81
620.38	1240.88
620.58	1256.45
620.78	1248.40
620.97	1252.01
621.17	1252.95
621.37	1261.18
621.57	1257.70
621.77	1256.02
621.96	1256.59
622.16	1266.26
622.36	1256.51
622.56	1262.59
622.76	1257.39
622.95	1262.59
623.15	1258.01
623.35	1262.86
623.55	1257.74
623.75	1269.70
623.94	1259.15
624.14	1269.68
624.34	1251.51
624.54	1266.16
624.73	1269.80
624.93	1270.74
625.13	1262.65
625.33	1265.93
625.53	1264.76
625.72	1269.00
625.92	1276.36
626.12	1273.20
626.32	1260.87
626.51	1282.44
626.71	1267.43
626.91	1273.10
627.11	1266.34
627.30	1269.70
627.50	1269.82
627.70	1264.64
627.90	1271.01
628.10	1273.43
628.29	1263.97
628.49	1270.97
628.69	1272.34
628.89	1273.75
629.08	1266.44
629.28	1275.68
629.48	1268.92
629.68	1268.43
629.87	1267.12
630.07	1270.81
630.27	1266.42
630.47	1270.05
630.66	1266.42
630.86	1268.74
631.06	1261.24
631.25	1276.09
631.45	1266.44
631.65	1270.11
631.85	1260.26
632.04	1268.96
632.24	1262.14
632.44	1269.35
632.64	1267.69
632.83	1276.95
633.03	1265.19
633.23	1282.44
633.42	1266.46
633.62	1271.95
633.82	1272.85
634.02	1276.95
634.21	1280.43
634.41	1277.36
634.61	1276.77
634.81	1291.04
635.00	1293.82
635.20	1298.74
635.40	1302.30
635.59	1307.67
635.79	1320.82
635.99	1339.45
636.18	1348.79
636.38	1372.49
636.58	1393.29
636.78	1414.88
636.97	1429.81
637.17	1468.62
637.37	1491.06
637.56	1522.56
637.76	1549.00
637.96	1586.25
638.15	1625.25
638.35	1665.51
638.55	1697.99
638.74	1766.13
638.94	1827.98
639.14	1924.48
639.34	2047.44
639.53	2235.26
639.73	2517.67
639.93	2904.29
640.12	3382.61
640.32	4011.13
640.52	4748.63
640.71	5527.24
640.91	6316.55
641.11	7111.35
641.30	7841.06
641.50	8580.46
641.70	9156.04
641.89	9667.62
642.09	10112.03
642.29	10465.73
642.48	10745.36
642.68	10957.10
642.88	11054.24
643.07	11158.46
643.27	11278.84
643.47	11298.60
643.66	11466.90
643.86	11526.38
644.06	11461.52
644.25	11532.83
644.45	11540.61
644.65	11647.21
644.84	11457.26
645.04	11582.53
645.23	11464.82
645.43	11368.70
645.63	11247.32
645.82	11015.96
646.02	10618.43
646.22	10222.74
646.41	9725.95
646.61	9088.33
646.81	8387.01
647.00	7707.67
647.20	6957.69
647.39	6322.53
647.59	5662.22
647.79	5173.87
647.98	4738.14
648.18	4417.04
648.38	4135.24
648.57	3940.62
648.77	3773.59
648.96	3637.75
649.16	3483.74
649.36	3405.12
649.55	3283.96
649.75	3213.12
649.95	3097.02
650.14	3049.75
650.34	2948.77
650.53	2896.14
650.73	2811.33
650.93	2750.50
651.12	2699.88
651.32	2630.78
651.51	2585.79
651.71	2521.34
651.91	2467.88
652.10	2420.25
652.30	2369.81
652.49	2316.31
652.69	2265.83
652.89	2217.38
653.08	2184.22
653.28	2135.40
653.47	2097.57
653.67	2062.00
653.86	2030.36
654.06	1996.87
654.26	1961.61
654.45	1942.13
654.65	1912.78
654.84	1895.01
655.04	1874.83
655.24	1863.30
655.43	1830.62
655.63	1841.39
655.82	1813.72
656.02	1814.03
656.21	1805.57
656.41	1822.08
656.61	1826.13
656.80	1866.21
657.00	1905.70
657.19	1981.10
657.39	2062.14
657.58	2191.20
657.78	2293.50
657.97	2419.29
658.17	2506.71
658.37	2589.62
658.56	2662.91
658.76	2704.59
658.95	2722.77
659.15	2736.78
659.34	2734.47
659.54	2711.76
659.73	2677.47
659.93	2634.90
660.13	2551.42
660.32	2490.06
660.52	2420.84
660.71	2329.11
660.91	2262.90
661.10	2186.29
661.30	2108.42
661.49	2034.00
661.69	1959.78
661.88	1901.27
662.08	1826.73
662.27	1770.65
662.47	1715.87
662.66	1667.44
662.86	1620.72
663.06	1589.49
663.25	1563.15
663.45	1551.75
663.64	1534.05
663.84	1532.80
664.03	1510.97
664.23	1512.40
664.42	1499.71
664.62	1495.86
664.81	1484.86
665.01	1476.46
665.20	1447.38
665.40	1420.08
665.59	1382.07
665.79	1352.11
665.98	1332.14
666.18	1310.37
666.37	1287.15
666.57	1280.10
666.76	1270.74
666.96	1268.78
667.15	1261.06
667.35	1263.51
667.54	1260.65
667.74	1258.95
667.93	1249.06
668.13	1260.14
668.32	1248.99
668.52	1257.13
668.71	1245.70
668.91	1254.14
669.10	1250.51
669.30	1251.00
669.49	1246.25
669.68	1251.08
669.88	1241.89
670.07	1243.57
670.27	1236.11
670.46	1244.35
670.66	1242.32
670.85	1252.64
671.05	1242.42
671.24	1238.80
671.44	1234.02
671.63	1242.32
671.83	1232.04
672.02	1238.08
672.22	1229.78
672.41	1238.20
672.60	1237.94
672.80	1235.74
672.99	1225.14
673.19	1234.70
673.38	1225.36
673.58	1230.05
673.77	1234.56
673.97	1230.32
674.16	1220.96
674.36	1233.18
674.55	1219.54
674.74	1226.41
674.94	1225.42
675.13	1232.22
675.33	1225.79
675.52	1228.13
675.72	1228.25
675.91	1226.51
676.10	1220.14
676.30	1226.20
676.49	1217.33
676.69	1220.34
676.88	1222.04
677.08	1224.17
677.27	1217.93
677.46	1221.45
677.66	1210.53
677.85	1224.87
678.05	1222.43
678.24	1219.83
678.44	1211.43
678.63	1223.72
678.82	1211.60
679.02	1221.92
679.21	1216.23
679.41	1221.63
679.60	1220.98
679.79	1224.42
679.99	1216.80
680.18	1221.47
680.38	1216.94
680.57	1222.99
680.76	1209.37
680.96	1218.68
681.15	1218.93
681.35	1225.91
681.54	1211.41
681.73	1213.81
681.93	1212.34
682.12	1221.43
682.32	1210.60
682.51	1222.70
682.70	1210.00
682.90	1219.81
683.09	1216.88
683.29	1217.01
683.48	1220.00
683.67	1215.98
683.87	1213.22
684.06	1223.17
684.25	1211.13
684.45	1220.88
684.64	1211.25
684.84	1217.15
685.03	1214.06
685.22	1223.58
685.42	1219.01
685.61	1221.65
685.80	1211.00
686.00	1225.09
686.19	1218.97
686.38	1220.22
686.58	1218.34
686.77	1222.08
686.96	1210.78
687.16	1220.32
687.35	1219.61
687.55	1221.49
687.74	1221.00
687.93	1221.29
688.13	1216.94
688.32	1217.74
688.51	1211.09
688.71	1224.60
688.90	1224.36
689.09	1213.52
689.29	1212.60
689.48	1215.20
689.67	1218.07
689.87	1210.39
690.06	1218.71
690.25	1216.37
690.45	1220.81
690.64	1221.43
690.83	1204.41
691.03	1221.10
691.22	1213.85
691.41	1215.04
691.61	1212.27
691.80	1217.27
691.99	1208.53
692.19	1214.16
692.38	1206.95
692.57	1217.31
692.76	1210.35
692.96	1216.49
693.15	1207.07
693.34	1209.61
693.54	1210.80
693.73	1218.64
693.92	1209.45
694.12	1207.65
694.31	1203.84
694.50	1212.77
694.70	1204.37
694.89	1204.76
695.08	1207.69
695.27	1208.14
695.47	1209.71
695.66	1202.30
695.85	1211.15
696.05	1218.99
696.24	1206.48
696.43	1217.19
696.62	1211.15
696.82	1211.68
697.01	1207.36
697.20	1214.22
697.40	1201.87
697.59	1212.40
697.78	1201.63
697.97	1211.97
698.17	1204.29
698.36	1206.91
698.55	1204.10
698.74	1212.11
698.94	1209.65
699.13	1212.25
699.32	1212.83
699.52	1214.42
699.71	1207.38
699.90	1218.19
700.09	1202.77
700.29	1213.44
700.48	1208.55
700.67	1209.96
700.86	1199.82
701.06	1213.18
701.25	1201.83
701.44	1216.12
701.63	1203.12
701.83	1211.89
702.02	1206.05
702.21	1207.54
702.40	1207.69
702.60	1213.03
702.79	1207.26
702.98	1208.32
703.17	1204.00
703.37	1207.71
703.56	1204.31
703.75	1209.98
703.94	1210.92
704.13	1212.30
704.33	1200.54
704.52	1211.56
704.71	1203.73
704.90	1212.68
705.10	1211.13
705.29	1212.19
705.48	1208.28
705.67	1213.30
705.86	1204.57
706.06	1214.04
706.25	1206.85
706.44	1213.97
706.63	1207.40
706.83	1209.61
707.02	1205.48
707.21	1201.58
707.40	1208.57
707.59	1212.09
707.79	1201.83
707.98	1206.68
708.17	1209.33
708.36	1210.02
708.55	1211.58
708.75	1203.67
708.94	1202.53
709.13	1208.24
709.32	1213.01
709.51	1209.76
709.71	1207.97
709.90	1213.67
710.09	1198.45
710.28	1209.16
710.47	1200.17
710.66	1210.84
710.86	1207.36
711.05	1206.38
711.24	1209.12
711.43	1207.38
711.62	1199.58
711.82	1214.77
712.01	1204.98
712.20	1209.06
712.39	1205.41
712.58	1207.71
712.77	1203.43
712.97	1205.50
713.16	1202.32
713.35	1214.16
713.54	1209.24
713.73	1206.66
713.92	1206.58
714.11	1212.34
714.31	1208.34
714.50	1209.33
714.69	1202.32
714.88	1209.18
715.07	1205.72
715.26	1205.37
715.46	1203.32
715.65	1209.53
715.84	1205.25
716.03	1207.44
716.22	1201.95
716.41	1214.49
716.60	1205.02
716.80	1207.30
716.99	1207.09
717.18	1207.89
717.37	1197.65
717.56	1214.30
717.75	1205.37
717.94	1213.63
718.13	1203.51
718.33	1207.65
718.52	1201.81
718.71	1211.52
718.90	1206.79
719.09	1208.75
719.28	1198.47
719.47	1214.16
719.66	1203.39
719.85	1216.10
720.05	1200.99
720.24	1207.87
720.43	1198.41
720.62	1210.92
720.81	1200.91
721.00	1213.67
721.19	1209.28
721.38	1207.38
721.57	1204.72
721.77	1212.19
721.96	1207.52
722.15	1206.15
722.34	1199.84
722.53	1218.07
722.72	1201.42
722.91	1206.05
723.10	1200.87
723.29	1214.67
723.48	1202.94
723.67	1203.61
723.87	1212.52
724.06	1212.50
724.25	1203.10
724.44	1208.94
724.63	1213.36
724.82	1209.16
725.01	1203.76
725.20	1210.51
725.39	1199.41
725.58	1210.90
725.77	1201.26
725.96	1207.71
726.15	1203.30
726.34	1208.55
726.54	1209.37
726.73	1213.20
726.92	1202.94
727.11	1207.79
727.30	1204.62
727.49	1203.22
727.68	1197.80
727.87	1216.96
728.06	1210.82
728.25	1209.76
728.44	1209.41
728.63	1210.92
728.82	1204.41
729.01	1210.78
729.20	1204.29
729.39	1218.87
729.58	1200.89
729.77	1213.81
729.96	1201.54
730.15	1210.35
730.34	1204.37
730.53	1209.12
730.73	1203.43
730.92	1208.69
731.11	1204.51
731.30	1212.56
731.49	1202.49
731.68	1208.49
731.87	1204.41
732.06	1214.69
732.25	1204.19
732.44	1212.56
732.63	1203.10
732.82	1216.04
733.01	1202.14
733.20	1206.21
733.39	1204.51
733.58	1218.09
733.77	1204.57
733.96	1214.75
734.15	1197.49
734.34	1208.98
734.53	1208.98
734.72	1210.92
734.91	1206.62
735.10	1213.61
735.29	1206.75
735.48	1211.62
735.67	1205.37
735.86	1209.14
736.05	1200.36
736.24	1212.85
736.43	1204.08
736.62	1207.54
736.81	1203.57
737.00	1225.77
737.19	1203.55
737.38	1215.76
737.57	1204.02
737.76	1207.73
737.95	1206.75
738.14	1205.50
738.33	1204.06
738.51	1210.23
738.70	1202.36
738.89	1217.03
739.08	1211.33
739.27	1206.46
739.46	1204.37
739.65	1206.95
739.84	1203.69
740.03	1210.02
740.22	1203.59
740.41	1205.33
740.60	1204.33
740.79	1204.94
740.98	1210.90
741.17	1207.48
741.36	1204.82
741.55	1213.13
741.74	1203.78
741.93	1204.41
742.12	1205.27
742.31	1212.95
742.50	1208.01
742.68	1204.47
742.87	1210.51
743.06	1211.48
743.25	1209.98
743.44	1210.72
743.63	1198.27
743.82	1208.36
744.01	1205.80
744.20	1207.91
744.39	1203.61
744.58	1213.79
744.77	1207.30
744.96	1209.08
745.14	1204.47
745.33	1204.19
745.52	1203.84
745.71	1214.63
745.90	1206.52
746.09	1215.39
746.28	1202.18
746.47	1202.36
746.66	1201.46
746.85	1205.74
747.04	1199.76
747.22	1211.48
747.41	1202.46
747.60	1212.15
747.79	1203.41
747.98	1214.96
748.17	1197.59
748.36	1213.05
748.55	1206.15
748.74	1213.69
748.93	1195.34
749.11	1213.30
749.30	1204.31
749.49	1212.19
749.68	1201.15
749.87	1205.82
750.06	1202.67
750.25	1208.38
750.44	1205.60
750.62	1209.18
750.81	1205.54
751.00	1210.62
751.19	1194.93
751.38	1212.05
751.57	1199.27
751.76	1213.07
751.95	1204.78
752.13	1211.15
752.32	1205.11
752.51	1210.49
752.70	1200.70
752.89	1207.54
753.08	1206.60
753.27	1210.84
753.45	1199.62
753.64	1207.75
753.83	1201.24
754.02	1208.22
754.21	1202.89
754.40	1209.55
754.58	1201.30
754.77	1207.18
754.96	1204.39
755.15	1205.91
755.34	1202.20
755.53	1204.02
755.71	1202.18
755.90	1207.97
756.09	1203.39
756.28	1207.87
756.47	1200.17
756.66	1212.19
756.84	1193.62
757.03	1209.71
757.22	1205.62
757.41	1207.44
757.60	1205.35
757.79	1208.18
757.97	1204.64
758.16	1210.62
758.35	1203.69
758.54	1210.78
758.73	1203.00
758.91	1206.42
759.10	1206.58
759.29	1210.98
759.48	1196.32
759.67	1211.00
759.85	1205.27
760.04	1205.99
760.23	1198.88
760.42	1206.89
760.61	1203.78
760.79	1204.47
760.98	1206.44
761.17	1211.66
761.36	1203.96
761.55	1216.55
761.73	1202.79
761.92	1204.31
762.11	1203.76
762.30	1206.62
762.49	1210.14
762.67	1206.62
762.86	1208.57
763.05	1216.37
763.24	1202.30
763.42	1212.85
763.61	1207.34
763.80	1210.96
763.99	1211.15
764.17	1211.33
764.36	1201.15
764.55	1207.44
764.74	1204.00
764.92	1212.89
765.11	1204.04
765.30	1210.25
765.49	1204.19
765.68	1204.80
765.86	1199.88
766.05	1214.32
766.24	1198.96
766.43	1201.28
766.61	1195.71
766.80	1215.55
766.99	1203.43
767.17	1209.98
767.36	1199.25
767.55	1208.77
767.74	1194.62
767.92	1211.03
768.11	1205.00
768.30	1209.76
768.49	1203.82
768.67	1205.93
768.86	1203.06
769.05	1206.44
769.24	1199.27
769.42	1209.90
769.61	1202.16
769.80	1204.70
769.98	1203.35
770.17	1210.53
770.36	1198.53
770.55	1213.95
770.73	1209.18
770.92	1207.28
771.11	1205.13
771.29	1204.19
771.48	1206.32
771.67	1201.36
771.86	1208.61
772.04	1210.62
772.23	1207.28
772.42	1205.68
772.60	1207.50
772.79	1215.74
772.98	1201.30
773.16	1210.88
773.35	1204.04
773.54	1205.45
773.72	1211.15
773.91	1212.01
774.10	1198.49
774.29	1215.43
774.47	1203.69
774.66	1212.38
774.85	1206.25
775.03	1205.15
775.22	1206.36
775.41	1213.99
775.59	1205.50
775.78	1212.89
775.97	1201.75
776.15	1205.45
776.34	1198.51
776.53	1209.31
776.71	1196.18
776.90	1218.48
777.09	1204.47
777.27	1211.95
777.46	1195.95
777.65	1216.58
777.83	1197.80
778.02	1206.87
778.21	1201.48
778.39	1206.11
778.58	1200.03
778.76	1210.57
778.95	1198.37
779.14	1207.46
779.32	1200.33
779.51	1211.60
779.70	1197.67
779.88	1209.10
780.07	1205.70
780.26	1205.21
780.44	1201.56
780.63	1205.25
780.81	1206.27
781.00	1208.47
781.19	1207.77
781.37	1209.94
781.56	1205.80
781.75	1203.26
781.93	1208.61
782.12	1207.34
782.30	1195.58
782.49	1210.84
782.68	1207.75
782.86	1213.40
783.05	1200.93
783.23	1211.43
783.42	1205.07
783.61	1205.05
783.79	1202.73
783.98	1209.69
784.16	1201.44
784.35	1209.82
784.54	1207.13
784.72	1207.83
784.91	1199.27
785.09	1211.52
785.28	1203.37
785.47	1203.55
785.65	1202.94
785.84	1215.37
786.02	1205.02
786.21	1210.14
786.40	1205.97
786.58	1201.73
786.77	1198.39
786.95	1202.03
787.14	1210.78
787.32	1215.18
787.51	1210.10
787.70	1212.64
787.88	1213.83
788.07	1206.58
788.25	1214.51
788.44	1207.73
788.62	1204.23
788.81	1208.69
789.00	1211.27
789.18	1201.75
789.37	1210.53
789.55	1206.64
789.74	1203.88
789.92	1211.52
790.11	1206.34
790.29	1208.83
790.48	1202.96
790.67	1210.49
790.85	1201.05
791.04	1209.35
791.22	1205.13
791.41	1208.42
791.59	1196.73
791.78	1206.95
791.96	1204.78
792.15	1206.70
792.33	1203.20
792.52	1212.77
792.70	1197.57
792.89	1214.61
793.07	1208.26
793.26	1211.60
793.45	1203.37
793.63	1204.39
793.82	1208.51
794.00	1207.87
794.19	1207.07
794.37	1206.42
794.56	1207.13
794.74	1203.65
794.93	1202.46
795.11	1209.00
795.30	1204.62
795.48	1211.46
795.67	1198.64
795.85	1201.22
796.04	1196.01
796.22	1216.47
796.41	1197.08
796.59	1215.53
796.78	1210.35
796.96	1204.33
797.15	1208.26
797.33	1209.67
797.52	1195.69
797.70	1208.26
797.89	1197.18
798.07	1211.78
798.26	1199.07
798.44	1207.65
798.63	1206.64
798.81	1207.67
798.99	1205.33
799.18	1212.50
799.36	1198.04
799.55	1209.69
799.73	1206.75
799.92	1207.24
800.10	1206.68
800.29	1207.99
800.47	1205.29
800.66	1209.74
800.84	1202.06
801.03	1214.77
801.21	1206.23
801.39	1212.91
801.58	1205.48
801.76	1211.62
801.95	1203.28
802.13	1206.32
802.32	1201.91
802.50	1210.90
802.69	1200.38
802.87	1205.37
803.06	1201.17
803.24	1207.56
803.42	1196.71
803.61	1209.55
803.79	1198.82
803.98	1207.42
804.16	1199.93
804.35	1210.17
804.53	1205.56
804.71	1210.39
804.90	1207.48
805.08	1211.21
805.27	1207.03
805.45	1209.67
805.63	1202.12
805.82	1215.65
806.00	1205.19
806.19	1208.81
806.37	1201.89
806.56	1202.83
806.74	1204.02
806.92	1206.40
807.11	1201.54
807.29	1208.83
807.48	1207.46
807.66	1210.31
807.84	1195.46
808.03	1210.29
808.21	1203.28
808.40	1212.66
808.58	1202.75
808.76	1207.24
808.95	1205.00
809.13	1208.94
809.32	1201.44
809.50	1212.79
809.68	1204.16
809.87	1204.35
810.05	1209.69
810.23	1201.93
810.42	1204.64
810.60	1207.01
810.79	1201.89
810.97	1208.10
811.15	1202.34
811.34	1208.10
811.52	1202.75
811.70	1209.65
811.89	1202.96
812.07	1209.80
812.25	1203.32
812.44	1208.83
812.62	1207.07
812.81	1208.12
812.99	1206.60
813.17	1216.80
813.36	1202.10
813.54	1206.42
813.72	1203.59
813.91	1206.29
814.09	1200.01
814.27	1206.58
814.46	1201.40
814.64	1208.49
814.82	1200.33
815.01	1204.84
815.19	1204.00
815.37	1206.60
815.56	1208.92
815.74	1207.26
815.92	1201.83
816.11	1211.89
816.29	1207.79
816.47	1210.14
816.66	1202.44
816.84	1209.88
817.02	1207.69
817.21	1200.68
817.39	1199.21
817.57	1204.96
817.76	1205.58
817.94	1200.54
818.12	1202.22
818.30	1211.13
818.49	1213.81
818.67	1210.76
818.85	1198.00
819.04	1205.54
819.22	1203.67
819.40	1213.83
819.59	1203.26
819.77	1217.09
819.95	1195.48
820.13	1209.74
820.32	1210.84
820.50	1206.91
820.68	1205.64
820.87	1208.06
821.05	1209.18
821.23	1212.97
821.41	1197.96
821.60	1207.22
821.78	1199.04
821.96	1201.65
822.14	1199.21
822.33	1205.48
822.51	1204.51
822.69	1207.93
822.88	1208.83
823.06	1209.51
823.24	1198.88
823.42	1207.38
823.61	1205.48
823.79	1213.09
823.97	1198.47
824.15	1207.95
824.34	1197.24
824.52	1211.80
824.70	1199.95
824.88	1212.64
825.07	1197.30
825.25	1210.86
825.43	1201.77
825.61	1212.85
825.80	1196.20
825.98	1210.80
826.16	1202.40
826.34	1204.47
826.53	1203.73
826.71	1213.26
826.89	1205.39
827.07	1203.24
827.25	1200.17
827.44	1212.73
827.62	1200.87
827.80	1209.47
827.98	1199.37
828.17	1207.61
828.35	1197.18
828.53	1221.74
828.71	1196.30
828.89	1209.74
829.08	1202.03
829.26	1213.65
829.44	1202.12
829.62	1204.49
829.80	1197.69
829.99	1210.72
830.17	1202.87
830.35	1217.60
830.53	1209.84
830.71	1206.40
830.90	1195.09
831.08	1207.26
831.26	1199.82
831.44	1206.79
831.62	1201.75
831.81	1211.52
831.99	1201.91
832.17	1207.91
832.35	1205.17
832.53	1212.79
832.71	1203.51
832.90	1212.66
833.08	1199.41
833.26	1218.05
833.44	1199.64
833.62	1211.80
833.81	1203.90
833.99	1211.66
834.17	1206.75
834.35	1207.63
834.53	1195.97
834.71	1215.00
834.89	1206.29
835.08	1207.32
835.26	1195.91
835.44	1217.11
835.62	1204.76
835.80	1203.00
835.98	1198.98
836.17	1215.33
836.35	1205.33
836.53	1205.72
836.71	1199.78
836.89	1205.11
837.07	1207.05
837.25	1216.53
837.44	1198.10
837.62	1208.83
837.80	1193.15
837.98	1209.02
838.16	1201.89
838.34	1206.05
838.52	1204.62
838.70	1204.19
838.89	1204.41
839.07	1210.72
839.25	1194.52
839.43	1215.02
839.61	1198.35
839.79	1203.63
839.97	1209.26
840.15	1205.02
840.33	1203.24
840.52	1212.11
840.70	1202.77
840.88	1213.05
841.06	1200.89
841.24	1208.65
841.42	1201.77
841.60	1207.79
841.78	1199.15
841.96	1206.91
842.14	1204.12
842.33	1210.82
842.51	1203.84
842.69	1211.95
842.87	1202.36
843.05	1208.24
843.23	1199.54
843.41	1212.87
843.59	1198.39
843.77	1207.46
843.95	1204.23
844.13	1206.93
844.31	1206.54
844.49	1205.91
844.68	1208.01
844.86	1213.99
845.04	1203.90
845.22	1201.83
845.40	1199.88
845.58	1215.86
845.76	1199.19
845.94	1211.13
846.12	1198.96
846.30	1208.24
846.48	1207.58
846.66	1212.01
846.84	1204.68
847.02	1211.62
847.20	1202.96
847.38	1204.23
847.56	1199.68
847.74	1217.17
847.92	1208.32
848.11	1209.71
848.29	1202.71
848.47	1212.89
848.65	1201.34
848.83	1212.21
849.01	1201.38
849.19	1213.87
849.37	1204.23
849.55	1212.93
849.73	1195.58
849.91	1209.76
850.09	1202.14
850.27	1208.30
850.45	1204.37
850.63	1202.16
850.81	1199.88
850.99	1208.22
851.17	1205.52
851.35	1204.16
851.53	1199.00
851.71	1209.26
851.89	1199.33
852.07	1210.80
852.25	1203.20
852.43	1206.89
852.61	1202.75
852.79	1207.67
852.97	1202.16
853.15	1204.33
853.33	1202.89
853.51	1201.48
853.69	1203.37
853.87	1211.15
854.05	1204.98
854.23	1203.43
854.41	1206.17
854.59	1212.50
854.77	1203.26
854.95	1207.93
855.13	1195.17
855.31	1208.85
855.49	1203.47
855.67	1208.51
855.84	1206.38
856.02	1212.23
856.20	1199.64
856.38	1205.68
856.56	1205.25
856.74	1206.01
856.92	1201.97
857.10	1205.88
857.28	1196.34
857.46	1202.14
857.64	1202.89
857.82	1208.55
858.00	1201.22
858.18	1207.58
858.36	1202.36
858.54	1208.12
858.72	1198.61
858.90	1199.68
859.08	1199.56
859.25	1209.92
859.43	1196.14
859.61	1206.77
859.79	1204.55
859.97	1213.20
860.15	1211.00
860.33	1208.34
860.51	1207.81
860.69	1202.14
860.87	1199.93
861.05	1205.88
861.23	1194.09
861.41	1202.10
861.58	1198.90
861.76	1203.20
861.94	1212.27
862.12	1204.27
862.30	1206.75
862.48	1204.16
862.66	1201.17
862.84	1205.07
863.02	1208.12
863.20	1210.21
863.37	1209.86
863.55	1202.26
863.73	1208.71
863.91	1214.40
864.09	1204.96
864.27	1209.61
864.45	1202.36
864.63	1199.45
864.80	1202.63
864.98	1206.99
865.16	1200.81
865.34	1209.45
865.52	1202.61
865.70	1202.94
865.88	1202.59
866.06	1206.81
866.23	1211.07
866.41	1205.45
866.59	1197.37
866.77	1212.19
866.95	1203.41
867.13	1204.57
867.31	1207.56
867.48	1199.58
867.66	1201.85
867.84	1208.42
868.02	1200.66
868.20	1208.96
868.38	1198.49
868.56	1215.57
868.73	1201.44
868.91	1207.09
869.09	1205.35
869.27	1212.01
869.45	1193.45
869.63	1206.54
869.80	1204.10
869.98	1204.78
870.16	1214.96
870.34	1212.87
870.52	1194.99
870.70	1206.85
870.87	1208.98
871.05	1210.86
871.23	1205.35
871.41	1211.50
871.59	1199.66
871.76	1215.29
871.94	1201.36
872.12	1208.14
872.30	1203.04
872.48	1206.03
872.65	1202.89
872.83	1215.26
873.01	1202.16
873.19	1208.77
873.37	1196.59
873.54	1216.08
873.72	1199.37
873.90	1206.72
874.08	1193.76
874.26	1203.04
874.43	1201.63
874.61	1198.92
874.79	1205.82
874.97	1208.10
875.15	1201.56
875.32	1208.38
875.50	1205.52
875.68	1213.09
875.86	1206.40
876.03	1203.80
876.21	1196.69
876.39	1209.49
876.57	1194.60
876.74	1208.75
876.92	1203.61
877.10	1211.58
877.28	1199.78
877.45	1210.29
877.63	1209.65
877.81	1206.23
877.99	1202.69
878.17	1207.65
878.34	1197.43
878.52	1211.72
878.70	1196.32
878.87	1219.16
879.05	1203.69
879.23	1211.66
879.41	1208.26
879.58	1213.24
879.76	1198.31
879.94	1199.25
880.12	1197.41
880.29	1210.60
880.47	1194.76
880.65	1217.42
880.83	1198.57
881.00	1205.37
881.18	1199.02
881.36	1212.17
881.53	1203.92
881.71	1210.19
881.89	1200.50
882.07	1204.08
882.24	1206.87
882.42	1210.43
882.60	1203.02
882.77	1210.10
882.95	1197.63
883.13	1209.10
883.30	1202.96
883.48	1210.72
883.66	1201.63
883.84	1209.96
884.01	1210.70
884.19	1210.43
884.37	1198.74
884.54	1212.56
884.72	1195.75
884.90	1206.72
885.07	1210.90
885.25	1218.32
885.43	1202.40
885.60	1209.84
885.78	1200.25
885.96	1210.49
886.13	1198.84
886.31	1202.18
886.49	1199.74
886.66	1196.51
886.84	1206.19
887.02	1201.93
887.19	1200.38
887.37	1206.21
887.55	1203.12
887.72	1203.84
887.90	1197.59
888.08	1211.46
888.25	1200.33
888.43	1200.70
888.61	1198.64
888.78	1210.14
888.96	1201.60
889.14	1210.45
889.31	1196.26
889.49	1213.26
889.67	1197.39
889.84	1207.03
890.02	1202.36
890.19	1202.44
890.37	1198.39
890.55	1213.11
890.72	1205.05
890.90	1214.16
891.08	1205.78
891.25	1210.29
891.43	1207.85
891.60	1204.35
891.78	1204.43
891.96	1206.85
892.13	1201.58
892.31	1220.28
892.48	1205.50
892.66	1211.62
892.84	1202.16
893.01	1210.37
893.19	1208.04
893.36	1209.02
893.54	1213.32
893.72	1198.39
893.89	1207.61
894.07	1208.18
894.24	1211.00
894.42	1224.71
894.60	1209.00
894.77	1206.79
894.95	1202.46
895.12	1215.16
895.30	1200.91
895.48	1206.58
895.65	1202.14
895.83	1206.19
896.00	1200.23
896.18	1215.37
896.35	1197.90
896.53	1214.45
896.71	1198.55
896.88	1213.32
897.06	1203.35
897.23	1208.71
897.41	1199.45
897.58	1208.75
897.76	1206.03
897.93	1208.34
898.11	1202.32
898.29	1202.98
898.46	1201.73
898.64	1209.53
898.81	1203.78
898.99	1207.65
899.16	1205.11
899.34	1204.23
899.51	1204.39
899.69	1210.51
899.86	1204.21
900.04	1209.65
900.21	1197.18
900.39	1215.45
900.57	1204.59
900.74	1207.09
900.92	1202.34
901.09	1212.25
901.27	1203.55
901.44	1207.79
901.62	1202.98
901.79	1203.43
901.97	1199.00
902.14	1201.40
902.32	1201.93
902.49	1210.29
902.67	1199.25
902.84	1210.74
903.02	1201.20
903.19	1207.95
903.37	1201.20
903.54	1207.15
903.72	1206.46
903.89	1208.98
904.07	1205.60
904.24	1209.31
904.42	1198.61
904.59	1212.62
904.77	1203.20
904.94	1216.33
905.12	1208.96
905.29	1207.22
905.47	1199.93
905.64	1210.53
905.82	1206.52
905.99	1209.37
906.16	1204.02
906.34	1212.83
906.51	1198.06
906.69	1202.28
906.86	1201.91
907.04	1208.04
907.21	1212.56
907.39	1204.31
907.56	1204.59
907.74	1202.20
907.91	1202.26
908.09	1206.58
908.26	1198.25
908.43	1205.60
908.61	1205.99
908.78	1208.63
908.96	1200.85
909.13	1215.92
909.31	1205.62
909.48	1206.99
909.65	1194.66
909.83	1216.66
910.00	1202.73
910.18	1208.34
910.35	1206.27
910.53	1200.33
910.70	1201.15
910.87	1207.42
911.05	1200.03
911.22	1205.50
911.40	1199.97
911.57	1210.43
911.75	1201.32
911.92	1202.96
912.09	1206.83
912.27	1214.86
912.44	1202.81
912.62	1211.07
912.79	1205.33
912.96	1209.71
913.14	1204.29
913.31	1212.44
913.49	1208.10
913.66	1203.37
913.83	1203.14
914.01	1209.80
914.18	1205.64
914.36	1208.24
914.53	1202.28
914.70	1213.81
914.88	1208.85
915.05	1211.95
915.22	1203.59
915.40	1205.43
915.57	1207.69
915.75	1207.11
915.92	1199.60
916.09	1209.98
916.27	1213.81
916.44	1209.71
916.61	1207.07
916.79	1207.34
916.96	1205.39
917.13	1214.22
917.31	1199.52
917.48	1211.48
917.66	1202.94
917.83	1210.02
918.00	1201.05
918.18	1204.80
918.35	1206.13
918.52	1207.50
918.70	1208.65
918.87	1208.18
919.04	1207.89
919.22	1205.97
919.39	1198.72
919.56	1207.56
919.74	1210.70
919.91	1207.91
920.08	1205.13
920.26	1211.33
920.43	1206.89
920.60	1217.82
920.78	1198.33
920.95	1215.31
921.12	1204.12
921.29	1215.04
921.47	1204.00
921.64	1204.86
921.81	1198.88
921.99	1208.87
922.16	1200.25
922.33	1207.83
922.51	1205.29
922.68	1211.58
922.85	1208.90
923.03	1209.90
923.20	1201.67
923.37	1207.71
923.54	1205.88
923.72	1208.83
923.89	1201.34
924.06	1210.96
924.24	1201.89
924.41	1205.05
924.58	1201.87
924.75	1206.01
924.93	1206.25
925.10	1209.35
925.27	1203.16
925.44	1211.21
925.62	1203.02
925.79	1208.65
925.96	1206.70
926.14	1212.44
926.31	1200.87
926.48	1205.95
926.65	1209.53
926.83	1204.88
927.00	1204.74
927.17	1209.49
927.34	1208.24
927.52	1206.15
927.69	1200.64
927.86	1210.06
928.03	1203.49
928.21	1205.66
928.38	1205.45
928.55	1211.00
928.72	1202.44
928.89	1203.35
929.07	1204.78
929.24	1209.96
929.41	1203.02
929.58	1202.01
929.76	1203.96
929.93	1202.57
930.10	1202.28
930.27	1211.31
930.44	1201.75
930.62	1210.98
930.79	1202.79
930.96	1208.69
931.13	1201.05
931.31	1206.09
931.48	1198.08
931.65	1204.57
931.82	1208.01
931.99	1203.06
932.17	1202.51
932.34	1204.47
932.51	1203.43
932.68	1208.69
932.85	1202.36
933.03	1208.90
933.20	1199.88
933.37	1209.76
933.54	1206.52
933.71	1209.80
933.88	1203.96
934.06	1203.10
934.23	1202.83
934.40	1209.94
934.57	1198.76
934.74	1210.29
934.91	1200.64
935.09	1208.38
935.26	1204.23
935.43	1212.13
935.60	1207.63
935.77	1208.16
935.94	1203.47
936.12	1210.88
936.29	1200.83
936.46	1209.00
936.63	1202.92
936.80	1204.14
936.97	1196.46
937.14	1209.57
937.32	1195.89
937.49	1215.37
937.66	1207.15
937.83	1200.54
938.00	1199.17
938.17	1214.28
938.34	1208.14
938.52	1202.96
938.69	1195.38
938.86	1211.43
939.03	1205.19
939.20	1212.66
939.37	1202.51
939.54	1209.02
939.71	1199.58
939.89	1216.68
940.06	1201.54
940.23	1216.62
940.40	1204.98
940.57	1213.87
940.74	1199.39
940.91	1211.58
941.08	1200.17
941.25	1204.66
941.43	1206.21
941.60	1205.15
941.77	1208.42
941.94	1204.92
942.11	1204.80
942.28	1210.31
942.45	1198.16
942.62	1202.12
942.79	1205.50
942.96	1200.72
943.13	1194.52
943.30	1210.27
943.48	1198.74
943.65	1213.95
943.82	1206.17
943.99	1203.10
944.16	1204.29
944.33	1210.17
944.50	1202.79
944.67	1207.73
944.84	1203.41
945.01	1200.46
945.18	1204.21
945.35	1213.85
945.52	1204.84
945.69	1200.81
945.86	1205.60
946.03	1204.21
946.21	1198.84
946.38	1205.84
946.55	1197.57
946.72	1206.66
946.89	1202.01
947.06	1206.60
947.23	1207.91
947.40	1209.28
947.57	1196.48
947.74	1204.14
947.91	1206.81
948.08	1205.39
948.25	1202.49
948.42	1208.24
948.59	1205.58
948.76	1207.99
948.93	1204.31
949.10	1207.32
949.27	1203.61
949.44	1211.56
949.61	1203.90
949.78	1203.45
949.95	1200.03
950.12	1210.57
950.29	1200.62
950.46	1211.64
950.63	1203.92
950.80	1214.94
950.97	1202.26
951.14	1209.61
951.31	1203.06
951.48	1209.98
951.65	1200.33
951.82	1209.31
951.99	1201.46
952.16	1205.99
952.33	1205.52
952.50	1211.66
952.67	1208.65
952.84	1207.15
953.01	1199.02
953.18	1202.67
953.35	1212.85
953.52	1207.26
953.69	1201.81
953.86	1211.97
954.03	1202.85
954.20	1211.15
954.37	1207.91
954.54	1209.22
954.70	1210.04
954.87	1213.81
955.04	1199.54
955.21	1211.62
955.38	1204.43
955.55	1203.20
955.72	1204.84
955.89	1212.44
956.06	1202.61
956.23	1209.78
956.40	1200.19
956.57	1212.11
956.74	1202.85
956.91	1206.27
957.08	1206.68
957.25	1199.78
957.41	1201.67
957.58	1208.83
957.75	1198.39
957.92	1209.35
958.09	1206.97
958.26	1210.23
958.43	1204.31
958.60	1214.04
958.77	1200.27
958.94	1207.38
959.11	1201.52
959.27	1214.06
959.44	1204.72
959.61	1216.33
959.78	1201.50
959.95	1211.95
960.12	1199.02
960.29	1212.52
960.46	1198.68
960.63	1212.54
960.80	1208.04
960.96	1213.22
961.13	1208.75
961.30	1208.04
961.47	1206.85
961.64	1206.83
961.81	1202.44
961.98	1213.07
962.15	1198.08
962.31	1209.10
962.48	1203.55
962.65	1210.25
962.82	1197.78
962.99	1212.25
963.16	1196.38
963.33	1206.85
963.49	1204.10
963.66	1208.16
963.83	1201.48
964.00	1211.17
964.17	1200.19
964.34	1206.52
964.51	1203.92
964.67	1211.52
964.84	1200.42
965.01	1224.69
965.18	1198.57
965.35	1214.63
965.52	1200.25
965.68	1210.31
965.85	1199.50
966.02	1205.09
966.19	1217.13
966.36	1206.48
966.52	1206.32
966.69	1211.52
966.86	1201.13
967.03	1210.74
967.20	1196.18
967.37	1199.52
967.53	1206.87
967.70	1207.56
967.87	1201.50
968.04	1207.61
968.21	1203.76
968.37	1201.77
968.54	1198.64
968.71	1212.17
968.88	1200.62
969.05	1204.45
969.21	1201.85
969.38	1216.76
969.55	1206.01
969.72	1214.26
969.89	1203.78
970.05	1209.98
970.22	1204.92
970.39	1215.69
970.56	1205.43
970.72	1213.61
970.89	1201.54
971.06	1212.83
971.23	1208.63
971.39	1204.57
971.56	1206.58
971.73	1209.31
971.90	1209.59
972.07	1210.68
972.23	1194.62
972.40	1203.90
972.57	1202.55
972.74	1201.89
972.90	1201.38
973.07	1210.74
973.24	1200.03
973.40	1207.32
973.57	1207.11
973.74	1207.11
973.91	1200.70
974.07	1214.34
974.24	1192.31
974.41	1215.65
974.58	1197.61
974.74	1205.95
974.91	1198.84
975.08	1207.69
975.25	1201.97
975.41	1212.97
975.58	1198.08
975.75	1214.08
975.91	1206.15
976.08	1212.09
976.25	1199.33
976.42	1203.86
976.58	1203.26
976.75	1208.32
976.92	1199.27
977.08	1212.89
977.25	1200.62
977.42	1206.29
977.58	1201.63
977.75	1206.01
977.92	1207.32
978.08	1206.25
978.25	1204.96
978.42	1208.44
978.59	1205.52
978.75	1213.54
978.92	1201.63
979.09	1220.59
979.25	1199.29
979.42	1206.34
979.59	1199.15
979.75	1205.68
979.92	1204.25
980.09	1212.77
980.25	1210.82
980.42	1206.56
980.59	1203.80
980.75	1210.04
980.92	1205.41
981.09	1209.16
981.25	1203.49
981.42	1208.18
981.59	1203.04
981.75	1207.87
981.92	1198.31
982.08	1210.14
982.25	1203.96
982.42	1214.38
982.58	1199.70
982.75	1210.68
982.92	1199.62
983.08	1213.11
983.25	1211.58
983.42	1207.85
983.58	1204.04
983.75	1209.00
983.91	1201.32
984.08	1211.31
984.25	1206.89
984.41	1203.65
984.58	1203.53
984.74	1205.62
984.91	1202.61
985.08	1207.24
985.24	1199.74
985.41	1215.22
985.57	1205.27
985.74	1211.11
985.91	1203.35
986.07	1214.75
986.24	1200.50
986.40	1209.76
986.57	1200.03
986.74	1208.26
986.90	1203.32
987.07	1197.28
987.23	1202.01
987.40	1213.34
987.57	1199.35
987.73	1212.77
987.90	1203.88
988.06	1207.69
988.23	1200.05
988.39	1200.85
988.56	1216.27
988.73	1213.89
988.89	1205.99
989.06	1207.30
989.22	1199.45
989.39	1217.80
989.55	1202.96
989.72	1208.30
989.88	1201.58
990.05	1212.52
990.22	1203.80
990.38	1211.95
990.55	1200.95
990.71	1204.10
990.88	1200.81
991.04	1209.39
991.21	1203.43
991.37	1205.07
991.54	1204.51
991.70	1212.07
991.87	1205.72
992.03	1211.21
992.20	1207.40
992.36	1211.35
992.53	1199.21
992.69	1211.54
992.86	1201.50
993.03	1204.68
993.19	1202.94
993.36	1212.23
993.52	1208.57
993.69	1201.01
993.85	1197.14
994.02	1212.19
994.18	1200.68
994.35	1210.12
994.51	1202.81
994.68	1206.91
994.84	1203.96
995.01	1205.33
995.17	1205.50
995.34	1204.55
995.50	1200.29
995.66	1213.30
995.83	1200.56
995.99	1210.04
996.16	1201.32
996.32	1205.76
996.49	1202.12
996.65	1206.70
996.82	1196.26
996.98	1213.48
997.15	1201.67
997.31	1209.78
997.48	1203.96
997.64	1206.56
997.81	1201.65
997.97	1212.23
998.13	1203.59
998.30	1212.52
998.46	1200.66
998.63	1206.95
998.79	1200.36
998.96	1203.96
999.12	1200.64
999.29	1201.97
999.45	1206.17
999.61	1205.78
999.78	1199.97
999.94	1207.50
1000.11	1200.85
1000.27	1209.55
1000.44	1198.49
1000.60	1204.72
1000.76	1201.99
1000.93	1210.86
1001.09	1204.06
1001.26	1207.32
1001.42	1201.60
1001.59	1207.05
1001.75	1203.18
1001.91	1207.65
1002.08	1205.35
1002.24	1205.70
1002.41	1205.15
1002.57	1206.13
1002.73	1197.32
1002.90	1205.64
1003.06	1205.09
1003.23	1212.83
1003.39	1203.04
1003.55	1208.06
1003.72	1203.76
1003.88	1207.32
1004.04	1199.23
1004.21	1206.58
1004.37	1205.33
1004.54	1206.93
1004.70	1193.27
1004.86	1210.68
1005.03	1203.10
1005.19	1209.39
1005.35	1207.18
1005.52	1206.38
1005.68	1196.67
1005.85	1214.98
1006.01	1204.78
1006.17	1200.27
1006.34	1208.73
1006.50	1212.64
1006.66	1200.54
1006.83	1210.82
1006.99	1203.12
1007.15	1212.21
1007.32	1200.05
1007.48	1208.75
1007.64	1198.88
1007.81	1206.23
1007.97	1202.16
1008.13	1213.38
1008.30	1198.31
1008.46	1213.32
1008.62	1206.23
1008.79	1205.66
1008.95	1208.10
1009.11	1208.65
1009.28	1201.95
1009.44	1215.76
1009.60	1192.04
1009.77	1209.14
1009.93	1206.29
1010.09	1212.56
1010.25	1204.49
1010.42	1207.50
1010.58	1202.30
1010.74	1209.67
1010.91	1210.04
1011.07	1208.81
1011.23	1209.08
1011.40	1198.37
1011.56	1204.49
1011.72	1204.72
1011.88	1197.22
1012.05	1210.57
1012.21	1204.90
1012.37	1206.54
1012.54	1203.30
1012.70	1206.32
1012.86	1206.83
1013.02	1211.19
1013.19	1202.22
1013.35	1203.61
1013.51	1205.45
1013.67	1209.51
1013.84	1201.91
1014.00	1206.13
1014.16	1205.62
1014.33	1204.51
1014.49	1199.15
1014.65	1211.60
1014.81	1200.11
1014.98	1217.39
1015.14	1205.86
1015.30	1210.74
1015.46	1202.49
1015.62	1215.65
1015.79	1197.78
1015.95	1205.86
1016.11	1205.84
1016.27	1209.55
1016.44	1204.06
1016.60	1217.52
1016.76	1203.67
1016.92	1206.36
1017.09	1197.30
1017.25	1206.48
1017.41	1194.31
1017.57	1219.77
1017.73	1208.47
1017.90	1212.03
1018.06	1203.24
1018.22	1210.33
1018.38	1201.36
1018.54	1207.40
1018.71	1198.10
1018.87	1206.64
1019.03	1193.19
1019.19	1211.82
1019.35	1201.60
1019.52	1217.17
1019.68	1199.72
1019.84	1204.59
1020.00	1211.64
1020.16	1206.34
1020.33	1204.78
1020.49	1207.11
1020.65	1196.44
1020.81	1207.22
1020.97	1201.17
1021.13	1205.27
1021.30	1202.36
1021.46	1211.76
1021.62	1197.32
1021.78	1205.88
1021.94	1194.81
1022.10	1208.26
1022.27	1199.74
1022.43	1211.37
1022.59	1204.96
1022.75	1207.95
1022.91	1208.65
1023.07	1202.16
1023.24	1203.41
1023.40	1205.56
1023.56	1209.06
1023.72	1210.25
1023.88	1201.60
1024.04	1215.80
1024.20	1200.38
1024.36	1214.42
1024.53	1202.71
1024.69	1206.60
1024.85	1200.52
1025.01	1208.53
1025.17	1200.99
1025.33	1201.99
1025.49	1202.61
1025.65	1212.11
1025.82	1198.23
1025.98	1213.99
1026.14	1206.40
1026.30	1207.81
1026.46	1204.00
1026.62	1205.91
1026.78	1202.75
1026.94	1210.29
1027.10	1196.14
1027.26	1210.51
1027.43	1200.27
1027.59	1213.13
1027.75	1200.89
1027.91	1211.39
1028.07	1204.21
1028.23	1210.90
1028.39	1205.39
1028.55	1212.89
1028.71	1203.76
1028.87	1202.14
1029.03	1197.92
1029.19	1207.42
1029.36	1206.17
1029.52	1198.55
1029.68	1201.58
1029.84	1210.90
1030.00	1207.97
1030.16	1209.82
1030.32	1201.65
1030.48	1208.69
1030.64	1200.68
1030.80	1212.62
1030.96	1201.36
1031.12	1210.51
1031.28	1202.98
1031.44	1207.30
1031.60	1203.39
1031.76	1211.54
1031.92	1201.79
1032.08	1226.00
1032.24	1201.13
1032.40	1216.60
1032.56	1194.44
1032.73	1207.28
1032.89	1204.02
1033.05	1205.95
1033.21	1201.26
1033.37	1215.94
1033.53	1205.43
1033.69	1207.42
1033.85	1199.60
1034.01	1205.62
1034.17	1202.96
1034.33	1206.95
1034.49	1207.50
1034.65	1214.96
1034.81	1204.49
1034.97	1208.04
1035.13	1206.72
1035.29	1208.77
1035.45	1200.64
1035.61	1213.01
1035.77	1206.11
1035.93	1210.96
1036.09	1209.33
1036.25	1210.23
1036.41	1198.04
1036.57	1209.02
1036.73	1198.78
1036.88	1202.14
1037.04	1206.03
