345.52	1179.98
345.73	1179.98
345.94	1179.98
346.16	1173.59
346.37	1182.70
346.58	1180.00
346.79	1185.02
347.00	1178.36
347.22	1191.49
347.43	1172.36
347.64	1190.48
347.85	1177.85
348.06	1193.99
348.28	1182.09
348.49	1186.06
348.70	1185.36
348.91	1193.60
349.12	1175.86
349.34	1187.45
349.55	1172.30
349.76	1191.79
349.97	1186.84
350.18	1187.25
350.40	1178.48
350.61	1191.49
350.82	1179.75
351.03	1186.55
351.24	1177.46
351.46	1188.15
351.67	1184.95
351.88	1186.18
352.09	1190.83
352.30	1192.14
352.51	1184.63
352.73	1188.25
352.94	1188.76
353.15	1197.32
353.36	1182.15
353.57	1191.12
353.79	1186.37
354.00	1189.09
354.21	1184.71
354.42	1194.23
354.63	1181.90
354.84	1186.04
355.06	1186.31
355.27	1186.14
355.48	1185.22
355.69	1194.93
355.90	1182.17
356.11	1193.27
356.33	1183.79
356.54	1190.83
356.75	1188.19
356.96	1196.79
357.17	1185.67
357.38	1185.32
357.60	1182.03
357.81	1194.23
358.02	1187.49
358.23	1192.92
358.44	1178.48
358.65	1199.41
358.87	1184.30
359.08	1180.86
359.29	1178.85
359.50	1189.89
359.71	1182.39
359.92	1194.40
360.13	1184.09
360.35	1189.26
360.56	1179.28
360.77	1195.52
360.98	1182.35
361.19	1193.58
361.40	1183.52
361.62	1193.19
361.83	1184.30
362.04	1191.20
362.25	1191.67
362.46	1193.86
362.67	1179.08
362.88	1187.60
363.10	1189.19
363.31	1190.65
363.52	1183.77
363.73	1188.68
363.94	1187.54
364.15	1195.32
364.36	1191.26
364.57	1193.17
364.79	1187.23
365.00	1189.54
365.21	1186.47
365.42	1193.45
365.63	1188.37
365.84	1190.18
366.05	1187.76
366.27	1190.40
366.48	1183.19
366.69	1195.24
366.90	1183.21
367.11	1198.08
367.32	1184.57
367.53	1194.85
367.74	1185.38
367.95	1188.17
368.17	1184.89
368.38	1188.44
368.59	1188.72
368.80	1187.74
369.01	1184.30
369.22	1190.67
369.43	1185.24
369.64	1188.21
369.86	1190.14
370.07	1190.16
370.28	1185.88
370.49	1187.06
370.70	1187.72
370.91	1191.90
371.12	1188.07
371.33	1196.89
371.54	1186.16
371.76	1190.46
371.97	1190.44
372.18	1186.94
372.39	1181.45
372.60	1188.74
372.81	1187.56
373.02	1185.34
373.23	1185.90
373.44	1195.48
373.65	1192.39
373.87	1187.54
374.08	1183.50
374.29	1187.60
374.50	1187.56
374.71	1191.63
374.92	1193.99
375.13	1188.85
375.34	1186.29
375.55	1192.12
375.76	1191.02
375.97	1193.37
376.19	1180.20
376.40	1188.29
376.61	1186.29
376.82	1193.84
377.03	1194.40
377.24	1197.20
377.45	1183.34
377.66	1189.93
377.87	1186.16
378.08	1193.54
378.29	1187.90
378.50	1191.75
378.71	1181.37
378.93	1191.49
379.14	1187.76
379.35	1195.09
379.56	1192.90
379.77	1190.67
379.98	1189.17
380.19	1194.31
380.40	1181.45
380.61	1193.99
380.82	1182.89
381.03	1200.21
381.24	1180.18
381.45	1199.54
381.66	1182.15
381.88	1189.11
382.09	1183.38
382.30	1190.22
382.51	1188.58
382.72	1197.98
382.93	1186.29
383.14	1194.44
383.35	1190.93
383.56	1191.45
383.77	1179.24
383.98	1193.82
384.19	1184.44
384.40	1192.94
384.61	1185.63
384.82	1190.53
385.03	1184.38
385.24	1197.04
385.45	1186.94
385.67	1192.74
385.88	1190.26
386.09	1190.05
386.30	1194.68
386.51	1190.53
386.72	1180.74
386.93	1188.48
387.14	1183.58
387.35	1191.51
387.56	1183.89
387.77	1198.74
387.98	1186.43
388.19	1194.44
388.40	1192.68
388.61	1198.61
388.82	1182.89
389.03	1198.43
389.24	1188.33
389.45	1191.57
389.66	1187.15
389.87	1199.31
390.08	1193.52
390.29	1197.75
390.50	1188.48
390.71	1191.67
390.92	1195.95
391.13	1193.90
391.34	1184.20
391.55	1191.90
391.76	1193.80
391.98	1190.85
392.19	1183.38
392.40	1197.71
392.61	1193.47
392.82	1194.58
393.03	1189.19
393.24	1195.38
393.45	1184.40
393.66	1193.70
393.87	1190.36
394.08	1192.76
394.29	1187.33
394.50	1191.02
394.71	1183.89
394.92	1193.31
395.13	1190.03
395.34	1195.81
395.55	1191.86
395.76	1193.15
395.97	1190.89
396.18	1193.23
396.39	1197.51
396.60	1195.42
396.81	1191.98
397.02	1197.04
397.23	1190.42
397.44	1188.85
397.65	1181.58
397.86	1194.52
398.07	1194.66
398.28	1199.17
398.49	1189.19
398.70	1196.36
398.91	1185.71
399.12	1190.32
399.33	1192.14
399.54	1198.06
399.75	1190.67
399.96	1189.83
400.17	1185.88
400.38	1190.73
400.59	1180.94
400.80	1198.16
401.01	1185.57
401.22	1198.88
401.42	1191.47
401.63	1194.85
401.84	1188.99
402.05	1188.25
402.26	1186.51
402.47	1199.66
402.68	1193.33
402.89	1196.26
403.10	1189.07
403.31	1197.16
403.52	1187.60
403.73	1202.08
403.94	1192.00
404.15	1196.94
404.36	1192.66
404.57	1200.62
404.78	1183.13
404.99	1191.59
405.20	1185.86
405.41	1192.88
405.62	1191.63
405.83	1199.80
406.04	1189.89
406.25	1196.10
406.46	1190.75
406.67	1197.88
406.88	1186.92
407.09	1196.81
407.30	1192.96
407.50	1191.49
407.71	1182.76
407.92	1198.41
408.13	1185.24
408.34	1200.33
408.55	1189.05
408.76	1199.19
408.97	1192.88
409.18	1191.16
409.39	1193.02
409.60	1198.78
409.81	1187.60
410.02	1202.71
410.23	1181.53
410.44	1198.68
410.65	1181.74
410.86	1194.35
411.07	1186.70
411.27	1196.55
411.48	1191.96
411.69	1193.13
411.90	1190.14
412.11	1195.77
412.32	1189.42
412.53	1201.67
412.74	1191.43
412.95	1197.18
413.16	1190.22
413.37	1199.39
413.58	1185.49
413.79	1186.02
414.00	1186.16
414.20	1199.19
414.41	1192.94
414.62	1195.36
414.83	1185.45
415.04	1195.81
415.25	1186.94
415.46	1195.95
415.67	1190.83
415.88	1194.25
416.09	1187.97
416.30	1197.06
416.51	1186.72
416.71	1199.82
416.92	1193.15
417.13	1198.92
417.34	1191.20
417.55	1208.55
417.76	1196.30
417.97	1206.32
418.18	1194.97
418.39	1213.97
418.60	1211.37
418.81	1211.07
419.01	1212.93
419.22	1222.29
419.43	1216.21
419.64	1227.00
419.85	1214.45
420.06	1233.29
420.27	1229.23
420.48	1236.62
420.69	1234.29
420.90	1256.72
421.10	1247.62
421.31	1283.34
421.52	1283.22
421.73	1304.47
421.94	1315.88
422.15	1338.14
422.36	1345.27
422.57	1353.56
422.78	1378.10
422.98	1363.01
423.19	1379.10
423.40	1393.11
423.61	1385.72
423.82	1399.56
424.03	1391.90
424.24	1414.59
424.45	1406.01
424.65	1419.22
424.86	1407.02
425.07	1421.25
425.28	1421.74
425.49	1427.13
425.70	1426.35
425.91	1440.64
426.12	1435.99
426.32	1430.69
426.53	1431.59
426.74	1427.37
426.95	1426.84
427.16	1415.13
427.37	1409.74
427.58	1396.28
427.78	1381.85
427.99	1374.17
428.20	1354.49
428.41	1357.66
428.62	1330.83
428.83	1329.28
429.04	1322.54
429.24	1322.07
429.45	1314.18
429.66	1308.14
429.87	1299.50
430.08	1309.39
430.29	1283.69
430.50	1293.95
430.70	1283.95
430.91	1286.64
431.12	1271.67
431.33	1282.66
431.54	1269.92
431.75	1279.20
431.96	1271.19
432.16	1279.16
432.37	1260.48
432.58	1269.49
432.79	1258.23
433.00	1260.79
433.21	1257.00
433.41	1259.73
433.62	1256.02
433.83	1257.86
434.04	1252.15
434.25	1254.46
434.46	1248.05
434.66	1258.46
434.87	1243.63
435.08	1252.93
435.29	1246.54
435.50	1246.33
435.71	1246.00
435.91	1247.48
436.12	1239.68
436.33	1239.25
436.54	1240.91
436.75	1242.91
436.95	1228.80
437.16	1238.39
437.37	1239.92
437.58	1238.22
437.79	1234.90
438.00	1244.45
438.20	1236.50
438.41	1248.38
438.62	1238.55
438.83	1246.43
439.04	1249.12
439.24	1259.87
439.45	1269.29
439.66	1284.71
439.87	1300.13
440.08	1325.57
440.28	1324.89
440.49	1340.66
440.70	1344.51
440.91	1352.68
441.12	1357.23
441.32	1359.26
441.53	1347.85
441.74	1354.79
441.95	1331.88
442.16	1338.78
442.36	1319.73
442.57	1306.44
442.78	1297.08
442.99	1291.61
443.20	1277.20
443.40	1264.27
443.61	1255.34
443.82	1242.32
444.03	1225.79
444.24	1235.29
444.44	1226.92
444.65	1220.38
444.86	1211.27
445.07	1220.10
445.27	1224.52
445.48	1223.31
445.69	1213.93
445.90	1218.40
446.11	1219.87
446.31	1223.78
446.52	1213.99
446.73	1214.88
446.94	1211.74
447.14	1211.09
447.35	1203.35
447.56	1207.26
447.77	1197.59
447.97	1212.27
448.18	1195.46
448.39	1196.48
448.60	1192.23
448.81	1196.57
449.01	1187.51
449.22	1200.38
449.43	1189.13
449.64	1198.29
449.84	1190.03
450.05	1200.11
450.26	1194.64
450.47	1201.56
450.67	1187.86
450.88	1199.35
451.09	1193.17
451.30	1195.83
451.50	1191.55
451.71	1191.82
451.92	1182.46
452.13	1201.03
452.33	1193.04
452.54	1201.24
452.75	1189.79
452.96	1204.19
453.16	1186.16
453.37	1192.04
453.58	1187.08
453.79	1197.04
453.99	1190.87
454.20	1196.16
454.41	1189.75
454.61	1202.65
454.82	1196.32
455.03	1199.04
455.24	1195.22
455.44	1197.18
455.65	1190.83
455.86	1189.13
456.07	1189.73
456.27	1188.91
456.48	1191.53
456.69	1193.43
456.90	1192.10
457.10	1202.75
457.31	1191.18
457.52	1199.90
457.72	1194.85
457.93	1196.24
458.14	1188.27
458.35	1198.53
458.55	1181.53
458.76	1197.73
458.97	1191.98
459.17	1188.99
459.38	1185.84
459.59	1201.40
459.80	1186.94
460.00	1196.26
460.21	1190.16
460.42	1191.45
460.62	1190.42
460.83	1191.84
461.04	1189.13
461.25	1195.34
461.45	1188.46
461.66	1195.48
461.87	1194.17
462.07	1200.01
462.28	1184.79
462.49	1199.19
462.69	1193.33
462.90	1193.02
463.11	1190.05
463.31	1199.50
463.52	1186.72
463.73	1193.95
463.94	1189.93
464.14	1193.86
464.35	1192.68
464.56	1196.38
464.76	1185.34
464.97	1194.21
465.18	1188.62
465.38	1197.10
465.59	1193.02
465.80	1195.24
466.00	1191.61
466.21	1191.06
466.42	1191.30
466.62	1187.51
466.83	1186.80
467.04	1197.41
467.24	1185.98
467.45	1196.98
467.66	1184.75
467.86	1204.49
468.07	1191.16
468.28	1191.63
468.48	1190.22
468.69	1202.55
468.90	1189.79
469.10	1196.05
469.31	1192.47
469.52	1200.50
469.72	1188.72
469.93	1190.69
470.14	1191.65
470.34	1192.41
470.55	1187.19
470.76	1202.75
470.96	1192.04
471.17	1191.98
471.38	1189.67
471.58	1197.96
471.79	1190.10
472.00	1193.68
472.20	1186.41
472.41	1196.89
472.62	1193.06
472.82	1197.63
473.03	1189.23
473.24	1195.65
473.44	1191.82
473.65	1189.36
473.85	1190.59
474.06	1195.34
474.27	1192.16
474.47	1188.29
474.68	1183.46
474.89	1195.07
475.09	1186.98
475.30	1198.64
475.51	1184.52
475.71	1196.24
475.92	1186.47
476.12	1193.47
476.33	1179.98
476.54	1190.93
476.74	1189.71
476.95	1198.94
477.16	1190.71
477.36	1191.14
477.57	1181.49
477.77	1187.94
477.98	1180.45
478.19	1191.71
478.39	1182.48
478.60	1196.96
478.81	1187.29
479.01	1190.07
479.22	1195.15
479.42	1190.98
479.63	1188.78
479.84	1189.03
480.04	1191.10
480.25	1189.42
480.45	1179.98
480.66	1190.30
480.87	1186.31
481.07	1190.96
481.28	1193.76
481.48	1193.02
481.69	1189.38
481.90	1192.16
482.10	1180.72
482.31	1186.39
482.51	1189.60
482.72	1194.83
482.93	1179.34
483.13	1188.99
483.34	1192.06
483.54	1191.73
483.75	1190.87
483.96	1195.50
484.16	1188.93
484.37	1189.81
484.57	1190.42
484.78	1195.36
484.99	1184.71
485.19	1188.42
485.40	1186.65
485.60	1190.24
485.81	1189.17
486.01	1200.11
486.22	1194.21
486.43	1195.91
486.63	1188.44
486.84	1193.39
487.04	1183.36
487.25	1191.86
487.46	1186.94
487.66	1190.55
487.87	1190.16
488.07	1196.03
488.28	1188.85
488.48	1200.70
488.69	1188.93
488.89	1194.42
489.10	1194.70
489.31	1200.62
489.51	1188.42
489.72	1189.97
489.92	1185.77
490.13	1198.90
490.33	1178.71
490.54	1189.79
490.75	1183.58
490.95	1192.47
491.16	1180.06
491.36	1194.87
491.57	1180.74
491.77	1187.23
491.98	1188.13
492.18	1196.14
492.39	1184.20
492.59	1193.99
492.80	1190.36
493.01	1194.19
493.21	1196.16
493.42	1195.17
493.62	1193.41
493.83	1194.09
494.03	1187.29
494.24	1190.03
494.44	1192.96
494.65	1201.46
494.85	1187.99
495.06	1193.76
495.26	1186.86
495.47	1190.81
495.68	1184.61
495.88	1197.51
496.09	1188.27
496.29	1192.98
496.50	1180.92
496.70	1200.19
496.91	1189.87
497.11	1187.11
497.32	1191.96
497.52	1199.68
497.73	1182.33
497.93	1187.45
498.14	1190.71
498.34	1193.33
498.55	1184.09
498.75	1184.46
498.96	1187.06
499.16	1191.88
499.37	1187.47
499.57	1188.37
499.78	1192.16
499.98	1190.20
500.19	1189.64
500.39	1192.41
500.60	1189.01
500.80	1192.80
501.01	1185.75
501.21	1196.85
501.42	1188.66
501.62	1189.79
501.83	1180.90
502.03	1194.05
502.24	1197.30
502.44	1200.64
502.65	1186.96
502.85	1195.58
503.06	1185.77
503.26	1190.98
503.47	1185.16
503.67	1192.45
503.88	1187.51
504.08	1196.96
504.29	1185.06
504.49	1198.33
504.70	1188.07
504.90	1191.20
505.11	1187.84
505.31	1194.76
505.52	1186.20
505.72	1197.10
505.93	1195.60
506.13	1193.49
506.34	1191.94
506.54	1191.45
506.75	1192.90
506.95	1190.03
507.16	1189.60
507.36	1187.49
507.56	1188.44
507.77	1191.79
507.97	1185.69
508.18	1196.12
508.38	1181.99
508.59	1194.21
508.79	1193.64
509.00	1195.38
509.20	1191.43
509.41	1190.14
509.61	1184.01
509.82	1192.78
510.02	1186.22
510.22	1193.64
510.43	1187.72
510.63	1192.96
510.84	1179.96
511.04	1189.97
511.25	1187.02
511.45	1189.52
511.66	1187.86
511.86	1189.67
512.06	1180.94
512.27	1187.70
512.47	1186.45
512.68	1191.30
512.88	1190.26
513.09	1190.59
513.29	1193.35
513.50	1186.33
513.70	1183.32
513.90	1194.54
514.11	1186.72
514.31	1188.85
514.52	1189.54
514.72	1190.53
514.93	1181.49
515.13	1193.60
515.33	1178.79
515.54	1195.58
515.74	1185.96
515.95	1200.72
516.15	1182.93
516.36	1197.32
516.56	1193.04
516.76	1193.43
516.97	1187.74
517.17	1193.11
517.38	1188.52
517.58	1187.99
517.78	1188.74
517.99	1194.95
518.19	1191.12
518.40	1191.16
518.60	1181.80
518.81	1192.94
519.01	1180.16
519.21	1196.08
519.42	1187.54
519.62	1197.14
519.83	1184.98
520.03	1188.15
520.23	1192.66
520.44	1190.55
520.64	1191.49
520.85	1194.50
521.05	1181.39
521.25	1197.08
521.46	1186.29
521.66	1197.55
521.86	1186.90
522.07	1188.76
522.27	1188.31
522.48	1194.09
522.68	1177.46
522.88	1194.93
523.09	1188.17
523.29	1197.73
523.50	1191.08
523.70	1187.82
523.90	1186.06
524.11	1194.93
524.31	1187.19
524.51	1192.74
524.72	1181.33
524.92	1189.91
525.13	1186.65
525.33	1198.70
525.53	1183.58
525.74	1195.54
525.94	1185.61
526.14	1193.78
526.35	1186.94
526.55	1187.27
526.76	1183.54
526.96	1193.82
527.16	1182.15
527.37	1189.30
527.57	1185.02
527.77	1193.04
527.98	1184.91
528.18	1189.62
528.38	1186.27
528.59	1187.68
528.79	1189.99
528.99	1194.48
529.20	1189.75
529.40	1199.80
529.61	1193.17
529.81	1190.63
530.01	1184.87
530.22	1194.11
530.42	1191.16
530.62	1192.23
530.83	1181.39
531.03	1190.46
531.23	1188.19
531.44	1188.60
531.64	1190.53
531.84	1189.05
532.05	1185.92
532.25	1191.47
532.45	1185.71
532.66	1198.39
532.86	1189.48
533.06	1192.80
533.27	1188.42
533.47	1189.62
533.67	1185.08
533.88	1190.81
534.08	1186.53
534.28	1198.98
534.49	1185.53
534.69	1197.67
534.89	1183.56
535.09	1189.46
535.30	1183.66
535.50	1199.47
535.70	1183.44
535.91	1198.08
536.11	1186.02
536.31	1187.11
536.52	1190.24
536.72	1196.32
536.92	1179.65
537.13	1191.61
537.33	1186.02
537.53	1192.31
537.74	1192.45
537.94	1190.38
538.14	1187.64
538.34	1191.55
538.55	1186.14
538.75	1198.23
538.95	1185.08
539.16	1186.18
539.36	1187.25
539.56	1192.00
539.77	1189.17
539.97	1198.08
540.17	1184.22
540.37	1191.71
540.58	1186.12
540.78	1195.52
540.98	1184.28
541.19	1190.44
541.39	1188.44
541.59	1198.18
541.79	1187.13
542.00	1191.53
542.20	1189.58
542.40	1186.68
542.60	1184.61
542.81	1187.94
543.01	1188.74
543.21	1195.01
543.42	1182.95
543.62	1186.86
543.82	1187.51
544.02	1192.10
544.23	1184.87
544.43	1195.69
544.63	1192.51
544.83	1191.73
545.04	1192.63
545.24	1192.59
545.44	1183.56
545.64	1195.79
545.85	1190.18
546.05	1196.12
546.25	1185.45
546.45	1188.91
546.66	1191.18
546.86	1195.44
547.06	1185.24
547.27	1198.35
547.47	1189.34
547.67	1191.84
547.87	1188.29
548.07	1195.75
548.28	1187.99
548.48	1196.46
548.68	1183.91
548.88	1190.55
549.09	1188.33
549.29	1190.73
549.49	1184.98
549.69	1186.59
549.90	1186.45
550.10	1192.90
550.30	1190.28
550.50	1198.12
550.71	1190.42
550.91	1193.95
551.11	1192.29
551.31	1193.15
551.51	1190.67
551.72	1200.27
551.92	1182.46
552.12	1191.69
552.32	1185.45
552.53	1197.39
552.73	1192.66
552.93	1194.29
553.13	1189.09
553.33	1191.02
553.54	1179.55
553.74	1197.67
553.94	1190.40
554.14	1191.98
554.35	1184.12
554.55	1195.69
554.75	1184.24
554.95	1189.75
555.15	1186.51
555.36	1189.26
555.56	1182.27
555.76	1192.27
555.96	1179.88
556.16	1193.45
556.37	1183.85
556.57	1195.97
556.77	1185.90
556.97	1191.20
557.17	1187.21
557.38	1194.50
557.58	1185.47
557.78	1193.06
557.98	1187.70
558.18	1198.33
558.38	1188.60
558.59	1194.91
558.79	1186.92
558.99	1195.89
559.19	1181.82
559.39	1189.67
559.60	1189.75
559.80	1191.22
560.00	1184.61
560.20	1200.46
560.40	1192.74
560.60	1193.33
560.81	1188.25
561.01	1183.48
561.21	1190.07
561.41	1193.99
561.61	1181.76
561.81	1202.03
562.02	1185.77
562.22	1197.20
562.42	1185.30
562.62	1189.97
562.82	1194.99
563.02	1191.24
563.23	1194.19
563.43	1200.54
563.63	1186.76
563.83	1189.50
564.03	1189.62
564.23	1190.89
564.43	1191.69
564.64	1194.25
564.84	1183.85
565.04	1193.76
565.24	1183.23
565.44	1194.23
565.64	1184.24
565.85	1191.96
566.05	1186.82
566.25	1190.65
566.45	1186.37
566.65	1199.23
566.85	1181.02
567.05	1191.88
567.25	1177.38
567.46	1194.58
567.66	1188.07
567.86	1192.82
568.06	1177.89
568.26	1201.63
568.46	1178.79
568.66	1195.69
568.86	1193.23
569.07	1189.17
569.27	1186.10
569.47	1188.87
569.67	1187.60
569.87	1196.08
570.07	1189.36
570.27	1193.04
570.47	1188.74
570.68	1196.20
570.88	1189.01
571.08	1194.58
571.28	1183.89
571.48	1197.30
571.68	1187.13
571.88	1196.01
572.08	1192.94
572.28	1189.26
572.49	1192.47
572.69	1194.40
572.89	1183.11
573.09	1196.20
573.29	1183.46
573.49	1186.63
573.69	1181.43
573.89	1193.56
574.09	1196.42
574.29	1191.32
574.50	1186.31
574.70	1190.81
574.90	1190.77
575.10	1192.74
575.30	1189.05
575.50	1196.38
575.70	1187.94
575.90	1189.15
576.10	1188.83
576.30	1196.71
576.50	1193.84
576.70	1192.37
576.91	1184.12
577.11	1190.16
577.31	1193.27
577.51	1189.77
577.71	1186.70
577.91	1197.28
578.11	1186.86
578.31	1196.28
578.51	1188.33
578.71	1189.75
578.91	1192.88
579.11	1186.63
579.31	1183.15
579.51	1196.77
579.71	1187.82
579.92	1195.07
580.12	1185.75
580.32	1192.04
580.52	1183.56
580.72	1191.39
580.92	1189.73
581.12	1201.56
581.32	1191.98
581.52	1192.66
581.72	1187.19
581.92	1195.30
582.12	1188.72
582.32	1188.52
582.52	1184.79
582.72	1189.21
582.92	1186.61
583.12	1192.84
583.32	1186.98
583.52	1193.13
583.72	1183.07
583.92	1195.67
584.12	1185.20
584.33	1192.12
584.53	1181.74
584.73	1193.78
584.93	1187.82
585.13	1194.76
585.33	1181.17
585.53	1190.38
585.73	1188.91
585.93	1188.44
586.13	1189.64
586.33	1188.74
586.53	1182.87
586.73	1191.65
586.93	1193.04
587.13	1189.40
587.33	1183.81
587.53	1193.70
587.73	1189.30
587.93	1191.53
588.13	1190.96
588.33	1194.03
588.53	1183.30
588.73	1192.31
588.93	1189.99
589.13	1193.86
589.33	1185.84
589.53	1194.56
589.73	1185.94
589.93	1191.69
590.13	1181.45
590.33	1195.79
590.53	1187.68
590.73	1190.96
590.93	1190.89
591.13	1184.87
591.33	1189.58
591.53	1197.84
591.73	1190.40
591.93	1183.46
592.13	1189.52
592.33	1190.46
592.53	1181.60
592.73	1192.14
592.93	1186.90
593.13	1190.34
593.33	1189.52
593.53	1185.41
593.73	1185.08
593.93	1193.37
594.13	1187.17
594.33	1194.29
594.53	1189.17
594.73	1200.83
594.92	1179.12
595.12	1194.17
595.32	1184.91
595.52	1191.88
595.72	1181.47
595.92	1192.70
596.12	1195.93
596.32	1197.39
596.52	1184.18
596.72	1189.36
596.92	1184.14
597.12	1196.05
597.32	1187.31
597.52	1196.16
597.72	1182.80
597.92	1196.26
598.12	1187.62
598.32	1190.93
598.52	1193.33
598.72	1197.96
598.92	1191.18
599.12	1183.03
599.31	1188.50
599.51	1193.15
599.71	1186.22
599.91	1192.00
600.11	1192.98
600.31	1202.83
600.51	1188.03
600.71	1195.03
600.91	1186.82
601.11	1193.04
601.31	1184.79
601.51	1188.23
601.71	1191.34
601.91	1187.51
602.10	1186.22
602.30	1199.62
602.50	1188.97
602.70	1192.06
602.90	1185.32
603.10	1193.80
603.30	1186.04
603.50	1197.59
603.70	1185.77
603.90	1187.78
604.10	1191.06
604.30	1192.00
604.49	1189.60
604.69	1198.59
604.89	1185.69
605.09	1197.73
605.29	1189.73
605.49	1197.43
605.69	1190.40
605.89	1191.10
606.09	1183.77
606.29	1197.02
606.48	1185.12
606.68	1190.46
606.88	1188.31
607.08	1197.16
607.28	1189.99
607.48	1186.16
607.68	1189.03
607.88	1191.18
608.08	1186.59
608.27	1190.55
608.47	1193.47
608.67	1194.27
608.87	1179.24
609.07	1188.95
609.27	1185.43
609.47	1195.01
609.67	1191.45
609.87	1189.83
610.06	1183.89
610.26	1198.35
610.46	1184.46
610.66	1190.65
610.86	1193.31
611.06	1187.97
611.26	1191.12
611.45	1202.34
611.65	1192.61
611.85	1190.10
612.05	1193.09
612.25	1186.98
612.45	1185.14
612.65	1198.51
612.84	1190.75
613.04	1195.26
613.24	1186.84
613.44	1194.31
613.64	1194.76
613.84	1195.26
614.04	1188.87
614.23	1189.93
614.43	1189.28
614.63	1192.61
614.83	1183.85
615.03	1197.82
615.23	1189.26
615.42	1195.09
615.62	1181.13
615.82	1190.53
616.02	1189.87
616.22	1194.87
616.42	1186.76
616.61	1196.69
616.81	1187.78
617.01	1191.53
617.21	1183.62
617.41	1193.92
617.61	1191.75
617.80	1189.44
618.00	1193.00
618.20	1191.32
618.40	1184.87
618.60	1190.12
618.80	1183.05
618.99	1187.72
619.19	1190.48
619.39	1197.26
619.59	1192.35
619.79	1198.02
619.98	1182.95
620.18	1195.11
620.38	1185.84
620.58	1191.30
620.78	1186.55
620.97	1190.89
621.17	1190.55
621.37	1188.68
621.57	1190.71
621.77	1184.59
621.96	1188.37
622.16	1190.73
622.36	1195.09
622.56	1198.37
622.76	1186.45
622.95	1196.36
623.15	1184.42
623.35	1189.81
623.55	1187.78
623.75	1189.50
623.94	1187.58
624.14	1196.38
624.34	1195.77
624.54	1191.79
624.73	1187.62
624.93	1196.85
625.13	1189.99
625.33	1188.95
625.53	1186.22
625.72	1189.73
625.92	1191.84
626.12	1193.56
626.32	1190.48
626.51	1189.69
626.71	1187.70
626.91	1196.05
627.11	1180.20
627.30	1185.30
627.50	1184.73
627.70	1187.27
627.90	1186.82
628.10	1199.19
628.29	1189.62
628.49	1194.97
628.69	1187.41
628.89	1193.45
629.08	1185.67
629.28	1199.80
629.48	1184.65
629.68	1194.46
629.87	1184.24
630.07	1188.68
630.27	1189.60
630.47	1192.57
630.66	1186.10
630.86	1192.66
631.06	1185.51
631.25	1188.46
631.45	1189.11
631.65	1191.77
631.85	1191.69
632.04	1186.53
632.24	1189.21
632.44	1192.02
632.64	1180.45
632.83	1187.51
633.03	1177.58
633.23	1189.87
633.42	1188.93
633.62	1192.10
633.82	1182.33
634.02	1200.11
634.21	1182.01
634.41	1195.56
634.61	1184.48
634.81	1190.89
635.00	1187.35
635.20	1183.85
635.40	1189.95
635.59	1190.69
635.79	1191.73
635.99	1197.02
636.18	1182.27
636.38	1195.81
636.58	1176.58
636.78	1192.37
636.97	1186.59
637.17	1192.72
637.37	1186.72
637.56	1188.97
637.76	1193.19
637.96	1187.04
638.15	1187.21
638.35	1192.02
638.55	1185.00
638.74	1188.80
638.94	1180.84
639.14	1195.48
639.34	1191.28
639.53	1201.54
639.73	1184.24
639.93	1186.14
640.12	1179.53
640.32	1192.82
640.52	1192.12
640.71	1184.24
640.91	1191.16
641.11	1195.11
641.30	1182.23
641.50	1190.24
641.70	1191.20
641.89	1193.95
642.09	1187.17
642.29	1193.70
642.48	1186.59
642.68	1189.26
642.88	1189.79
643.07	1197.92
643.27	1185.92
643.47	1187.56
643.66	1186.20
643.86	1190.81
644.06	1186.16
644.25	1191.36
644.45	1187.39
644.65	1186.16
644.84	1181.27
645.04	1191.08
645.23	1184.48
645.43	1186.31
645.63	1183.95
645.82	1194.27
646.02	1182.64
646.22	1194.48
646.41	1187.82
646.61	1193.58
646.81	1184.75
647.00	1201.73
647.20	1184.32
647.39	1194.01
647.59	1186.55
647.79	1193.11
647.98	1185.55
648.18	1184.32
648.38	1192.27
648.57	1189.28
648.77	1178.18
648.96	1189.64
649.16	1185.84
649.36	1190.26
649.55	1187.68
649.75	1196.30
649.95	1183.60
650.14	1187.31
650.34	1190.12
650.53	1202.22
650.73	1180.69
650.93	1187.19
651.12	1190.75
651.32	1195.30
651.51	1186.10
651.71	1192.06
651.91	1183.68
652.10	1193.95
652.30	1186.84
652.49	1190.77
652.69	1195.50
652.89	1195.56
653.08	1185.73
653.28	1195.07
653.47	1190.46
653.67	1190.20
653.86	1185.26
654.06	1186.80
654.26	1186.74
654.45	1195.44
654.65	1188.66
654.84	1196.48
655.04	1187.27
655.24	1186.92
655.43	1185.30
655.63	1194.74
655.82	1183.79
656.02	1189.77
656.21	1189.69
656.41	1195.48
656.61	1187.41
656.80	1190.71
657.00	1184.77
657.19	1186.55
657.39	1181.66
657.58	1186.06
657.78	1189.07
657.97	1194.17
658.17	1187.45
658.37	1190.40
658.56	1186.39
658.76	1190.36
658.95	1184.63
659.15	1191.67
659.34	1182.91
659.54	1193.33
659.73	1185.12
659.93	1193.21
660.13	1187.51
660.32	1193.90
660.52	1186.94
660.71	1189.36
660.91	1184.01
661.10	1198.25
661.30	1183.44
661.49	1191.57
661.69	1183.23
661.88	1193.15
662.08	1188.93
662.27	1194.42
662.47	1185.47
662.66	1189.11
662.86	1188.70
663.06	1181.70
663.25	1187.23
663.45	1187.80
663.64	1188.76
663.84	1192.84
664.03	1184.36
664.23	1187.31
664.42	1191.75
664.62	1185.30
664.81	1178.11
665.01	1190.96
665.20	1182.48
665.40	1191.98
665.59	1176.97
665.79	1192.70
665.98	1188.93
666.18	1188.50
666.37	1184.52
666.57	1189.13
666.76	1187.76
666.96	1193.04
667.15	1191.43
667.35	1188.85
667.54	1186.31
667.74	1192.18
667.93	1190.77
668.13	1198.12
668.32	1183.40
668.52	1197.82
668.71	1188.83
668.91	1191.14
669.10	1188.27
669.30	1195.15
669.49	1192.76
669.68	1193.23
669.88	1185.57
670.07	1197.49
670.27	1182.13
670.46	1183.52
670.66	1178.91
670.85	1198.98
671.05	1189.21
671.24	1191.30
671.44	1181.49
671.63	1190.34
671.83	1180.26
672.02	1193.74
672.22	1182.93
672.41	1194.23
672.60	1185.98
672.80	1190.81
672.99	1188.91
673.19	1186.51
673.38	1185.12
673.58	1188.74
673.77	1181.80
673.97	1193.68
674.16	1189.13
674.36	1195.77
674.55	1192.55
674.74	1181.02
674.94	1182.82
675.13	1192.57
675.33	1184.38
675.52	1191.69
675.72	1182.48
675.91	1198.37
676.10	1191.34
676.30	1188.76
676.49	1191.18
676.69	1197.51
676.88	1185.94
677.08	1190.01
677.27	1184.61
677.46	1189.09
677.66	1186.88
677.85	1188.29
678.05	1182.91
678.24	1186.88
678.44	1188.66
678.63	1188.48
678.82	1191.02
679.02	1193.49
679.21	1188.27
679.41	1193.99
679.60	1191.65
679.79	1195.44
679.99	1179.79
680.18	1193.27
680.38	1181.33
680.57	1185.71
680.76	1188.33
680.96	1189.13
681.15	1179.65
681.35	1191.16
681.54	1183.23
681.73	1194.21
681.93	1185.30
682.12	1186.29
682.32	1184.61
682.51	1193.58
682.70	1186.57
682.90	1195.26
683.09	1187.04
683.29	1190.07
683.48	1183.75
683.67	1192.90
683.87	1184.59
684.06	1194.50
684.25	1184.79
684.45	1198.08
684.64	1186.63
684.84	1194.09
685.03	1191.24
685.22	1187.29
685.42	1181.66
685.61	1195.81
685.80	1187.60
686.00	1198.41
686.19	1188.60
686.38	1190.55
686.58	1188.17
686.77	1193.41
686.96	1187.92
687.16	1188.93
687.35	1186.00
687.55	1189.23
687.74	1192.88
687.93	1189.56
688.13	1191.22
688.32	1197.98
688.51	1185.92
688.71	1200.40
688.90	1190.46
689.09	1192.41
689.29	1181.10
689.48	1182.64
689.67	1191.36
689.87	1191.57
690.06	1193.82
690.25	1193.27
690.45	1184.79
690.64	1193.06
690.83	1186.08
691.03	1194.38
691.22	1184.44
691.41	1193.35
691.61	1187.86
691.80	1191.86
691.99	1181.10
692.19	1203.30
692.38	1185.41
692.57	1191.67
692.76	1186.49
692.96	1190.05
693.15	1183.21
693.34	1189.28
693.54	1186.31
693.73	1191.61
693.92	1192.35
694.12	1189.34
694.31	1188.27
694.50	1192.94
694.70	1182.37
694.89	1191.90
695.08	1188.64
695.27	1189.32
695.47	1179.30
695.66	1190.05
695.85	1187.72
696.05	1191.34
696.24	1184.03
696.43	1197.96
696.62	1190.24
696.82	1195.15
697.01	1188.15
697.20	1196.53
697.40	1183.89
697.59	1195.38
697.78	1183.62
697.97	1193.35
698.17	1190.14
698.36	1182.80
698.55	1184.98
698.74	1191.26
698.94	1180.33
699.13	1196.42
699.32	1187.13
699.52	1201.13
699.71	1191.98
699.90	1192.16
700.09	1191.43
700.29	1190.05
700.48	1183.19
700.67	1190.57
700.86	1188.44
701.06	1195.91
701.25	1186.29
701.44	1195.19
701.63	1182.31
701.83	1186.88
702.02	1186.98
702.21	1190.55
702.40	1186.08
702.60	1192.90
702.79	1188.72
702.98	1190.96
703.17	1184.44
703.37	1194.66
703.56	1186.16
703.75	1187.78
703.94	1188.46
704.13	1187.74
704.33	1183.89
704.52	1188.64
704.71	1188.23
704.90	1186.96
705.10	1185.88
705.29	1189.54
705.48	1188.01
705.67	1199.50
705.86	1187.29
706.06	1197.24
706.25	1185.59
706.44	1189.87
706.63	1179.18
706.83	1195.24
707.02	1186.96
707.21	1194.23
707.40	1178.83
707.59	1195.01
707.79	1187.58
707.98	1188.85
708.17	1192.04
708.36	1185.02
708.55	1182.89
708.75	1191.94
708.94	1184.07
709.13	1186.04
709.32	1189.87
709.51	1194.42
709.71	1189.73
709.90	1188.05
710.09	1189.23
710.28	1191.55
710.47	1184.59
710.66	1187.97
710.86	1182.48
711.05	1187.19
711.24	1177.44
711.43	1196.08
711.62	1184.12
711.82	1192.37
712.01	1184.22
712.20	1192.10
712.39	1187.33
712.58	1198.39
712.77	1187.94
712.97	1192.94
713.16	1185.73
713.35	1187.00
713.54	1195.40
713.73	1193.47
713.92	1183.56
714.11	1191.65
714.31	1190.61
714.50	1194.09
714.69	1192.18
714.88	1201.11
715.07	1185.14
715.26	1191.75
715.46	1181.53
715.65	1194.54
715.84	1189.28
716.03	1191.16
716.22	1189.38
716.41	1193.62
716.60	1191.53
716.80	1193.82
716.99	1193.58
717.18	1186.74
717.37	1187.31
717.56	1190.55
717.75	1188.27
717.94	1192.39
718.13	1188.03
718.33	1192.43
718.52	1180.92
718.71	1192.61
718.90	1189.40
719.09	1197.47
719.28	1189.42
719.47	1187.99
719.66	1193.13
719.85	1185.96
720.05	1181.76
720.24	1196.24
720.43	1182.87
720.62	1195.32
720.81	1185.06
721.00	1194.85
721.19	1188.35
721.38	1198.41
721.57	1183.17
721.77	1195.52
721.96	1185.04
722.15	1194.76
722.34	1183.44
722.53	1197.30
722.72	1181.78
722.91	1188.21
723.10	1186.10
723.29	1198.18
723.48	1182.99
723.67	1185.94
723.87	1188.80
724.06	1197.18
724.25	1186.78
724.44	1191.96
724.63	1184.95
724.82	1195.32
725.01	1178.09
725.20	1191.57
725.39	1185.28
725.58	1199.37
725.77	1182.74
725.96	1187.58
726.15	1182.33
726.34	1193.95
726.54	1183.54
726.73	1193.39
726.92	1186.08
727.11	1188.46
727.30	1180.26
727.49	1195.30
727.68	1188.95
727.87	1191.55
728.06	1190.40
728.25	1189.40
728.44	1191.00
728.63	1190.91
728.82	1186.51
729.01	1191.34
729.20	1187.66
729.39	1188.99
729.58	1186.47
729.77	1195.30
729.96	1185.38
730.15	1195.38
730.34	1183.09
730.53	1190.81
730.73	1191.00
730.92	1191.32
731.11	1190.69
731.30	1196.22
731.49	1189.85
731.68	1193.62
731.87	1187.78
732.06	1191.51
732.25	1184.09
732.44	1194.05
732.63	1189.95
732.82	1192.55
733.01	1184.46
733.20	1189.05
733.39	1186.06
733.58	1192.14
733.77	1180.55
733.96	1200.83
734.15	1189.30
734.34	1193.56
734.53	1185.47
734.72	1194.93
734.91	1187.00
735.10	1185.53
735.29	1183.19
735.48	1195.46
735.67	1183.01
735.86	1191.75
736.05	1187.84
736.24	1192.20
736.43	1191.49
736.62	1182.60
736.81	1184.81
737.00	1206.91
737.19	1183.64
737.38	1200.64
737.57	1186.04
737.76	1196.69
737.95	1185.55
738.14	1198.59
738.33	1182.93
738.51	1191.69
738.70	1186.74
738.89	1193.58
739.08	1179.83
739.27	1193.02
739.46	1177.95
739.65	1190.85
739.84	1187.58
740.03	1188.03
740.22	1193.04
740.41	1197.57
740.60	1185.49
740.79	1189.21
740.98	1185.32
741.17	1192.82
741.36	1184.57
741.55	1194.03
741.74	1190.67
741.93	1195.09
742.12	1179.88
742.31	1197.00
742.50	1189.58
742.68	1188.54
742.87	1182.03
743.06	1193.47
743.25	1188.80
743.44	1188.72
743.63	1186.18
743.82	1186.45
744.01	1181.19
744.20	1192.84
744.39	1184.40
744.58	1193.19
744.77	1188.87
744.96	1191.45
745.14	1186.55
745.33	1194.25
745.52	1182.46
745.71	1189.54
745.90	1184.61
746.09	1194.15
746.28	1181.56
746.47	1179.57
746.66	1187.54
746.85	1191.77
747.04	1189.64
747.22	1189.85
747.41	1185.65
747.60	1189.52
747.79	1189.01
747.98	1189.07
748.17	1184.24
748.36	1192.66
748.55	1186.82
748.74	1193.25
748.93	1184.77
749.11	1195.83
749.30	1184.83
749.49	1195.87
749.68	1182.70
749.87	1186.80
750.06	1188.40
750.25	1186.70
750.44	1182.07
750.62	1188.56
750.81	1186.74
751.00	1193.86
751.19	1183.54
751.38	1192.96
751.57	1187.08
751.76	1191.61
751.95	1190.55
752.13	1192.98
752.32	1178.95
752.51	1186.94
752.70	1186.98
752.89	1192.63
753.08	1186.59
753.27	1192.57
753.45	1188.62
753.64	1196.22
753.83	1192.88
754.02	1192.96
754.21	1188.58
754.40	1186.31
754.58	1188.13
754.77	1191.02
754.96	1189.05
755.15	1193.35
755.34	1185.71
755.53	1195.09
755.71	1183.36
755.90	1197.14
756.09	1191.67
756.28	1179.81
756.47	1190.03
756.66	1189.23
756.84	1188.85
757.03	1190.87
757.22	1184.20
757.41	1196.61
757.60	1189.34
757.79	1194.78
757.97	1185.10
758.16	1190.26
758.35	1194.48
758.54	1202.61
758.73	1186.37
758.91	1190.81
759.10	1186.33
759.29	1203.76
759.48	1180.92
759.67	1185.73
759.85	1190.42
760.04	1193.95
760.23	1183.38
760.42	1193.47
760.61	1193.58
760.79	1192.45
760.98	1184.16
761.17	1195.38
761.36	1183.83
761.55	1191.53
761.73	1182.25
761.92	1191.16
762.11	1190.38
762.30	1194.35
762.49	1189.81
762.67	1191.36
762.86	1188.85
763.05	1192.94
763.24	1186.18
763.42	1194.09
763.61	1188.68
763.80	1184.18
763.99	1188.25
764.17	1188.17
764.36	1185.57
764.55	1190.67
764.74	1192.55
764.92	1198.80
765.11	1187.84
765.30	1190.34
765.49	1191.06
765.68	1190.87
765.86	1186.29
766.05	1183.64
766.24	1182.97
766.43	1185.53
766.61	1179.77
766.80	1191.51
766.99	1177.15
767.17	1189.54
767.36	1191.06
767.55	1188.74
767.74	1187.47
767.92	1194.97
768.11	1188.58
768.30	1194.68
768.49	1189.19
768.67	1193.47
768.86	1186.90
769.05	1195.99
769.24	1175.84
769.42	1190.10
769.61	1185.94
769.80	1192.10
769.98	1190.89
770.17	1187.51
770.36	1188.76
770.55	1195.36
770.73	1186.65
770.92	1192.29
771.11	1190.38
771.29	1191.79
771.48	1186.57
771.67	1185.38
771.86	1186.06
772.04	1191.10
772.23	1190.57
772.42	1188.37
772.60	1183.79
772.79	1193.00
772.98	1184.81
773.16	1193.90
773.35	1181.33
773.54	1192.02
773.72	1183.75
773.91	1190.87
774.10	1186.20
774.29	1194.46
774.47	1186.35
774.66	1190.83
774.85	1187.62
775.03	1191.39
775.22	1181.23
775.41	1192.86
775.59	1194.35
775.78	1195.99
775.97	1179.63
776.15	1187.11
776.34	1181.64
776.53	1190.59
776.71	1191.34
776.90	1190.73
777.09	1182.89
777.27	1191.16
777.46	1187.00
777.65	1186.63
777.83	1181.84
778.02	1191.12
778.21	1186.16
778.39	1187.97
778.58	1192.80
778.76	1192.29
778.95	1180.92
779.14	1193.88
779.32	1185.02
779.51	1194.29
779.70	1184.48
779.88	1194.58
780.07	1186.37
780.26	1197.00
780.44	1184.85
780.63	1191.82
780.81	1181.84
781.00	1188.21
781.19	1183.44
781.37	1194.13
781.56	1183.09
781.75	1188.83
781.93	1186.31
782.12	1190.30
782.30	1183.91
782.49	1189.05
782.68	1185.94
782.86	1191.79
783.05	1181.39
783.23	1186.33
783.42	1183.48
783.61	1195.87
783.79	1187.25
783.98	1191.22
784.16	1184.30
784.35	1194.50
784.54	1182.42
784.72	1190.59
784.91	1188.93
785.09	1191.32
785.28	1181.94
785.47	1188.23
785.65	1184.01
785.84	1190.85
786.02	1186.49
786.21	1194.01
786.40	1178.61
786.58	1194.11
786.77	1184.01
786.95	1188.74
787.14	1192.33
787.32	1195.40
787.51	1192.16
787.70	1192.55
787.88	1188.97
788.07	1193.23
788.25	1186.08
788.44	1187.25
788.62	1192.23
788.81	1195.97
789.00	1187.41
789.18	1190.40
789.37	1182.01
789.55	1187.86
789.74	1183.42
789.92	1189.91
790.11	1187.92
790.29	1191.69
790.48	1188.07
790.67	1192.29
790.85	1187.78
791.04	1188.58
791.22	1184.61
791.41	1186.96
791.59	1186.63
791.78	1189.42
791.96	1188.42
792.15	1192.45
792.33	1193.37
792.52	1188.95
792.70	1182.46
792.89	1188.64
793.07	1184.67
793.26	1194.95
793.45	1181.68
793.63	1199.31
793.82	1184.12
794.00	1195.62
794.19	1187.86
794.37	1190.10
794.56	1182.15
794.74	1194.66
794.93	1190.48
795.11	1197.14
795.30	1182.37
795.48	1191.84
795.67	1181.35
795.85	1191.45
796.04	1186.24
796.22	1191.04
796.41	1182.54
796.59	1191.49
796.78	1190.85
796.96	1190.61
797.15	1181.88
797.33	1196.77
797.52	1189.05
797.70	1193.95
797.89	1189.38
798.07	1190.65
798.26	1183.99
798.44	1189.89
798.63	1184.73
798.81	1187.35
798.99	1185.22
799.18	1188.33
799.36	1192.31
799.55	1185.14
799.73	1189.58
799.92	1195.46
800.10	1183.05
800.29	1190.26
800.47	1173.18
800.66	1191.51
800.84	1182.39
801.03	1187.29
801.21	1183.50
801.39	1195.40
801.58	1179.94
801.76	1194.11
801.95	1181.43
802.13	1192.41
802.32	1181.90
802.50	1191.22
802.69	1184.77
802.87	1193.82
803.06	1180.26
803.24	1191.39
803.42	1190.30
803.61	1194.83
803.79	1180.43
803.98	1192.16
804.16	1186.92
804.35	1191.26
804.53	1185.36
804.71	1188.19
804.90	1185.79
805.08	1193.39
805.27	1181.47
805.45	1193.86
805.63	1184.87
805.82	1194.64
806.00	1182.05
806.19	1189.11
806.37	1187.13
806.56	1190.73
806.74	1184.03
806.92	1194.68
807.11	1185.14
807.29	1190.59
807.48	1191.49
807.66	1195.58
807.84	1183.19
808.03	1188.29
808.21	1187.21
808.40	1189.89
808.58	1184.59
808.76	1190.89
808.95	1183.60
809.13	1192.33
809.32	1182.42
809.50	1184.81
809.68	1187.92
809.87	1184.75
810.05	1182.68
810.23	1191.88
810.42	1184.14
810.60	1187.54
810.79	1186.43
810.97	1194.17
811.15	1186.63
811.34	1189.17
811.52	1190.75
811.70	1189.23
811.89	1194.54
812.07	1194.17
812.25	1189.19
812.44	1194.62
812.62	1185.65
812.81	1194.62
812.99	1184.75
813.17	1188.76
813.36	1188.95
813.54	1189.67
813.72	1185.63
813.91	1196.91
814.09	1186.45
814.27	1189.21
814.46	1186.43
814.64	1188.50
814.82	1183.73
815.01	1195.93
815.19	1186.80
815.37	1187.00
815.56	1190.26
815.74	1189.15
815.92	1182.11
816.11	1200.03
816.29	1188.50
816.47	1188.01
816.66	1187.45
816.84	1190.85
817.02	1189.42
817.21	1190.22
817.39	1182.93
817.57	1191.84
817.76	1183.11
817.94	1186.51
818.12	1187.02
818.30	1192.51
818.49	1183.23
818.67	1196.20
818.85	1184.81
819.04	1194.13
819.22	1180.49
819.40	1188.19
819.59	1184.55
819.77	1189.11
819.95	1188.70
820.13	1192.39
820.32	1183.34
820.50	1193.84
820.68	1177.44
820.87	1186.76
821.05	1182.46
821.23	1190.42
821.41	1188.97
821.60	1191.55
821.78	1185.28
821.96	1188.05
822.14	1184.75
822.33	1194.11
822.51	1180.90
822.69	1193.60
822.88	1191.53
823.06	1188.83
823.24	1181.68
823.42	1187.23
823.61	1184.81
823.79	1184.65
823.97	1188.72
824.15	1186.65
824.34	1190.83
824.52	1195.89
824.70	1181.02
824.88	1190.12
825.07	1184.95
825.25	1199.84
825.43	1186.94
825.61	1190.48
825.80	1179.79
825.98	1192.57
826.16	1181.70
826.34	1188.25
826.53	1182.33
826.71	1191.28
826.89	1193.45
827.07	1191.20
827.25	1183.36
827.44	1192.61
827.62	1182.74
827.80	1195.93
827.98	1187.31
828.17	1189.03
828.35	1185.92
828.53	1190.57
828.71	1180.22
828.89	1189.42
829.08	1194.40
829.26	1193.11
829.44	1192.74
829.62	1198.74
829.80	1190.30
829.99	1196.71
830.17	1192.12
830.35	1189.11
830.53	1182.87
830.71	1194.76
830.90	1191.04
831.08	1188.35
831.26	1188.78
831.44	1188.23
831.62	1185.73
831.81	1191.69
831.99	1182.33
832.17	1181.51
832.35	1186.39
832.53	1188.48
832.71	1184.59
832.90	1198.10
833.08	1189.67
833.26	1198.43
833.44	1186.14
833.62	1195.46
833.81	1185.36
833.99	1190.89
834.17	1193.99
834.35	1186.49
834.53	1186.96
834.71	1190.77
834.89	1183.54
835.08	1191.82
835.26	1186.70
835.44	1191.36
835.62	1186.84
835.80	1194.76
835.98	1183.23
836.17	1194.62
836.35	1184.44
836.53	1189.85
836.71	1184.65
836.89	1191.32
837.07	1187.82
837.25	1193.62
837.44	1184.98
837.62	1191.75
837.80	1191.88
837.98	1192.47
838.16	1183.68
838.34	1193.58
838.52	1183.30
838.70	1197.20
838.89	1188.01
839.07	1192.74
839.25	1182.17
839.43	1191.43
839.61	1187.02
839.79	1196.67
839.97	1187.00
840.15	1196.24
840.33	1190.91
840.52	1197.37
840.70	1186.18
840.88	1194.78
841.06	1178.46
841.24	1191.04
841.42	1186.86
841.60	1193.17
841.78	1192.63
841.96	1197.06
842.14	1189.23
842.33	1196.57
842.51	1196.42
842.69	1185.51
842.87	1183.87
843.05	1190.67
843.23	1185.84
843.41	1194.52
843.59	1186.55
843.77	1194.76
843.95	1189.42
844.13	1191.84
844.31	1191.39
844.49	1200.31
844.68	1185.04
844.86	1186.20
845.04	1180.98
845.22	1193.86
845.40	1181.04
845.58	1196.18
845.76	1182.66
845.94	1188.21
846.12	1174.04
846.30	1192.37
846.48	1183.19
846.66	1190.48
846.84	1186.57
847.02	1183.83
847.20	1189.30
847.38	1189.21
847.56	1182.19
847.74	1192.37
847.92	1186.61
848.11	1191.14
848.29	1183.60
848.47	1186.84
848.65	1191.16
848.83	1195.56
849.01	1191.41
849.19	1190.20
849.37	1185.18
849.55	1193.76
849.73	1183.73
849.91	1192.16
850.09	1183.09
850.27	1188.89
850.45	1182.37
850.63	1193.70
850.81	1185.90
850.99	1185.84
851.17	1185.71
851.35	1190.14
851.53	1185.92
851.71	1197.59
851.89	1183.87
852.07	1194.13
852.25	1185.84
852.43	1184.14
852.61	1187.04
852.79	1202.14
852.97	1191.12
853.15	1190.07
853.33	1184.42
853.51	1185.69
853.69	1188.58
853.87	1192.53
854.05	1183.79
854.23	1189.30
854.41	1188.80
854.59	1191.82
854.77	1189.26
854.95	1189.19
855.13	1188.07
855.31	1190.77
855.49	1186.20
855.67	1189.81
855.84	1176.50
856.02	1187.25
856.20	1186.72
856.38	1187.02
856.56	1185.18
856.74	1191.65
856.92	1185.49
857.10	1190.03
857.28	1182.74
857.46	1193.00
857.64	1185.30
857.82	1191.28
858.00	1183.48
858.18	1198.37
858.36	1187.02
858.54	1192.84
858.72	1194.66
858.90	1199.21
859.08	1190.18
859.25	1196.81
859.43	1187.64
859.61	1194.17
859.79	1192.92
859.97	1187.21
860.15	1179.12
860.33	1194.83
860.51	1186.68
860.69	1191.34
860.87	1184.63
861.05	1192.94
861.23	1187.58
861.41	1190.57
861.58	1191.04
861.76	1190.48
861.94	1188.29
862.12	1193.97
862.30	1188.72
862.48	1189.34
862.66	1176.44
862.84	1201.24
863.02	1187.35
863.20	1190.24
863.37	1186.43
863.55	1187.86
863.73	1188.89
863.91	1191.65
864.09	1184.42
864.27	1187.29
864.45	1184.03
864.63	1194.09
864.80	1180.57
864.98	1194.83
865.16	1187.97
865.34	1189.64
865.52	1184.09
865.70	1196.32
865.88	1191.28
866.06	1191.04
866.23	1188.03
866.41	1194.31
866.59	1176.39
866.77	1193.92
866.95	1188.78
867.13	1195.34
867.31	1179.28
867.48	1191.49
867.66	1183.77
867.84	1192.43
868.02	1184.95
868.20	1188.46
868.38	1177.48
868.56	1199.52
868.73	1184.77
868.91	1193.27
869.09	1181.49
869.27	1188.07
869.45	1183.93
869.63	1193.43
869.80	1190.63
869.98	1191.59
870.16	1185.98
870.34	1188.93
870.52	1186.29
870.70	1189.36
870.87	1184.46
871.05	1198.68
871.23	1188.37
871.41	1193.68
871.59	1179.61
871.76	1191.67
871.94	1188.87
872.12	1191.32
872.30	1194.27
872.48	1189.83
872.65	1189.95
872.83	1194.56
873.01	1190.98
873.19	1195.32
873.37	1185.84
873.54	1192.35
873.72	1191.71
873.90	1186.35
874.08	1186.02
874.26	1189.17
874.43	1179.22
874.61	1194.76
874.79	1184.36
874.97	1186.41
875.15	1177.79
875.32	1197.88
875.50	1189.97
875.68	1196.38
875.86	1190.42
876.03	1191.02
876.21	1188.13
876.39	1193.27
876.57	1181.82
876.74	1190.63
876.92	1186.16
877.10	1184.03
877.28	1188.01
877.45	1187.58
877.63	1176.99
877.81	1190.07
877.99	1186.02
878.17	1192.18
878.34	1190.81
878.52	1184.59
878.70	1182.80
878.87	1191.51
879.05	1188.35
879.23	1187.41
879.41	1189.75
879.58	1193.29
879.76	1182.70
879.94	1191.75
880.12	1191.18
880.29	1188.95
880.47	1186.10
880.65	1193.09
880.83	1190.73
881.00	1184.95
881.18	1181.35
881.36	1190.59
881.53	1189.95
881.71	1186.47
881.89	1192.27
882.07	1190.53
882.24	1189.73
882.42	1188.95
882.60	1181.86
882.77	1193.86
882.95	1187.86
883.13	1195.85
883.30	1186.06
883.48	1189.83
883.66	1179.10
883.84	1192.37
884.01	1191.22
884.19	1190.83
884.37	1182.95
884.54	1194.46
884.72	1185.06
884.90	1192.08
885.07	1185.28
885.25	1191.43
885.43	1176.56
885.60	1194.78
885.78	1187.33
885.96	1189.44
886.13	1184.57
886.31	1189.62
886.49	1188.78
886.66	1196.96
886.84	1189.42
887.02	1184.55
887.19	1178.61
887.37	1191.18
887.55	1192.57
887.72	1190.20
887.90	1187.51
888.08	1188.93
888.25	1189.85
888.43	1191.53
888.61	1185.65
888.78	1191.71
888.96	1181.45
889.14	1193.86
889.31	1189.81
889.49	1194.48
889.67	1187.21
889.84	1191.65
890.02	1184.18
890.19	1196.98
890.37	1187.21
890.55	1190.05
890.72	1193.90
890.90	1185.08
891.08	1183.99
891.25	1190.38
891.43	1186.55
891.60	1190.40
891.78	1192.74
891.96	1195.03
892.13	1186.65
892.31	1191.96
892.48	1187.37
892.66	1192.80
892.84	1183.54
893.01	1191.96
893.19	1179.16
893.36	1194.31
893.54	1186.98
893.72	1193.74
893.89	1184.28
894.07	1182.15
894.24	1190.59
894.42	1211.11
894.60	1188.42
894.77	1191.28
894.95	1190.57
895.12	1187.88
895.30	1182.05
895.48	1193.35
895.65	1174.63
895.83	1196.71
896.00	1185.28
896.18	1192.33
896.35	1187.82
896.53	1196.30
896.71	1185.04
896.88	1196.03
897.06	1189.40
897.23	1190.77
897.41	1183.28
897.58	1186.20
897.76	1183.58
897.93	1188.87
898.11	1180.08
898.29	1193.68
898.46	1190.63
898.64	1197.47
898.81	1179.75
898.99	1198.31
899.16	1182.52
899.34	1186.31
899.51	1178.81
899.69	1192.39
899.86	1184.87
900.04	1191.45
900.21	1183.17
900.39	1190.85
900.57	1186.08
900.74	1192.45
900.92	1182.72
901.09	1191.41
901.27	1185.30
901.44	1198.88
901.62	1185.08
901.79	1195.17
901.97	1181.99
902.14	1190.59
902.32	1181.27
902.49	1197.43
902.67	1190.03
902.84	1195.30
903.02	1188.19
903.19	1188.74
903.37	1184.03
903.54	1185.71
903.72	1183.09
903.89	1194.78
904.07	1181.90
904.24	1195.05
904.42	1190.87
904.59	1183.36
904.77	1184.63
904.94	1193.78
905.12	1175.25
905.29	1192.84
905.47	1178.48
905.64	1187.47
905.82	1187.39
905.99	1189.01
906.16	1188.85
906.34	1192.61
906.51	1184.79
906.69	1197.18
906.86	1179.75
907.04	1187.08
907.21	1181.60
907.39	1195.13
907.56	1187.58
907.74	1189.52
907.91	1185.81
908.09	1195.46
908.26	1189.56
908.43	1194.76
908.61	1183.40
908.78	1192.25
908.96	1182.91
909.13	1198.51
909.31	1186.31
909.48	1189.62
909.65	1189.28
909.83	1192.53
910.00	1184.95
910.18	1196.75
910.35	1189.50
910.53	1194.11
910.70	1193.00
910.87	1191.96
911.05	1184.63
911.22	1188.60
911.40	1182.25
911.57	1196.79
911.75	1187.92
911.92	1190.65
912.09	1183.99
912.27	1191.28
912.44	1179.16
912.62	1196.01
912.79	1179.81
912.96	1190.36
913.14	1183.81
913.31	1195.44
913.49	1188.35
913.66	1194.87
913.83	1182.82
914.01	1193.15
914.18	1181.33
914.36	1191.86
914.53	1185.65
914.70	1192.49
914.88	1183.56
915.05	1189.69
915.22	1184.42
915.40	1185.94
915.57	1181.21
915.75	1199.31
915.92	1183.36
916.09	1195.65
916.27	1184.93
916.44	1199.45
916.61	1186.98
916.79	1190.28
916.96	1190.65
917.13	1192.04
917.31	1184.65
917.48	1189.69
917.66	1183.77
917.83	1198.12
918.00	1182.05
918.18	1186.14
918.35	1184.95
918.52	1193.84
918.70	1179.34
918.87	1202.65
919.04	1185.88
919.22	1197.00
919.39	1190.12
919.56	1193.25
919.74	1184.40
919.91	1191.43
920.08	1193.17
920.26	1186.72
920.43	1190.12
920.60	1190.69
920.78	1186.18
920.95	1183.42
921.12	1187.15
921.29	1191.86
921.47	1183.19
921.64	1185.41
921.81	1183.34
921.99	1188.78
922.16	1194.91
922.33	1186.74
922.51	1192.29
922.68	1191.61
922.85	1192.98
923.03	1195.05
923.20	1182.87
923.37	1198.57
923.54	1190.24
923.72	1187.80
923.89	1184.20
924.06	1192.68
924.24	1184.89
924.41	1194.38
924.58	1176.74
924.75	1194.01
924.93	1185.32
925.10	1191.06
925.27	1180.67
925.44	1194.46
925.62	1185.67
925.79	1188.85
925.96	1186.59
926.14	1188.72
926.31	1185.53
926.48	1192.57
926.65	1188.19
926.83	1193.41
927.00	1186.70
927.17	1193.11
927.34	1177.70
927.52	1189.85
927.69	1181.74
927.86	1191.77
928.03	1187.70
928.21	1190.32
928.38	1186.29
928.55	1186.43
928.72	1189.36
928.89	1189.44
929.07	1189.89
929.24	1191.32
929.41	1184.22
929.58	1192.66
929.76	1181.68
929.93	1191.90
930.10	1184.38
930.27	1191.55
930.44	1187.60
930.62	1189.48
930.79	1184.44
930.96	1192.33
931.13	1189.83
931.31	1185.90
931.48	1178.91
931.65	1189.48
931.82	1192.55
931.99	1192.31
932.17	1181.72
932.34	1192.63
932.51	1186.08
932.68	1190.24
932.85	1187.58
933.03	1198.49
933.20	1188.31
933.37	1191.16
933.54	1185.04
933.71	1189.50
933.88	1180.41
934.06	1186.80
934.23	1187.11
934.40	1199.13
934.57	1186.90
934.74	1193.29
934.91	1188.42
935.09	1189.73
935.26	1189.07
935.43	1193.13
935.60	1187.60
935.77	1189.91
935.94	1186.37
936.12	1200.46
936.29	1185.10
936.46	1192.33
936.63	1191.00
936.80	1192.49
936.97	1184.22
937.14	1187.49
937.32	1190.01
937.49	1184.55
937.66	1194.35
937.83	1189.44
938.00	1187.02
938.17	1196.48
938.34	1192.57
938.52	1188.74
938.69	1174.00
938.86	1202.08
939.03	1186.39
939.20	1189.44
939.37	1187.99
939.54	1188.48
939.71	1180.88
939.89	1194.74
940.06	1187.76
940.23	1188.80
940.40	1191.61
940.57	1196.73
940.74	1187.86
940.91	1184.65
941.08	1186.24
941.25	1196.14
941.43	1190.91
941.60	1192.33
941.77	1184.52
941.94	1191.69
942.11	1183.81
942.28	1194.62
942.45	1188.66
942.62	1184.93
942.79	1190.79
942.96	1188.21
943.13	1189.05
943.30	1195.99
943.48	1184.38
943.65	1190.83
943.82	1191.84
943.99	1185.10
944.16	1184.73
944.33	1194.03
944.50	1185.26
944.67	1190.81
944.84	1185.92
945.01	1186.92
945.18	1183.01
945.35	1195.50
945.52	1187.35
945.69	1194.07
945.86	1191.04
946.03	1188.89
946.21	1189.30
946.38	1198.53
946.55	1193.60
946.72	1188.17
946.89	1189.36
947.06	1188.85
947.23	1191.73
947.40	1189.95
947.57	1182.39
947.74	1190.46
947.91	1182.78
948.08	1194.97
948.25	1181.72
948.42	1192.41
948.59	1189.81
948.76	1189.34
948.93	1189.50
949.10	1184.61
949.27	1187.54
949.44	1186.06
949.61	1193.19
949.78	1190.87
949.95	1188.95
950.12	1200.58
950.29	1181.92
950.46	1191.51
950.63	1185.38
950.80	1191.75
950.97	1180.67
951.14	1196.51
951.31	1186.74
951.48	1197.16
951.65	1186.35
951.82	1186.82
951.99	1185.67
952.16	1188.87
952.33	1188.13
952.50	1192.61
952.67	1194.01
952.84	1193.97
953.01	1185.10
953.18	1189.60
953.35	1185.57
953.52	1189.17
953.69	1188.80
953.86	1189.46
954.03	1190.28
954.20	1191.88
954.37	1185.53
954.54	1185.47
954.70	1186.53
954.87	1188.87
955.04	1188.15
955.21	1193.54
955.38	1187.33
955.55	1193.02
955.72	1188.29
955.89	1189.17
956.06	1182.11
956.23	1191.20
956.40	1186.02
956.57	1190.38
956.74	1187.86
956.91	1193.19
957.08	1187.33
957.25	1192.12
957.41	1179.83
957.58	1195.83
957.75	1191.06
957.92	1191.30
958.09	1186.47
958.26	1190.79
958.43	1192.74
958.60	1187.51
958.77	1185.32
958.94	1189.23
959.11	1188.33
959.27	1195.91
959.44	1187.13
959.61	1195.07
959.78	1186.84
959.95	1196.77
960.12	1184.20
960.29	1195.46
960.46	1181.43
960.63	1197.53
960.80	1186.31
960.96	1193.56
961.13	1176.64
961.30	1192.02
961.47	1183.68
961.64	1199.27
961.81	1183.68
961.98	1199.84
962.15	1180.57
962.31	1196.05
962.48	1187.41
962.65	1193.74
962.82	1191.10
962.99	1196.79
963.16	1188.66
963.33	1187.11
963.49	1188.05
963.66	1192.68
963.83	1185.28
964.00	1195.93
964.17	1184.79
964.34	1190.89
964.51	1187.70
964.67	1196.44
964.84	1182.35
965.01	1202.79
965.18	1182.11
965.35	1194.01
965.52	1182.01
965.68	1195.22
965.85	1186.33
966.02	1191.71
966.19	1188.19
966.36	1188.93
966.52	1181.56
966.69	1194.87
966.86	1181.58
967.03	1189.75
967.20	1186.57
967.37	1190.85
967.53	1176.93
967.70	1197.53
967.87	1183.83
968.04	1196.26
968.21	1186.06
968.37	1193.45
968.54	1182.07
968.71	1198.98
968.88	1183.48
969.05	1192.10
969.21	1178.03
969.38	1189.46
969.55	1184.05
969.72	1194.33
969.89	1189.46
970.05	1191.00
970.22	1185.96
970.39	1187.39
970.56	1188.52
970.72	1190.34
970.89	1184.32
971.06	1196.03
971.23	1179.79
971.39	1190.91
971.56	1190.30
971.73	1194.68
971.90	1182.52
972.07	1192.66
972.23	1187.41
972.40	1191.98
972.57	1180.37
972.74	1194.52
972.90	1183.46
973.07	1191.34
973.24	1189.21
973.40	1194.03
973.57	1189.05
973.74	1196.69
973.91	1184.89
974.07	1206.66
974.24	1181.72
974.41	1191.10
974.58	1185.20
974.74	1195.69
974.91	1189.73
975.08	1191.28
975.25	1181.80
975.41	1188.15
975.58	1178.22
975.75	1190.63
975.91	1181.08
976.08	1197.34
976.25	1178.05
976.42	1190.30
976.58	1190.36
976.75	1186.98
976.92	1180.61
977.08	1188.54
977.25	1189.34
977.42	1194.60
977.58	1183.30
977.75	1185.04
977.92	1187.88
978.08	1194.89
978.25	1181.27
978.42	1187.47
978.59	1187.76
978.75	1195.54
978.92	1191.77
979.09	1192.82
979.25	1188.66
979.42	1193.21
979.59	1179.92
979.75	1192.86
979.92	1187.68
980.09	1189.21
980.25	1192.63
980.42	1196.32
980.59	1186.70
980.75	1191.24
980.92	1180.43
981.09	1192.33
981.25	1183.64
981.42	1193.97
981.59	1186.65
981.75	1191.49
981.92	1188.46
982.08	1187.54
982.25	1185.41
982.42	1188.19
982.58	1184.83
982.75	1193.39
982.92	1188.15
983.08	1183.28
983.25	1189.32
983.42	1196.87
983.58	1184.59
983.75	1193.45
983.91	1174.04
984.08	1191.82
984.25	1182.60
984.41	1194.54
984.58	1187.99
984.74	1190.14
984.91	1186.27
985.08	1188.11
985.24	1185.10
985.41	1194.99
985.57	1190.18
985.74	1191.22
985.91	1185.22
986.07	1193.13
986.24	1180.53
986.40	1197.90
986.57	1192.41
986.74	1188.13
986.90	1182.35
987.07	1193.84
987.23	1188.09
987.40	1195.01
987.57	1190.85
987.73	1196.83
987.90	1189.09
988.06	1189.52
988.23	1191.12
988.39	1194.64
988.56	1182.01
988.73	1194.44
988.89	1186.14
989.06	1196.18
989.22	1185.51
989.39	1192.55
989.55	1192.16
989.72	1185.63
989.88	1185.57
990.05	1189.38
990.22	1179.18
990.38	1193.11
990.55	1184.81
990.71	1194.35
990.88	1190.03
991.04	1191.55
991.21	1183.32
991.37	1192.08
991.54	1186.84
991.70	1197.02
991.87	1182.87
992.03	1192.16
992.20	1183.15
992.36	1191.18
992.53	1188.62
992.69	1183.64
992.86	1186.08
993.03	1194.35
993.19	1184.75
993.36	1200.09
993.52	1184.91
993.69	1188.62
993.85	1185.84
994.02	1187.60
994.18	1181.33
994.35	1187.99
994.51	1184.40
994.68	1194.11
994.84	1185.36
995.01	1193.15
995.17	1179.34
995.34	1188.44
995.50	1186.43
995.66	1198.82
995.83	1178.32
995.99	1189.30
996.16	1188.72
996.32	1188.17
996.49	1189.58
996.65	1185.65
996.82	1191.75
996.98	1193.17
997.15	1185.22
997.31	1194.52
997.48	1180.67
997.64	1191.49
997.81	1184.03
997.97	1187.58
998.13	1182.35
998.30	1196.79
998.46	1185.36
998.63	1190.89
998.79	1189.83
998.96	1193.97
999.12	1190.77
999.29	1196.16
999.45	1181.66
999.61	1192.80
999.78	1188.68
999.94	1188.58
1000.11	1184.83
1000.27	1188.64
1000.44	1192.12
1000.60	1199.00
1000.76	1185.06
1000.93	1201.95
1001.09	1184.63
1001.26	1191.39
1001.42	1184.05
1001.59	1191.75
1001.75	1184.59
1001.91	1196.91
1002.08	1188.95
1002.24	1192.20
1002.41	1188.33
1002.57	1196.65
1002.73	1193.15
1002.90	1189.36
1003.06	1179.47
1003.23	1185.08
1003.39	1186.43
1003.55	1193.99
1003.72	1186.90
1003.88	1193.35
1004.04	1187.90
1004.21	1193.21
1004.37	1182.54
1004.54	1179.92
1004.70	1191.08
1004.86	1192.78
1005.03	1190.73
1005.19	1192.31
1005.35	1181.80
1005.52	1191.49
1005.68	1181.60
1005.85	1191.10
1006.01	1184.87
1006.17	1195.54
1006.34	1184.81
1006.50	1192.66
1006.66	1185.94
1006.83	1189.77
1006.99	1187.35
1007.15	1197.24
1007.32	1189.99
1007.48	1189.97
1007.64	1181.90
1007.81	1192.20
1007.97	1178.40
1008.13	1195.09
1008.30	1189.28
1008.46	1187.94
1008.62	1195.62
1008.79	1198.61
1008.95	1189.19
1009.11	1194.85
1009.28	1184.75
1009.44	1192.66
1009.60	1189.58
1009.77	1188.60
1009.93	1186.12
1010.09	1194.19
1010.25	1182.89
1010.42	1192.47
1010.58	1186.76
1010.74	1192.76
1010.91	1187.62
1011.07	1193.19
1011.23	1192.23
1011.40	1193.02
1011.56	1187.56
1011.72	1187.92
1011.88	1177.54
1012.05	1187.99
1012.21	1192.08
1012.37	1191.55
1012.54	1182.52
1012.70	1193.62
1012.86	1189.75
1013.02	1189.13
1013.19	1190.30
1013.35	1201.05
1013.51	1180.06
1013.67	1192.70
1013.84	1192.68
1014.00	1191.55
1014.16	1180.78
1014.33	1187.49
1014.49	1184.03
1014.65	1187.04
1014.81	1179.43
1014.98	1194.46
1015.14	1188.42
1015.30	1190.32
1015.46	1178.95
1015.62	1193.29
1015.79	1181.37
1015.95	1190.22
1016.11	1188.62
1016.27	1192.82
1016.44	1186.37
1016.60	1191.49
1016.76	1179.38
1016.92	1188.23
1017.09	1182.23
1017.25	1197.02
1017.41	1182.11
1017.57	1196.24
1017.73	1182.82
1017.90	1193.43
1018.06	1185.02
1018.22	1187.21
1018.38	1188.68
1018.54	1191.24
1018.71	1177.42
1018.87	1197.67
1019.03	1191.57
1019.19	1191.26
1019.35	1191.14
1019.52	1190.18
1019.68	1183.28
1019.84	1193.45
1020.00	1190.63
1020.16	1186.41
1020.33	1189.36
1020.49	1190.30
1020.65	1184.87
1020.81	1187.80
1020.97	1191.18
1021.13	1197.65
1021.30	1185.71
1021.46	1200.68
1021.62	1187.68
1021.78	1190.44
1021.94	1186.92
1022.10	1185.51
1022.27	1179.04
1022.43	1193.56
1022.59	1189.15
1022.75	1194.44
1022.91	1190.55
1023.07	1194.21
1023.24	1188.15
1023.40	1194.05
1023.56	1189.95
1023.72	1195.05
1023.88	1183.42
1024.04	1189.89
1024.20	1184.16
1024.36	1192.29
1024.53	1188.48
1024.69	1195.15
1024.85	1188.09
1025.01	1191.90
1025.17	1182.54
1025.33	1193.45
1025.49	1183.11
1025.65	1191.82
1025.82	1185.88
1025.98	1192.06
1026.14	1180.90
1026.30	1193.58
1026.46	1186.49
1026.62	1194.27
1026.78	1190.36
1026.94	1193.25
1027.10	1189.93
1027.26	1189.48
1027.43	1181.23
1027.59	1196.53
1027.75	1184.09
1027.91	1192.90
1028.07	1182.56
1028.23	1189.69
1028.39	1188.33
1028.55	1193.06
1028.71	1192.98
1028.87	1189.67
1029.03	1189.15
1029.19	1185.47
1029.36	1181.31
1029.52	1193.04
1029.68	1187.84
1029.84	1191.88
1030.00	1187.11
1030.16	1199.84
1030.32	1186.31
1030.48	1200.17
1030.64	1183.58
1030.80	1189.07
1030.96	1185.59
1031.12	1188.23
1031.28	1181.60
1031.44	1190.85
1031.60	1192.16
1031.76	1198.45
1031.92	1190.40
1032.08	1213.18
1032.24	1181.62
1032.40	1189.62
1032.56	1184.91
1032.73	1192.68
1032.89	1184.81
1033.05	1197.75
1033.21	1184.28
1033.37	1194.99
1033.53	1193.47
1033.69	1194.85
1033.85	1185.36
1034.01	1188.87
1034.17	1188.09
1034.33	1191.10
1034.49	1186.08
1034.65	1198.70
1034.81	1196.10
1034.97	1190.59
1035.13	1186.33
1035.29	1191.53
1035.45	1181.15
1035.61	1187.64
1035.77	1196.69
1035.93	1185.73
1036.09	1188.33
1036.25	1185.67
1036.41	1186.76
1036.57	1194.64
1036.73	1181.23
1036.88	1192.27
1037.04	1187.06
