345.52	1197.73
345.73	1197.73
345.94	1197.73
346.16	1189.15
346.37	1195.81
346.58	1195.50
346.79	1198.16
347.00	1194.07
347.22	1198.74
347.43	1194.07
347.64	1207.20
347.85	1197.26
348.06	1204.25
348.28	1202.38
348.49	1203.69
348.70	1199.21
348.91	1201.73
349.12	1198.94
349.34	1210.45
349.55	1199.25
349.76	1206.44
349.97	1197.94
350.18	1205.95
350.40	1200.23
350.61	1210.17
350.82	1201.22
351.03	1210.74
351.24	1198.25
351.46	1207.67
351.67	1199.45
351.88	1209.28
352.09	1200.74
352.30	1201.24
352.51	1198.25
352.73	1218.93
352.94	1199.31
353.15	1206.58
353.36	1205.19
353.57	1207.01
353.79	1198.72
354.00	1209.96
354.21	1192.72
354.42	1207.46
354.63	1200.33
354.84	1209.16
355.06	1207.24
355.27	1202.22
355.48	1209.20
355.69	1195.40
355.90	1202.20
356.11	1212.09
356.33	1205.33
356.54	1208.67
356.75	1200.33
356.96	1209.65
357.17	1204.62
357.38	1212.81
357.60	1200.17
357.81	1206.77
358.02	1202.67
358.23	1207.15
358.44	1195.91
358.65	1206.21
358.87	1213.01
359.08	1202.20
359.29	1199.50
359.50	1209.86
359.71	1199.04
359.92	1210.35
360.13	1205.80
360.35	1206.75
360.56	1205.86
360.77	1207.42
360.98	1201.42
361.19	1215.53
361.40	1206.46
361.62	1200.58
361.83	1195.89
362.04	1208.69
362.25	1200.54
362.46	1215.04
362.67	1198.57
362.88	1208.73
363.10	1213.22
363.31	1207.67
363.52	1204.33
363.73	1206.56
363.94	1198.88
364.15	1211.15
364.36	1206.83
364.57	1210.57
364.79	1197.49
365.00	1209.51
365.21	1199.25
365.42	1207.48
365.63	1198.64
365.84	1209.45
366.05	1207.32
366.27	1204.45
366.48	1200.54
366.69	1207.22
366.90	1203.39
367.11	1209.06
367.32	1201.54
367.53	1209.37
367.74	1203.55
367.95	1211.11
368.17	1201.11
368.38	1208.65
368.59	1206.77
368.80	1207.52
369.01	1195.38
369.22	1207.99
369.43	1202.03
369.64	1203.02
369.86	1206.44
370.07	1205.62
370.28	1196.94
370.49	1204.57
370.70	1201.22
370.91	1206.32
371.12	1205.00
371.33	1203.43
371.54	1202.12
371.76	1210.43
371.97	1206.40
372.18	1207.54
372.39	1201.17
372.60	1205.64
372.81	1203.16
373.02	1212.38
373.23	1204.57
373.44	1211.97
373.65	1209.59
373.87	1206.83
374.08	1202.51
374.29	1212.19
374.50	1200.99
374.71	1208.44
374.92	1203.14
375.13	1205.86
375.34	1209.14
375.55	1205.13
375.76	1206.72
375.97	1211.13
376.19	1200.25
376.40	1210.31
376.61	1201.50
376.82	1211.07
377.03	1206.58
377.24	1205.64
377.45	1202.10
377.66	1210.37
377.87	1200.13
378.08	1209.33
378.29	1200.54
378.50	1208.63
378.71	1203.47
378.93	1212.77
379.14	1195.69
379.35	1209.84
379.56	1210.37
379.77	1210.14
379.98	1211.78
380.19	1215.02
380.40	1206.56
380.61	1204.47
380.82	1199.82
381.03	1207.61
381.24	1200.40
381.45	1216.80
381.66	1200.07
381.88	1206.03
382.09	1201.11
382.30	1212.87
382.51	1204.76
382.72	1211.87
382.93	1200.23
383.14	1214.53
383.35	1206.19
383.56	1219.11
383.77	1207.97
383.98	1216.10
384.19	1205.80
384.40	1200.99
384.61	1199.11
384.82	1213.28
385.03	1206.93
385.24	1207.40
385.45	1201.48
385.67	1206.29
385.88	1200.77
386.09	1211.58
386.30	1205.05
386.51	1205.52
386.72	1203.57
386.93	1211.41
387.14	1206.70
387.35	1215.37
387.56	1206.70
387.77	1208.85
387.98	1208.71
388.19	1209.06
388.40	1209.39
388.61	1210.66
388.82	1204.21
389.03	1212.58
389.24	1211.56
389.45	1215.49
389.66	1197.82
389.87	1212.17
390.08	1210.49
390.29	1214.65
390.50	1211.87
390.71	1205.74
390.92	1203.30
391.13	1218.73
391.34	1206.05
391.55	1217.95
391.76	1197.49
391.98	1216.31
392.19	1203.61
392.40	1209.78
392.61	1211.46
392.82	1214.88
393.03	1204.37
393.24	1221.51
393.45	1205.54
393.66	1210.19
393.87	1202.30
394.08	1212.68
394.29	1210.31
394.50	1212.95
394.71	1206.50
394.92	1220.18
395.13	1207.87
395.34	1205.64
395.55	1202.63
395.76	1211.50
395.97	1205.43
396.18	1218.15
396.39	1197.57
396.60	1214.57
396.81	1205.05
397.02	1211.25
397.23	1204.76
397.44	1210.94
397.65	1206.81
397.86	1210.33
398.07	1207.61
398.28	1214.83
398.49	1208.47
398.70	1206.77
398.91	1209.22
399.12	1203.90
399.33	1209.49
399.54	1203.98
399.75	1201.95
399.96	1204.31
400.17	1204.25
400.38	1210.76
400.59	1206.44
400.80	1209.65
401.01	1211.66
401.22	1218.30
401.42	1205.13
401.63	1207.36
401.84	1209.20
402.05	1207.81
402.26	1209.10
402.47	1211.15
402.68	1198.25
402.89	1205.82
403.10	1204.51
403.31	1213.59
403.52	1206.89
403.73	1213.24
403.94	1202.10
404.15	1221.24
404.36	1207.65
404.57	1207.07
404.78	1203.96
404.99	1211.64
405.20	1212.01
405.41	1218.62
405.62	1202.59
405.83	1212.30
406.04	1206.01
406.25	1205.31
406.46	1206.27
406.67	1206.62
406.88	1207.83
407.09	1213.73
407.30	1214.79
407.50	1214.77
407.71	1204.59
407.92	1217.37
408.13	1204.76
408.34	1210.98
408.55	1208.90
408.76	1219.50
408.97	1208.40
409.18	1213.83
409.39	1205.29
409.60	1209.88
409.81	1202.87
410.02	1210.98
410.23	1201.99
410.44	1209.31
410.65	1203.63
410.86	1213.83
411.07	1203.28
411.27	1214.30
411.48	1208.51
411.69	1212.54
411.90	1206.44
412.11	1212.11
412.32	1203.47
412.53	1206.32
412.74	1207.61
412.95	1215.59
413.16	1201.11
413.37	1210.02
413.58	1203.80
413.79	1203.86
414.00	1203.82
414.20	1210.19
414.41	1202.40
414.62	1203.88
414.83	1203.41
415.04	1212.66
415.25	1210.14
415.46	1215.96
415.67	1202.73
415.88	1216.39
416.09	1204.41
416.30	1204.94
416.51	1208.24
416.71	1211.21
416.92	1207.32
417.13	1214.61
417.34	1201.17
417.55	1216.25
417.76	1197.78
417.97	1207.56
418.18	1205.78
418.39	1212.23
418.60	1208.38
418.81	1215.45
419.01	1203.61
419.22	1211.33
419.43	1207.58
419.64	1208.40
419.85	1199.74
420.06	1208.59
420.27	1201.75
420.48	1206.15
420.69	1202.01
420.90	1214.92
421.10	1206.54
421.31	1214.32
421.52	1205.80
421.73	1210.86
421.94	1207.91
422.15	1212.68
422.36	1212.73
422.57	1208.63
422.78	1208.01
422.98	1216.25
423.19	1206.48
423.40	1211.37
423.61	1208.16
423.82	1212.70
424.03	1205.95
424.24	1207.73
424.45	1202.08
424.65	1206.07
424.86	1194.89
425.07	1207.89
425.28	1209.20
425.49	1213.87
425.70	1205.02
425.91	1217.64
426.12	1209.59
426.32	1209.45
426.53	1204.33
426.74	1212.11
426.95	1203.35
427.16	1209.49
427.37	1203.00
427.58	1214.94
427.78	1202.94
427.99	1207.73
428.20	1211.11
428.41	1214.02
428.62	1202.85
428.83	1215.96
429.04	1211.35
429.24	1211.64
429.45	1208.08
429.66	1208.24
429.87	1207.87
430.08	1221.27
430.29	1198.61
430.50	1211.23
430.70	1206.17
430.91	1214.79
431.12	1205.91
431.33	1219.11
431.54	1209.80
431.75	1217.85
431.96	1207.36
432.16	1209.78
432.37	1208.42
432.58	1208.30
432.79	1209.24
433.00	1207.32
433.21	1194.48
433.41	1208.22
433.62	1212.25
433.83	1205.19
434.04	1200.66
434.25	1213.18
434.46	1196.67
434.66	1213.67
434.87	1204.68
435.08	1208.01
435.29	1205.31
435.50	1211.50
435.71	1211.78
435.91	1216.06
436.12	1206.19
436.33	1211.19
436.54	1209.92
436.75	1214.42
436.95	1198.82
437.16	1216.17
437.37	1205.91
437.58	1209.02
437.79	1207.61
438.00	1211.78
438.20	1205.50
438.41	1206.29
438.62	1206.95
438.83	1213.09
439.04	1199.02
439.24	1210.39
439.45	1204.76
439.66	1213.75
439.87	1209.76
440.08	1201.99
440.28	1203.84
440.49	1210.21
440.70	1206.56
440.91	1206.25
441.12	1205.00
441.32	1210.41
441.53	1204.94
441.74	1206.25
441.95	1202.32
442.16	1210.64
442.36	1195.89
442.57	1212.87
442.78	1210.55
442.99	1212.99
443.20	1204.45
443.40	1213.46
443.61	1199.47
443.82	1210.39
444.03	1205.58
444.24	1217.74
444.44	1204.76
444.65	1216.88
444.86	1208.69
445.07	1205.05
445.27	1202.49
445.48	1212.17
445.69	1205.48
445.90	1209.86
446.11	1201.65
446.31	1215.63
446.52	1200.05
446.73	1205.70
446.94	1204.94
447.14	1208.59
447.35	1208.73
447.56	1209.31
447.77	1209.74
447.97	1215.55
448.18	1198.84
448.39	1214.02
448.60	1203.94
448.81	1211.35
449.01	1198.27
449.22	1211.68
449.43	1201.91
449.64	1210.06
449.84	1202.51
450.05	1211.87
450.26	1211.58
450.47	1212.36
450.67	1206.91
450.88	1201.34
451.09	1206.29
451.30	1209.92
451.50	1203.43
451.71	1202.53
451.92	1210.37
452.13	1211.35
452.33	1199.50
452.54	1211.03
452.75	1202.36
452.96	1212.23
453.16	1205.82
453.37	1208.14
453.58	1205.95
453.79	1214.10
453.99	1204.90
454.20	1212.05
454.41	1204.10
454.61	1205.41
454.82	1204.04
455.03	1201.17
455.24	1203.08
455.44	1207.87
455.65	1207.09
455.86	1216.78
456.07	1207.97
456.27	1214.92
456.48	1197.86
456.69	1208.32
456.90	1204.04
457.10	1210.92
457.31	1207.56
457.52	1210.39
457.72	1209.94
457.93	1213.36
458.14	1199.78
458.35	1214.16
458.55	1200.68
458.76	1213.71
458.97	1205.21
459.17	1213.18
459.38	1209.02
459.59	1207.58
459.80	1200.72
460.00	1213.85
460.21	1208.06
460.42	1212.95
460.62	1200.05
460.83	1211.00
461.04	1206.81
461.25	1212.32
461.45	1204.82
461.66	1216.70
461.87	1207.65
462.07	1205.17
462.28	1198.25
462.49	1216.88
462.69	1200.54
462.90	1206.21
463.11	1200.54
463.31	1213.16
463.52	1210.80
463.73	1205.27
463.94	1206.11
464.14	1208.44
464.35	1209.16
464.56	1204.16
464.76	1210.45
464.97	1211.09
465.18	1198.72
465.38	1202.85
465.59	1210.94
465.80	1218.56
466.00	1204.90
466.21	1205.70
466.42	1197.51
466.62	1209.08
466.83	1207.24
467.04	1216.08
467.24	1207.42
467.45	1215.82
467.66	1200.97
467.86	1211.60
468.07	1204.00
468.28	1206.48
468.48	1203.55
468.69	1205.88
468.90	1208.69
469.10	1214.59
469.31	1206.83
469.52	1210.72
469.72	1202.71
469.93	1209.06
470.14	1202.63
470.34	1207.20
470.55	1207.05
470.76	1206.62
470.96	1206.46
471.17	1214.92
471.38	1204.59
471.58	1213.44
471.79	1210.19
472.00	1216.43
472.20	1207.56
472.41	1211.35
472.62	1207.32
472.82	1217.17
473.03	1204.74
473.24	1208.77
473.44	1209.74
473.65	1209.24
473.85	1201.91
474.06	1211.87
474.27	1211.66
474.47	1210.31
474.68	1203.98
474.89	1214.02
475.09	1206.77
475.30	1212.66
475.51	1206.19
475.71	1207.24
475.92	1209.24
476.12	1205.88
476.33	1201.87
476.54	1216.35
476.74	1202.46
476.95	1218.09
477.16	1201.52
477.36	1211.97
477.57	1204.21
477.77	1218.60
477.98	1201.32
478.19	1210.04
478.39	1208.18
478.60	1210.80
478.81	1199.78
479.01	1215.26
479.22	1201.46
479.42	1206.05
479.63	1207.38
479.84	1210.86
480.04	1208.24
480.25	1214.77
480.45	1201.91
480.66	1206.70
480.87	1199.07
481.07	1209.90
481.28	1205.91
481.48	1205.11
481.69	1206.29
481.90	1208.10
482.10	1201.73
482.31	1209.10
482.51	1208.71
482.72	1212.25
482.93	1206.99
483.13	1216.86
483.34	1201.87
483.54	1203.10
483.75	1206.62
483.96	1215.55
484.16	1205.64
484.37	1211.37
484.57	1207.09
484.78	1206.95
484.99	1203.57
485.19	1210.10
485.40	1205.21
485.60	1217.07
485.81	1202.92
486.01	1210.80
486.22	1219.09
486.43	1206.89
486.63	1205.43
486.84	1211.97
487.04	1210.57
487.25	1210.64
487.46	1206.95
487.66	1216.84
487.87	1211.37
488.07	1214.06
488.28	1198.82
488.48	1216.43
488.69	1205.43
488.89	1215.53
489.10	1201.75
489.31	1211.60
489.51	1207.83
489.72	1211.11
489.92	1206.97
490.13	1212.27
490.33	1207.71
490.54	1212.66
490.75	1208.53
490.95	1210.80
491.16	1201.01
491.36	1213.91
491.57	1204.25
491.77	1211.27
491.98	1211.13
492.18	1208.08
492.39	1204.45
492.59	1216.62
492.80	1202.28
493.01	1212.23
493.21	1207.81
493.42	1205.70
493.62	1207.24
493.83	1208.69
494.03	1208.71
494.24	1211.72
494.44	1213.42
494.65	1210.74
494.85	1196.18
495.06	1211.99
495.26	1206.97
495.47	1215.43
495.68	1204.74
495.88	1208.69
496.09	1206.50
496.29	1210.98
496.50	1208.71
496.70	1217.17
496.91	1208.32
497.11	1213.48
497.32	1203.12
497.52	1216.43
497.73	1205.05
497.93	1212.13
498.14	1208.59
498.34	1214.34
498.55	1202.67
498.75	1207.07
498.96	1207.28
499.16	1210.64
499.37	1205.25
499.57	1214.04
499.78	1209.74
499.98	1207.09
500.19	1200.58
500.39	1213.11
500.60	1206.34
500.80	1205.27
501.01	1200.42
501.21	1206.13
501.42	1204.80
501.62	1210.62
501.83	1209.24
502.03	1210.47
502.24	1205.52
502.44	1217.58
502.65	1196.94
502.85	1211.33
503.06	1204.10
503.26	1203.16
503.47	1209.88
503.67	1212.30
503.88	1206.72
504.08	1204.68
504.29	1209.51
504.49	1210.41
504.70	1202.92
504.90	1212.17
505.11	1205.93
505.31	1210.96
505.52	1202.32
505.72	1209.14
505.93	1206.50
506.13	1202.22
506.34	1208.38
506.54	1207.18
506.75	1209.92
506.95	1208.10
507.16	1200.31
507.36	1213.05
507.56	1205.72
507.77	1208.65
507.97	1207.77
508.18	1210.49
508.38	1200.99
508.59	1216.37
508.79	1206.07
509.00	1209.90
509.20	1207.07
509.41	1214.75
509.61	1201.50
509.82	1214.69
510.02	1201.36
510.22	1207.69
510.43	1203.76
510.63	1208.90
510.84	1207.50
511.04	1209.06
511.25	1205.72
511.45	1211.25
511.66	1201.77
511.86	1209.33
512.06	1209.86
512.27	1210.06
512.47	1201.63
512.68	1208.79
512.88	1208.49
513.09	1207.52
513.29	1201.93
513.50	1212.85
513.70	1206.29
513.90	1212.62
514.11	1205.31
514.31	1208.75
514.52	1208.24
514.72	1211.41
514.93	1211.31
515.13	1207.30
515.33	1204.43
515.54	1209.69
515.74	1204.57
515.95	1213.95
516.15	1203.02
516.36	1215.72
516.56	1207.93
516.76	1209.02
516.97	1206.89
517.17	1212.77
517.38	1204.76
517.58	1204.66
517.78	1208.59
517.99	1210.04
518.19	1205.27
518.40	1212.46
518.60	1203.67
518.81	1211.29
519.01	1199.74
519.21	1219.79
519.42	1212.81
519.62	1216.53
519.83	1208.08
520.03	1209.08
520.23	1204.82
520.44	1211.39
520.64	1200.58
520.85	1203.35
521.05	1204.19
521.25	1209.06
521.46	1203.80
521.66	1207.95
521.86	1209.45
522.07	1210.80
522.27	1202.10
522.48	1210.17
522.68	1212.27
522.88	1208.69
523.09	1203.39
523.29	1221.10
523.50	1203.92
523.70	1210.47
523.90	1200.56
524.11	1216.10
524.31	1203.61
524.51	1214.71
524.72	1203.84
524.92	1209.53
525.13	1208.06
525.33	1213.54
525.53	1206.85
525.74	1215.94
525.94	1212.54
526.14	1212.09
526.35	1198.94
526.55	1217.03
526.76	1204.72
526.96	1216.33
527.16	1200.93
527.37	1217.33
527.57	1204.37
527.77	1210.35
527.98	1206.11
528.18	1212.97
528.38	1207.48
528.59	1212.70
528.79	1207.26
528.99	1206.85
529.20	1201.44
529.40	1212.17
529.61	1209.45
529.81	1216.25
530.01	1204.45
530.22	1217.03
530.42	1205.29
530.62	1209.28
530.83	1201.01
531.03	1210.68
531.23	1213.59
531.44	1206.42
531.64	1209.92
531.84	1209.96
532.05	1201.95
532.25	1204.80
532.45	1199.76
532.66	1211.72
532.86	1208.01
533.06	1215.24
533.27	1207.89
533.47	1213.59
533.67	1203.26
533.88	1206.13
534.08	1205.52
534.28	1210.74
534.49	1206.83
534.69	1206.50
534.89	1202.85
535.09	1208.36
535.30	1199.02
535.50	1207.48
535.70	1202.01
535.91	1218.52
536.11	1201.60
536.31	1207.26
536.52	1212.56
536.72	1209.69
536.92	1205.60
537.13	1209.88
537.33	1204.00
537.53	1213.75
537.74	1209.98
537.94	1215.14
538.14	1196.94
538.34	1202.71
538.55	1204.62
538.75	1218.19
538.95	1213.46
539.16	1201.15
539.36	1210.45
539.56	1215.22
539.77	1199.64
539.97	1208.44
540.17	1205.23
540.37	1210.29
540.58	1206.75
540.78	1216.04
540.98	1204.23
541.19	1213.54
541.39	1206.68
541.59	1206.03
541.79	1197.98
542.00	1210.08
542.20	1204.25
542.40	1210.74
542.60	1204.29
542.81	1207.28
543.01	1201.20
543.21	1210.21
543.42	1201.44
543.62	1209.86
543.82	1200.33
544.02	1214.94
544.23	1212.15
544.43	1212.38
544.63	1204.70
544.83	1210.76
545.04	1207.50
545.24	1214.65
545.44	1199.11
545.64	1211.39
545.85	1207.69
546.05	1213.61
546.25	1201.79
546.45	1211.13
546.66	1208.10
546.86	1212.93
547.06	1208.44
547.27	1212.32
547.47	1201.56
547.67	1207.81
547.87	1197.90
548.07	1215.29
548.28	1203.94
548.48	1207.48
548.68	1205.58
548.88	1212.95
549.09	1200.81
549.29	1203.18
549.49	1197.10
549.69	1207.28
549.90	1204.86
550.10	1208.51
550.30	1207.13
550.50	1219.16
550.71	1206.62
550.91	1203.20
551.11	1205.50
551.31	1210.14
551.51	1207.01
551.72	1215.49
551.92	1201.71
552.12	1207.89
552.32	1198.70
552.53	1214.40
552.73	1210.94
552.93	1206.46
553.13	1209.06
553.33	1211.25
553.54	1207.34
553.74	1213.69
553.94	1207.42
554.14	1210.14
554.35	1201.48
554.55	1212.36
554.75	1207.50
554.95	1209.43
555.15	1209.37
555.36	1213.38
555.56	1206.15
555.76	1209.41
555.96	1208.22
556.16	1208.51
556.37	1207.93
556.57	1212.68
556.77	1210.92
556.97	1212.97
557.17	1207.05
557.38	1211.46
557.58	1201.87
557.78	1209.12
557.98	1208.85
558.18	1204.86
558.38	1212.58
558.59	1214.10
558.79	1201.03
558.99	1209.94
559.19	1203.57
559.39	1215.86
559.60	1206.36
559.80	1219.30
560.00	1209.94
560.20	1214.67
560.40	1205.21
560.60	1206.05
560.81	1206.17
561.01	1211.13
561.21	1215.35
561.41	1211.89
561.61	1206.27
561.81	1212.66
562.02	1209.41
562.22	1217.97
562.42	1204.04
562.62	1208.59
562.82	1206.95
563.02	1214.71
563.23	1213.67
563.43	1212.09
563.63	1204.59
563.83	1210.55
564.03	1204.70
564.23	1211.72
564.43	1211.09
564.64	1214.18
564.84	1203.45
565.04	1219.24
565.24	1203.24
565.44	1213.24
565.64	1205.60
565.85	1211.91
566.05	1202.24
566.25	1211.80
566.45	1203.22
566.65	1211.78
566.85	1204.66
567.05	1211.66
567.25	1203.98
567.46	1210.94
567.66	1205.50
567.86	1210.55
568.06	1200.74
568.26	1215.20
568.46	1205.23
568.66	1214.16
568.86	1208.79
569.07	1211.82
569.27	1207.22
569.47	1205.99
569.67	1217.27
569.87	1215.49
570.07	1201.32
570.27	1216.33
570.47	1203.76
570.68	1208.57
570.88	1211.11
571.08	1214.79
571.28	1198.08
571.48	1205.95
571.68	1207.15
571.88	1207.40
572.08	1209.61
572.28	1211.64
572.49	1204.35
572.69	1210.53
572.89	1204.47
573.09	1216.35
573.29	1208.26
573.49	1212.52
573.69	1208.53
573.89	1208.77
574.09	1208.71
574.29	1205.95
574.50	1207.01
574.70	1220.16
574.90	1214.40
575.10	1216.55
575.30	1203.04
575.50	1211.66
575.70	1203.14
575.90	1212.46
576.10	1205.66
576.30	1217.82
576.50	1200.56
576.70	1210.90
576.91	1211.52
577.11	1211.37
577.31	1205.15
577.51	1214.96
577.71	1214.32
577.91	1216.62
578.11	1203.73
578.31	1215.29
578.51	1206.83
578.71	1214.42
578.91	1207.11
579.11	1216.12
579.31	1212.83
579.51	1215.26
579.71	1197.20
579.92	1214.30
580.12	1206.17
580.32	1212.40
580.52	1208.73
580.72	1205.27
580.92	1207.48
581.12	1211.58
581.32	1211.00
581.52	1212.77
581.72	1207.22
581.92	1204.33
582.12	1207.61
582.32	1210.27
582.52	1204.90
582.72	1208.63
582.92	1210.76
583.12	1212.58
583.32	1210.06
583.52	1212.07
583.72	1209.61
583.92	1213.67
584.12	1203.00
584.33	1214.51
584.53	1199.19
584.73	1209.41
584.93	1208.92
585.13	1216.21
585.33	1205.13
585.53	1210.19
585.73	1206.62
585.93	1209.51
586.13	1204.82
586.33	1206.91
586.53	1210.33
586.73	1215.92
586.93	1200.60
587.13	1216.47
587.33	1208.51
587.53	1216.06
587.73	1208.67
587.93	1209.28
588.13	1209.55
588.33	1212.30
588.53	1200.09
588.73	1217.29
588.93	1208.83
589.13	1216.62
589.33	1203.18
589.53	1215.78
589.73	1204.86
589.93	1210.82
590.13	1204.49
590.33	1216.25
590.53	1205.41
590.73	1221.37
590.93	1202.81
591.13	1217.03
591.33	1204.21
591.53	1212.79
591.73	1210.06
591.93	1213.65
592.13	1204.43
592.33	1215.16
592.53	1204.66
592.73	1212.03
592.93	1209.74
593.13	1212.81
593.33	1208.01
593.53	1217.99
593.73	1204.84
593.93	1210.94
594.13	1209.67
594.33	1217.50
594.53	1200.93
594.73	1212.79
594.92	1205.19
595.12	1211.99
595.32	1214.34
595.52	1211.31
595.72	1208.75
595.92	1211.91
596.12	1210.72
596.32	1210.78
596.52	1207.97
596.72	1214.53
596.92	1202.81
597.12	1213.07
597.32	1208.40
597.52	1208.98
597.72	1200.11
597.92	1218.97
598.12	1202.30
598.32	1216.00
598.52	1211.05
598.72	1219.24
598.92	1202.18
599.12	1214.45
599.31	1207.15
599.51	1209.55
599.71	1211.33
599.91	1214.90
600.11	1213.56
600.31	1214.42
600.51	1209.98
600.71	1218.19
600.91	1211.39
601.11	1217.39
601.31	1205.93
601.51	1220.32
601.71	1209.88
601.91	1219.57
602.10	1205.48
602.30	1212.85
602.50	1206.93
602.70	1216.19
602.90	1210.51
603.10	1213.50
603.30	1205.54
603.50	1221.08
603.70	1208.44
603.90	1220.92
604.10	1211.82
604.30	1217.17
604.49	1206.25
604.69	1218.11
604.89	1210.62
605.09	1228.90
605.29	1207.63
605.49	1219.73
605.69	1212.48
605.89	1222.04
606.09	1206.77
606.29	1211.33
606.48	1210.06
606.68	1226.49
606.88	1213.24
607.08	1225.05
607.28	1211.58
607.48	1217.19
607.68	1209.16
607.88	1204.55
608.08	1207.77
608.27	1221.16
608.47	1214.81
608.67	1215.98
608.87	1208.20
609.07	1218.66
609.27	1213.05
609.47	1218.34
609.67	1208.83
609.87	1217.70
610.06	1215.41
610.26	1225.83
610.46	1212.27
610.66	1214.57
610.86	1222.39
611.06	1221.76
611.26	1215.47
611.45	1223.93
611.65	1215.98
611.85	1219.91
612.05	1208.55
612.25	1214.61
612.45	1211.52
612.65	1231.89
612.84	1208.63
613.04	1217.39
613.24	1219.77
613.44	1221.12
613.64	1218.62
613.84	1222.88
614.04	1213.56
614.23	1226.92
614.43	1214.67
614.63	1234.50
614.83	1212.09
615.03	1228.92
615.23	1218.15
615.42	1218.44
615.62	1217.78
615.82	1225.61
616.02	1215.06
616.22	1215.74
616.42	1219.34
616.61	1221.00
616.81	1221.22
617.01	1227.76
617.21	1218.13
617.41	1226.59
617.61	1217.70
617.80	1230.40
618.00	1226.53
618.20	1229.83
618.40	1232.69
618.60	1227.37
618.80	1225.12
618.99	1232.82
619.19	1228.95
619.39	1239.49
619.59	1238.55
619.79	1230.54
619.98	1232.16
620.18	1235.13
620.38	1234.35
620.58	1241.52
620.78	1229.35
620.97	1239.74
621.17	1231.67
621.37	1244.00
621.57	1232.84
621.77	1240.60
621.96	1240.35
622.16	1241.50
622.36	1239.16
622.56	1248.01
622.76	1245.86
622.95	1244.59
623.15	1238.98
623.35	1245.74
623.55	1244.47
623.75	1244.04
623.94	1238.67
624.14	1251.74
624.34	1243.98
624.54	1250.92
624.73	1246.03
624.93	1253.68
625.13	1246.31
625.33	1257.60
625.53	1255.71
625.72	1255.98
625.92	1248.75
626.12	1260.85
626.32	1254.36
626.51	1257.04
626.71	1258.70
626.91	1265.71
627.11	1261.41
627.30	1269.31
627.50	1262.61
627.70	1263.64
627.90	1262.94
628.10	1264.15
628.29	1265.19
628.49	1263.72
628.69	1275.25
628.89	1272.26
629.08	1269.11
629.28	1277.89
629.48	1264.48
629.68	1270.17
629.87	1271.28
630.07	1271.97
630.27	1266.46
630.47	1267.90
630.66	1274.68
630.86	1276.13
631.06	1265.91
631.25	1274.72
631.45	1267.71
631.65	1275.25
631.85	1265.75
632.04	1273.43
632.24	1263.76
632.44	1273.98
632.64	1269.27
632.83	1276.29
633.03	1270.25
633.23	1270.38
633.42	1275.62
633.62	1271.99
633.82	1262.65
634.02	1270.27
634.21	1267.10
634.41	1269.19
634.61	1267.45
634.81	1265.03
635.00	1268.45
635.20	1269.04
635.40	1265.03
635.59	1269.33
635.79	1276.60
635.99	1272.36
636.18	1267.51
636.38	1268.59
636.58	1260.89
636.78	1271.97
636.97	1263.94
637.17	1273.24
637.37	1275.13
637.56	1276.64
637.76	1276.72
637.96	1279.16
638.15	1281.15
638.35	1286.37
638.55	1286.49
638.74	1305.33
638.94	1300.01
639.14	1303.59
639.34	1307.03
639.53	1326.94
639.73	1324.67
639.93	1356.35
640.12	1373.90
640.32	1395.61
640.52	1409.37
640.71	1445.54
640.91	1473.33
641.11	1513.39
641.30	1524.79
641.50	1569.83
641.70	1592.15
641.89	1640.98
642.09	1676.47
642.29	1730.78
642.48	1783.60
642.68	1869.14
642.88	1973.48
643.07	2115.92
643.27	2334.19
643.47	2640.55
643.66	3079.02
643.86	3639.55
644.06	4285.23
644.25	5081.58
644.45	5892.50
644.65	6758.62
644.84	7462.08
645.04	8279.67
645.23	8937.13
645.43	9498.60
645.63	10014.83
645.82	10441.45
646.02	10703.97
646.22	11026.16
646.41	11280.44
646.61	11389.96
646.81	11567.60
647.00	11733.73
647.20	11685.98
647.39	11762.59
647.59	11674.16
647.79	11728.31
647.98	11741.03
648.18	11748.01
648.38	11748.13
648.57	11688.27
648.77	11735.37
648.96	11698.20
649.16	11534.82
649.36	11454.80
649.55	11163.54
649.75	10869.57
649.95	10312.34
650.14	9737.42
650.34	9054.62
650.53	8340.95
650.73	7556.43
650.93	6839.31
651.12	6213.07
651.32	5608.85
651.51	5128.63
651.71	4700.09
651.91	4380.40
652.10	4159.06
652.30	3923.72
652.49	3772.87
652.69	3594.64
652.89	3475.79
653.08	3376.40
653.28	3274.44
653.47	3181.79
653.67	3121.15
653.86	3029.97
654.06	2960.52
654.26	2890.32
654.45	2830.93
654.65	2758.41
654.84	2691.32
655.04	2640.65
655.24	2584.70
655.43	2528.38
655.63	2474.93
655.82	2403.86
656.02	2371.42
656.21	2310.13
656.41	2276.46
656.61	2229.93
656.80	2176.83
657.00	2138.06
657.19	2094.52
657.39	2058.31
657.58	2024.36
657.78	1989.99
657.97	1967.91
658.17	1943.13
658.37	1917.88
658.56	1888.21
658.76	1880.22
658.95	1860.21
659.15	1839.14
659.34	1827.79
659.54	1812.41
659.73	1799.45
659.93	1814.48
660.13	1800.49
660.32	1843.75
660.52	1866.66
660.71	1923.55
660.91	2004.72
661.10	2100.93
661.30	2213.75
661.49	2322.25
661.69	2416.01
661.88	2516.22
662.08	2590.11
662.27	2649.68
662.47	2689.58
662.66	2711.45
662.86	2719.66
663.06	2701.33
663.25	2687.55
663.45	2638.71
663.64	2604.09
663.84	2541.30
664.03	2470.40
664.23	2386.40
664.42	2301.96
664.62	2239.70
664.81	2151.82
665.01	2093.72
665.20	2012.48
665.40	1947.39
665.59	1876.84
665.79	1816.55
665.98	1766.93
666.18	1702.33
666.37	1652.77
666.57	1610.40
666.76	1576.51
666.96	1561.04
667.15	1546.11
667.35	1529.14
667.54	1514.15
667.74	1515.99
667.93	1502.94
668.13	1502.41
668.32	1488.96
668.52	1486.74
668.71	1458.99
668.91	1446.97
669.10	1410.44
669.30	1375.83
669.49	1340.54
669.68	1321.21
669.88	1294.15
670.07	1293.91
670.27	1269.64
670.46	1277.44
670.66	1259.28
670.85	1264.76
671.05	1255.45
671.24	1256.31
671.44	1248.18
671.63	1261.41
671.83	1246.93
672.02	1253.66
672.22	1248.69
672.41	1257.99
672.60	1247.29
672.80	1260.20
672.99	1245.06
673.19	1249.77
673.38	1242.71
673.58	1250.53
673.77	1244.98
673.97	1249.14
674.16	1239.45
674.36	1243.26
674.55	1242.17
674.74	1245.17
674.94	1231.57
675.13	1236.91
675.33	1228.64
675.52	1238.59
675.72	1240.39
675.91	1237.71
676.10	1233.72
676.30	1238.78
676.49	1233.90
676.69	1234.93
676.88	1228.60
677.08	1238.45
677.27	1231.05
677.46	1231.67
677.66	1222.97
677.85	1236.91
678.05	1231.32
678.24	1231.51
678.44	1217.82
678.63	1230.83
678.82	1225.24
679.02	1230.15
679.21	1218.93
679.41	1224.60
679.60	1228.97
679.79	1227.59
679.99	1224.07
680.18	1223.80
680.38	1222.19
680.57	1228.29
680.76	1220.20
680.96	1224.75
681.15	1213.52
681.35	1223.99
681.54	1223.80
681.73	1222.90
681.93	1222.37
682.12	1218.71
682.32	1210.43
682.51	1227.18
682.70	1212.58
682.90	1224.30
683.09	1217.01
683.29	1221.37
683.48	1222.90
683.67	1220.96
683.87	1217.05
684.06	1218.48
684.25	1218.40
684.45	1225.81
684.64	1215.16
684.84	1221.31
685.03	1217.46
685.22	1221.33
685.42	1217.17
685.61	1219.32
685.80	1213.56
686.00	1221.29
686.19	1216.06
686.38	1217.72
686.58	1217.74
686.77	1224.15
686.96	1219.26
687.16	1225.14
687.35	1222.58
687.55	1221.06
687.74	1216.53
687.93	1224.26
688.13	1212.05
688.32	1215.29
688.51	1213.79
688.71	1220.20
688.90	1212.77
689.09	1220.30
689.29	1214.88
689.48	1215.80
689.67	1214.42
689.87	1227.51
690.06	1213.71
690.25	1225.83
690.45	1218.93
690.64	1223.95
690.83	1214.30
691.03	1224.30
691.22	1220.30
691.41	1224.46
691.61	1218.66
691.80	1227.10
691.99	1217.80
692.19	1221.59
692.38	1211.43
692.57	1224.91
692.76	1220.77
692.96	1223.68
693.15	1220.67
693.34	1214.65
693.54	1212.27
693.73	1226.67
693.92	1207.77
694.12	1213.91
694.31	1211.39
694.50	1217.39
694.70	1220.00
694.89	1222.99
695.08	1204.90
695.27	1220.02
695.47	1212.27
695.66	1215.67
695.85	1211.76
696.05	1218.64
696.24	1204.80
696.43	1211.50
696.62	1214.86
696.82	1214.40
697.01	1203.16
697.20	1205.84
697.40	1206.87
697.59	1214.88
697.78	1203.78
697.97	1216.39
698.17	1206.01
698.36	1217.15
698.55	1214.24
698.74	1209.14
698.94	1205.91
699.13	1217.64
699.32	1212.21
699.52	1209.26
699.71	1210.17
699.90	1214.77
700.09	1206.56
700.29	1208.71
700.48	1205.23
700.67	1207.77
700.86	1207.44
701.06	1212.42
701.25	1205.50
701.44	1219.95
701.63	1206.42
701.83	1205.99
702.02	1204.84
702.21	1213.20
702.40	1201.79
702.60	1222.06
702.79	1212.01
702.98	1216.90
703.17	1206.38
703.37	1209.08
703.56	1207.67
703.75	1206.13
703.94	1203.76
704.13	1213.79
704.33	1202.73
704.52	1215.94
704.71	1208.08
704.90	1211.23
705.10	1206.09
705.29	1214.45
705.48	1204.21
705.67	1208.32
705.86	1201.56
706.06	1208.51
706.25	1211.27
706.44	1213.09
706.63	1206.60
706.83	1208.36
707.02	1211.54
707.21	1204.33
707.40	1208.81
707.59	1212.83
707.79	1210.08
707.98	1203.53
708.17	1205.91
708.36	1218.93
708.55	1201.77
708.75	1218.36
708.94	1207.91
709.13	1214.24
709.32	1209.28
709.51	1218.44
709.71	1211.58
709.90	1209.59
710.09	1203.02
710.28	1215.92
710.47	1204.12
710.66	1208.18
710.86	1205.58
711.05	1218.01
711.24	1203.67
711.43	1210.80
711.62	1204.06
711.82	1211.31
712.01	1204.47
712.20	1209.49
712.39	1208.40
712.58	1212.70
712.77	1201.30
712.97	1213.28
713.16	1206.99
713.35	1210.39
713.54	1203.49
713.73	1217.15
713.92	1208.67
714.11	1214.73
714.31	1209.06
714.50	1216.80
714.69	1206.72
714.88	1214.98
715.07	1211.11
715.26	1213.40
715.46	1206.15
715.65	1215.63
715.84	1210.27
716.03	1214.06
716.22	1202.49
716.41	1210.37
716.60	1204.92
716.80	1213.77
716.99	1205.50
717.18	1211.15
717.37	1201.69
717.56	1210.86
717.75	1206.81
717.94	1209.47
718.13	1202.67
718.33	1207.83
718.52	1209.94
718.71	1206.03
718.90	1207.89
719.09	1211.23
719.28	1204.82
719.47	1215.80
719.66	1212.07
719.85	1207.83
720.05	1207.54
720.24	1213.32
720.43	1208.79
720.62	1213.05
720.81	1200.11
721.00	1214.57
721.19	1206.72
721.38	1211.87
721.57	1210.86
721.77	1203.67
721.96	1209.43
722.15	1214.14
722.34	1201.77
722.53	1218.07
722.72	1203.37
722.91	1203.96
723.10	1203.98
723.29	1220.30
723.48	1209.55
723.67	1214.38
723.87	1211.25
724.06	1213.09
724.25	1205.02
724.44	1204.64
724.63	1208.47
724.82	1206.38
725.01	1203.45
725.20	1206.42
725.39	1201.75
725.58	1208.28
725.77	1201.36
725.96	1207.65
726.15	1205.66
726.34	1213.07
726.54	1208.47
726.73	1210.12
726.92	1199.95
727.11	1206.87
727.30	1209.59
727.49	1213.81
727.68	1203.45
727.87	1204.96
728.06	1212.50
728.25	1209.61
728.44	1204.66
728.63	1213.40
728.82	1201.15
729.01	1209.24
729.20	1209.00
729.39	1209.10
729.58	1206.85
729.77	1218.68
729.96	1203.82
730.15	1208.57
730.34	1205.64
730.53	1200.13
730.73	1204.12
730.92	1214.12
731.11	1204.80
731.30	1209.20
731.49	1209.82
731.68	1211.41
731.87	1203.41
732.06	1206.79
732.25	1201.13
732.44	1219.16
732.63	1208.44
732.82	1207.01
733.01	1204.21
733.20	1208.20
733.39	1202.10
733.58	1205.78
733.77	1201.13
733.96	1215.86
734.15	1202.16
734.34	1210.68
734.53	1210.14
734.72	1211.03
734.91	1202.89
735.10	1208.61
735.29	1204.96
735.48	1215.26
735.67	1202.42
735.86	1211.41
736.05	1202.32
736.24	1211.17
736.43	1201.17
736.62	1205.74
736.81	1203.22
737.00	1214.53
737.19	1201.77
737.38	1214.20
737.57	1202.51
737.76	1205.52
737.95	1209.16
738.14	1214.06
738.33	1205.37
738.51	1209.02
738.70	1210.84
738.89	1205.70
739.08	1205.99
739.27	1214.53
739.46	1207.89
739.65	1210.55
739.84	1202.67
740.03	1215.92
740.22	1203.00
740.41	1215.35
740.60	1201.89
740.79	1209.41
740.98	1209.96
741.17	1214.71
741.36	1200.79
741.55	1210.23
741.74	1209.04
741.93	1202.49
742.12	1204.31
742.31	1205.56
742.50	1208.47
742.68	1210.55
742.87	1207.85
743.06	1209.92
743.25	1200.70
743.44	1215.51
743.63	1206.50
743.82	1212.48
744.01	1206.27
744.20	1204.74
744.39	1211.76
744.58	1211.50
744.77	1204.82
744.96	1205.52
745.14	1203.76
745.33	1210.74
745.52	1201.38
745.71	1210.45
745.90	1204.43
746.09	1210.10
746.28	1205.60
746.47	1212.13
746.66	1208.49
746.85	1204.35
747.04	1205.33
747.22	1204.10
747.41	1203.76
747.60	1210.08
747.79	1199.52
747.98	1214.71
748.17	1201.42
748.36	1211.27
748.55	1207.69
748.74	1207.03
748.93	1200.93
749.11	1209.61
749.30	1207.75
749.49	1209.49
749.68	1202.42
749.87	1208.24
750.06	1206.77
750.25	1212.56
750.44	1210.00
750.62	1204.19
750.81	1200.91
751.00	1212.62
751.19	1197.30
751.38	1206.29
751.57	1205.39
751.76	1211.27
751.95	1198.57
752.13	1214.79
752.32	1202.83
752.51	1206.48
752.70	1209.06
752.89	1213.07
753.08	1205.35
753.27	1205.07
753.45	1194.74
753.64	1204.43
753.83	1205.72
754.02	1211.66
754.21	1202.06
754.40	1207.99
754.58	1202.44
754.77	1207.54
754.96	1207.85
755.15	1213.73
755.34	1207.54
755.53	1212.85
755.71	1201.71
755.90	1208.28
756.09	1202.59
756.28	1201.93
756.47	1206.32
756.66	1205.93
756.84	1203.32
757.03	1209.90
757.22	1205.66
757.41	1215.35
757.60	1201.87
757.79	1212.58
757.97	1202.83
758.16	1207.83
758.35	1204.57
758.54	1216.41
758.73	1209.61
758.91	1205.82
759.10	1204.74
759.29	1211.37
759.48	1202.57
759.67	1211.80
759.85	1209.20
760.04	1213.34
760.23	1201.01
760.42	1218.13
760.61	1202.59
760.79	1212.73
760.98	1202.79
761.17	1213.69
761.36	1201.30
761.55	1207.20
761.73	1210.53
761.92	1211.33
762.11	1207.67
762.30	1211.15
762.49	1216.41
762.67	1212.05
762.86	1205.95
763.05	1215.92
763.24	1197.65
763.42	1210.04
763.61	1202.94
763.80	1207.99
763.99	1201.89
764.17	1205.54
764.36	1204.57
764.55	1216.86
764.74	1206.29
764.92	1204.68
765.11	1200.81
765.30	1207.22
765.49	1207.34
765.68	1206.52
765.86	1200.15
766.05	1212.52
766.24	1207.93
766.43	1213.09
766.61	1209.67
766.80	1209.98
766.99	1203.76
767.17	1215.59
767.36	1209.76
767.55	1211.58
767.74	1201.30
767.92	1208.30
768.11	1208.18
768.30	1219.93
768.49	1209.08
768.67	1210.70
768.86	1208.85
769.05	1206.77
769.24	1203.37
769.42	1211.97
769.61	1201.05
769.80	1213.13
769.98	1210.86
770.17	1208.24
770.36	1205.37
770.55	1207.50
770.73	1202.10
770.92	1215.63
771.11	1198.47
771.29	1206.87
771.48	1210.33
771.67	1207.48
771.86	1202.96
772.04	1207.01
772.23	1205.19
772.42	1209.94
772.60	1201.36
772.79	1207.42
772.98	1209.04
773.16	1213.77
773.35	1203.30
773.54	1210.80
773.72	1198.92
773.91	1216.80
774.10	1207.89
774.29	1210.72
774.47	1199.09
774.66	1213.01
774.85	1212.13
775.03	1208.83
775.22	1205.31
775.41	1211.78
775.59	1209.31
775.78	1210.98
775.97	1196.44
776.15	1212.19
776.34	1201.36
776.53	1210.90
776.71	1203.47
776.90	1211.27
777.09	1198.61
777.27	1216.37
777.46	1200.99
777.65	1217.01
777.83	1199.66
778.02	1203.28
778.21	1202.38
778.39	1211.84
778.58	1199.31
778.76	1210.68
778.95	1204.27
779.14	1217.01
779.32	1203.30
779.51	1211.64
779.70	1204.04
779.88	1210.70
780.07	1209.31
780.26	1207.52
780.44	1209.76
780.63	1213.18
780.81	1199.93
781.00	1211.21
781.19	1207.65
781.37	1203.12
781.56	1205.88
781.75	1200.09
781.93	1204.04
782.12	1208.67
782.30	1207.58
782.49	1208.98
782.68	1208.79
782.86	1216.74
783.05	1200.36
783.23	1218.79
783.42	1208.20
783.61	1211.41
783.79	1203.82
783.98	1212.05
784.16	1205.68
784.35	1203.41
784.54	1205.66
784.72	1211.39
784.91	1203.24
785.09	1213.75
785.28	1206.03
785.47	1212.36
785.65	1210.31
785.84	1208.51
786.02	1202.59
786.21	1209.51
786.40	1206.36
786.58	1215.72
786.77	1199.99
786.95	1214.40
787.14	1200.17
787.32	1201.30
787.51	1202.83
787.70	1211.19
787.88	1209.65
788.07	1212.32
788.25	1204.68
788.44	1208.73
788.62	1198.18
788.81	1206.15
789.00	1198.80
789.18	1205.91
789.37	1204.78
789.55	1217.97
789.74	1206.21
789.92	1211.66
790.11	1194.56
790.29	1211.21
790.48	1202.53
790.67	1213.28
790.85	1206.60
791.04	1215.65
791.22	1203.41
791.41	1208.42
791.59	1204.98
791.78	1214.65
791.96	1204.78
792.15	1212.30
792.33	1202.55
792.52	1211.29
792.70	1208.51
792.89	1215.39
793.07	1203.04
793.26	1209.45
793.45	1198.49
793.63	1215.37
793.82	1212.60
794.00	1213.97
794.19	1204.10
794.37	1214.88
794.56	1198.76
794.74	1207.75
794.93	1205.02
795.11	1212.17
795.30	1202.40
795.48	1202.10
795.67	1203.86
795.85	1205.27
796.04	1208.32
796.22	1209.67
796.41	1200.60
796.59	1209.20
796.78	1206.85
796.96	1211.89
797.15	1207.95
797.33	1215.59
797.52	1207.91
797.70	1202.51
797.89	1205.97
798.07	1208.08
798.26	1194.44
798.44	1205.68
798.63	1204.74
798.81	1211.05
798.99	1207.42
799.18	1203.39
799.36	1211.05
799.55	1208.79
799.73	1201.05
799.92	1211.39
800.10	1205.43
800.29	1212.77
800.47	1202.14
800.66	1209.12
800.84	1204.23
801.03	1210.55
801.21	1202.46
801.39	1205.72
801.58	1206.11
801.76	1207.07
801.95	1202.08
802.13	1203.82
802.32	1200.89
802.50	1211.95
802.69	1201.11
802.87	1213.22
803.06	1205.88
803.24	1215.22
803.42	1205.33
803.61	1213.85
803.79	1201.60
803.98	1215.24
804.16	1205.54
804.35	1212.77
804.53	1204.94
804.71	1211.54
804.90	1199.29
805.08	1215.16
805.27	1203.73
805.45	1205.11
805.63	1198.41
805.82	1212.01
806.00	1196.51
806.19	1204.45
806.37	1203.18
806.56	1214.36
806.74	1201.87
806.92	1209.65
807.11	1200.87
807.29	1205.23
807.48	1201.93
807.66	1210.96
807.84	1199.15
808.03	1209.49
808.21	1208.16
808.40	1203.16
808.58	1199.58
808.76	1209.61
808.95	1202.49
809.13	1206.68
809.32	1206.09
809.50	1211.78
809.68	1204.10
809.87	1201.60
810.05	1209.39
810.23	1216.10
810.42	1200.95
810.60	1206.60
810.79	1205.64
810.97	1215.51
811.15	1207.18
811.34	1210.19
811.52	1201.91
811.70	1210.10
811.89	1205.91
812.07	1207.75
812.25	1203.02
812.44	1207.58
812.62	1201.42
812.81	1210.45
812.99	1205.82
813.17	1209.71
813.36	1203.43
813.54	1213.67
813.72	1201.56
813.91	1213.32
814.09	1202.38
814.27	1205.00
814.46	1207.15
814.64	1211.78
814.82	1202.55
815.01	1203.76
815.19	1200.17
815.37	1210.12
815.56	1211.50
815.74	1207.26
815.92	1200.50
816.11	1213.91
816.29	1202.87
816.47	1204.08
816.66	1203.22
816.84	1201.60
817.02	1208.51
817.21	1210.78
817.39	1206.13
817.57	1213.07
817.76	1207.18
817.94	1208.55
818.12	1197.45
818.30	1208.87
818.49	1204.21
818.67	1213.67
818.85	1202.32
819.04	1217.13
819.22	1201.38
819.40	1208.92
819.59	1205.09
819.77	1205.97
819.95	1205.72
820.13	1207.26
820.32	1201.36
820.50	1215.33
820.68	1204.74
820.87	1207.22
821.05	1208.08
821.23	1209.57
821.41	1201.95
821.60	1206.56
821.78	1205.84
821.96	1213.48
822.14	1208.22
822.33	1206.29
822.51	1201.99
822.69	1210.41
822.88	1206.87
823.06	1203.84
823.24	1193.78
823.42	1214.69
823.61	1200.58
823.79	1211.80
823.97	1209.18
824.15	1204.43
824.34	1199.60
824.52	1205.80
824.70	1203.86
824.88	1205.91
825.07	1199.35
825.25	1211.00
825.43	1209.22
825.61	1208.38
825.80	1203.02
825.98	1212.13
826.16	1202.75
826.34	1212.17
826.53	1212.13
826.71	1210.02
826.89	1203.26
827.07	1211.19
827.25	1208.67
827.44	1211.03
827.62	1211.03
827.80	1216.82
827.98	1201.46
828.17	1208.75
828.35	1204.16
828.53	1212.95
828.71	1202.94
828.89	1208.81
829.08	1208.59
829.26	1207.44
829.44	1202.53
829.62	1205.41
829.80	1202.34
829.99	1202.53
830.17	1200.33
830.35	1213.93
830.53	1191.77
830.71	1209.67
830.90	1201.22
831.08	1208.30
831.26	1196.81
831.44	1205.09
831.62	1198.55
831.81	1211.43
831.99	1200.52
832.17	1209.69
832.35	1205.39
832.53	1203.43
832.71	1201.26
832.90	1215.43
833.08	1206.58
833.26	1215.61
833.44	1200.56
833.62	1211.93
833.81	1202.94
833.99	1210.90
834.17	1200.79
834.35	1201.63
834.53	1211.70
834.71	1214.77
834.89	1205.15
835.08	1207.65
835.26	1203.47
835.44	1208.49
835.62	1206.25
835.80	1213.13
835.98	1202.26
836.17	1215.88
836.35	1192.25
836.53	1213.91
836.71	1200.40
836.89	1208.61
837.07	1199.23
837.25	1211.58
837.44	1198.78
837.62	1209.59
837.80	1203.39
837.98	1210.64
838.16	1205.39
838.34	1210.72
838.52	1199.35
838.70	1212.97
838.89	1202.73
839.07	1203.78
839.25	1207.03
839.43	1208.79
839.61	1202.24
839.79	1207.09
839.97	1201.83
840.15	1212.64
840.33	1209.00
840.52	1208.47
840.70	1202.32
840.88	1206.21
841.06	1204.10
841.24	1215.12
841.42	1206.38
841.60	1210.98
841.78	1197.02
841.96	1213.99
842.14	1206.09
842.33	1215.37
842.51	1200.13
842.69	1210.27
842.87	1201.60
843.05	1212.93
843.23	1207.38
843.41	1211.31
843.59	1209.92
843.77	1207.56
843.95	1206.77
844.13	1205.56
844.31	1204.55
844.49	1208.44
844.68	1202.26
844.86	1215.37
845.04	1207.13
845.22	1208.90
845.40	1199.70
845.58	1212.62
845.76	1205.78
845.94	1210.14
846.12	1202.16
846.30	1208.42
846.48	1197.73
846.66	1213.69
846.84	1207.89
847.02	1206.52
847.20	1206.56
847.38	1212.05
847.56	1207.13
847.74	1211.39
847.92	1201.50
848.11	1206.29
848.29	1204.39
848.47	1206.01
848.65	1201.69
848.83	1208.18
849.01	1201.28
849.19	1213.75
849.37	1198.61
849.55	1210.14
849.73	1208.14
849.91	1211.03
850.09	1208.24
850.27	1208.30
850.45	1204.14
850.63	1205.21
850.81	1207.36
850.99	1211.93
851.17	1202.18
851.35	1209.06
851.53	1209.98
851.71	1205.33
851.89	1203.35
852.07	1205.29
852.25	1210.68
852.43	1207.07
852.61	1198.72
852.79	1196.98
852.97	1196.77
853.15	1214.49
853.33	1204.02
853.51	1208.40
853.69	1205.93
853.87	1199.68
854.05	1204.00
854.23	1208.55
854.41	1209.96
854.59	1206.15
854.77	1207.01
854.95	1212.36
855.13	1206.34
855.31	1206.38
855.49	1201.32
855.67	1213.09
855.84	1198.90
856.02	1206.97
856.20	1206.15
856.38	1202.85
856.56	1195.85
856.74	1203.78
856.92	1205.19
857.10	1210.23
857.28	1201.24
857.46	1207.79
857.64	1208.40
857.82	1206.36
858.00	1194.72
858.18	1210.92
858.36	1207.69
858.54	1205.70
858.72	1205.35
858.90	1206.36
859.08	1210.70
859.25	1205.35
859.43	1205.35
859.61	1215.10
859.79	1209.59
859.97	1210.10
860.15	1200.91
860.33	1211.11
860.51	1208.08
860.69	1206.25
860.87	1198.84
861.05	1209.06
861.23	1204.88
861.41	1205.54
861.58	1203.90
861.76	1207.13
861.94	1204.98
862.12	1213.32
862.30	1200.95
862.48	1204.10
862.66	1203.10
862.84	1212.93
863.02	1204.92
863.20	1211.11
863.37	1205.52
863.55	1205.05
863.73	1212.03
863.91	1211.27
864.09	1208.28
864.27	1207.46
864.45	1198.70
864.63	1211.07
864.80	1203.80
864.98	1208.87
865.16	1203.24
865.34	1207.61
865.52	1201.01
865.70	1206.34
865.88	1194.70
866.06	1206.36
866.23	1207.81
866.41	1207.61
866.59	1199.37
866.77	1203.67
866.95	1207.91
867.13	1214.04
867.31	1201.13
867.48	1214.10
867.66	1201.13
867.84	1212.30
868.02	1209.61
868.20	1209.55
868.38	1201.22
868.56	1211.87
868.73	1198.23
868.91	1209.41
869.09	1199.82
869.27	1206.48
869.45	1206.95
869.63	1204.98
869.80	1203.69
869.98	1202.75
870.16	1208.94
870.34	1213.91
870.52	1200.60
870.70	1203.90
870.87	1199.99
871.05	1206.19
871.23	1210.88
871.41	1204.59
871.59	1196.79
871.76	1210.12
871.94	1210.06
872.12	1208.20
872.30	1199.31
872.48	1205.21
872.65	1201.30
872.83	1214.28
873.01	1201.03
873.19	1204.53
873.37	1204.43
873.54	1204.88
873.72	1204.94
873.90	1214.73
874.08	1203.67
874.26	1204.74
874.43	1199.21
874.61	1204.94
874.79	1206.58
874.97	1206.66
875.15	1210.37
875.32	1207.63
875.50	1208.90
875.68	1207.15
875.86	1205.72
876.03	1200.36
876.21	1202.36
876.39	1216.33
876.57	1200.44
876.74	1200.89
876.92	1201.50
877.10	1210.04
877.28	1205.27
877.45	1213.07
877.63	1203.78
877.81	1210.39
877.99	1207.79
878.17	1211.50
878.34	1204.41
878.52	1204.10
878.70	1203.39
878.87	1206.07
879.05	1202.61
879.23	1204.74
879.41	1203.41
879.58	1210.00
879.76	1207.93
879.94	1210.96
880.12	1203.61
880.29	1211.82
880.47	1203.35
880.65	1214.67
880.83	1207.11
881.00	1212.68
881.18	1200.93
881.36	1206.34
881.53	1197.45
881.71	1211.37
881.89	1209.51
882.07	1207.24
882.24	1198.37
882.42	1206.54
882.60	1206.07
882.77	1207.93
882.95	1200.27
883.13	1202.77
883.30	1206.50
883.48	1209.31
883.66	1203.78
883.84	1215.65
884.01	1208.10
884.19	1204.57
884.37	1200.19
884.54	1207.69
884.72	1205.39
884.90	1213.28
885.07	1206.52
885.25	1209.51
885.43	1201.83
885.60	1207.75
885.78	1208.08
885.96	1211.60
886.13	1197.71
886.31	1204.64
886.49	1199.99
886.66	1207.42
886.84	1207.15
887.02	1209.28
887.19	1201.54
887.37	1211.80
887.55	1203.84
887.72	1205.64
887.90	1193.23
888.08	1211.21
888.25	1202.49
888.43	1208.59
888.61	1201.75
888.78	1208.59
888.96	1205.33
889.14	1210.39
889.31	1198.68
889.49	1215.12
889.67	1202.06
889.84	1209.14
890.02	1193.37
890.19	1210.33
890.37	1199.60
890.55	1212.15
890.72	1197.96
890.90	1208.96
891.08	1200.70
891.25	1212.85
891.43	1207.56
891.60	1209.02
891.78	1201.44
891.96	1208.83
892.13	1204.86
892.31	1207.40
892.48	1201.95
892.66	1209.39
892.84	1201.95
893.01	1210.57
893.19	1199.35
893.36	1208.81
893.54	1201.85
893.72	1204.16
893.89	1202.77
894.07	1209.84
894.24	1207.36
894.42	1223.48
894.60	1200.91
894.77	1214.53
894.95	1200.99
895.12	1210.96
895.30	1207.24
895.48	1212.15
895.65	1198.27
895.83	1211.46
896.00	1205.58
896.18	1206.23
896.35	1204.92
896.53	1208.92
896.71	1194.56
896.88	1210.43
897.06	1210.64
897.23	1208.87
897.41	1195.44
897.58	1208.55
897.76	1202.96
897.93	1206.15
898.11	1201.81
898.29	1210.39
898.46	1201.71
898.64	1211.31
898.81	1200.07
898.99	1209.78
899.16	1205.66
899.34	1205.15
899.51	1204.51
899.69	1219.65
899.86	1198.08
900.04	1207.52
900.21	1208.67
900.39	1211.70
900.57	1206.83
900.74	1205.35
900.92	1207.28
901.09	1207.46
901.27	1207.77
901.44	1215.61
901.62	1206.79
901.79	1211.25
901.97	1200.48
902.14	1207.28
902.32	1201.05
902.49	1209.92
902.67	1199.31
902.84	1213.71
903.02	1200.11
903.19	1205.72
903.37	1206.54
903.54	1210.19
903.72	1198.47
903.89	1204.29
904.07	1197.86
904.24	1213.65
904.42	1203.24
904.59	1208.55
904.77	1206.93
904.94	1210.53
905.12	1201.48
905.29	1202.22
905.47	1201.95
905.64	1206.81
905.82	1203.51
905.99	1210.21
906.16	1203.90
906.34	1209.12
906.51	1205.23
906.69	1204.72
906.86	1201.09
907.04	1199.09
907.21	1199.97
907.39	1212.54
907.56	1197.14
907.74	1204.43
907.91	1209.98
908.09	1209.74
908.26	1207.63
908.43	1209.10
908.61	1204.04
908.78	1213.34
908.96	1196.32
909.13	1202.53
909.31	1201.38
909.48	1215.49
909.65	1201.50
909.83	1209.04
910.00	1202.71
910.18	1214.14
910.35	1201.93
910.53	1207.48
910.70	1199.84
910.87	1208.26
911.05	1193.09
911.22	1208.96
911.40	1202.26
911.57	1213.50
911.75	1206.32
911.92	1211.72
912.09	1203.57
912.27	1212.50
912.44	1206.64
912.62	1206.97
912.79	1199.76
912.96	1211.84
913.14	1199.80
913.31	1212.30
913.49	1201.05
913.66	1207.15
913.83	1208.22
914.01	1211.68
914.18	1207.01
914.36	1209.47
914.53	1201.11
914.70	1214.12
914.88	1201.95
915.05	1209.08
915.22	1205.93
915.40	1210.37
915.57	1207.30
915.75	1211.11
915.92	1201.42
916.09	1204.90
916.27	1206.50
916.44	1213.61
916.61	1204.29
916.79	1207.07
916.96	1208.06
917.13	1208.51
917.31	1198.18
917.48	1214.61
917.66	1204.47
917.83	1210.94
918.00	1205.74
918.18	1211.78
918.35	1195.95
918.52	1205.07
918.70	1204.19
918.87	1211.13
919.04	1199.58
919.22	1215.35
919.39	1209.06
919.56	1210.33
919.74	1200.74
919.91	1213.97
920.08	1204.62
920.26	1209.08
920.43	1206.19
920.60	1210.21
920.78	1206.11
920.95	1203.67
921.12	1206.42
921.29	1202.34
921.47	1202.57
921.64	1202.63
921.81	1205.00
921.99	1213.36
922.16	1199.43
922.33	1211.37
922.51	1203.69
922.68	1211.80
922.85	1203.92
923.03	1207.20
923.20	1203.90
923.37	1206.13
923.54	1204.29
923.72	1209.14
923.89	1200.93
924.06	1203.47
924.24	1200.54
924.41	1210.06
924.58	1201.71
924.75	1204.84
924.93	1212.95
925.10	1210.88
925.27	1199.78
925.44	1212.87
925.62	1207.07
925.79	1207.22
925.96	1203.53
926.14	1204.02
926.31	1201.99
926.48	1210.27
926.65	1210.92
926.83	1208.75
927.00	1203.10
927.17	1215.98
927.34	1197.39
927.52	1213.05
927.69	1202.40
927.86	1210.14
928.03	1200.70
928.21	1209.08
928.38	1202.30
928.55	1214.14
928.72	1204.19
928.89	1202.18
929.07	1205.82
929.24	1206.21
929.41	1197.53
929.58	1208.01
929.76	1199.99
929.93	1215.29
930.10	1207.95
930.27	1208.40
930.44	1203.39
930.62	1217.33
930.79	1196.22
930.96	1212.17
931.13	1198.47
931.31	1211.56
931.48	1196.26
931.65	1209.59
931.82	1203.43
931.99	1210.90
932.17	1201.09
932.34	1208.32
932.51	1204.33
932.68	1210.80
932.85	1205.62
933.03	1203.63
933.20	1192.31
933.37	1207.34
933.54	1205.78
933.71	1209.76
933.88	1200.11
934.06	1206.97
934.23	1199.11
934.40	1210.00
934.57	1205.41
934.74	1213.38
934.91	1195.79
935.09	1206.23
935.26	1200.42
935.43	1206.66
935.60	1208.10
935.77	1210.21
935.94	1204.47
936.12	1210.29
936.29	1196.85
936.46	1212.68
936.63	1204.21
936.80	1205.91
936.97	1204.33
937.14	1210.94
937.32	1206.38
937.49	1204.88
937.66	1200.91
937.83	1201.13
938.00	1202.36
938.17	1211.74
938.34	1207.15
938.52	1208.85
938.69	1204.53
938.86	1208.49
939.03	1202.67
939.20	1210.12
939.37	1199.29
939.54	1204.90
939.71	1206.50
939.89	1210.55
940.06	1204.25
940.23	1208.85
940.40	1204.33
940.57	1208.79
940.74	1205.48
940.91	1214.69
941.08	1205.86
941.25	1204.86
941.43	1207.77
941.60	1209.02
941.77	1206.66
941.94	1210.04
942.11	1197.20
942.28	1213.97
942.45	1204.82
942.62	1210.10
942.79	1206.36
942.96	1212.44
943.13	1197.51
943.30	1209.53
943.48	1199.43
943.65	1203.84
943.82	1203.37
943.99	1213.61
944.16	1198.49
944.33	1208.42
944.50	1207.56
944.67	1214.08
944.84	1207.65
945.01	1213.93
945.18	1198.37
945.35	1214.49
945.52	1205.35
945.69	1214.42
945.86	1207.24
946.03	1208.12
946.21	1200.07
946.38	1210.60
946.55	1203.39
946.72	1215.26
946.89	1204.98
947.06	1211.97
947.23	1207.09
947.40	1206.50
947.57	1202.83
947.74	1210.39
947.91	1200.74
948.08	1208.44
948.25	1205.21
948.42	1208.77
948.59	1202.26
948.76	1210.84
948.93	1203.80
949.10	1212.01
949.27	1205.19
949.44	1211.72
949.61	1200.79
949.78	1204.92
949.95	1213.67
950.12	1207.07
950.29	1198.43
950.46	1209.00
950.63	1198.33
950.80	1207.50
950.97	1204.08
951.14	1210.90
951.31	1203.69
951.48	1206.91
951.65	1207.20
951.82	1207.36
951.99	1201.73
952.16	1201.13
952.33	1204.98
952.50	1202.94
952.67	1204.14
952.84	1205.25
953.01	1198.04
953.18	1206.19
953.35	1206.50
953.52	1213.32
953.69	1204.23
953.86	1208.53
954.03	1196.34
954.20	1212.77
954.37	1208.92
954.54	1213.18
954.70	1205.80
954.87	1206.44
955.04	1203.67
955.21	1208.57
955.38	1207.22
955.55	1212.46
955.72	1205.72
955.89	1215.06
956.06	1206.60
956.23	1214.08
956.40	1202.71
956.57	1213.91
956.74	1194.33
956.91	1215.72
957.08	1204.37
957.25	1207.63
957.41	1205.48
957.58	1211.11
957.75	1195.32
957.92	1208.24
958.09	1199.97
958.26	1207.73
958.43	1202.30
958.60	1217.21
958.77	1201.17
958.94	1215.47
959.11	1200.58
959.27	1212.03
959.44	1204.98
959.61	1208.71
959.78	1200.54
959.95	1215.82
960.12	1205.88
960.29	1218.01
960.46	1205.02
960.63	1209.86
960.80	1202.32
960.96	1212.17
961.13	1209.14
961.30	1215.18
961.47	1200.42
961.64	1204.45
961.81	1202.51
961.98	1204.06
962.15	1196.24
962.31	1208.36
962.48	1207.38
962.65	1211.62
962.82	1201.13
962.99	1204.80
963.16	1203.80
963.33	1205.41
963.49	1200.50
963.66	1213.34
963.83	1211.74
964.00	1212.87
964.17	1194.05
964.34	1205.72
964.51	1207.69
964.67	1208.40
964.84	1202.26
965.01	1223.91
965.18	1199.78
965.35	1212.42
965.52	1209.26
965.68	1211.37
965.85	1205.82
966.02	1208.53
966.19	1207.79
966.36	1210.98
966.52	1199.43
966.69	1215.94
966.86	1207.13
967.03	1214.40
967.20	1202.06
967.37	1213.13
967.53	1201.99
967.70	1210.00
967.87	1193.13
968.04	1205.02
968.21	1201.15
968.37	1210.27
968.54	1202.71
968.71	1209.08
968.88	1202.18
969.05	1206.52
969.21	1198.10
969.38	1212.91
969.55	1198.76
969.72	1210.60
969.89	1199.25
970.05	1213.30
970.22	1199.04
970.39	1214.79
970.56	1202.32
970.72	1210.53
970.89	1205.99
971.06	1202.01
971.23	1201.15
971.39	1211.46
971.56	1198.94
971.73	1206.91
971.90	1207.48
972.07	1208.20
972.23	1207.18
972.40	1205.25
972.57	1200.13
972.74	1214.04
972.90	1205.64
973.07	1210.49
973.24	1199.17
973.40	1214.71
973.57	1199.33
973.74	1213.81
973.91	1198.76
974.07	1213.42
974.24	1195.30
974.41	1211.82
974.58	1209.51
974.74	1216.10
974.91	1203.04
975.08	1213.59
975.25	1201.46
975.41	1215.35
975.58	1197.20
975.75	1209.55
975.91	1207.52
976.08	1211.48
976.25	1197.41
976.42	1222.04
976.58	1205.05
976.75	1211.95
976.92	1203.98
977.08	1205.74
977.25	1207.15
977.42	1213.93
977.58	1203.35
977.75	1203.51
977.92	1204.39
978.08	1206.46
978.25	1205.97
978.42	1208.47
978.59	1204.64
978.75	1209.55
978.92	1205.84
979.09	1209.53
979.25	1203.43
979.42	1208.81
979.59	1200.29
979.75	1212.85
979.92	1207.48
980.09	1213.20
980.25	1202.89
980.42	1206.89
980.59	1207.05
980.75	1211.99
980.92	1204.43
981.09	1211.43
981.25	1203.30
981.42	1208.77
981.59	1204.68
981.75	1215.82
981.92	1205.78
982.08	1206.29
982.25	1196.53
982.42	1211.91
982.58	1203.47
982.75	1209.65
982.92	1205.15
983.08	1206.81
983.25	1197.00
983.42	1207.30
983.58	1203.08
983.75	1209.78
983.91	1200.05
984.08	1213.71
984.25	1209.78
984.41	1208.14
984.58	1206.13
984.74	1209.76
984.91	1202.67
985.08	1207.28
985.24	1205.52
985.41	1205.82
985.57	1203.26
985.74	1206.11
985.91	1200.11
986.07	1210.06
986.24	1209.18
986.40	1200.77
986.57	1202.59
986.74	1209.55
986.90	1203.10
987.07	1204.39
987.23	1207.11
987.40	1207.93
987.57	1206.60
987.73	1214.10
987.90	1199.43
988.06	1209.06
988.23	1203.02
988.39	1212.91
988.56	1200.33
988.73	1206.29
988.89	1203.63
989.06	1211.41
989.22	1208.83
989.39	1210.08
989.55	1202.30
989.72	1210.47
989.88	1199.60
990.05	1208.77
990.22	1201.32
990.38	1210.51
990.55	1203.80
990.71	1203.26
990.88	1203.12
991.04	1209.12
991.21	1201.83
991.37	1206.46
991.54	1202.57
991.70	1208.04
991.87	1203.57
992.03	1208.01
992.20	1205.41
992.36	1211.17
992.53	1200.60
992.69	1215.84
992.86	1207.85
993.03	1204.86
993.19	1206.48
993.36	1216.96
993.52	1204.33
993.69	1203.04
993.85	1205.45
994.02	1206.87
994.18	1214.40
994.35	1211.99
994.51	1203.78
994.68	1210.62
994.84	1211.41
995.01	1214.34
995.17	1208.81
995.34	1208.77
995.50	1201.42
995.66	1214.02
995.83	1204.39
995.99	1208.12
996.16	1200.38
996.32	1210.74
996.49	1202.51
996.65	1210.02
996.82	1201.30
996.98	1205.91
997.15	1203.92
997.31	1211.00
997.48	1201.65
997.64	1208.08
997.81	1205.15
997.97	1206.07
998.13	1204.86
998.30	1208.87
998.46	1203.45
998.63	1204.90
998.79	1203.63
998.96	1205.54
999.12	1198.53
999.29	1214.59
999.45	1207.77
999.61	1202.85
999.78	1197.00
999.94	1207.52
1000.11	1206.38
1000.27	1211.07
1000.44	1205.91
1000.60	1210.10
1000.76	1201.50
1000.93	1215.37
1001.09	1204.88
1001.26	1209.08
1001.42	1204.35
1001.59	1215.33
1001.75	1199.47
1001.91	1208.38
1002.08	1205.48
1002.24	1205.19
1002.41	1201.63
1002.57	1216.10
1002.73	1200.74
1002.90	1209.59
1003.06	1200.64
1003.23	1212.83
1003.39	1200.25
1003.55	1209.88
1003.72	1207.54
1003.88	1200.89
1004.04	1205.91
1004.21	1207.40
1004.37	1206.75
1004.54	1204.74
1004.70	1202.96
1004.86	1220.79
1005.03	1204.41
1005.19	1216.19
1005.35	1201.83
1005.52	1206.56
1005.68	1202.26
1005.85	1207.93
1006.01	1204.53
1006.17	1210.94
1006.34	1200.46
1006.50	1212.79
1006.66	1205.52
1006.83	1210.43
1006.99	1193.80
1007.15	1208.38
1007.32	1200.07
1007.48	1208.28
1007.64	1191.96
1007.81	1206.05
1007.97	1205.95
1008.13	1211.78
1008.30	1206.05
1008.46	1210.35
1008.62	1200.54
1008.79	1205.21
1008.95	1208.67
1009.11	1216.68
1009.28	1205.43
1009.44	1209.20
1009.60	1198.16
1009.77	1207.30
1009.93	1202.42
1010.09	1213.36
1010.25	1204.41
1010.42	1212.64
1010.58	1207.48
1010.74	1210.39
1010.91	1197.96
1011.07	1208.06
1011.23	1203.14
1011.40	1211.70
1011.56	1205.97
1011.72	1214.65
1011.88	1207.50
1012.05	1213.28
1012.21	1206.62
1012.37	1211.58
1012.54	1205.52
1012.70	1204.64
1012.86	1207.01
1013.02	1212.54
1013.19	1195.09
1013.35	1205.09
1013.51	1202.24
1013.67	1209.57
1013.84	1209.98
1014.00	1208.53
1014.16	1197.00
1014.33	1212.32
1014.49	1204.25
1014.65	1216.25
1014.81	1200.87
1014.98	1207.79
1015.14	1200.44
1015.30	1206.85
1015.46	1204.82
1015.62	1212.50
1015.79	1206.75
1015.95	1214.36
1016.11	1200.33
1016.27	1207.63
1016.44	1195.28
1016.60	1206.66
1016.76	1206.46
1016.92	1215.49
1017.09	1200.70
1017.25	1202.67
1017.41	1198.84
1017.57	1211.41
1017.73	1202.26
1017.90	1211.60
1018.06	1200.48
1018.22	1221.06
1018.38	1203.88
1018.54	1209.20
1018.71	1200.27
1018.87	1206.58
1019.03	1199.41
1019.19	1217.60
1019.35	1208.18
1019.52	1221.12
1019.68	1203.55
1019.84	1207.28
1020.00	1200.85
1020.16	1218.95
1020.33	1196.65
1020.49	1207.15
1020.65	1203.18
1020.81	1215.53
1020.97	1197.28
1021.13	1206.66
1021.30	1202.46
1021.46	1215.78
1021.62	1203.80
1021.78	1211.60
1021.94	1198.84
1022.10	1208.94
1022.27	1198.25
1022.43	1214.71
1022.59	1209.39
1022.75	1210.80
1022.91	1204.33
1023.07	1206.36
1023.24	1201.89
1023.40	1210.04
1023.56	1201.73
1023.72	1215.84
1023.88	1203.88
1024.04	1201.05
1024.20	1199.27
1024.36	1200.93
1024.53	1202.26
1024.69	1212.21
1024.85	1200.01
1025.01	1208.83
1025.17	1209.96
1025.33	1212.48
1025.49	1202.24
1025.65	1205.99
1025.82	1201.89
1025.98	1212.56
1026.14	1201.28
1026.30	1211.80
1026.46	1204.14
1026.62	1213.13
1026.78	1201.93
1026.94	1215.35
1027.10	1200.74
1027.26	1207.77
1027.43	1200.79
1027.59	1213.73
1027.75	1203.37
1027.91	1206.01
1028.07	1208.12
1028.23	1217.44
1028.39	1195.95
1028.55	1207.13
1028.71	1206.25
1028.87	1205.41
1029.03	1200.44
1029.19	1206.85
1029.36	1203.12
1029.52	1207.20
1029.68	1204.10
1029.84	1207.22
1030.00	1202.81
1030.16	1209.31
1030.32	1201.30
1030.48	1215.33
1030.64	1199.64
1030.80	1212.85
1030.96	1204.66
1031.12	1212.19
1031.28	1204.31
1031.44	1209.92
1031.60	1203.35
1031.76	1210.21
1031.92	1204.88
1032.08	1230.05
1032.24	1199.80
1032.40	1211.52
1032.56	1200.97
1032.73	1212.11
1032.89	1202.16
1033.05	1208.22
1033.21	1205.52
1033.37	1207.32
1033.53	1207.73
1033.69	1215.45
1033.85	1206.42
1034.01	1205.25
1034.17	1202.81
1034.33	1200.60
1034.49	1204.00
1034.65	1211.46
1034.81	1203.78
1034.97	1202.36
1035.13	1208.83
1035.29	1206.21
1035.45	1206.81
1035.61	1211.56
1035.77	1213.44
1035.93	1211.52
1036.09	1206.60
1036.25	1214.38
1036.41	1205.95
1036.57	1213.99
1036.73	1200.19
1036.88	1206.97
1037.04	1210.49
