345.52	1178.81
345.73	1178.81
345.94	1178.81
346.16	1172.26
346.37	1179.06
346.58	1177.58
346.79	1183.73
347.00	1180.80
347.22	1187.72
347.43	1184.30
347.64	1181.88
347.85	1177.46
348.06	1186.41
348.28	1182.23
348.49	1183.28
348.70	1191.26
348.91	1186.29
349.12	1175.68
349.34	1187.41
349.55	1183.87
349.76	1185.69
349.97	1183.46
350.18	1184.07
350.40	1175.21
350.61	1195.83
350.82	1182.07
351.03	1185.94
351.24	1186.76
351.46	1194.42
351.67	1187.39
351.88	1186.98
352.09	1179.69
352.30	1185.24
352.51	1181.80
352.73	1184.98
352.94	1188.11
353.15	1187.92
353.36	1183.23
353.57	1189.44
353.79	1185.81
354.00	1193.45
354.21	1186.86
354.42	1189.99
354.63	1179.49
354.84	1186.72
355.06	1188.05
355.27	1185.59
355.48	1177.87
355.69	1197.08
355.90	1179.51
356.11	1193.54
356.33	1189.52
356.54	1199.11
356.75	1188.15
356.96	1190.73
357.17	1180.74
357.38	1195.52
357.60	1189.97
357.81	1201.15
358.02	1194.29
358.23	1203.73
358.44	1186.59
358.65	1193.54
358.87	1188.07
359.08	1198.92
359.29	1189.79
359.50	1196.26
359.71	1188.21
359.92	1190.83
360.13	1184.63
360.35	1200.95
360.56	1184.48
360.77	1194.27
360.98	1192.04
361.19	1199.62
361.40	1187.74
361.62	1201.85
361.83	1188.35
362.04	1189.07
362.25	1192.66
362.46	1193.99
362.67	1187.86
362.88	1192.98
363.10	1196.53
363.31	1195.65
363.52	1189.46
363.73	1190.34
363.94	1190.30
364.15	1201.22
364.36	1185.00
364.57	1194.89
364.79	1187.70
365.00	1196.46
365.21	1188.72
365.42	1191.10
365.63	1187.90
365.84	1190.53
366.05	1181.23
366.27	1193.90
366.48	1187.78
366.69	1192.47
366.90	1182.03
367.11	1193.60
367.32	1193.06
367.53	1196.18
367.74	1189.19
367.95	1197.67
368.17	1191.34
368.38	1200.19
368.59	1187.45
368.80	1194.21
369.01	1182.58
369.22	1180.63
369.43	1185.45
369.64	1189.83
369.86	1185.20
370.07	1193.58
370.28	1187.60
370.49	1188.60
370.70	1191.88
370.91	1196.55
371.12	1182.91
371.33	1193.58
371.54	1187.13
371.76	1190.77
371.97	1188.97
372.18	1188.17
372.39	1186.84
372.60	1191.69
372.81	1189.99
373.02	1190.14
373.23	1192.45
373.44	1194.64
373.65	1190.40
373.87	1193.56
374.08	1190.16
374.29	1202.38
374.50	1194.58
374.71	1196.34
374.92	1202.51
375.13	1197.26
375.34	1195.28
375.55	1198.88
375.76	1192.82
375.97	1199.27
376.19	1194.78
376.40	1203.57
376.61	1200.48
376.82	1205.52
377.03	1191.61
377.24	1204.68
377.45	1192.96
377.66	1199.33
377.87	1199.64
378.08	1200.54
378.29	1192.18
378.50	1199.82
378.71	1189.03
378.93	1191.92
379.14	1180.45
379.35	1193.49
379.56	1191.61
379.77	1196.91
379.98	1183.07
380.19	1194.64
380.40	1187.74
380.61	1193.23
380.82	1190.59
381.03	1197.22
381.24	1183.44
381.45	1190.22
381.66	1181.25
381.88	1191.02
382.09	1182.33
382.30	1187.29
382.51	1187.94
382.72	1189.15
382.93	1186.08
383.14	1187.35
383.35	1192.16
383.56	1188.91
383.77	1189.28
383.98	1199.84
384.19	1183.46
384.40	1193.25
384.61	1184.42
384.82	1200.48
385.03	1183.83
385.24	1183.32
385.45	1185.96
385.67	1181.99
385.88	1193.74
386.09	1189.75
386.30	1183.64
386.51	1188.62
386.72	1181.21
386.93	1193.49
387.14	1183.09
387.35	1192.37
387.56	1185.63
387.77	1192.82
387.98	1179.51
388.19	1186.92
388.40	1184.28
388.61	1192.18
388.82	1181.45
389.03	1192.78
389.24	1189.91
389.45	1188.37
389.66	1180.90
389.87	1196.16
390.08	1184.79
390.29	1195.71
390.50	1180.04
390.71	1193.62
390.92	1181.43
391.13	1190.28
391.34	1184.61
391.55	1198.14
391.76	1174.08
391.98	1190.83
392.19	1183.95
392.40	1194.07
392.61	1184.16
392.82	1189.09
393.03	1186.72
393.24	1192.12
393.45	1188.66
393.66	1197.96
393.87	1179.45
394.08	1193.56
394.29	1182.91
394.50	1191.30
394.71	1181.94
394.92	1201.24
395.13	1180.37
395.34	1193.52
395.55	1189.34
395.76	1190.32
395.97	1182.58
396.18	1195.60
396.39	1190.28
396.60	1196.73
396.81	1186.37
397.02	1188.54
397.23	1180.74
397.44	1193.15
397.65	1173.47
397.86	1193.70
398.07	1189.83
398.28	1194.64
398.49	1182.52
398.70	1187.25
398.91	1186.37
399.12	1183.36
399.33	1182.09
399.54	1191.51
399.75	1191.45
399.96	1193.21
400.17	1192.16
400.38	1192.18
400.59	1181.72
400.80	1189.52
401.01	1190.07
401.22	1194.46
401.42	1184.83
401.63	1190.40
401.84	1185.69
402.05	1185.86
402.26	1182.58
402.47	1190.30
402.68	1184.50
402.89	1190.91
403.10	1186.65
403.31	1189.85
403.52	1190.69
403.73	1197.86
403.94	1187.49
404.15	1194.66
404.36	1187.02
404.57	1200.11
404.78	1185.53
404.99	1197.80
405.20	1184.59
405.41	1194.38
405.62	1187.04
405.83	1194.64
406.04	1195.77
406.25	1194.97
406.46	1180.82
406.67	1193.64
406.88	1184.55
407.09	1192.35
407.30	1185.75
407.50	1196.18
407.71	1180.57
407.92	1194.21
408.13	1189.83
408.34	1192.68
408.55	1191.84
408.76	1189.77
408.97	1189.54
409.18	1195.77
409.39	1189.42
409.60	1193.70
409.81	1185.12
410.02	1197.08
410.23	1181.96
410.44	1187.41
410.65	1181.25
410.86	1190.71
411.07	1192.18
411.27	1198.29
411.48	1187.11
411.69	1189.77
411.90	1184.79
412.11	1195.19
412.32	1189.42
412.53	1189.91
412.74	1186.72
412.95	1193.60
413.16	1184.40
413.37	1195.71
413.58	1186.86
413.79	1195.19
414.00	1186.70
414.20	1196.75
414.41	1183.87
414.62	1192.90
414.83	1186.92
415.04	1194.11
415.25	1188.25
415.46	1194.76
415.67	1185.75
415.88	1196.98
416.09	1187.86
416.30	1187.33
416.51	1183.81
416.71	1190.57
416.92	1180.69
417.13	1192.41
417.34	1187.99
417.55	1193.74
417.76	1186.35
417.97	1188.99
418.18	1191.73
418.39	1187.72
418.60	1180.78
418.81	1186.90
419.01	1179.77
419.22	1196.89
419.43	1184.69
419.64	1195.24
419.85	1190.53
420.06	1190.55
420.27	1189.58
420.48	1191.51
420.69	1180.33
420.90	1198.78
421.10	1187.97
421.31	1193.33
421.52	1187.60
421.73	1192.84
421.94	1187.99
422.15	1189.50
422.36	1186.76
422.57	1192.61
422.78	1179.02
422.98	1187.74
423.19	1181.70
423.40	1186.96
423.61	1182.54
423.82	1183.73
424.03	1193.66
424.24	1190.67
424.45	1183.25
424.65	1199.86
424.86	1186.98
425.07	1193.97
425.28	1179.08
425.49	1193.04
425.70	1190.61
425.91	1194.68
426.12	1188.85
426.32	1191.49
426.53	1184.67
426.74	1196.51
426.95	1188.78
427.16	1194.89
427.37	1184.01
427.58	1190.40
427.78	1187.25
427.99	1193.09
428.20	1188.93
428.41	1193.52
428.62	1177.81
428.83	1193.13
429.04	1176.74
429.24	1196.10
429.45	1188.19
429.66	1193.15
429.87	1187.17
430.08	1187.49
430.29	1183.01
430.50	1197.08
430.70	1187.49
430.91	1188.25
431.12	1182.95
431.33	1189.91
431.54	1182.95
431.75	1192.90
431.96	1187.31
432.16	1194.97
432.37	1187.90
432.58	1189.42
432.79	1178.50
433.00	1191.67
433.21	1182.35
433.41	1197.82
433.62	1185.26
433.83	1192.20
434.04	1180.35
434.25	1187.76
434.46	1184.46
434.66	1188.01
434.87	1192.70
435.08	1189.73
435.29	1185.88
435.50	1189.30
435.71	1186.96
435.91	1189.03
436.12	1185.18
436.33	1184.63
436.54	1183.89
436.75	1193.00
436.95	1180.76
437.16	1187.41
437.37	1182.03
437.58	1195.32
437.79	1181.31
438.00	1196.69
438.20	1188.48
438.41	1191.06
438.62	1184.79
438.83	1199.33
439.04	1191.57
439.24	1189.58
439.45	1180.57
439.66	1190.53
439.87	1185.77
440.08	1189.81
440.28	1192.74
440.49	1192.00
440.70	1186.55
440.91	1194.11
441.12	1186.14
441.32	1194.23
441.53	1186.53
441.74	1186.76
441.95	1189.40
442.16	1194.74
442.36	1183.38
442.57	1199.02
442.78	1181.19
442.99	1189.40
443.20	1184.32
443.40	1194.17
443.61	1190.26
443.82	1189.44
444.03	1185.24
444.24	1190.79
444.44	1184.48
444.65	1191.34
444.86	1182.33
445.07	1192.49
445.27	1185.41
445.48	1184.48
445.69	1187.97
445.90	1190.85
446.11	1183.11
446.31	1193.35
446.52	1180.90
446.73	1190.16
446.94	1184.83
447.14	1189.46
447.35	1180.33
447.56	1196.01
447.77	1187.70
447.97	1201.30
448.18	1179.40
448.39	1192.55
448.60	1179.28
448.81	1184.32
449.01	1181.72
449.22	1186.06
449.43	1186.68
449.64	1193.86
449.84	1186.96
450.05	1192.12
450.26	1189.93
450.47	1194.35
450.67	1180.90
450.88	1192.49
451.09	1183.23
451.30	1190.28
451.50	1190.05
451.71	1195.81
451.92	1179.86
452.13	1194.66
452.33	1184.24
452.54	1190.96
452.75	1183.30
452.96	1193.31
453.16	1183.40
453.37	1192.94
453.58	1182.17
453.79	1190.93
453.99	1182.54
454.20	1188.74
454.41	1184.59
454.61	1192.27
454.82	1181.56
455.03	1187.19
455.24	1186.72
455.44	1190.91
455.65	1184.36
455.86	1193.29
456.07	1180.82
456.27	1199.54
456.48	1186.29
456.69	1196.89
456.90	1186.90
457.10	1197.24
457.31	1181.06
457.52	1199.76
457.72	1188.56
457.93	1202.55
458.14	1197.84
458.35	1188.09
458.55	1180.90
458.76	1199.15
458.97	1182.15
459.17	1187.64
459.38	1183.93
459.59	1196.05
459.80	1180.90
460.00	1192.23
460.21	1182.23
460.42	1199.50
460.62	1186.65
460.83	1189.36
461.04	1180.06
461.25	1191.43
461.45	1183.40
461.66	1188.13
461.87	1187.74
462.07	1201.01
462.28	1183.75
462.49	1184.85
462.69	1186.74
462.90	1190.01
463.11	1185.04
463.31	1192.76
463.52	1178.91
463.73	1193.33
463.94	1180.92
464.14	1189.26
464.35	1182.29
464.56	1197.53
464.76	1187.43
464.97	1188.40
465.18	1178.46
465.38	1191.90
465.59	1186.70
465.80	1187.88
466.00	1186.02
466.21	1194.87
466.42	1191.75
466.62	1190.07
466.83	1180.94
467.04	1190.61
467.24	1188.58
467.45	1188.80
467.66	1179.61
467.86	1194.87
468.07	1184.61
468.28	1192.59
468.48	1182.50
468.69	1194.68
468.90	1180.98
469.10	1191.47
469.31	1188.87
469.52	1190.96
469.72	1184.89
469.93	1188.35
470.14	1183.68
470.34	1186.39
470.55	1183.79
470.76	1193.15
470.96	1182.31
471.17	1191.75
471.38	1184.75
471.58	1193.35
471.79	1176.07
472.00	1190.38
472.20	1183.44
472.41	1190.18
472.62	1188.48
472.82	1192.27
473.03	1192.84
473.24	1192.70
473.44	1179.26
473.65	1193.00
473.85	1188.44
474.06	1192.00
474.27	1178.07
474.47	1188.11
474.68	1188.89
474.89	1192.59
475.09	1192.70
475.30	1189.67
475.51	1179.26
475.71	1193.62
475.92	1187.47
476.12	1191.16
476.33	1180.18
476.54	1192.72
476.74	1189.01
476.95	1192.18
477.16	1181.49
477.36	1187.45
477.57	1189.99
477.77	1192.37
477.98	1184.67
478.19	1195.73
478.39	1184.61
478.60	1192.39
478.81	1182.70
479.01	1195.42
479.22	1185.94
479.42	1198.66
479.63	1187.06
479.84	1194.15
480.04	1186.74
480.25	1183.23
480.45	1183.46
480.66	1196.44
480.87	1185.69
481.07	1191.49
481.28	1184.28
481.48	1192.59
481.69	1179.86
481.90	1190.18
482.10	1186.80
482.31	1190.93
482.51	1186.84
482.72	1189.28
482.93	1195.69
483.13	1188.09
483.34	1181.62
483.54	1188.66
483.75	1194.42
483.96	1186.68
484.16	1187.02
484.37	1197.84
484.57	1181.60
484.78	1194.38
484.99	1179.22
485.19	1186.14
485.40	1186.24
485.60	1200.38
485.81	1185.26
486.01	1194.35
486.22	1187.27
486.43	1191.02
486.63	1182.21
486.84	1194.46
487.04	1178.59
487.25	1189.79
487.46	1184.05
487.66	1189.26
487.87	1188.76
488.07	1191.84
488.28	1190.30
488.48	1192.76
488.69	1194.78
488.89	1190.05
489.10	1185.98
489.31	1194.21
489.51	1179.18
489.72	1195.44
489.92	1188.01
490.13	1191.06
490.33	1186.10
490.54	1192.49
490.75	1186.63
490.95	1191.16
491.16	1187.41
491.36	1191.88
491.57	1186.80
491.77	1183.32
491.98	1191.04
492.18	1190.67
492.39	1186.78
492.59	1188.78
492.80	1182.54
493.01	1184.91
493.21	1185.69
493.42	1192.43
493.62	1192.12
493.83	1186.51
494.03	1182.44
494.24	1190.50
494.44	1191.32
494.65	1189.52
494.85	1191.84
495.06	1192.33
495.26	1186.96
495.47	1188.54
495.68	1187.21
495.88	1197.34
496.09	1177.50
496.29	1183.17
496.50	1187.17
496.70	1188.89
496.91	1181.96
497.11	1189.34
497.32	1182.17
497.52	1187.11
497.73	1183.64
497.93	1190.55
498.14	1186.35
498.34	1189.15
498.55	1190.34
498.75	1183.19
498.96	1192.08
499.16	1194.66
499.37	1177.79
499.57	1190.10
499.78	1186.70
499.98	1186.06
500.19	1186.06
500.39	1188.62
500.60	1196.38
500.80	1190.73
501.01	1180.61
501.21	1192.25
501.42	1188.42
501.62	1183.93
501.83	1187.31
502.03	1187.49
502.24	1182.76
502.44	1191.92
502.65	1181.06
502.85	1193.58
503.06	1180.39
503.26	1187.90
503.47	1182.62
503.67	1190.48
503.88	1184.98
504.08	1189.46
504.29	1181.58
504.49	1190.87
504.70	1180.47
504.90	1192.06
505.11	1187.80
505.31	1187.21
505.52	1186.45
505.72	1194.40
505.93	1187.66
506.13	1186.90
506.34	1185.10
506.54	1189.54
506.75	1186.06
506.95	1188.37
507.16	1193.25
507.36	1194.54
507.56	1180.94
507.77	1185.81
507.97	1184.38
508.18	1189.21
508.38	1177.40
508.59	1194.01
508.79	1189.30
509.00	1190.14
509.20	1188.27
509.41	1186.24
509.61	1183.73
509.82	1187.97
510.02	1189.62
510.22	1198.59
510.43	1187.31
510.63	1189.73
510.84	1179.43
511.04	1190.65
511.25	1181.62
511.45	1195.07
511.66	1186.10
511.86	1192.41
512.06	1183.34
512.27	1191.06
512.47	1190.91
512.68	1191.61
512.88	1179.73
513.09	1202.18
513.29	1187.21
513.50	1191.12
513.70	1181.70
513.90	1190.83
514.11	1186.72
514.31	1186.22
514.52	1189.07
514.72	1188.89
514.93	1180.20
515.13	1194.52
515.33	1180.24
515.54	1196.38
515.74	1187.68
515.95	1186.27
516.15	1181.31
516.36	1193.25
516.56	1182.48
516.76	1183.19
516.97	1183.21
517.17	1191.22
517.38	1185.04
517.58	1185.45
517.78	1187.13
517.99	1195.07
518.19	1188.52
518.40	1191.51
518.60	1180.69
518.81	1189.32
519.01	1184.81
519.21	1194.44
519.42	1181.72
519.62	1191.77
519.83	1187.04
520.03	1190.38
520.23	1188.95
520.44	1196.81
520.64	1185.59
520.85	1195.52
521.05	1183.99
521.25	1189.62
521.46	1187.37
521.66	1194.50
521.86	1188.72
522.07	1190.32
522.27	1192.43
522.48	1196.57
522.68	1186.31
522.88	1187.70
523.09	1185.88
523.29	1186.45
523.50	1178.89
523.70	1183.81
523.90	1184.57
524.11	1190.05
524.31	1187.70
524.51	1195.81
524.72	1186.18
524.92	1192.08
525.13	1188.54
525.33	1183.81
525.53	1189.34
525.74	1194.11
525.94	1189.26
526.14	1190.40
526.35	1190.07
526.55	1188.03
526.76	1187.76
526.96	1191.77
527.16	1182.89
527.37	1188.46
527.57	1190.93
527.77	1198.00
527.98	1186.82
528.18	1195.83
528.38	1186.14
528.59	1192.25
528.79	1187.21
528.99	1192.82
529.20	1183.66
529.40	1195.05
529.61	1191.36
529.81	1200.23
530.01	1185.81
530.22	1185.12
530.42	1184.12
530.62	1188.48
530.83	1185.45
531.03	1189.83
531.23	1182.19
531.44	1186.63
531.64	1185.22
531.84	1188.70
532.05	1186.41
532.25	1192.18
532.45	1180.29
532.66	1186.22
532.86	1181.68
533.06	1190.81
533.27	1189.71
533.47	1186.96
533.67	1185.47
533.88	1192.37
534.08	1184.44
534.28	1195.48
534.49	1188.17
534.69	1194.74
534.89	1186.35
535.09	1193.58
535.30	1184.44
535.50	1184.75
535.70	1178.30
535.91	1191.14
536.11	1184.34
536.31	1192.27
536.52	1187.43
536.72	1191.36
536.92	1188.93
537.13	1186.18
537.33	1189.52
537.53	1191.16
537.74	1190.91
537.94	1186.12
538.14	1191.30
538.34	1195.67
538.55	1180.04
538.75	1200.87
538.95	1187.62
539.16	1190.87
539.36	1194.15
539.56	1192.08
539.77	1186.10
539.97	1193.90
540.17	1191.36
540.37	1192.43
540.58	1181.31
540.78	1190.57
540.98	1186.16
541.19	1192.96
541.39	1192.49
541.59	1190.83
541.79	1192.49
542.00	1186.74
542.20	1184.24
542.40	1190.14
542.60	1190.81
542.81	1188.40
543.01	1186.10
543.21	1198.18
543.42	1181.92
543.62	1194.03
543.82	1191.88
544.02	1193.80
544.23	1191.73
544.43	1189.69
544.63	1183.89
544.83	1201.56
545.04	1189.03
545.24	1193.41
545.44	1183.91
545.64	1190.83
545.85	1188.37
546.05	1190.42
546.25	1185.92
546.45	1193.60
546.66	1189.62
546.86	1188.19
547.06	1183.83
547.27	1199.13
547.47	1190.14
547.67	1203.96
547.87	1187.74
548.07	1188.78
548.28	1184.61
548.48	1191.08
548.68	1177.64
548.88	1195.09
549.09	1183.83
549.29	1191.24
549.49	1178.18
549.69	1195.07
549.90	1190.24
550.10	1186.00
550.30	1189.28
550.50	1195.91
550.71	1190.73
550.91	1188.11
551.11	1184.38
551.31	1189.42
551.51	1189.81
551.72	1194.31
551.92	1186.10
552.12	1192.82
552.32	1185.26
552.53	1193.68
552.73	1187.51
552.93	1191.12
553.13	1185.88
553.33	1193.25
553.54	1184.46
553.74	1196.12
553.94	1190.40
554.14	1190.44
554.35	1191.65
554.55	1191.12
554.75	1184.48
554.95	1192.41
555.15	1187.15
555.36	1192.43
555.56	1187.21
555.76	1190.46
555.96	1185.45
556.16	1188.54
556.37	1189.15
556.57	1195.50
556.77	1187.39
556.97	1193.45
557.17	1186.98
557.38	1193.49
557.58	1185.26
557.78	1193.13
557.98	1181.58
558.18	1194.05
558.38	1177.07
558.59	1191.90
558.79	1185.61
558.99	1196.28
559.19	1182.91
559.39	1190.83
559.60	1182.72
559.80	1191.55
560.00	1188.31
560.20	1187.97
560.40	1186.92
560.60	1197.04
560.81	1186.82
561.01	1193.72
561.21	1185.20
561.41	1192.51
561.61	1183.58
561.81	1193.76
562.02	1185.84
562.22	1197.84
562.42	1183.71
562.62	1191.79
562.82	1179.83
563.02	1192.49
563.23	1187.43
563.43	1194.99
563.63	1191.51
563.83	1192.92
564.03	1187.35
564.23	1187.97
564.43	1182.76
564.64	1183.50
564.84	1187.19
565.04	1189.23
565.24	1177.36
565.44	1195.77
565.64	1185.26
565.85	1192.06
566.05	1192.94
566.25	1188.56
566.45	1182.05
566.65	1191.47
566.85	1193.33
567.05	1198.86
567.25	1186.78
567.46	1180.35
567.66	1182.19
567.86	1193.70
568.06	1184.73
568.26	1192.49
568.46	1182.05
568.66	1194.62
568.86	1189.09
569.07	1196.26
569.27	1183.75
569.47	1187.11
569.67	1184.26
569.87	1184.03
570.07	1183.23
570.27	1189.56
570.47	1189.26
570.68	1190.22
570.88	1186.49
571.08	1191.02
571.28	1176.37
571.48	1190.69
571.68	1185.96
571.88	1193.82
572.08	1188.44
572.28	1187.60
572.49	1182.76
572.69	1197.90
572.89	1186.92
573.09	1195.03
573.29	1186.80
573.49	1188.27
573.69	1186.70
573.89	1191.86
574.09	1191.06
574.29	1198.02
574.50	1176.15
574.70	1194.85
574.90	1187.99
575.10	1194.50
575.30	1182.76
575.50	1189.15
575.70	1190.85
575.90	1192.76
576.10	1178.91
576.30	1189.71
576.50	1186.82
576.70	1195.89
576.91	1187.13
577.11	1189.26
577.31	1185.10
577.51	1189.26
577.71	1182.31
577.91	1194.70
578.11	1189.77
578.31	1202.18
578.51	1191.04
578.71	1195.83
578.91	1183.42
579.11	1194.83
579.31	1178.91
579.51	1195.62
579.71	1182.44
579.92	1193.45
580.12	1183.28
580.32	1185.41
580.52	1191.32
580.72	1185.51
580.92	1183.83
581.12	1190.40
581.32	1191.53
581.52	1196.30
581.72	1183.07
581.92	1190.91
582.12	1192.68
582.32	1187.31
582.52	1185.61
582.72	1188.62
582.92	1172.81
583.12	1191.82
583.32	1185.67
583.52	1188.60
583.72	1182.39
583.92	1190.28
584.12	1180.67
584.33	1192.70
584.53	1187.31
584.73	1192.06
584.93	1186.70
585.13	1187.80
585.33	1186.18
585.53	1195.46
585.73	1186.45
585.93	1200.99
586.13	1180.20
586.33	1192.18
586.53	1184.63
586.73	1193.47
586.93	1183.34
587.13	1194.13
587.33	1188.64
587.53	1189.03
587.73	1180.55
587.93	1187.80
588.13	1185.94
588.33	1199.35
588.53	1190.28
588.73	1190.20
588.93	1186.82
589.13	1193.99
589.33	1180.51
589.53	1187.31
589.73	1186.20
589.93	1185.59
590.13	1187.64
590.33	1190.46
590.53	1186.29
590.73	1195.81
590.93	1180.84
591.13	1190.30
591.33	1182.37
591.53	1192.88
591.73	1186.86
591.93	1190.10
592.13	1193.47
592.33	1189.01
592.53	1179.57
592.73	1190.32
592.93	1187.58
593.13	1192.66
593.33	1182.33
593.53	1186.29
593.73	1186.51
593.93	1190.24
594.13	1180.88
594.33	1192.82
594.53	1183.58
594.73	1190.79
594.92	1178.50
595.12	1193.25
595.32	1185.59
595.52	1193.64
595.72	1182.58
595.92	1189.93
596.12	1186.88
596.32	1189.28
596.52	1182.76
596.72	1190.24
596.92	1184.85
597.12	1188.27
597.32	1180.06
597.52	1189.17
597.72	1178.22
597.92	1183.01
598.12	1181.62
598.32	1183.85
598.52	1183.91
598.72	1190.93
598.92	1185.86
599.12	1201.20
599.31	1193.33
599.51	1190.32
599.71	1186.39
599.91	1193.99
600.11	1185.14
600.31	1184.52
600.51	1187.78
600.71	1192.74
600.91	1187.86
601.11	1186.14
601.31	1181.45
601.51	1196.69
601.71	1189.95
601.91	1190.38
602.10	1179.16
602.30	1194.23
602.50	1186.78
602.70	1184.50
602.90	1186.47
603.10	1194.87
603.30	1188.80
603.50	1191.20
603.70	1185.59
603.90	1198.25
604.10	1190.18
604.30	1192.84
604.49	1180.41
604.69	1187.56
604.89	1186.49
605.09	1191.45
605.29	1185.71
605.49	1189.93
605.69	1182.85
605.89	1192.45
606.09	1179.98
606.29	1189.42
606.48	1181.37
606.68	1187.15
606.88	1185.55
607.08	1187.78
607.28	1184.61
607.48	1192.72
607.68	1188.85
607.88	1189.17
608.08	1178.16
608.27	1194.48
608.47	1185.14
608.67	1182.93
608.87	1181.99
609.07	1183.99
609.27	1182.03
609.47	1197.18
609.67	1188.23
609.87	1190.26
610.06	1183.36
610.26	1196.61
610.46	1189.26
610.66	1186.88
610.86	1193.41
611.06	1186.35
611.26	1182.91
611.45	1188.46
611.65	1181.99
611.85	1187.86
612.05	1184.12
612.25	1189.46
612.45	1191.30
612.65	1195.95
612.84	1186.24
613.04	1192.41
613.24	1174.71
613.44	1185.94
613.64	1187.80
613.84	1190.40
614.04	1184.69
614.23	1193.02
614.43	1186.06
614.63	1194.44
614.83	1182.33
615.03	1192.08
615.23	1182.19
615.42	1190.67
615.62	1185.34
615.82	1190.18
616.02	1190.91
616.22	1187.43
616.42	1183.21
616.61	1193.92
616.81	1182.64
617.01	1191.69
617.21	1183.05
617.41	1180.02
617.61	1186.37
617.80	1190.67
618.00	1188.74
618.20	1190.85
618.40	1186.70
618.60	1193.90
618.80	1185.20
618.99	1189.50
619.19	1183.42
619.39	1192.59
619.59	1182.13
619.79	1187.41
619.98	1187.78
620.18	1187.21
620.38	1178.69
620.58	1192.39
620.78	1180.80
620.97	1186.37
621.17	1187.68
621.37	1193.35
621.57	1185.20
621.77	1188.05
621.96	1182.01
622.16	1184.77
622.36	1185.86
622.56	1187.62
622.76	1188.03
622.95	1192.84
623.15	1186.24
623.35	1189.79
623.55	1182.87
623.75	1186.53
623.94	1183.58
624.14	1184.77
624.34	1185.00
624.54	1183.21
624.73	1185.61
624.93	1192.43
625.13	1185.73
625.33	1189.99
625.53	1188.19
625.72	1191.10
625.92	1185.67
626.12	1188.15
626.32	1185.67
626.51	1191.32
626.71	1184.85
626.91	1189.81
627.11	1182.29
627.30	1192.63
627.50	1184.81
627.70	1190.61
627.90	1188.07
628.10	1192.59
628.29	1185.57
628.49	1191.22
628.69	1184.61
628.89	1192.59
629.08	1178.42
629.28	1193.95
629.48	1183.62
629.68	1194.60
629.87	1182.89
630.07	1192.55
630.27	1179.28
630.47	1189.52
630.66	1178.20
630.86	1187.84
631.06	1177.36
631.25	1192.88
631.45	1187.21
631.65	1192.27
631.85	1186.43
632.04	1190.07
632.24	1181.04
632.44	1189.07
632.64	1177.42
632.83	1184.03
633.03	1188.89
633.23	1194.33
633.42	1187.80
633.62	1190.77
633.82	1182.44
634.02	1193.52
634.21	1184.34
634.41	1194.62
634.61	1183.42
634.81	1193.76
635.00	1186.63
635.20	1193.76
635.40	1188.50
635.59	1190.18
635.79	1185.16
635.99	1188.19
636.18	1179.30
636.38	1197.59
636.58	1188.07
636.78	1187.43
636.97	1183.52
637.17	1191.67
637.37	1184.71
637.56	1198.16
637.76	1185.08
637.96	1187.17
638.15	1191.24
638.35	1185.08
638.55	1192.18
638.74	1195.87
638.94	1178.95
639.14	1195.07
639.34	1175.72
639.53	1187.47
639.73	1186.59
639.93	1187.31
640.12	1182.37
640.32	1188.83
640.52	1178.16
640.71	1189.48
640.91	1190.24
641.11	1189.69
641.30	1185.16
641.50	1189.62
641.70	1184.14
641.89	1189.56
642.09	1182.89
642.29	1191.67
642.48	1183.48
642.68	1187.31
642.88	1191.67
643.07	1192.53
643.27	1185.36
643.47	1190.63
643.66	1188.76
643.86	1190.28
644.06	1181.62
644.25	1191.10
644.45	1189.23
644.65	1192.20
644.84	1183.46
645.04	1193.95
645.23	1182.46
645.43	1186.76
645.63	1184.73
645.82	1185.22
646.02	1193.80
646.22	1187.62
646.41	1184.81
646.61	1194.13
646.81	1189.67
647.00	1184.59
647.20	1181.29
647.39	1186.35
647.59	1188.44
647.79	1192.45
647.98	1183.95
648.18	1184.63
648.38	1183.19
648.57	1188.70
648.77	1178.83
648.96	1193.92
649.16	1174.47
649.36	1192.25
649.55	1186.02
649.75	1191.10
649.95	1185.06
650.14	1189.09
650.34	1185.47
650.53	1192.02
650.73	1181.76
650.93	1190.87
651.12	1188.42
651.32	1193.45
651.51	1191.57
651.71	1185.84
651.91	1180.47
652.10	1190.69
652.30	1188.05
652.49	1186.72
652.69	1182.48
652.89	1192.08
653.08	1191.08
653.28	1188.15
653.47	1181.35
653.67	1191.18
653.86	1184.59
654.06	1180.74
654.26	1180.86
654.45	1189.15
654.65	1181.13
654.84	1185.47
655.04	1183.95
655.24	1190.32
655.43	1187.11
655.63	1191.34
655.82	1185.30
656.02	1194.60
656.21	1188.03
656.41	1192.74
656.61	1183.68
656.80	1193.72
657.00	1187.64
657.19	1187.39
657.39	1179.79
657.58	1186.68
657.78	1188.54
657.97	1191.84
658.17	1186.76
658.37	1185.69
658.56	1192.00
658.76	1193.15
658.95	1181.62
659.15	1183.89
659.34	1186.39
659.54	1194.17
659.73	1192.37
659.93	1184.61
660.13	1177.01
660.32	1191.20
660.52	1193.92
660.71	1192.98
660.91	1185.18
661.10	1186.94
661.30	1182.76
661.49	1190.96
661.69	1188.37
661.88	1194.35
662.08	1185.36
662.27	1186.68
662.47	1185.71
662.66	1189.77
662.86	1178.42
663.06	1192.35
663.25	1184.09
663.45	1192.82
663.64	1185.38
663.84	1192.00
664.03	1188.99
664.23	1187.88
664.42	1183.44
664.62	1191.43
664.81	1185.84
665.01	1190.50
665.20	1181.76
665.40	1192.98
665.59	1189.85
665.79	1197.55
665.98	1184.14
666.18	1185.59
666.37	1185.65
666.57	1186.76
666.76	1179.43
666.96	1191.34
667.15	1181.82
667.35	1186.41
667.54	1182.87
667.74	1194.62
667.93	1192.14
668.13	1188.99
668.32	1189.89
668.52	1186.20
668.71	1177.66
668.91	1189.50
669.10	1179.55
669.30	1193.43
669.49	1184.42
669.68	1194.87
669.88	1176.21
670.07	1188.42
670.27	1192.20
670.46	1190.32
670.66	1183.15
670.85	1187.11
671.05	1179.00
671.24	1187.49
671.44	1180.47
671.63	1189.50
671.83	1176.64
672.02	1191.18
672.22	1188.01
672.41	1187.33
672.60	1187.35
672.80	1185.28
672.99	1192.02
673.19	1186.55
673.38	1176.25
673.58	1184.95
673.77	1186.59
673.97	1190.03
674.16	1187.25
674.36	1195.22
674.55	1184.79
674.74	1191.08
674.94	1194.68
675.13	1189.79
675.33	1184.26
675.52	1186.86
675.72	1181.84
675.91	1192.16
676.10	1183.07
676.30	1189.21
676.49	1181.35
676.69	1190.26
676.88	1185.41
677.08	1189.15
677.27	1181.66
677.46	1186.02
677.66	1181.37
677.85	1189.89
678.05	1189.81
678.24	1189.28
678.44	1184.59
678.63	1182.33
678.82	1187.66
679.02	1199.27
679.21	1186.43
679.41	1194.64
679.60	1187.39
679.79	1190.28
679.99	1184.59
680.18	1197.92
680.38	1187.41
680.57	1190.14
680.76	1188.91
680.96	1195.42
681.15	1182.35
681.35	1191.84
681.54	1184.18
681.73	1199.15
681.93	1183.97
682.12	1190.12
682.32	1190.30
682.51	1196.30
682.70	1184.12
682.90	1187.04
683.09	1191.53
683.29	1190.22
683.48	1180.47
683.67	1190.77
683.87	1188.37
684.06	1187.76
684.25	1183.75
684.45	1190.05
684.64	1184.40
684.84	1189.21
685.03	1184.55
685.22	1194.27
685.42	1183.46
685.61	1183.95
685.80	1184.09
686.00	1191.55
686.19	1191.75
686.38	1189.73
686.58	1175.60
686.77	1194.09
686.96	1183.60
687.16	1186.49
687.35	1181.00
687.55	1188.01
687.74	1182.13
687.93	1192.47
688.13	1188.93
688.32	1186.24
688.51	1184.77
688.71	1190.55
688.90	1189.11
689.09	1187.31
689.29	1182.15
689.48	1186.00
689.67	1194.07
689.87	1189.26
690.06	1182.33
690.25	1196.20
690.45	1178.89
690.64	1186.14
690.83	1180.55
691.03	1188.23
691.22	1188.91
691.41	1190.03
691.61	1189.58
691.80	1188.97
691.99	1186.84
692.19	1197.75
692.38	1184.16
692.57	1189.81
692.76	1181.19
692.96	1190.96
693.15	1185.47
693.34	1183.68
693.54	1185.96
693.73	1192.51
693.92	1188.27
694.12	1182.60
694.31	1176.44
694.50	1188.21
694.70	1187.39
694.89	1192.55
695.08	1185.77
695.27	1190.65
695.47	1184.77
695.66	1186.45
695.85	1185.53
696.05	1192.57
696.24	1182.66
696.43	1192.41
696.62	1187.64
696.82	1194.46
697.01	1187.23
697.20	1193.97
697.40	1186.29
697.59	1190.22
697.78	1186.70
697.97	1198.12
698.17	1188.62
698.36	1194.40
698.55	1184.87
698.74	1188.29
698.94	1182.39
699.13	1189.97
699.32	1192.84
699.52	1188.33
699.71	1192.74
699.90	1192.74
700.09	1178.18
700.29	1193.95
700.48	1186.08
700.67	1190.83
700.86	1188.54
701.06	1194.21
701.25	1184.30
701.44	1191.24
701.63	1189.56
701.83	1187.39
702.02	1176.97
702.21	1193.29
702.40	1182.62
702.60	1190.34
702.79	1190.16
702.98	1186.08
703.17	1185.04
703.37	1194.68
703.56	1186.65
703.75	1185.30
703.94	1181.08
704.13	1194.81
704.33	1192.10
704.52	1188.99
704.71	1188.09
704.90	1187.54
705.10	1186.35
705.29	1186.31
705.48	1185.88
705.67	1195.95
705.86	1180.86
706.06	1199.90
706.25	1181.35
706.44	1193.17
706.63	1186.86
706.83	1190.65
707.02	1186.18
707.21	1196.87
707.40	1184.16
707.59	1191.96
707.79	1180.35
707.98	1182.56
708.17	1191.84
708.36	1192.68
708.55	1178.61
708.75	1192.70
708.94	1185.94
709.13	1194.89
709.32	1181.29
709.51	1190.85
709.71	1179.92
709.90	1186.45
710.09	1184.05
710.28	1187.68
710.47	1188.99
710.66	1195.13
710.86	1182.33
711.05	1190.03
711.24	1185.90
711.43	1189.97
711.62	1189.34
711.82	1192.14
712.01	1183.58
712.20	1185.26
712.39	1186.59
712.58	1194.48
712.77	1183.97
712.97	1190.44
713.16	1181.74
713.35	1192.37
713.54	1182.72
713.73	1197.43
713.92	1182.99
714.11	1194.17
714.31	1189.46
714.50	1188.68
714.69	1182.39
714.88	1195.67
715.07	1184.07
715.26	1197.71
715.46	1181.49
715.65	1195.75
715.84	1180.51
716.03	1195.65
716.22	1181.96
716.41	1192.18
716.60	1181.21
716.80	1189.83
716.99	1185.43
717.18	1184.05
717.37	1178.20
717.56	1194.21
717.75	1184.32
717.94	1196.38
718.13	1184.71
718.33	1193.49
718.52	1185.32
718.71	1191.41
718.90	1187.56
719.09	1194.83
719.28	1181.35
719.47	1194.03
719.66	1176.23
719.85	1186.96
720.05	1190.32
720.24	1198.14
720.43	1180.24
720.62	1195.19
720.81	1187.51
721.00	1194.48
721.19	1179.61
721.38	1188.54
721.57	1184.44
721.77	1188.40
721.96	1184.67
722.15	1189.89
722.34	1192.76
722.53	1186.68
722.72	1187.02
722.91	1187.86
723.10	1187.97
723.29	1206.27
723.48	1182.80
723.67	1190.57
723.87	1185.26
724.06	1191.12
724.25	1191.45
724.44	1190.28
724.63	1184.18
724.82	1191.59
725.01	1180.84
725.20	1184.22
725.39	1178.11
725.58	1187.35
725.77	1183.46
725.96	1193.15
726.15	1188.40
726.34	1193.97
726.54	1189.79
726.73	1195.38
726.92	1181.43
727.11	1193.64
727.30	1187.49
727.49	1185.61
727.68	1182.52
727.87	1193.68
728.06	1182.72
728.25	1192.84
728.44	1181.51
728.63	1194.23
728.82	1183.40
729.01	1195.36
729.20	1176.82
729.39	1192.35
729.58	1187.66
729.77	1192.43
729.96	1181.99
730.15	1189.73
730.34	1183.95
730.53	1194.09
730.73	1184.52
730.92	1190.24
731.11	1186.45
731.30	1195.22
731.49	1189.23
731.68	1190.28
731.87	1185.77
732.06	1193.54
732.25	1186.18
732.44	1196.94
732.63	1179.22
732.82	1188.66
733.01	1180.10
733.20	1186.12
733.39	1183.87
733.58	1192.90
733.77	1187.78
733.96	1187.35
734.15	1176.62
734.34	1191.32
734.53	1179.92
734.72	1188.19
734.91	1180.55
735.10	1182.93
735.29	1189.28
735.48	1196.65
735.67	1180.12
735.86	1189.30
736.05	1181.15
736.24	1191.73
736.43	1187.70
736.62	1195.77
736.81	1181.86
737.00	1206.48
737.19	1185.38
737.38	1191.53
737.57	1185.22
737.76	1183.71
737.95	1189.52
738.14	1191.88
738.33	1179.57
738.51	1189.81
738.70	1184.40
738.89	1185.18
739.08	1193.82
739.27	1184.77
739.46	1186.92
739.65	1192.78
739.84	1185.22
740.03	1192.12
740.22	1185.77
740.41	1196.01
740.60	1185.59
740.79	1187.37
740.98	1191.53
741.17	1193.82
741.36	1182.01
741.55	1186.18
741.74	1185.81
741.93	1191.63
742.12	1185.61
742.31	1189.07
742.50	1187.80
742.68	1194.72
742.87	1188.25
743.06	1197.18
743.25	1184.83
743.44	1194.40
743.63	1185.84
743.82	1187.41
744.01	1181.78
744.20	1186.90
744.39	1179.47
744.58	1192.47
744.77	1186.22
744.96	1193.68
745.14	1184.95
745.33	1191.04
745.52	1185.28
745.71	1194.01
745.90	1179.98
746.09	1184.36
746.28	1178.63
746.47	1189.95
746.66	1184.59
746.85	1193.39
747.04	1190.79
747.22	1193.97
747.41	1176.56
747.60	1189.32
747.79	1185.45
747.98	1191.18
748.17	1178.79
748.36	1194.60
748.55	1183.66
748.74	1192.80
748.93	1187.37
749.11	1198.57
749.30	1185.30
749.49	1190.38
749.68	1177.87
749.87	1186.00
750.06	1179.69
750.25	1191.39
750.44	1187.27
750.62	1189.97
750.81	1180.16
751.00	1187.31
751.19	1182.54
751.38	1188.62
751.57	1187.90
751.76	1189.15
751.95	1181.53
752.13	1193.78
752.32	1183.21
752.51	1192.20
752.70	1184.38
752.89	1183.30
753.08	1183.62
753.27	1195.07
753.45	1187.27
753.64	1187.35
753.83	1184.55
754.02	1187.51
754.21	1186.53
754.40	1189.42
754.58	1187.17
754.77	1190.55
754.96	1184.73
755.15	1190.98
755.34	1176.80
755.53	1198.39
755.71	1184.44
755.90	1193.84
756.09	1180.47
756.28	1191.98
756.47	1186.51
756.66	1188.56
756.84	1184.40
757.03	1186.96
757.22	1186.70
757.41	1190.07
757.60	1183.11
757.79	1191.69
757.97	1179.94
758.16	1184.01
758.35	1185.57
758.54	1190.63
758.73	1188.68
758.91	1191.02
759.10	1186.47
759.29	1188.74
759.48	1184.69
759.67	1191.36
759.85	1179.65
760.04	1189.15
760.23	1182.54
760.42	1191.20
760.61	1188.05
760.79	1191.32
760.98	1185.06
761.17	1194.11
761.36	1173.20
761.55	1195.36
761.73	1181.49
761.92	1190.32
762.11	1192.14
762.30	1198.08
762.49	1178.57
762.67	1191.63
762.86	1187.45
763.05	1189.95
763.24	1182.21
763.42	1191.41
763.61	1188.58
763.80	1192.92
763.99	1188.66
764.17	1186.94
764.36	1188.66
764.55	1189.62
764.74	1186.18
764.92	1193.06
765.11	1184.77
765.30	1193.04
765.49	1189.17
765.68	1191.16
765.86	1182.21
766.05	1192.29
766.24	1179.61
766.43	1187.49
766.61	1184.09
766.80	1189.19
766.99	1184.75
767.17	1195.19
767.36	1194.50
767.55	1192.12
767.74	1184.07
767.92	1186.96
768.11	1184.77
768.30	1187.94
768.49	1186.51
768.67	1190.93
768.86	1186.94
769.05	1185.79
769.24	1181.31
769.42	1190.71
769.61	1190.53
769.80	1194.76
769.98	1186.65
770.17	1181.72
770.36	1189.21
770.55	1196.05
770.73	1182.93
770.92	1179.38
771.11	1181.66
771.29	1191.84
771.48	1187.74
771.67	1185.10
771.86	1182.37
772.04	1193.62
772.23	1185.57
772.42	1181.47
772.60	1182.93
772.79	1194.81
772.98	1177.52
773.16	1192.70
773.35	1188.52
773.54	1193.15
773.72	1187.97
773.91	1191.59
774.10	1186.35
774.29	1195.65
774.47	1184.28
774.66	1188.46
774.85	1189.60
775.03	1187.70
775.22	1187.02
775.41	1191.12
775.59	1185.84
775.78	1189.89
775.97	1178.18
776.15	1190.28
776.34	1185.00
776.53	1193.29
776.71	1187.80
776.90	1190.05
777.09	1185.06
777.27	1189.46
777.46	1188.95
777.65	1197.00
777.83	1187.04
778.02	1188.95
778.21	1187.92
778.39	1192.63
778.58	1183.93
778.76	1190.63
778.95	1179.18
779.14	1191.82
779.32	1182.62
779.51	1194.48
779.70	1179.59
779.88	1188.05
780.07	1190.07
780.26	1195.32
780.44	1179.67
780.63	1189.69
780.81	1180.00
781.00	1190.67
781.19	1180.14
781.37	1195.03
781.56	1188.05
781.75	1191.96
781.93	1195.77
782.12	1184.01
782.30	1181.86
782.49	1191.45
782.68	1185.88
782.86	1194.99
783.05	1182.68
783.23	1193.47
783.42	1185.63
783.61	1188.87
783.79	1189.26
783.98	1190.75
784.16	1186.20
784.35	1193.45
784.54	1188.56
784.72	1191.10
784.91	1184.83
785.09	1189.64
785.28	1189.05
785.47	1190.18
785.65	1188.25
785.84	1198.04
786.02	1183.93
786.21	1185.08
786.40	1189.32
786.58	1188.29
786.77	1186.68
786.95	1190.75
787.14	1188.54
787.32	1185.90
787.51	1190.05
787.70	1188.56
787.88	1187.72
788.07	1189.62
788.25	1187.39
788.44	1186.94
788.62	1181.68
788.81	1190.44
789.00	1182.82
789.18	1183.03
789.37	1185.69
789.55	1191.61
789.74	1180.41
789.92	1189.75
790.11	1179.73
790.29	1183.50
790.48	1180.74
790.67	1191.55
790.85	1177.85
791.04	1186.41
791.22	1180.63
791.41	1188.13
791.59	1184.14
791.78	1190.87
791.96	1186.00
792.15	1191.98
792.33	1183.58
792.52	1193.15
792.70	1186.22
792.89	1198.45
793.07	1181.68
793.26	1191.02
793.45	1177.95
793.63	1194.33
793.82	1188.21
794.00	1191.94
794.19	1190.07
794.37	1194.58
794.56	1182.50
794.74	1189.85
794.93	1190.03
795.11	1191.88
795.30	1182.62
795.48	1188.46
795.67	1185.77
795.85	1191.30
796.04	1183.91
796.22	1192.76
796.41	1184.87
796.59	1189.13
796.78	1184.40
796.96	1197.75
797.15	1187.17
797.33	1192.72
797.52	1179.00
797.70	1194.62
797.89	1184.44
798.07	1185.79
798.26	1181.86
798.44	1182.82
798.63	1188.89
798.81	1195.58
798.99	1182.97
799.18	1185.34
799.36	1187.17
799.55	1190.12
799.73	1188.80
799.92	1192.63
800.10	1177.03
800.29	1180.63
800.47	1179.61
800.66	1191.36
800.84	1184.50
801.03	1192.90
801.21	1183.09
801.39	1192.59
801.58	1191.82
801.76	1185.77
801.95	1175.70
802.13	1185.77
802.32	1182.85
802.50	1193.92
802.69	1184.40
802.87	1193.43
803.06	1189.17
803.24	1197.30
803.42	1178.20
803.61	1189.26
803.79	1185.49
803.98	1195.77
804.16	1188.35
804.35	1189.97
804.53	1182.85
804.71	1192.63
804.90	1180.57
805.08	1184.98
805.27	1185.28
805.45	1184.38
805.63	1190.98
805.82	1192.61
806.00	1189.48
806.19	1185.24
806.37	1186.37
806.56	1188.52
806.74	1184.09
806.92	1187.66
807.11	1183.36
807.29	1192.35
807.48	1185.90
807.66	1193.19
807.84	1185.53
808.03	1187.33
808.21	1183.75
808.40	1183.97
808.58	1183.30
808.76	1185.10
808.95	1186.22
809.13	1186.78
809.32	1182.01
809.50	1195.24
809.68	1187.02
809.87	1182.35
810.05	1187.99
810.23	1187.47
810.42	1186.29
810.60	1195.65
810.79	1178.97
810.97	1185.14
811.15	1190.05
811.34	1189.26
811.52	1183.68
811.70	1190.98
811.89	1182.60
812.07	1184.32
812.25	1183.48
812.44	1194.09
812.62	1180.65
812.81	1191.49
812.99	1187.51
813.17	1192.80
813.36	1187.02
813.54	1183.52
813.72	1183.25
813.91	1196.18
814.09	1182.37
814.27	1190.81
814.46	1186.90
814.64	1191.73
814.82	1185.16
815.01	1193.47
815.19	1182.74
815.37	1193.31
815.56	1185.24
815.74	1193.41
815.92	1190.46
816.11	1197.43
816.29	1188.80
816.47	1189.42
816.66	1189.03
816.84	1190.14
817.02	1185.14
817.21	1193.88
817.39	1188.13
817.57	1187.17
817.76	1179.61
817.94	1188.56
818.12	1179.28
818.30	1188.93
818.49	1195.52
818.67	1192.53
818.85	1178.50
819.04	1194.64
819.22	1186.59
819.40	1186.96
819.59	1175.47
819.77	1192.82
819.95	1189.44
820.13	1188.54
820.32	1187.06
820.50	1195.75
820.68	1194.33
820.87	1189.30
821.05	1181.80
821.23	1191.65
821.41	1185.77
821.60	1188.91
821.78	1182.97
821.96	1190.59
822.14	1190.71
822.33	1184.55
822.51	1178.52
822.69	1195.67
822.88	1179.53
823.06	1186.76
823.24	1180.39
823.42	1189.95
823.61	1190.59
823.79	1184.40
823.97	1184.89
824.15	1190.77
824.34	1184.48
824.52	1194.95
824.70	1185.79
824.88	1190.30
825.07	1180.84
825.25	1195.60
825.43	1180.41
825.61	1196.53
825.80	1186.35
825.98	1189.52
826.16	1179.04
826.34	1185.92
826.53	1183.87
826.71	1196.46
826.89	1187.80
827.07	1181.58
827.25	1186.12
827.44	1188.31
827.62	1177.46
827.80	1184.24
827.98	1175.78
828.17	1189.85
828.35	1188.33
828.53	1190.75
828.71	1182.70
828.89	1189.42
829.08	1182.93
829.26	1191.49
829.44	1192.41
829.62	1187.68
829.80	1182.23
829.99	1187.99
830.17	1185.98
830.35	1189.62
830.53	1179.49
830.71	1190.01
830.90	1184.44
831.08	1194.13
831.26	1182.17
831.44	1190.73
831.62	1178.75
831.81	1190.48
831.99	1193.78
832.17	1196.08
832.35	1185.47
832.53	1192.00
832.71	1184.50
832.90	1191.77
833.08	1183.68
833.26	1193.54
833.44	1179.92
833.62	1196.18
833.81	1182.58
833.99	1191.79
834.17	1182.70
834.35	1194.54
834.53	1184.46
834.71	1192.78
834.89	1183.52
835.08	1184.65
835.26	1190.48
835.44	1190.34
835.62	1183.99
835.80	1189.05
835.98	1185.26
836.17	1190.85
836.35	1177.21
836.53	1190.05
836.71	1184.67
836.89	1192.53
837.07	1190.44
837.25	1191.69
837.44	1186.37
837.62	1193.23
837.80	1185.73
837.98	1189.46
838.16	1185.53
838.34	1189.19
838.52	1183.32
838.70	1189.58
838.89	1190.83
839.07	1187.70
839.25	1180.78
839.43	1188.85
839.61	1176.60
839.79	1186.92
839.97	1182.37
840.15	1195.17
840.33	1187.94
840.52	1189.50
840.70	1186.39
840.88	1199.31
841.06	1181.70
841.24	1185.36
841.42	1187.58
841.60	1187.37
841.78	1183.54
841.96	1187.43
842.14	1187.49
842.33	1193.19
842.51	1181.43
842.69	1194.38
842.87	1182.42
843.05	1187.70
843.23	1182.56
843.41	1193.04
843.59	1189.01
843.77	1193.68
843.95	1181.31
844.13	1192.53
844.31	1189.48
844.49	1187.92
844.68	1183.40
844.86	1194.27
845.04	1184.24
845.22	1188.31
845.40	1186.55
845.58	1192.90
845.76	1184.26
845.94	1195.42
846.12	1183.38
846.30	1192.49
846.48	1181.00
846.66	1190.98
846.84	1180.35
847.02	1193.74
847.20	1177.77
847.38	1187.62
847.56	1183.11
847.74	1192.74
847.92	1187.56
848.11	1188.33
848.29	1191.69
848.47	1182.27
848.65	1180.33
848.83	1186.10
849.01	1186.45
849.19	1191.49
849.37	1176.93
849.55	1188.74
849.73	1184.77
849.91	1191.86
850.09	1185.47
850.27	1186.49
850.45	1187.58
850.63	1185.98
850.81	1186.65
850.99	1183.73
851.17	1191.00
851.35	1185.16
851.53	1179.67
851.71	1193.29
851.89	1188.64
852.07	1184.34
852.25	1183.11
852.43	1190.03
852.61	1183.85
852.79	1191.51
852.97	1179.86
853.15	1191.18
853.33	1178.20
853.51	1187.92
853.69	1182.42
853.87	1192.31
854.05	1189.87
854.23	1182.76
854.41	1191.84
854.59	1185.53
854.77	1196.75
854.95	1186.98
855.13	1178.42
855.31	1194.01
855.49	1178.57
855.67	1187.78
855.84	1184.79
856.02	1186.57
856.20	1182.19
856.38	1194.35
856.56	1185.06
856.74	1183.83
856.92	1186.18
857.10	1192.12
857.28	1182.91
857.46	1192.68
857.64	1185.55
857.82	1186.10
858.00	1186.53
858.18	1192.92
858.36	1181.21
858.54	1192.47
858.72	1183.30
858.90	1191.49
859.08	1177.07
859.25	1191.08
859.43	1187.15
859.61	1185.30
859.79	1185.51
859.97	1187.11
860.15	1186.86
860.33	1191.30
860.51	1182.31
860.69	1194.29
860.87	1181.47
861.05	1191.94
861.23	1190.28
861.41	1192.08
861.58	1182.23
861.76	1190.91
861.94	1192.61
862.12	1188.60
862.30	1187.54
862.48	1187.35
862.66	1186.22
862.84	1193.86
863.02	1190.96
863.20	1193.27
863.37	1183.07
863.55	1191.43
863.73	1184.22
863.91	1184.59
864.09	1179.28
864.27	1187.76
864.45	1189.42
864.63	1186.59
864.80	1179.22
864.98	1188.89
865.16	1186.22
865.34	1188.17
865.52	1183.19
865.70	1193.70
865.88	1178.28
866.06	1188.19
866.23	1184.87
866.41	1186.68
866.59	1185.00
866.77	1193.80
866.95	1178.28
867.13	1191.02
867.31	1183.83
867.48	1188.09
867.66	1191.04
867.84	1185.94
868.02	1183.83
868.20	1184.50
868.38	1182.50
868.56	1191.63
868.73	1190.63
868.91	1194.76
869.09	1191.77
869.27	1192.88
869.45	1187.68
869.63	1188.95
869.80	1186.63
869.98	1189.34
870.16	1184.14
870.34	1189.83
870.52	1179.34
870.70	1193.49
870.87	1178.57
871.05	1189.50
871.23	1183.52
871.41	1187.21
871.59	1180.72
871.76	1194.03
871.94	1183.64
872.12	1183.95
872.30	1183.77
872.48	1194.89
872.65	1184.87
872.83	1193.11
873.01	1184.05
873.19	1185.84
873.37	1182.66
873.54	1194.68
873.72	1183.71
873.90	1197.04
874.08	1180.18
874.26	1183.66
874.43	1189.09
874.61	1186.57
874.79	1181.37
874.97	1192.16
875.15	1185.28
875.32	1187.97
875.50	1179.40
875.68	1188.72
875.86	1184.89
876.03	1187.11
876.21	1190.07
876.39	1195.40
876.57	1185.22
876.74	1193.06
876.92	1182.39
877.10	1189.07
877.28	1184.40
877.45	1193.19
877.63	1182.15
877.81	1188.05
877.99	1181.94
878.17	1193.11
878.34	1184.03
878.52	1189.42
878.70	1183.36
878.87	1191.14
879.05	1179.32
879.23	1195.99
879.41	1192.43
879.58	1191.90
879.76	1183.95
879.94	1186.35
880.12	1187.27
880.29	1188.42
880.47	1181.56
880.65	1200.97
880.83	1185.06
881.00	1190.24
881.18	1182.54
881.36	1190.87
881.53	1178.77
881.71	1187.70
881.89	1184.18
882.07	1189.32
882.24	1191.59
882.42	1188.72
882.60	1186.12
882.77	1182.09
882.95	1184.20
883.13	1187.51
883.30	1188.31
883.48	1190.87
883.66	1175.47
883.84	1193.04
884.01	1186.82
884.19	1183.89
884.37	1186.59
884.54	1192.53
884.72	1178.16
884.90	1185.28
885.07	1189.05
885.25	1189.44
885.43	1187.62
885.60	1190.14
885.78	1174.53
885.96	1187.47
886.13	1185.04
886.31	1189.03
886.49	1186.31
886.66	1189.83
886.84	1196.14
887.02	1190.79
887.19	1185.69
887.37	1187.02
887.55	1183.30
887.72	1191.34
887.90	1186.82
888.08	1194.13
888.25	1176.17
888.43	1190.10
888.61	1179.63
888.78	1184.79
888.96	1184.57
889.14	1194.95
889.31	1178.46
889.49	1188.07
889.67	1179.53
889.84	1188.87
890.02	1181.96
890.19	1187.37
890.37	1188.25
890.55	1186.37
890.72	1190.26
890.90	1184.89
891.08	1183.01
891.25	1198.18
891.43	1191.22
891.60	1196.34
891.78	1177.93
891.96	1185.59
892.13	1185.22
892.31	1198.41
892.48	1183.46
892.66	1191.57
892.84	1189.46
893.01	1186.02
893.19	1185.81
893.36	1192.16
893.54	1189.99
893.72	1189.07
893.89	1182.58
894.07	1188.03
894.24	1183.23
894.42	1204.02
894.60	1187.13
894.77	1190.96
894.95	1182.72
895.12	1190.59
895.30	1189.40
895.48	1185.06
895.65	1180.24
895.83	1190.12
896.00	1183.23
896.18	1182.05
896.35	1188.35
896.53	1191.47
896.71	1188.05
896.88	1190.75
897.06	1191.73
897.23	1187.72
897.41	1179.79
897.58	1186.59
897.76	1179.65
897.93	1188.52
898.11	1187.13
898.29	1186.96
898.46	1186.61
898.64	1192.84
898.81	1186.16
898.99	1189.07
899.16	1182.74
899.34	1186.72
899.51	1179.02
899.69	1186.80
899.86	1183.44
900.04	1190.50
900.21	1186.80
900.39	1188.11
900.57	1188.54
900.74	1190.89
900.92	1181.84
901.09	1194.87
901.27	1182.89
901.44	1195.40
901.62	1181.31
901.79	1187.08
901.97	1178.11
902.14	1193.54
902.32	1179.53
902.49	1195.73
902.67	1182.09
902.84	1191.75
903.02	1184.22
903.19	1192.08
903.37	1179.94
903.54	1187.62
903.72	1181.29
903.89	1190.71
904.07	1182.76
904.24	1192.25
904.42	1180.55
904.59	1192.25
904.77	1179.53
904.94	1194.13
905.12	1191.45
905.29	1193.27
905.47	1181.92
905.64	1186.06
905.82	1183.81
905.99	1191.08
906.16	1182.48
906.34	1192.63
906.51	1178.69
906.69	1183.99
906.86	1175.94
907.04	1194.50
907.21	1185.26
907.39	1191.10
907.56	1186.78
907.74	1186.76
907.91	1187.27
908.09	1190.73
908.26	1186.04
908.43	1184.73
908.61	1184.75
908.78	1183.77
908.96	1184.77
909.13	1187.76
909.31	1182.85
909.48	1195.83
909.65	1178.67
909.83	1193.82
910.00	1182.99
910.18	1194.89
910.35	1186.24
910.53	1186.24
910.70	1183.48
910.87	1191.18
911.05	1185.41
911.22	1191.92
911.40	1191.18
911.57	1193.60
911.75	1188.29
911.92	1187.86
912.09	1184.73
912.27	1191.20
912.44	1191.14
912.62	1191.10
912.79	1184.12
912.96	1189.46
913.14	1177.50
913.31	1194.50
913.49	1180.37
913.66	1188.07
913.83	1183.68
914.01	1192.06
914.18	1183.83
914.36	1186.65
914.53	1180.31
914.70	1187.19
914.88	1184.46
915.05	1194.50
915.22	1182.64
915.40	1190.38
915.57	1187.06
915.75	1185.69
915.92	1183.68
916.09	1189.28
916.27	1185.57
916.44	1195.26
916.61	1185.12
916.79	1191.02
916.96	1185.06
917.13	1191.51
917.31	1186.84
917.48	1194.58
917.66	1182.13
917.83	1191.63
918.00	1184.57
918.18	1187.02
918.35	1186.90
918.52	1191.69
918.70	1186.78
918.87	1190.44
919.04	1182.17
919.22	1195.50
919.39	1181.99
919.56	1188.23
919.74	1185.86
919.91	1189.60
920.08	1186.72
920.26	1185.81
920.43	1184.61
920.60	1190.30
920.78	1186.06
920.95	1189.48
921.12	1188.15
921.29	1186.53
921.47	1185.53
921.64	1188.56
921.81	1180.00
921.99	1192.23
922.16	1188.46
922.33	1191.20
922.51	1182.89
922.68	1195.44
922.85	1186.80
923.03	1190.30
923.20	1182.64
923.37	1184.50
923.54	1180.55
923.72	1184.69
923.89	1175.94
924.06	1191.63
924.24	1187.41
924.41	1192.98
924.58	1182.85
924.75	1192.78
924.93	1181.84
925.10	1187.21
925.27	1185.26
925.44	1191.26
925.62	1187.15
925.79	1192.86
925.96	1184.93
926.14	1188.54
926.31	1182.52
926.48	1186.33
926.65	1181.19
926.83	1186.63
927.00	1182.03
927.17	1193.19
927.34	1189.03
927.52	1188.13
927.69	1189.81
927.86	1186.80
928.03	1182.11
928.21	1186.86
928.38	1186.82
928.55	1193.13
928.72	1185.26
928.89	1182.68
929.07	1188.23
929.24	1191.24
929.41	1182.11
929.58	1188.78
929.76	1182.89
929.93	1190.53
930.10	1182.80
930.27	1190.14
930.44	1179.49
930.62	1190.38
930.79	1180.31
930.96	1189.77
931.13	1189.42
931.31	1193.04
931.48	1182.37
931.65	1196.69
931.82	1189.69
931.99	1186.12
932.17	1182.05
932.34	1189.21
932.51	1180.37
932.68	1193.13
932.85	1183.50
933.03	1190.48
933.20	1182.17
933.37	1193.80
933.54	1180.20
933.71	1189.11
933.88	1180.86
934.06	1188.46
934.23	1181.76
934.40	1202.10
934.57	1182.07
934.74	1187.31
934.91	1184.05
935.09	1193.95
935.26	1182.35
935.43	1192.06
935.60	1185.36
935.77	1190.69
935.94	1181.76
936.12	1193.43
936.29	1188.35
936.46	1185.32
936.63	1187.99
936.80	1186.82
936.97	1183.09
937.14	1190.85
937.32	1182.01
937.49	1192.02
937.66	1187.84
937.83	1186.27
938.00	1180.33
938.17	1194.17
938.34	1188.17
938.52	1183.09
938.69	1186.43
938.86	1191.26
939.03	1187.25
939.20	1190.20
939.37	1179.45
939.54	1190.48
939.71	1182.44
939.89	1193.13
940.06	1189.48
940.23	1195.81
940.40	1185.34
940.57	1189.81
940.74	1184.65
940.91	1188.56
941.08	1182.76
941.25	1185.00
941.43	1178.73
941.60	1189.23
941.77	1185.63
941.94	1190.40
942.11	1184.61
942.28	1192.35
942.45	1192.14
942.62	1184.93
942.79	1188.29
942.96	1189.17
943.13	1185.26
943.30	1191.79
943.48	1184.09
943.65	1188.31
943.82	1184.34
943.99	1191.12
944.16	1192.68
944.33	1184.98
944.50	1178.89
944.67	1189.36
944.84	1185.57
945.01	1190.26
945.18	1186.80
945.35	1191.14
945.52	1184.20
945.69	1189.26
945.86	1183.79
946.03	1185.96
946.21	1181.53
946.38	1194.54
946.55	1178.32
946.72	1189.77
946.89	1181.06
947.06	1190.10
947.23	1181.58
947.40	1183.66
947.57	1183.54
947.74	1191.10
947.91	1183.99
948.08	1190.32
948.25	1184.52
948.42	1189.99
948.59	1184.36
948.76	1190.18
948.93	1179.51
949.10	1191.53
949.27	1181.17
949.44	1187.94
949.61	1180.61
949.78	1198.06
949.95	1190.75
950.12	1191.18
950.29	1180.92
950.46	1194.87
950.63	1182.76
950.80	1190.32
950.97	1182.27
951.14	1190.87
951.31	1182.17
951.48	1190.44
951.65	1178.01
951.82	1192.31
951.99	1183.62
952.16	1182.68
952.33	1184.09
952.50	1185.86
952.67	1185.98
952.84	1191.47
953.01	1185.94
953.18	1189.46
953.35	1181.31
953.52	1193.06
953.69	1182.44
953.86	1197.37
954.03	1179.57
954.20	1184.44
954.37	1184.22
954.54	1191.16
954.70	1186.27
954.87	1182.58
955.04	1191.16
955.21	1182.50
955.38	1191.34
955.55	1188.80
955.72	1183.52
955.89	1196.40
956.06	1187.94
956.23	1191.06
956.40	1183.64
956.57	1188.68
956.74	1180.10
956.91	1198.47
957.08	1175.72
957.25	1184.52
957.41	1187.33
957.58	1193.74
957.75	1176.99
957.92	1187.45
958.09	1180.41
958.26	1187.51
958.43	1185.08
958.60	1192.92
958.77	1186.59
958.94	1195.38
959.11	1186.88
959.27	1194.29
959.44	1189.13
959.61	1188.58
959.78	1181.78
959.95	1189.28
960.12	1185.28
960.29	1190.16
960.46	1180.04
960.63	1196.26
960.80	1181.58
960.96	1195.34
961.13	1186.27
961.30	1190.83
961.47	1180.78
961.64	1194.03
961.81	1182.87
961.98	1188.83
962.15	1184.14
962.31	1186.55
962.48	1181.76
962.65	1192.72
962.82	1183.17
962.99	1189.40
963.16	1178.38
963.33	1190.42
963.49	1187.88
963.66	1185.86
963.83	1179.47
964.00	1194.07
964.17	1179.24
964.34	1193.19
964.51	1185.51
964.67	1194.48
964.84	1185.59
965.01	1207.03
965.18	1182.95
965.35	1189.75
965.52	1190.20
965.68	1194.13
965.85	1192.29
966.02	1188.03
966.19	1188.07
966.36	1189.48
966.52	1179.36
966.69	1193.82
966.86	1186.35
967.03	1192.18
967.20	1176.27
967.37	1192.72
967.53	1184.52
967.70	1191.16
967.87	1176.74
968.04	1196.16
968.21	1186.47
968.37	1192.02
968.54	1177.09
968.71	1191.04
968.88	1184.32
969.05	1190.01
969.21	1181.62
969.38	1201.20
969.55	1179.65
969.72	1191.98
969.89	1185.88
970.05	1193.11
970.22	1179.24
970.39	1186.45
970.56	1188.91
970.72	1192.33
970.89	1185.69
971.06	1190.50
971.23	1181.49
971.39	1192.27
971.56	1191.22
971.73	1190.46
971.90	1188.52
972.07	1183.71
972.23	1186.20
972.40	1189.32
972.57	1184.03
972.74	1189.67
972.90	1186.12
973.07	1187.41
973.24	1186.72
973.40	1189.07
973.57	1184.55
973.74	1191.45
973.91	1185.24
974.07	1197.92
974.24	1180.45
974.41	1198.74
974.58	1190.05
974.74	1184.18
974.91	1189.13
975.08	1184.28
975.25	1179.08
975.41	1193.66
975.58	1179.96
975.75	1187.80
975.91	1177.66
976.08	1184.05
976.25	1174.41
976.42	1191.45
976.58	1187.17
976.75	1194.19
976.92	1191.94
977.08	1190.79
977.25	1186.16
977.42	1183.83
977.58	1185.92
977.75	1177.95
977.92	1180.61
978.08	1183.52
978.25	1185.47
978.42	1190.07
978.59	1182.97
978.75	1189.89
978.92	1190.14
979.09	1188.64
979.25	1190.20
979.42	1197.20
979.59	1182.09
979.75	1186.41
979.92	1193.27
980.09	1190.71
980.25	1187.70
980.42	1196.42
980.59	1183.87
980.75	1189.52
980.92	1186.35
981.09	1188.48
981.25	1184.44
981.42	1189.07
981.59	1193.41
981.75	1185.61
981.92	1186.00
982.08	1191.41
982.25	1180.43
982.42	1193.17
982.58	1182.15
982.75	1194.93
982.92	1185.30
983.08	1190.57
983.25	1188.48
983.42	1187.82
983.58	1186.59
983.75	1183.09
983.91	1185.67
984.08	1190.05
984.25	1188.76
984.41	1191.04
984.58	1185.41
984.74	1186.39
984.91	1190.03
985.08	1192.04
985.24	1182.58
985.41	1195.03
985.57	1182.70
985.74	1185.84
985.91	1190.75
986.07	1188.70
986.24	1178.63
986.40	1187.45
986.57	1186.90
986.74	1190.57
986.90	1187.56
987.07	1186.90
987.23	1185.55
987.40	1188.37
987.57	1189.58
987.73	1191.47
987.90	1178.85
988.06	1199.02
988.23	1181.84
988.39	1186.04
988.56	1186.31
988.73	1195.11
988.89	1184.05
989.06	1181.80
989.22	1182.58
989.39	1185.45
989.55	1182.80
989.72	1189.95
989.88	1184.40
990.05	1191.79
990.22	1181.23
990.38	1192.37
990.55	1180.31
990.71	1189.19
990.88	1190.46
991.04	1188.80
991.21	1185.18
991.37	1192.23
991.54	1192.49
991.70	1193.82
991.87	1180.84
992.03	1196.71
992.20	1183.09
992.36	1192.00
992.53	1192.23
992.69	1198.16
992.86	1177.32
993.03	1191.90
993.19	1188.23
993.36	1190.30
993.52	1180.80
993.69	1190.69
993.85	1182.35
994.02	1190.46
994.18	1180.96
994.35	1191.10
994.51	1182.50
994.68	1185.00
994.84	1185.51
995.01	1198.80
995.17	1181.49
995.34	1192.55
995.50	1181.10
995.66	1189.17
995.83	1180.31
995.99	1192.23
996.16	1180.86
996.32	1186.96
996.49	1179.30
996.65	1193.41
996.82	1180.69
996.98	1191.55
997.15	1182.62
997.31	1191.71
997.48	1181.04
997.64	1197.28
997.81	1189.15
997.97	1190.48
998.13	1185.41
998.30	1194.62
998.46	1190.20
998.63	1187.86
998.79	1180.59
998.96	1183.75
999.12	1181.68
999.29	1190.67
999.45	1185.57
999.61	1189.95
999.78	1189.09
999.94	1188.95
1000.11	1187.94
1000.27	1188.87
1000.44	1184.42
1000.60	1191.67
1000.76	1184.73
1000.93	1191.47
1001.09	1182.78
1001.26	1186.76
1001.42	1180.80
1001.59	1192.18
1001.75	1180.51
1001.91	1186.02
1002.08	1184.01
1002.24	1190.57
1002.41	1181.51
1002.57	1188.80
1002.73	1183.75
1002.90	1186.74
1003.06	1181.04
1003.23	1186.70
1003.39	1182.44
1003.55	1189.60
1003.72	1184.52
1003.88	1190.10
1004.04	1178.28
1004.21	1190.42
1004.37	1184.89
1004.54	1187.60
1004.70	1187.97
1004.86	1195.99
1005.03	1190.65
1005.19	1189.21
1005.35	1181.19
1005.52	1190.26
1005.68	1188.62
1005.85	1187.94
1006.01	1183.93
1006.17	1191.16
1006.34	1178.77
1006.50	1195.81
1006.66	1178.34
1006.83	1189.48
1006.99	1176.91
1007.15	1193.39
1007.32	1183.15
1007.48	1193.37
1007.64	1178.30
1007.81	1192.20
1007.97	1187.80
1008.13	1185.59
1008.30	1180.06
1008.46	1187.97
1008.62	1184.09
1008.79	1188.03
1008.95	1183.93
1009.11	1192.49
1009.28	1184.16
1009.44	1193.25
1009.60	1180.22
1009.77	1184.40
1009.93	1179.12
1010.09	1189.32
1010.25	1183.52
1010.42	1188.85
1010.58	1186.24
1010.74	1191.00
1010.91	1178.01
1011.07	1186.47
1011.23	1186.70
1011.40	1181.78
1011.56	1183.07
1011.72	1190.55
1011.88	1179.71
1012.05	1189.50
1012.21	1189.89
1012.37	1191.39
1012.54	1181.41
1012.70	1192.23
1012.86	1188.29
1013.02	1192.10
1013.19	1189.67
1013.35	1193.04
1013.51	1190.24
1013.67	1184.50
1013.84	1181.35
1014.00	1195.44
1014.16	1189.91
1014.33	1184.42
1014.49	1186.94
1014.65	1188.85
1014.81	1182.44
1014.98	1194.78
1015.14	1193.25
1015.30	1191.43
1015.46	1187.13
1015.62	1191.75
1015.79	1176.13
1015.95	1188.33
1016.11	1186.45
1016.27	1188.01
1016.44	1188.05
1016.60	1190.12
1016.76	1186.12
1016.92	1196.55
1017.09	1179.12
1017.25	1192.98
1017.41	1181.72
1017.57	1193.21
1017.73	1178.89
1017.90	1192.49
1018.06	1185.20
1018.22	1191.16
1018.38	1188.80
1018.54	1189.23
1018.71	1175.39
1018.87	1187.29
1019.03	1190.73
1019.19	1195.73
1019.35	1183.01
1019.52	1187.72
1019.68	1183.09
1019.84	1192.59
1020.00	1182.07
1020.16	1188.52
1020.33	1178.93
1020.49	1191.28
1020.65	1179.12
1020.81	1187.37
1020.97	1184.55
1021.13	1197.92
1021.30	1181.76
1021.46	1180.94
1021.62	1193.33
1021.78	1185.51
1021.94	1183.58
1022.10	1187.80
1022.27	1184.14
1022.43	1199.88
1022.59	1191.00
1022.75	1191.57
1022.91	1182.31
1023.07	1186.86
1023.24	1183.50
1023.40	1189.81
1023.56	1188.05
1023.72	1194.48
1023.88	1183.42
1024.04	1189.03
1024.20	1180.22
1024.36	1189.28
1024.53	1182.70
1024.69	1198.96
1024.85	1186.33
1025.01	1187.99
1025.17	1182.37
1025.33	1190.34
1025.49	1183.58
1025.65	1185.47
1025.82	1185.02
1025.98	1192.92
1026.14	1188.66
1026.30	1195.65
1026.46	1180.96
1026.62	1196.34
1026.78	1182.76
1026.94	1190.65
1027.10	1181.88
1027.26	1190.03
1027.43	1180.94
1027.59	1196.51
1027.75	1186.90
1027.91	1187.31
1028.07	1183.83
1028.23	1190.05
1028.39	1193.76
1028.55	1192.20
1028.71	1186.04
1028.87	1191.69
1029.03	1181.84
1029.19	1189.32
1029.36	1185.41
1029.52	1196.36
1029.68	1180.41
1029.84	1194.21
1030.00	1182.01
1030.16	1195.60
1030.32	1182.97
1030.48	1193.31
1030.64	1186.16
1030.80	1196.91
1030.96	1179.63
1031.12	1188.03
1031.28	1181.90
1031.44	1188.60
1031.60	1180.14
1031.76	1190.73
1031.92	1189.19
1032.08	1203.43
1032.24	1185.12
1032.40	1190.53
1032.56	1177.97
1032.73	1196.22
1032.89	1181.51
1033.05	1188.60
1033.21	1177.68
1033.37	1194.60
1033.53	1182.01
1033.69	1187.17
1033.85	1186.88
1034.01	1186.55
1034.17	1185.18
1034.33	1186.55
1034.49	1186.37
1034.65	1188.17
1034.81	1187.72
1034.97	1191.32
1035.13	1192.08
1035.29	1192.47
1035.45	1183.54
1035.61	1189.21
1035.77	1184.55
1035.93	1185.45
1036.09	1183.30
1036.25	1191.90
1036.41	1183.89
1036.57	1187.11
1036.73	1185.67
1036.88	1192.31
1037.04	1182.56
