345.52	1193.92
345.73	1193.92
345.94	1193.92
346.16	1189.32
346.37	1190.46
346.58	1192.68
346.79	1196.81
347.00	1186.14
347.22	1195.26
347.43	1190.79
347.64	1197.43
347.85	1191.86
348.06	1196.05
348.28	1188.76
348.49	1193.02
348.70	1191.14
348.91	1201.07
349.12	1194.33
349.34	1196.28
349.55	1194.05
349.76	1201.30
349.97	1195.60
350.18	1192.68
350.40	1186.68
350.61	1202.87
350.82	1188.52
351.03	1201.07
351.24	1200.87
351.46	1195.75
351.67	1193.17
351.88	1195.03
352.09	1197.80
352.30	1202.73
352.51	1187.86
352.73	1200.58
352.94	1193.49
353.15	1199.43
353.36	1192.45
353.57	1199.37
353.79	1189.32
354.00	1198.16
354.21	1198.66
354.42	1201.95
354.63	1187.43
354.84	1200.79
355.06	1184.57
355.27	1196.65
355.48	1192.57
355.69	1196.79
355.90	1194.50
356.11	1200.79
356.33	1189.46
356.54	1197.57
356.75	1190.42
356.96	1203.06
357.17	1188.85
357.38	1201.30
357.60	1186.33
357.81	1201.73
358.02	1197.32
358.23	1193.49
358.44	1195.71
358.65	1196.20
358.87	1200.62
359.08	1199.19
359.29	1197.22
359.50	1196.67
359.71	1187.43
359.92	1190.71
360.13	1197.86
360.35	1201.24
360.56	1190.22
360.77	1202.79
360.98	1190.03
361.19	1201.30
361.40	1199.74
361.62	1196.05
361.83	1194.21
362.04	1195.69
362.25	1195.19
362.46	1195.89
362.67	1196.77
362.88	1200.27
363.10	1202.59
363.31	1197.34
363.52	1189.60
363.73	1198.96
363.94	1201.85
364.15	1212.03
364.36	1192.86
364.57	1200.54
364.79	1195.28
365.00	1199.11
365.21	1194.11
365.42	1202.22
365.63	1197.45
365.84	1195.50
366.05	1198.92
366.27	1201.93
366.48	1183.60
366.69	1199.66
366.90	1194.17
367.11	1200.42
367.32	1199.80
367.53	1196.77
367.74	1196.83
367.95	1203.18
368.17	1191.59
368.38	1201.03
368.59	1198.18
368.80	1199.43
369.01	1196.75
369.22	1197.73
369.43	1191.84
369.64	1197.37
369.86	1195.95
370.07	1199.56
370.28	1185.90
370.49	1196.30
370.70	1198.39
370.91	1201.26
371.12	1199.62
371.33	1198.12
371.54	1192.76
371.76	1204.23
371.97	1195.32
372.18	1200.60
372.39	1191.12
372.60	1198.29
372.81	1190.42
373.02	1198.96
373.23	1190.61
373.44	1193.84
373.65	1193.00
373.87	1202.63
374.08	1197.32
374.29	1198.86
374.50	1196.05
374.71	1205.84
374.92	1197.71
375.13	1199.70
375.34	1195.58
375.55	1203.18
375.76	1190.40
375.97	1203.84
376.19	1197.37
376.40	1194.21
376.61	1200.97
376.82	1203.43
377.03	1199.02
377.24	1202.63
377.45	1196.91
377.66	1204.27
377.87	1191.92
378.08	1209.18
378.29	1190.10
378.50	1205.78
378.71	1191.90
378.93	1201.07
379.14	1193.88
379.35	1204.27
379.56	1198.51
379.77	1201.79
379.98	1193.56
380.19	1194.13
380.40	1198.72
380.61	1207.36
380.82	1194.27
381.03	1204.33
381.24	1191.49
381.45	1198.04
381.66	1198.98
381.88	1200.97
382.09	1193.47
382.30	1198.61
382.51	1195.54
382.72	1197.49
382.93	1194.52
383.14	1198.25
383.35	1197.12
383.56	1190.30
383.77	1198.35
383.98	1208.22
384.19	1192.61
384.40	1197.10
384.61	1191.98
384.82	1208.57
385.03	1195.07
385.24	1199.13
385.45	1192.90
385.67	1199.07
385.88	1193.54
386.09	1198.84
386.30	1192.18
386.51	1200.83
386.72	1200.85
386.93	1201.44
387.14	1192.06
387.35	1195.69
387.56	1200.99
387.77	1200.72
387.98	1188.25
388.19	1197.41
388.40	1191.43
388.61	1206.64
388.82	1191.39
389.03	1202.26
389.24	1196.44
389.45	1197.90
389.66	1191.12
389.87	1201.03
390.08	1202.59
390.29	1205.97
390.50	1193.70
390.71	1202.16
390.92	1194.68
391.13	1204.74
391.34	1189.40
391.55	1204.94
391.76	1203.39
391.98	1198.08
392.19	1197.22
392.40	1198.68
392.61	1192.55
392.82	1206.85
393.03	1194.58
393.24	1205.56
393.45	1193.88
393.66	1198.68
393.87	1193.00
394.08	1201.77
394.29	1198.90
394.50	1201.63
394.71	1196.20
394.92	1200.52
395.13	1203.78
395.34	1202.75
395.55	1202.59
395.76	1194.95
395.97	1196.69
396.18	1208.30
396.39	1199.04
396.60	1200.44
396.81	1200.68
397.02	1208.98
397.23	1203.39
397.44	1206.38
397.65	1192.14
397.86	1205.05
398.07	1198.92
398.28	1198.94
398.49	1191.24
398.70	1193.70
398.91	1197.61
399.12	1200.11
399.33	1194.23
399.54	1205.35
399.75	1193.06
399.96	1202.87
400.17	1199.82
400.38	1195.85
400.59	1199.37
400.80	1205.97
401.01	1193.25
401.22	1203.71
401.42	1196.67
401.63	1197.02
401.84	1192.84
402.05	1202.71
402.26	1201.28
402.47	1201.97
402.68	1193.04
402.89	1204.94
403.10	1191.22
403.31	1205.50
403.52	1197.55
403.73	1203.65
403.94	1192.14
404.15	1201.13
404.36	1196.36
404.57	1208.77
404.78	1199.80
404.99	1206.19
405.20	1195.15
405.41	1205.39
405.62	1189.38
405.83	1203.14
406.04	1200.13
406.25	1201.75
406.46	1197.24
406.67	1203.63
406.88	1198.98
407.09	1196.67
407.30	1202.40
407.50	1204.10
407.71	1193.27
407.92	1202.32
408.13	1196.20
408.34	1193.66
408.55	1199.35
408.76	1199.64
408.97	1198.88
409.18	1206.54
409.39	1198.27
409.60	1202.44
409.81	1199.90
410.02	1199.56
410.23	1199.93
410.44	1198.33
410.65	1189.60
410.86	1203.82
411.07	1197.71
411.27	1208.18
411.48	1204.02
411.69	1204.10
411.90	1199.62
412.11	1199.37
412.32	1194.87
412.53	1205.45
412.74	1194.70
412.95	1209.37
413.16	1195.83
413.37	1201.97
413.58	1195.77
413.79	1205.17
414.00	1195.58
414.20	1202.40
414.41	1191.00
414.62	1207.26
414.83	1197.49
415.04	1199.82
415.25	1192.10
415.46	1204.12
415.67	1196.81
415.88	1202.55
416.09	1194.40
416.30	1200.77
416.51	1207.03
416.71	1207.15
416.92	1189.34
417.13	1202.03
417.34	1201.81
417.55	1202.18
417.76	1196.20
417.97	1198.94
418.18	1192.39
418.39	1200.85
418.60	1194.15
418.81	1204.25
419.01	1193.80
419.22	1203.51
419.43	1197.18
419.64	1204.68
419.85	1193.04
420.06	1204.62
420.27	1192.55
420.48	1203.98
420.69	1196.44
420.90	1205.58
421.10	1199.99
421.31	1202.28
421.52	1195.42
421.73	1203.53
421.94	1198.92
422.15	1202.28
422.36	1195.17
422.57	1206.38
422.78	1199.21
422.98	1201.67
423.19	1190.93
423.40	1204.90
423.61	1199.21
423.82	1198.33
424.03	1189.48
424.24	1198.25
424.45	1197.39
424.65	1198.94
424.86	1194.58
425.07	1200.46
425.28	1192.12
425.49	1205.58
425.70	1199.50
425.91	1200.07
426.12	1201.40
426.32	1210.76
426.53	1192.10
426.74	1203.86
426.95	1203.12
427.16	1203.32
427.37	1192.78
427.58	1205.21
427.78	1199.72
427.99	1204.35
428.20	1194.93
428.41	1206.77
428.62	1192.02
428.83	1202.38
429.04	1205.50
429.24	1208.16
429.45	1196.65
429.66	1205.43
429.87	1204.19
430.08	1199.93
430.29	1194.99
430.50	1203.10
430.70	1199.37
430.91	1207.11
431.12	1199.33
431.33	1201.83
431.54	1206.05
431.75	1213.46
431.96	1196.61
432.16	1210.62
432.37	1191.59
432.58	1200.79
432.79	1199.37
433.00	1200.23
433.21	1197.28
433.41	1201.34
433.62	1196.30
433.83	1200.62
434.04	1195.75
434.25	1201.89
434.46	1192.82
434.66	1202.28
434.87	1195.50
435.08	1199.82
435.29	1192.49
435.50	1201.09
435.71	1199.33
435.91	1201.63
436.12	1197.04
436.33	1205.09
436.54	1202.40
436.75	1198.47
436.95	1198.80
437.16	1205.66
437.37	1200.48
437.58	1206.58
437.79	1200.79
438.00	1200.29
438.20	1196.81
438.41	1202.42
438.62	1200.66
438.83	1200.19
439.04	1197.78
439.24	1199.00
439.45	1191.84
439.66	1205.62
439.87	1197.67
440.08	1201.30
440.28	1202.81
440.49	1203.28
440.70	1193.31
440.91	1209.16
441.12	1203.51
441.32	1205.91
441.53	1183.81
441.74	1200.72
441.95	1198.53
442.16	1203.71
442.36	1197.39
442.57	1203.14
442.78	1198.29
442.99	1199.72
443.20	1194.64
443.40	1200.01
443.61	1193.86
443.82	1200.01
444.03	1199.39
444.24	1201.42
444.44	1197.20
444.65	1210.25
444.86	1199.21
445.07	1200.68
445.27	1201.15
445.48	1206.01
445.69	1194.44
445.90	1202.89
446.11	1193.29
446.31	1201.07
446.52	1198.41
446.73	1203.02
446.94	1192.43
447.14	1203.61
447.35	1196.98
447.56	1209.24
447.77	1194.29
447.97	1206.19
448.18	1196.61
448.39	1210.96
448.60	1194.21
448.81	1203.82
449.01	1197.10
449.22	1204.37
449.43	1196.40
449.64	1204.70
449.84	1193.95
450.05	1200.17
450.26	1197.26
450.47	1203.90
450.67	1202.81
450.88	1200.68
451.09	1188.56
451.30	1207.65
451.50	1199.50
451.71	1201.48
451.92	1194.46
452.13	1201.87
452.33	1197.59
452.54	1204.55
452.75	1194.44
452.96	1211.41
453.16	1191.28
453.37	1206.34
453.58	1196.89
453.79	1205.88
453.99	1195.32
454.20	1195.95
454.41	1192.41
454.61	1199.39
454.82	1208.22
455.03	1196.98
455.24	1190.46
455.44	1202.96
455.65	1196.18
455.86	1208.98
456.07	1195.24
456.27	1204.27
456.48	1194.56
456.69	1206.36
456.90	1203.14
457.10	1209.16
457.31	1196.81
457.52	1197.63
457.72	1199.52
457.93	1203.57
458.14	1200.62
458.35	1204.08
458.55	1196.18
458.76	1204.02
458.97	1195.69
459.17	1200.19
459.38	1197.16
459.59	1206.75
459.80	1188.52
460.00	1205.02
460.21	1200.79
460.42	1196.79
460.62	1191.47
460.83	1205.15
461.04	1200.50
461.25	1202.63
461.45	1195.65
461.66	1199.04
461.87	1193.86
462.07	1198.72
462.28	1199.29
462.49	1201.60
462.69	1197.06
462.90	1207.28
463.11	1197.98
463.31	1201.95
463.52	1200.03
463.73	1208.75
463.94	1197.55
464.14	1205.17
464.35	1197.88
464.56	1198.94
464.76	1203.12
464.97	1204.70
465.18	1193.95
465.38	1202.49
465.59	1191.82
465.80	1203.39
466.00	1201.85
466.21	1198.80
466.42	1199.64
466.62	1199.07
466.83	1196.32
467.04	1198.84
467.24	1200.07
467.45	1201.11
467.66	1198.21
467.86	1201.17
468.07	1189.23
468.28	1202.24
468.48	1198.21
468.69	1205.88
468.90	1200.23
469.10	1205.84
469.31	1200.21
469.52	1205.11
469.72	1197.08
469.93	1204.10
470.14	1199.56
470.34	1200.36
470.55	1192.20
470.76	1201.01
470.96	1198.68
471.17	1205.78
471.38	1203.04
471.58	1205.23
471.79	1198.59
472.00	1202.44
472.20	1198.96
472.41	1201.87
472.62	1198.94
472.82	1203.53
473.03	1196.14
473.24	1201.63
473.44	1193.97
473.65	1211.56
473.85	1201.85
474.06	1199.90
474.27	1192.59
474.47	1200.89
474.68	1197.51
474.89	1208.38
475.09	1198.45
475.30	1203.94
475.51	1199.86
475.71	1200.25
475.92	1196.89
476.12	1199.37
476.33	1197.67
476.54	1201.03
476.74	1199.00
476.95	1203.76
477.16	1194.48
477.36	1199.64
477.57	1200.87
477.77	1196.05
477.98	1202.81
478.19	1206.46
478.39	1197.49
478.60	1203.35
478.81	1199.50
479.01	1206.48
479.22	1198.88
479.42	1206.72
479.63	1198.04
479.84	1202.96
480.04	1201.32
480.25	1204.76
480.45	1192.29
480.66	1201.46
480.87	1197.47
481.07	1200.79
481.28	1202.98
481.48	1205.93
481.69	1203.20
481.90	1205.35
482.10	1194.83
482.31	1199.13
482.51	1194.62
482.72	1209.37
482.93	1194.15
483.13	1206.21
483.34	1200.87
483.54	1203.76
483.75	1202.67
483.96	1204.29
484.16	1200.33
484.37	1210.74
484.57	1196.42
484.78	1207.77
484.99	1194.81
485.19	1196.77
485.40	1202.55
485.60	1203.43
485.81	1198.16
486.01	1211.89
486.22	1208.92
486.43	1205.27
486.63	1191.43
486.84	1212.42
487.04	1196.24
487.25	1206.70
487.46	1196.87
487.66	1203.84
487.87	1201.34
488.07	1206.01
488.28	1198.88
488.48	1205.02
488.69	1203.16
488.89	1194.99
489.10	1197.39
489.31	1206.32
489.51	1201.36
489.72	1206.32
489.92	1200.09
490.13	1210.37
490.33	1197.20
490.54	1210.76
490.75	1198.29
490.95	1206.64
491.16	1195.83
491.36	1202.92
491.57	1201.56
491.77	1202.26
491.98	1204.14
492.18	1208.73
492.39	1200.11
492.59	1200.72
492.80	1199.00
493.01	1208.24
493.21	1203.41
493.42	1208.71
493.62	1202.67
493.83	1209.06
494.03	1199.60
494.24	1204.49
494.44	1205.56
494.65	1203.65
494.85	1198.92
495.06	1207.30
495.26	1203.47
495.47	1204.68
495.68	1194.81
495.88	1206.99
496.09	1204.90
496.29	1207.32
496.50	1202.51
496.70	1205.15
496.91	1198.66
497.11	1207.65
497.32	1205.86
497.52	1208.06
497.73	1205.17
497.93	1201.48
498.14	1204.98
498.34	1212.34
498.55	1205.82
498.75	1209.98
498.96	1206.36
499.16	1206.50
499.37	1201.46
499.57	1210.98
499.78	1200.85
499.98	1209.00
500.19	1204.82
500.39	1204.78
500.60	1205.54
500.80	1210.14
501.01	1204.80
501.21	1206.38
501.42	1214.90
501.62	1212.66
501.83	1214.59
502.03	1217.64
502.24	1213.99
502.44	1218.99
502.65	1207.87
502.85	1217.03
503.06	1209.59
503.26	1213.09
503.47	1205.35
503.67	1211.52
503.88	1211.89
504.08	1214.42
504.29	1209.06
504.49	1215.06
504.70	1216.43
504.90	1215.06
505.11	1221.51
505.31	1214.14
505.52	1208.83
505.72	1216.82
505.93	1218.32
506.13	1222.56
506.34	1216.98
506.54	1218.54
506.75	1217.44
506.95	1225.73
507.16	1223.78
507.36	1223.91
507.56	1223.60
507.77	1226.39
507.97	1217.13
508.18	1224.07
508.38	1225.09
508.59	1229.31
508.79	1221.24
509.00	1230.36
509.20	1228.11
509.41	1229.01
509.61	1223.21
509.82	1222.31
510.02	1217.35
510.22	1226.69
510.43	1223.97
510.63	1230.75
510.84	1225.16
511.04	1229.21
511.25	1221.63
511.45	1222.64
511.66	1224.85
511.86	1229.40
512.06	1227.92
512.27	1230.07
512.47	1223.40
512.68	1232.67
512.88	1224.95
513.09	1228.45
513.29	1229.01
513.50	1230.26
513.70	1224.58
513.90	1231.51
514.11	1223.42
514.31	1233.35
514.52	1224.89
514.72	1238.96
514.93	1223.50
515.13	1231.73
515.33	1226.04
515.54	1232.90
515.74	1223.35
515.95	1234.93
516.15	1227.90
516.36	1241.36
516.56	1228.97
516.76	1229.52
516.97	1231.22
517.17	1238.69
517.38	1231.28
517.58	1241.72
517.78	1228.11
517.99	1239.33
518.19	1231.63
518.40	1240.72
518.60	1229.23
518.81	1235.21
519.01	1230.46
519.21	1232.90
519.42	1226.16
519.62	1234.47
519.83	1227.20
520.03	1229.72
520.23	1227.55
520.44	1239.47
520.64	1232.98
520.85	1235.19
521.05	1222.10
521.25	1243.94
521.46	1228.70
521.66	1237.06
521.86	1236.73
522.07	1242.42
522.27	1237.65
522.48	1251.10
522.68	1238.88
522.88	1245.37
523.09	1242.44
523.29	1257.45
523.50	1245.06
523.70	1255.79
523.90	1263.19
524.11	1275.27
524.31	1272.08
524.51	1290.79
524.72	1296.38
524.92	1324.01
525.13	1336.30
525.33	1363.48
525.53	1381.03
525.74	1420.23
525.94	1435.83
526.14	1454.06
526.35	1485.15
526.55	1510.01
526.76	1536.41
526.96	1574.23
527.16	1601.25
527.37	1646.20
527.57	1689.68
527.77	1769.18
527.98	1841.53
528.18	1978.67
528.38	2154.26
528.59	2396.70
528.79	2697.38
528.99	3032.43
529.20	3391.60
529.40	3747.11
529.61	4067.41
529.81	4350.91
530.01	4621.10
530.22	4818.69
530.42	4971.79
530.62	5090.84
530.83	5202.31
531.03	5276.86
531.23	5329.61
531.44	5367.40
531.64	5385.48
531.84	5413.27
532.05	5403.73
532.25	5446.94
532.45	5449.48
532.66	5492.86
532.86	5484.97
533.06	5487.76
533.27	5514.20
533.47	5526.40
533.67	5508.03
533.88	5496.65
534.08	5380.32
534.28	5275.87
534.49	5130.28
534.69	4900.17
534.89	4640.00
535.09	4394.49
535.30	4104.99
535.50	3819.61
535.70	3572.64
535.91	3309.11
536.11	3118.20
536.31	2987.99
536.52	2853.89
536.72	2761.60
536.92	2672.72
537.13	2605.79
537.33	2534.10
537.53	2482.59
537.74	2429.59
537.94	2392.44
538.14	2320.08
538.34	2288.36
538.55	2248.65
538.75	2220.04
538.95	2172.42
539.16	2139.82
539.36	2113.11
539.56	2070.54
539.77	2036.89
539.97	2013.03
540.17	1968.04
540.37	1961.46
540.58	1916.71
540.78	1901.48
540.98	1869.96
541.19	1840.92
541.39	1812.78
541.59	1797.01
541.79	1770.88
542.00	1749.58
542.20	1741.72
542.40	1719.90
542.60	1702.27
542.81	1692.63
543.01	1682.18
543.21	1665.49
543.42	1646.59
543.62	1653.02
543.82	1636.86
544.02	1628.61
544.23	1615.50
544.43	1620.97
544.63	1617.36
544.83	1626.72
545.04	1624.18
545.24	1646.87
545.44	1659.69
545.64	1691.87
545.85	1741.72
546.05	1838.11
546.25	1922.14
546.45	2036.75
546.66	2143.79
546.86	2255.78
547.06	2345.89
547.27	2429.73
547.47	2490.35
547.67	2533.38
547.87	2544.91
548.07	2553.20
548.28	2533.85
548.48	2512.55
548.68	2457.17
548.88	2418.00
549.09	2337.53
549.29	2277.18
549.49	2207.67
549.69	2136.42
549.90	2042.46
550.10	1974.86
550.30	1880.73
550.50	1806.37
550.71	1715.85
550.91	1662.75
551.11	1601.57
551.31	1559.26
551.51	1519.55
551.72	1505.75
551.92	1483.65
552.12	1488.91
552.32	1465.55
552.53	1473.29
552.73	1459.14
552.93	1457.54
553.13	1450.74
553.33	1451.76
553.54	1438.02
553.74	1436.61
553.94	1401.71
554.14	1382.34
554.35	1338.51
554.55	1314.16
554.75	1287.15
554.95	1271.07
555.15	1257.08
555.36	1260.32
555.56	1242.97
555.76	1247.64
555.96	1239.35
556.16	1244.80
556.37	1236.73
556.57	1242.85
556.77	1237.22
556.97	1240.64
557.17	1233.82
557.38	1242.30
557.58	1234.66
557.78	1235.58
557.98	1235.70
558.18	1234.04
558.38	1234.99
558.59	1238.00
558.79	1227.57
558.99	1237.08
559.19	1223.64
559.39	1234.29
559.60	1220.41
559.80	1229.01
560.00	1222.00
560.20	1228.70
560.40	1225.73
560.60	1232.65
560.81	1223.33
561.01	1223.66
561.21	1221.84
561.41	1220.75
561.61	1219.52
561.81	1222.04
562.02	1217.91
562.22	1225.57
562.42	1214.38
562.62	1224.05
562.82	1215.31
563.02	1219.61
563.23	1218.50
563.43	1221.92
563.63	1216.43
563.83	1221.90
564.03	1215.61
564.23	1218.11
564.43	1214.55
564.64	1213.16
564.84	1207.09
565.04	1216.17
565.24	1201.48
565.44	1215.20
565.64	1202.16
565.85	1210.53
566.05	1206.56
566.25	1215.90
566.45	1205.99
566.65	1214.14
566.85	1204.08
567.05	1213.07
567.25	1213.24
567.46	1210.21
567.66	1206.64
567.86	1215.14
568.06	1204.16
568.26	1219.48
568.46	1208.44
568.66	1211.25
568.86	1204.27
569.07	1219.40
569.27	1195.79
569.47	1208.20
569.67	1197.69
569.87	1208.92
570.07	1206.50
570.27	1211.62
570.47	1199.31
570.68	1207.73
570.88	1206.68
571.08	1215.88
571.28	1202.36
571.48	1208.20
571.68	1200.81
571.88	1215.29
572.08	1211.46
572.28	1201.71
572.49	1205.60
572.69	1212.77
572.89	1199.82
573.09	1214.59
573.29	1205.21
573.49	1209.45
573.69	1204.86
573.89	1210.78
574.09	1210.49
574.29	1209.69
574.50	1199.33
574.70	1214.90
574.90	1205.68
575.10	1208.83
575.30	1212.17
575.50	1209.65
575.70	1209.20
575.90	1215.20
576.10	1210.17
576.30	1208.14
576.50	1208.34
576.70	1214.14
576.91	1207.77
577.11	1210.27
577.31	1203.96
577.51	1212.99
577.71	1203.35
577.91	1211.11
578.11	1203.98
578.31	1213.26
578.51	1210.53
578.71	1207.38
578.91	1202.79
579.11	1202.51
579.31	1204.88
579.51	1211.54
579.71	1206.09
579.92	1203.35
580.12	1198.16
580.32	1209.88
580.52	1198.88
580.72	1205.11
580.92	1196.44
581.12	1206.15
581.32	1204.98
581.52	1196.40
581.72	1200.52
581.92	1202.83
582.12	1196.24
582.32	1200.99
582.52	1195.85
582.72	1202.26
582.92	1192.31
583.12	1207.09
583.32	1190.34
583.52	1209.47
583.72	1194.87
583.92	1203.43
584.12	1191.16
584.33	1201.30
584.53	1192.96
584.73	1203.49
584.93	1192.80
585.13	1206.29
585.33	1190.53
585.53	1205.50
585.73	1190.91
585.93	1205.52
586.13	1193.21
586.33	1196.91
586.53	1194.35
586.73	1204.92
586.93	1201.77
587.13	1205.07
587.33	1193.74
587.53	1207.95
587.73	1197.65
587.93	1196.16
588.13	1192.57
588.33	1204.39
588.53	1193.43
588.73	1207.11
588.93	1197.22
589.13	1195.91
589.33	1197.32
589.53	1199.04
589.73	1202.69
589.93	1200.50
590.13	1194.17
590.33	1204.72
590.53	1192.98
590.73	1204.53
590.93	1194.68
591.13	1204.70
591.33	1194.46
591.53	1204.47
591.73	1195.24
591.93	1202.46
592.13	1199.62
592.33	1197.78
592.53	1199.43
592.73	1202.03
592.93	1197.51
593.13	1208.51
593.33	1192.10
593.53	1203.37
593.73	1195.17
593.93	1196.91
594.13	1194.64
594.33	1198.86
594.53	1194.11
594.73	1205.93
594.92	1192.68
595.12	1199.58
595.32	1204.02
595.52	1200.15
595.72	1199.45
595.92	1196.85
596.12	1203.14
596.32	1194.05
596.52	1192.49
596.72	1207.22
596.92	1190.79
597.12	1205.23
597.32	1198.02
597.52	1205.25
597.72	1195.22
597.92	1206.91
598.12	1201.93
598.32	1204.04
598.52	1201.07
598.72	1198.23
598.92	1202.63
599.12	1206.79
599.31	1198.23
599.51	1201.01
599.71	1191.61
599.91	1202.92
600.11	1194.72
600.31	1201.79
600.51	1197.86
600.71	1205.48
600.91	1189.97
601.11	1206.97
601.31	1199.78
601.51	1204.08
601.71	1197.59
601.91	1204.76
602.10	1192.35
602.30	1203.30
602.50	1201.09
602.70	1198.70
602.90	1191.49
603.10	1199.21
603.30	1192.82
603.50	1205.91
603.70	1194.70
603.90	1199.09
604.10	1191.59
604.30	1201.97
604.49	1198.39
604.69	1195.81
604.89	1199.02
605.09	1204.70
605.29	1192.90
605.49	1208.69
605.69	1195.30
605.89	1202.83
606.09	1197.49
606.29	1203.37
606.48	1193.52
606.68	1203.86
606.88	1199.62
607.08	1200.79
607.28	1199.02
607.48	1204.57
607.68	1196.77
607.88	1204.96
608.08	1194.70
608.27	1203.35
608.47	1200.83
608.67	1202.77
608.87	1198.57
609.07	1205.43
609.27	1199.74
609.47	1199.76
609.67	1196.28
609.87	1205.74
610.06	1195.13
610.26	1197.86
610.46	1193.54
610.66	1203.02
610.86	1201.81
611.06	1205.60
611.26	1194.97
611.45	1203.82
611.65	1198.59
611.85	1204.37
612.05	1194.11
612.25	1200.48
612.45	1196.48
612.65	1208.24
612.84	1192.57
613.04	1198.59
613.24	1199.07
613.44	1202.98
613.64	1198.33
613.84	1201.81
614.04	1195.54
614.23	1204.74
614.43	1194.11
614.63	1200.13
614.83	1192.10
615.03	1199.62
615.23	1197.86
615.42	1199.58
615.62	1193.49
615.82	1201.05
616.02	1195.19
616.22	1200.74
616.42	1202.36
616.61	1197.92
616.81	1196.16
617.01	1207.44
617.21	1199.90
617.41	1198.33
617.61	1191.16
617.80	1198.70
618.00	1193.45
618.20	1203.80
618.40	1196.98
618.60	1211.03
618.80	1197.78
618.99	1197.96
619.19	1194.46
619.39	1209.82
619.59	1190.55
619.79	1200.99
619.98	1192.33
620.18	1203.00
620.38	1194.68
620.58	1201.93
620.78	1186.24
620.97	1198.08
621.17	1196.55
621.37	1190.50
621.57	1200.93
621.77	1196.91
621.96	1192.74
622.16	1199.00
622.36	1190.63
622.56	1209.39
622.76	1198.96
622.95	1199.23
623.15	1192.72
623.35	1199.99
623.55	1197.37
623.75	1198.14
623.94	1198.90
624.14	1200.48
624.34	1191.14
624.54	1198.02
624.73	1195.48
624.93	1208.61
625.13	1199.00
625.33	1199.95
625.53	1195.05
625.72	1200.58
625.92	1195.81
626.12	1201.63
626.32	1196.85
626.51	1204.76
626.71	1193.29
626.91	1198.94
627.11	1190.22
627.30	1208.90
627.50	1197.69
627.70	1200.33
627.90	1194.01
628.10	1202.16
628.29	1196.98
628.49	1197.41
628.69	1195.65
628.89	1199.80
629.08	1195.62
629.28	1205.80
629.48	1196.28
629.68	1201.09
629.87	1192.55
630.07	1197.02
630.27	1190.24
630.47	1197.75
630.66	1203.69
630.86	1193.60
631.06	1192.80
631.25	1199.66
631.45	1194.11
631.65	1200.85
631.85	1197.51
632.04	1199.97
632.24	1199.21
632.44	1206.56
632.64	1194.15
632.83	1200.87
633.03	1196.05
633.23	1201.01
633.42	1197.98
633.62	1191.79
633.82	1191.34
634.02	1201.05
634.21	1196.57
634.41	1202.34
634.61	1197.75
634.81	1195.05
635.00	1193.04
635.20	1202.30
635.40	1192.94
635.59	1205.37
635.79	1191.45
635.99	1199.64
636.18	1197.98
636.38	1197.20
636.58	1203.41
636.78	1196.38
636.97	1187.99
637.17	1206.70
637.37	1194.99
637.56	1197.22
637.76	1195.95
637.96	1199.33
638.15	1199.11
638.35	1200.13
638.55	1195.60
638.74	1205.66
638.94	1197.86
639.14	1203.90
639.34	1194.72
639.53	1200.93
639.73	1190.55
639.93	1200.03
640.12	1196.65
640.32	1205.45
640.52	1196.77
640.71	1201.36
640.91	1192.72
641.11	1201.50
641.30	1193.76
641.50	1202.03
641.70	1194.31
641.89	1199.90
642.09	1196.83
642.29	1203.08
642.48	1195.09
642.68	1196.03
642.88	1196.79
643.07	1205.11
643.27	1195.85
643.47	1199.35
643.66	1193.64
643.86	1199.76
644.06	1195.48
644.25	1205.02
644.45	1195.87
644.65	1199.33
644.84	1195.73
645.04	1198.41
645.23	1200.87
645.43	1199.15
645.63	1193.76
645.82	1201.50
646.02	1195.42
646.22	1202.79
646.41	1199.60
646.61	1206.79
646.81	1196.10
647.00	1205.84
647.20	1193.68
647.39	1196.32
647.59	1199.50
647.79	1197.92
647.98	1191.61
648.18	1199.29
648.38	1193.31
648.57	1202.06
648.77	1195.97
648.96	1201.05
649.16	1202.20
649.36	1202.94
649.55	1200.81
649.75	1204.47
649.95	1193.74
650.14	1202.51
650.34	1193.60
650.53	1205.58
650.73	1198.57
650.93	1202.51
651.12	1192.72
651.32	1205.76
651.51	1200.29
651.71	1201.32
651.91	1193.45
652.10	1191.71
652.30	1193.66
652.49	1203.35
652.69	1195.09
652.89	1203.69
653.08	1200.87
653.28	1205.95
653.47	1193.15
653.67	1208.90
653.86	1194.01
654.06	1204.08
654.26	1192.27
654.45	1203.47
654.65	1198.43
654.84	1205.58
655.04	1195.83
655.24	1207.03
655.43	1195.95
655.63	1200.97
655.82	1186.88
656.02	1208.06
656.21	1193.72
656.41	1199.93
656.61	1198.08
656.80	1196.65
657.00	1195.17
657.19	1201.20
657.39	1198.57
657.58	1208.59
657.78	1195.97
657.97	1203.69
658.17	1194.40
658.37	1191.39
658.56	1193.35
658.76	1197.43
658.95	1192.12
659.15	1205.35
659.34	1199.70
659.54	1206.32
659.73	1193.90
659.93	1192.41
660.13	1198.12
660.32	1198.59
660.52	1193.23
660.71	1206.17
660.91	1194.25
661.10	1203.32
661.30	1190.28
661.49	1202.67
661.69	1200.21
661.88	1198.25
662.08	1195.42
662.27	1197.98
662.47	1199.31
662.66	1196.10
662.86	1179.34
663.06	1201.24
663.25	1196.83
663.45	1198.16
663.64	1193.64
663.84	1204.00
664.03	1197.30
664.23	1199.60
664.42	1197.04
664.62	1197.96
664.81	1196.08
665.01	1199.54
665.20	1191.63
665.40	1200.89
665.59	1193.82
665.79	1203.24
665.98	1204.14
666.18	1201.24
666.37	1195.52
666.57	1193.56
666.76	1190.63
666.96	1207.75
667.15	1193.33
667.35	1201.50
667.54	1194.70
667.74	1212.17
667.93	1197.22
668.13	1203.00
668.32	1197.08
668.52	1199.74
668.71	1194.19
668.91	1202.01
669.10	1194.95
669.30	1198.21
669.49	1193.72
669.68	1209.61
669.88	1190.83
670.07	1207.01
670.27	1187.04
670.46	1201.30
670.66	1196.57
670.85	1198.45
671.05	1201.93
671.24	1197.41
671.44	1197.57
671.63	1195.73
671.83	1193.88
672.02	1207.44
672.22	1201.87
672.41	1200.83
672.60	1191.71
672.80	1205.97
672.99	1187.86
673.19	1197.92
673.38	1198.27
673.58	1199.09
673.77	1197.71
673.97	1199.72
674.16	1195.09
674.36	1203.63
674.55	1197.96
674.74	1203.14
674.94	1192.88
675.13	1198.49
675.33	1192.88
675.52	1202.28
675.72	1189.21
675.91	1206.93
676.10	1187.62
676.30	1197.18
676.49	1195.38
676.69	1203.41
676.88	1202.34
677.08	1203.59
677.27	1196.94
677.46	1202.59
677.66	1194.89
677.85	1203.18
678.05	1196.18
678.24	1201.89
678.44	1195.05
678.63	1198.41
678.82	1194.35
679.02	1205.33
679.21	1190.77
679.41	1206.21
679.60	1197.69
679.79	1204.49
679.99	1192.94
680.18	1203.14
680.38	1191.86
680.57	1196.03
680.76	1196.20
680.96	1203.67
681.15	1191.65
681.35	1198.12
681.54	1191.32
681.73	1204.59
681.93	1196.61
682.12	1196.44
682.32	1192.82
682.51	1203.10
682.70	1190.69
682.90	1205.60
683.09	1198.92
683.29	1197.80
683.48	1195.97
683.67	1192.74
683.87	1199.70
684.06	1196.38
684.25	1189.11
684.45	1206.62
684.64	1200.11
684.84	1199.68
685.03	1195.85
685.22	1208.30
685.42	1196.30
685.61	1201.71
685.80	1192.98
686.00	1201.67
686.19	1202.65
686.38	1206.54
686.58	1195.85
686.77	1200.15
686.96	1198.29
687.16	1206.03
687.35	1199.76
687.55	1202.30
687.74	1197.80
687.93	1205.60
688.13	1195.30
688.32	1201.69
688.51	1195.87
688.71	1206.48
688.90	1195.77
689.09	1203.30
689.29	1192.84
689.48	1195.03
689.67	1200.83
689.87	1201.07
690.06	1205.78
690.25	1204.35
690.45	1201.58
690.64	1200.21
690.83	1196.59
691.03	1198.37
691.22	1195.56
691.41	1199.17
691.61	1193.80
691.80	1197.71
691.99	1200.36
692.19	1207.77
692.38	1193.49
692.57	1200.05
692.76	1195.89
692.96	1198.08
693.15	1197.16
693.34	1195.07
693.54	1196.65
693.73	1205.97
693.92	1197.98
694.12	1202.63
694.31	1190.77
694.50	1198.41
694.70	1197.78
694.89	1201.11
695.08	1194.97
695.27	1199.95
695.47	1201.89
695.66	1201.42
695.85	1200.01
696.05	1209.55
696.24	1193.90
696.43	1202.98
696.62	1194.01
696.82	1199.39
697.01	1196.40
697.20	1201.28
697.40	1202.12
697.59	1196.69
697.78	1198.23
697.97	1196.38
698.17	1193.37
698.36	1199.80
698.55	1194.40
698.74	1199.62
698.94	1195.93
699.13	1203.65
699.32	1195.01
699.52	1196.26
699.71	1201.50
699.90	1204.33
700.09	1191.55
700.29	1200.81
700.48	1199.90
700.67	1198.02
700.86	1195.69
701.06	1199.95
701.25	1192.74
701.44	1199.13
701.63	1200.50
701.83	1198.16
702.02	1187.64
702.21	1199.21
702.40	1201.52
702.60	1198.76
702.79	1198.86
702.98	1198.96
703.17	1196.79
703.37	1195.07
703.56	1194.05
703.75	1199.43
703.94	1200.64
704.13	1205.37
704.33	1191.47
704.52	1200.17
704.71	1204.10
704.90	1208.14
705.10	1195.17
705.29	1202.18
705.48	1194.93
705.67	1205.00
705.86	1202.59
706.06	1199.56
706.25	1195.17
706.44	1208.65
706.63	1200.13
706.83	1200.27
707.02	1194.56
707.21	1196.61
707.40	1200.01
707.59	1200.74
707.79	1195.09
707.98	1203.06
708.17	1196.53
708.36	1209.22
708.55	1197.90
708.75	1202.28
708.94	1195.56
709.13	1193.43
709.32	1194.68
709.51	1208.51
709.71	1192.86
709.90	1201.77
710.09	1202.77
710.28	1204.35
710.47	1194.11
710.66	1201.67
710.86	1196.42
711.05	1194.42
711.24	1191.61
711.43	1203.84
711.62	1190.89
711.82	1205.05
712.01	1195.13
712.20	1207.67
712.39	1201.11
712.58	1204.23
712.77	1198.61
712.97	1204.31
713.16	1192.66
713.35	1202.22
713.54	1199.56
713.73	1197.63
713.92	1199.00
714.11	1209.82
714.31	1195.34
714.50	1195.77
714.69	1200.11
714.88	1200.05
715.07	1197.04
715.26	1208.01
715.46	1202.83
715.65	1202.08
715.84	1195.65
716.03	1202.38
716.22	1193.45
716.41	1200.77
716.60	1197.67
716.80	1194.35
716.99	1198.21
717.18	1201.50
717.37	1192.59
717.56	1198.31
717.75	1195.44
717.94	1204.72
718.13	1194.95
718.33	1203.18
718.52	1192.14
718.71	1202.24
718.90	1191.59
719.09	1200.83
719.28	1195.38
719.47	1195.52
719.66	1196.03
719.85	1202.89
720.05	1193.06
720.24	1200.15
720.43	1196.08
720.62	1199.27
720.81	1197.49
721.00	1199.93
721.19	1198.59
721.38	1204.96
721.57	1192.18
721.77	1201.71
721.96	1196.61
722.15	1192.31
722.34	1191.08
722.53	1200.46
722.72	1199.74
722.91	1193.76
723.10	1196.65
723.29	1201.09
723.48	1194.01
723.67	1192.78
723.87	1202.28
724.06	1206.85
724.25	1193.45
724.44	1197.90
724.63	1199.23
724.82	1205.19
725.01	1188.87
725.20	1194.91
725.39	1196.16
725.58	1199.29
725.77	1198.78
725.96	1203.59
726.15	1193.02
726.34	1199.68
726.54	1197.80
726.73	1204.23
726.92	1193.04
727.11	1200.54
727.30	1196.65
727.49	1201.65
727.68	1192.14
727.87	1203.35
728.06	1197.65
728.25	1198.35
728.44	1201.81
728.63	1200.42
728.82	1191.84
729.01	1198.86
729.20	1191.82
729.39	1201.07
729.58	1188.62
729.77	1202.75
729.96	1183.75
730.15	1198.21
730.34	1199.82
730.53	1193.00
730.73	1199.11
730.92	1198.94
731.11	1193.00
731.30	1197.22
731.49	1193.54
731.68	1202.36
731.87	1189.97
732.06	1200.79
732.25	1199.66
732.44	1200.40
732.63	1192.68
732.82	1199.95
733.01	1201.54
733.20	1202.83
733.39	1195.58
733.58	1200.85
733.77	1195.77
733.96	1197.55
734.15	1197.26
734.34	1201.46
734.53	1197.06
734.72	1204.45
734.91	1193.41
735.10	1209.51
735.29	1189.91
735.48	1204.86
735.67	1199.47
735.86	1195.34
736.05	1193.80
736.24	1195.99
736.43	1200.11
736.62	1201.46
736.81	1188.97
737.00	1210.84
737.19	1195.95
737.38	1200.58
737.57	1199.23
737.76	1200.42
737.95	1191.02
738.14	1201.93
738.33	1199.13
738.51	1204.82
738.70	1199.52
738.89	1198.51
739.08	1201.63
739.27	1201.60
739.46	1194.60
739.65	1197.84
739.84	1194.46
740.03	1204.90
740.22	1190.20
740.41	1203.41
740.60	1199.80
740.79	1203.69
740.98	1195.07
741.17	1199.76
741.36	1194.97
741.55	1200.01
741.74	1193.68
741.93	1200.13
742.12	1196.73
742.31	1202.51
742.50	1192.16
742.68	1192.59
742.87	1197.26
743.06	1195.11
743.25	1192.12
743.44	1193.27
743.63	1199.50
743.82	1205.07
744.01	1194.13
744.20	1201.20
744.39	1199.27
744.58	1196.98
744.77	1199.23
744.96	1203.32
745.14	1189.99
745.33	1200.15
745.52	1199.80
745.71	1203.06
745.90	1192.23
746.09	1202.08
746.28	1197.82
746.47	1203.86
746.66	1197.73
746.85	1198.00
747.04	1190.20
747.22	1205.50
747.41	1190.67
747.60	1205.74
747.79	1192.94
747.98	1203.37
748.17	1196.91
748.36	1206.40
748.55	1188.85
748.74	1202.61
748.93	1183.56
749.11	1197.84
749.30	1193.66
749.49	1199.84
749.68	1195.75
749.87	1197.65
750.06	1194.07
750.25	1212.70
750.44	1198.39
750.62	1195.73
750.81	1192.29
751.00	1202.85
751.19	1198.10
751.38	1195.13
751.57	1189.13
751.76	1201.73
751.95	1190.71
752.13	1204.19
752.32	1203.88
752.51	1195.60
752.70	1194.58
752.89	1199.54
753.08	1192.86
753.27	1203.94
753.45	1192.06
753.64	1201.60
753.83	1196.75
754.02	1203.59
754.21	1193.17
754.40	1202.06
754.58	1192.82
754.77	1208.24
754.96	1193.88
755.15	1197.75
755.34	1192.39
755.53	1200.48
755.71	1199.45
755.90	1200.66
756.09	1189.17
756.28	1205.29
756.47	1193.35
756.66	1206.42
756.84	1196.32
757.03	1198.39
757.22	1187.68
757.41	1200.64
757.60	1192.96
757.79	1205.97
757.97	1188.05
758.16	1208.14
758.35	1191.04
758.54	1199.23
758.73	1190.14
758.91	1198.59
759.10	1197.20
759.29	1202.22
759.48	1193.06
759.67	1193.21
759.85	1199.64
760.04	1195.71
760.23	1192.70
760.42	1207.58
760.61	1191.34
760.79	1199.64
760.98	1192.74
761.17	1203.30
761.36	1194.05
761.55	1203.41
761.73	1196.14
761.92	1204.72
762.11	1196.61
762.30	1199.93
762.49	1199.45
762.67	1200.68
762.86	1188.25
763.05	1198.55
763.24	1192.57
763.42	1195.56
763.61	1200.29
763.80	1198.57
763.99	1191.28
764.17	1202.53
764.36	1199.66
764.55	1201.15
764.74	1192.98
764.92	1201.22
765.11	1193.52
765.30	1200.72
765.49	1190.07
765.68	1200.21
765.86	1195.26
766.05	1193.90
766.24	1196.42
766.43	1194.54
766.61	1188.40
766.80	1201.48
766.99	1188.46
767.17	1205.02
767.36	1200.70
767.55	1205.76
767.74	1196.55
767.92	1206.83
768.11	1190.50
768.30	1194.72
768.49	1198.16
768.67	1198.90
768.86	1193.99
769.05	1198.23
769.24	1193.76
769.42	1209.84
769.61	1197.63
769.80	1198.23
769.98	1195.42
770.17	1191.65
770.36	1197.88
770.55	1199.41
770.73	1196.38
770.92	1196.20
771.11	1197.12
771.29	1200.09
771.48	1195.40
771.67	1197.43
771.86	1193.76
772.04	1197.94
772.23	1196.94
772.42	1199.25
772.60	1189.13
772.79	1206.52
772.98	1189.19
773.16	1197.06
773.35	1195.28
773.54	1200.11
773.72	1189.34
773.91	1201.42
774.10	1196.87
774.29	1190.79
774.47	1188.60
774.66	1198.86
774.85	1198.02
775.03	1203.90
775.22	1200.72
775.41	1205.37
775.59	1194.23
775.78	1197.39
775.97	1195.60
776.15	1206.52
776.34	1196.12
776.53	1203.98
776.71	1195.05
776.90	1201.15
777.09	1191.04
777.27	1211.43
777.46	1196.08
777.65	1201.36
777.83	1189.19
778.02	1201.01
778.21	1197.65
778.39	1202.69
778.58	1191.98
778.76	1202.57
778.95	1189.15
779.14	1196.59
779.32	1190.91
779.51	1202.98
779.70	1189.52
779.88	1203.63
780.07	1189.91
780.26	1201.73
780.44	1193.33
780.63	1206.19
780.81	1195.69
781.00	1199.43
781.19	1198.84
781.37	1203.88
781.56	1194.87
781.75	1200.21
781.93	1188.07
782.12	1203.12
782.30	1189.85
782.49	1195.32
782.68	1197.16
782.86	1206.58
783.05	1196.85
783.23	1197.53
783.42	1196.71
783.61	1200.58
783.79	1193.43
783.98	1204.59
784.16	1194.58
784.35	1197.92
784.54	1197.18
784.72	1196.61
784.91	1194.31
785.09	1199.13
785.28	1194.31
785.47	1203.65
785.65	1199.72
785.84	1196.55
786.02	1200.50
786.21	1198.70
786.40	1201.24
786.58	1200.25
786.77	1195.28
786.95	1191.16
787.14	1202.22
787.32	1201.58
787.51	1199.50
787.70	1199.17
787.88	1202.18
788.07	1205.68
788.25	1197.88
788.44	1204.66
788.62	1191.41
788.81	1205.66
789.00	1198.64
789.18	1197.75
789.37	1199.39
789.55	1206.01
789.74	1192.63
789.92	1199.82
790.11	1195.97
790.29	1198.61
790.48	1193.86
790.67	1193.35
790.85	1191.32
791.04	1197.16
791.22	1190.77
791.41	1201.42
791.59	1199.66
791.78	1202.51
791.96	1205.62
792.15	1193.54
792.33	1184.20
792.52	1194.78
792.70	1190.57
792.89	1199.66
793.07	1183.97
793.26	1203.18
793.45	1191.57
793.63	1194.83
793.82	1201.07
794.00	1208.38
794.19	1194.33
794.37	1197.80
794.56	1185.86
794.74	1196.48
794.93	1202.08
795.11	1208.63
795.30	1199.64
795.48	1197.02
795.67	1198.02
795.85	1202.57
796.04	1195.89
796.22	1199.00
796.41	1195.01
796.59	1204.86
796.78	1188.05
796.96	1192.86
797.15	1197.53
797.33	1197.43
797.52	1186.39
797.70	1204.33
797.89	1194.35
798.07	1199.72
798.26	1190.57
798.44	1208.04
798.63	1197.16
798.81	1202.20
798.99	1192.00
799.18	1200.33
799.36	1193.31
799.55	1187.92
799.73	1194.03
799.92	1205.48
800.10	1189.28
800.29	1201.71
800.47	1198.10
800.66	1200.93
800.84	1189.95
801.03	1197.86
801.21	1192.39
801.39	1204.31
801.58	1197.92
801.76	1196.65
801.95	1198.27
802.13	1204.62
802.32	1191.92
802.50	1197.53
802.69	1190.12
802.87	1196.63
803.06	1193.99
803.24	1196.44
803.42	1197.12
803.61	1194.17
803.79	1196.22
803.98	1203.63
804.16	1202.18
804.35	1193.90
804.53	1198.98
804.71	1201.63
804.90	1195.54
805.08	1204.43
805.27	1189.60
805.45	1199.43
805.63	1191.79
805.82	1204.68
806.00	1192.78
806.19	1198.90
806.37	1188.42
806.56	1195.09
806.74	1201.24
806.92	1199.45
807.11	1198.74
807.29	1196.65
807.48	1192.04
807.66	1200.83
807.84	1199.47
808.03	1196.57
808.21	1198.51
808.40	1204.14
808.58	1195.40
808.76	1200.74
808.95	1194.78
809.13	1197.69
809.32	1194.93
809.50	1201.40
809.68	1201.15
809.87	1198.53
810.05	1197.02
810.23	1206.44
810.42	1193.82
810.60	1201.11
810.79	1188.50
810.97	1204.53
811.15	1196.18
811.34	1202.12
811.52	1190.59
811.70	1203.61
811.89	1196.98
812.07	1198.02
812.25	1198.08
812.44	1196.89
812.62	1188.52
812.81	1200.56
812.99	1195.75
813.17	1201.71
813.36	1199.97
813.54	1199.23
813.72	1203.04
813.91	1205.78
814.09	1196.91
814.27	1198.39
814.46	1197.98
814.64	1199.15
814.82	1197.32
815.01	1205.86
815.19	1191.71
815.37	1201.09
815.56	1186.22
815.74	1195.91
815.92	1192.31
816.11	1204.86
816.29	1199.29
816.47	1202.89
816.66	1202.26
816.84	1201.89
817.02	1195.19
817.21	1197.96
817.39	1201.34
817.57	1194.89
817.76	1193.86
817.94	1201.95
818.12	1192.51
818.30	1199.62
818.49	1189.30
818.67	1206.93
818.85	1191.86
819.04	1199.86
819.22	1194.54
819.40	1204.45
819.59	1197.18
819.77	1207.01
819.95	1194.50
820.13	1203.18
820.32	1196.67
820.50	1200.27
820.68	1192.82
820.87	1205.00
821.05	1198.72
821.23	1196.57
821.41	1191.67
821.60	1202.63
821.78	1191.73
821.96	1202.32
822.14	1191.79
822.33	1200.27
822.51	1193.58
822.69	1203.22
822.88	1198.12
823.06	1197.08
823.24	1194.72
823.42	1204.49
823.61	1191.61
823.79	1201.01
823.97	1191.88
824.15	1198.61
824.34	1200.81
824.52	1200.46
824.70	1193.97
824.88	1205.97
825.07	1186.65
825.25	1197.96
825.43	1194.33
825.61	1205.41
825.80	1193.25
825.98	1208.92
826.16	1194.62
826.34	1198.45
826.53	1196.28
826.71	1200.68
826.89	1204.12
827.07	1200.48
827.25	1201.89
827.44	1208.01
827.62	1202.34
827.80	1201.22
827.98	1189.87
828.17	1196.75
828.35	1198.16
828.53	1209.65
828.71	1188.35
828.89	1201.11
829.08	1191.22
829.26	1206.36
829.44	1193.43
829.62	1198.29
829.80	1190.65
829.99	1197.26
830.17	1188.13
830.35	1207.03
830.53	1188.93
830.71	1204.53
830.90	1189.34
831.08	1197.30
831.26	1194.42
831.44	1200.95
831.62	1198.68
831.81	1202.18
831.99	1189.07
832.17	1202.51
832.35	1197.78
832.53	1202.44
832.71	1193.17
832.90	1193.25
833.08	1197.30
833.26	1199.80
833.44	1191.55
833.62	1199.78
833.81	1192.20
833.99	1191.41
834.17	1189.03
834.35	1199.60
834.53	1193.88
834.71	1198.39
834.89	1194.60
835.08	1201.50
835.26	1192.04
835.44	1196.71
835.62	1193.92
835.80	1197.98
835.98	1195.26
836.17	1202.87
836.35	1197.94
836.53	1200.70
836.71	1199.39
836.89	1195.52
837.07	1196.24
837.25	1205.05
837.44	1194.81
837.62	1194.72
837.80	1187.76
837.98	1201.77
838.16	1195.89
838.34	1206.42
838.52	1201.07
838.70	1204.00
838.89	1189.30
839.07	1207.73
839.25	1185.73
839.43	1200.52
839.61	1187.58
839.79	1207.56
839.97	1197.12
840.15	1201.63
840.33	1192.06
840.52	1193.37
840.70	1192.39
840.88	1202.03
841.06	1194.48
841.24	1200.36
841.42	1191.59
841.60	1197.67
841.78	1200.66
841.96	1195.32
842.14	1203.04
842.33	1200.91
842.51	1191.59
842.69	1193.33
842.87	1191.30
843.05	1201.75
843.23	1197.78
843.41	1199.13
843.59	1193.92
843.77	1201.97
843.95	1192.53
844.13	1194.01
844.31	1192.06
844.49	1200.97
844.68	1197.08
844.86	1198.00
845.04	1194.52
845.22	1197.30
845.40	1198.39
845.58	1204.80
845.76	1197.63
845.94	1195.40
846.12	1187.60
846.30	1205.84
846.48	1195.85
846.66	1199.84
846.84	1194.42
847.02	1200.62
847.20	1193.29
847.38	1200.54
847.56	1193.37
847.74	1206.23
847.92	1193.37
848.11	1199.27
848.29	1197.63
848.47	1198.27
848.65	1195.77
848.83	1196.14
849.01	1198.41
849.19	1199.11
849.37	1191.67
849.55	1201.34
849.73	1199.50
849.91	1201.69
850.09	1189.05
850.27	1200.19
850.45	1196.03
850.63	1196.75
850.81	1194.23
850.99	1192.74
851.17	1194.64
851.35	1201.42
851.53	1192.39
851.71	1197.51
851.89	1204.72
852.07	1205.80
852.25	1194.76
852.43	1198.98
852.61	1189.52
852.79	1201.85
852.97	1193.56
853.15	1201.69
853.33	1197.10
853.51	1198.21
853.69	1197.12
853.87	1201.15
854.05	1192.74
854.23	1196.57
854.41	1198.68
854.59	1201.87
854.77	1196.14
854.95	1195.81
855.13	1186.51
855.31	1207.89
855.49	1200.11
855.67	1195.30
855.84	1189.05
856.02	1199.21
856.20	1193.11
856.38	1195.26
856.56	1194.03
856.74	1204.68
856.92	1192.88
857.10	1193.52
857.28	1191.12
857.46	1200.42
857.64	1188.52
857.82	1199.58
858.00	1193.92
858.18	1200.33
858.36	1194.05
858.54	1202.61
858.72	1200.44
858.90	1202.36
859.08	1198.47
859.25	1201.56
859.43	1193.84
859.61	1195.71
859.79	1195.89
859.97	1197.71
860.15	1192.61
860.33	1195.13
860.51	1193.62
860.69	1203.39
860.87	1183.85
861.05	1201.60
861.23	1192.55
861.41	1198.49
861.58	1191.71
861.76	1197.98
861.94	1196.61
862.12	1199.23
862.30	1196.57
862.48	1196.55
862.66	1189.50
862.84	1202.73
863.02	1195.17
863.20	1197.18
863.37	1192.92
863.55	1190.87
863.73	1200.21
863.91	1202.79
864.09	1197.49
864.27	1198.98
864.45	1188.27
864.63	1199.74
864.80	1195.05
864.98	1206.58
865.16	1197.63
865.34	1198.53
865.52	1191.86
865.70	1203.80
865.88	1192.39
866.06	1195.44
866.23	1193.02
866.41	1196.14
866.59	1196.20
866.77	1200.38
866.95	1195.81
867.13	1203.20
867.31	1193.80
867.48	1202.96
867.66	1196.89
867.84	1193.09
868.02	1192.94
868.20	1203.86
868.38	1202.06
868.56	1202.44
868.73	1194.54
868.91	1196.71
869.09	1194.13
869.27	1195.09
869.45	1194.27
869.63	1206.09
869.80	1190.16
869.98	1208.38
870.16	1195.54
870.34	1195.75
870.52	1193.86
870.70	1194.83
870.87	1195.22
871.05	1194.76
871.23	1197.06
871.41	1201.63
871.59	1191.77
871.76	1195.48
871.94	1193.62
872.12	1202.57
872.30	1186.41
872.48	1200.91
872.65	1194.03
872.83	1203.51
873.01	1186.88
873.19	1195.09
873.37	1197.39
873.54	1205.45
873.72	1194.76
873.90	1197.63
874.08	1197.22
874.26	1198.55
874.43	1192.16
874.61	1199.41
874.79	1199.54
874.97	1199.29
875.15	1193.35
875.32	1206.23
875.50	1196.57
875.68	1205.78
875.86	1193.86
876.03	1200.83
876.21	1195.32
876.39	1204.33
876.57	1195.38
876.74	1202.94
876.92	1190.44
877.10	1189.85
877.28	1196.38
877.45	1197.12
877.63	1189.03
877.81	1202.24
877.99	1185.34
878.17	1199.88
878.34	1192.66
878.52	1197.24
878.70	1192.47
878.87	1204.51
879.05	1190.69
879.23	1205.45
879.41	1199.23
879.58	1202.18
879.76	1196.28
879.94	1195.01
880.12	1190.38
880.29	1199.13
880.47	1197.59
880.65	1203.49
880.83	1184.16
881.00	1194.03
881.18	1194.33
881.36	1189.48
881.53	1190.07
881.71	1196.44
881.89	1193.66
882.07	1198.88
882.24	1196.57
882.42	1206.03
882.60	1201.54
882.77	1200.85
882.95	1188.78
883.13	1205.97
883.30	1199.76
883.48	1200.72
883.66	1195.19
883.84	1202.30
884.01	1193.76
884.19	1200.99
884.37	1195.32
884.54	1203.24
884.72	1197.39
884.90	1199.50
885.07	1195.56
885.25	1201.99
885.43	1194.85
885.60	1195.79
885.78	1189.91
885.96	1207.22
886.13	1196.32
886.31	1200.21
886.49	1196.22
886.66	1203.90
886.84	1203.32
887.02	1199.66
887.19	1187.47
887.37	1194.50
887.55	1191.18
887.72	1200.93
887.90	1199.02
888.08	1203.84
888.25	1188.68
888.43	1203.32
888.61	1189.73
888.78	1202.57
888.96	1195.87
889.14	1198.21
889.31	1192.88
889.49	1195.77
889.67	1197.75
889.84	1208.36
890.02	1192.96
890.19	1199.86
890.37	1188.27
890.55	1201.69
890.72	1197.00
890.90	1200.93
891.08	1194.15
891.25	1198.82
891.43	1195.99
891.60	1193.49
891.78	1190.55
891.96	1204.94
892.13	1188.60
892.31	1200.74
892.48	1200.03
892.66	1196.85
892.84	1194.78
893.01	1204.72
893.19	1196.40
893.36	1198.08
893.54	1195.30
893.72	1198.94
893.89	1194.33
894.07	1203.76
894.24	1194.58
894.42	1219.24
894.60	1194.40
894.77	1200.29
894.95	1193.45
895.12	1203.45
895.30	1187.60
895.48	1195.83
895.65	1192.41
895.83	1202.87
896.00	1197.28
896.18	1201.46
896.35	1194.81
896.53	1198.72
896.71	1198.96
896.88	1199.11
897.06	1195.81
897.23	1198.04
897.41	1196.24
897.58	1202.46
897.76	1187.66
897.93	1201.22
898.11	1191.88
898.29	1193.74
898.46	1190.01
898.64	1204.14
898.81	1195.34
898.99	1198.88
899.16	1195.40
899.34	1192.53
899.51	1198.37
899.69	1210.27
899.86	1195.81
900.04	1201.67
900.21	1194.54
900.39	1198.00
900.57	1196.69
900.74	1203.35
900.92	1191.98
901.09	1199.13
901.27	1188.17
901.44	1199.23
901.62	1189.13
901.79	1206.01
901.97	1191.86
902.14	1196.67
902.32	1193.97
902.49	1197.20
902.67	1192.33
902.84	1206.95
903.02	1189.36
903.19	1198.06
903.37	1188.72
903.54	1201.26
903.72	1186.33
903.89	1201.99
904.07	1195.01
904.24	1205.74
904.42	1196.87
904.59	1210.39
904.77	1189.95
904.94	1204.62
905.12	1191.00
905.29	1198.76
905.47	1200.13
905.64	1201.67
905.82	1194.31
905.99	1195.65
906.16	1191.75
906.34	1202.81
906.51	1195.34
906.69	1205.17
906.86	1195.83
907.04	1196.85
907.21	1190.28
907.39	1200.21
907.56	1187.60
907.74	1205.19
907.91	1197.84
908.09	1195.05
908.26	1198.72
908.43	1200.58
908.61	1196.48
908.78	1208.12
908.96	1194.29
909.13	1204.41
909.31	1193.76
909.48	1197.02
909.65	1195.73
909.83	1202.22
910.00	1193.41
910.18	1201.75
910.35	1189.38
910.53	1196.83
910.70	1191.41
910.87	1196.63
911.05	1196.42
911.22	1195.85
911.40	1195.22
911.57	1202.01
911.75	1199.29
911.92	1197.67
912.09	1200.54
912.27	1209.14
912.44	1193.27
912.62	1198.53
912.79	1198.90
912.96	1198.06
913.14	1195.69
913.31	1200.77
913.49	1196.87
913.66	1202.71
913.83	1195.67
914.01	1202.49
914.18	1201.67
914.36	1202.12
914.53	1194.68
914.70	1201.91
914.88	1196.48
915.05	1204.08
915.22	1193.29
915.40	1200.68
915.57	1190.87
915.75	1201.69
915.92	1194.21
916.09	1200.50
916.27	1195.87
916.44	1200.70
916.61	1192.23
916.79	1198.80
916.96	1196.91
917.13	1196.53
917.31	1195.54
917.48	1202.77
917.66	1190.57
917.83	1202.30
918.00	1199.41
918.18	1200.54
918.35	1186.39
918.52	1195.87
918.70	1195.34
918.87	1199.97
919.04	1187.37
919.22	1211.68
919.39	1196.87
919.56	1199.88
919.74	1197.63
919.91	1199.60
920.08	1192.74
920.26	1199.02
920.43	1198.33
920.60	1202.38
920.78	1200.09
920.95	1196.51
921.12	1193.49
921.29	1205.27
921.47	1190.75
921.64	1195.54
921.81	1192.43
921.99	1199.39
922.16	1194.40
922.33	1199.68
922.51	1194.25
922.68	1197.98
922.85	1195.87
923.03	1207.18
923.20	1198.59
923.37	1199.97
923.54	1193.27
923.72	1206.34
923.89	1191.79
924.06	1198.90
924.24	1189.21
924.41	1200.87
924.58	1192.35
924.75	1209.02
924.93	1188.42
925.10	1200.48
925.27	1199.33
925.44	1200.66
925.62	1191.30
925.79	1199.90
925.96	1197.63
926.14	1195.58
926.31	1193.29
926.48	1200.31
926.65	1198.70
926.83	1201.63
927.00	1195.56
927.17	1202.85
927.34	1191.41
927.52	1196.34
927.69	1196.08
927.86	1204.33
928.03	1193.68
928.21	1202.75
928.38	1194.56
928.55	1207.07
928.72	1195.91
928.89	1199.29
929.07	1194.48
929.24	1198.72
929.41	1194.35
929.58	1195.75
929.76	1184.91
929.93	1203.57
930.10	1187.70
930.27	1197.69
930.44	1195.22
930.62	1196.94
930.79	1192.16
930.96	1206.11
931.13	1196.55
931.31	1202.32
931.48	1194.50
931.65	1195.05
931.82	1192.08
931.99	1199.99
932.17	1190.87
932.34	1197.16
932.51	1195.60
932.68	1202.53
932.85	1197.65
933.03	1196.44
933.20	1197.82
933.37	1202.03
933.54	1194.46
933.71	1196.12
933.88	1198.37
934.06	1197.08
934.23	1193.92
934.40	1205.50
934.57	1198.02
934.74	1206.09
934.91	1197.92
935.09	1196.46
935.26	1196.94
935.43	1204.70
935.60	1188.60
935.77	1198.96
935.94	1193.62
936.12	1203.61
936.29	1189.67
936.46	1197.80
936.63	1199.50
936.80	1200.03
936.97	1187.31
937.14	1201.01
937.32	1197.57
937.49	1200.25
937.66	1195.65
937.83	1195.71
938.00	1190.36
938.17	1198.74
938.34	1194.54
938.52	1203.10
938.69	1191.28
938.86	1204.72
939.03	1192.84
939.20	1203.37
939.37	1188.76
939.54	1200.44
939.71	1195.05
939.89	1203.22
940.06	1199.64
940.23	1203.55
940.40	1191.49
940.57	1202.46
940.74	1201.24
940.91	1197.90
941.08	1194.13
941.25	1197.71
941.43	1195.32
941.60	1199.47
941.77	1189.69
941.94	1201.58
942.11	1186.88
942.28	1207.26
942.45	1194.48
942.62	1201.95
942.79	1202.96
942.96	1199.62
943.13	1194.05
943.30	1198.88
943.48	1190.01
943.65	1201.63
943.82	1194.19
943.99	1203.37
944.16	1195.26
944.33	1197.59
944.50	1196.30
944.67	1198.45
944.84	1183.07
945.01	1192.78
945.18	1195.24
945.35	1201.24
945.52	1195.62
945.69	1195.24
945.86	1198.08
946.03	1202.71
946.21	1191.34
946.38	1197.67
946.55	1200.38
946.72	1210.57
946.89	1194.66
947.06	1194.85
947.23	1199.93
947.40	1191.59
947.57	1191.51
947.74	1208.10
947.91	1199.39
948.08	1207.85
948.25	1194.44
948.42	1196.81
948.59	1195.50
948.76	1195.89
948.93	1192.86
949.10	1196.63
949.27	1198.98
949.44	1200.97
949.61	1195.01
949.78	1193.39
949.95	1197.53
950.12	1194.99
950.29	1187.82
950.46	1197.10
950.63	1199.76
950.80	1204.31
950.97	1182.37
951.14	1202.98
951.31	1192.02
951.48	1201.97
951.65	1198.02
951.82	1196.81
951.99	1192.49
952.16	1204.45
952.33	1200.03
952.50	1193.52
952.67	1194.15
952.84	1203.18
953.01	1192.33
953.18	1198.12
953.35	1202.77
953.52	1199.13
953.69	1193.43
953.86	1201.07
954.03	1196.65
954.20	1201.99
954.37	1195.54
954.54	1199.62
954.70	1191.47
954.87	1198.51
955.04	1194.27
955.21	1196.85
955.38	1198.55
955.55	1200.46
955.72	1203.78
955.89	1198.47
956.06	1197.00
956.23	1205.70
956.40	1195.67
956.57	1197.53
956.74	1196.89
956.91	1206.05
957.08	1191.43
957.25	1197.37
957.41	1196.38
957.58	1193.84
957.75	1191.63
957.92	1193.11
958.09	1194.74
958.26	1203.37
958.43	1198.18
958.60	1203.86
958.77	1199.19
958.94	1201.71
959.11	1197.84
959.27	1207.58
959.44	1190.38
959.61	1201.34
959.78	1195.73
959.95	1200.74
960.12	1194.68
960.29	1209.71
960.46	1192.57
960.63	1200.52
960.80	1191.86
960.96	1201.01
961.13	1189.77
961.30	1198.98
961.47	1192.27
961.64	1209.12
961.81	1197.47
961.98	1194.93
962.15	1187.23
962.31	1200.50
962.48	1193.43
962.65	1202.36
962.82	1189.13
962.99	1210.02
963.16	1190.85
963.33	1202.67
963.49	1189.48
963.66	1201.15
963.83	1189.58
964.00	1196.85
964.17	1184.77
964.34	1193.78
964.51	1191.39
964.67	1203.53
964.84	1196.32
965.01	1218.58
965.18	1184.09
965.35	1202.36
965.52	1194.66
965.68	1199.95
965.85	1194.83
966.02	1197.12
966.19	1204.90
966.36	1202.75
966.52	1193.23
966.69	1200.05
966.86	1186.37
967.03	1198.64
967.20	1194.64
967.37	1202.92
967.53	1198.96
967.70	1201.81
967.87	1196.63
968.04	1204.64
968.21	1192.23
968.37	1202.92
968.54	1192.70
968.71	1198.29
968.88	1191.00
969.05	1206.05
969.21	1197.41
969.38	1203.43
969.55	1193.06
969.72	1205.54
969.89	1192.88
970.05	1192.63
970.22	1197.00
970.39	1200.99
970.56	1194.68
970.72	1198.72
970.89	1199.62
971.06	1201.05
971.23	1193.41
971.39	1200.77
971.56	1194.89
971.73	1199.41
971.90	1188.19
972.07	1195.36
972.23	1194.03
972.40	1202.24
972.57	1195.87
972.74	1206.36
972.90	1197.71
973.07	1194.64
973.24	1192.66
973.40	1197.32
973.57	1194.78
973.74	1201.24
973.91	1192.84
974.07	1204.53
974.24	1188.31
974.41	1198.55
974.58	1202.63
974.74	1200.56
974.91	1193.95
975.08	1198.92
975.25	1200.42
975.41	1199.27
975.58	1193.43
975.75	1201.07
975.91	1191.94
976.08	1201.56
976.25	1190.12
976.42	1197.92
976.58	1198.29
976.75	1199.02
976.92	1192.08
977.08	1192.12
977.25	1197.47
977.42	1200.07
977.58	1196.24
977.75	1198.39
977.92	1192.14
978.08	1194.72
978.25	1195.15
978.42	1195.85
978.59	1202.32
978.75	1205.97
978.92	1196.05
979.09	1204.19
979.25	1196.20
979.42	1200.03
979.59	1191.94
979.75	1196.44
979.92	1194.19
980.09	1202.14
980.25	1199.86
980.42	1198.18
980.59	1195.79
980.75	1198.23
980.92	1198.39
981.09	1200.31
981.25	1196.08
981.42	1197.10
981.59	1196.14
981.75	1201.24
981.92	1199.17
982.08	1191.51
982.25	1191.39
982.42	1201.81
982.58	1192.94
982.75	1202.49
982.92	1197.43
983.08	1196.51
983.25	1197.18
983.42	1198.29
983.58	1195.87
983.75	1197.82
983.91	1189.56
984.08	1203.41
984.25	1194.13
984.41	1198.61
984.58	1196.67
984.74	1200.23
984.91	1191.82
985.08	1209.80
985.24	1197.14
985.41	1204.92
985.57	1191.53
985.74	1196.94
985.91	1196.51
986.07	1203.84
986.24	1190.77
986.40	1198.86
986.57	1196.81
986.74	1198.43
986.90	1195.07
987.07	1201.09
987.23	1195.56
987.40	1208.51
987.57	1206.75
987.73	1199.66
987.90	1187.78
988.06	1193.99
988.23	1198.53
988.39	1196.81
988.56	1196.96
988.73	1202.83
988.89	1192.61
989.06	1203.86
989.22	1191.82
989.39	1198.37
989.55	1188.85
989.72	1201.91
989.88	1198.12
990.05	1195.99
990.22	1193.64
990.38	1197.51
990.55	1190.07
990.71	1196.75
990.88	1186.39
991.04	1203.20
991.21	1191.57
991.37	1199.72
991.54	1193.99
991.70	1204.70
991.87	1189.17
992.03	1198.00
992.20	1202.38
992.36	1199.90
992.53	1198.10
992.69	1197.02
992.86	1183.38
993.03	1203.63
993.19	1196.01
993.36	1205.52
993.52	1188.03
993.69	1204.25
993.85	1196.38
994.02	1196.48
994.18	1191.26
994.35	1206.79
994.51	1192.66
994.68	1194.60
994.84	1197.16
995.01	1201.81
995.17	1191.43
995.34	1208.44
995.50	1189.91
995.66	1200.89
995.83	1198.98
995.99	1195.17
996.16	1192.31
996.32	1195.67
996.49	1192.47
996.65	1202.69
996.82	1192.45
996.98	1202.38
997.15	1196.85
997.31	1201.13
997.48	1194.19
997.64	1191.69
997.81	1196.22
997.97	1202.89
998.13	1190.18
998.30	1203.82
998.46	1194.74
998.63	1201.05
998.79	1198.68
998.96	1200.17
999.12	1190.65
999.29	1203.16
999.45	1196.65
999.61	1195.85
999.78	1195.42
999.94	1198.98
1000.11	1198.10
1000.27	1202.22
1000.44	1201.15
1000.60	1203.16
1000.76	1191.67
1000.93	1202.38
1001.09	1203.08
1001.26	1207.93
1001.42	1194.68
1001.59	1207.01
1001.75	1190.69
1001.91	1199.84
1002.08	1191.14
1002.24	1203.26
1002.41	1197.75
1002.57	1206.83
1002.73	1190.36
1002.90	1199.74
1003.06	1193.43
1003.23	1205.31
1003.39	1191.96
1003.55	1203.65
1003.72	1183.54
1003.88	1200.23
1004.04	1196.91
1004.21	1199.17
1004.37	1194.23
1004.54	1200.23
1004.70	1187.15
1004.86	1198.45
1005.03	1197.51
1005.19	1203.26
1005.35	1191.61
1005.52	1195.93
1005.68	1203.41
1005.85	1199.62
1006.01	1190.20
1006.17	1199.93
1006.34	1196.28
1006.50	1202.34
1006.66	1198.23
1006.83	1201.75
1006.99	1197.22
1007.15	1201.20
1007.32	1199.84
1007.48	1198.43
1007.64	1198.76
1007.81	1201.95
1007.97	1193.99
1008.13	1200.87
1008.30	1196.63
1008.46	1205.39
1008.62	1196.53
1008.79	1202.85
1008.95	1195.62
1009.11	1204.41
1009.28	1200.05
1009.44	1198.27
1009.60	1192.88
1009.77	1200.13
1009.93	1199.25
1010.09	1198.04
1010.25	1193.72
1010.42	1197.80
1010.58	1190.01
1010.74	1195.44
1010.91	1196.18
1011.07	1200.38
1011.23	1196.01
1011.40	1197.00
1011.56	1194.35
1011.72	1202.24
1011.88	1200.21
1012.05	1206.19
1012.21	1196.10
1012.37	1189.44
1012.54	1196.89
1012.70	1206.38
1012.86	1200.42
1013.02	1202.24
1013.19	1198.02
1013.35	1193.41
1013.51	1197.94
1013.67	1199.21
1013.84	1193.74
1014.00	1207.15
1014.16	1190.44
1014.33	1205.68
1014.49	1195.22
1014.65	1201.32
1014.81	1188.95
1014.98	1198.41
1015.14	1196.10
1015.30	1196.24
1015.46	1198.29
1015.62	1197.57
1015.79	1192.61
1015.95	1194.40
1016.11	1193.33
1016.27	1195.91
1016.44	1196.01
1016.60	1203.18
1016.76	1196.83
1016.92	1202.83
1017.09	1197.96
1017.25	1193.17
1017.41	1191.39
1017.57	1201.09
1017.73	1196.75
1017.90	1197.88
1018.06	1192.70
1018.22	1208.34
1018.38	1193.29
1018.54	1196.22
1018.71	1190.85
1018.87	1194.19
1019.03	1200.64
1019.19	1204.02
1019.35	1191.53
1019.52	1205.19
1019.68	1192.90
1019.84	1206.44
1020.00	1198.82
1020.16	1204.39
1020.33	1191.59
1020.49	1198.27
1020.65	1187.76
1020.81	1208.08
1020.97	1197.88
1021.13	1205.37
1021.30	1197.24
1021.46	1204.00
1021.62	1188.48
1021.78	1196.34
1021.94	1197.39
1022.10	1194.95
1022.27	1196.36
1022.43	1194.64
1022.59	1191.61
1022.75	1201.75
1022.91	1197.02
1023.07	1203.69
1023.24	1192.57
1023.40	1204.74
1023.56	1192.86
1023.72	1195.85
1023.88	1192.98
1024.04	1202.83
1024.20	1194.99
1024.36	1205.27
1024.53	1198.29
1024.69	1192.82
1024.85	1193.99
1025.01	1203.80
1025.17	1189.17
1025.33	1205.25
1025.49	1186.70
1025.65	1200.05
1025.82	1188.50
1025.98	1211.74
1026.14	1191.96
1026.30	1194.81
1026.46	1200.66
1026.62	1201.95
1026.78	1193.29
1026.94	1202.75
1027.10	1186.39
1027.26	1200.74
1027.43	1197.12
1027.59	1206.01
1027.75	1193.43
1027.91	1201.05
1028.07	1187.92
1028.23	1196.63
1028.39	1194.54
1028.55	1196.22
1028.71	1200.44
1028.87	1195.77
1029.03	1197.26
1029.19	1201.63
1029.36	1190.30
1029.52	1197.43
1029.68	1198.49
1029.84	1200.13
1030.00	1204.37
1030.16	1197.69
1030.32	1194.68
1030.48	1198.35
1030.64	1189.09
1030.80	1211.05
1030.96	1193.97
1031.12	1200.89
1031.28	1198.18
1031.44	1201.73
1031.60	1194.52
1031.76	1201.67
1031.92	1194.11
1032.08	1211.43
1032.24	1192.51
1032.40	1199.84
1032.56	1196.12
1032.73	1211.27
1032.89	1198.18
1033.05	1194.13
1033.21	1196.14
1033.37	1197.82
1033.53	1192.31
1033.69	1194.13
1033.85	1197.32
1034.01	1201.87
1034.17	1196.57
1034.33	1202.08
1034.49	1198.08
1034.65	1194.52
1034.81	1199.66
1034.97	1201.01
1035.13	1194.48
1035.29	1199.50
1035.45	1186.57
1035.61	1202.24
1035.77	1198.14
1035.93	1202.28
1036.09	1196.08
1036.25	1197.92
1036.41	1202.10
1036.57	1205.70
1036.73	1193.27
1036.88	1204.33
1037.04	1191.49
