345.52	1197.51
345.73	1197.51
345.94	1197.51
346.16	1200.60
346.37	1202.30
346.58	1202.26
346.79	1215.82
347.00	1197.80
347.22	1200.48
347.43	1198.29
347.64	1212.38
347.85	1206.42
348.06	1202.42
348.28	1205.37
348.49	1203.22
348.70	1197.24
348.91	1211.19
349.12	1197.94
349.34	1211.11
349.55	1198.72
349.76	1205.74
349.97	1199.54
350.18	1205.25
350.40	1200.40
350.61	1208.77
350.82	1198.86
351.03	1209.55
351.24	1200.33
351.46	1204.94
351.67	1205.27
351.88	1197.04
352.09	1208.44
352.30	1211.27
352.51	1201.60
352.73	1214.47
352.94	1205.70
353.15	1207.24
353.36	1203.35
353.57	1210.80
353.79	1205.97
354.00	1207.73
354.21	1203.88
354.42	1217.85
354.63	1201.46
354.84	1211.89
355.06	1205.72
355.27	1204.23
355.48	1203.84
355.69	1204.31
355.90	1203.71
356.11	1209.26
356.33	1202.55
356.54	1216.72
356.75	1206.87
356.96	1211.23
357.17	1199.88
357.38	1202.49
357.60	1203.18
357.81	1209.28
358.02	1200.27
358.23	1215.02
358.44	1204.70
358.65	1206.46
358.87	1205.25
359.08	1207.03
359.29	1204.82
359.50	1205.95
359.71	1204.62
359.92	1209.39
360.13	1205.80
360.35	1212.19
360.56	1200.58
360.77	1205.21
360.98	1200.85
361.19	1210.23
361.40	1205.23
361.62	1205.00
361.83	1196.89
362.04	1210.12
362.25	1204.35
362.46	1207.26
362.67	1204.39
362.88	1210.76
363.10	1203.71
363.31	1206.75
363.52	1204.66
363.73	1208.85
363.94	1207.89
364.15	1216.17
364.36	1197.12
364.57	1210.76
364.79	1196.26
365.00	1209.43
365.21	1208.26
365.42	1212.07
365.63	1202.28
365.84	1211.95
366.05	1208.30
366.27	1212.03
366.48	1200.62
366.69	1208.53
366.90	1203.61
367.11	1209.80
367.32	1209.78
367.53	1211.74
367.74	1202.83
367.95	1207.24
368.17	1202.71
368.38	1206.52
368.59	1209.14
368.80	1212.46
369.01	1203.92
369.22	1209.63
369.43	1205.11
369.64	1210.47
369.86	1202.79
370.07	1209.37
370.28	1208.18
370.49	1213.46
370.70	1203.00
370.91	1207.03
371.12	1201.26
371.33	1207.44
371.54	1203.63
371.76	1206.85
371.97	1207.67
372.18	1209.31
372.39	1208.49
372.60	1209.49
372.81	1204.27
373.02	1208.22
373.23	1201.11
373.44	1216.21
373.65	1200.91
373.87	1209.49
374.08	1200.09
374.29	1208.10
374.50	1200.36
374.71	1199.68
374.92	1213.52
375.13	1207.91
375.34	1205.72
375.55	1214.53
375.76	1200.50
375.97	1214.10
376.19	1208.90
376.40	1213.01
376.61	1203.45
376.82	1211.23
377.03	1206.34
377.24	1217.56
377.45	1202.81
377.66	1209.84
377.87	1208.26
378.08	1216.08
378.29	1200.81
378.50	1209.74
378.71	1200.50
378.93	1210.00
379.14	1204.08
379.35	1213.13
379.56	1208.51
379.77	1210.88
379.98	1202.38
380.19	1212.77
380.40	1208.10
380.61	1214.49
380.82	1208.92
381.03	1213.89
381.24	1199.52
381.45	1210.76
381.66	1203.76
381.88	1216.64
382.09	1206.77
382.30	1217.03
382.51	1198.96
382.72	1207.20
382.93	1208.98
383.14	1208.65
383.35	1204.98
383.56	1215.76
383.77	1202.32
383.98	1209.00
384.19	1205.84
384.40	1214.69
384.61	1199.99
384.82	1211.89
385.03	1209.59
385.24	1210.06
385.45	1215.55
385.67	1208.42
385.88	1204.19
386.09	1211.84
386.30	1207.46
386.51	1215.94
386.72	1199.56
386.93	1203.84
387.14	1205.84
387.35	1213.36
387.56	1206.68
387.77	1216.17
387.98	1202.28
388.19	1212.87
388.40	1202.75
388.61	1210.43
388.82	1205.64
389.03	1218.73
389.24	1207.15
389.45	1215.10
389.66	1205.60
389.87	1214.73
390.08	1211.56
390.29	1215.00
390.50	1199.45
390.71	1219.95
390.92	1206.66
391.13	1208.34
391.34	1211.39
391.55	1220.53
391.76	1205.17
391.98	1201.58
392.19	1207.73
392.40	1212.13
392.61	1212.42
392.82	1214.67
393.03	1205.25
393.24	1212.70
393.45	1206.01
393.66	1213.83
393.87	1208.44
394.08	1214.65
394.29	1207.67
394.50	1208.08
394.71	1201.20
394.92	1216.90
395.13	1205.91
395.34	1206.44
395.55	1212.50
395.76	1217.09
395.97	1212.77
396.18	1213.18
396.39	1210.35
396.60	1218.25
396.81	1211.48
397.02	1206.87
397.23	1204.47
397.44	1218.46
397.65	1209.74
397.86	1211.93
398.07	1205.80
398.28	1212.68
398.49	1205.74
398.70	1212.64
398.91	1209.86
399.12	1210.41
399.33	1207.75
399.54	1212.30
399.75	1209.35
399.96	1210.25
400.17	1206.52
400.38	1213.07
400.59	1200.19
400.80	1211.35
401.01	1202.22
401.22	1212.58
401.42	1201.81
401.63	1209.47
401.84	1210.86
402.05	1215.24
402.26	1207.79
402.47	1210.53
402.68	1200.91
402.89	1208.98
403.10	1203.43
403.31	1213.48
403.52	1209.26
403.73	1219.34
403.94	1207.09
404.15	1216.76
404.36	1205.99
404.57	1220.04
404.78	1195.54
404.99	1215.02
405.20	1208.12
405.41	1209.10
405.62	1196.38
405.83	1211.62
406.04	1212.11
406.25	1212.46
406.46	1204.98
406.67	1214.79
406.88	1204.04
407.09	1212.25
407.30	1212.42
407.50	1214.53
407.71	1204.70
407.92	1212.23
408.13	1212.68
408.34	1211.48
408.55	1209.08
408.76	1210.10
408.97	1217.62
409.18	1209.67
409.39	1203.51
409.60	1215.90
409.81	1201.38
410.02	1210.82
410.23	1200.40
410.44	1212.34
410.65	1198.49
410.86	1209.10
411.07	1207.48
411.27	1215.82
411.48	1215.43
411.69	1210.98
411.90	1206.85
412.11	1219.52
412.32	1199.54
412.53	1209.96
412.74	1214.79
412.95	1208.08
413.16	1209.71
413.37	1210.21
413.58	1206.40
413.79	1206.44
414.00	1199.80
414.20	1214.20
414.41	1203.80
414.62	1214.40
414.83	1212.62
415.04	1213.54
415.25	1205.66
415.46	1213.71
415.67	1207.28
415.88	1209.22
416.09	1210.49
416.30	1211.03
416.51	1203.41
416.71	1213.09
416.92	1205.13
417.13	1212.25
417.34	1203.37
417.55	1209.98
417.76	1199.04
417.97	1207.46
418.18	1207.46
418.39	1211.87
418.60	1212.07
418.81	1203.90
419.01	1199.64
419.22	1216.64
419.43	1205.80
419.64	1211.64
419.85	1209.00
420.06	1209.59
420.27	1207.40
420.48	1214.12
420.69	1202.32
420.90	1213.07
421.10	1211.50
421.31	1208.10
421.52	1203.43
421.73	1204.68
421.94	1205.80
422.15	1213.61
422.36	1203.06
422.57	1209.78
422.78	1207.36
422.98	1205.95
423.19	1212.85
423.40	1221.96
423.61	1211.60
423.82	1210.29
424.03	1202.36
424.24	1208.73
424.45	1206.70
424.65	1210.60
424.86	1200.15
425.07	1208.42
425.28	1205.19
425.49	1209.35
425.70	1210.57
425.91	1215.35
426.12	1205.78
426.32	1207.61
426.53	1205.09
426.74	1209.94
426.95	1199.31
427.16	1212.36
427.37	1206.66
427.58	1216.60
427.78	1211.78
427.99	1217.23
428.20	1207.18
428.41	1216.66
428.62	1205.91
428.83	1213.16
429.04	1210.49
429.24	1213.18
429.45	1208.59
429.66	1210.25
429.87	1213.97
430.08	1209.65
430.29	1204.14
430.50	1208.90
430.70	1203.00
430.91	1206.89
431.12	1204.92
431.33	1206.93
431.54	1203.61
431.75	1219.95
431.96	1206.66
432.16	1211.17
432.37	1206.72
432.58	1214.51
432.79	1207.01
433.00	1209.90
433.21	1208.71
433.41	1204.74
433.62	1207.01
433.83	1211.70
434.04	1205.41
434.25	1208.36
434.46	1210.51
434.66	1205.33
434.87	1201.79
435.08	1212.11
435.29	1208.42
435.50	1211.64
435.71	1207.30
435.91	1211.27
436.12	1204.70
436.33	1207.61
436.54	1211.27
436.75	1209.08
436.95	1210.43
437.16	1212.56
437.37	1205.64
437.58	1210.62
437.79	1205.70
438.00	1211.58
438.20	1205.41
438.41	1212.30
438.62	1205.07
438.83	1212.34
439.04	1209.06
439.24	1213.89
439.45	1216.66
439.66	1215.53
439.87	1209.00
440.08	1210.14
440.28	1205.54
440.49	1211.15
440.70	1207.01
440.91	1213.73
441.12	1208.55
441.32	1211.25
441.53	1205.23
441.74	1214.65
441.95	1210.51
442.16	1211.19
442.36	1209.96
442.57	1211.95
442.78	1202.10
442.99	1211.31
443.20	1207.81
443.40	1211.78
443.61	1204.72
443.82	1209.57
444.03	1208.20
444.24	1204.80
444.44	1207.77
444.65	1211.76
444.86	1203.04
445.07	1210.98
445.27	1203.51
445.48	1214.65
445.69	1205.11
445.90	1211.09
446.11	1202.12
446.31	1219.93
446.52	1199.11
446.73	1210.27
446.94	1204.31
447.14	1207.20
447.35	1216.33
447.56	1213.67
447.77	1200.19
447.97	1218.83
448.18	1210.53
448.39	1213.81
448.60	1205.43
448.81	1211.17
449.01	1205.19
449.22	1211.60
449.43	1206.21
449.64	1212.05
449.84	1211.66
450.05	1213.26
450.26	1201.79
450.47	1208.77
450.67	1203.98
450.88	1210.86
451.09	1204.82
451.30	1208.34
451.50	1203.90
451.71	1206.97
451.92	1206.42
452.13	1213.36
452.33	1205.43
452.54	1214.14
452.75	1212.60
452.96	1211.21
453.16	1200.87
453.37	1217.03
453.58	1204.80
453.79	1214.57
453.99	1209.24
454.20	1210.33
454.41	1207.97
454.61	1207.13
454.82	1205.00
455.03	1205.13
455.24	1197.78
455.44	1211.13
455.65	1204.64
455.86	1209.96
456.07	1204.94
456.27	1206.36
456.48	1199.68
456.69	1213.69
456.90	1206.25
457.10	1215.16
457.31	1205.41
457.52	1212.99
457.72	1209.78
457.93	1207.54
458.14	1203.71
458.35	1206.93
458.55	1200.50
458.76	1212.21
458.97	1206.38
459.17	1210.88
459.38	1203.98
459.59	1208.67
459.80	1204.78
460.00	1211.89
460.21	1205.02
460.42	1213.07
460.62	1204.66
460.83	1211.23
461.04	1210.60
461.25	1216.80
461.45	1204.14
461.66	1220.65
461.87	1211.03
462.07	1217.91
462.28	1204.35
462.49	1202.40
462.69	1203.53
462.90	1214.79
463.11	1206.50
463.31	1208.63
463.52	1202.61
463.73	1212.62
463.94	1203.12
464.14	1209.02
464.35	1208.87
464.56	1212.52
464.76	1216.23
464.97	1212.50
465.18	1202.16
465.38	1203.47
465.59	1199.35
465.80	1207.85
466.00	1206.62
466.21	1209.49
466.42	1209.84
466.62	1217.17
466.83	1200.25
467.04	1210.02
467.24	1208.59
467.45	1213.18
467.66	1199.82
467.86	1219.38
468.07	1207.97
468.28	1214.10
468.48	1206.27
468.69	1209.31
468.90	1214.73
469.10	1212.34
469.31	1202.42
469.52	1217.68
469.72	1198.72
469.93	1207.91
470.14	1205.95
470.34	1212.87
470.55	1194.38
470.76	1215.61
470.96	1208.87
471.17	1216.80
471.38	1204.78
471.58	1208.73
471.79	1206.19
472.00	1213.01
472.20	1205.82
472.41	1209.88
472.62	1210.17
472.82	1217.27
473.03	1201.01
473.24	1210.82
473.44	1206.17
473.65	1214.55
473.85	1210.80
474.06	1214.28
474.27	1207.26
474.47	1206.75
474.68	1203.61
474.89	1211.19
475.09	1206.97
475.30	1217.29
475.51	1206.99
475.71	1215.24
475.92	1206.27
476.12	1218.09
476.33	1207.52
476.54	1211.46
476.74	1212.40
476.95	1209.94
477.16	1203.28
477.36	1211.41
477.57	1209.18
477.77	1205.66
477.98	1203.71
478.19	1211.39
478.39	1211.35
478.60	1209.61
478.81	1205.07
479.01	1214.75
479.22	1208.12
479.42	1216.23
479.63	1205.07
479.84	1211.82
480.04	1204.23
480.25	1209.88
480.45	1202.08
480.66	1211.23
480.87	1213.65
481.07	1209.82
481.28	1204.29
481.48	1215.16
481.69	1208.55
481.90	1209.24
482.10	1207.44
482.31	1212.42
482.51	1211.99
482.72	1219.01
482.93	1215.18
483.13	1212.48
483.34	1205.64
483.54	1209.82
483.75	1212.48
483.96	1209.59
484.16	1203.00
484.37	1211.46
484.57	1203.43
484.78	1213.44
484.99	1201.54
485.19	1205.05
485.40	1205.45
485.60	1219.50
485.81	1206.09
486.01	1215.45
486.22	1217.07
486.43	1205.45
486.63	1204.00
486.84	1209.74
487.04	1208.85
487.25	1213.61
487.46	1201.60
487.66	1211.58
487.87	1204.53
488.07	1211.03
488.28	1219.22
488.48	1208.79
488.69	1212.40
488.89	1212.09
489.10	1211.17
489.31	1213.77
489.51	1202.46
489.72	1215.88
489.92	1207.18
490.13	1207.79
490.33	1199.97
490.54	1206.40
490.75	1211.89
490.95	1206.01
491.16	1205.86
491.36	1212.50
491.57	1202.73
491.77	1211.52
491.98	1208.51
492.18	1217.89
492.39	1208.57
492.59	1215.22
492.80	1202.65
493.01	1210.19
493.21	1209.76
493.42	1216.60
493.62	1205.64
493.83	1210.27
494.03	1202.16
494.24	1217.64
494.44	1202.30
494.65	1213.48
494.85	1204.27
495.06	1212.42
495.26	1208.65
495.47	1211.43
495.68	1204.27
495.88	1208.51
496.09	1201.99
496.29	1214.92
496.50	1209.55
496.70	1210.33
496.91	1205.17
497.11	1217.03
497.32	1206.23
497.52	1214.04
497.73	1206.70
497.93	1213.11
498.14	1201.95
498.34	1206.01
498.55	1203.00
498.75	1203.49
498.96	1208.38
499.16	1214.86
499.37	1209.16
499.57	1207.50
499.78	1199.76
499.98	1205.50
500.19	1208.51
500.39	1209.18
500.60	1209.61
500.80	1202.14
501.01	1201.44
501.21	1206.66
501.42	1204.51
501.62	1210.33
501.83	1203.53
502.03	1209.12
502.24	1202.24
502.44	1213.01
502.65	1201.75
502.85	1214.67
503.06	1207.13
503.26	1211.31
503.47	1211.33
503.67	1211.97
503.88	1204.41
504.08	1208.81
504.29	1204.16
504.49	1206.66
504.70	1204.90
504.90	1206.56
505.11	1202.03
505.31	1215.63
505.52	1209.78
505.72	1220.49
505.93	1207.75
506.13	1209.67
506.34	1211.58
506.54	1212.48
506.75	1202.94
506.95	1208.61
507.16	1206.21
507.36	1211.50
507.56	1203.80
507.77	1211.05
507.97	1208.44
508.18	1210.21
508.38	1204.94
508.59	1213.46
508.79	1201.46
509.00	1216.49
509.20	1210.29
509.41	1215.80
509.61	1206.48
509.82	1215.08
510.02	1203.20
510.22	1215.59
510.43	1208.42
510.63	1209.33
510.84	1204.86
511.04	1209.96
511.25	1202.51
511.45	1206.05
511.66	1206.54
511.86	1216.86
512.06	1205.72
512.27	1218.48
512.47	1201.69
512.68	1213.26
512.88	1207.24
513.09	1212.30
513.29	1209.65
513.50	1213.83
513.70	1202.87
513.90	1207.42
514.11	1202.32
514.31	1214.47
514.52	1205.88
514.72	1212.09
514.93	1205.13
515.13	1209.31
515.33	1205.39
515.54	1208.36
515.74	1202.89
515.95	1209.61
516.15	1207.18
516.36	1217.52
516.56	1202.79
516.76	1207.67
516.97	1209.67
517.17	1212.01
517.38	1206.66
517.58	1208.28
517.78	1205.02
517.99	1211.70
518.19	1203.96
518.40	1219.30
518.60	1206.79
518.81	1210.94
519.01	1206.09
519.21	1207.67
519.42	1209.86
519.62	1222.74
519.83	1203.59
520.03	1214.83
520.23	1212.23
520.44	1209.43
520.64	1206.64
520.85	1212.62
521.05	1205.39
521.25	1211.54
521.46	1207.01
521.66	1209.28
521.86	1208.28
522.07	1212.30
522.27	1208.40
522.48	1211.87
522.68	1203.10
522.88	1208.94
523.09	1205.00
523.29	1217.95
523.50	1205.25
523.70	1207.81
523.90	1203.71
524.11	1209.33
524.31	1206.40
524.51	1210.98
524.72	1207.11
524.92	1216.47
525.13	1204.76
525.33	1212.52
525.53	1202.79
525.74	1216.51
525.94	1204.00
526.14	1213.73
526.35	1203.59
526.55	1215.26
526.76	1204.19
526.96	1218.30
527.16	1200.99
527.37	1212.01
527.57	1206.13
527.77	1212.40
527.98	1205.60
528.18	1208.22
528.38	1214.63
528.59	1208.83
528.79	1207.67
528.99	1219.40
529.20	1208.08
529.40	1215.16
529.61	1205.76
529.81	1213.36
530.01	1207.20
530.22	1212.05
530.42	1204.00
530.62	1215.51
530.83	1208.12
531.03	1207.81
531.23	1212.11
531.44	1207.77
531.64	1210.27
531.84	1220.96
532.05	1206.25
532.25	1214.18
532.45	1205.72
532.66	1214.34
532.86	1205.11
533.06	1211.72
533.27	1209.51
533.47	1208.71
533.67	1206.29
533.88	1212.11
534.08	1211.15
534.28	1212.70
534.49	1199.23
534.69	1214.49
534.89	1200.79
535.09	1214.55
535.30	1196.18
535.50	1213.65
535.70	1208.22
535.91	1214.02
536.11	1207.15
536.31	1206.85
536.52	1210.45
536.72	1215.49
536.92	1199.04
537.13	1219.95
537.33	1208.06
537.53	1208.63
537.74	1205.66
537.94	1212.11
538.14	1209.18
538.34	1211.50
538.55	1207.36
538.75	1211.74
538.95	1217.19
539.16	1207.34
539.36	1206.15
539.56	1211.70
539.77	1203.92
539.97	1211.33
540.17	1204.39
540.37	1212.91
540.58	1210.33
540.78	1211.48
540.98	1203.04
541.19	1209.63
541.39	1208.06
541.59	1211.41
541.79	1201.77
542.00	1209.35
542.20	1205.02
542.40	1219.07
542.60	1209.94
542.81	1205.15
543.01	1203.86
543.21	1215.12
543.42	1201.87
543.62	1212.27
543.82	1210.64
544.02	1210.31
544.23	1207.42
544.43	1216.92
544.63	1202.26
544.83	1212.60
545.04	1209.20
545.24	1209.61
545.44	1206.62
545.64	1213.81
545.85	1211.89
546.05	1214.12
546.25	1198.12
546.45	1212.85
546.66	1206.36
546.86	1216.21
547.06	1209.20
547.27	1220.14
547.47	1208.59
547.67	1206.19
547.87	1204.78
548.07	1214.10
548.28	1198.94
548.48	1210.31
548.68	1214.02
548.88	1215.80
549.09	1203.88
549.29	1213.81
549.49	1199.25
549.69	1224.87
549.90	1208.75
550.10	1211.76
550.30	1209.47
550.50	1214.14
550.71	1218.40
550.91	1207.73
551.11	1200.91
551.31	1219.03
551.51	1209.35
551.72	1213.75
551.92	1205.86
552.12	1203.67
552.32	1210.98
552.53	1205.70
552.73	1206.34
552.93	1210.23
553.13	1210.23
553.33	1213.99
553.54	1204.47
553.74	1209.84
553.94	1202.12
554.14	1206.48
554.35	1202.59
554.55	1220.04
554.75	1206.50
554.95	1206.42
555.15	1208.94
555.36	1217.82
555.56	1204.90
555.76	1210.55
555.96	1207.01
556.16	1212.17
556.37	1202.24
556.57	1212.75
556.77	1204.00
556.97	1215.08
557.17	1214.06
557.38	1212.38
557.58	1207.97
557.78	1215.08
557.98	1206.93
558.18	1212.03
558.38	1209.80
558.59	1206.81
558.79	1204.98
558.99	1213.91
559.19	1212.60
559.39	1204.12
559.60	1204.57
559.80	1208.28
560.00	1206.58
560.20	1211.54
560.40	1207.20
560.60	1213.91
560.81	1207.56
561.01	1205.60
561.21	1208.61
561.41	1214.49
561.61	1210.55
561.81	1212.09
562.02	1212.91
562.22	1211.52
562.42	1207.36
562.62	1213.54
562.82	1208.38
563.02	1205.11
563.23	1215.00
563.43	1212.48
563.63	1204.04
563.83	1209.28
564.03	1213.50
564.23	1206.62
564.43	1204.21
564.64	1208.06
564.84	1209.69
565.04	1208.59
565.24	1209.41
565.44	1211.62
565.64	1206.79
565.85	1212.83
566.05	1206.23
566.25	1213.56
566.45	1207.89
566.65	1220.77
566.85	1206.25
567.05	1217.17
567.25	1205.02
567.46	1209.69
567.66	1209.84
567.86	1212.34
568.06	1210.64
568.26	1219.16
568.46	1212.95
568.66	1205.05
568.86	1211.03
569.07	1216.17
569.27	1204.86
569.47	1213.24
569.67	1205.76
569.87	1212.62
570.07	1209.39
570.27	1208.73
570.47	1204.98
570.68	1212.36
570.88	1206.75
571.08	1209.90
571.28	1206.91
571.48	1219.93
571.68	1212.27
571.88	1209.20
572.08	1202.79
572.28	1219.67
572.49	1208.67
572.69	1207.50
572.89	1203.49
573.09	1214.53
573.29	1207.97
573.49	1213.67
573.69	1206.91
573.89	1208.77
574.09	1211.07
574.29	1210.98
574.50	1199.56
574.70	1216.55
574.90	1211.21
575.10	1215.63
575.30	1208.18
575.50	1207.07
575.70	1210.12
575.90	1209.14
576.10	1203.76
576.30	1215.41
576.50	1200.52
576.70	1214.36
576.91	1206.13
577.11	1210.43
577.31	1213.48
577.51	1218.73
577.71	1206.89
577.91	1211.74
578.11	1202.67
578.31	1214.22
578.51	1214.14
578.71	1213.52
578.91	1207.77
579.11	1213.26
579.31	1210.51
579.51	1207.54
579.71	1207.79
579.92	1219.34
580.12	1212.89
580.32	1212.89
580.52	1205.13
580.72	1212.75
580.92	1204.49
581.12	1207.48
581.32	1210.08
581.52	1205.15
581.72	1207.87
581.92	1208.79
582.12	1202.18
582.32	1209.47
582.52	1200.77
582.72	1212.73
582.92	1209.16
583.12	1208.65
583.32	1210.02
583.52	1216.49
583.72	1208.98
583.92	1207.63
584.12	1208.44
584.33	1222.25
584.53	1204.23
584.73	1220.04
584.93	1206.52
585.13	1219.32
585.33	1204.90
585.53	1208.55
585.73	1209.24
585.93	1216.64
586.13	1204.64
586.33	1212.30
586.53	1207.99
586.73	1215.37
586.93	1210.92
587.13	1216.58
587.33	1210.08
587.53	1216.92
587.73	1206.38
587.93	1209.35
588.13	1206.97
588.33	1214.67
588.53	1212.73
588.73	1217.09
588.93	1210.70
589.13	1219.61
589.33	1211.27
589.53	1216.29
589.73	1209.14
589.93	1210.29
590.13	1206.75
590.33	1211.54
590.53	1216.12
590.73	1219.30
590.93	1206.09
591.13	1216.15
591.33	1207.48
591.53	1216.94
591.73	1210.57
591.93	1209.92
592.13	1207.77
592.33	1217.21
592.53	1206.75
592.73	1212.54
592.93	1206.03
593.13	1214.12
593.33	1205.91
593.53	1213.30
593.73	1207.83
593.93	1210.66
594.13	1207.38
594.33	1213.56
594.53	1204.74
594.73	1217.42
594.92	1207.13
595.12	1213.01
595.32	1210.39
595.52	1210.51
595.72	1214.40
595.92	1216.12
596.12	1215.33
596.32	1208.83
596.52	1205.95
596.72	1217.01
596.92	1205.66
597.12	1216.92
597.32	1207.87
597.52	1215.88
597.72	1208.94
597.92	1216.19
598.12	1202.36
598.32	1216.45
598.52	1214.71
598.72	1216.04
598.92	1208.36
599.12	1217.19
599.31	1210.70
599.51	1211.68
599.71	1211.15
599.91	1215.20
600.11	1206.62
600.31	1213.87
600.51	1210.35
600.71	1213.79
600.91	1207.44
601.11	1219.75
601.31	1207.77
601.51	1214.10
601.71	1212.91
601.91	1210.14
602.10	1211.25
602.30	1215.14
602.50	1208.42
602.70	1222.29
602.90	1205.37
603.10	1215.37
603.30	1210.62
603.50	1214.34
603.70	1203.86
603.90	1214.61
604.10	1209.39
604.30	1218.09
604.49	1209.47
604.69	1213.87
604.89	1218.17
605.09	1226.88
605.29	1214.02
605.49	1217.91
605.69	1212.50
605.89	1214.63
606.09	1210.92
606.29	1213.73
606.48	1212.64
606.68	1214.61
606.88	1209.69
607.08	1217.74
607.28	1209.57
607.48	1217.66
607.68	1216.37
607.88	1211.89
608.08	1208.59
608.27	1216.17
608.47	1209.96
608.67	1212.03
608.87	1206.38
609.07	1219.61
609.27	1203.53
609.47	1220.94
609.67	1223.15
609.87	1218.32
610.06	1208.94
610.26	1220.71
610.46	1217.27
610.66	1212.15
610.86	1217.52
611.06	1220.10
611.26	1214.14
611.45	1224.32
611.65	1209.39
611.85	1213.91
612.05	1209.18
612.25	1216.35
612.45	1213.67
612.65	1224.58
612.84	1217.56
613.04	1217.68
613.24	1207.79
613.44	1222.10
613.64	1215.00
613.84	1217.74
614.04	1208.61
614.23	1222.37
614.43	1213.11
614.63	1223.74
614.83	1214.36
615.03	1225.40
615.23	1210.51
615.42	1213.11
615.62	1216.98
615.82	1218.07
616.02	1216.10
616.22	1225.44
616.42	1217.19
616.61	1228.31
616.81	1218.34
617.01	1226.47
617.21	1210.94
617.41	1218.85
617.61	1216.58
617.80	1224.03
618.00	1219.73
618.20	1215.26
618.40	1218.01
618.60	1229.52
618.80	1216.47
618.99	1225.91
619.19	1216.39
619.39	1228.60
619.59	1224.42
619.79	1232.10
619.98	1212.01
620.18	1224.95
620.38	1222.35
620.58	1226.10
620.78	1214.51
620.97	1235.11
621.17	1223.19
621.37	1226.75
621.57	1225.55
621.77	1234.21
621.96	1229.60
622.16	1235.62
622.36	1231.20
622.56	1228.02
622.76	1228.72
622.95	1237.30
623.15	1235.23
623.35	1239.00
623.55	1233.82
623.75	1236.32
623.94	1238.04
624.14	1238.67
624.34	1237.30
624.54	1237.32
624.73	1234.45
624.93	1244.24
625.13	1238.94
625.33	1244.67
625.53	1244.92
625.72	1248.20
625.92	1239.06
626.12	1242.85
626.32	1238.30
626.51	1248.38
626.71	1241.62
626.91	1253.34
627.11	1245.43
627.30	1245.82
627.50	1241.34
627.70	1246.37
627.90	1241.48
628.10	1245.45
628.29	1245.21
628.49	1254.87
628.69	1246.72
628.89	1251.70
629.08	1257.56
629.28	1253.46
629.48	1252.62
629.68	1261.34
629.87	1253.21
630.07	1265.32
630.27	1252.66
630.47	1265.95
630.66	1258.72
630.86	1270.46
631.06	1254.73
631.25	1266.71
631.45	1264.54
631.65	1268.10
631.85	1260.12
632.04	1273.75
632.24	1260.67
632.44	1275.72
632.64	1271.71
632.83	1275.47
633.03	1276.74
633.23	1270.91
633.42	1267.69
633.62	1265.01
633.82	1274.55
634.02	1272.36
634.21	1270.52
634.41	1283.01
634.61	1273.41
634.81	1271.85
635.00	1270.79
635.20	1268.84
635.40	1276.36
635.59	1274.06
635.79	1269.70
635.99	1278.42
636.18	1267.61
636.38	1281.33
636.58	1269.58
636.78	1273.12
636.97	1272.36
637.17	1281.02
637.37	1272.38
637.56	1273.94
637.76	1266.42
637.96	1274.80
638.15	1275.31
638.35	1276.62
638.55	1267.84
638.74	1271.40
638.94	1271.56
639.14	1267.45
639.34	1270.93
639.53	1271.46
639.73	1267.59
639.93	1268.76
640.12	1271.83
640.32	1270.11
640.52	1268.84
640.71	1270.38
640.91	1265.89
641.11	1281.31
641.30	1269.78
641.50	1277.97
641.70	1272.36
641.89	1292.02
642.09	1293.29
642.29	1294.52
642.48	1291.53
642.68	1303.22
642.88	1313.89
643.07	1324.65
643.27	1332.14
643.47	1348.71
643.66	1363.91
643.86	1393.68
644.06	1413.82
644.25	1442.43
644.45	1461.78
644.65	1498.95
644.84	1515.17
645.04	1562.19
645.23	1585.97
645.43	1626.82
645.63	1661.74
645.82	1711.67
646.02	1756.38
646.22	1828.06
646.41	1924.23
646.61	2063.37
646.81	2258.44
647.00	2539.52
647.20	2901.13
647.39	3421.85
647.59	4045.99
647.79	4792.62
647.98	5630.38
648.18	6441.99
648.38	7282.49
648.57	8018.86
648.77	8781.63
648.96	9403.66
649.16	9908.38
649.36	10442.72
649.55	10839.63
649.75	11221.60
649.95	11396.76
650.14	11600.39
650.34	11731.73
650.53	11846.31
650.73	11877.50
650.93	11914.04
651.12	12067.47
651.32	12010.46
651.51	12110.66
651.71	12080.89
651.91	12098.85
652.10	12124.16
652.30	12039.15
652.49	11986.80
652.69	11883.44
652.89	11739.31
653.08	11525.33
653.28	11166.43
653.47	10718.68
653.67	10134.46
653.86	9460.94
654.06	8733.87
654.26	7981.36
654.45	7231.54
654.65	6546.17
654.84	5851.60
655.04	5366.91
655.24	4919.73
655.43	4547.90
655.63	4291.05
655.82	4024.40
656.02	3876.50
656.21	3694.66
656.41	3569.65
656.61	3446.08
656.80	3354.82
657.00	3240.75
657.19	3153.24
657.39	3056.98
657.58	2995.83
657.78	2918.74
657.97	2853.48
658.17	2794.74
658.37	2727.38
658.56	2683.88
658.76	2629.74
658.95	2563.61
659.15	2503.68
659.34	2434.13
659.54	2396.94
659.73	2342.20
659.93	2300.52
660.13	2229.62
660.32	2202.57
660.52	2163.95
660.71	2115.27
660.91	2072.28
661.10	2043.46
661.30	2003.59
661.49	1979.40
661.69	1950.65
661.88	1926.18
662.08	1896.36
662.27	1882.25
662.47	1850.83
662.66	1845.53
662.86	1828.37
663.06	1821.34
663.25	1814.64
663.45	1801.09
663.64	1807.70
663.84	1815.97
664.03	1851.24
664.23	1892.63
664.42	1962.22
664.62	2057.84
664.81	2134.27
665.01	2264.42
665.20	2363.42
665.40	2467.74
665.59	2555.05
665.79	2615.75
665.98	2652.61
666.18	2694.18
666.37	2681.63
666.57	2694.53
666.76	2653.98
666.96	2640.26
667.15	2582.12
667.35	2524.82
667.54	2450.37
667.74	2403.93
667.93	2313.51
668.13	2252.58
668.32	2169.35
668.52	2111.25
668.71	2034.41
668.91	1970.04
669.10	1894.02
669.30	1835.29
669.49	1769.73
669.68	1716.63
669.88	1662.52
670.07	1635.90
670.27	1585.05
670.46	1568.48
670.66	1538.11
670.85	1533.64
671.05	1516.50
671.24	1525.02
671.44	1498.09
671.63	1492.83
671.83	1485.35
672.02	1485.54
672.22	1461.74
672.41	1450.13
672.60	1426.62
672.80	1403.94
672.99	1351.99
673.19	1326.45
673.38	1309.53
673.58	1299.07
673.77	1269.82
673.97	1274.00
674.16	1267.47
674.36	1265.62
674.55	1264.89
674.74	1266.34
674.94	1250.55
675.13	1257.02
675.33	1247.32
675.52	1253.05
675.72	1250.67
675.91	1252.58
676.10	1249.96
676.30	1248.07
676.49	1244.84
676.69	1258.85
676.88	1240.19
677.08	1249.24
677.27	1239.84
677.46	1247.29
677.66	1235.42
677.85	1253.11
678.05	1238.20
678.24	1245.82
678.44	1233.49
678.63	1240.72
678.82	1240.60
679.02	1236.91
679.21	1241.11
679.41	1239.12
679.60	1240.76
679.79	1238.47
679.99	1232.18
680.18	1239.74
680.38	1227.57
680.57	1239.08
680.76	1233.82
680.96	1235.40
681.15	1224.11
681.35	1234.88
681.54	1233.88
681.73	1233.53
681.93	1224.01
682.12	1230.11
682.32	1224.89
682.51	1232.98
682.70	1218.64
682.90	1227.47
683.09	1223.95
683.29	1232.67
683.48	1230.75
683.67	1226.06
683.87	1223.91
684.06	1224.69
684.25	1216.43
684.45	1229.66
684.64	1217.42
684.84	1218.73
685.03	1222.76
685.22	1233.16
685.42	1212.97
685.61	1226.86
685.80	1217.29
686.00	1228.90
686.19	1227.68
686.38	1226.02
686.58	1211.68
686.77	1228.90
686.96	1215.90
687.16	1227.88
687.35	1219.30
687.55	1224.97
687.74	1213.24
687.93	1223.58
688.13	1216.96
688.32	1218.97
688.51	1216.31
688.71	1227.59
688.90	1213.77
689.09	1217.13
689.29	1210.17
689.48	1212.05
689.67	1217.05
689.87	1226.16
690.06	1219.59
690.25	1215.57
690.45	1222.13
690.64	1219.48
690.83	1217.64
691.03	1220.96
691.22	1216.08
691.41	1220.22
691.61	1216.19
691.80	1218.19
691.99	1219.24
692.19	1229.62
692.38	1211.80
692.57	1230.34
692.76	1218.81
692.96	1222.31
693.15	1219.57
693.34	1220.10
693.54	1215.31
693.73	1222.72
693.92	1220.18
694.12	1221.39
694.31	1214.51
694.50	1224.83
694.70	1214.53
694.89	1221.31
695.08	1214.08
695.27	1216.08
695.47	1220.90
695.66	1222.53
695.85	1214.75
696.05	1225.36
696.24	1214.71
696.43	1231.22
696.62	1210.88
696.82	1221.35
697.01	1218.15
697.20	1219.63
697.40	1212.11
697.59	1221.49
697.78	1217.42
697.97	1224.52
698.17	1215.63
698.36	1222.49
698.55	1219.57
698.74	1214.36
698.94	1212.32
699.13	1217.37
699.32	1207.73
699.52	1214.30
699.71	1212.44
699.90	1220.77
700.09	1209.20
700.29	1216.84
700.48	1216.10
700.67	1217.68
700.86	1203.37
701.06	1219.18
701.25	1216.02
701.44	1212.81
701.63	1209.78
701.83	1219.34
702.02	1210.39
702.21	1213.26
702.40	1203.06
702.60	1220.34
702.79	1211.05
702.98	1214.55
703.17	1207.48
703.37	1206.40
703.56	1213.67
703.75	1215.78
703.94	1204.06
704.13	1210.76
704.33	1204.27
704.52	1210.68
704.71	1201.89
704.90	1214.22
705.10	1213.69
705.29	1212.62
705.48	1207.81
705.67	1209.31
705.86	1208.16
706.06	1208.85
706.25	1210.25
706.44	1215.82
706.63	1207.48
706.83	1210.82
707.02	1207.11
707.21	1210.19
707.40	1209.06
707.59	1219.34
707.79	1206.42
707.98	1212.07
708.17	1204.96
708.36	1215.39
708.55	1208.34
708.75	1215.20
708.94	1209.53
709.13	1219.22
709.32	1208.32
709.51	1213.42
709.71	1212.54
709.90	1215.39
710.09	1203.10
710.28	1214.63
710.47	1207.26
710.66	1209.86
710.86	1207.44
711.05	1210.47
711.24	1205.23
711.43	1214.94
711.62	1203.57
711.82	1213.87
712.01	1207.01
712.20	1216.27
712.39	1207.89
712.58	1218.71
712.77	1208.83
712.97	1217.03
713.16	1203.71
713.35	1218.42
713.54	1215.00
713.73	1218.85
713.92	1208.40
714.11	1209.96
714.31	1202.49
714.50	1214.57
714.69	1203.57
714.88	1209.90
715.07	1206.09
715.26	1219.28
715.46	1205.19
715.65	1208.92
715.84	1211.62
716.03	1217.48
716.22	1204.53
716.41	1210.04
716.60	1200.93
716.80	1211.99
716.99	1204.16
717.18	1213.69
717.37	1200.01
717.56	1210.43
717.75	1210.92
717.94	1213.95
718.13	1204.53
718.33	1208.63
718.52	1208.69
718.71	1216.70
718.90	1206.77
719.09	1212.56
719.28	1202.34
719.47	1220.51
719.66	1202.28
719.85	1211.80
720.05	1202.30
720.24	1209.84
720.43	1207.38
720.62	1216.47
720.81	1201.73
721.00	1210.74
721.19	1205.19
721.38	1215.76
721.57	1196.77
721.77	1210.84
721.96	1203.49
722.15	1214.73
722.34	1206.66
722.53	1212.97
722.72	1199.95
722.91	1209.06
723.10	1204.59
723.29	1216.62
723.48	1209.86
723.67	1213.46
723.87	1207.97
724.06	1212.13
724.25	1206.97
724.44	1213.93
724.63	1209.63
724.82	1219.52
725.01	1205.19
725.20	1209.06
725.39	1206.62
725.58	1203.37
725.77	1207.99
725.96	1216.74
726.15	1207.20
726.34	1219.44
726.54	1215.22
726.73	1215.67
726.92	1201.05
727.11	1210.82
727.30	1200.36
727.49	1213.05
727.68	1205.37
727.87	1210.92
728.06	1209.45
728.25	1210.47
728.44	1200.46
728.63	1209.71
728.82	1206.93
729.01	1213.42
729.20	1208.18
729.39	1221.90
729.58	1208.85
729.77	1216.86
729.96	1199.09
730.15	1210.33
730.34	1208.83
730.53	1214.26
730.73	1195.42
730.92	1218.07
731.11	1202.63
731.30	1216.43
731.49	1217.05
731.68	1208.67
731.87	1213.99
732.06	1208.26
732.25	1201.52
732.44	1214.36
732.63	1207.89
732.82	1214.24
733.01	1211.21
733.20	1213.48
733.39	1199.52
733.58	1219.03
733.77	1207.44
733.96	1216.12
734.15	1207.13
734.34	1213.59
734.53	1211.54
734.72	1207.89
734.91	1206.50
735.10	1215.86
735.29	1205.80
735.48	1216.76
735.67	1207.22
735.86	1217.13
736.05	1209.20
736.24	1216.15
736.43	1207.46
736.62	1208.12
736.81	1203.61
737.00	1229.50
737.19	1202.73
737.38	1205.76
737.57	1211.72
737.76	1211.97
737.95	1204.25
738.14	1213.07
738.33	1204.47
738.51	1217.95
738.70	1204.08
738.89	1214.57
739.08	1205.52
739.27	1210.25
739.46	1205.50
739.65	1210.80
739.84	1200.27
740.03	1212.97
740.22	1207.36
740.41	1211.35
740.60	1211.17
740.79	1217.44
740.98	1203.00
741.17	1217.80
741.36	1210.06
741.55	1211.78
741.74	1215.16
741.93	1208.77
742.12	1208.32
742.31	1211.99
742.50	1207.52
742.68	1210.33
742.87	1206.50
743.06	1211.07
743.25	1204.70
743.44	1207.83
743.63	1202.92
743.82	1214.63
744.01	1208.04
744.20	1210.39
744.39	1208.47
744.58	1211.31
744.77	1209.61
744.96	1215.96
745.14	1209.69
745.33	1212.89
745.52	1203.43
745.71	1209.55
745.90	1200.99
746.09	1220.94
746.28	1208.24
746.47	1215.29
746.66	1202.38
746.85	1206.25
747.04	1204.49
747.22	1213.18
747.41	1201.97
747.60	1214.96
747.79	1200.97
747.98	1210.45
748.17	1207.07
748.36	1215.51
748.55	1206.93
748.74	1208.49
748.93	1202.65
749.11	1211.56
749.30	1205.00
749.49	1208.40
749.68	1197.63
749.87	1209.57
750.06	1201.77
750.25	1215.14
750.44	1208.06
750.62	1204.45
750.81	1205.93
751.00	1214.77
751.19	1209.53
751.38	1212.70
751.57	1202.16
751.76	1211.48
751.95	1208.24
752.13	1215.06
752.32	1205.17
752.51	1207.56
752.70	1197.18
752.89	1211.48
753.08	1203.94
753.27	1211.03
753.45	1196.89
753.64	1201.81
753.83	1201.58
754.02	1214.02
754.21	1201.52
754.40	1208.96
754.58	1209.31
754.77	1213.85
754.96	1206.54
755.15	1213.09
755.34	1198.35
755.53	1205.02
755.71	1200.74
755.90	1215.22
756.09	1203.76
756.28	1211.52
756.47	1201.65
756.66	1212.66
756.84	1206.23
757.03	1210.06
757.22	1202.94
757.41	1211.21
757.60	1206.44
757.79	1207.30
757.97	1204.86
758.16	1206.64
758.35	1202.08
758.54	1207.81
758.73	1202.16
758.91	1206.93
759.10	1204.12
759.29	1215.88
759.48	1210.35
759.67	1211.13
759.85	1200.38
760.04	1218.95
760.23	1205.84
760.42	1210.86
760.61	1207.40
760.79	1209.41
760.98	1204.84
761.17	1209.12
761.36	1207.32
761.55	1209.53
761.73	1205.05
761.92	1209.80
762.11	1202.38
762.30	1210.90
762.49	1208.44
762.67	1205.29
762.86	1207.67
763.05	1210.43
763.24	1207.44
763.42	1207.58
763.61	1202.83
763.80	1218.50
763.99	1196.32
764.17	1205.99
764.36	1205.50
764.55	1207.15
764.74	1206.50
764.92	1215.94
765.11	1206.50
765.30	1213.99
765.49	1202.61
765.68	1202.38
765.86	1198.64
766.05	1210.98
766.24	1202.65
766.43	1212.27
766.61	1200.89
766.80	1216.29
766.99	1206.60
767.17	1213.91
767.36	1208.26
767.55	1215.59
767.74	1205.86
767.92	1211.03
768.11	1202.89
768.30	1209.61
768.49	1206.23
768.67	1217.46
768.86	1211.31
769.05	1212.46
769.24	1203.41
769.42	1209.59
769.61	1210.06
769.80	1211.76
769.98	1203.41
770.17	1215.72
770.36	1202.85
770.55	1213.56
770.73	1200.44
770.92	1215.35
771.11	1206.95
771.29	1208.87
771.48	1203.84
771.67	1212.81
771.86	1204.55
772.04	1204.96
772.23	1200.40
772.42	1213.26
772.60	1205.82
772.79	1211.48
772.98	1202.59
773.16	1208.51
773.35	1206.56
773.54	1210.78
773.72	1209.69
773.91	1209.71
774.10	1205.56
774.29	1215.16
774.47	1200.27
774.66	1216.76
774.85	1202.28
775.03	1210.90
775.22	1214.49
775.41	1211.95
775.59	1205.50
775.78	1207.85
775.97	1208.08
776.15	1209.55
776.34	1214.61
776.53	1209.84
776.71	1208.90
776.90	1212.05
777.09	1203.61
777.27	1216.96
777.46	1198.84
777.65	1210.31
777.83	1205.02
778.02	1209.26
778.21	1200.50
778.39	1211.68
778.58	1202.63
778.76	1216.02
778.95	1201.36
779.14	1208.47
779.32	1206.05
779.51	1204.96
779.70	1208.77
779.88	1209.35
780.07	1211.82
780.26	1208.18
780.44	1203.41
780.63	1215.26
780.81	1204.12
781.00	1213.46
781.19	1205.43
781.37	1211.39
781.56	1210.92
781.75	1204.29
781.93	1201.77
782.12	1213.01
782.30	1201.44
782.49	1213.46
782.68	1202.36
782.86	1216.49
783.05	1205.17
783.23	1213.77
783.42	1202.94
783.61	1211.09
783.79	1203.67
783.98	1211.41
784.16	1206.75
784.35	1210.19
784.54	1214.12
784.72	1209.51
784.91	1204.29
785.09	1213.77
785.28	1199.37
785.47	1203.98
785.65	1206.85
785.84	1206.25
786.02	1206.81
786.21	1212.34
786.40	1205.31
786.58	1210.17
786.77	1205.35
786.95	1208.69
787.14	1209.43
787.32	1215.72
787.51	1209.39
787.70	1209.39
787.88	1213.63
788.07	1206.87
788.25	1202.42
788.44	1201.54
788.62	1204.88
788.81	1209.76
789.00	1199.70
789.18	1216.04
789.37	1211.48
789.55	1209.12
789.74	1202.92
789.92	1208.47
790.11	1198.68
790.29	1211.46
790.48	1208.40
790.67	1218.73
790.85	1201.75
791.04	1216.43
791.22	1204.10
791.41	1214.28
791.59	1205.09
791.78	1211.33
791.96	1206.54
792.15	1212.07
792.33	1206.68
792.52	1209.78
792.70	1203.71
792.89	1213.65
793.07	1201.30
793.26	1211.19
793.45	1202.34
793.63	1217.42
793.82	1206.50
794.00	1217.25
794.19	1207.95
794.37	1209.31
794.56	1203.53
794.74	1212.52
794.93	1210.45
795.11	1219.07
795.30	1215.12
795.48	1204.74
795.67	1203.69
795.85	1219.91
796.04	1205.35
796.22	1215.90
796.41	1205.27
796.59	1207.03
796.78	1207.48
796.96	1214.77
797.15	1201.56
797.33	1212.11
797.52	1207.22
797.70	1214.04
797.89	1201.83
798.07	1205.15
798.26	1200.64
798.44	1199.25
798.63	1206.48
798.81	1211.52
798.99	1198.31
799.18	1215.45
799.36	1204.37
799.55	1201.24
799.73	1204.92
799.92	1213.46
800.10	1203.08
800.29	1210.60
800.47	1204.29
800.66	1208.44
800.84	1200.66
801.03	1213.87
801.21	1208.08
801.39	1210.39
801.58	1202.98
801.76	1206.68
801.95	1206.32
802.13	1210.21
802.32	1205.09
802.50	1206.77
802.69	1202.87
802.87	1208.20
803.06	1205.48
803.24	1209.82
803.42	1203.43
803.61	1207.71
803.79	1204.88
803.98	1209.18
804.16	1211.23
804.35	1209.86
804.53	1201.89
804.71	1209.43
804.90	1197.53
805.08	1214.49
805.27	1199.13
805.45	1203.67
805.63	1206.58
805.82	1213.65
806.00	1200.58
806.19	1213.89
806.37	1202.73
806.56	1210.19
806.74	1199.41
806.92	1211.72
807.11	1210.00
807.29	1210.76
807.48	1200.74
807.66	1211.48
807.84	1205.19
808.03	1207.77
808.21	1198.78
808.40	1208.36
808.58	1202.01
808.76	1215.41
808.95	1203.12
809.13	1206.05
809.32	1204.29
809.50	1211.97
809.68	1203.41
809.87	1205.25
810.05	1207.99
810.23	1211.37
810.42	1201.85
810.60	1211.54
810.79	1205.19
810.97	1212.36
811.15	1208.36
811.34	1212.44
811.52	1213.61
811.70	1205.02
811.89	1209.14
812.07	1218.87
812.25	1197.94
812.44	1207.75
812.62	1205.88
812.81	1203.47
812.99	1207.42
813.17	1209.96
813.36	1211.17
813.54	1207.26
813.72	1209.98
813.91	1213.52
814.09	1200.85
814.27	1207.93
814.46	1202.73
814.64	1203.88
814.82	1197.24
815.01	1212.09
815.19	1200.42
815.37	1220.16
815.56	1211.76
815.74	1215.37
815.92	1212.91
816.11	1209.37
816.29	1205.15
816.47	1212.77
816.66	1203.39
816.84	1212.93
817.02	1210.12
817.21	1207.97
817.39	1204.10
817.57	1207.01
817.76	1200.68
817.94	1210.39
818.12	1200.99
818.30	1221.02
818.49	1204.59
818.67	1212.85
818.85	1196.85
819.04	1205.43
819.22	1201.09
819.40	1206.91
819.59	1204.39
819.77	1204.19
819.95	1209.55
820.13	1217.60
820.32	1207.18
820.50	1204.06
820.68	1198.80
820.87	1205.35
821.05	1203.08
821.23	1208.79
821.41	1197.55
821.60	1215.98
821.78	1206.60
821.96	1215.57
822.14	1199.60
822.33	1213.28
822.51	1206.46
822.69	1217.87
822.88	1207.05
823.06	1206.79
823.24	1205.09
823.42	1203.35
823.61	1202.81
823.79	1214.47
823.97	1206.32
824.15	1214.16
824.34	1195.73
824.52	1214.51
824.70	1205.33
824.88	1204.41
825.07	1204.10
825.25	1208.04
825.43	1201.11
825.61	1215.59
825.80	1201.32
825.98	1215.78
826.16	1198.21
826.34	1209.12
826.53	1203.28
826.71	1217.23
826.89	1202.53
827.07	1210.37
827.25	1203.35
827.44	1218.40
827.62	1206.85
827.80	1214.22
827.98	1202.16
828.17	1213.73
828.35	1201.97
828.53	1212.89
828.71	1203.96
828.89	1215.16
829.08	1205.84
829.26	1209.98
829.44	1203.94
829.62	1225.40
829.80	1207.22
829.99	1206.70
830.17	1203.32
830.35	1213.36
830.53	1198.14
830.71	1207.87
830.90	1203.67
831.08	1211.54
831.26	1205.15
831.44	1208.32
831.62	1206.81
831.81	1207.87
831.99	1204.06
832.17	1204.57
832.35	1209.78
832.53	1212.89
832.71	1211.33
832.90	1206.72
833.08	1207.56
833.26	1212.60
833.44	1206.85
833.62	1213.30
833.81	1212.64
833.99	1213.93
834.17	1200.70
834.35	1211.27
834.53	1202.34
834.71	1215.72
834.89	1206.38
835.08	1208.79
835.26	1202.81
835.44	1209.14
835.62	1207.15
835.80	1210.31
835.98	1213.20
836.17	1217.60
836.35	1203.71
836.53	1215.26
836.71	1202.67
836.89	1220.63
837.07	1199.33
837.25	1216.12
837.44	1202.26
837.62	1210.45
837.80	1209.22
837.98	1206.89
838.16	1209.43
838.34	1210.47
838.52	1204.59
838.70	1207.67
838.89	1204.92
839.07	1209.20
839.25	1202.59
839.43	1208.57
839.61	1203.94
839.79	1217.74
839.97	1207.69
840.15	1203.63
840.33	1204.35
840.52	1215.10
840.70	1210.78
840.88	1212.32
841.06	1202.96
841.24	1211.50
841.42	1198.78
841.60	1212.09
841.78	1211.66
841.96	1202.26
842.14	1208.30
842.33	1214.42
842.51	1206.19
842.69	1205.52
842.87	1206.54
843.05	1214.06
843.23	1207.81
843.41	1207.09
843.59	1205.82
843.77	1206.50
843.95	1202.12
844.13	1208.36
844.31	1207.71
844.49	1208.92
844.68	1207.11
844.86	1213.07
845.04	1205.62
845.22	1215.51
845.40	1198.72
845.58	1205.35
845.76	1195.73
845.94	1217.29
846.12	1207.99
846.30	1209.57
846.48	1199.02
846.66	1214.83
846.84	1205.19
847.02	1206.60
847.20	1209.00
847.38	1216.78
847.56	1203.69
847.74	1214.59
847.92	1203.51
848.11	1208.36
848.29	1207.01
848.47	1211.68
848.65	1204.31
848.83	1212.13
849.01	1204.41
849.19	1210.27
849.37	1195.38
849.55	1205.80
849.73	1201.93
849.91	1216.86
850.09	1201.46
850.27	1211.58
850.45	1200.83
850.63	1210.06
850.81	1200.42
850.99	1203.76
851.17	1205.66
851.35	1209.47
851.53	1201.73
851.71	1206.62
851.89	1204.98
852.07	1211.66
852.25	1206.36
852.43	1209.33
852.61	1204.04
852.79	1206.09
852.97	1203.80
853.15	1211.23
853.33	1204.68
853.51	1215.43
853.69	1202.94
853.87	1211.91
854.05	1203.90
854.23	1205.84
854.41	1211.66
854.59	1216.00
854.77	1206.66
854.95	1204.90
855.13	1201.01
855.31	1213.24
855.49	1209.02
855.67	1209.33
855.84	1204.33
856.02	1211.09
856.20	1202.81
856.38	1210.55
856.56	1201.71
856.74	1214.69
856.92	1202.77
857.10	1209.71
857.28	1204.33
857.46	1210.78
857.64	1206.03
857.82	1210.90
858.00	1200.85
858.18	1210.96
858.36	1200.50
858.54	1212.03
858.72	1204.51
858.90	1210.31
859.08	1205.29
859.25	1215.78
859.43	1203.49
859.61	1213.34
859.79	1204.92
859.97	1214.71
860.15	1206.54
860.33	1211.39
860.51	1202.79
860.69	1209.10
860.87	1203.12
861.05	1211.48
861.23	1205.23
861.41	1213.95
861.58	1198.64
861.76	1209.41
861.94	1206.91
862.12	1209.53
862.30	1203.30
862.48	1215.37
862.66	1199.45
862.84	1209.39
863.02	1204.43
863.20	1210.94
863.37	1206.75
863.55	1206.25
863.73	1202.92
863.91	1212.07
864.09	1204.55
864.27	1203.76
864.45	1209.31
864.63	1212.62
864.80	1200.83
864.98	1209.69
865.16	1202.94
865.34	1205.93
865.52	1209.26
865.70	1212.73
865.88	1202.20
866.06	1210.96
866.23	1203.06
866.41	1211.29
866.59	1204.14
866.77	1204.80
866.95	1205.43
867.13	1211.72
867.31	1205.39
867.48	1209.33
867.66	1206.81
867.84	1209.65
868.02	1210.37
868.20	1205.76
868.38	1202.69
868.56	1216.43
868.73	1205.82
868.91	1208.73
869.09	1207.30
869.27	1205.27
869.45	1203.43
869.63	1213.42
869.80	1207.09
869.98	1208.28
870.16	1203.59
870.34	1208.20
870.52	1202.20
870.70	1208.63
870.87	1197.65
871.05	1212.75
871.23	1208.30
871.41	1214.12
871.59	1204.04
871.76	1219.40
871.94	1210.74
872.12	1207.01
872.30	1201.69
872.48	1214.28
872.65	1196.89
872.83	1214.16
873.01	1207.65
873.19	1207.81
873.37	1205.76
873.54	1209.61
873.72	1207.73
873.90	1216.43
874.08	1204.49
874.26	1204.33
874.43	1203.63
874.61	1212.42
874.79	1202.16
874.97	1209.22
875.15	1203.69
875.32	1215.31
875.50	1201.46
875.68	1213.38
875.86	1202.65
876.03	1206.21
876.21	1198.43
876.39	1221.82
876.57	1212.95
876.74	1211.43
876.92	1208.77
877.10	1208.32
877.28	1202.40
877.45	1204.47
877.63	1195.50
877.81	1212.79
877.99	1210.74
878.17	1211.54
878.34	1202.61
878.52	1210.98
878.70	1201.83
878.87	1215.51
879.05	1204.59
879.23	1211.25
879.41	1209.53
879.58	1209.76
879.76	1207.36
879.94	1208.01
880.12	1201.36
880.29	1214.49
880.47	1202.87
880.65	1211.68
880.83	1210.76
881.00	1216.86
881.18	1210.29
881.36	1215.35
881.53	1199.58
881.71	1206.21
881.89	1206.99
882.07	1205.70
882.24	1203.00
882.42	1211.46
882.60	1202.16
882.77	1207.73
882.95	1203.61
883.13	1208.24
883.30	1203.94
883.48	1201.17
883.66	1204.90
883.84	1207.24
884.01	1202.08
884.19	1209.08
884.37	1206.09
884.54	1212.05
884.72	1202.26
884.90	1204.59
885.07	1208.01
885.25	1211.00
885.43	1197.41
885.60	1209.51
885.78	1203.76
885.96	1209.98
886.13	1204.53
886.31	1209.06
886.49	1202.10
886.66	1206.87
886.84	1210.86
887.02	1207.05
887.19	1199.80
887.37	1208.65
887.55	1208.16
887.72	1206.60
887.90	1202.38
888.08	1206.48
888.25	1192.59
888.43	1211.27
888.61	1200.77
888.78	1201.85
888.96	1201.93
889.14	1210.60
889.31	1205.37
889.49	1208.92
889.67	1208.87
889.84	1212.17
890.02	1199.74
890.19	1205.66
890.37	1202.59
890.55	1212.17
890.72	1202.77
890.90	1208.49
891.08	1203.80
891.25	1209.35
891.43	1205.72
891.60	1213.05
891.78	1205.91
891.96	1217.52
892.13	1201.67
892.31	1208.67
892.48	1209.08
892.66	1209.16
892.84	1204.02
893.01	1214.94
893.19	1204.14
893.36	1206.27
893.54	1208.49
893.72	1212.11
893.89	1208.61
894.07	1204.78
894.24	1205.58
894.42	1229.31
894.60	1209.16
894.77	1219.50
894.95	1208.83
895.12	1209.43
895.30	1206.19
895.48	1209.94
895.65	1199.97
895.83	1204.92
896.00	1201.01
896.18	1213.26
896.35	1207.24
896.53	1211.35
896.71	1206.79
896.88	1209.06
897.06	1206.46
897.23	1205.00
897.41	1197.65
897.58	1215.51
897.76	1202.98
897.93	1217.03
898.11	1201.67
898.29	1210.76
898.46	1197.24
898.64	1213.46
898.81	1211.68
898.99	1202.01
899.16	1201.79
899.34	1211.64
899.51	1206.95
899.69	1214.18
899.86	1207.97
900.04	1207.91
900.21	1204.25
900.39	1211.97
900.57	1206.21
900.74	1208.26
900.92	1210.23
901.09	1211.43
901.27	1202.26
901.44	1214.65
901.62	1199.95
901.79	1210.14
901.97	1208.06
902.14	1214.42
902.32	1200.81
902.49	1213.09
902.67	1203.78
902.84	1211.31
903.02	1204.64
903.19	1202.69
903.37	1204.06
903.54	1206.77
903.72	1205.07
903.89	1210.29
904.07	1203.98
904.24	1216.92
904.42	1207.50
904.59	1207.71
904.77	1204.33
904.94	1211.05
905.12	1208.83
905.29	1216.23
905.47	1197.37
905.64	1207.09
905.82	1206.85
905.99	1212.23
906.16	1204.98
906.34	1212.56
906.51	1207.42
906.69	1215.94
906.86	1200.17
907.04	1212.09
907.21	1206.13
907.39	1204.02
907.56	1207.73
907.74	1212.34
907.91	1205.86
908.09	1211.99
908.26	1207.05
908.43	1205.88
908.61	1203.96
908.78	1209.71
908.96	1203.55
909.13	1203.82
909.31	1203.82
909.48	1212.87
909.65	1208.69
909.83	1204.02
910.00	1205.09
910.18	1213.50
910.35	1206.01
910.53	1211.54
910.70	1206.70
910.87	1211.74
911.05	1208.24
911.22	1206.97
911.40	1198.37
911.57	1213.97
911.75	1203.53
911.92	1211.23
912.09	1201.26
912.27	1207.83
912.44	1205.48
912.62	1209.12
912.79	1206.07
912.96	1210.90
913.14	1200.31
913.31	1212.03
913.49	1201.58
913.66	1212.50
913.83	1212.81
914.01	1210.02
914.18	1207.85
914.36	1208.47
914.53	1200.79
914.70	1208.90
914.88	1208.71
915.05	1213.07
915.22	1199.95
915.40	1208.49
915.57	1206.83
915.75	1217.56
915.92	1207.32
916.09	1211.80
916.27	1201.79
916.44	1208.85
916.61	1204.35
916.79	1216.49
916.96	1207.03
917.13	1215.74
917.31	1207.36
917.48	1207.61
917.66	1203.98
917.83	1207.26
918.00	1198.43
918.18	1213.09
918.35	1197.92
918.52	1205.86
918.70	1205.25
918.87	1207.48
919.04	1197.10
919.22	1210.76
919.39	1204.49
919.56	1211.56
919.74	1205.35
919.91	1204.45
920.08	1196.32
920.26	1210.08
920.43	1214.83
920.60	1215.65
920.78	1206.17
920.95	1215.18
921.12	1205.86
921.29	1213.97
921.47	1203.63
921.64	1206.54
921.81	1207.40
921.99	1215.92
922.16	1195.42
922.33	1205.45
922.51	1207.81
922.68	1218.01
922.85	1203.71
923.03	1209.67
923.20	1203.22
923.37	1212.99
923.54	1203.84
923.72	1208.75
923.89	1201.73
924.06	1215.88
924.24	1206.46
924.41	1217.11
924.58	1203.00
924.75	1215.63
924.93	1216.76
925.10	1211.72
925.27	1202.87
925.44	1216.02
925.62	1206.23
925.79	1202.12
925.96	1205.99
926.14	1212.93
926.31	1205.45
926.48	1212.77
926.65	1203.59
926.83	1209.10
927.00	1204.62
927.17	1206.23
927.34	1206.44
927.52	1211.97
927.69	1204.25
927.86	1204.14
928.03	1204.06
928.21	1213.59
928.38	1200.52
928.55	1205.91
928.72	1206.97
928.89	1208.65
929.07	1205.54
929.24	1214.47
929.41	1196.05
929.58	1206.97
929.76	1203.06
929.93	1208.38
930.10	1202.01
930.27	1214.55
930.44	1200.56
930.62	1212.07
930.79	1201.42
930.96	1214.02
931.13	1210.94
931.31	1212.85
931.48	1205.86
931.65	1211.48
931.82	1206.38
931.99	1210.00
932.17	1201.87
932.34	1212.77
932.51	1205.15
932.68	1211.43
932.85	1200.56
933.03	1217.11
933.20	1204.59
933.37	1212.58
933.54	1204.96
933.71	1213.22
933.88	1202.46
934.06	1210.06
934.23	1209.61
934.40	1211.41
934.57	1203.63
934.74	1212.19
934.91	1203.32
935.09	1213.26
935.26	1205.13
935.43	1208.04
935.60	1206.70
935.77	1213.61
935.94	1206.91
936.12	1211.11
936.29	1210.49
936.46	1213.61
936.63	1203.67
936.80	1215.98
936.97	1203.12
937.14	1209.92
937.32	1206.62
937.49	1213.93
937.66	1205.11
937.83	1209.37
938.00	1202.81
938.17	1215.72
938.34	1204.04
938.52	1211.58
938.69	1199.50
938.86	1212.68
939.03	1201.95
939.20	1214.06
939.37	1204.72
939.54	1209.82
939.71	1205.21
939.89	1216.78
940.06	1208.34
940.23	1205.72
940.40	1199.74
940.57	1217.66
940.74	1207.15
940.91	1206.17
941.08	1204.70
941.25	1212.11
941.43	1205.97
941.60	1211.46
941.77	1204.04
941.94	1213.63
942.11	1203.06
942.28	1218.17
942.45	1206.34
942.62	1199.02
942.79	1205.25
942.96	1214.02
943.13	1205.58
943.30	1219.75
943.48	1212.15
943.65	1211.56
943.82	1207.89
943.99	1210.51
944.16	1198.21
944.33	1210.25
944.50	1202.03
944.67	1206.48
944.84	1203.73
945.01	1208.87
945.18	1199.86
945.35	1212.42
945.52	1206.58
945.69	1211.46
945.86	1212.87
946.03	1217.33
946.21	1205.50
946.38	1214.02
946.55	1207.03
946.72	1213.91
946.89	1199.90
947.06	1210.31
947.23	1207.85
947.40	1205.76
947.57	1201.95
947.74	1202.71
947.91	1210.37
948.08	1209.47
948.25	1208.63
948.42	1206.95
948.59	1199.19
948.76	1205.88
948.93	1205.74
949.10	1220.86
949.27	1203.45
949.44	1213.69
949.61	1192.76
949.78	1204.31
949.95	1207.63
950.12	1208.06
950.29	1203.63
950.46	1212.30
950.63	1204.70
950.80	1214.06
950.97	1203.30
951.14	1211.23
951.31	1201.69
951.48	1210.23
951.65	1202.16
951.82	1208.28
951.99	1200.03
952.16	1206.77
952.33	1198.33
952.50	1216.31
952.67	1207.89
952.84	1211.37
953.01	1201.97
953.18	1217.27
953.35	1206.70
953.52	1207.73
953.69	1202.75
953.86	1208.69
954.03	1206.38
954.20	1211.48
954.37	1208.61
954.54	1212.38
954.70	1199.78
954.87	1208.75
955.04	1197.14
955.21	1218.50
955.38	1205.52
955.55	1211.09
955.72	1209.69
955.89	1203.73
956.06	1213.59
956.23	1207.40
956.40	1209.88
956.57	1216.00
956.74	1199.43
956.91	1212.13
957.08	1203.61
957.25	1210.53
957.41	1202.40
957.58	1211.70
957.75	1203.55
957.92	1212.83
958.09	1198.53
958.26	1212.52
958.43	1205.41
958.60	1214.02
958.77	1203.32
958.94	1210.90
959.11	1202.26
959.27	1210.41
959.44	1211.66
959.61	1213.87
959.78	1203.59
959.95	1205.48
960.12	1206.17
960.29	1206.38
960.46	1205.39
960.63	1217.82
960.80	1204.86
960.96	1222.33
961.13	1208.67
961.30	1210.37
961.47	1209.20
961.64	1215.33
961.81	1198.12
961.98	1209.28
962.15	1205.43
962.31	1208.81
962.48	1203.98
962.65	1214.88
962.82	1202.63
962.99	1211.05
963.16	1203.20
963.33	1206.75
963.49	1201.63
963.66	1210.33
963.83	1208.85
964.00	1210.64
964.17	1199.60
964.34	1212.38
964.51	1200.46
964.67	1219.32
964.84	1213.34
965.01	1229.76
965.18	1202.03
965.35	1202.53
965.52	1193.78
965.68	1213.30
965.85	1209.18
966.02	1215.08
966.19	1205.54
966.36	1209.67
966.52	1204.76
966.69	1215.90
966.86	1211.15
967.03	1205.76
967.20	1200.54
967.37	1212.64
967.53	1207.24
967.70	1211.19
967.87	1203.63
968.04	1213.95
968.21	1207.99
968.37	1214.96
968.54	1202.12
968.71	1207.30
968.88	1206.77
969.05	1212.21
969.21	1204.62
969.38	1205.72
969.55	1197.16
969.72	1212.54
969.89	1205.39
970.05	1208.69
970.22	1208.67
970.39	1209.94
970.56	1198.78
970.72	1215.61
970.89	1212.93
971.06	1215.16
971.23	1204.84
971.39	1214.79
971.56	1205.27
971.73	1213.38
971.90	1202.14
972.07	1212.13
972.23	1201.28
972.40	1204.57
972.57	1206.77
972.74	1213.44
972.90	1202.34
973.07	1211.43
973.24	1192.08
973.40	1209.00
973.57	1201.99
973.74	1215.29
973.91	1207.73
974.07	1214.28
974.24	1209.39
974.41	1217.99
974.58	1201.42
974.74	1217.01
974.91	1203.88
975.08	1205.58
975.25	1204.59
975.41	1208.90
975.58	1198.68
975.75	1210.51
975.91	1198.57
976.08	1211.00
976.25	1206.93
976.42	1209.80
976.58	1207.42
976.75	1213.26
976.92	1202.24
977.08	1205.78
977.25	1206.79
977.42	1203.47
977.58	1208.81
977.75	1212.52
977.92	1206.83
978.08	1211.62
978.25	1210.10
978.42	1199.52
978.59	1207.95
978.75	1212.83
978.92	1206.54
979.09	1208.75
979.25	1205.05
979.42	1211.99
979.59	1203.94
979.75	1213.67
979.92	1207.81
980.09	1208.59
980.25	1205.21
980.42	1213.87
980.59	1205.43
980.75	1209.57
980.92	1214.34
981.09	1208.87
981.25	1201.77
981.42	1212.58
981.59	1210.29
981.75	1205.72
981.92	1203.90
982.08	1202.42
982.25	1203.94
982.42	1208.67
982.58	1204.25
982.75	1215.33
982.92	1205.17
983.08	1206.42
983.25	1199.70
983.42	1203.90
983.58	1201.03
983.75	1210.70
983.91	1201.97
984.08	1209.47
984.25	1207.56
984.41	1220.79
984.58	1201.63
984.74	1214.32
984.91	1199.45
985.08	1209.02
985.24	1198.66
985.41	1211.60
985.57	1211.46
985.74	1214.18
985.91	1202.61
986.07	1209.53
986.24	1204.33
986.40	1210.70
986.57	1205.35
986.74	1217.27
986.90	1198.64
987.07	1209.76
987.23	1203.06
987.40	1206.46
987.57	1209.76
987.73	1214.14
987.90	1206.83
988.06	1214.36
988.23	1202.96
988.39	1205.68
988.56	1202.42
988.73	1211.37
988.89	1205.48
989.06	1204.66
989.22	1207.46
989.39	1210.33
989.55	1210.49
989.72	1209.94
989.88	1206.68
990.05	1213.48
990.22	1200.27
990.38	1209.94
990.55	1196.42
990.71	1210.66
990.88	1199.09
991.04	1206.81
991.21	1204.00
991.37	1217.99
991.54	1205.07
991.70	1203.55
991.87	1202.87
992.03	1211.99
992.20	1208.71
992.36	1208.49
992.53	1205.27
992.69	1213.87
992.86	1206.95
993.03	1206.93
993.19	1207.52
993.36	1215.16
993.52	1202.44
993.69	1208.81
993.85	1208.55
994.02	1212.07
994.18	1209.12
994.35	1208.24
994.51	1201.24
994.68	1204.98
994.84	1208.14
995.01	1215.74
995.17	1206.85
995.34	1207.13
995.50	1199.95
995.66	1210.70
995.83	1207.93
995.99	1213.59
996.16	1203.55
996.32	1210.33
996.49	1194.72
996.65	1199.66
996.82	1205.45
996.98	1202.59
997.15	1207.52
997.31	1206.60
997.48	1200.36
997.64	1209.88
997.81	1206.38
997.97	1212.13
998.13	1206.50
998.30	1210.80
998.46	1205.82
998.63	1213.42
998.79	1201.77
998.96	1206.03
999.12	1208.16
999.29	1211.33
999.45	1201.20
999.61	1217.48
999.78	1204.64
999.94	1205.29
1000.11	1209.28
1000.27	1220.75
1000.44	1203.73
1000.60	1203.88
1000.76	1207.85
1000.93	1218.89
1001.09	1199.97
1001.26	1213.75
1001.42	1207.15
1001.59	1218.21
1001.75	1201.83
1001.91	1208.61
1002.08	1206.68
1002.24	1207.48
1002.41	1211.64
1002.57	1209.06
1002.73	1203.78
1002.90	1206.99
1003.06	1205.82
1003.23	1211.72
1003.39	1209.51
1003.55	1211.52
1003.72	1195.73
1003.88	1214.51
1004.04	1198.37
1004.21	1217.54
1004.37	1208.40
1004.54	1218.60
1004.70	1203.61
1004.86	1210.90
1005.03	1204.45
1005.19	1206.17
1005.35	1208.18
1005.52	1214.12
1005.68	1205.35
1005.85	1212.50
1006.01	1202.77
1006.17	1214.65
1006.34	1201.71
1006.50	1212.62
1006.66	1199.56
1006.83	1207.99
1006.99	1203.10
1007.15	1211.74
1007.32	1204.98
1007.48	1206.93
1007.64	1197.22
1007.81	1214.28
1007.97	1213.56
1008.13	1209.28
1008.30	1205.17
1008.46	1206.79
1008.62	1205.82
1008.79	1217.99
1008.95	1208.53
1009.11	1210.88
1009.28	1202.77
1009.44	1209.78
1009.60	1212.83
1009.77	1210.84
1009.93	1206.27
1010.09	1202.10
1010.25	1205.56
1010.42	1210.45
1010.58	1206.77
1010.74	1212.09
1010.91	1199.62
1011.07	1209.69
1011.23	1206.85
1011.40	1207.07
1011.56	1200.79
1011.72	1210.45
1011.88	1208.65
1012.05	1209.28
1012.21	1208.22
1012.37	1202.79
1012.54	1209.04
1012.70	1214.24
1012.86	1206.17
1013.02	1209.86
1013.19	1208.10
1013.35	1213.46
1013.51	1194.66
1013.67	1212.58
1013.84	1203.28
1014.00	1214.98
1014.16	1206.87
1014.33	1211.50
1014.49	1199.39
1014.65	1209.26
1014.81	1204.80
1014.98	1210.90
1015.14	1194.87
1015.30	1213.69
1015.46	1202.89
1015.62	1220.43
1015.79	1199.29
1015.95	1207.15
1016.11	1205.76
1016.27	1206.40
1016.44	1204.53
1016.60	1202.73
1016.76	1198.47
1016.92	1213.24
1017.09	1206.89
1017.25	1203.10
1017.41	1204.76
1017.57	1206.32
1017.73	1208.04
1017.90	1212.27
1018.06	1207.22
1018.22	1210.14
1018.38	1200.15
1018.54	1204.31
1018.71	1197.55
1018.87	1210.25
1019.03	1201.63
1019.19	1211.74
1019.35	1211.05
1019.52	1209.78
1019.68	1195.30
1019.84	1206.75
1020.00	1209.74
1020.16	1212.89
1020.33	1202.63
1020.49	1206.23
1020.65	1207.71
1020.81	1209.61
1020.97	1204.04
1021.13	1212.73
1021.30	1203.78
1021.46	1211.76
1021.62	1201.75
1021.78	1211.15
1021.94	1208.81
1022.10	1211.82
1022.27	1209.45
1022.43	1213.69
1022.59	1203.47
1022.75	1209.28
1022.91	1205.60
1023.07	1214.83
1023.24	1194.07
1023.40	1213.30
1023.56	1208.87
1023.72	1207.63
1023.88	1205.48
1024.04	1213.52
1024.20	1200.19
1024.36	1209.90
1024.53	1205.76
1024.69	1207.34
1024.85	1199.56
1025.01	1208.59
1025.17	1208.96
1025.33	1212.56
1025.49	1209.00
1025.65	1207.85
1025.82	1203.92
1025.98	1209.06
1026.14	1205.95
1026.30	1208.85
1026.46	1205.80
1026.62	1209.98
1026.78	1205.78
1026.94	1210.76
1027.10	1197.28
1027.26	1209.02
1027.43	1203.92
1027.59	1215.43
1027.75	1205.56
1027.91	1210.45
1028.07	1198.31
1028.23	1203.49
1028.39	1206.52
1028.55	1208.75
1028.71	1204.19
1028.87	1211.15
1029.03	1204.14
1029.19	1209.82
1029.36	1207.46
1029.52	1207.87
1029.68	1200.15
1029.84	1213.93
1030.00	1196.01
1030.16	1204.49
1030.32	1202.51
1030.48	1215.55
1030.64	1200.68
1030.80	1214.75
1030.96	1206.81
1031.12	1211.68
1031.28	1203.45
1031.44	1213.56
1031.60	1209.20
1031.76	1210.02
1031.92	1202.94
1032.08	1219.40
1032.24	1204.64
1032.40	1207.03
1032.56	1202.77
1032.73	1211.82
1032.89	1205.78
1033.05	1211.43
1033.21	1204.33
1033.37	1208.12
1033.53	1195.03
1033.69	1208.98
1033.85	1206.40
1034.01	1211.21
1034.17	1210.17
1034.33	1203.37
1034.49	1208.57
1034.65	1205.86
1034.81	1198.78
1034.97	1215.57
1035.13	1213.46
1035.29	1201.32
1035.45	1196.79
1035.61	1215.63
1035.77	1206.79
1035.93	1211.60
1036.09	1203.96
1036.25	1204.70
1036.41	1210.23
1036.57	1209.92
1036.73	1200.99
1036.88	1213.59
1037.04	1204.27
