345.52	1183.28
345.73	1183.28
345.94	1183.28
346.16	1173.34
346.37	1186.37
346.58	1183.11
346.79	1182.93
347.00	1183.46
347.22	1187.04
347.43	1179.77
347.64	1188.40
347.85	1183.15
348.06	1186.00
348.28	1179.51
348.49	1190.42
348.70	1184.38
348.91	1193.82
349.12	1177.25
349.34	1186.14
349.55	1181.19
349.76	1190.65
349.97	1179.34
350.18	1184.36
350.40	1179.22
350.61	1194.03
350.82	1186.20
351.03	1191.10
351.24	1183.52
351.46	1185.32
351.67	1184.52
351.88	1193.33
352.09	1177.52
352.30	1187.19
352.51	1181.66
352.73	1197.37
352.94	1183.34
353.15	1193.15
353.36	1185.30
353.57	1185.12
353.79	1178.26
354.00	1191.63
354.21	1188.27
354.42	1190.53
354.63	1181.43
354.84	1182.82
355.06	1182.87
355.27	1188.80
355.48	1180.04
355.69	1188.93
355.90	1182.56
356.11	1187.94
356.33	1183.66
356.54	1191.86
356.75	1185.81
356.96	1191.06
357.17	1183.97
357.38	1186.84
357.60	1181.13
357.81	1193.58
358.02	1187.31
358.23	1187.04
358.44	1182.11
358.65	1185.30
358.87	1179.67
359.08	1192.10
359.29	1175.12
359.50	1192.76
359.71	1181.88
359.92	1190.71
360.13	1181.78
360.35	1186.04
360.56	1179.40
360.77	1180.24
360.98	1188.29
361.19	1186.20
361.40	1187.76
361.62	1190.81
361.83	1180.78
362.04	1188.19
362.25	1176.09
362.46	1191.41
362.67	1184.16
362.88	1184.98
363.10	1188.09
363.31	1191.14
363.52	1183.83
363.73	1186.65
363.94	1187.29
364.15	1185.55
364.36	1183.97
364.57	1187.39
364.79	1183.25
365.00	1190.73
365.21	1187.15
365.42	1188.89
365.63	1178.42
365.84	1194.40
366.05	1181.88
366.27	1190.73
366.48	1180.16
366.69	1192.57
366.90	1187.06
367.11	1191.00
367.32	1190.67
367.53	1192.66
367.74	1182.01
367.95	1186.57
368.17	1188.01
368.38	1186.18
368.59	1186.27
368.80	1188.40
369.01	1178.75
369.22	1192.14
369.43	1182.48
369.64	1181.37
369.86	1188.74
370.07	1192.47
370.28	1181.80
370.49	1186.88
370.70	1183.40
370.91	1193.66
371.12	1182.07
371.33	1184.69
371.54	1185.73
371.76	1193.90
371.97	1176.84
372.18	1193.39
372.39	1185.77
372.60	1191.61
372.81	1185.81
373.02	1194.44
373.23	1197.65
373.44	1188.07
373.65	1187.19
373.87	1192.16
374.08	1182.37
374.29	1193.82
374.50	1179.06
374.71	1187.66
374.92	1191.18
375.13	1193.99
375.34	1182.48
375.55	1198.88
375.76	1188.72
375.97	1195.07
376.19	1189.75
376.40	1186.88
376.61	1187.00
376.82	1187.62
377.03	1183.68
377.24	1190.40
377.45	1185.36
377.66	1191.59
377.87	1182.50
378.08	1193.00
378.29	1184.01
378.50	1191.59
378.71	1184.73
378.93	1193.56
379.14	1186.35
379.35	1193.33
379.56	1185.53
379.77	1188.33
379.98	1182.17
380.19	1204.21
380.40	1183.66
380.61	1195.58
380.82	1185.32
381.03	1196.16
381.24	1182.58
381.45	1191.77
381.66	1185.71
381.88	1196.83
382.09	1187.19
382.30	1191.06
382.51	1192.20
382.72	1189.46
382.93	1175.84
383.14	1191.98
383.35	1185.96
383.56	1201.24
383.77	1188.62
383.98	1188.40
384.19	1186.14
384.40	1196.05
384.61	1180.65
384.82	1198.70
385.03	1181.96
385.24	1191.36
385.45	1186.82
385.67	1193.80
385.88	1192.00
386.09	1199.09
386.30	1189.32
386.51	1191.04
386.72	1181.88
386.93	1189.28
387.14	1187.74
387.35	1194.64
387.56	1184.91
387.77	1193.95
387.98	1179.67
388.19	1188.93
388.40	1189.13
388.61	1194.78
388.82	1183.83
389.03	1193.58
389.24	1192.61
389.45	1184.28
389.66	1187.43
389.87	1187.84
390.08	1190.57
390.29	1190.30
390.50	1184.38
390.71	1191.34
390.92	1190.44
391.13	1196.51
391.34	1184.87
391.55	1191.55
391.76	1183.73
391.98	1196.83
392.19	1180.65
392.40	1190.07
392.61	1188.80
392.82	1190.16
393.03	1191.49
393.24	1193.21
393.45	1179.14
393.66	1194.25
393.87	1190.26
394.08	1195.30
394.29	1186.10
394.50	1193.95
394.71	1183.07
394.92	1193.60
395.13	1186.04
395.34	1198.84
395.55	1186.53
395.76	1189.15
395.97	1184.07
396.18	1197.18
396.39	1193.00
396.60	1194.50
396.81	1185.08
397.02	1199.50
397.23	1186.02
397.44	1189.09
397.65	1183.54
397.86	1192.98
398.07	1186.47
398.28	1186.94
398.49	1181.51
398.70	1196.05
398.91	1191.14
399.12	1191.84
399.33	1189.52
399.54	1197.26
399.75	1187.84
399.96	1196.44
400.17	1186.78
400.38	1195.50
400.59	1190.07
400.80	1194.27
401.01	1185.57
401.22	1195.32
401.42	1190.16
401.63	1191.43
401.84	1191.22
402.05	1190.75
402.26	1187.35
402.47	1191.59
402.68	1199.50
402.89	1197.34
403.10	1195.07
403.31	1190.77
403.52	1194.70
403.73	1191.98
403.94	1196.51
404.15	1204.78
404.36	1201.83
404.57	1208.04
404.78	1193.02
404.99	1211.37
405.20	1209.45
405.41	1216.23
405.62	1222.66
405.83	1219.34
406.04	1219.30
406.25	1224.01
406.46	1224.79
406.67	1242.40
406.88	1239.23
407.09	1251.60
407.30	1255.92
407.50	1263.86
407.71	1265.24
407.92	1285.31
408.13	1276.05
408.34	1286.78
408.55	1296.57
408.76	1295.95
408.97	1289.75
409.18	1304.84
409.39	1307.51
409.60	1307.48
409.81	1302.08
410.02	1308.02
410.23	1298.70
410.44	1306.28
410.65	1305.81
410.86	1315.39
411.07	1314.90
411.27	1322.17
411.48	1313.75
411.69	1317.83
411.90	1318.18
412.11	1324.73
412.32	1309.84
412.53	1313.77
412.74	1297.00
412.95	1298.39
413.16	1290.51
413.37	1288.83
413.58	1276.29
413.79	1277.24
414.00	1257.45
414.20	1264.19
414.41	1252.58
414.62	1264.70
414.83	1250.51
415.04	1261.47
415.25	1246.60
415.46	1260.59
415.67	1241.27
415.88	1251.60
416.09	1229.13
416.30	1259.58
416.51	1240.99
416.71	1242.61
416.92	1231.85
417.13	1239.27
417.34	1233.55
417.55	1237.81
417.76	1227.80
417.97	1233.51
418.18	1230.67
418.39	1230.85
418.60	1221.41
418.81	1233.90
419.01	1222.21
419.22	1232.20
419.43	1230.05
419.64	1231.24
419.85	1219.59
420.06	1225.32
420.27	1222.53
420.48	1234.60
420.69	1219.26
420.90	1224.85
421.10	1218.17
421.31	1223.72
421.52	1217.58
421.73	1223.25
421.94	1214.79
422.15	1224.07
422.36	1220.12
422.57	1221.51
422.78	1217.58
422.98	1221.22
423.19	1220.10
423.40	1223.29
423.61	1216.90
423.82	1226.22
424.03	1225.20
424.24	1228.82
424.45	1219.38
424.65	1239.82
424.86	1237.26
425.07	1256.47
425.28	1262.61
425.49	1273.94
425.70	1278.85
425.91	1295.73
426.12	1297.24
426.32	1301.79
426.53	1303.43
426.74	1314.65
426.95	1305.68
427.16	1303.10
427.37	1294.54
427.58	1304.72
427.78	1283.07
427.99	1281.91
428.20	1266.34
428.41	1264.89
428.62	1243.38
428.83	1251.60
429.04	1224.05
429.24	1229.23
429.45	1215.04
429.66	1222.00
429.87	1210.23
430.08	1218.75
430.29	1212.87
430.50	1211.31
430.70	1206.29
430.91	1213.63
431.12	1208.81
431.33	1209.28
431.54	1203.67
431.75	1214.55
431.96	1210.60
432.16	1212.07
432.37	1198.04
432.58	1202.53
432.79	1196.98
433.00	1202.44
433.21	1196.85
433.41	1193.74
433.62	1198.10
433.83	1196.18
434.04	1190.40
434.25	1192.78
434.46	1185.24
434.66	1199.64
434.87	1193.04
435.08	1195.89
435.29	1194.01
435.50	1195.81
435.71	1193.00
435.91	1196.14
436.12	1192.55
436.33	1191.02
436.54	1187.41
436.75	1196.96
436.95	1187.56
437.16	1195.19
437.37	1186.47
437.58	1198.98
437.79	1190.24
438.00	1199.62
438.20	1183.75
438.41	1196.83
438.62	1188.66
438.83	1193.92
439.04	1187.19
439.24	1189.34
439.45	1195.26
439.66	1183.46
439.87	1196.83
440.08	1204.47
440.28	1193.31
440.49	1194.13
440.70	1182.54
440.91	1196.81
441.12	1196.75
441.32	1197.02
441.53	1181.96
441.74	1194.40
441.95	1189.32
442.16	1188.48
442.36	1181.45
442.57	1191.77
442.78	1187.80
442.99	1199.80
443.20	1187.60
443.40	1192.16
443.61	1191.39
443.82	1189.81
444.03	1177.85
444.24	1194.17
444.44	1191.61
444.65	1198.55
444.86	1189.73
445.07	1191.47
445.27	1175.47
445.48	1194.85
445.69	1191.57
445.90	1187.49
446.11	1184.89
446.31	1193.76
446.52	1186.82
446.73	1193.11
446.94	1192.94
447.14	1193.60
447.35	1187.19
447.56	1190.81
447.77	1190.61
447.97	1193.47
448.18	1184.73
448.39	1185.24
448.60	1187.74
448.81	1190.14
449.01	1193.19
449.22	1193.72
449.43	1178.83
449.64	1194.58
449.84	1192.90
450.05	1198.74
450.26	1197.37
450.47	1192.92
450.67	1185.86
450.88	1194.62
451.09	1191.75
451.30	1189.62
451.50	1187.45
451.71	1186.96
451.92	1188.52
452.13	1193.29
452.33	1187.04
452.54	1195.62
452.75	1194.42
452.96	1192.25
453.16	1189.11
453.37	1195.75
453.58	1182.19
453.79	1195.34
453.99	1185.75
454.20	1186.37
454.41	1191.45
454.61	1189.42
454.82	1186.76
455.03	1195.30
455.24	1187.74
455.44	1190.18
455.65	1186.43
455.86	1195.26
456.07	1184.09
456.27	1191.18
456.48	1180.69
456.69	1187.64
456.90	1186.74
457.10	1201.58
457.31	1189.05
457.52	1193.88
457.72	1194.33
457.93	1199.78
458.14	1188.74
458.35	1194.54
458.55	1187.43
458.76	1192.47
458.97	1181.88
459.17	1189.93
459.38	1182.62
459.59	1195.91
459.80	1185.20
460.00	1191.34
460.21	1181.10
460.42	1187.94
460.62	1183.25
460.83	1191.92
461.04	1181.90
461.25	1186.78
461.45	1180.98
461.66	1193.04
461.87	1184.46
462.07	1188.37
462.28	1181.06
462.49	1197.08
462.69	1185.18
462.90	1193.52
463.11	1186.43
463.31	1187.56
463.52	1184.42
463.73	1189.89
463.94	1178.65
464.14	1190.46
464.35	1188.70
464.56	1191.14
464.76	1194.33
464.97	1192.37
465.18	1187.49
465.38	1195.26
465.59	1191.49
465.80	1190.63
466.00	1189.40
466.21	1191.43
466.42	1181.15
466.62	1192.57
466.83	1187.06
467.04	1190.83
467.24	1186.96
467.45	1189.15
467.66	1183.77
467.86	1195.75
468.07	1189.13
468.28	1188.93
468.48	1180.47
468.69	1199.50
468.90	1182.89
469.10	1187.06
469.31	1191.51
469.52	1189.03
469.72	1190.05
469.93	1192.00
470.14	1186.18
470.34	1193.56
470.55	1187.11
470.76	1194.85
470.96	1181.80
471.17	1187.25
471.38	1186.16
471.58	1193.09
471.79	1182.48
472.00	1190.22
472.20	1184.14
472.41	1188.74
472.62	1191.08
472.82	1194.70
473.03	1179.12
473.24	1190.24
473.44	1188.89
473.65	1198.68
473.85	1183.36
474.06	1191.10
474.27	1182.09
474.47	1190.05
474.68	1189.54
474.89	1192.10
475.09	1180.10
475.30	1191.22
475.51	1181.25
475.71	1189.26
475.92	1181.99
476.12	1191.41
476.33	1185.49
476.54	1191.55
476.74	1188.05
476.95	1196.75
477.16	1176.23
477.36	1198.10
477.57	1184.73
477.77	1195.62
477.98	1186.55
478.19	1191.14
478.39	1175.68
478.60	1197.88
478.81	1188.29
479.01	1194.23
479.22	1186.20
479.42	1187.51
479.63	1187.27
479.84	1196.10
480.04	1187.94
480.25	1189.07
480.45	1175.00
480.66	1188.07
480.87	1183.28
481.07	1195.07
481.28	1183.01
481.48	1196.83
481.69	1191.39
481.90	1191.04
482.10	1184.73
482.31	1191.55
482.51	1186.88
482.72	1195.97
482.93	1191.65
483.13	1202.79
483.34	1187.39
483.54	1190.01
483.75	1187.62
483.96	1196.44
484.16	1191.45
484.37	1193.70
484.57	1183.62
484.78	1195.79
484.99	1193.52
485.19	1194.66
485.40	1187.66
485.60	1196.91
485.81	1188.91
486.01	1196.14
486.22	1193.54
486.43	1192.51
486.63	1185.41
486.84	1187.23
487.04	1187.19
487.25	1192.88
487.46	1186.10
487.66	1191.71
487.87	1185.84
488.07	1186.22
488.28	1180.49
488.48	1188.74
488.69	1192.53
488.89	1189.34
489.10	1187.13
489.31	1187.58
489.51	1192.14
489.72	1190.65
489.92	1183.64
490.13	1191.00
490.33	1190.26
490.54	1195.28
490.75	1180.92
490.95	1185.92
491.16	1194.09
491.36	1190.69
491.57	1186.92
491.77	1192.59
491.98	1187.66
492.18	1193.68
492.39	1176.29
492.59	1191.41
492.80	1186.04
493.01	1191.84
493.21	1186.92
493.42	1185.79
493.62	1192.43
493.83	1188.05
494.03	1185.16
494.24	1193.49
494.44	1185.49
494.65	1189.50
494.85	1184.48
495.06	1194.27
495.26	1181.74
495.47	1189.93
495.68	1190.96
495.88	1187.68
496.09	1184.09
496.29	1195.40
496.50	1184.48
496.70	1190.83
496.91	1186.86
497.11	1189.01
497.32	1189.40
497.52	1194.33
497.73	1186.49
497.93	1188.50
498.14	1187.33
498.34	1196.26
498.55	1183.93
498.75	1192.27
498.96	1186.57
499.16	1196.10
499.37	1189.56
499.57	1187.37
499.78	1179.81
499.98	1195.38
500.19	1180.53
500.39	1201.73
500.60	1187.58
500.80	1191.57
501.01	1186.70
501.21	1193.56
501.42	1188.50
501.62	1178.85
501.83	1187.90
502.03	1197.63
502.24	1190.55
502.44	1192.06
502.65	1183.40
502.85	1193.66
503.06	1179.69
503.26	1193.84
503.47	1180.59
503.67	1191.79
503.88	1187.78
504.08	1191.75
504.29	1182.66
504.49	1193.92
504.70	1188.11
504.90	1194.09
505.11	1182.21
505.31	1185.30
505.52	1180.43
505.72	1191.06
505.93	1185.28
506.13	1184.46
506.34	1184.87
506.54	1194.66
506.75	1184.85
506.95	1192.16
507.16	1191.28
507.36	1196.85
507.56	1186.08
507.77	1185.67
507.97	1187.06
508.18	1197.84
508.38	1180.90
508.59	1191.49
508.79	1181.62
509.00	1196.16
509.20	1183.34
509.41	1191.77
509.61	1180.78
509.82	1192.12
510.02	1181.02
510.22	1191.90
510.43	1187.33
510.63	1189.77
510.84	1184.40
511.04	1196.53
511.25	1185.69
511.45	1190.03
511.66	1185.77
511.86	1190.50
512.06	1188.25
512.27	1192.35
512.47	1181.47
512.68	1188.99
512.88	1184.75
513.09	1188.37
513.29	1183.21
513.50	1190.67
513.70	1187.47
513.90	1192.86
514.11	1185.67
514.31	1193.23
514.52	1193.82
514.72	1188.68
514.93	1189.11
515.13	1194.35
515.33	1185.77
515.54	1186.43
515.74	1183.30
515.95	1185.28
516.15	1186.14
516.36	1195.48
516.56	1182.05
516.76	1195.36
516.97	1186.39
517.17	1187.47
517.38	1188.21
517.58	1188.11
517.78	1178.79
517.99	1194.03
518.19	1186.96
518.40	1184.46
518.60	1181.70
518.81	1190.14
519.01	1184.09
519.21	1194.35
519.42	1185.96
519.62	1193.88
519.83	1187.04
520.03	1199.00
520.23	1185.96
520.44	1194.93
520.64	1182.97
520.85	1187.19
521.05	1185.38
521.25	1192.82
521.46	1182.58
521.66	1193.09
521.86	1187.25
522.07	1188.74
522.27	1187.17
522.48	1186.37
522.68	1190.69
522.88	1184.93
523.09	1184.32
523.29	1192.25
523.50	1186.94
523.70	1195.73
523.90	1182.82
524.11	1191.41
524.31	1182.27
524.51	1190.48
524.72	1183.62
524.92	1185.65
525.13	1189.69
525.33	1198.27
525.53	1181.80
525.74	1184.01
525.94	1187.19
526.14	1196.05
526.35	1181.70
526.55	1193.19
526.76	1185.92
526.96	1191.32
527.16	1186.43
527.37	1192.23
527.57	1182.33
527.77	1188.76
527.98	1190.01
528.18	1195.28
528.38	1187.88
528.59	1198.64
528.79	1189.40
528.99	1202.03
529.20	1186.88
529.40	1190.16
529.61	1178.32
529.81	1194.89
530.01	1193.95
530.22	1186.51
530.42	1184.40
530.62	1187.35
530.83	1184.38
531.03	1188.58
531.23	1185.34
531.44	1190.12
531.64	1188.17
531.84	1195.36
532.05	1184.22
532.25	1194.21
532.45	1186.45
532.66	1198.04
532.86	1178.77
533.06	1189.26
533.27	1194.19
533.47	1189.97
533.67	1188.13
533.88	1190.34
534.08	1179.53
534.28	1194.89
534.49	1187.45
534.69	1189.32
534.89	1189.95
535.09	1189.07
535.30	1186.20
535.50	1185.98
535.70	1180.35
535.91	1196.46
536.11	1191.06
536.31	1191.14
536.52	1189.83
536.72	1194.40
536.92	1181.66
537.13	1191.94
537.33	1188.68
537.53	1193.29
537.74	1191.79
537.94	1187.29
538.14	1185.30
538.34	1190.50
538.55	1190.22
538.75	1200.62
538.95	1185.06
539.16	1188.29
539.36	1184.38
539.56	1194.54
539.77	1187.00
539.97	1197.88
540.17	1182.09
540.37	1194.44
540.58	1180.80
540.78	1194.50
540.98	1188.78
541.19	1184.34
541.39	1186.96
541.59	1186.35
541.79	1182.35
542.00	1195.52
542.20	1188.13
542.40	1190.61
542.60	1185.22
542.81	1185.90
543.01	1179.81
543.21	1189.60
543.42	1185.14
543.62	1190.73
543.82	1182.25
544.02	1196.28
544.23	1192.31
544.43	1193.35
544.63	1185.92
544.83	1189.83
545.04	1197.16
545.24	1190.07
545.44	1178.18
545.64	1193.99
545.85	1186.29
546.05	1196.65
546.25	1189.62
546.45	1188.03
546.66	1185.57
546.86	1188.37
547.06	1190.40
547.27	1201.13
547.47	1189.69
547.67	1188.50
547.87	1187.94
548.07	1190.59
548.28	1175.96
548.48	1184.14
548.68	1184.07
548.88	1192.53
549.09	1177.97
549.29	1190.79
549.49	1181.08
549.69	1191.67
549.90	1186.94
550.10	1195.99
550.30	1183.87
550.50	1194.76
550.71	1191.24
550.91	1195.32
551.11	1184.48
551.31	1190.75
551.51	1189.83
551.72	1198.10
551.92	1187.47
552.12	1194.52
552.32	1181.37
552.53	1188.13
552.73	1186.76
552.93	1187.56
553.13	1182.31
553.33	1195.83
553.54	1191.12
553.74	1195.05
553.94	1188.64
554.14	1191.63
554.35	1185.67
554.55	1195.17
554.75	1186.76
554.95	1193.95
555.15	1188.70
555.36	1191.55
555.56	1188.37
555.76	1191.47
555.96	1176.64
556.16	1192.23
556.37	1187.60
556.57	1193.29
556.77	1190.10
556.97	1185.34
557.17	1188.23
557.38	1185.88
557.58	1191.30
557.78	1190.89
557.98	1185.53
558.18	1193.66
558.38	1183.42
558.59	1187.33
558.79	1184.44
558.99	1190.93
559.19	1188.07
559.39	1199.93
559.60	1191.22
559.80	1194.97
560.00	1186.49
560.20	1192.96
560.40	1177.97
560.60	1190.61
560.81	1182.99
561.01	1191.84
561.21	1188.21
561.41	1188.93
561.61	1182.99
561.81	1197.96
562.02	1187.92
562.22	1190.89
562.42	1187.45
562.62	1184.59
562.82	1182.89
563.02	1186.82
563.23	1188.76
563.43	1189.97
563.63	1188.11
563.83	1188.87
564.03	1181.99
564.23	1190.40
564.43	1187.43
564.64	1184.44
564.84	1184.32
565.04	1195.24
565.24	1184.24
565.44	1192.88
565.64	1189.13
565.85	1187.70
566.05	1187.86
566.25	1191.00
566.45	1184.75
566.65	1185.73
566.85	1184.91
567.05	1190.44
567.25	1194.72
567.46	1199.50
567.66	1191.16
567.86	1190.50
568.06	1187.74
568.26	1194.31
568.46	1177.05
568.66	1198.74
568.86	1189.58
569.07	1194.52
569.27	1184.20
569.47	1193.86
569.67	1177.83
569.87	1192.53
570.07	1183.38
570.27	1190.07
570.47	1182.21
570.68	1191.55
570.88	1182.05
571.08	1192.35
571.28	1187.21
571.48	1189.17
571.68	1178.87
571.88	1196.12
572.08	1184.67
572.28	1184.44
572.49	1187.84
572.69	1193.13
572.89	1187.19
573.09	1185.90
573.29	1186.78
573.49	1195.62
573.69	1183.50
573.89	1188.31
574.09	1190.81
574.29	1194.21
574.50	1185.16
574.70	1189.46
574.90	1187.78
575.10	1193.62
575.30	1187.72
575.50	1198.55
575.70	1191.41
575.90	1191.45
576.10	1182.95
576.30	1190.14
576.50	1185.34
576.70	1196.20
576.91	1186.90
577.11	1187.00
577.31	1190.50
577.51	1197.61
577.71	1190.75
577.91	1194.95
578.11	1190.07
578.31	1195.13
578.51	1174.39
578.71	1192.45
578.91	1193.19
579.11	1187.92
579.31	1189.28
579.51	1191.61
579.71	1190.16
579.92	1192.76
580.12	1188.33
580.32	1193.06
580.52	1189.83
580.72	1186.55
580.92	1184.67
581.12	1191.90
581.32	1187.60
581.52	1195.50
581.72	1189.40
581.92	1192.53
582.12	1181.10
582.32	1195.89
582.52	1183.73
582.72	1192.20
582.92	1183.13
583.12	1198.18
583.32	1189.32
583.52	1188.97
583.72	1189.48
583.92	1187.17
584.12	1190.14
584.33	1196.85
584.53	1193.37
584.73	1184.38
584.93	1189.58
585.13	1193.90
585.33	1189.01
585.53	1197.30
585.73	1179.59
585.93	1192.14
586.13	1186.41
586.33	1194.25
586.53	1184.52
586.73	1192.57
586.93	1189.28
587.13	1191.98
587.33	1183.95
587.53	1193.23
587.73	1190.69
587.93	1189.64
588.13	1191.34
588.33	1192.23
588.53	1183.52
588.73	1196.63
588.93	1177.89
589.13	1190.30
589.33	1192.16
589.53	1190.30
589.73	1185.06
589.93	1193.39
590.13	1187.90
590.33	1193.06
590.53	1183.21
590.73	1184.44
590.93	1179.55
591.13	1187.68
591.33	1194.68
591.53	1189.07
591.73	1188.44
591.93	1189.44
592.13	1188.72
592.33	1189.58
592.53	1190.40
592.73	1193.95
592.93	1187.13
593.13	1188.35
593.33	1186.37
593.53	1193.88
593.73	1192.57
593.93	1192.59
594.13	1188.11
594.33	1196.81
594.53	1182.37
594.73	1191.77
594.92	1185.18
595.12	1195.87
595.32	1185.53
595.52	1193.54
595.72	1187.97
595.92	1189.42
596.12	1186.41
596.32	1190.36
596.52	1192.14
596.72	1191.08
596.92	1187.06
597.12	1181.04
597.32	1179.79
597.52	1194.27
597.72	1179.65
597.92	1196.38
598.12	1187.78
598.32	1189.69
598.52	1181.39
598.72	1188.66
598.92	1181.35
599.12	1190.87
599.31	1184.55
599.51	1195.93
599.71	1185.30
599.91	1195.26
600.11	1182.52
600.31	1188.91
600.51	1187.25
600.71	1190.16
600.91	1188.40
601.11	1194.05
601.31	1184.42
601.51	1186.41
601.71	1184.67
601.91	1184.55
602.10	1187.92
602.30	1192.84
602.50	1183.36
602.70	1199.31
602.90	1186.29
603.10	1188.85
603.30	1180.72
603.50	1196.53
603.70	1185.96
603.90	1195.97
604.10	1184.73
604.30	1189.79
604.49	1191.34
604.69	1184.05
604.89	1189.44
605.09	1196.53
605.29	1184.63
605.49	1184.12
605.69	1189.54
605.89	1193.86
606.09	1188.99
606.29	1193.56
606.48	1184.24
606.68	1194.15
606.88	1182.39
607.08	1189.81
607.28	1182.03
607.48	1191.79
607.68	1182.39
607.88	1185.81
608.08	1181.19
608.27	1185.30
608.47	1184.85
608.67	1198.02
608.87	1186.47
609.07	1197.02
609.27	1186.53
609.47	1193.02
609.67	1190.42
609.87	1189.05
610.06	1175.02
610.26	1191.84
610.46	1184.69
610.66	1195.01
610.86	1190.63
611.06	1197.37
611.26	1185.49
611.45	1190.07
611.65	1182.95
611.85	1185.69
612.05	1191.41
612.25	1186.53
612.45	1184.16
612.65	1197.28
612.84	1177.83
613.04	1195.71
613.24	1179.26
613.44	1196.01
613.64	1187.97
613.84	1192.86
614.04	1184.22
614.23	1195.32
614.43	1178.87
614.63	1196.05
614.83	1181.99
615.03	1192.72
615.23	1183.95
615.42	1194.95
615.62	1181.23
615.82	1196.98
616.02	1190.91
616.22	1191.79
616.42	1185.90
616.61	1193.27
616.81	1185.02
617.01	1192.68
617.21	1187.92
617.41	1195.34
617.61	1183.23
617.80	1188.80
618.00	1186.94
618.20	1188.27
618.40	1184.50
618.60	1186.10
618.80	1180.69
618.99	1192.16
619.19	1179.94
619.39	1193.25
619.59	1187.84
619.79	1190.01
619.98	1176.29
620.18	1194.21
620.38	1190.03
620.58	1190.53
620.78	1189.48
620.97	1192.49
621.17	1183.05
621.37	1188.74
621.57	1189.56
621.77	1192.47
621.96	1186.18
622.16	1192.43
622.36	1186.29
622.56	1192.31
622.76	1186.02
622.95	1189.11
623.15	1180.43
623.35	1182.23
623.55	1175.94
623.75	1189.75
623.94	1182.07
624.14	1194.27
624.34	1180.67
624.54	1189.17
624.73	1180.96
624.93	1198.27
625.13	1182.97
625.33	1187.58
625.53	1188.50
625.72	1190.10
625.92	1189.67
626.12	1189.79
626.32	1183.66
626.51	1192.59
626.71	1186.29
626.91	1196.08
627.11	1182.21
627.30	1194.31
627.50	1186.43
627.70	1198.00
627.90	1185.77
628.10	1183.75
628.29	1181.37
628.49	1187.74
628.69	1187.17
628.89	1200.13
629.08	1186.53
629.28	1192.53
629.48	1184.98
629.68	1186.31
629.87	1191.20
630.07	1186.29
630.27	1190.71
630.47	1187.37
630.66	1183.93
630.86	1187.45
631.06	1186.16
631.25	1193.45
631.45	1185.45
631.65	1191.30
631.85	1182.87
632.04	1189.21
632.24	1186.06
632.44	1192.02
632.64	1187.37
632.83	1187.15
633.03	1186.35
633.23	1197.32
633.42	1185.86
633.62	1183.95
633.82	1181.64
634.02	1190.93
634.21	1191.36
634.41	1188.31
634.61	1178.95
634.81	1184.09
635.00	1179.65
635.20	1184.52
635.40	1185.10
635.59	1189.73
635.79	1181.56
635.99	1200.21
636.18	1186.33
636.38	1192.57
636.58	1179.38
636.78	1186.49
636.97	1182.68
637.17	1191.10
637.37	1186.98
637.56	1190.55
637.76	1186.08
637.96	1190.36
638.15	1185.30
638.35	1192.70
638.55	1186.22
638.74	1187.47
638.94	1182.93
639.14	1183.19
639.34	1189.87
639.53	1188.01
639.73	1184.55
639.93	1186.86
640.12	1187.62
640.32	1189.97
640.52	1189.09
640.71	1191.71
640.91	1185.41
641.11	1193.39
641.30	1181.70
641.50	1191.49
641.70	1181.78
641.89	1188.40
642.09	1192.57
642.29	1192.98
642.48	1179.83
642.68	1184.48
642.88	1186.86
643.07	1192.39
643.27	1185.18
643.47	1195.03
643.66	1184.40
643.86	1188.19
644.06	1190.50
644.25	1187.11
644.45	1185.96
644.65	1185.30
644.84	1183.42
645.04	1184.91
645.23	1184.67
645.43	1187.54
645.63	1183.89
645.82	1193.49
646.02	1184.71
646.22	1186.70
646.41	1184.20
646.61	1190.48
646.81	1186.22
647.00	1192.04
647.20	1185.22
647.39	1189.99
647.59	1189.95
647.79	1187.97
647.98	1181.13
648.18	1190.12
648.38	1194.62
648.57	1189.40
648.77	1180.98
648.96	1184.93
649.16	1178.85
649.36	1193.58
649.55	1183.46
649.75	1187.47
649.95	1181.56
650.14	1197.49
650.34	1174.74
650.53	1192.00
650.73	1186.31
650.93	1184.79
651.12	1187.35
651.32	1189.83
651.51	1186.57
651.71	1192.47
651.91	1188.07
652.10	1195.40
652.30	1190.87
652.49	1186.35
652.69	1183.73
652.89	1192.53
653.08	1181.94
653.28	1189.83
653.47	1184.03
653.67	1189.23
653.86	1188.15
654.06	1189.73
654.26	1189.21
654.45	1187.80
654.65	1185.59
654.84	1191.51
655.04	1173.69
655.24	1191.32
655.43	1188.42
655.63	1186.80
655.82	1188.40
656.02	1194.78
656.21	1189.56
656.41	1190.22
656.61	1190.77
656.80	1195.50
657.00	1185.88
657.19	1188.72
657.39	1187.51
657.58	1191.82
657.78	1188.48
657.97	1194.89
658.17	1188.17
658.37	1191.67
658.56	1192.18
658.76	1190.44
658.95	1183.13
659.15	1194.78
659.34	1192.25
659.54	1190.91
659.73	1187.58
659.93	1189.95
660.13	1188.95
660.32	1185.67
660.52	1184.46
660.71	1185.75
660.91	1192.70
661.10	1201.75
661.30	1186.61
661.49	1187.21
661.69	1181.80
661.88	1191.14
662.08	1183.83
662.27	1196.46
662.47	1188.89
662.66	1184.40
662.86	1186.96
663.06	1191.94
663.25	1192.72
663.45	1197.86
663.64	1184.83
663.84	1192.47
664.03	1192.18
664.23	1180.24
664.42	1194.27
664.62	1189.40
664.81	1189.26
665.01	1190.98
665.20	1184.50
665.40	1190.28
665.59	1190.12
665.79	1189.77
665.98	1184.05
666.18	1193.52
666.37	1186.27
666.57	1191.34
666.76	1182.72
666.96	1189.87
667.15	1191.10
667.35	1187.11
667.54	1189.93
667.74	1198.90
667.93	1190.89
668.13	1189.50
668.32	1187.47
668.52	1193.70
668.71	1188.31
668.91	1191.57
669.10	1183.75
669.30	1191.43
669.49	1187.90
669.68	1194.25
669.88	1182.95
670.07	1197.24
670.27	1186.80
670.46	1187.97
670.66	1176.80
670.85	1187.66
671.05	1186.70
671.24	1189.05
671.44	1181.92
671.63	1181.90
671.83	1183.46
672.02	1196.79
672.22	1190.89
672.41	1182.44
672.60	1180.33
672.80	1195.97
672.99	1183.83
673.19	1183.03
673.38	1186.76
673.58	1190.42
673.77	1182.09
673.97	1191.18
674.16	1184.42
674.36	1189.52
674.55	1190.44
674.74	1190.01
674.94	1184.38
675.13	1192.14
675.33	1187.02
675.52	1189.73
675.72	1188.85
675.91	1195.50
676.10	1187.54
676.30	1188.31
676.49	1186.49
676.69	1192.10
676.88	1182.31
677.08	1196.30
677.27	1185.55
677.46	1190.14
677.66	1184.77
677.85	1191.47
678.05	1186.63
678.24	1192.55
678.44	1183.85
678.63	1190.53
678.82	1185.79
679.02	1190.05
679.21	1183.48
679.41	1188.46
679.60	1187.92
679.79	1191.04
679.99	1178.75
680.18	1191.75
680.38	1187.99
680.57	1189.83
680.76	1181.92
680.96	1191.22
681.15	1183.81
681.35	1188.37
681.54	1185.69
681.73	1191.34
681.93	1188.44
682.12	1196.61
682.32	1187.06
682.51	1192.12
682.70	1187.70
682.90	1192.90
683.09	1186.37
683.29	1190.96
683.48	1185.45
683.67	1187.72
683.87	1182.80
684.06	1187.08
684.25	1185.34
684.45	1197.86
684.64	1179.90
684.84	1194.40
685.03	1191.02
685.22	1199.33
685.42	1179.86
685.61	1188.37
685.80	1185.84
686.00	1193.84
686.19	1183.73
686.38	1192.78
686.58	1172.07
686.77	1189.15
686.96	1183.60
687.16	1187.84
687.35	1182.13
687.55	1195.05
687.74	1185.71
687.93	1187.35
688.13	1184.65
688.32	1193.33
688.51	1186.35
688.71	1187.13
688.90	1182.80
689.09	1188.37
689.29	1184.05
689.48	1193.13
689.67	1185.49
689.87	1189.83
690.06	1185.94
690.25	1193.23
690.45	1183.07
690.64	1189.40
690.83	1187.49
691.03	1191.63
691.22	1182.78
691.41	1196.67
691.61	1182.78
691.80	1187.62
691.99	1187.43
692.19	1199.93
692.38	1183.87
692.57	1196.12
692.76	1183.95
692.96	1195.48
693.15	1182.33
693.34	1186.65
693.54	1190.50
693.73	1200.21
693.92	1187.35
694.12	1191.47
694.31	1185.34
694.50	1189.03
694.70	1184.28
694.89	1190.67
695.08	1184.75
695.27	1186.51
695.47	1186.22
695.66	1196.53
695.85	1184.89
696.05	1193.84
696.24	1183.79
696.43	1193.41
696.62	1183.23
696.82	1194.68
697.01	1182.23
697.20	1186.98
697.40	1181.35
697.59	1187.64
697.78	1184.48
697.97	1191.43
698.17	1186.55
698.36	1189.69
698.55	1186.88
698.74	1193.95
698.94	1186.06
699.13	1189.60
699.32	1181.76
699.52	1192.18
699.71	1195.30
699.90	1194.46
700.09	1188.72
700.29	1189.40
700.48	1183.93
700.67	1184.75
700.86	1187.41
701.06	1192.49
701.25	1183.23
701.44	1188.29
701.63	1184.81
701.83	1191.71
702.02	1180.59
702.21	1189.56
702.40	1186.76
702.60	1195.03
702.79	1187.45
702.98	1191.71
703.17	1182.42
703.37	1196.32
703.56	1188.60
703.75	1187.27
703.94	1187.35
704.13	1197.53
704.33	1184.69
704.52	1187.33
704.71	1184.38
704.90	1188.72
705.10	1184.44
705.29	1194.23
705.48	1189.54
705.67	1189.13
705.86	1181.78
706.06	1187.04
706.25	1185.65
706.44	1191.28
706.63	1192.80
706.83	1193.19
707.02	1183.97
707.21	1185.57
707.40	1182.76
707.59	1189.44
707.79	1190.89
707.98	1182.35
708.17	1182.60
708.36	1195.89
708.55	1183.28
708.75	1200.17
708.94	1187.21
709.13	1191.71
709.32	1189.03
709.51	1196.03
709.71	1187.80
709.90	1189.60
710.09	1182.07
710.28	1187.00
710.47	1183.62
710.66	1186.41
710.86	1187.82
711.05	1188.01
711.24	1183.15
711.43	1195.15
711.62	1180.67
711.82	1195.93
712.01	1187.74
712.20	1184.65
712.39	1179.61
712.58	1196.75
712.77	1186.04
712.97	1189.81
713.16	1184.87
713.35	1188.21
713.54	1179.10
713.73	1197.88
713.92	1179.24
714.11	1191.34
714.31	1184.67
714.50	1188.27
714.69	1189.30
714.88	1191.71
715.07	1179.55
715.26	1194.31
715.46	1180.22
715.65	1188.09
715.84	1187.04
716.03	1197.18
716.22	1184.81
716.41	1193.54
716.60	1185.94
716.80	1186.65
716.99	1182.99
717.18	1191.30
717.37	1185.00
717.56	1193.21
717.75	1191.92
717.94	1194.74
718.13	1187.72
718.33	1187.82
718.52	1190.32
718.71	1185.69
718.90	1186.16
719.09	1197.30
719.28	1180.39
719.47	1188.25
719.66	1182.58
719.85	1191.94
720.05	1185.02
720.24	1195.60
720.43	1183.89
720.62	1189.99
720.81	1185.36
721.00	1194.93
721.19	1191.04
721.38	1186.76
721.57	1188.72
721.77	1192.72
721.96	1178.34
722.15	1189.93
722.34	1188.72
722.53	1192.12
722.72	1185.06
722.91	1188.97
723.10	1184.81
723.29	1200.42
723.48	1176.25
723.67	1186.57
723.87	1179.98
724.06	1194.56
724.25	1181.25
724.44	1186.94
724.63	1186.70
724.82	1197.94
725.01	1178.85
725.20	1186.72
725.39	1189.97
725.58	1187.70
725.77	1190.93
725.96	1188.03
726.15	1179.63
726.34	1189.34
726.54	1189.09
726.73	1188.07
726.92	1186.57
727.11	1197.80
727.30	1183.60
727.49	1186.22
727.68	1185.00
727.87	1191.43
728.06	1188.91
728.25	1188.27
728.44	1180.92
728.63	1187.27
728.82	1188.64
729.01	1193.62
729.20	1188.40
729.39	1195.24
729.58	1182.11
729.77	1188.09
729.96	1187.72
730.15	1193.54
730.34	1185.22
730.53	1190.18
730.73	1185.16
730.92	1191.75
731.11	1183.15
731.30	1196.87
731.49	1186.88
731.68	1192.94
731.87	1183.93
732.06	1190.26
732.25	1185.51
732.44	1193.54
732.63	1182.23
732.82	1193.23
733.01	1184.09
733.20	1185.73
733.39	1185.26
733.58	1194.07
733.77	1181.72
733.96	1189.69
734.15	1184.71
734.34	1187.13
734.53	1187.29
734.72	1193.02
734.91	1178.07
735.10	1187.78
735.29	1182.19
735.48	1190.36
735.67	1180.69
735.86	1197.47
736.05	1180.94
736.24	1188.76
736.43	1185.75
736.62	1192.47
736.81	1179.73
737.00	1203.18
737.19	1184.75
737.38	1194.09
737.57	1179.65
737.76	1192.63
737.95	1189.50
738.14	1192.16
738.33	1190.26
738.51	1193.31
738.70	1184.69
738.89	1189.28
739.08	1186.49
739.27	1186.90
739.46	1186.39
739.65	1187.94
739.84	1186.18
740.03	1190.14
740.22	1186.55
740.41	1188.74
740.60	1177.70
740.79	1190.01
740.98	1189.67
741.17	1195.58
741.36	1179.57
741.55	1188.93
741.74	1193.09
741.93	1190.14
742.12	1181.64
742.31	1188.97
742.50	1178.87
742.68	1195.87
742.87	1185.36
743.06	1191.69
743.25	1186.82
743.44	1192.23
743.63	1183.05
743.82	1186.45
744.01	1186.18
744.20	1188.60
744.39	1180.18
744.58	1190.73
744.77	1188.11
744.96	1188.83
745.14	1190.59
745.33	1192.33
745.52	1185.92
745.71	1187.54
745.90	1185.79
746.09	1193.84
746.28	1181.66
746.47	1188.25
746.66	1183.23
746.85	1188.11
747.04	1189.38
747.22	1192.57
747.41	1181.80
747.60	1195.38
747.79	1189.83
747.98	1189.89
748.17	1182.01
748.36	1187.25
748.55	1183.97
748.74	1191.84
748.93	1182.76
749.11	1188.33
749.30	1190.20
749.49	1190.53
749.68	1180.49
749.87	1190.61
750.06	1184.38
750.25	1185.30
750.44	1182.42
750.62	1192.14
750.81	1182.62
751.00	1189.07
751.19	1179.18
751.38	1192.98
751.57	1184.63
751.76	1189.73
751.95	1185.84
752.13	1200.42
752.32	1181.23
752.51	1188.52
752.70	1180.41
752.89	1186.90
753.08	1184.73
753.27	1188.80
753.45	1182.03
753.64	1189.54
753.83	1183.38
754.02	1187.00
754.21	1179.73
754.40	1185.28
754.58	1187.33
754.77	1191.84
754.96	1179.63
755.15	1192.12
755.34	1186.86
755.53	1189.26
755.71	1190.65
755.90	1187.64
756.09	1183.50
756.28	1190.46
756.47	1177.68
756.66	1197.90
756.84	1182.68
757.03	1192.61
757.22	1187.84
757.41	1186.45
757.60	1189.75
757.79	1191.69
757.97	1187.43
758.16	1188.50
758.35	1174.63
758.54	1193.86
758.73	1184.01
758.91	1189.95
759.10	1192.10
759.29	1192.51
759.48	1182.52
759.67	1193.62
759.85	1183.44
760.04	1195.42
760.23	1189.52
760.42	1193.64
760.61	1184.95
760.79	1191.06
760.98	1183.09
761.17	1183.83
761.36	1185.47
761.55	1187.41
761.73	1186.51
761.92	1189.32
762.11	1188.91
762.30	1194.29
762.49	1183.75
762.67	1191.32
762.86	1189.48
763.05	1184.85
763.24	1181.86
763.42	1184.07
763.61	1189.44
763.80	1186.49
763.99	1185.24
764.17	1183.23
764.36	1185.55
764.55	1189.15
764.74	1187.99
764.92	1192.02
765.11	1180.82
765.30	1191.10
765.49	1185.67
765.68	1196.05
765.86	1189.38
766.05	1188.13
766.24	1186.76
766.43	1195.19
766.61	1183.48
766.80	1186.27
766.99	1186.41
767.17	1192.31
767.36	1186.31
767.55	1190.96
767.74	1175.96
767.92	1186.06
768.11	1179.24
768.30	1194.27
768.49	1183.36
768.67	1185.12
768.86	1188.68
769.05	1198.18
769.24	1183.15
769.42	1190.61
769.61	1183.23
769.80	1184.81
769.98	1186.94
770.17	1192.14
770.36	1181.19
770.55	1186.57
770.73	1179.88
770.92	1191.02
771.11	1185.98
771.29	1195.65
771.48	1181.06
771.67	1191.88
771.86	1178.32
772.04	1188.80
772.23	1184.77
772.42	1185.20
772.60	1182.89
772.79	1188.85
772.98	1179.83
773.16	1188.97
773.35	1184.28
773.54	1186.59
773.72	1190.01
773.91	1193.49
774.10	1187.58
774.29	1186.80
774.47	1187.08
774.66	1188.80
774.85	1189.32
775.03	1184.98
775.22	1183.01
775.41	1190.01
775.59	1181.23
775.78	1192.39
775.97	1182.68
776.15	1193.37
776.34	1186.08
776.53	1185.57
776.71	1184.07
776.90	1192.74
777.09	1184.14
777.27	1195.28
777.46	1186.98
777.65	1197.37
777.83	1186.08
778.02	1185.94
778.21	1183.19
778.39	1192.35
778.58	1192.00
778.76	1195.97
778.95	1177.30
779.14	1189.44
779.32	1181.64
779.51	1195.93
779.70	1175.55
779.88	1195.91
780.07	1186.43
780.26	1186.02
780.44	1186.63
780.63	1196.51
780.81	1184.83
781.00	1191.84
781.19	1187.31
781.37	1199.13
781.56	1184.36
781.75	1192.41
781.93	1187.70
782.12	1198.08
782.30	1184.85
782.49	1192.35
782.68	1181.56
782.86	1196.71
783.05	1179.59
783.23	1189.21
783.42	1181.82
783.61	1185.88
783.79	1189.13
783.98	1187.92
784.16	1191.02
784.35	1192.80
784.54	1187.97
784.72	1185.49
784.91	1187.92
785.09	1188.87
785.28	1180.98
785.47	1191.08
785.65	1182.21
785.84	1187.29
786.02	1185.12
786.21	1193.00
786.40	1185.59
786.58	1192.90
786.77	1183.25
786.95	1187.62
787.14	1187.92
787.32	1196.98
787.51	1193.15
787.70	1191.49
787.88	1187.68
788.07	1187.86
788.25	1181.00
788.44	1185.88
788.62	1187.54
788.81	1192.86
789.00	1183.93
789.18	1194.68
789.37	1186.43
789.55	1191.39
789.74	1177.44
789.92	1193.62
790.11	1182.15
790.29	1183.85
790.48	1186.88
790.67	1189.07
790.85	1183.99
791.04	1193.84
791.22	1177.34
791.41	1195.65
791.59	1181.64
791.78	1191.67
791.96	1186.53
792.15	1189.52
792.33	1178.71
792.52	1187.97
792.70	1183.17
792.89	1195.48
793.07	1176.31
793.26	1190.69
793.45	1185.04
793.63	1188.27
793.82	1187.54
794.00	1190.98
794.19	1186.45
794.37	1188.97
794.56	1189.69
794.74	1189.46
794.93	1176.17
795.11	1189.69
795.30	1188.72
795.48	1182.78
795.67	1183.13
795.85	1185.53
796.04	1187.62
796.22	1188.76
796.41	1183.28
796.59	1190.28
796.78	1186.47
796.96	1188.60
797.15	1189.34
797.33	1195.48
797.52	1185.96
797.70	1187.35
797.89	1180.06
798.07	1178.63
798.26	1188.68
798.44	1186.39
798.63	1189.07
798.81	1185.34
798.99	1191.34
799.18	1188.68
799.36	1176.44
799.55	1190.55
799.73	1191.86
799.92	1197.61
800.10	1188.03
800.29	1184.57
800.47	1183.85
800.66	1188.09
800.84	1184.03
801.03	1194.07
801.21	1187.94
801.39	1184.42
801.58	1186.51
801.76	1180.96
801.95	1186.63
802.13	1190.96
802.32	1186.76
802.50	1184.59
802.69	1189.21
802.87	1190.53
803.06	1181.84
803.24	1188.21
803.42	1186.29
803.61	1196.40
803.79	1182.68
803.98	1189.21
804.16	1198.12
804.35	1190.48
804.53	1187.25
804.71	1190.83
804.90	1184.50
805.08	1192.20
805.27	1179.81
805.45	1196.26
805.63	1186.43
805.82	1195.91
806.00	1183.73
806.19	1188.74
806.37	1190.36
806.56	1194.74
806.74	1183.30
806.92	1180.41
807.11	1192.33
807.29	1185.67
807.48	1183.09
807.66	1195.11
807.84	1184.57
808.03	1185.00
808.21	1189.40
808.40	1187.70
808.58	1188.83
808.76	1196.65
808.95	1192.59
809.13	1191.86
809.32	1185.34
809.50	1191.36
809.68	1181.72
809.87	1183.77
810.05	1186.90
810.23	1190.85
810.42	1184.91
810.60	1187.88
810.79	1182.50
810.97	1182.56
811.15	1188.74
811.34	1190.59
811.52	1186.08
811.70	1185.47
811.89	1179.32
812.07	1191.12
812.25	1188.42
812.44	1190.30
812.62	1187.31
812.81	1187.21
812.99	1178.85
813.17	1184.05
813.36	1184.40
813.54	1194.54
813.72	1179.10
813.91	1189.52
814.09	1179.92
814.27	1189.09
814.46	1182.21
814.64	1184.91
814.82	1190.93
815.01	1191.22
815.19	1181.64
815.37	1191.57
815.56	1193.68
815.74	1189.36
815.92	1185.59
816.11	1190.96
816.29	1183.56
816.47	1192.45
816.66	1184.69
816.84	1188.91
817.02	1181.60
817.21	1194.40
817.39	1184.52
817.57	1186.14
817.76	1190.96
817.94	1189.60
818.12	1182.03
818.30	1191.10
818.49	1183.34
818.67	1192.04
818.85	1178.71
819.04	1188.62
819.22	1178.22
819.40	1188.60
819.59	1182.50
819.77	1194.35
819.95	1192.84
820.13	1189.15
820.32	1190.16
820.50	1181.76
820.68	1183.17
820.87	1195.09
821.05	1180.72
821.23	1185.12
821.41	1185.55
821.60	1187.68
821.78	1177.56
821.96	1191.02
822.14	1174.14
822.33	1197.65
822.51	1180.88
822.69	1194.93
822.88	1183.32
823.06	1189.69
823.24	1187.17
823.42	1193.43
823.61	1185.65
823.79	1190.34
823.97	1190.38
824.15	1186.37
824.34	1188.74
824.52	1185.90
824.70	1180.96
824.88	1193.25
825.07	1183.38
825.25	1191.98
825.43	1179.59
825.61	1191.41
825.80	1181.47
825.98	1190.77
826.16	1180.98
826.34	1189.54
826.53	1186.22
826.71	1186.57
826.89	1187.66
827.07	1185.90
827.25	1181.15
827.44	1192.86
827.62	1180.53
827.80	1194.89
827.98	1183.13
828.17	1190.01
828.35	1183.85
828.53	1190.34
828.71	1190.75
828.89	1189.56
829.08	1184.07
829.26	1191.73
829.44	1182.03
829.62	1194.89
829.80	1179.36
829.99	1189.71
830.17	1183.95
830.35	1191.22
830.53	1181.82
830.71	1186.94
830.90	1183.58
831.08	1188.46
831.26	1184.09
831.44	1187.74
831.62	1180.41
831.81	1187.23
831.99	1182.48
832.17	1188.05
832.35	1182.52
832.53	1190.44
832.71	1183.68
832.90	1195.73
833.08	1178.28
833.26	1188.07
833.44	1184.55
833.62	1184.55
833.81	1183.28
833.99	1192.84
834.17	1184.48
834.35	1195.99
834.53	1177.91
834.71	1190.93
834.89	1177.79
835.08	1191.30
835.26	1182.97
835.44	1190.75
835.62	1186.41
835.80	1190.83
835.98	1180.00
836.17	1195.93
836.35	1188.25
836.53	1186.76
836.71	1186.47
836.89	1190.55
837.07	1183.62
837.25	1195.11
837.44	1181.62
837.62	1189.40
837.80	1185.28
837.98	1196.71
838.16	1182.01
838.34	1188.29
838.52	1187.43
838.70	1188.13
838.89	1184.30
839.07	1187.80
839.25	1178.69
839.43	1186.88
839.61	1183.09
839.79	1188.89
839.97	1189.13
840.15	1191.71
840.33	1191.39
840.52	1186.98
840.70	1180.04
840.88	1188.09
841.06	1176.33
841.24	1193.09
841.42	1182.93
841.60	1198.21
841.78	1187.99
841.96	1188.58
842.14	1191.45
842.33	1192.49
842.51	1181.06
842.69	1188.72
842.87	1188.19
843.05	1188.70
843.23	1182.80
843.41	1189.79
843.59	1180.22
843.77	1193.72
843.95	1182.42
844.13	1191.55
844.31	1183.85
844.49	1191.18
844.68	1182.64
844.86	1190.71
845.04	1185.00
845.22	1192.06
845.40	1186.88
845.58	1191.06
845.76	1188.46
845.94	1185.08
846.12	1185.16
846.30	1183.48
846.48	1179.43
846.66	1192.29
846.84	1181.70
847.02	1188.99
847.20	1187.00
847.38	1189.23
847.56	1180.92
847.74	1192.72
847.92	1178.28
848.11	1190.87
848.29	1186.10
848.47	1186.24
848.65	1175.02
848.83	1188.74
849.01	1180.80
849.19	1187.29
849.37	1180.76
849.55	1187.45
849.73	1184.09
849.91	1187.43
850.09	1187.70
850.27	1193.27
850.45	1183.85
850.63	1191.04
850.81	1179.08
850.99	1190.32
851.17	1183.87
851.35	1182.21
851.53	1194.35
851.71	1192.33
851.89	1183.64
852.07	1190.12
852.25	1184.38
852.43	1185.43
852.61	1183.11
852.79	1189.85
852.97	1178.46
853.15	1193.54
853.33	1181.10
853.51	1195.13
853.69	1184.07
853.87	1190.53
854.05	1179.30
854.23	1190.44
854.41	1180.22
854.59	1193.17
854.77	1193.52
854.95	1190.48
855.13	1188.97
855.31	1194.09
855.49	1183.28
855.67	1186.08
855.84	1188.29
856.02	1191.51
856.20	1180.78
856.38	1183.85
856.56	1174.37
856.74	1187.29
856.92	1190.24
857.10	1192.57
857.28	1184.77
857.46	1194.33
857.64	1183.89
857.82	1193.49
858.00	1179.45
858.18	1191.43
858.36	1182.35
858.54	1190.24
858.72	1185.10
858.90	1190.48
859.08	1183.36
859.25	1188.42
859.43	1182.91
859.61	1194.01
859.79	1187.90
859.97	1196.20
860.15	1181.43
860.33	1192.27
860.51	1188.93
860.69	1194.33
860.87	1182.58
861.05	1190.57
861.23	1178.44
861.41	1189.32
861.58	1179.20
861.76	1183.50
861.94	1188.15
862.12	1191.53
862.30	1185.84
862.48	1186.86
862.66	1181.06
862.84	1188.80
863.02	1181.96
863.20	1190.98
863.37	1179.14
863.55	1189.13
863.73	1189.19
863.91	1191.02
864.09	1185.88
864.27	1190.03
864.45	1188.64
864.63	1184.63
864.80	1186.14
864.98	1182.44
865.16	1178.91
865.34	1184.81
865.52	1183.46
865.70	1177.91
865.88	1188.15
866.06	1192.94
866.23	1186.14
866.41	1192.39
866.59	1182.33
866.77	1194.40
866.95	1181.39
867.13	1191.57
867.31	1190.69
867.48	1186.18
867.66	1185.06
867.84	1188.05
868.02	1190.42
868.20	1187.92
868.38	1183.03
868.56	1188.58
868.73	1178.46
868.91	1188.23
869.09	1182.58
869.27	1196.53
869.45	1186.59
869.63	1186.06
869.80	1191.08
869.98	1194.38
870.16	1181.43
870.34	1189.15
870.52	1182.50
870.70	1189.36
870.87	1188.93
871.05	1189.50
871.23	1187.00
871.41	1189.38
871.59	1179.32
871.76	1188.60
871.94	1189.52
872.12	1191.82
872.30	1179.65
872.48	1191.47
872.65	1185.92
872.83	1189.85
873.01	1179.77
873.19	1192.12
873.37	1184.57
873.54	1185.14
873.72	1188.40
873.90	1190.71
874.08	1183.87
874.26	1189.11
874.43	1186.80
874.61	1185.63
874.79	1188.54
874.97	1187.72
875.15	1190.16
875.32	1194.76
875.50	1180.16
875.68	1190.57
875.86	1185.14
876.03	1186.65
876.21	1181.82
876.39	1186.51
876.57	1183.19
876.74	1192.53
876.92	1187.49
877.10	1187.35
877.28	1180.59
877.45	1189.36
877.63	1180.88
877.81	1185.59
877.99	1181.35
878.17	1189.83
878.34	1177.40
878.52	1187.06
878.70	1182.58
878.87	1192.86
879.05	1192.23
879.23	1184.65
879.41	1179.06
879.58	1189.13
879.76	1185.16
879.94	1186.65
880.12	1187.27
880.29	1190.85
880.47	1183.64
880.65	1187.04
880.83	1183.40
881.00	1187.29
881.18	1185.88
881.36	1190.26
881.53	1179.92
881.71	1181.37
881.89	1178.67
882.07	1190.59
882.24	1187.29
882.42	1196.77
882.60	1182.99
882.77	1189.48
882.95	1182.74
883.13	1187.04
883.30	1182.09
883.48	1186.78
883.66	1186.98
883.84	1184.18
884.01	1179.96
884.19	1189.34
884.37	1175.55
884.54	1194.74
884.72	1183.83
884.90	1188.66
885.07	1186.63
885.25	1192.53
885.43	1183.71
885.60	1189.01
885.78	1183.89
885.96	1189.42
886.13	1185.79
886.31	1195.44
886.49	1186.86
886.66	1199.37
886.84	1188.31
887.02	1188.70
887.19	1182.62
887.37	1188.35
887.55	1181.31
887.72	1189.03
887.90	1183.97
888.08	1186.51
888.25	1176.72
888.43	1188.09
888.61	1177.38
888.78	1192.80
888.96	1183.54
889.14	1196.55
889.31	1181.80
889.49	1186.98
889.67	1183.40
889.84	1188.91
890.02	1179.49
890.19	1194.01
890.37	1187.54
890.55	1188.27
890.72	1186.00
890.90	1193.37
891.08	1182.31
891.25	1186.51
891.43	1183.62
891.60	1189.17
891.78	1186.72
891.96	1186.47
892.13	1181.96
892.31	1190.28
892.48	1185.45
892.66	1190.67
892.84	1188.27
893.01	1195.48
893.19	1185.38
893.36	1183.58
893.54	1194.19
893.72	1183.73
893.89	1182.60
894.07	1184.26
894.24	1179.81
894.42	1200.87
894.60	1181.31
894.77	1192.68
894.95	1184.83
895.12	1181.15
895.30	1183.62
895.48	1188.58
895.65	1182.70
895.83	1198.23
896.00	1181.49
896.18	1196.10
896.35	1189.91
896.53	1188.09
896.71	1185.08
896.88	1191.45
897.06	1189.87
897.23	1192.45
897.41	1183.21
897.58	1191.67
897.76	1186.37
897.93	1192.51
898.11	1185.38
898.29	1191.71
898.46	1185.69
898.64	1190.05
898.81	1186.43
898.99	1190.12
899.16	1186.74
899.34	1188.27
899.51	1183.40
899.69	1199.27
899.86	1178.32
900.04	1192.47
900.21	1182.05
900.39	1184.18
900.57	1187.74
900.74	1193.95
900.92	1190.69
901.09	1196.75
901.27	1186.18
901.44	1192.96
901.62	1185.55
901.79	1185.30
901.97	1178.95
902.14	1188.62
902.32	1183.58
902.49	1189.93
902.67	1184.77
902.84	1189.32
903.02	1190.85
903.19	1187.33
903.37	1183.32
903.54	1193.04
903.72	1177.54
903.89	1189.42
904.07	1182.35
904.24	1193.37
904.42	1192.04
904.59	1191.06
904.77	1182.29
904.94	1192.51
905.12	1186.29
905.29	1194.23
905.47	1180.67
905.64	1188.97
905.82	1184.63
905.99	1191.92
906.16	1188.15
906.34	1193.23
906.51	1180.57
906.69	1187.92
906.86	1187.62
907.04	1187.70
907.21	1177.81
907.39	1193.66
907.56	1181.82
907.74	1191.08
907.91	1183.73
908.09	1192.16
908.26	1188.07
908.43	1190.36
908.61	1178.36
908.78	1188.37
908.96	1185.84
909.13	1199.07
909.31	1184.03
909.48	1193.68
909.65	1189.50
909.83	1191.00
910.00	1178.95
910.18	1194.19
910.35	1187.70
910.53	1185.08
910.70	1182.54
910.87	1196.38
911.05	1183.21
911.22	1190.79
911.40	1186.49
911.57	1192.25
911.75	1194.72
911.92	1192.29
912.09	1181.53
912.27	1190.18
912.44	1181.72
912.62	1193.00
912.79	1182.23
912.96	1190.53
913.14	1190.61
913.31	1195.09
913.49	1182.66
913.66	1186.70
913.83	1188.93
914.01	1189.54
914.18	1186.68
914.36	1187.29
914.53	1184.18
914.70	1197.00
914.88	1188.23
915.05	1189.21
915.22	1184.57
915.40	1187.64
915.57	1179.32
915.75	1192.57
915.92	1184.89
916.09	1197.39
916.27	1182.66
916.44	1190.18
916.61	1187.60
916.79	1190.05
916.96	1183.89
917.13	1186.96
917.31	1177.68
917.48	1193.90
917.66	1182.74
917.83	1193.84
918.00	1175.04
918.18	1189.50
918.35	1178.81
918.52	1195.32
918.70	1180.94
918.87	1189.13
919.04	1186.53
919.22	1186.02
919.39	1177.03
919.56	1194.93
919.74	1182.37
919.91	1196.34
920.08	1189.01
920.26	1192.23
920.43	1188.33
920.60	1196.51
920.78	1183.85
920.95	1190.63
921.12	1184.77
921.29	1199.07
921.47	1182.35
921.64	1197.12
921.81	1186.53
921.99	1188.27
922.16	1190.50
922.33	1188.17
922.51	1188.80
922.68	1193.06
922.85	1194.38
923.03	1197.22
923.20	1173.24
923.37	1187.47
923.54	1188.07
923.72	1191.79
923.89	1182.70
924.06	1191.59
924.24	1181.72
924.41	1185.98
924.58	1192.88
924.75	1188.72
924.93	1186.06
925.10	1189.56
925.27	1182.07
925.44	1190.77
925.62	1183.62
925.79	1186.98
925.96	1185.98
926.14	1184.79
926.31	1182.62
926.48	1192.10
926.65	1182.85
926.83	1192.00
927.00	1180.00
927.17	1190.81
927.34	1175.12
927.52	1192.06
927.69	1180.10
927.86	1195.17
928.03	1188.31
928.21	1189.79
928.38	1179.96
928.55	1187.68
928.72	1182.31
928.89	1184.28
929.07	1186.63
929.24	1182.66
929.41	1183.30
929.58	1190.28
929.76	1182.66
929.93	1197.34
930.10	1184.57
930.27	1196.71
930.44	1184.79
930.62	1189.19
930.79	1186.80
930.96	1195.22
931.13	1182.93
931.31	1187.80
931.48	1183.50
931.65	1193.13
931.82	1178.22
931.99	1189.75
932.17	1187.06
932.34	1194.87
932.51	1186.53
932.68	1188.19
932.85	1179.65
933.03	1188.68
933.20	1182.74
933.37	1194.56
933.54	1180.24
933.71	1201.91
933.88	1185.12
934.06	1192.06
934.23	1179.47
934.40	1186.27
934.57	1190.81
934.74	1192.23
934.91	1181.29
935.09	1189.40
935.26	1189.23
935.43	1190.20
935.60	1178.54
935.77	1194.56
935.94	1185.18
936.12	1193.49
936.29	1181.70
936.46	1194.70
936.63	1186.04
936.80	1186.90
936.97	1185.30
937.14	1187.97
937.32	1189.54
937.49	1187.47
937.66	1180.35
937.83	1184.57
938.00	1187.00
938.17	1188.97
938.34	1182.21
938.52	1192.55
938.69	1186.12
938.86	1190.44
939.03	1186.74
939.20	1189.77
939.37	1177.79
939.54	1190.67
939.71	1184.26
939.89	1193.21
940.06	1183.87
940.23	1187.04
940.40	1185.34
940.57	1191.14
940.74	1185.00
940.91	1192.80
941.08	1182.23
941.25	1192.61
941.43	1181.99
941.60	1188.76
941.77	1181.29
941.94	1192.68
942.11	1182.66
942.28	1198.04
942.45	1191.14
942.62	1187.27
942.79	1186.84
942.96	1185.55
943.13	1195.13
943.30	1185.12
943.48	1179.83
943.65	1186.82
943.82	1181.29
943.99	1196.59
944.16	1184.01
944.33	1189.71
944.50	1183.91
944.67	1191.08
944.84	1186.47
945.01	1186.90
945.18	1183.97
945.35	1187.51
945.52	1184.87
945.69	1187.56
945.86	1186.92
946.03	1199.17
946.21	1177.42
946.38	1187.27
946.55	1191.36
946.72	1189.56
946.89	1187.23
947.06	1196.89
947.23	1184.05
947.40	1189.58
947.57	1177.79
947.74	1190.77
947.91	1180.90
948.08	1189.60
948.25	1180.16
948.42	1186.18
948.59	1187.58
948.76	1191.47
948.93	1183.75
949.10	1190.26
949.27	1183.44
949.44	1189.60
949.61	1182.17
949.78	1182.72
949.95	1187.17
950.12	1195.77
950.29	1181.33
950.46	1191.14
950.63	1182.52
950.80	1185.55
950.97	1184.26
951.14	1192.82
951.31	1188.29
951.48	1197.02
951.65	1183.95
951.82	1192.51
951.99	1183.19
952.16	1185.26
952.33	1184.03
952.50	1186.37
952.67	1186.08
952.84	1193.11
953.01	1183.64
953.18	1190.50
953.35	1178.95
953.52	1198.84
953.69	1186.72
953.86	1192.08
954.03	1181.21
954.20	1188.85
954.37	1184.03
954.54	1190.73
954.70	1187.54
954.87	1192.70
955.04	1185.51
955.21	1187.41
955.38	1184.50
955.55	1189.30
955.72	1183.52
955.89	1189.89
956.06	1177.93
956.23	1188.62
956.40	1179.12
956.57	1187.88
956.74	1183.85
956.91	1185.34
957.08	1185.45
957.25	1193.13
957.41	1183.64
957.58	1189.50
957.75	1185.34
957.92	1193.52
958.09	1182.85
958.26	1185.71
958.43	1183.97
958.60	1195.07
958.77	1183.34
958.94	1191.34
959.11	1182.11
959.27	1194.58
959.44	1181.21
959.61	1192.43
959.78	1186.72
959.95	1187.35
960.12	1188.09
960.29	1189.81
960.46	1186.06
960.63	1190.96
960.80	1177.99
960.96	1190.85
961.13	1189.64
961.30	1195.36
961.47	1182.35
961.64	1194.91
961.81	1181.53
961.98	1193.23
962.15	1192.59
962.31	1188.89
962.48	1181.33
962.65	1185.65
962.82	1181.31
962.99	1191.12
963.16	1183.54
963.33	1195.09
963.49	1181.10
963.66	1190.24
963.83	1180.45
964.00	1191.28
964.17	1186.22
964.34	1199.04
964.51	1180.55
964.67	1194.52
964.84	1183.01
965.01	1202.49
965.18	1178.18
965.35	1191.12
965.52	1182.23
965.68	1189.48
965.85	1189.21
966.02	1191.26
966.19	1190.89
966.36	1188.07
966.52	1174.78
966.69	1187.45
966.86	1185.34
967.03	1186.31
967.20	1191.77
967.37	1188.68
967.53	1187.60
967.70	1190.53
967.87	1181.90
968.04	1185.61
968.21	1176.97
968.37	1190.01
968.54	1183.25
968.71	1187.99
968.88	1187.08
969.05	1189.32
969.21	1177.64
969.38	1183.48
969.55	1182.37
969.72	1190.63
969.89	1185.14
970.05	1190.50
970.22	1177.21
970.39	1187.74
970.56	1183.68
970.72	1187.82
970.89	1187.04
971.06	1187.51
971.23	1182.15
971.39	1189.23
971.56	1193.62
971.73	1186.92
971.90	1184.50
972.07	1191.79
972.23	1186.16
972.40	1185.67
972.57	1177.89
972.74	1194.09
972.90	1190.32
973.07	1193.84
973.24	1184.07
973.40	1188.11
973.57	1184.85
973.74	1192.25
973.91	1183.83
974.07	1192.16
974.24	1187.72
974.41	1192.45
974.58	1186.00
974.74	1187.00
974.91	1187.49
975.08	1187.84
975.25	1184.48
975.41	1183.36
975.58	1180.49
975.75	1187.80
975.91	1186.22
976.08	1185.30
976.25	1181.41
976.42	1186.20
976.58	1181.82
976.75	1188.62
976.92	1184.05
977.08	1197.61
977.25	1183.85
977.42	1192.25
977.58	1182.15
977.75	1185.28
977.92	1184.32
978.08	1195.69
978.25	1185.77
978.42	1190.26
978.59	1185.26
978.75	1187.66
978.92	1186.96
979.09	1191.04
979.25	1178.22
979.42	1195.89
979.59	1186.55
979.75	1196.01
979.92	1187.56
980.09	1197.06
980.25	1185.49
980.42	1185.71
980.59	1180.10
980.75	1193.27
980.92	1186.39
981.09	1190.30
981.25	1184.77
981.42	1186.51
981.59	1191.24
981.75	1186.90
981.92	1185.43
982.08	1187.02
982.25	1182.46
982.42	1188.11
982.58	1191.79
982.75	1194.85
982.92	1181.37
983.08	1194.05
983.25	1182.50
983.42	1196.63
983.58	1184.32
983.75	1198.84
983.91	1190.03
984.08	1183.75
984.25	1185.43
984.41	1188.93
984.58	1182.97
984.74	1193.45
984.91	1185.28
985.08	1190.44
985.24	1186.45
985.41	1186.96
985.57	1180.22
985.74	1194.11
985.91	1183.85
986.07	1188.01
986.24	1177.56
986.40	1187.58
986.57	1183.44
986.74	1196.32
986.90	1184.98
987.07	1191.71
987.23	1183.58
987.40	1191.28
987.57	1185.51
987.73	1192.25
987.90	1178.50
988.06	1195.36
988.23	1179.71
988.39	1193.54
988.56	1181.72
988.73	1183.36
988.89	1187.17
989.06	1191.82
989.22	1186.90
989.39	1189.42
989.55	1186.70
989.72	1185.75
989.88	1187.94
990.05	1185.63
990.22	1180.74
990.38	1191.26
990.55	1184.14
990.71	1189.17
990.88	1182.99
991.04	1184.73
991.21	1182.60
991.37	1191.79
991.54	1192.14
991.70	1188.58
991.87	1189.21
992.03	1194.62
992.20	1193.64
992.36	1190.26
992.53	1178.28
992.69	1185.71
992.86	1181.00
993.03	1191.12
993.19	1188.50
993.36	1191.61
993.52	1184.34
993.69	1189.28
993.85	1185.45
994.02	1192.00
994.18	1180.61
994.35	1186.90
994.51	1180.92
994.68	1190.96
994.84	1186.20
995.01	1198.06
995.17	1183.97
995.34	1189.23
995.50	1182.33
995.66	1197.71
995.83	1183.07
995.99	1189.87
996.16	1186.08
996.32	1184.69
996.49	1182.21
996.65	1183.87
996.82	1188.11
996.98	1192.18
997.15	1182.74
997.31	1186.57
997.48	1178.89
997.64	1188.03
997.81	1190.55
997.97	1197.84
998.13	1181.60
998.30	1189.40
998.46	1182.29
998.63	1192.88
998.79	1183.21
998.96	1187.00
999.12	1184.05
999.29	1193.52
999.45	1182.74
999.61	1189.93
999.78	1190.75
999.94	1187.47
1000.11	1185.41
1000.27	1190.40
1000.44	1192.53
1000.60	1192.68
1000.76	1182.19
1000.93	1192.59
1001.09	1188.33
1001.26	1190.75
1001.42	1181.29
1001.59	1196.79
1001.75	1184.18
1001.91	1185.71
1002.08	1180.72
1002.24	1184.95
1002.41	1187.84
1002.57	1190.77
1002.73	1183.28
1002.90	1195.62
1003.06	1180.12
1003.23	1195.56
1003.39	1179.83
1003.55	1183.79
1003.72	1183.52
1003.88	1186.72
1004.04	1182.66
1004.21	1195.28
1004.37	1183.32
1004.54	1188.66
1004.70	1182.93
1004.86	1197.96
1005.03	1190.30
1005.19	1190.96
1005.35	1182.80
1005.52	1187.94
1005.68	1181.86
1005.85	1188.83
1006.01	1181.60
1006.17	1185.34
1006.34	1182.33
1006.50	1192.41
1006.66	1183.50
1006.83	1190.81
1006.99	1186.27
1007.15	1192.00
1007.32	1185.92
1007.48	1194.03
1007.64	1179.96
1007.81	1193.99
1007.97	1187.13
1008.13	1191.57
1008.30	1187.15
1008.46	1188.40
1008.62	1195.69
1008.79	1194.48
1008.95	1181.94
1009.11	1195.75
1009.28	1185.02
1009.44	1185.77
1009.60	1187.11
1009.77	1191.77
1009.93	1187.33
1010.09	1191.98
1010.25	1178.97
1010.42	1187.29
1010.58	1186.65
1010.74	1187.88
1010.91	1182.31
1011.07	1194.13
1011.23	1186.00
1011.40	1193.60
1011.56	1181.15
1011.72	1186.84
1011.88	1189.09
1012.05	1192.98
1012.21	1193.11
1012.37	1188.64
1012.54	1191.26
1012.70	1190.98
1012.86	1179.57
1013.02	1186.29
1013.19	1186.39
1013.35	1185.63
1013.51	1179.40
1013.67	1192.55
1013.84	1185.63
1014.00	1192.29
1014.16	1183.05
1014.33	1185.22
1014.49	1181.96
1014.65	1191.00
1014.81	1184.87
1014.98	1191.14
1015.14	1183.58
1015.30	1195.81
1015.46	1178.13
1015.62	1188.64
1015.79	1186.10
1015.95	1193.58
1016.11	1184.63
1016.27	1195.54
1016.44	1182.46
1016.60	1180.76
1016.76	1179.49
1016.92	1189.46
1017.09	1186.18
1017.25	1188.52
1017.41	1187.00
1017.57	1185.75
1017.73	1182.72
1017.90	1188.29
1018.06	1178.05
1018.22	1186.70
1018.38	1188.89
1018.54	1184.05
1018.71	1179.00
1018.87	1196.73
1019.03	1182.78
1019.19	1189.73
1019.35	1192.53
1019.52	1196.10
1019.68	1181.96
1019.84	1186.76
1020.00	1186.72
1020.16	1188.01
1020.33	1182.33
1020.49	1182.80
1020.65	1185.34
1020.81	1192.27
1020.97	1184.14
1021.13	1190.67
1021.30	1188.72
1021.46	1192.76
1021.62	1176.60
1021.78	1188.72
1021.94	1188.05
1022.10	1199.84
1022.27	1186.39
1022.43	1195.91
1022.59	1180.35
1022.75	1188.29
1022.91	1175.29
1023.07	1185.90
1023.24	1180.88
1023.40	1194.40
1023.56	1181.53
1023.72	1189.26
1023.88	1181.27
1024.04	1187.99
1024.20	1189.15
1024.36	1189.46
1024.53	1185.98
1024.69	1194.78
1024.85	1180.76
1025.01	1195.01
1025.17	1190.38
1025.33	1190.36
1025.49	1183.19
1025.65	1190.71
1025.82	1180.26
1025.98	1193.37
1026.14	1181.43
1026.30	1194.25
1026.46	1188.97
1026.62	1185.84
1026.78	1191.53
1026.94	1190.20
1027.10	1187.13
1027.26	1188.21
1027.43	1184.36
1027.59	1194.64
1027.75	1177.15
1027.91	1193.76
1028.07	1181.92
1028.23	1189.11
1028.39	1185.67
1028.55	1190.55
1028.71	1186.61
1028.87	1190.69
1029.03	1181.66
1029.19	1192.08
1029.36	1184.87
1029.52	1191.12
1029.68	1182.25
1029.84	1193.02
1030.00	1185.79
1030.16	1187.88
1030.32	1191.00
1030.48	1194.56
1030.64	1183.62
1030.80	1194.68
1030.96	1181.00
1031.12	1192.70
1031.28	1183.66
1031.44	1188.50
1031.60	1188.58
1031.76	1195.79
1031.92	1185.24
1032.08	1201.77
1032.24	1178.63
1032.40	1193.31
1032.56	1187.13
1032.73	1201.40
1032.89	1187.72
1033.05	1193.45
1033.21	1180.67
1033.37	1191.32
1033.53	1175.55
1033.69	1200.52
1033.85	1180.14
1034.01	1192.53
1034.17	1180.72
1034.33	1190.89
1034.49	1178.59
1034.65	1192.10
1034.81	1190.85
1034.97	1181.78
1035.13	1189.38
1035.29	1189.03
1035.45	1185.92
1035.61	1193.56
1035.77	1185.24
1035.93	1187.27
1036.09	1192.70
1036.25	1190.55
1036.41	1187.56
1036.57	1186.12
1036.73	1185.79
1036.88	1190.55
1037.04	1184.44
