345.52	1217.01
345.73	1217.01
345.94	1217.01
346.16	1209.94
346.37	1218.50
346.58	1219.07
346.79	1217.52
347.00	1215.26
347.22	1214.26
347.43	1211.74
347.64	1216.98
347.85	1208.20
348.06	1220.14
348.28	1209.55
348.49	1223.68
348.70	1218.85
348.91	1217.44
349.12	1218.68
349.34	1222.62
349.55	1211.31
349.76	1217.97
349.97	1216.90
350.18	1219.83
350.40	1214.61
350.61	1226.14
350.82	1211.41
351.03	1228.97
351.24	1217.44
351.46	1214.40
351.67	1219.46
351.88	1223.11
352.09	1215.53
352.30	1221.41
352.51	1220.28
352.73	1222.37
352.94	1219.50
353.15	1223.66
353.36	1215.82
353.57	1225.55
353.79	1216.35
354.00	1221.04
354.21	1220.81
354.42	1222.86
354.63	1212.19
354.84	1227.31
355.06	1219.87
355.27	1221.24
355.48	1215.26
355.69	1219.77
355.90	1225.36
356.11	1220.38
356.33	1208.77
356.54	1226.86
356.75	1225.98
356.96	1225.63
357.17	1217.31
357.38	1225.01
357.60	1217.39
357.81	1228.04
358.02	1212.32
358.23	1227.08
358.44	1217.29
358.65	1221.33
358.87	1221.29
359.08	1224.13
359.29	1206.52
359.50	1224.77
359.71	1217.29
359.92	1222.35
360.13	1223.58
360.35	1217.80
360.56	1219.57
360.77	1223.09
360.98	1218.95
361.19	1222.19
361.40	1219.50
361.62	1220.92
361.83	1217.21
362.04	1222.31
362.25	1221.59
362.46	1222.64
362.67	1210.72
362.88	1222.86
363.10	1224.81
363.31	1231.55
363.52	1214.81
363.73	1222.92
363.94	1219.22
364.15	1231.30
364.36	1216.58
364.57	1223.03
364.79	1221.43
365.00	1222.88
365.21	1222.31
365.42	1226.04
365.63	1222.31
365.84	1222.78
366.05	1215.82
366.27	1227.80
366.48	1214.24
366.69	1224.48
366.90	1215.61
367.11	1223.87
367.32	1227.82
367.53	1216.72
367.74	1219.91
367.95	1224.46
368.17	1222.13
368.38	1225.69
368.59	1218.48
368.80	1228.37
369.01	1219.34
369.22	1225.36
369.43	1216.92
369.64	1224.42
369.86	1219.03
370.07	1224.50
370.28	1221.47
370.49	1220.81
370.70	1220.92
370.91	1219.30
371.12	1218.85
371.33	1225.38
371.54	1214.40
371.76	1224.64
371.97	1220.71
372.18	1224.03
372.39	1213.03
372.60	1222.97
372.81	1218.89
373.02	1227.18
373.23	1221.76
373.44	1221.63
373.65	1220.20
373.87	1225.87
374.08	1218.19
374.29	1220.30
374.50	1222.47
374.71	1227.88
374.92	1223.01
375.13	1219.61
375.34	1221.43
375.55	1222.62
375.76	1226.86
375.97	1227.78
376.19	1213.40
376.40	1225.12
376.61	1222.06
376.82	1229.64
377.03	1219.85
377.24	1225.50
377.45	1213.87
377.66	1222.99
377.87	1220.98
378.08	1227.18
378.29	1221.67
378.50	1227.31
378.71	1215.69
378.93	1220.94
379.14	1224.40
379.35	1228.52
379.56	1220.51
379.77	1228.58
379.98	1228.23
380.19	1227.29
380.40	1222.23
380.61	1228.11
380.82	1212.73
381.03	1226.49
381.24	1216.06
381.45	1229.05
381.66	1216.70
381.88	1227.90
382.09	1223.44
382.30	1229.35
382.51	1220.57
382.72	1229.91
382.93	1224.26
383.14	1229.19
383.35	1221.92
383.56	1225.20
383.77	1221.96
383.98	1232.32
384.19	1222.10
384.40	1224.07
384.61	1220.96
384.82	1221.02
385.03	1218.66
385.24	1230.15
385.45	1218.07
385.67	1223.17
385.88	1213.03
386.09	1228.78
386.30	1217.44
386.51	1222.78
386.72	1216.70
386.93	1223.29
387.14	1222.88
387.35	1230.13
387.56	1220.06
387.77	1227.45
387.98	1215.65
388.19	1228.60
388.40	1223.64
388.61	1218.25
388.82	1218.44
389.03	1233.49
389.24	1219.87
389.45	1221.65
389.66	1218.48
389.87	1224.19
390.08	1222.49
390.29	1226.49
390.50	1223.15
390.71	1226.22
390.92	1226.45
391.13	1221.12
391.34	1216.23
391.55	1225.01
391.76	1219.28
391.98	1229.97
392.19	1216.53
392.40	1223.25
392.61	1221.16
392.82	1230.09
393.03	1220.18
393.24	1231.46
393.45	1225.67
393.66	1225.73
393.87	1219.11
394.08	1227.04
394.29	1221.04
394.50	1226.36
394.71	1219.75
394.92	1228.35
395.13	1218.13
395.34	1227.25
395.55	1221.20
395.76	1222.43
395.97	1224.64
396.18	1229.95
396.39	1217.97
396.60	1219.57
396.81	1223.05
397.02	1222.25
397.23	1218.32
397.44	1227.29
397.65	1219.48
397.86	1233.49
398.07	1222.41
398.28	1228.00
398.49	1218.38
398.70	1226.57
398.91	1209.35
399.12	1225.89
399.33	1212.97
399.54	1225.73
399.75	1219.97
399.96	1234.19
400.17	1224.21
400.38	1225.79
400.59	1222.78
400.80	1225.67
401.01	1217.52
401.22	1222.31
401.42	1222.25
401.63	1228.90
401.84	1219.57
402.05	1225.63
402.26	1229.81
402.47	1226.32
402.68	1212.23
402.89	1224.99
403.10	1214.65
403.31	1224.28
403.52	1218.52
403.73	1229.31
403.94	1216.12
404.15	1226.90
404.36	1220.84
404.57	1231.73
404.78	1217.95
404.99	1221.12
405.20	1219.85
405.41	1230.85
405.62	1214.40
405.83	1226.67
406.04	1222.13
406.25	1227.72
406.46	1221.63
406.67	1221.65
406.88	1219.34
407.09	1230.26
407.30	1224.52
407.50	1228.86
407.71	1217.58
407.92	1229.48
408.13	1219.73
408.34	1225.98
408.55	1223.83
408.76	1225.24
408.97	1215.53
409.18	1231.67
409.39	1220.49
409.60	1225.89
409.81	1220.08
410.02	1223.21
410.23	1219.71
410.44	1225.12
410.65	1221.08
410.86	1226.98
411.07	1220.65
411.27	1224.97
411.48	1220.28
411.69	1226.28
411.90	1216.21
412.11	1222.41
412.32	1217.66
412.53	1227.37
412.74	1223.13
412.95	1228.80
413.16	1216.72
413.37	1229.48
413.58	1220.06
413.79	1224.83
414.00	1213.24
414.20	1223.60
414.41	1220.16
414.62	1219.91
414.83	1226.04
415.04	1230.42
415.25	1218.23
415.46	1232.30
415.67	1220.92
415.88	1226.82
416.09	1211.82
416.30	1225.79
416.51	1221.29
416.71	1223.80
416.92	1217.82
417.13	1220.26
417.34	1224.38
417.55	1226.45
417.76	1216.29
417.97	1229.70
418.18	1219.79
418.39	1220.36
418.60	1220.88
418.81	1225.65
419.01	1226.86
419.22	1224.56
419.43	1216.84
419.64	1227.04
419.85	1221.41
420.06	1224.75
420.27	1219.36
420.48	1226.43
420.69	1217.93
420.90	1222.25
421.10	1220.90
421.31	1227.47
421.52	1218.21
421.73	1229.44
421.94	1218.66
422.15	1222.19
422.36	1220.53
422.57	1228.62
422.78	1217.64
422.98	1230.91
423.19	1220.96
423.40	1227.96
423.61	1220.00
423.82	1230.07
424.03	1220.86
424.24	1225.18
424.45	1219.36
424.65	1226.14
424.86	1222.60
425.07	1227.59
425.28	1222.88
425.49	1223.74
425.70	1215.59
425.91	1227.76
426.12	1220.59
426.32	1223.97
426.53	1218.15
426.74	1228.54
426.95	1222.06
427.16	1230.30
427.37	1217.85
427.58	1227.41
427.78	1219.11
427.99	1224.36
428.20	1223.66
428.41	1229.58
428.62	1215.61
428.83	1219.83
429.04	1218.17
429.24	1224.85
429.45	1218.44
429.66	1227.86
429.87	1216.94
430.08	1232.10
430.29	1220.79
430.50	1220.10
430.70	1214.98
430.91	1229.56
431.12	1213.61
431.33	1219.14
431.54	1220.65
431.75	1233.35
431.96	1222.13
432.16	1235.33
432.37	1212.36
432.58	1221.41
432.79	1220.96
433.00	1220.57
433.21	1213.05
433.41	1229.83
433.62	1219.38
433.83	1224.28
434.04	1226.12
434.25	1231.73
434.46	1215.49
434.66	1228.37
434.87	1225.79
435.08	1226.45
435.29	1219.44
435.50	1225.63
435.71	1215.26
435.91	1223.29
436.12	1219.93
436.33	1215.10
436.54	1220.73
436.75	1223.46
436.95	1215.96
437.16	1227.92
437.37	1222.76
437.58	1229.17
437.79	1217.56
438.00	1234.19
438.20	1218.52
438.41	1225.50
438.62	1222.41
438.83	1229.54
439.04	1224.85
439.24	1226.77
439.45	1219.93
439.66	1222.49
439.87	1223.54
440.08	1225.46
440.28	1220.57
440.49	1229.27
440.70	1217.23
440.91	1221.84
441.12	1213.99
441.32	1228.68
441.53	1218.81
441.74	1221.61
441.95	1218.89
442.16	1226.14
442.36	1209.69
442.57	1230.07
442.78	1218.81
442.99	1222.86
443.20	1219.50
443.40	1230.38
443.61	1218.44
443.82	1224.79
444.03	1220.49
444.24	1227.02
444.44	1218.87
444.65	1224.50
444.86	1220.00
445.07	1228.00
445.27	1223.42
445.48	1224.34
445.69	1223.91
445.90	1223.58
446.11	1216.96
446.31	1227.96
446.52	1221.02
446.73	1223.19
446.94	1222.92
447.14	1222.25
447.35	1218.50
447.56	1220.18
447.77	1216.33
447.97	1228.97
448.18	1224.99
448.39	1223.66
448.60	1219.95
448.81	1226.26
449.01	1224.40
449.22	1226.51
449.43	1216.72
449.64	1228.97
449.84	1221.14
450.05	1228.49
450.26	1218.23
450.47	1222.06
450.67	1213.97
450.88	1225.07
451.09	1220.77
451.30	1219.03
451.50	1224.83
451.71	1224.40
451.92	1213.30
452.13	1227.43
452.33	1215.61
452.54	1220.77
452.75	1221.78
452.96	1227.86
453.16	1219.91
453.37	1219.95
453.58	1214.12
453.79	1223.99
453.99	1219.05
454.20	1216.04
454.41	1218.56
454.61	1224.81
454.82	1221.61
455.03	1221.20
455.24	1213.50
455.44	1229.81
455.65	1218.23
455.86	1227.88
456.07	1218.79
456.27	1234.58
456.48	1225.01
456.69	1222.84
456.90	1220.90
457.10	1226.86
457.31	1220.92
457.52	1223.91
457.72	1229.23
457.93	1227.06
458.14	1226.04
458.35	1224.30
458.55	1211.29
458.76	1221.84
458.97	1226.53
459.17	1220.65
459.38	1222.76
459.59	1233.96
459.80	1222.02
460.00	1231.48
460.21	1221.88
460.42	1221.39
460.62	1221.92
460.83	1223.72
461.04	1213.07
461.25	1227.88
461.45	1220.34
461.66	1225.65
461.87	1216.39
462.07	1228.97
462.28	1215.26
462.49	1221.00
462.69	1217.99
462.90	1229.50
463.11	1217.66
463.31	1229.60
463.52	1218.68
463.73	1228.97
463.94	1213.73
464.14	1229.85
464.35	1220.65
464.56	1227.78
464.76	1226.18
464.97	1227.65
465.18	1214.12
465.38	1224.15
465.59	1219.63
465.80	1227.16
466.00	1222.47
466.21	1221.35
466.42	1219.03
466.62	1217.13
466.83	1214.22
467.04	1224.64
467.24	1225.40
467.45	1224.48
467.66	1223.99
467.86	1221.02
468.07	1218.97
468.28	1219.97
468.48	1222.86
468.69	1225.26
468.90	1218.85
469.10	1225.24
469.31	1219.73
469.52	1230.24
469.72	1213.99
469.93	1226.24
470.14	1220.20
470.34	1226.88
470.55	1217.50
470.76	1230.13
470.96	1219.46
471.17	1227.61
471.38	1213.77
471.58	1234.35
471.79	1223.99
472.00	1220.57
472.20	1217.74
472.41	1219.81
472.62	1220.04
472.82	1225.69
473.03	1217.44
473.24	1222.27
473.44	1215.59
473.65	1219.54
473.85	1222.74
474.06	1229.66
474.27	1221.02
474.47	1220.98
474.68	1220.36
474.89	1221.45
475.09	1215.59
475.30	1227.80
475.51	1215.88
475.71	1219.69
475.92	1224.32
476.12	1221.90
476.33	1221.55
476.54	1228.43
476.74	1223.76
476.95	1226.86
477.16	1220.02
477.36	1225.36
477.57	1222.60
477.77	1219.57
477.98	1217.15
478.19	1227.92
478.39	1219.83
478.60	1224.21
478.81	1221.20
479.01	1225.63
479.22	1215.39
479.42	1230.17
479.63	1224.71
479.84	1218.75
480.04	1222.00
480.25	1225.67
480.45	1222.31
480.66	1223.80
480.87	1219.26
481.07	1226.55
481.28	1214.02
481.48	1227.84
481.69	1222.86
481.90	1225.03
482.10	1218.95
482.31	1224.87
482.51	1214.88
482.72	1220.77
482.93	1217.37
483.13	1231.59
483.34	1225.42
483.54	1222.41
483.75	1220.96
483.96	1223.72
484.16	1223.42
484.37	1227.12
484.57	1216.64
484.78	1228.29
484.99	1221.80
485.19	1221.41
485.40	1211.09
485.60	1233.96
485.81	1215.49
486.01	1226.53
486.22	1223.03
486.43	1230.69
486.63	1223.72
486.84	1228.37
487.04	1217.97
487.25	1218.25
487.46	1219.32
487.66	1224.07
487.87	1224.07
488.07	1225.32
488.28	1226.06
488.48	1230.73
488.69	1220.55
488.89	1222.82
489.10	1214.59
489.31	1223.23
489.51	1218.97
489.72	1225.63
489.92	1217.23
490.13	1229.21
490.33	1212.75
490.54	1221.65
490.75	1222.74
490.95	1223.60
491.16	1213.87
491.36	1222.53
491.57	1212.27
491.77	1220.41
491.98	1217.70
492.18	1223.52
492.39	1218.75
492.59	1224.44
492.80	1220.65
493.01	1224.23
493.21	1213.87
493.42	1227.70
493.62	1219.24
493.83	1229.76
494.03	1221.29
494.24	1228.39
494.44	1222.70
494.65	1221.74
494.85	1217.50
495.06	1221.49
495.26	1218.91
495.47	1225.38
495.68	1211.66
495.88	1222.29
496.09	1221.39
496.29	1225.22
496.50	1217.19
496.70	1221.00
496.91	1215.37
497.11	1219.48
497.32	1225.81
497.52	1225.85
497.73	1213.42
497.93	1224.64
498.14	1222.27
498.34	1228.66
498.55	1223.66
498.75	1227.16
498.96	1221.49
499.16	1227.02
499.37	1217.62
499.57	1220.51
499.78	1219.71
499.98	1229.29
500.19	1222.53
500.39	1231.77
500.60	1224.17
500.80	1223.25
501.01	1225.59
501.21	1221.90
501.42	1217.39
501.62	1218.83
501.83	1222.94
502.03	1227.18
502.24	1219.26
502.44	1227.94
502.65	1217.27
502.85	1228.37
503.06	1219.38
503.26	1225.26
503.47	1224.58
503.67	1220.26
503.88	1218.71
504.08	1226.16
504.29	1220.43
504.49	1226.12
504.70	1222.53
504.90	1233.63
505.11	1219.79
505.31	1224.69
505.52	1211.78
505.72	1220.90
505.93	1220.90
506.13	1232.59
506.34	1223.64
506.54	1220.92
506.75	1219.46
506.95	1225.87
507.16	1222.90
507.36	1220.02
507.56	1217.54
507.77	1219.83
507.97	1217.70
508.18	1228.29
508.38	1222.86
508.59	1226.20
508.79	1218.48
509.00	1228.56
509.20	1213.81
509.41	1226.34
509.61	1213.48
509.82	1224.56
510.02	1213.73
510.22	1226.02
510.43	1220.41
510.63	1227.45
510.84	1213.67
511.04	1224.64
511.25	1223.37
511.45	1224.01
511.66	1227.61
511.86	1225.52
512.06	1215.35
512.27	1227.84
512.47	1218.87
512.68	1226.65
512.88	1219.03
513.09	1224.19
513.29	1220.47
513.50	1225.81
513.70	1218.17
513.90	1226.39
514.11	1221.88
514.31	1230.46
514.52	1227.06
514.72	1226.75
514.93	1220.47
515.13	1230.42
515.33	1213.48
515.54	1223.11
515.74	1223.42
515.95	1223.60
516.15	1222.27
516.36	1226.32
516.56	1217.25
516.76	1233.80
516.97	1220.55
517.17	1229.07
517.38	1225.77
517.58	1229.95
517.78	1217.78
517.99	1223.60
518.19	1217.82
518.40	1226.65
518.60	1215.88
518.81	1221.43
519.01	1219.75
519.21	1222.62
519.42	1214.61
519.62	1230.73
519.83	1220.16
520.03	1238.28
520.23	1221.72
520.44	1220.02
520.64	1217.91
520.85	1224.11
521.05	1216.66
521.25	1221.24
521.46	1217.76
521.66	1230.01
521.86	1217.91
522.07	1225.98
522.27	1218.93
522.48	1233.82
522.68	1216.27
522.88	1222.27
523.09	1218.71
523.29	1229.07
523.50	1224.91
523.70	1231.53
523.90	1215.67
524.11	1220.81
524.31	1220.61
524.51	1229.38
524.72	1221.57
524.92	1220.10
525.13	1216.39
525.33	1225.50
525.53	1228.58
525.74	1224.48
525.94	1217.52
526.14	1223.76
526.35	1216.60
526.55	1224.19
526.76	1217.39
526.96	1224.77
527.16	1222.49
527.37	1224.21
527.57	1218.52
527.77	1225.67
527.98	1220.77
528.18	1226.84
528.38	1217.11
528.59	1221.51
528.79	1216.19
528.99	1235.25
529.20	1221.82
529.40	1222.78
529.61	1216.08
529.81	1219.81
530.01	1214.88
530.22	1224.58
530.42	1221.00
530.62	1221.51
530.83	1223.48
531.03	1216.86
531.23	1220.67
531.44	1222.99
531.64	1221.96
531.84	1223.66
532.05	1217.82
532.25	1222.78
532.45	1222.60
532.66	1229.72
532.86	1210.12
533.06	1225.61
533.27	1223.05
533.47	1223.27
533.67	1220.06
533.88	1227.61
534.08	1218.30
534.28	1224.11
534.49	1211.60
534.69	1225.28
534.89	1220.49
535.09	1221.06
535.30	1213.54
535.50	1220.16
535.70	1213.99
535.91	1229.38
536.11	1223.72
536.31	1232.53
536.52	1217.72
536.72	1228.58
536.92	1220.00
537.13	1226.24
537.33	1216.17
537.53	1226.88
537.74	1221.47
537.94	1219.42
538.14	1220.38
538.34	1228.47
538.55	1214.96
538.75	1229.33
538.95	1220.18
539.16	1218.79
539.36	1215.24
539.56	1225.50
539.77	1213.81
539.97	1227.16
540.17	1209.12
540.37	1225.18
540.58	1219.18
540.78	1228.74
540.98	1222.58
541.19	1215.69
541.39	1220.16
541.59	1226.49
541.79	1218.75
542.00	1234.17
542.20	1225.12
542.40	1226.86
542.60	1220.53
542.81	1221.10
543.01	1220.57
543.21	1216.96
543.42	1218.15
543.62	1225.38
543.82	1216.39
544.02	1218.42
544.23	1220.71
544.43	1228.43
544.63	1210.39
544.83	1226.41
545.04	1217.74
545.24	1221.61
545.44	1214.24
545.64	1220.45
545.85	1219.69
546.05	1228.35
546.25	1232.24
546.45	1226.94
546.66	1217.70
546.86	1218.34
547.06	1220.06
547.27	1230.42
547.47	1222.49
547.67	1225.77
547.87	1216.47
548.07	1222.43
548.28	1225.46
548.48	1234.54
548.68	1215.14
548.88	1227.61
549.09	1218.95
549.29	1222.70
549.49	1223.44
549.69	1224.73
549.90	1215.06
550.10	1221.86
550.30	1219.14
550.50	1221.86
550.71	1211.72
550.91	1224.58
551.11	1216.86
551.31	1223.66
551.51	1218.83
551.72	1226.82
551.92	1210.51
552.12	1222.39
552.32	1218.68
552.53	1231.69
552.73	1220.65
552.93	1224.97
553.13	1215.57
553.33	1230.73
553.54	1212.70
553.74	1228.62
553.94	1219.52
554.14	1231.03
554.35	1220.18
554.55	1228.54
554.75	1218.85
554.95	1222.97
555.15	1222.25
555.36	1228.60
555.56	1219.30
555.76	1229.09
555.96	1220.55
556.16	1220.71
556.37	1224.81
556.57	1225.89
556.77	1217.48
556.97	1225.73
557.17	1220.34
557.38	1229.19
557.58	1219.63
557.78	1220.81
557.98	1221.06
558.18	1223.85
558.38	1219.40
558.59	1225.61
558.79	1216.98
558.99	1226.30
559.19	1214.47
559.39	1225.87
559.60	1221.20
559.80	1222.25
560.00	1223.97
560.20	1230.91
560.40	1226.30
560.60	1225.18
560.81	1222.02
561.01	1222.51
561.21	1217.78
561.41	1232.28
561.61	1215.04
561.81	1229.83
562.02	1224.03
562.22	1224.83
562.42	1224.42
562.62	1226.63
562.82	1216.74
563.02	1218.71
563.23	1224.32
563.43	1220.38
563.63	1215.90
563.83	1225.28
564.03	1219.61
564.23	1219.91
564.43	1225.03
564.64	1221.90
564.84	1214.24
565.04	1223.66
565.24	1221.61
565.44	1223.33
565.64	1220.61
565.85	1230.85
566.05	1218.19
566.25	1227.68
566.45	1215.74
566.65	1222.23
566.85	1222.94
567.05	1225.46
567.25	1222.17
567.46	1230.95
567.66	1218.54
567.86	1224.15
568.06	1219.57
568.26	1227.65
568.46	1222.27
568.66	1222.19
568.86	1227.22
569.07	1230.62
569.27	1223.66
569.47	1214.30
569.67	1220.67
569.87	1220.53
570.07	1216.80
570.27	1219.79
570.47	1215.10
570.68	1228.56
570.88	1220.22
571.08	1224.83
571.28	1213.89
571.48	1228.66
571.68	1216.88
571.88	1229.62
572.08	1216.64
572.28	1218.17
572.49	1228.99
572.69	1224.23
572.89	1214.83
573.09	1221.55
573.29	1216.72
573.49	1229.83
573.69	1219.11
573.89	1225.96
574.09	1225.59
574.29	1218.34
574.50	1222.13
574.70	1225.01
574.90	1223.50
575.10	1222.97
575.30	1214.51
575.50	1223.44
575.70	1218.07
575.90	1222.92
576.10	1220.30
576.30	1224.30
576.50	1214.55
576.70	1223.33
576.91	1220.02
577.11	1219.48
577.31	1218.62
577.51	1220.86
577.71	1215.24
577.91	1223.31
578.11	1210.68
578.31	1221.37
578.51	1212.60
578.71	1222.66
578.91	1215.74
579.11	1222.80
579.31	1221.63
579.51	1223.01
579.71	1215.67
579.92	1220.77
580.12	1214.75
580.32	1228.56
580.52	1217.60
580.72	1220.57
580.92	1214.75
581.12	1222.64
581.32	1222.31
581.52	1229.33
581.72	1220.77
581.92	1228.00
582.12	1214.88
582.32	1224.44
582.52	1223.03
582.72	1223.97
582.92	1217.33
583.12	1231.34
583.32	1213.40
583.52	1230.56
583.72	1214.59
583.92	1227.70
584.12	1215.41
584.33	1219.50
584.53	1217.78
584.73	1220.73
584.93	1212.89
585.13	1231.40
585.33	1219.79
585.53	1224.95
585.73	1227.80
585.93	1220.53
586.13	1214.59
586.33	1220.32
586.53	1222.00
586.73	1227.94
586.93	1224.73
587.13	1225.32
587.33	1220.47
587.53	1226.26
587.73	1217.95
587.93	1221.06
588.13	1221.10
588.33	1218.81
588.53	1217.01
588.73	1222.58
588.93	1220.53
589.13	1225.48
589.33	1211.29
589.53	1227.59
589.73	1221.27
589.93	1221.59
590.13	1213.28
590.33	1223.44
590.53	1219.46
590.73	1228.54
590.93	1220.04
591.13	1223.50
591.33	1220.81
591.53	1226.63
591.73	1220.16
591.93	1221.00
592.13	1216.96
592.33	1225.75
592.53	1216.23
592.73	1230.99
592.93	1217.11
593.13	1221.67
593.33	1217.46
593.53	1221.61
593.73	1222.23
593.93	1225.63
594.13	1217.95
594.33	1227.68
594.53	1223.50
594.73	1229.91
594.92	1223.15
595.12	1218.25
595.32	1218.01
595.52	1221.41
595.72	1222.70
595.92	1229.23
596.12	1216.04
596.32	1230.75
596.52	1222.49
596.72	1224.28
596.92	1220.34
597.12	1214.55
597.32	1218.25
597.52	1231.32
597.72	1217.97
597.92	1220.73
598.12	1219.16
598.32	1226.20
598.52	1225.42
598.72	1225.22
598.92	1219.46
599.12	1223.99
599.31	1212.05
599.51	1225.57
599.71	1215.47
599.91	1225.67
600.11	1218.03
600.31	1226.32
600.51	1218.81
600.71	1238.41
600.91	1211.68
601.11	1217.52
601.31	1225.32
601.51	1223.15
601.71	1219.32
601.91	1227.80
602.10	1212.15
602.30	1230.46
602.50	1213.69
602.70	1223.46
602.90	1213.44
603.10	1218.91
603.30	1216.84
603.50	1226.00
603.70	1227.59
603.90	1223.85
604.10	1221.88
604.30	1224.28
604.49	1220.04
604.69	1225.59
604.89	1214.36
605.09	1225.59
605.29	1219.28
605.49	1218.07
605.69	1217.27
605.89	1219.57
606.09	1220.12
606.29	1224.62
606.48	1216.60
606.68	1226.71
606.88	1211.35
607.08	1231.57
607.28	1220.16
607.48	1225.36
607.68	1224.07
607.88	1225.30
608.08	1214.32
608.27	1224.91
608.47	1219.30
608.67	1219.97
608.87	1214.69
609.07	1224.93
609.27	1218.15
609.47	1227.51
609.67	1222.29
609.87	1227.72
610.06	1214.08
610.26	1226.57
610.46	1228.45
610.66	1221.90
610.86	1225.77
611.06	1226.41
611.26	1223.89
611.45	1219.61
611.65	1219.05
611.85	1222.35
612.05	1215.43
612.25	1225.38
612.45	1225.26
612.65	1234.80
612.84	1217.13
613.04	1222.82
613.24	1220.98
613.44	1223.70
613.64	1215.78
613.84	1226.32
614.04	1224.46
614.23	1227.65
614.43	1218.44
614.63	1229.76
614.83	1218.71
615.03	1223.64
615.23	1217.27
615.42	1217.72
615.62	1222.39
615.82	1222.02
616.02	1215.06
616.22	1223.25
616.42	1221.27
616.61	1226.49
616.81	1221.65
617.01	1223.48
617.21	1212.27
617.41	1221.06
617.61	1212.34
617.80	1227.68
618.00	1224.87
618.20	1227.68
618.40	1215.63
618.60	1230.15
618.80	1227.51
618.99	1222.29
619.19	1222.51
619.39	1227.80
619.59	1215.08
619.79	1229.17
619.98	1217.27
620.18	1229.62
620.38	1219.22
620.58	1226.41
620.78	1221.20
620.97	1223.07
621.17	1225.24
621.37	1218.77
621.57	1219.83
621.77	1231.34
621.96	1226.04
622.16	1217.70
622.36	1222.27
622.56	1228.37
622.76	1217.31
622.95	1224.56
623.15	1217.19
623.35	1221.78
623.55	1215.49
623.75	1224.89
623.94	1215.51
624.14	1225.93
624.34	1215.76
624.54	1222.64
624.73	1213.61
624.93	1219.11
625.13	1214.98
625.33	1225.32
625.53	1220.32
625.72	1227.80
625.92	1216.02
626.12	1222.49
626.32	1217.46
626.51	1221.22
626.71	1216.12
626.91	1223.23
627.11	1221.06
627.30	1228.37
627.50	1226.86
627.70	1224.52
627.90	1221.00
628.10	1222.92
628.29	1219.85
628.49	1221.06
628.69	1216.35
628.89	1221.39
629.08	1220.51
629.28	1224.91
629.48	1214.22
629.68	1231.40
629.87	1218.46
630.07	1227.10
630.27	1220.30
630.47	1227.88
630.66	1223.09
630.86	1224.17
631.06	1221.74
631.25	1219.63
631.45	1220.14
631.65	1224.71
631.85	1219.65
632.04	1216.45
632.24	1211.15
632.44	1227.47
632.64	1212.68
632.83	1225.52
633.03	1216.58
633.23	1219.44
633.42	1220.84
633.62	1220.94
633.82	1219.03
634.02	1226.12
634.21	1220.86
634.41	1229.13
634.61	1220.94
634.81	1225.20
635.00	1218.91
635.20	1226.00
635.40	1218.42
635.59	1228.13
635.79	1217.64
635.99	1225.24
636.18	1224.66
636.38	1232.77
636.58	1220.77
636.78	1218.91
636.97	1216.55
637.17	1226.53
637.37	1222.78
637.56	1225.09
637.76	1213.30
637.96	1223.37
638.15	1222.78
638.35	1221.84
638.55	1219.79
638.74	1225.73
638.94	1223.62
639.14	1227.88
639.34	1219.63
639.53	1217.89
639.73	1229.07
639.93	1220.22
640.12	1216.23
640.32	1222.68
640.52	1214.22
640.71	1224.73
640.91	1219.57
641.11	1230.28
641.30	1213.67
641.50	1229.97
641.70	1223.76
641.89	1228.88
642.09	1220.30
642.29	1224.28
642.48	1220.61
642.68	1226.10
642.88	1226.65
643.07	1229.72
643.27	1222.92
643.47	1224.23
643.66	1224.64
643.86	1224.58
644.06	1221.14
644.25	1227.20
644.45	1218.77
644.65	1223.35
644.84	1216.39
645.04	1228.31
645.23	1218.97
645.43	1219.22
645.63	1214.90
645.82	1230.89
646.02	1220.63
646.22	1228.99
646.41	1217.39
646.61	1222.66
646.81	1221.00
647.00	1224.07
647.20	1217.31
647.39	1222.76
647.59	1215.67
647.79	1228.31
647.98	1215.41
648.18	1221.39
648.38	1212.38
648.57	1223.70
648.77	1218.21
648.96	1215.86
649.16	1214.34
649.36	1224.13
649.55	1219.14
649.75	1216.37
649.95	1217.27
650.14	1229.01
650.34	1212.81
650.53	1224.75
650.73	1219.28
650.93	1227.37
651.12	1219.14
651.32	1227.43
651.51	1225.48
651.71	1226.55
651.91	1224.54
652.10	1227.20
652.30	1219.73
652.49	1230.93
652.69	1220.81
652.89	1221.39
653.08	1216.39
653.28	1230.24
653.47	1213.69
653.67	1226.28
653.86	1224.11
654.06	1219.97
654.26	1222.17
654.45	1221.74
654.65	1216.82
654.84	1225.07
655.04	1212.40
655.24	1229.23
655.43	1216.08
655.63	1218.34
655.82	1219.93
656.02	1229.44
656.21	1220.10
656.41	1225.69
656.61	1224.40
656.80	1219.54
657.00	1220.96
657.19	1225.59
657.39	1222.84
657.58	1217.89
657.78	1216.82
657.97	1226.82
658.17	1217.11
658.37	1228.15
658.56	1223.52
658.76	1227.57
658.95	1218.52
659.15	1227.18
659.34	1209.78
659.54	1217.91
659.73	1218.44
659.93	1225.40
660.13	1216.49
660.32	1226.51
660.52	1221.92
660.71	1230.24
660.91	1216.25
661.10	1227.08
661.30	1219.52
661.49	1222.92
661.69	1229.62
661.88	1229.03
662.08	1222.27
662.27	1219.54
662.47	1216.68
662.66	1221.18
662.86	1223.56
663.06	1222.90
663.25	1218.52
663.45	1219.30
663.64	1216.64
663.84	1216.80
664.03	1223.44
664.23	1224.13
664.42	1219.52
664.62	1222.51
664.81	1212.25
665.01	1224.79
665.20	1218.58
665.40	1222.68
665.59	1214.40
665.79	1223.11
665.98	1221.31
666.18	1222.62
666.37	1212.87
666.57	1224.95
666.76	1216.00
666.96	1226.55
667.15	1220.69
667.35	1221.59
667.54	1219.77
667.74	1224.91
667.93	1215.35
668.13	1224.05
668.32	1225.57
668.52	1224.64
668.71	1214.34
668.91	1230.48
669.10	1222.31
669.30	1221.67
669.49	1224.38
669.68	1223.97
669.88	1224.23
670.07	1225.12
670.27	1218.42
670.46	1223.54
670.66	1213.85
670.85	1224.32
671.05	1214.88
671.24	1229.27
671.44	1229.31
671.63	1223.17
671.83	1213.11
672.02	1219.11
672.22	1225.03
672.41	1224.01
672.60	1218.44
672.80	1227.84
672.99	1216.74
673.19	1223.37
673.38	1225.07
673.58	1223.93
673.77	1219.81
673.97	1229.72
674.16	1222.31
674.36	1228.39
674.55	1219.32
674.74	1227.41
674.94	1213.01
675.13	1219.01
675.33	1222.70
675.52	1227.98
675.72	1219.11
675.91	1227.61
676.10	1215.88
676.30	1228.78
676.49	1219.42
676.69	1220.90
676.88	1220.86
677.08	1221.57
677.27	1223.25
677.46	1222.33
677.66	1209.84
677.85	1227.18
678.05	1217.80
678.24	1224.30
678.44	1220.45
678.63	1229.81
678.82	1218.07
679.02	1224.21
679.21	1218.56
679.41	1223.78
679.60	1216.15
679.79	1217.60
679.99	1216.33
680.18	1225.50
680.38	1220.94
680.57	1222.47
680.76	1221.96
680.96	1224.36
681.15	1220.10
681.35	1222.88
681.54	1222.37
681.73	1223.01
681.93	1221.35
682.12	1224.46
682.32	1220.65
682.51	1233.02
682.70	1215.90
682.90	1226.41
683.09	1213.24
683.29	1224.30
683.48	1217.99
683.67	1223.74
683.87	1221.29
684.06	1226.55
684.25	1212.73
684.45	1232.82
684.64	1217.09
684.84	1219.01
685.03	1221.12
685.22	1226.26
685.42	1215.69
685.61	1225.14
685.80	1215.18
686.00	1228.43
686.19	1221.76
686.38	1226.20
686.58	1220.32
686.77	1219.34
686.96	1223.07
687.16	1228.52
687.35	1214.38
687.55	1228.88
687.74	1221.98
687.93	1223.13
688.13	1207.40
688.32	1230.15
688.51	1214.12
688.71	1220.84
688.90	1221.86
689.09	1223.27
689.29	1222.82
689.48	1223.19
689.67	1222.56
689.87	1225.61
690.06	1223.52
690.25	1225.71
690.45	1220.02
690.64	1224.69
690.83	1225.32
691.03	1223.68
691.22	1217.54
691.41	1221.04
691.61	1224.05
691.80	1223.99
691.99	1223.35
692.19	1231.96
692.38	1214.32
692.57	1225.28
692.76	1217.42
692.96	1226.18
693.15	1220.49
693.34	1219.22
693.54	1224.07
693.73	1229.52
693.92	1224.05
694.12	1215.94
694.31	1218.62
694.50	1222.19
694.70	1215.26
694.89	1225.52
695.08	1212.32
695.27	1230.67
695.47	1219.77
695.66	1227.98
695.85	1225.73
696.05	1226.20
696.24	1220.12
696.43	1220.43
696.62	1224.99
696.82	1229.27
697.01	1221.94
697.20	1229.07
697.40	1219.83
697.59	1221.02
697.78	1222.10
697.97	1227.37
698.17	1221.49
698.36	1225.34
698.55	1222.97
698.74	1223.33
698.94	1225.26
699.13	1222.68
699.32	1218.66
699.52	1219.97
699.71	1221.10
699.90	1223.56
700.09	1221.53
700.29	1218.89
700.48	1215.53
700.67	1221.14
700.86	1216.64
701.06	1232.80
701.25	1222.88
701.44	1229.40
701.63	1220.08
701.83	1226.65
702.02	1210.72
702.21	1226.90
702.40	1218.66
702.60	1220.63
702.79	1223.99
702.98	1222.33
703.17	1219.89
703.37	1225.71
703.56	1215.92
703.75	1221.82
703.94	1211.54
704.13	1224.83
704.33	1216.98
704.52	1224.01
704.71	1214.12
704.90	1224.13
705.10	1216.98
705.29	1226.96
705.48	1215.49
705.67	1228.97
705.86	1221.82
706.06	1223.50
706.25	1223.01
706.44	1224.42
706.63	1220.34
706.83	1220.20
707.02	1218.46
707.21	1223.97
707.40	1216.66
707.59	1223.35
707.79	1218.64
707.98	1225.85
708.17	1223.40
708.36	1229.68
708.55	1213.77
708.75	1226.47
708.94	1210.86
709.13	1223.52
709.32	1226.06
709.51	1225.32
709.71	1225.36
709.90	1225.81
710.09	1220.43
710.28	1223.19
710.47	1229.40
710.66	1231.03
710.86	1222.53
711.05	1219.50
711.24	1213.28
711.43	1225.44
711.62	1223.83
711.82	1228.27
712.01	1221.84
712.20	1215.49
712.39	1220.22
712.58	1221.24
712.77	1219.48
712.97	1228.92
713.16	1226.61
713.35	1226.96
713.54	1217.17
713.73	1220.67
713.92	1221.29
714.11	1223.56
714.31	1214.59
714.50	1224.36
714.69	1222.97
714.88	1226.69
715.07	1214.75
715.26	1230.40
715.46	1221.49
715.65	1225.36
715.84	1220.96
716.03	1226.47
716.22	1219.57
716.41	1223.72
716.60	1224.54
716.80	1217.72
716.99	1215.35
717.18	1221.02
717.37	1214.42
717.56	1226.00
717.75	1227.00
717.94	1226.59
718.13	1219.89
718.33	1217.56
718.52	1220.71
718.71	1227.06
718.90	1217.21
719.09	1228.39
719.28	1223.31
719.47	1229.64
719.66	1220.63
719.85	1225.59
720.05	1218.71
720.24	1224.09
720.43	1215.02
720.62	1220.67
720.81	1214.83
721.00	1234.72
721.19	1221.63
721.38	1225.22
721.57	1217.52
721.77	1229.81
721.96	1221.57
722.15	1225.57
722.34	1216.60
722.53	1223.93
722.72	1220.81
722.91	1223.07
723.10	1218.60
723.29	1227.10
723.48	1220.92
723.67	1225.34
723.87	1214.08
724.06	1228.45
724.25	1216.51
724.44	1227.31
724.63	1219.01
724.82	1228.92
725.01	1215.59
725.20	1228.82
725.39	1223.15
725.58	1227.08
725.77	1221.43
725.96	1221.02
726.15	1218.05
726.34	1227.45
726.54	1219.38
726.73	1228.49
726.92	1223.35
727.11	1221.65
727.30	1217.05
727.49	1225.18
727.68	1223.35
727.87	1223.50
728.06	1219.65
728.25	1225.24
728.44	1221.67
728.63	1224.99
728.82	1216.90
729.01	1220.59
729.20	1228.64
729.39	1228.37
729.58	1217.74
729.77	1220.75
729.96	1213.59
730.15	1226.36
730.34	1219.77
730.53	1220.65
730.73	1220.59
730.92	1225.87
731.11	1221.12
731.30	1229.85
731.49	1222.80
731.68	1229.35
731.87	1217.66
732.06	1227.59
732.25	1218.58
732.44	1226.90
732.63	1216.96
732.82	1228.06
733.01	1220.06
733.20	1223.64
733.39	1220.57
733.58	1220.02
733.77	1224.54
733.96	1222.88
734.15	1219.69
734.34	1223.46
734.53	1220.69
734.72	1220.81
734.91	1220.08
735.10	1224.21
735.29	1220.98
735.48	1229.97
735.67	1215.45
735.86	1220.32
736.05	1218.17
736.24	1225.40
736.43	1214.26
736.62	1223.66
736.81	1210.76
737.00	1241.17
737.19	1218.07
737.38	1223.09
737.57	1218.87
737.76	1218.68
737.95	1213.95
738.14	1227.45
738.33	1218.23
738.51	1226.00
738.70	1215.14
738.89	1227.49
739.08	1223.33
739.27	1225.83
739.46	1222.84
739.65	1232.32
739.84	1220.12
740.03	1218.17
740.22	1217.52
740.41	1230.36
740.60	1217.95
740.79	1219.81
740.98	1215.29
741.17	1222.80
741.36	1218.52
741.55	1224.99
741.74	1218.03
741.93	1222.19
742.12	1218.28
742.31	1228.31
742.50	1219.20
742.68	1219.81
742.87	1224.71
743.06	1226.63
743.25	1216.92
743.44	1229.29
743.63	1215.10
743.82	1220.41
744.01	1217.78
744.20	1225.52
744.39	1211.93
744.58	1220.65
744.77	1218.28
744.96	1222.13
745.14	1216.49
745.33	1221.04
745.52	1223.91
745.71	1227.72
745.90	1217.03
746.09	1224.69
746.28	1217.70
746.47	1223.52
746.66	1223.91
746.85	1215.41
747.04	1215.12
747.22	1224.60
747.41	1218.15
747.60	1231.65
747.79	1215.53
747.98	1219.11
748.17	1217.01
748.36	1224.32
748.55	1213.59
748.74	1224.46
748.93	1213.75
749.11	1229.46
749.30	1218.89
749.49	1221.49
749.68	1219.40
749.87	1227.04
750.06	1220.51
750.25	1220.71
750.44	1219.71
750.62	1227.12
750.81	1216.25
751.00	1224.21
751.19	1212.36
751.38	1224.21
751.57	1224.19
751.76	1232.04
751.95	1215.47
752.13	1225.87
752.32	1217.01
752.51	1224.36
752.70	1217.66
752.89	1226.24
753.08	1226.26
753.27	1221.49
753.45	1218.11
753.64	1221.24
753.83	1217.11
754.02	1224.99
754.21	1216.39
754.40	1224.69
754.58	1221.47
754.77	1223.11
754.96	1216.29
755.15	1223.05
755.34	1216.74
755.53	1218.44
755.71	1216.58
755.90	1220.47
756.09	1214.04
756.28	1216.58
756.47	1217.58
756.66	1223.78
756.84	1218.83
757.03	1219.67
757.22	1216.12
757.41	1221.24
757.60	1223.74
757.79	1229.50
757.97	1222.23
758.16	1220.90
758.35	1217.93
758.54	1222.08
758.73	1221.02
758.91	1221.20
759.10	1220.24
759.29	1218.44
759.48	1213.77
759.67	1233.49
759.85	1218.44
760.04	1228.45
760.23	1212.54
760.42	1221.49
760.61	1217.35
760.79	1225.05
760.98	1215.78
761.17	1223.44
761.36	1216.66
761.55	1220.65
761.73	1218.73
761.92	1222.68
762.11	1217.44
762.30	1227.80
762.49	1222.80
762.67	1224.30
762.86	1217.78
763.05	1225.42
763.24	1208.18
763.42	1223.54
763.61	1222.35
763.80	1225.44
763.99	1213.75
764.17	1217.48
764.36	1221.51
764.55	1223.72
764.74	1224.40
764.92	1225.73
765.11	1224.83
765.30	1225.44
765.49	1218.91
765.68	1221.35
765.86	1219.14
766.05	1221.47
766.24	1223.60
766.43	1221.74
766.61	1218.81
766.80	1224.09
766.99	1217.46
767.17	1227.16
767.36	1223.54
767.55	1225.87
767.74	1220.92
767.92	1228.72
768.11	1214.77
768.30	1222.06
768.49	1218.50
768.67	1218.42
768.86	1213.61
769.05	1226.53
769.24	1217.44
769.42	1224.19
769.61	1221.39
769.80	1220.24
769.98	1216.04
770.17	1216.17
770.36	1213.09
770.55	1223.93
770.73	1219.05
770.92	1221.98
771.11	1223.80
771.29	1225.22
771.48	1216.94
771.67	1220.55
771.86	1214.34
772.04	1222.47
772.23	1217.87
772.42	1222.15
772.60	1220.26
772.79	1221.04
772.98	1214.98
773.16	1226.41
773.35	1220.06
773.54	1224.81
773.72	1218.09
773.91	1228.86
774.10	1215.72
774.29	1223.37
774.47	1219.22
774.66	1218.15
774.85	1215.76
775.03	1229.85
775.22	1218.30
775.41	1225.87
775.59	1217.44
775.78	1227.68
775.97	1222.19
776.15	1220.55
776.34	1217.89
776.53	1222.80
776.71	1217.39
776.90	1222.92
777.09	1220.59
777.27	1228.00
777.46	1220.04
777.65	1219.54
777.83	1216.17
778.02	1224.99
778.21	1218.66
778.39	1227.31
778.58	1214.65
778.76	1229.68
778.95	1223.68
779.14	1229.01
779.32	1216.23
779.51	1230.46
779.70	1223.03
779.88	1227.78
780.07	1221.53
780.26	1220.84
780.44	1214.92
780.63	1227.63
780.81	1218.89
781.00	1228.15
781.19	1218.58
781.37	1225.89
781.56	1213.50
781.75	1220.86
781.93	1226.51
782.12	1221.88
782.30	1206.91
782.49	1221.78
782.68	1224.48
782.86	1221.90
783.05	1212.93
783.23	1222.39
783.42	1219.50
783.61	1218.85
783.79	1219.40
783.98	1224.17
784.16	1211.29
784.35	1225.50
784.54	1218.07
784.72	1225.18
784.91	1215.47
785.09	1220.81
785.28	1221.24
785.47	1222.74
785.65	1227.51
785.84	1222.00
786.02	1220.61
786.21	1221.31
786.40	1214.83
786.58	1224.11
786.77	1214.55
786.95	1230.60
787.14	1222.62
787.32	1218.30
787.51	1223.99
787.70	1229.46
787.88	1221.82
788.07	1228.62
788.25	1206.97
788.44	1216.37
788.62	1217.03
788.81	1222.49
789.00	1214.42
789.18	1219.97
789.37	1219.97
789.55	1219.22
789.74	1215.26
789.92	1214.75
790.11	1216.86
790.29	1221.59
790.48	1217.07
790.67	1220.00
790.85	1216.08
791.04	1224.28
791.22	1214.06
791.41	1221.57
791.59	1211.66
791.78	1230.09
791.96	1222.74
792.15	1228.23
792.33	1216.12
792.52	1220.69
792.70	1221.00
792.89	1228.72
793.07	1217.60
793.26	1224.15
793.45	1218.66
793.63	1226.65
793.82	1223.27
794.00	1221.96
794.19	1223.25
794.37	1220.79
794.56	1212.44
794.74	1233.61
794.93	1216.35
795.11	1228.66
795.30	1218.68
795.48	1219.48
795.67	1219.40
795.85	1221.88
796.04	1213.71
796.22	1226.82
796.41	1219.16
796.59	1224.13
796.78	1220.24
796.96	1221.29
797.15	1212.83
797.33	1219.79
797.52	1209.65
797.70	1222.23
797.89	1221.39
798.07	1225.57
798.26	1210.43
798.44	1221.37
798.63	1223.01
798.81	1220.67
798.99	1214.92
799.18	1230.42
799.36	1215.90
799.55	1224.36
799.73	1219.20
799.92	1224.44
800.10	1215.26
800.29	1224.64
800.47	1213.16
800.66	1228.37
800.84	1217.31
801.03	1224.38
801.21	1220.79
801.39	1234.54
801.58	1215.84
801.76	1229.68
801.95	1212.07
802.13	1226.86
802.32	1217.09
802.50	1220.49
802.69	1215.80
802.87	1224.07
803.06	1215.67
803.24	1223.21
803.42	1214.14
803.61	1225.03
803.79	1218.99
803.98	1228.58
804.16	1217.74
804.35	1226.10
804.53	1216.08
804.71	1221.14
804.90	1215.94
805.08	1227.82
805.27	1213.77
805.45	1225.98
805.63	1218.97
805.82	1229.05
806.00	1221.10
806.19	1223.74
806.37	1212.87
806.56	1223.27
806.74	1214.30
806.92	1217.91
807.11	1221.33
807.29	1229.64
807.48	1221.47
807.66	1230.44
807.84	1218.03
808.03	1235.09
808.21	1215.16
808.40	1225.93
808.58	1215.29
808.76	1227.33
808.95	1216.45
809.13	1224.89
809.32	1222.39
809.50	1218.79
809.68	1217.01
809.87	1219.11
810.05	1222.00
810.23	1228.23
810.42	1221.24
810.60	1222.04
810.79	1216.29
810.97	1225.83
811.15	1215.14
811.34	1219.65
811.52	1220.34
811.70	1228.00
811.89	1220.51
812.07	1225.20
812.25	1220.69
812.44	1225.40
812.62	1220.32
812.81	1229.83
812.99	1212.95
813.17	1218.95
813.36	1220.84
813.54	1221.61
813.72	1220.20
813.91	1224.58
814.09	1215.69
814.27	1225.75
814.46	1218.91
814.64	1227.96
814.82	1215.43
815.01	1227.29
815.19	1213.67
815.37	1213.81
815.56	1224.81
815.74	1222.86
815.92	1219.30
816.11	1230.36
816.29	1221.86
816.47	1229.05
816.66	1221.96
816.84	1221.76
817.02	1222.17
817.21	1222.74
817.39	1226.12
817.57	1229.44
817.76	1217.13
817.94	1225.63
818.12	1225.93
818.30	1223.99
818.49	1219.38
818.67	1229.05
818.85	1218.56
819.04	1228.04
819.22	1222.43
819.40	1231.51
819.59	1224.09
819.77	1231.57
819.95	1215.59
820.13	1223.37
820.32	1220.73
820.50	1222.92
820.68	1214.28
820.87	1223.95
821.05	1216.90
821.23	1230.30
821.41	1220.18
821.60	1229.87
821.78	1219.65
821.96	1223.07
822.14	1222.10
822.33	1228.37
822.51	1218.71
822.69	1228.37
822.88	1219.24
823.06	1223.87
823.24	1216.35
823.42	1219.89
823.61	1222.29
823.79	1226.16
823.97	1223.56
824.15	1219.28
824.34	1220.65
824.52	1222.66
824.70	1224.07
824.88	1227.08
825.07	1217.78
825.25	1231.36
825.43	1213.52
825.61	1223.29
825.80	1220.16
825.98	1227.04
826.16	1216.90
826.34	1222.31
826.53	1217.50
826.71	1224.87
826.89	1217.87
827.07	1221.96
827.25	1222.62
827.44	1223.09
827.62	1214.18
827.80	1226.69
827.98	1220.26
828.17	1221.43
828.35	1223.62
828.53	1224.58
828.71	1215.14
828.89	1225.26
829.08	1213.79
829.26	1222.33
829.44	1219.81
829.62	1219.05
829.80	1222.76
829.99	1221.61
830.17	1224.07
830.35	1228.43
830.53	1219.30
830.71	1236.91
830.90	1218.32
831.08	1230.34
831.26	1223.03
831.44	1225.42
831.62	1222.33
831.81	1217.46
831.99	1219.16
832.17	1227.98
832.35	1223.93
832.53	1225.69
832.71	1215.76
832.90	1218.66
833.08	1215.94
833.26	1227.49
833.44	1222.33
833.62	1234.58
833.81	1220.06
833.99	1221.14
834.17	1213.93
834.35	1227.86
834.53	1222.68
834.71	1227.06
834.89	1222.86
835.08	1227.47
835.26	1213.61
835.44	1232.51
835.62	1219.85
835.80	1225.57
835.98	1223.05
836.17	1229.85
836.35	1222.15
836.53	1225.07
836.71	1219.81
836.89	1227.47
837.07	1213.32
837.25	1228.66
837.44	1216.49
837.62	1222.88
837.80	1217.21
837.98	1223.76
838.16	1225.30
838.34	1225.30
838.52	1227.51
838.70	1223.37
838.89	1217.48
839.07	1228.56
839.25	1215.72
839.43	1222.66
839.61	1225.44
839.79	1226.51
839.97	1219.83
840.15	1230.73
840.33	1222.39
840.52	1223.25
840.70	1222.80
840.88	1225.85
841.06	1222.00
841.24	1227.86
841.42	1225.18
841.60	1222.53
841.78	1215.63
841.96	1225.16
842.14	1221.45
842.33	1226.63
842.51	1224.23
842.69	1230.60
842.87	1224.28
843.05	1224.93
843.23	1219.73
843.41	1228.21
843.59	1218.34
843.77	1222.80
843.95	1216.23
844.13	1223.58
844.31	1219.97
844.49	1224.32
844.68	1210.39
844.86	1226.14
845.04	1221.02
845.22	1221.49
845.40	1222.06
845.58	1232.57
845.76	1217.42
845.94	1221.90
846.12	1209.80
846.30	1229.07
846.48	1217.15
846.66	1221.27
846.84	1222.43
847.02	1227.98
847.20	1216.43
847.38	1225.28
847.56	1218.95
847.74	1223.72
847.92	1223.21
848.11	1230.60
848.29	1220.36
848.47	1228.62
848.65	1218.75
848.83	1222.94
849.01	1212.56
849.19	1225.24
849.37	1218.34
849.55	1228.66
849.73	1214.67
849.91	1226.69
850.09	1217.27
850.27	1223.15
850.45	1220.96
850.63	1231.38
850.81	1220.67
850.99	1224.03
851.17	1223.89
851.35	1223.83
851.53	1217.46
851.71	1225.57
851.89	1220.20
852.07	1224.23
852.25	1222.45
852.43	1219.32
852.61	1220.77
852.79	1230.26
852.97	1223.48
853.15	1225.14
853.33	1213.61
853.51	1227.96
853.69	1219.89
853.87	1222.86
854.05	1226.86
854.23	1222.51
854.41	1224.83
854.59	1230.44
854.77	1218.34
854.95	1227.70
855.13	1217.25
855.31	1232.02
855.49	1219.93
855.67	1233.70
855.84	1218.50
856.02	1231.18
856.20	1210.92
856.38	1224.75
856.56	1221.74
856.74	1221.78
856.92	1222.00
857.10	1226.34
857.28	1222.13
857.46	1228.68
857.64	1219.50
857.82	1227.41
858.00	1224.89
858.18	1230.64
858.36	1218.01
858.54	1230.28
858.72	1217.44
858.90	1231.91
859.08	1224.32
859.25	1228.23
859.43	1228.33
859.61	1224.77
859.79	1226.73
859.97	1232.82
860.15	1226.45
860.33	1223.99
860.51	1223.70
860.69	1222.68
860.87	1223.11
861.05	1228.15
861.23	1221.51
861.41	1226.73
861.58	1222.72
861.76	1231.18
861.94	1225.46
862.12	1226.14
862.30	1222.37
862.48	1228.06
862.66	1227.20
862.84	1236.75
863.02	1222.19
863.20	1232.10
863.37	1222.47
863.55	1231.30
863.73	1221.53
863.91	1227.90
864.09	1212.97
864.27	1234.80
864.45	1218.89
864.63	1224.64
864.80	1227.33
864.98	1222.33
865.16	1224.97
865.34	1228.15
865.52	1232.39
865.70	1224.03
865.88	1223.25
866.06	1231.89
866.23	1220.06
866.41	1235.79
866.59	1221.63
866.77	1226.12
866.95	1223.64
867.13	1232.65
867.31	1228.29
867.48	1229.44
867.66	1229.09
867.84	1232.24
868.02	1227.35
868.20	1231.40
868.38	1227.22
868.56	1230.79
868.73	1225.55
868.91	1242.54
869.09	1227.51
869.27	1233.98
869.45	1237.26
869.63	1234.11
869.80	1235.19
869.98	1242.46
870.16	1235.81
870.34	1237.20
870.52	1234.15
870.70	1242.01
870.87	1232.34
871.05	1241.48
871.23	1231.16
871.41	1252.66
871.59	1241.68
871.76	1240.56
871.94	1244.00
872.12	1242.81
872.30	1240.00
872.48	1244.12
872.65	1240.99
872.83	1248.59
873.01	1242.95
873.19	1250.74
873.37	1242.67
873.54	1244.08
873.72	1238.06
873.90	1244.47
874.08	1241.79
874.26	1250.76
874.43	1240.72
874.61	1247.48
874.79	1245.68
874.97	1251.00
875.15	1238.14
875.32	1248.69
875.50	1244.16
875.68	1254.07
875.86	1243.65
876.03	1251.04
876.21	1242.54
876.39	1253.17
876.57	1244.28
876.74	1253.11
876.92	1245.31
877.10	1253.85
877.28	1241.21
877.45	1246.70
877.63	1241.89
877.81	1255.90
877.99	1243.20
878.17	1251.41
878.34	1240.99
878.52	1255.51
878.70	1239.88
878.87	1251.72
879.05	1248.13
879.23	1252.13
879.41	1247.60
879.58	1257.33
879.76	1260.01
879.94	1264.40
880.12	1250.76
880.29	1262.90
880.47	1265.46
880.65	1284.01
880.83	1267.65
881.00	1288.05
881.18	1287.07
881.36	1298.23
881.53	1290.06
881.71	1320.02
881.89	1333.76
882.07	1379.61
882.24	1418.63
882.42	1490.68
882.60	1580.11
882.77	1706.51
882.95	1856.28
883.13	2038.43
883.30	2225.06
883.48	2426.06
883.66	2600.22
883.84	2816.02
884.01	3015.33
884.19	3209.19
884.37	3392.54
884.54	3552.35
884.72	3742.15
884.90	3871.11
885.07	4022.25
885.25	4179.19
885.43	4314.93
885.60	4393.57
885.78	4534.06
885.96	4615.63
886.13	4710.16
886.31	4801.87
886.49	4904.76
886.66	5027.23
886.84	5095.86
887.02	5184.78
887.19	5217.86
887.37	5293.08
887.55	5369.92
887.72	5344.26
887.90	5369.73
888.08	5379.42
888.25	5283.72
888.43	5171.20
888.61	5054.67
888.78	4877.07
888.96	4656.16
889.14	4425.97
889.31	4223.57
889.49	3986.80
889.67	3728.86
889.84	3503.75
890.02	3261.16
890.19	3057.99
890.37	2854.95
890.55	2688.20
890.72	2553.33
890.90	2420.51
891.08	2298.56
891.25	2218.93
891.43	2153.56
891.60	2091.88
891.78	2033.28
891.96	2002.91
892.13	1950.44
892.31	1928.22
892.48	1903.32
892.66	1882.66
892.84	1852.00
893.01	1841.90
893.19	1808.03
893.36	1789.33
893.54	1768.71
893.72	1749.05
893.89	1722.14
894.07	1720.58
894.24	1696.72
894.42	1693.63
894.60	1655.41
894.77	1647.84
894.95	1629.67
895.12	1626.87
895.30	1604.30
895.48	1587.42
895.65	1553.88
895.83	1554.88
896.00	1537.41
896.18	1521.54
896.35	1509.64
896.53	1502.10
896.71	1485.62
896.88	1488.65
897.06	1480.13
897.23	1469.87
897.41	1457.54
897.58	1470.50
897.76	1442.16
897.93	1449.33
898.11	1430.71
898.29	1438.39
898.46	1434.15
898.64	1435.40
898.81	1434.29
898.99	1449.29
899.16	1453.67
899.34	1473.76
899.51	1474.60
899.69	1490.90
899.86	1495.75
900.04	1518.26
900.21	1517.77
900.39	1518.45
900.57	1513.29
900.74	1523.61
900.92	1524.12
901.09	1527.76
901.27	1517.40
901.44	1512.65
901.62	1492.99
901.79	1503.35
901.97	1480.80
902.14	1484.92
902.32	1463.38
902.49	1460.39
902.67	1439.09
902.84	1441.28
903.02	1412.75
903.19	1418.30
903.37	1394.30
903.54	1392.88
903.72	1381.91
903.89	1379.68
904.07	1358.60
904.24	1357.46
904.42	1341.50
904.59	1340.46
904.77	1327.45
904.94	1325.79
905.12	1302.36
905.29	1308.24
905.47	1298.02
905.64	1310.72
905.82	1294.95
905.99	1299.01
906.16	1283.56
906.34	1287.76
906.51	1283.58
906.69	1288.32
906.86	1280.57
907.04	1281.23
907.21	1275.00
907.39	1263.56
907.56	1259.85
907.74	1260.87
907.91	1250.53
908.09	1246.13
908.26	1240.60
908.43	1241.36
908.61	1237.92
908.78	1243.18
908.96	1232.28
909.13	1235.58
909.31	1226.57
909.48	1238.57
909.65	1221.96
909.83	1235.33
910.00	1224.99
910.18	1234.84
910.35	1232.82
910.53	1236.32
910.70	1229.78
910.87	1236.09
911.05	1229.40
911.22	1233.82
911.40	1228.35
911.57	1240.86
911.75	1229.38
911.92	1230.73
912.09	1223.95
912.27	1241.56
912.44	1225.28
912.62	1235.42
912.79	1223.23
912.96	1229.62
913.14	1226.63
913.31	1227.80
913.49	1231.67
913.66	1235.31
913.83	1228.95
914.01	1228.37
914.18	1234.80
914.36	1228.92
914.53	1224.97
914.70	1231.48
914.88	1226.49
915.05	1237.46
915.22	1228.82
915.40	1234.39
915.57	1227.78
915.75	1229.78
915.92	1230.87
916.09	1237.01
916.27	1233.84
916.44	1229.07
916.61	1229.60
916.79	1220.86
916.96	1228.88
917.13	1234.35
917.31	1222.35
917.48	1228.13
917.66	1222.58
917.83	1229.07
918.00	1224.30
918.18	1228.97
918.35	1230.15
918.52	1232.90
918.70	1222.72
918.87	1231.10
919.04	1225.52
919.22	1228.37
919.39	1220.73
919.56	1231.59
919.74	1217.62
919.91	1227.16
920.08	1226.71
920.26	1230.09
920.43	1227.22
920.60	1227.27
920.78	1228.19
920.95	1228.43
921.12	1223.42
921.29	1224.66
921.47	1215.98
921.64	1230.54
921.81	1216.60
921.99	1219.28
922.16	1224.42
922.33	1231.81
922.51	1222.04
922.68	1227.43
922.85	1230.83
923.03	1226.39
923.20	1216.86
923.37	1225.55
923.54	1230.32
923.72	1227.49
923.89	1219.40
924.06	1232.18
924.24	1224.17
924.41	1222.84
924.58	1225.59
924.75	1229.81
924.93	1224.11
925.10	1232.08
925.27	1222.68
925.44	1232.08
925.62	1221.53
925.79	1232.96
925.96	1218.89
926.14	1234.82
926.31	1232.57
926.48	1232.47
926.65	1216.08
926.83	1232.73
927.00	1224.01
927.17	1236.67
927.34	1224.32
927.52	1226.98
927.69	1221.06
927.86	1230.58
928.03	1226.20
928.21	1230.46
928.38	1220.84
928.55	1232.84
928.72	1223.27
928.89	1229.91
929.07	1230.75
929.24	1232.59
929.41	1229.54
929.58	1232.32
929.76	1219.38
929.93	1232.10
930.10	1220.90
930.27	1228.41
930.44	1220.57
930.62	1225.09
930.79	1228.19
930.96	1236.95
931.13	1225.09
931.31	1234.47
931.48	1225.73
931.65	1227.65
931.82	1227.04
931.99	1227.90
932.17	1223.01
932.34	1232.55
932.51	1221.37
932.68	1229.87
932.85	1222.68
933.03	1227.94
933.20	1219.46
933.37	1230.30
933.54	1214.06
933.71	1229.07
933.88	1222.06
934.06	1226.36
934.23	1222.37
934.40	1227.06
934.57	1230.85
934.74	1227.84
934.91	1224.60
935.09	1221.20
935.26	1220.12
935.43	1227.70
935.60	1224.95
935.77	1231.69
935.94	1217.76
936.12	1229.09
936.29	1217.58
936.46	1229.95
936.63	1216.21
936.80	1229.48
936.97	1223.48
937.14	1221.37
937.32	1220.81
937.49	1226.06
937.66	1224.79
937.83	1224.15
938.00	1222.56
938.17	1218.52
938.34	1225.01
938.52	1223.48
938.69	1220.26
938.86	1231.57
939.03	1221.59
939.20	1227.82
939.37	1217.29
939.54	1220.14
939.71	1221.12
939.89	1229.58
940.06	1215.22
940.23	1218.50
940.40	1221.92
940.57	1222.29
940.74	1223.58
940.91	1231.07
941.08	1217.37
941.25	1231.61
941.43	1220.16
941.60	1223.91
941.77	1227.16
941.94	1226.34
942.11	1217.05
942.28	1226.06
942.45	1221.02
942.62	1227.45
942.79	1219.05
942.96	1222.94
943.13	1215.82
943.30	1220.69
943.48	1219.28
943.65	1227.41
943.82	1223.99
943.99	1230.93
944.16	1224.23
944.33	1229.29
944.50	1212.91
944.67	1220.57
944.84	1222.35
945.01	1218.97
945.18	1220.30
945.35	1220.71
945.52	1220.06
945.69	1229.42
945.86	1217.37
946.03	1226.36
946.21	1220.96
946.38	1219.89
946.55	1222.47
946.72	1231.75
946.89	1216.72
947.06	1226.59
947.23	1225.26
947.40	1225.20
947.57	1216.35
947.74	1224.81
947.91	1214.22
948.08	1221.20
948.25	1216.64
948.42	1226.79
948.59	1223.01
948.76	1233.98
948.93	1215.26
949.10	1219.01
949.27	1218.93
949.44	1226.16
949.61	1218.15
949.78	1220.16
949.95	1224.46
950.12	1220.92
950.29	1218.13
950.46	1230.83
950.63	1223.01
950.80	1224.77
950.97	1213.93
951.14	1227.98
951.31	1216.98
951.48	1222.51
951.65	1221.70
951.82	1225.63
951.99	1223.56
952.16	1218.97
952.33	1219.40
952.50	1233.18
952.67	1222.41
952.84	1221.84
953.01	1211.31
953.18	1221.78
953.35	1219.26
953.52	1224.87
953.69	1222.47
953.86	1221.72
954.03	1215.16
954.20	1229.97
954.37	1222.62
954.54	1222.41
954.70	1223.72
954.87	1222.62
955.04	1215.31
955.21	1223.27
955.38	1228.04
955.55	1225.01
955.72	1212.03
955.89	1226.30
956.06	1215.02
956.23	1220.84
956.40	1218.09
956.57	1224.11
956.74	1218.01
956.91	1214.12
957.08	1221.92
957.25	1225.01
957.41	1214.90
957.58	1229.95
957.75	1213.65
957.92	1228.29
958.09	1220.90
958.26	1220.94
958.43	1215.39
958.60	1227.16
958.77	1223.60
958.94	1229.70
959.11	1213.50
959.27	1223.50
959.44	1212.23
959.61	1225.36
959.78	1213.16
959.95	1229.81
960.12	1217.11
960.29	1225.89
960.46	1221.31
960.63	1230.38
960.80	1210.64
960.96	1226.47
961.13	1212.09
961.30	1229.54
961.47	1221.76
961.64	1221.57
961.81	1218.23
961.98	1224.03
962.15	1220.79
962.31	1225.93
962.48	1213.09
962.65	1225.55
962.82	1218.21
962.99	1228.66
963.16	1217.93
963.33	1223.17
963.49	1223.37
963.66	1231.40
963.83	1213.93
964.00	1225.22
964.17	1213.77
964.34	1223.01
964.51	1222.92
964.67	1221.00
964.84	1218.60
965.01	1242.85
965.18	1219.81
965.35	1220.67
965.52	1218.09
965.68	1226.77
965.85	1221.47
966.02	1225.93
966.19	1222.47
966.36	1218.81
966.52	1221.84
966.69	1225.59
966.86	1219.52
967.03	1222.00
967.20	1216.58
967.37	1226.67
967.53	1221.92
967.70	1229.44
967.87	1218.13
968.04	1222.80
968.21	1212.42
968.37	1228.11
968.54	1221.27
968.71	1228.62
968.88	1221.49
969.05	1227.43
969.21	1214.57
969.38	1220.24
969.55	1221.96
969.72	1232.18
969.89	1220.81
970.05	1229.52
970.22	1220.67
970.39	1218.66
970.56	1222.97
970.72	1219.30
970.89	1214.67
971.06	1224.40
971.23	1221.80
971.39	1219.91
971.56	1224.40
971.73	1227.35
971.90	1216.51
972.07	1218.38
972.23	1228.35
972.40	1230.13
972.57	1216.37
972.74	1225.48
972.90	1226.53
973.07	1226.22
973.24	1217.50
973.40	1221.63
973.57	1219.20
973.74	1221.02
973.91	1221.88
974.07	1222.92
974.24	1215.69
974.41	1223.50
974.58	1216.08
974.74	1224.11
974.91	1217.72
975.08	1224.89
975.25	1216.58
975.41	1224.28
975.58	1211.62
975.75	1224.91
975.91	1210.60
976.08	1222.27
976.25	1209.76
976.42	1222.82
976.58	1227.10
976.75	1225.07
976.92	1213.22
977.08	1223.87
977.25	1216.25
977.42	1221.29
977.58	1222.06
977.75	1223.62
977.92	1218.23
978.08	1217.66
978.25	1225.28
978.42	1225.73
978.59	1220.96
978.75	1217.56
978.92	1226.98
979.09	1231.30
979.25	1220.06
979.42	1235.17
979.59	1214.59
979.75	1221.18
979.92	1221.92
980.09	1222.51
980.25	1216.82
980.42	1220.12
980.59	1221.02
980.75	1225.77
980.92	1220.47
981.09	1222.58
981.25	1211.31
981.42	1225.44
981.59	1220.98
981.75	1221.16
981.92	1221.22
982.08	1222.21
982.25	1215.45
982.42	1218.71
982.58	1216.72
982.75	1224.69
982.92	1214.10
983.08	1222.56
983.25	1221.06
983.42	1223.31
983.58	1216.53
983.75	1216.88
983.91	1211.62
984.08	1222.90
984.25	1223.89
984.41	1226.47
984.58	1216.70
984.74	1225.77
984.91	1216.92
985.08	1216.25
985.24	1218.21
985.41	1225.77
985.57	1223.99
985.74	1221.02
985.91	1221.80
986.07	1228.64
986.24	1224.15
986.40	1221.59
986.57	1216.68
986.74	1220.65
986.90	1218.58
987.07	1223.58
987.23	1217.35
987.40	1223.27
987.57	1218.62
987.73	1228.54
987.90	1222.15
988.06	1223.31
988.23	1216.02
988.39	1222.10
988.56	1216.94
988.73	1221.82
988.89	1219.63
989.06	1216.60
989.22	1209.82
989.39	1225.73
989.55	1219.32
989.72	1221.35
989.88	1214.94
990.05	1226.12
990.22	1217.78
990.38	1227.86
990.55	1215.18
990.71	1221.88
990.88	1220.69
991.04	1231.73
991.21	1215.57
991.37	1229.29
991.54	1223.93
991.70	1216.92
991.87	1217.74
992.03	1218.91
992.20	1218.32
992.36	1224.83
992.53	1220.61
992.69	1231.20
992.86	1212.68
993.03	1217.31
993.19	1222.58
993.36	1234.02
993.52	1218.93
993.69	1224.79
993.85	1214.12
994.02	1212.95
994.18	1226.30
994.35	1226.26
994.51	1227.06
994.68	1227.10
994.84	1222.00
995.01	1225.50
995.17	1217.60
995.34	1222.60
995.50	1218.91
995.66	1229.38
995.83	1216.06
995.99	1226.41
996.16	1217.46
996.32	1225.81
996.49	1218.91
996.65	1219.46
996.82	1212.25
996.98	1228.31
997.15	1224.36
997.31	1229.99
997.48	1216.76
997.64	1228.64
997.81	1215.22
997.97	1223.52
998.13	1210.66
998.30	1222.25
998.46	1220.24
998.63	1219.20
998.79	1223.54
998.96	1224.46
999.12	1218.97
999.29	1226.24
999.45	1220.79
999.61	1225.46
999.78	1212.64
999.94	1224.13
1000.11	1221.20
1000.27	1229.01
1000.44	1221.41
1000.60	1229.42
1000.76	1219.38
1000.93	1230.34
1001.09	1220.00
1001.26	1222.94
1001.42	1222.39
1001.59	1228.54
1001.75	1220.10
1001.91	1225.20
1002.08	1219.63
1002.24	1216.82
1002.41	1220.24
1002.57	1232.22
1002.73	1219.79
1002.90	1223.60
1003.06	1214.65
1003.23	1224.77
1003.39	1223.46
1003.55	1222.06
1003.72	1216.37
1003.88	1222.13
1004.04	1213.67
1004.21	1230.89
1004.37	1222.00
1004.54	1226.32
1004.70	1226.88
1004.86	1229.89
1005.03	1221.45
1005.19	1223.70
1005.35	1215.94
1005.52	1225.09
1005.68	1219.38
1005.85	1218.25
1006.01	1222.45
1006.17	1230.38
1006.34	1219.24
1006.50	1228.58
1006.66	1220.26
1006.83	1230.17
1006.99	1217.80
1007.15	1223.19
1007.32	1213.56
1007.48	1226.04
1007.64	1212.25
1007.81	1226.53
1007.97	1220.36
1008.13	1228.56
1008.30	1219.87
1008.46	1221.00
1008.62	1217.46
1008.79	1222.43
1008.95	1216.37
1009.11	1228.15
1009.28	1220.63
1009.44	1221.80
1009.60	1220.14
1009.77	1220.79
1009.93	1214.57
1010.09	1229.33
1010.25	1218.09
1010.42	1227.10
1010.58	1216.58
1010.74	1228.39
1010.91	1216.66
1011.07	1219.07
1011.23	1215.45
1011.40	1226.22
1011.56	1219.59
1011.72	1222.64
1011.88	1212.38
1012.05	1223.76
1012.21	1228.70
1012.37	1226.79
1012.54	1220.26
1012.70	1228.92
1012.86	1216.43
1013.02	1224.81
1013.19	1224.19
1013.35	1227.98
1013.51	1214.61
1013.67	1228.00
1013.84	1220.53
1014.00	1226.08
1014.16	1220.04
1014.33	1217.78
1014.49	1218.34
1014.65	1225.36
1014.81	1221.76
1014.98	1224.21
1015.14	1216.76
1015.30	1224.05
1015.46	1222.64
1015.62	1225.16
1015.79	1221.33
1015.95	1219.05
1016.11	1209.10
1016.27	1220.49
1016.44	1218.54
1016.60	1224.26
1016.76	1220.18
1016.92	1224.66
1017.09	1217.48
1017.25	1221.39
1017.41	1225.65
1017.57	1227.43
1017.73	1217.97
1017.90	1228.00
1018.06	1225.32
1018.22	1223.27
1018.38	1217.25
1018.54	1224.19
1018.71	1216.66
1018.87	1221.65
1019.03	1222.84
1019.19	1223.09
1019.35	1227.51
1019.52	1223.85
1019.68	1221.06
1019.84	1223.78
1020.00	1220.26
1020.16	1228.99
1020.33	1215.39
1020.49	1228.68
1020.65	1213.48
1020.81	1218.28
1020.97	1221.29
1021.13	1227.35
1021.30	1214.65
1021.46	1229.25
1021.62	1218.36
1021.78	1218.99
1021.94	1216.10
1022.10	1224.11
1022.27	1222.29
1022.43	1229.76
1022.59	1215.55
1022.75	1225.75
1022.91	1223.83
1023.07	1218.32
1023.24	1220.75
1023.40	1224.83
1023.56	1218.68
1023.72	1223.87
1023.88	1221.00
1024.04	1222.56
1024.20	1217.09
1024.36	1225.48
1024.53	1210.55
1024.69	1221.12
1024.85	1221.16
1025.01	1228.00
1025.17	1223.42
1025.33	1230.26
1025.49	1218.07
1025.65	1223.29
1025.82	1221.10
1025.98	1218.01
1026.14	1220.04
1026.30	1228.11
1026.46	1213.99
1026.62	1225.48
1026.78	1216.60
1026.94	1220.22
1027.10	1215.78
1027.26	1229.97
1027.43	1209.88
1027.59	1216.21
1027.75	1213.54
1027.91	1228.13
1028.07	1220.12
1028.23	1227.72
1028.39	1222.15
1028.55	1222.60
1028.71	1222.64
1028.87	1223.87
1029.03	1214.45
1029.19	1224.40
1029.36	1220.36
1029.52	1222.68
1029.68	1216.84
1029.84	1226.94
1030.00	1223.80
1030.16	1224.87
1030.32	1216.84
1030.48	1222.58
1030.64	1218.09
1030.80	1223.27
1030.96	1223.13
1031.12	1226.12
1031.28	1218.81
1031.44	1227.41
1031.60	1217.72
1031.76	1227.22
1031.92	1226.92
1032.08	1239.98
1032.24	1220.14
1032.40	1222.27
1032.56	1215.57
1032.73	1232.10
1032.89	1213.79
1033.05	1221.72
1033.21	1217.46
1033.37	1225.91
1033.53	1219.83
1033.69	1232.34
1033.85	1219.18
1034.01	1227.10
1034.17	1215.84
1034.33	1228.97
1034.49	1220.81
1034.65	1225.46
1034.81	1220.41
1034.97	1222.08
1035.13	1222.23
1035.29	1226.57
1035.45	1217.39
1035.61	1229.01
1035.77	1225.91
1035.93	1221.70
1036.09	1213.89
1036.25	1221.61
1036.41	1219.97
1036.57	1226.61
1036.73	1214.57
1036.88	1226.30
1037.04	1222.84
