345.52	1210.66
345.73	1210.66
345.94	1210.66
346.16	1197.43
346.37	1205.27
346.58	1212.89
346.79	1211.03
347.00	1214.69
347.22	1215.86
347.43	1215.98
347.64	1216.29
347.85	1211.56
348.06	1214.59
348.28	1208.44
348.49	1219.69
348.70	1206.40
348.91	1215.14
349.12	1213.30
349.34	1225.01
349.55	1215.76
349.76	1217.70
349.97	1215.00
350.18	1216.80
350.40	1211.89
350.61	1220.41
350.82	1212.85
351.03	1214.57
351.24	1206.81
351.46	1215.10
351.67	1213.44
351.88	1212.09
352.09	1211.27
352.30	1218.28
352.51	1215.37
352.73	1222.80
352.94	1215.69
353.15	1218.54
353.36	1205.95
353.57	1215.84
353.79	1213.18
354.00	1219.30
354.21	1213.79
354.42	1216.90
354.63	1211.23
354.84	1219.14
355.06	1213.07
355.27	1224.21
355.48	1206.40
355.69	1217.13
355.90	1214.92
356.11	1222.37
356.33	1208.06
356.54	1227.90
356.75	1217.07
356.96	1217.62
357.17	1223.93
357.38	1223.25
357.60	1209.53
357.81	1220.28
358.02	1220.92
358.23	1219.05
358.44	1211.03
358.65	1219.97
358.87	1213.09
359.08	1217.33
359.29	1212.09
359.50	1220.41
359.71	1209.51
359.92	1219.18
360.13	1214.20
360.35	1227.25
360.56	1212.64
360.77	1216.64
360.98	1214.81
361.19	1221.63
361.40	1210.84
361.62	1218.32
361.83	1210.21
362.04	1225.28
362.25	1211.95
362.46	1219.67
362.67	1218.13
362.88	1217.31
363.10	1215.00
363.31	1218.71
363.52	1215.33
363.73	1226.75
363.94	1213.09
364.15	1223.15
364.36	1213.77
364.57	1219.95
364.79	1208.75
365.00	1218.13
365.21	1212.44
365.42	1217.76
365.63	1214.38
365.84	1219.05
366.05	1214.63
366.27	1215.29
366.48	1218.58
366.69	1216.08
366.90	1213.40
367.11	1223.46
367.32	1217.72
367.53	1225.22
367.74	1217.09
367.95	1225.03
368.17	1215.49
368.38	1221.02
368.59	1213.95
368.80	1222.58
369.01	1218.97
369.22	1218.79
369.43	1211.35
369.64	1222.70
369.86	1210.10
370.07	1216.62
370.28	1216.84
370.49	1216.74
370.70	1219.32
370.91	1218.71
371.12	1210.00
371.33	1216.74
371.54	1219.46
371.76	1219.14
371.97	1206.93
372.18	1218.87
372.39	1209.06
372.60	1215.39
372.81	1212.85
373.02	1214.63
373.23	1215.10
373.44	1222.35
373.65	1212.19
373.87	1227.33
374.08	1215.78
374.29	1224.50
374.50	1211.91
374.71	1218.28
374.92	1225.30
375.13	1216.19
375.34	1217.09
375.55	1221.41
375.76	1217.09
375.97	1228.43
376.19	1209.49
376.40	1227.94
376.61	1213.13
376.82	1221.72
377.03	1219.46
377.24	1213.34
377.45	1212.05
377.66	1216.04
377.87	1219.75
378.08	1221.35
378.29	1215.43
378.50	1222.64
378.71	1206.15
378.93	1216.51
379.14	1211.68
379.35	1222.74
379.56	1220.67
379.77	1223.25
379.98	1220.57
380.19	1221.67
380.40	1214.69
380.61	1212.93
380.82	1212.17
381.03	1222.02
381.24	1211.37
381.45	1219.77
381.66	1209.67
381.88	1223.25
382.09	1210.80
382.30	1225.52
382.51	1218.25
382.72	1220.98
382.93	1211.58
383.14	1218.62
383.35	1220.79
383.56	1217.50
383.77	1217.97
383.98	1218.17
384.19	1210.76
384.40	1226.16
384.61	1212.50
384.82	1223.03
385.03	1213.26
385.24	1220.51
385.45	1210.88
385.67	1215.33
385.88	1212.15
386.09	1224.79
386.30	1208.24
386.51	1224.69
386.72	1210.76
386.93	1220.20
387.14	1208.36
387.35	1212.25
387.56	1218.21
387.77	1220.16
387.98	1216.08
388.19	1223.87
388.40	1211.00
388.61	1231.69
388.82	1208.53
389.03	1226.65
389.24	1221.65
389.45	1224.32
389.66	1211.33
389.87	1222.90
390.08	1211.50
390.29	1217.58
390.50	1217.70
390.71	1221.43
390.92	1215.37
391.13	1228.54
391.34	1217.13
391.55	1221.18
391.76	1210.62
391.98	1226.06
392.19	1206.36
392.40	1219.36
392.61	1217.27
392.82	1217.54
393.03	1218.21
393.24	1222.06
393.45	1213.87
393.66	1219.32
393.87	1213.63
394.08	1219.91
394.29	1214.45
394.50	1219.05
394.71	1217.09
394.92	1219.11
395.13	1215.61
395.34	1221.55
395.55	1218.52
395.76	1218.15
395.97	1220.32
396.18	1225.26
396.39	1212.11
396.60	1216.02
396.81	1219.44
397.02	1220.32
397.23	1215.37
397.44	1224.56
397.65	1214.06
397.86	1224.36
398.07	1217.89
398.28	1219.38
398.49	1224.01
398.70	1223.46
398.91	1213.28
399.12	1219.87
399.33	1215.45
399.54	1223.07
399.75	1216.08
399.96	1230.13
400.17	1209.76
400.38	1224.21
400.59	1220.30
400.80	1220.04
401.01	1211.56
401.22	1225.65
401.42	1215.43
401.63	1217.27
401.84	1208.57
402.05	1218.58
402.26	1213.11
402.47	1222.94
402.68	1222.31
402.89	1219.50
403.10	1213.30
403.31	1220.34
403.52	1211.70
403.73	1224.87
403.94	1214.04
404.15	1222.56
404.36	1217.37
404.57	1225.89
404.78	1215.26
404.99	1216.94
405.20	1218.21
405.41	1221.14
405.62	1216.98
405.83	1230.38
406.04	1221.06
406.25	1217.25
406.46	1211.15
406.67	1230.32
406.88	1212.85
407.09	1220.49
407.30	1213.22
407.50	1226.84
407.71	1215.02
407.92	1226.75
408.13	1222.31
408.34	1218.68
408.55	1226.04
408.76	1221.98
408.97	1216.94
409.18	1221.04
409.39	1217.76
409.60	1219.07
409.81	1216.23
410.02	1222.66
410.23	1214.73
410.44	1222.70
410.65	1218.73
410.86	1212.23
411.07	1213.24
411.27	1227.02
411.48	1209.41
411.69	1217.56
411.90	1219.65
412.11	1215.02
412.32	1211.07
412.53	1221.94
412.74	1209.43
412.95	1225.36
413.16	1212.40
413.37	1215.00
413.58	1212.23
413.79	1225.52
414.00	1215.49
414.20	1224.64
414.41	1216.29
414.62	1224.26
414.83	1221.14
415.04	1221.96
415.25	1219.05
415.46	1231.05
415.67	1214.69
415.88	1219.30
416.09	1208.77
416.30	1220.73
416.51	1212.77
416.71	1222.13
416.92	1206.44
417.13	1218.60
417.34	1218.79
417.55	1221.14
417.76	1209.02
417.97	1217.87
418.18	1211.58
418.39	1221.55
418.60	1216.92
418.81	1221.31
419.01	1212.50
419.22	1224.79
419.43	1213.18
419.64	1217.46
419.85	1218.68
420.06	1224.40
420.27	1224.79
420.48	1225.09
420.69	1218.28
420.90	1225.03
421.10	1207.65
421.31	1219.40
421.52	1215.53
421.73	1217.56
421.94	1219.16
422.15	1216.66
422.36	1216.58
422.57	1219.28
422.78	1214.18
422.98	1228.49
423.19	1213.09
423.40	1220.02
423.61	1216.78
423.82	1217.68
424.03	1216.33
424.24	1227.08
424.45	1214.51
424.65	1219.61
424.86	1215.47
425.07	1217.03
425.28	1215.45
425.49	1219.73
425.70	1213.81
425.91	1222.17
426.12	1215.76
426.32	1223.91
426.53	1214.53
426.74	1225.55
426.95	1215.43
427.16	1222.19
427.37	1215.10
427.58	1227.92
427.78	1214.75
427.99	1224.28
428.20	1217.80
428.41	1218.81
428.62	1207.36
428.83	1225.20
429.04	1219.26
429.24	1222.56
429.45	1214.61
429.66	1221.88
429.87	1222.41
430.08	1218.66
430.29	1219.67
430.50	1220.79
430.70	1212.87
430.91	1220.28
431.12	1208.47
431.33	1222.45
431.54	1211.50
431.75	1226.82
431.96	1216.00
432.16	1223.21
432.37	1215.55
432.58	1215.84
432.79	1217.31
433.00	1221.59
433.21	1209.94
433.41	1223.50
433.62	1216.04
433.83	1219.71
434.04	1213.22
434.25	1223.58
434.46	1204.55
434.66	1227.10
434.87	1215.10
435.08	1223.15
435.29	1214.20
435.50	1223.29
435.71	1218.36
435.91	1220.04
436.12	1219.01
436.33	1217.87
436.54	1211.07
436.75	1223.11
436.95	1208.77
437.16	1222.80
437.37	1206.77
437.58	1221.70
437.79	1220.73
438.00	1221.65
438.20	1209.26
438.41	1222.58
438.62	1214.10
438.83	1221.80
439.04	1216.96
439.24	1223.72
439.45	1219.32
439.66	1223.40
439.87	1214.45
440.08	1224.46
440.28	1216.96
440.49	1214.16
440.70	1209.39
440.91	1222.10
441.12	1213.97
441.32	1218.71
441.53	1215.74
441.74	1218.68
441.95	1218.36
442.16	1221.57
442.36	1211.52
442.57	1218.87
442.78	1211.46
442.99	1220.28
443.20	1216.66
443.40	1220.14
443.61	1222.15
443.82	1222.92
444.03	1214.73
444.24	1222.41
444.44	1223.21
444.65	1221.22
444.86	1220.47
445.07	1218.01
445.27	1211.17
445.48	1222.97
445.69	1218.17
445.90	1222.58
446.11	1217.17
446.31	1221.10
446.52	1215.33
446.73	1225.79
446.94	1214.73
447.14	1218.09
447.35	1208.73
447.56	1225.09
447.77	1218.32
447.97	1228.45
448.18	1214.79
448.39	1218.60
448.60	1213.91
448.81	1223.66
449.01	1211.50
449.22	1213.67
449.43	1213.50
449.64	1224.19
449.84	1216.47
450.05	1217.21
450.26	1213.99
450.47	1215.90
450.67	1211.91
450.88	1224.30
451.09	1215.98
451.30	1219.95
451.50	1212.95
451.71	1217.99
451.92	1214.34
452.13	1230.30
452.33	1209.55
452.54	1214.14
452.75	1210.60
452.96	1224.69
453.16	1220.94
453.37	1226.86
453.58	1213.20
453.79	1217.35
453.99	1216.49
454.20	1218.58
454.41	1221.39
454.61	1218.93
454.82	1218.87
455.03	1226.22
455.24	1211.15
455.44	1215.45
455.65	1213.50
455.86	1220.84
456.07	1208.14
456.27	1222.25
456.48	1220.47
456.69	1218.48
456.90	1223.62
457.10	1224.52
457.31	1211.99
457.52	1221.00
457.72	1219.32
457.93	1222.99
458.14	1217.91
458.35	1221.06
458.55	1214.40
458.76	1224.01
458.97	1203.96
459.17	1218.44
459.38	1208.16
459.59	1221.06
459.80	1210.84
460.00	1218.25
460.21	1218.81
460.42	1218.73
460.62	1214.49
460.83	1218.64
461.04	1215.35
461.25	1223.35
461.45	1215.72
461.66	1220.26
461.87	1215.67
462.07	1225.89
462.28	1219.48
462.49	1222.39
462.69	1209.67
462.90	1219.67
463.11	1217.29
463.31	1223.37
463.52	1213.18
463.73	1218.44
463.94	1213.24
464.14	1222.45
464.35	1216.41
464.56	1220.51
464.76	1218.38
464.97	1222.39
465.18	1210.86
465.38	1227.22
465.59	1219.75
465.80	1220.51
466.00	1216.25
466.21	1225.32
466.42	1215.76
466.62	1217.52
466.83	1216.08
467.04	1219.75
467.24	1212.54
467.45	1227.59
467.66	1213.89
467.86	1217.68
468.07	1214.20
468.28	1218.21
468.48	1214.02
468.69	1220.98
468.90	1209.00
469.10	1222.68
469.31	1218.56
469.52	1223.72
469.72	1219.11
469.93	1222.92
470.14	1209.37
470.34	1224.71
470.55	1216.25
470.76	1227.90
470.96	1216.72
471.17	1224.97
471.38	1215.90
471.58	1232.55
471.79	1213.87
472.00	1220.96
472.20	1211.05
472.41	1221.47
472.62	1217.76
472.82	1218.66
473.03	1218.73
473.24	1223.44
473.44	1218.77
473.65	1224.95
473.85	1213.99
474.06	1223.91
474.27	1213.95
474.47	1221.49
474.68	1212.15
474.89	1226.39
475.09	1218.34
475.30	1224.28
475.51	1217.68
475.71	1225.87
475.92	1219.91
476.12	1219.85
476.33	1210.19
476.54	1220.10
476.74	1219.36
476.95	1226.77
477.16	1215.96
477.36	1226.41
477.57	1210.84
477.77	1224.09
477.98	1213.36
478.19	1211.52
478.39	1213.11
478.60	1221.70
478.81	1215.47
479.01	1217.80
479.22	1208.44
479.42	1220.38
479.63	1214.49
479.84	1217.11
480.04	1223.09
480.25	1220.63
480.45	1214.14
480.66	1224.13
480.87	1213.36
481.07	1227.04
481.28	1213.79
481.48	1215.67
481.69	1216.37
481.90	1214.24
482.10	1218.28
482.31	1218.09
482.51	1214.77
482.72	1220.79
482.93	1220.90
483.13	1219.50
483.34	1216.39
483.54	1218.64
483.75	1217.52
483.96	1215.24
484.16	1214.08
484.37	1222.17
484.57	1215.65
484.78	1220.02
484.99	1211.93
485.19	1215.51
485.40	1222.76
485.60	1217.37
485.81	1211.31
486.01	1221.16
486.22	1223.78
486.43	1221.33
486.63	1222.39
486.84	1220.16
487.04	1218.56
487.25	1214.88
487.46	1213.09
487.66	1213.69
487.87	1215.94
488.07	1220.16
488.28	1216.35
488.48	1221.94
488.69	1213.85
488.89	1219.87
489.10	1213.99
489.31	1215.80
489.51	1219.40
489.72	1219.54
489.92	1208.59
490.13	1229.46
490.33	1208.40
490.54	1217.85
490.75	1219.40
490.95	1221.45
491.16	1215.80
491.36	1228.29
491.57	1214.49
491.77	1218.30
491.98	1215.98
492.18	1225.87
492.39	1215.72
492.59	1218.48
492.80	1209.41
493.01	1223.72
493.21	1219.95
493.42	1220.75
493.62	1212.83
493.83	1216.94
494.03	1214.65
494.24	1218.15
494.44	1211.84
494.65	1223.78
494.85	1211.48
495.06	1224.79
495.26	1213.65
495.47	1222.72
495.68	1215.82
495.88	1222.02
496.09	1216.88
496.29	1216.68
496.50	1216.47
496.70	1226.26
496.91	1213.26
497.11	1224.60
497.32	1217.42
497.52	1223.33
497.73	1212.46
497.93	1219.97
498.14	1215.82
498.34	1218.85
498.55	1210.66
498.75	1219.93
498.96	1214.67
499.16	1217.76
499.37	1214.96
499.57	1221.70
499.78	1211.11
499.98	1223.27
500.19	1221.12
500.39	1223.13
500.60	1215.49
500.80	1212.64
501.01	1211.48
501.21	1221.74
501.42	1210.00
501.62	1218.11
501.83	1211.25
502.03	1217.62
502.24	1217.80
502.44	1219.95
502.65	1217.74
502.85	1223.93
503.06	1206.29
503.26	1225.46
503.47	1209.90
503.67	1226.32
503.88	1218.11
504.08	1223.52
504.29	1214.34
504.49	1220.12
504.70	1212.11
504.90	1221.20
505.11	1213.97
505.31	1218.28
505.52	1210.86
505.72	1219.05
505.93	1218.52
506.13	1219.69
506.34	1218.23
506.54	1221.84
506.75	1215.47
506.95	1218.71
507.16	1220.41
507.36	1220.49
507.56	1212.89
507.77	1224.71
507.97	1213.56
508.18	1217.23
508.38	1216.27
508.59	1218.97
508.79	1214.79
509.00	1225.44
509.20	1213.95
509.41	1224.13
509.61	1215.72
509.82	1223.56
510.02	1216.78
510.22	1218.21
510.43	1221.18
510.63	1227.02
510.84	1217.01
511.04	1228.35
511.25	1210.45
511.45	1217.46
511.66	1211.95
511.86	1220.53
512.06	1220.45
512.27	1222.60
512.47	1210.19
512.68	1229.01
512.88	1218.42
513.09	1212.87
513.29	1212.03
513.50	1223.89
513.70	1216.64
513.90	1221.47
514.11	1210.37
514.31	1223.56
514.52	1214.34
514.72	1219.11
514.93	1216.15
515.13	1215.94
515.33	1210.60
515.54	1220.30
515.74	1214.53
515.95	1214.96
516.15	1219.77
516.36	1223.17
516.56	1213.01
516.76	1227.25
516.97	1216.68
517.17	1219.30
517.38	1218.93
517.58	1223.21
517.78	1213.46
517.99	1227.90
518.19	1213.26
518.40	1222.66
518.60	1217.93
518.81	1214.49
519.01	1218.93
519.21	1216.39
519.42	1211.87
519.62	1219.87
519.83	1217.01
520.03	1223.11
520.23	1218.64
520.44	1220.45
520.64	1212.50
520.85	1220.36
521.05	1216.88
521.25	1220.63
521.46	1213.83
521.66	1233.31
521.86	1213.09
522.07	1227.65
522.27	1208.42
522.48	1219.59
522.68	1210.66
522.88	1219.28
523.09	1213.99
523.29	1229.60
523.50	1214.18
523.70	1222.53
523.90	1219.36
524.11	1220.18
524.31	1208.96
524.51	1225.34
524.72	1218.21
524.92	1219.14
525.13	1217.35
525.33	1220.88
525.53	1215.14
525.74	1216.74
525.94	1209.26
526.14	1216.62
526.35	1216.58
526.55	1220.36
526.76	1209.39
526.96	1222.19
527.16	1209.69
527.37	1222.25
527.57	1210.62
527.77	1224.44
527.98	1218.56
528.18	1221.90
528.38	1213.11
528.59	1215.16
528.79	1219.07
528.99	1215.88
529.20	1218.89
529.40	1222.56
529.61	1211.70
529.81	1223.11
530.01	1219.14
530.22	1217.31
530.42	1219.79
530.62	1221.37
530.83	1209.41
531.03	1227.22
531.23	1216.02
531.44	1223.05
531.64	1211.76
531.84	1226.96
532.05	1213.67
532.25	1214.69
532.45	1209.55
532.66	1224.97
532.86	1220.53
533.06	1218.95
533.27	1224.93
533.47	1220.59
533.67	1214.38
533.88	1223.93
534.08	1218.05
534.28	1228.04
534.49	1209.98
534.69	1222.51
534.89	1216.31
535.09	1224.28
535.30	1205.80
535.50	1222.27
535.70	1211.03
535.91	1225.18
536.11	1214.94
536.31	1217.85
536.52	1212.85
536.72	1225.38
536.92	1208.18
537.13	1225.48
537.33	1216.37
537.53	1217.46
537.74	1220.59
537.94	1217.46
538.14	1223.46
538.34	1218.32
538.55	1217.11
538.75	1235.44
538.95	1218.64
539.16	1224.01
539.36	1216.53
539.56	1225.59
539.77	1215.35
539.97	1224.13
540.17	1222.84
540.37	1223.01
540.58	1215.65
540.78	1220.02
540.98	1214.77
541.19	1220.73
541.39	1220.49
541.59	1218.01
541.79	1212.81
542.00	1223.62
542.20	1218.83
542.40	1222.94
542.60	1219.38
542.81	1215.08
543.01	1212.91
543.21	1214.77
543.42	1216.35
543.62	1224.73
543.82	1218.05
544.02	1223.99
544.23	1215.72
544.43	1222.43
544.63	1218.48
544.83	1218.60
545.04	1215.00
545.24	1216.76
545.44	1215.43
545.64	1221.18
545.85	1214.26
546.05	1219.69
546.25	1216.06
546.45	1215.98
546.66	1216.98
546.86	1222.10
547.06	1215.61
547.27	1222.45
547.47	1213.36
547.67	1223.25
547.87	1218.66
548.07	1217.78
548.28	1220.92
548.48	1213.03
548.68	1216.84
548.88	1216.88
549.09	1212.40
549.29	1217.01
549.49	1219.36
549.69	1226.69
549.90	1215.78
550.10	1224.01
550.30	1216.37
550.50	1225.12
550.71	1214.81
550.91	1222.15
551.11	1216.25
551.31	1217.99
551.51	1223.46
551.72	1218.99
551.92	1209.24
552.12	1222.94
552.32	1218.52
552.53	1220.61
552.73	1208.47
552.93	1219.44
553.13	1211.82
553.33	1213.79
553.54	1215.18
553.74	1223.52
553.94	1216.25
554.14	1227.06
554.35	1216.33
554.55	1226.47
554.75	1214.40
554.95	1223.15
555.15	1214.22
555.36	1220.90
555.56	1216.27
555.76	1224.17
555.96	1217.60
556.16	1220.84
556.37	1221.84
556.57	1222.88
556.77	1213.97
556.97	1222.23
557.17	1217.68
557.38	1223.25
557.58	1217.11
557.78	1222.35
557.98	1211.68
558.18	1217.37
558.38	1212.70
558.59	1217.25
558.79	1223.78
558.99	1224.21
559.19	1213.79
559.39	1217.74
559.60	1214.14
559.80	1222.31
560.00	1217.33
560.20	1225.16
560.40	1219.71
560.60	1221.74
560.81	1215.12
561.01	1222.43
561.21	1218.21
561.41	1218.36
561.61	1213.09
561.81	1220.26
562.02	1215.67
562.22	1214.32
562.42	1212.34
562.62	1222.13
562.82	1213.73
563.02	1221.29
563.23	1218.81
563.43	1222.08
563.63	1216.49
563.83	1221.61
564.03	1213.87
564.23	1218.05
564.43	1218.60
564.64	1223.21
564.84	1215.33
565.04	1222.00
565.24	1211.11
565.44	1220.16
565.64	1219.81
565.85	1216.15
566.05	1212.56
566.25	1220.06
566.45	1218.99
566.65	1217.33
566.85	1217.95
567.05	1228.08
567.25	1214.38
567.46	1223.15
567.66	1209.90
567.86	1218.38
568.06	1214.38
568.26	1223.66
568.46	1215.72
568.66	1221.10
568.86	1223.27
569.07	1226.79
569.27	1211.70
569.47	1220.94
569.67	1213.52
569.87	1222.39
570.07	1216.84
570.27	1222.25
570.47	1215.35
570.68	1221.94
570.88	1221.47
571.08	1217.17
571.28	1214.73
571.48	1225.42
571.68	1207.87
571.88	1224.28
572.08	1224.38
572.28	1221.59
572.49	1221.94
572.69	1222.06
572.89	1208.94
573.09	1219.61
573.29	1212.27
573.49	1220.57
573.69	1219.14
573.89	1225.03
574.09	1228.82
574.29	1223.44
574.50	1215.22
574.70	1219.07
574.90	1222.49
575.10	1222.49
575.30	1219.77
575.50	1223.13
575.70	1225.14
575.90	1221.10
576.10	1217.60
576.30	1226.36
576.50	1210.94
576.70	1220.63
576.91	1214.32
577.11	1226.08
577.31	1211.13
577.51	1222.70
577.71	1221.76
577.91	1220.45
578.11	1214.08
578.31	1221.72
578.51	1214.24
578.71	1224.81
578.91	1214.96
579.11	1216.66
579.31	1220.86
579.51	1217.21
579.71	1210.49
579.92	1220.04
580.12	1212.79
580.32	1220.75
580.52	1219.28
580.72	1214.65
580.92	1210.55
581.12	1223.29
581.32	1215.63
581.52	1217.95
581.72	1214.24
581.92	1224.99
582.12	1218.58
582.32	1224.87
582.52	1215.08
582.72	1224.77
582.92	1217.35
583.12	1221.55
583.32	1217.17
583.52	1216.19
583.72	1212.40
583.92	1215.10
584.12	1212.27
584.33	1221.98
584.53	1214.67
584.73	1217.05
584.93	1219.69
585.13	1217.05
585.33	1215.82
585.53	1219.24
585.73	1211.89
585.93	1225.98
586.13	1217.21
586.33	1217.97
586.53	1213.42
586.73	1213.18
586.93	1212.70
587.13	1220.84
587.33	1217.66
587.53	1221.37
587.73	1213.09
587.93	1216.96
588.13	1220.12
588.33	1220.75
588.53	1211.19
588.73	1217.54
588.93	1217.29
589.13	1217.76
589.33	1206.54
589.53	1222.21
589.73	1218.68
589.93	1221.88
590.13	1215.22
590.33	1219.77
590.53	1212.85
590.73	1217.37
590.93	1214.30
591.13	1221.47
591.33	1220.26
591.53	1229.97
591.73	1216.19
591.93	1216.51
592.13	1206.54
592.33	1221.35
592.53	1221.22
592.73	1221.49
592.93	1214.20
593.13	1219.18
593.33	1209.08
593.53	1222.53
593.73	1208.04
593.93	1217.19
594.13	1220.61
594.33	1229.87
594.53	1217.80
594.73	1222.94
594.92	1216.64
595.12	1219.11
595.32	1220.90
595.52	1223.07
595.72	1223.52
595.92	1214.65
596.12	1212.27
596.32	1224.09
596.52	1217.93
596.72	1221.14
596.92	1209.86
597.12	1221.20
597.32	1205.35
597.52	1224.44
597.72	1206.05
597.92	1218.95
598.12	1220.08
598.32	1219.11
598.52	1211.27
598.72	1221.94
598.92	1212.85
599.12	1225.18
599.31	1212.75
599.51	1213.89
599.71	1214.49
599.91	1217.17
600.11	1220.55
600.31	1220.47
600.51	1211.99
600.71	1227.98
600.91	1217.68
601.11	1219.05
601.31	1215.29
601.51	1214.51
601.71	1215.14
601.91	1219.52
602.10	1212.52
602.30	1225.93
602.50	1219.40
602.70	1225.65
602.90	1213.65
603.10	1223.01
603.30	1214.08
603.50	1219.87
603.70	1215.00
603.90	1219.89
604.10	1217.62
604.30	1216.96
604.49	1211.31
604.69	1221.41
604.89	1215.47
605.09	1233.96
605.29	1212.54
605.49	1222.56
605.69	1218.60
605.89	1212.21
606.09	1221.80
606.29	1218.44
606.48	1213.32
606.68	1220.79
606.88	1220.34
607.08	1222.37
607.28	1210.98
607.48	1217.15
607.68	1208.47
607.88	1216.33
608.08	1212.11
608.27	1225.98
608.47	1216.66
608.67	1218.56
608.87	1211.62
609.07	1230.52
609.27	1213.26
609.47	1227.59
609.67	1225.16
609.87	1219.07
610.06	1213.30
610.26	1222.21
610.46	1222.49
610.66	1219.16
610.86	1214.88
611.06	1219.44
611.26	1213.24
611.45	1219.54
611.65	1217.17
611.85	1218.32
612.05	1213.07
612.25	1223.05
612.45	1218.13
612.65	1222.13
612.84	1215.00
613.04	1221.39
613.24	1213.83
613.44	1218.23
613.64	1216.23
613.84	1220.79
614.04	1212.38
614.23	1222.21
614.43	1215.16
614.63	1224.71
614.83	1216.25
615.03	1225.46
615.23	1211.97
615.42	1218.75
615.62	1223.48
615.82	1218.11
616.02	1220.10
616.22	1218.42
616.42	1212.27
616.61	1217.89
616.81	1211.37
617.01	1219.14
617.21	1213.77
617.41	1210.21
617.61	1214.36
617.80	1223.25
618.00	1217.70
618.20	1219.63
618.40	1221.18
618.60	1219.44
618.80	1220.92
618.99	1221.65
619.19	1218.07
619.39	1223.46
619.59	1219.79
619.79	1215.82
619.98	1210.19
620.18	1222.39
620.38	1217.62
620.58	1215.51
620.78	1210.68
620.97	1215.51
621.17	1210.88
621.37	1221.70
621.57	1226.79
621.77	1219.79
621.96	1216.96
622.16	1223.29
622.36	1221.92
622.56	1224.60
622.76	1211.58
622.95	1215.53
623.15	1213.79
623.35	1221.00
623.55	1216.19
623.75	1215.80
623.94	1210.80
624.14	1221.90
624.34	1216.06
624.54	1216.08
624.73	1216.80
624.93	1223.13
625.13	1219.09
625.33	1224.19
625.53	1217.37
625.72	1213.01
625.92	1217.85
626.12	1220.55
626.32	1223.70
626.51	1218.91
626.71	1219.11
626.91	1225.55
627.11	1211.84
627.30	1224.66
627.50	1212.89
627.70	1225.07
627.90	1214.20
628.10	1218.38
628.29	1214.96
628.49	1223.03
628.69	1215.88
628.89	1221.84
629.08	1219.28
629.28	1219.52
629.48	1213.83
629.68	1218.09
629.87	1214.10
630.07	1216.88
630.27	1210.51
630.47	1222.45
630.66	1213.34
630.86	1218.07
631.06	1210.82
631.25	1218.54
631.45	1214.53
631.65	1220.67
631.85	1216.80
632.04	1212.38
632.24	1207.44
632.44	1228.78
632.64	1218.15
632.83	1219.46
633.03	1216.17
633.23	1215.43
633.42	1213.07
633.62	1221.12
633.82	1216.41
634.02	1224.95
634.21	1211.91
634.41	1218.48
634.61	1216.55
634.81	1214.34
635.00	1214.12
635.20	1216.37
635.40	1214.63
635.59	1222.31
635.79	1207.48
635.99	1221.57
636.18	1217.01
636.38	1223.66
636.58	1216.17
636.78	1214.59
636.97	1214.53
637.17	1222.17
637.37	1209.45
637.56	1223.42
637.76	1215.57
637.96	1224.38
638.15	1214.67
638.35	1217.64
638.55	1218.83
638.74	1217.91
638.94	1217.62
639.14	1219.16
639.34	1214.88
639.53	1218.87
639.73	1216.68
639.93	1220.75
640.12	1216.80
640.32	1219.97
640.52	1219.24
640.71	1218.03
640.91	1217.66
641.11	1216.31
641.30	1213.75
641.50	1220.18
641.70	1217.68
641.89	1224.30
642.09	1216.39
642.29	1219.93
642.48	1207.81
642.68	1218.13
642.88	1213.38
643.07	1220.12
643.27	1218.79
643.47	1227.08
643.66	1214.90
643.86	1220.98
644.06	1213.03
644.25	1214.67
644.45	1214.96
644.65	1221.43
644.84	1213.89
645.04	1214.28
645.23	1214.10
645.43	1219.73
645.63	1213.63
645.82	1214.02
646.02	1214.12
646.22	1214.81
646.41	1221.76
646.61	1221.67
646.81	1210.35
647.00	1217.72
647.20	1209.53
647.39	1212.64
647.59	1222.45
647.79	1216.21
647.98	1210.94
648.18	1221.72
648.38	1212.60
648.57	1219.01
648.77	1214.61
648.96	1224.83
649.16	1209.49
649.36	1219.65
649.55	1222.99
649.75	1218.87
649.95	1214.96
650.14	1213.26
650.34	1216.41
650.53	1212.99
650.73	1216.45
650.93	1223.29
651.12	1214.67
651.32	1226.36
651.51	1215.61
651.71	1221.84
651.91	1214.18
652.10	1222.84
652.30	1211.93
652.49	1227.25
652.69	1212.27
652.89	1228.60
653.08	1213.28
653.28	1220.36
653.47	1212.79
653.67	1218.34
653.86	1213.83
654.06	1221.74
654.26	1210.06
654.45	1226.36
654.65	1208.42
654.84	1222.43
655.04	1208.67
655.24	1221.98
655.43	1210.08
655.63	1221.24
655.82	1218.64
656.02	1224.38
656.21	1211.33
656.41	1218.79
656.61	1215.39
656.80	1222.84
657.00	1220.53
657.19	1221.37
657.39	1214.69
657.58	1217.29
657.78	1215.43
657.97	1224.50
658.17	1217.15
658.37	1216.41
658.56	1218.85
658.76	1222.49
658.95	1210.04
659.15	1223.91
659.34	1216.31
659.54	1225.89
659.73	1213.75
659.93	1224.64
660.13	1215.08
660.32	1217.29
660.52	1220.94
660.71	1219.26
660.91	1216.53
661.10	1218.32
661.30	1210.23
661.49	1221.16
661.69	1210.06
661.88	1218.09
662.08	1213.20
662.27	1221.45
662.47	1216.88
662.66	1217.80
662.86	1217.66
663.06	1217.87
663.25	1216.72
663.45	1225.16
663.64	1216.31
663.84	1228.47
664.03	1210.10
664.23	1216.41
664.42	1222.00
664.62	1224.15
664.81	1217.82
665.01	1218.32
665.20	1221.20
665.40	1216.27
665.59	1210.78
665.79	1227.06
665.98	1218.93
666.18	1220.71
666.37	1214.22
666.57	1217.95
666.76	1208.63
666.96	1215.33
667.15	1214.49
667.35	1223.74
667.54	1215.08
667.74	1213.69
667.93	1210.64
668.13	1221.45
668.32	1216.96
668.52	1227.14
668.71	1214.90
668.91	1221.63
669.10	1218.99
669.30	1224.23
669.49	1220.96
669.68	1217.31
669.88	1209.53
670.07	1219.40
670.27	1207.99
670.46	1221.18
670.66	1213.61
670.85	1217.87
671.05	1213.34
671.24	1219.11
671.44	1212.50
671.63	1225.03
671.83	1213.48
672.02	1228.84
672.22	1214.57
672.41	1222.60
672.60	1224.64
672.80	1215.55
672.99	1210.14
673.19	1218.05
673.38	1223.68
673.58	1223.87
673.77	1210.70
673.97	1219.79
674.16	1215.92
674.36	1219.81
674.55	1219.93
674.74	1223.03
674.94	1211.48
675.13	1221.55
675.33	1208.22
675.52	1221.63
675.72	1213.61
675.91	1224.32
676.10	1210.39
676.30	1223.66
676.49	1215.04
676.69	1220.38
676.88	1210.78
677.08	1221.55
677.27	1214.69
677.46	1220.38
677.66	1219.79
677.85	1217.42
678.05	1216.96
678.24	1224.28
678.44	1210.31
678.63	1215.39
678.82	1216.47
679.02	1215.14
679.21	1206.81
679.41	1214.98
679.60	1215.00
679.79	1215.90
679.99	1212.79
680.18	1222.78
680.38	1217.35
680.57	1219.48
680.76	1219.79
680.96	1221.14
681.15	1214.47
681.35	1227.37
681.54	1215.80
681.73	1220.26
681.93	1215.55
682.12	1218.99
682.32	1217.07
682.51	1218.11
682.70	1213.65
682.90	1220.32
683.09	1209.24
683.29	1221.53
683.48	1220.10
683.67	1212.99
683.87	1219.05
684.06	1228.39
684.25	1211.58
684.45	1222.88
684.64	1211.76
684.84	1220.49
685.03	1220.59
685.22	1217.68
685.42	1215.06
685.61	1224.13
685.80	1217.11
686.00	1217.72
686.19	1214.92
686.38	1226.84
686.58	1207.11
686.77	1219.14
686.96	1208.32
687.16	1227.00
687.35	1215.82
687.55	1221.12
687.74	1216.21
687.93	1218.93
688.13	1212.50
688.32	1221.24
688.51	1217.91
688.71	1218.54
688.90	1208.22
689.09	1218.34
689.29	1212.64
689.48	1221.90
689.67	1220.90
689.87	1217.50
690.06	1209.06
690.25	1225.55
690.45	1216.98
690.64	1221.70
690.83	1217.64
691.03	1218.95
691.22	1211.17
691.41	1214.83
691.61	1213.97
691.80	1214.06
691.99	1217.68
692.19	1222.21
692.38	1214.63
692.57	1216.27
692.76	1217.33
692.96	1221.39
693.15	1211.62
693.34	1221.61
693.54	1216.86
693.73	1220.84
693.92	1213.59
694.12	1222.97
694.31	1219.38
694.50	1218.87
694.70	1214.34
694.89	1222.10
695.08	1218.87
695.27	1217.72
695.47	1224.54
695.66	1218.75
695.85	1213.54
696.05	1222.29
696.24	1219.75
696.43	1218.09
696.62	1212.34
696.82	1222.08
697.01	1221.51
697.20	1219.87
697.40	1217.95
697.59	1221.98
697.78	1212.77
697.97	1218.50
698.17	1215.06
698.36	1220.38
698.55	1212.95
698.74	1227.02
698.94	1216.27
699.13	1219.46
699.32	1217.85
699.52	1217.60
699.71	1217.07
699.90	1218.34
700.09	1215.04
700.29	1219.40
700.48	1214.65
700.67	1221.70
700.86	1214.59
701.06	1222.31
701.25	1210.88
701.44	1221.70
701.63	1212.70
701.83	1227.76
702.02	1214.61
702.21	1221.63
702.40	1211.97
702.60	1225.18
702.79	1216.82
702.98	1223.95
703.17	1216.04
703.37	1224.50
703.56	1213.54
703.75	1219.54
703.94	1215.51
704.13	1218.42
704.33	1220.38
704.52	1220.04
704.71	1213.34
704.90	1225.44
705.10	1215.61
705.29	1215.26
705.48	1221.47
705.67	1218.60
705.86	1212.60
706.06	1213.75
706.25	1206.93
706.44	1216.98
706.63	1218.36
706.83	1217.42
707.02	1211.03
707.21	1218.17
707.40	1213.95
707.59	1227.76
707.79	1211.87
707.98	1215.51
708.17	1219.75
708.36	1219.40
708.55	1212.77
708.75	1222.80
708.94	1213.85
709.13	1221.41
709.32	1210.92
709.51	1220.55
709.71	1216.70
709.90	1224.99
710.09	1213.40
710.28	1218.81
710.47	1218.99
710.66	1219.87
710.86	1216.76
711.05	1218.07
711.24	1214.73
711.43	1220.92
711.62	1215.43
711.82	1224.23
712.01	1212.62
712.20	1222.33
712.39	1213.26
712.58	1220.69
712.77	1218.60
712.97	1221.39
713.16	1214.57
713.35	1223.01
713.54	1214.71
713.73	1221.94
713.92	1219.32
714.11	1214.22
714.31	1213.61
714.50	1229.17
714.69	1213.52
714.88	1218.97
715.07	1219.52
715.26	1231.16
715.46	1214.10
715.65	1220.65
715.84	1220.55
716.03	1226.28
716.22	1212.95
716.41	1221.20
716.60	1212.99
716.80	1220.06
716.99	1214.90
717.18	1228.29
717.37	1214.73
717.56	1214.92
717.75	1215.14
717.94	1223.27
718.13	1219.61
718.33	1217.29
718.52	1213.83
718.71	1223.62
718.90	1217.44
719.09	1219.73
719.28	1215.49
719.47	1221.51
719.66	1214.61
719.85	1221.92
720.05	1212.44
720.24	1217.42
720.43	1214.02
720.62	1221.39
720.81	1217.27
721.00	1223.13
721.19	1216.53
721.38	1223.60
721.57	1209.55
721.77	1219.67
721.96	1219.03
722.15	1225.05
722.34	1214.18
722.53	1220.14
722.72	1216.74
722.91	1216.68
723.10	1215.57
723.29	1233.66
723.48	1215.69
723.67	1225.09
723.87	1218.83
724.06	1221.78
724.25	1217.05
724.44	1217.39
724.63	1213.93
724.82	1221.49
725.01	1216.33
725.20	1215.82
725.39	1211.72
725.58	1221.14
725.77	1215.98
725.96	1223.07
726.15	1216.80
726.34	1222.51
726.54	1214.94
726.73	1220.45
726.92	1212.95
727.11	1215.41
727.30	1220.04
727.49	1221.80
727.68	1218.38
727.87	1213.99
728.06	1214.53
728.25	1221.82
728.44	1222.41
728.63	1222.94
728.82	1221.88
729.01	1218.75
729.20	1221.24
729.39	1221.31
729.58	1212.05
729.77	1219.83
729.96	1218.44
730.15	1227.18
730.34	1222.35
730.53	1217.25
730.73	1216.47
730.92	1222.66
731.11	1224.62
731.30	1226.47
731.49	1225.09
731.68	1219.65
731.87	1212.17
732.06	1217.64
732.25	1212.60
732.44	1220.98
732.63	1214.96
732.82	1221.04
733.01	1221.65
733.20	1218.89
733.39	1216.72
733.58	1215.67
733.77	1213.26
733.96	1219.50
734.15	1215.06
734.34	1217.48
734.53	1222.58
734.72	1218.56
734.91	1214.75
735.10	1222.13
735.29	1215.92
735.48	1222.88
735.67	1212.15
735.86	1218.13
736.05	1218.48
736.24	1216.31
736.43	1217.33
736.62	1218.15
736.81	1208.36
737.00	1233.82
737.19	1219.52
737.38	1222.19
737.57	1216.08
737.76	1224.62
737.95	1214.92
738.14	1227.00
738.33	1216.84
738.51	1228.13
738.70	1215.65
738.89	1221.39
739.08	1216.33
739.27	1217.39
739.46	1213.11
739.65	1220.77
739.84	1219.46
740.03	1220.08
740.22	1215.61
740.41	1221.33
740.60	1220.32
740.79	1225.48
740.98	1211.00
741.17	1222.78
741.36	1216.84
741.55	1218.01
741.74	1212.44
741.93	1228.11
742.12	1214.51
742.31	1223.25
742.50	1214.20
742.68	1215.65
742.87	1223.74
743.06	1223.19
743.25	1219.54
743.44	1221.22
743.63	1215.51
743.82	1224.26
744.01	1218.30
744.20	1215.69
744.39	1216.96
744.58	1224.42
744.77	1219.38
744.96	1220.36
745.14	1217.13
745.33	1217.64
745.52	1215.33
745.71	1225.77
745.90	1216.00
746.09	1223.60
746.28	1210.72
746.47	1225.67
746.66	1219.59
746.85	1217.56
747.04	1216.27
747.22	1219.69
747.41	1215.72
747.60	1219.28
747.79	1215.00
747.98	1227.57
748.17	1215.16
748.36	1224.01
748.55	1220.38
748.74	1227.16
748.93	1221.12
749.11	1219.46
749.30	1214.77
749.49	1225.18
749.68	1219.40
749.87	1223.85
750.06	1218.48
750.25	1225.75
750.44	1218.99
750.62	1223.97
750.81	1218.44
751.00	1227.39
751.19	1216.08
751.38	1226.61
751.57	1213.75
751.76	1223.58
751.95	1212.95
752.13	1227.47
752.32	1216.62
752.51	1220.08
752.70	1213.48
752.89	1219.26
753.08	1212.56
753.27	1219.32
753.45	1217.72
753.64	1224.42
753.83	1214.88
754.02	1223.70
754.21	1223.68
754.40	1221.06
754.58	1226.57
754.77	1216.15
754.96	1217.09
755.15	1223.93
755.34	1219.79
755.53	1219.05
755.71	1212.83
755.90	1230.81
756.09	1217.39
756.28	1218.95
756.47	1226.32
756.66	1226.65
756.84	1217.33
757.03	1219.63
757.22	1210.39
757.41	1229.44
757.60	1217.56
757.79	1223.58
757.97	1225.09
758.16	1220.34
758.35	1214.04
758.54	1220.63
758.73	1214.77
758.91	1220.61
759.10	1219.71
759.29	1218.73
759.48	1224.52
759.67	1217.66
759.85	1223.29
760.04	1224.62
760.23	1215.06
760.42	1224.75
760.61	1212.56
760.79	1229.81
760.98	1210.82
761.17	1230.73
761.36	1223.95
761.55	1232.37
761.73	1221.37
761.92	1227.61
762.11	1224.05
762.30	1226.84
762.49	1221.67
762.67	1227.10
762.86	1218.66
763.05	1236.40
763.24	1226.39
763.42	1229.46
763.61	1222.51
763.80	1224.87
763.99	1225.89
764.17	1231.61
764.36	1221.18
764.55	1229.07
764.74	1220.96
764.92	1234.33
765.11	1217.05
765.30	1234.86
765.49	1226.28
765.68	1226.94
765.86	1220.45
766.05	1234.21
766.24	1221.86
766.43	1228.37
766.61	1216.23
766.80	1230.58
766.99	1230.85
767.17	1233.55
767.36	1226.98
767.55	1231.16
767.74	1217.97
767.92	1230.21
768.11	1225.28
768.30	1230.93
768.49	1228.39
768.67	1231.63
768.86	1227.02
769.05	1230.91
769.24	1233.86
769.42	1236.93
769.61	1227.76
769.80	1238.67
769.98	1227.72
770.17	1240.43
770.36	1234.09
770.55	1244.28
770.73	1235.64
770.92	1244.02
771.11	1234.62
771.29	1234.74
771.48	1239.43
771.67	1234.33
771.86	1232.47
772.04	1244.22
772.23	1232.02
772.42	1251.66
772.60	1236.07
772.79	1245.88
772.98	1229.50
773.16	1243.96
773.35	1238.96
773.54	1245.80
773.72	1246.35
773.91	1251.37
774.10	1248.38
774.29	1248.52
774.47	1244.88
774.66	1252.37
774.85	1242.65
775.03	1257.68
775.22	1241.25
775.41	1256.12
775.59	1252.74
775.78	1247.25
775.97	1243.90
776.15	1249.63
776.34	1256.80
776.53	1262.41
776.71	1264.66
776.90	1259.07
777.09	1258.85
777.27	1266.85
777.46	1256.16
777.65	1268.43
777.83	1264.95
778.02	1265.32
778.21	1253.03
778.39	1267.04
778.58	1263.04
778.76	1270.15
778.95	1252.50
779.14	1261.71
779.32	1260.83
779.51	1260.05
779.70	1253.44
779.88	1259.54
780.07	1257.68
780.26	1262.74
780.44	1252.21
780.63	1266.79
780.81	1249.57
781.00	1260.79
781.19	1261.73
781.37	1260.09
781.56	1252.07
781.75	1249.08
781.93	1250.12
782.12	1259.28
782.30	1246.03
782.49	1266.69
782.68	1249.45
782.86	1263.56
783.05	1248.48
783.23	1258.21
783.42	1253.83
783.61	1256.26
783.79	1257.72
783.98	1265.34
784.16	1261.08
784.35	1263.68
784.54	1263.64
784.72	1274.82
784.91	1277.75
785.09	1287.11
785.28	1282.87
785.47	1296.36
785.65	1299.13
785.84	1312.54
786.02	1317.77
786.21	1338.14
786.40	1340.62
786.58	1354.55
786.77	1376.42
786.95	1407.81
787.14	1453.01
787.32	1521.89
787.51	1625.76
787.70	1768.44
787.88	1954.23
788.07	2208.59
788.25	2506.82
788.44	2835.80
788.62	3180.15
788.81	3551.38
789.00	3910.23
789.18	4249.78
789.37	4602.95
789.55	4929.54
789.74	5247.78
789.92	5517.00
790.11	5781.37
790.29	5983.30
790.48	6214.40
790.67	6396.83
790.85	6592.02
791.04	6731.84
791.22	6872.57
791.41	7026.46
791.59	7155.13
791.78	7266.52
791.96	7390.59
792.15	7496.84
792.33	7559.97
792.52	7719.96
792.70	7749.25
792.89	7791.54
793.07	7814.58
793.26	7784.78
793.45	7737.04
793.63	7638.94
793.82	7481.66
794.00	7258.80
794.19	6953.47
794.37	6631.47
794.56	6240.94
794.74	5870.50
794.93	5467.73
795.11	5085.17
795.30	4659.46
795.48	4303.27
795.67	3940.01
795.85	3669.14
796.04	3368.74
796.22	3153.32
796.41	2955.14
796.59	2790.85
796.78	2638.42
796.96	2538.62
797.15	2449.80
797.33	2375.44
797.52	2325.04
797.70	2263.37
797.89	2214.82
798.07	2177.73
798.26	2138.16
798.44	2106.72
798.63	2083.42
798.81	2049.03
798.99	2012.56
799.18	1981.27
799.36	1945.86
799.55	1930.01
799.73	1892.45
799.92	1880.44
800.10	1846.84
800.29	1822.61
800.47	1797.32
800.66	1778.27
800.84	1742.94
801.03	1734.04
801.21	1701.70
801.39	1690.54
801.58	1671.53
801.76	1655.72
801.95	1627.85
802.13	1626.46
802.32	1600.92
802.50	1588.30
802.69	1562.52
802.87	1554.78
803.06	1539.40
803.24	1541.94
803.42	1533.81
803.61	1526.51
803.79	1518.67
803.98	1520.29
804.16	1521.83
804.35	1523.52
804.53	1541.36
804.71	1568.33
804.90	1579.21
805.08	1611.28
805.27	1632.66
805.45	1667.39
805.63	1688.69
805.82	1719.04
806.00	1732.70
806.19	1753.61
806.37	1752.96
806.56	1750.52
806.74	1742.58
806.92	1741.41
807.11	1725.80
807.29	1716.28
807.48	1701.82
807.66	1696.25
807.84	1654.88
808.03	1650.56
808.21	1616.95
808.40	1592.46
808.58	1567.54
808.76	1558.65
808.95	1528.91
809.13	1516.05
809.32	1498.03
809.50	1475.50
809.68	1453.36
809.87	1440.93
810.05	1427.62
810.23	1407.61
810.42	1398.19
810.60	1390.24
810.79	1369.56
810.97	1362.64
811.15	1357.35
811.34	1348.08
811.52	1338.37
811.70	1337.77
811.89	1320.57
812.07	1335.46
812.25	1321.14
812.44	1314.47
812.62	1306.01
812.81	1303.12
812.99	1290.18
813.17	1290.53
813.36	1273.04
813.54	1263.70
813.72	1247.32
813.91	1258.82
814.09	1240.17
814.27	1245.74
814.46	1243.81
814.64	1248.26
814.82	1241.21
815.01	1244.80
815.19	1229.89
815.37	1241.19
815.56	1235.74
815.74	1238.47
815.92	1235.79
816.11	1240.88
816.29	1236.22
816.47	1230.11
816.66	1228.97
816.84	1236.91
817.02	1228.82
817.21	1236.42
817.39	1230.73
817.57	1230.01
817.76	1224.38
817.94	1230.67
818.12	1221.76
818.30	1232.49
818.49	1225.01
818.67	1237.42
818.85	1225.20
819.04	1230.64
819.22	1229.48
819.40	1233.02
819.59	1235.19
819.77	1231.22
819.95	1230.38
820.13	1229.81
820.32	1233.25
820.50	1232.61
820.68	1234.21
820.87	1237.46
821.05	1231.24
821.23	1232.92
821.41	1226.47
821.60	1231.89
821.78	1230.95
821.96	1230.71
822.14	1227.04
822.33	1233.08
822.51	1228.04
822.69	1232.41
822.88	1236.67
823.06	1225.14
823.24	1222.41
823.42	1218.93
823.61	1225.75
823.79	1226.55
823.97	1227.49
824.15	1230.87
824.34	1214.34
824.52	1232.67
824.70	1219.01
824.88	1228.47
825.07	1219.11
825.25	1232.94
825.43	1218.95
825.61	1223.54
825.80	1219.85
825.98	1232.51
826.16	1216.12
826.34	1228.62
826.53	1219.42
826.71	1226.75
826.89	1220.22
827.07	1226.24
827.25	1223.78
827.44	1231.18
827.62	1222.13
827.80	1231.22
827.98	1221.10
828.17	1228.99
828.35	1219.75
828.53	1231.20
828.71	1221.78
828.89	1229.48
829.08	1224.40
829.26	1220.88
829.44	1220.69
829.62	1230.01
829.80	1211.03
829.99	1227.02
830.17	1219.28
830.35	1224.30
830.53	1221.59
830.71	1227.18
830.90	1224.13
831.08	1230.32
831.26	1229.29
831.44	1221.94
831.62	1226.14
831.81	1227.96
831.99	1221.41
832.17	1235.52
832.35	1230.75
832.53	1227.25
832.71	1224.89
832.90	1235.64
833.08	1222.70
833.26	1232.00
833.44	1223.40
833.62	1238.16
833.81	1222.41
833.99	1236.60
834.17	1227.98
834.35	1228.47
834.53	1222.06
834.71	1231.10
834.89	1229.66
835.08	1227.84
835.26	1229.74
835.44	1233.66
835.62	1226.41
835.80	1226.55
835.98	1229.70
836.17	1232.98
836.35	1221.45
836.53	1236.69
836.71	1222.10
836.89	1232.00
837.07	1228.43
837.25	1232.82
837.44	1222.86
837.62	1226.57
837.80	1220.96
837.98	1231.05
838.16	1225.34
838.34	1229.78
838.52	1225.09
838.70	1230.38
838.89	1223.15
839.07	1231.34
839.25	1215.59
839.43	1233.47
839.61	1219.16
839.79	1221.29
839.97	1227.68
840.15	1229.05
840.33	1227.90
840.52	1232.88
840.70	1222.66
840.88	1223.95
841.06	1220.18
841.24	1225.26
841.42	1218.28
841.60	1224.85
841.78	1220.47
841.96	1218.30
842.14	1224.09
842.33	1224.40
842.51	1219.91
842.69	1223.99
842.87	1220.94
843.05	1228.15
843.23	1216.64
843.41	1214.08
843.59	1219.22
843.77	1217.85
843.95	1218.40
844.13	1220.51
844.31	1215.37
844.49	1223.48
844.68	1218.42
844.86	1216.60
845.04	1213.52
845.22	1222.80
845.40	1220.20
845.58	1227.20
845.76	1216.06
845.94	1223.33
846.12	1216.94
846.30	1224.50
846.48	1212.52
846.66	1220.53
846.84	1220.10
847.02	1213.73
847.20	1218.85
847.38	1216.55
847.56	1213.42
847.74	1225.26
847.92	1206.62
848.11	1222.06
848.29	1223.15
848.47	1227.78
848.65	1220.81
848.83	1224.05
849.01	1212.42
849.19	1218.11
849.37	1209.45
849.55	1219.93
849.73	1223.33
849.91	1220.96
850.09	1224.58
850.27	1226.43
850.45	1217.01
850.63	1211.89
850.81	1215.74
850.99	1218.44
851.17	1221.94
851.35	1219.57
851.53	1217.15
851.71	1216.82
851.89	1217.11
852.07	1219.85
852.25	1214.53
852.43	1220.43
852.61	1212.64
852.79	1218.66
852.97	1212.99
853.15	1217.37
853.33	1212.91
853.51	1225.48
853.69	1216.12
853.87	1216.00
854.05	1209.43
854.23	1220.57
854.41	1221.39
854.59	1221.90
854.77	1211.87
854.95	1219.32
855.13	1219.61
855.31	1222.84
855.49	1216.00
855.67	1223.29
855.84	1219.11
856.02	1217.39
856.20	1218.50
856.38	1212.48
856.56	1218.95
856.74	1217.25
856.92	1217.37
857.10	1222.94
857.28	1215.24
857.46	1223.52
857.64	1207.99
857.82	1223.15
858.00	1212.50
858.18	1227.41
858.36	1216.94
858.54	1221.70
858.72	1216.12
858.90	1222.56
859.08	1213.09
859.25	1226.77
859.43	1211.64
859.61	1223.89
859.79	1213.93
859.97	1221.29
860.15	1211.70
860.33	1220.98
860.51	1221.84
860.69	1221.37
860.87	1219.81
861.05	1220.26
861.23	1210.72
861.41	1217.95
861.58	1214.57
861.76	1215.45
861.94	1222.43
862.12	1222.51
862.30	1220.32
862.48	1223.83
862.66	1217.31
862.84	1215.96
863.02	1219.44
863.20	1224.21
863.37	1216.47
863.55	1225.91
863.73	1211.78
863.91	1213.22
864.09	1211.87
864.27	1227.74
864.45	1215.84
864.63	1221.82
864.80	1216.66
864.98	1216.68
865.16	1212.68
865.34	1220.79
865.52	1218.34
865.70	1224.81
865.88	1212.62
866.06	1222.92
866.23	1220.06
866.41	1223.97
866.59	1222.58
866.77	1222.90
866.95	1209.49
867.13	1222.41
867.31	1213.42
867.48	1224.32
867.66	1216.45
867.84	1217.87
868.02	1208.26
868.20	1217.95
868.38	1214.92
868.56	1221.59
868.73	1220.67
868.91	1222.82
869.09	1210.17
869.27	1220.51
869.45	1217.11
869.63	1220.30
869.80	1216.92
869.98	1213.89
870.16	1217.25
870.34	1219.87
870.52	1215.53
870.70	1213.77
870.87	1210.82
871.05	1217.01
871.23	1217.03
871.41	1218.48
871.59	1214.14
871.76	1219.09
871.94	1212.70
872.12	1224.81
872.30	1216.92
872.48	1216.00
872.65	1217.58
872.83	1220.55
873.01	1214.77
873.19	1221.98
873.37	1221.80
873.54	1220.16
873.72	1213.65
873.90	1228.39
874.08	1221.24
874.26	1222.51
874.43	1214.40
874.61	1226.10
874.79	1221.61
874.97	1214.88
875.15	1215.96
875.32	1221.80
875.50	1216.02
875.68	1216.90
875.86	1214.02
876.03	1217.91
876.21	1211.07
876.39	1224.30
876.57	1219.48
876.74	1223.58
876.92	1212.73
877.10	1213.99
877.28	1213.13
877.45	1223.42
877.63	1215.43
877.81	1214.92
877.99	1217.64
878.17	1221.74
878.34	1217.66
878.52	1220.57
878.70	1211.33
878.87	1226.55
879.05	1219.05
879.23	1221.49
879.41	1214.34
879.58	1218.17
879.76	1214.61
879.94	1218.79
880.12	1212.05
880.29	1221.16
880.47	1213.24
880.65	1222.86
880.83	1216.43
881.00	1223.21
881.18	1214.65
881.36	1217.52
881.53	1214.61
881.71	1217.58
881.89	1216.39
882.07	1225.24
882.24	1216.53
882.42	1219.61
882.60	1216.98
882.77	1224.66
882.95	1208.47
883.13	1220.77
883.30	1211.50
883.48	1226.34
883.66	1212.95
883.84	1222.41
884.01	1220.51
884.19	1217.80
884.37	1208.90
884.54	1226.10
884.72	1211.78
884.90	1214.90
885.07	1208.71
885.25	1228.27
885.43	1214.10
885.60	1222.56
885.78	1218.48
885.96	1223.19
886.13	1221.10
886.31	1223.19
886.49	1217.03
886.66	1224.48
886.84	1220.88
887.02	1217.23
887.19	1215.08
887.37	1219.54
887.55	1217.11
887.72	1223.07
887.90	1210.43
888.08	1218.34
888.25	1211.21
888.43	1225.55
888.61	1219.83
888.78	1226.36
888.96	1217.01
889.14	1224.30
889.31	1210.98
889.49	1220.69
889.67	1212.40
889.84	1224.07
890.02	1211.50
890.19	1224.73
890.37	1214.55
890.55	1226.14
890.72	1217.31
890.90	1228.78
891.08	1214.42
891.25	1219.77
891.43	1220.08
891.60	1214.86
891.78	1214.69
891.96	1225.42
892.13	1222.41
892.31	1221.78
892.48	1215.26
892.66	1227.37
892.84	1219.67
893.01	1223.31
893.19	1217.13
893.36	1220.77
893.54	1219.50
893.72	1221.00
893.89	1218.25
894.07	1220.00
894.24	1216.31
894.42	1242.03
894.60	1212.36
894.77	1221.33
894.95	1215.00
895.12	1215.90
895.30	1211.00
895.48	1222.19
895.65	1217.99
895.83	1219.01
896.00	1218.13
896.18	1220.57
896.35	1216.64
896.53	1220.69
896.71	1216.02
896.88	1226.12
897.06	1219.97
897.23	1229.27
897.41	1216.92
897.58	1222.58
897.76	1213.40
897.93	1219.40
898.11	1211.68
898.29	1216.12
898.46	1217.48
898.64	1224.21
898.81	1223.40
898.99	1216.33
899.16	1216.92
899.34	1222.25
899.51	1214.47
899.69	1214.67
899.86	1218.58
900.04	1216.96
900.21	1217.60
900.39	1217.91
900.57	1216.21
900.74	1215.26
900.92	1215.12
901.09	1220.14
901.27	1219.11
901.44	1223.03
901.62	1209.06
901.79	1222.35
901.97	1214.73
902.14	1224.79
902.32	1215.29
902.49	1217.87
902.67	1212.66
902.84	1225.36
903.02	1209.28
903.19	1212.30
903.37	1215.98
903.54	1219.32
903.72	1209.76
903.89	1222.76
904.07	1214.79
904.24	1220.81
904.42	1215.04
904.59	1228.90
904.77	1212.66
904.94	1218.66
905.12	1218.23
905.29	1218.54
905.47	1214.30
905.64	1219.73
905.82	1213.63
905.99	1223.56
906.16	1214.16
906.34	1222.37
906.51	1221.37
906.69	1216.10
906.86	1208.38
907.04	1220.63
907.21	1208.40
907.39	1220.18
907.56	1215.63
907.74	1214.30
907.91	1207.85
908.09	1227.37
908.26	1215.12
908.43	1223.74
908.61	1214.75
908.78	1225.42
908.96	1214.42
909.13	1224.83
909.31	1210.72
909.48	1228.45
909.65	1213.20
909.83	1216.92
910.00	1218.03
910.18	1221.18
910.35	1215.49
910.53	1219.52
910.70	1213.73
910.87	1216.68
911.05	1208.06
911.22	1218.15
911.40	1206.03
911.57	1224.13
911.75	1217.82
911.92	1225.38
912.09	1211.68
912.27	1223.17
912.44	1210.10
912.62	1218.83
912.79	1208.61
912.96	1223.70
913.14	1213.22
913.31	1214.94
913.49	1215.47
913.66	1211.93
913.83	1215.65
914.01	1221.67
914.18	1214.24
914.36	1222.00
914.53	1211.00
914.70	1220.20
914.88	1214.90
915.05	1223.54
915.22	1212.89
915.40	1215.22
915.57	1212.25
915.75	1224.42
915.92	1208.16
916.09	1223.09
916.27	1226.86
916.44	1219.57
916.61	1208.71
916.79	1219.42
916.96	1215.88
917.13	1226.47
917.31	1217.95
917.48	1212.95
917.66	1217.91
917.83	1217.62
918.00	1215.59
918.18	1216.68
918.35	1211.43
918.52	1225.87
918.70	1219.44
918.87	1224.66
919.04	1212.46
919.22	1221.88
919.39	1217.70
919.56	1217.33
919.74	1217.97
919.91	1225.55
920.08	1217.42
920.26	1215.24
920.43	1218.21
920.60	1216.37
920.78	1215.02
920.95	1219.54
921.12	1215.12
921.29	1223.68
921.47	1216.29
921.64	1222.51
921.81	1214.83
921.99	1221.94
922.16	1217.13
922.33	1218.77
922.51	1222.43
922.68	1225.71
922.85	1217.09
923.03	1219.22
923.20	1215.92
923.37	1224.79
923.54	1217.50
923.72	1222.60
923.89	1214.49
924.06	1221.65
924.24	1207.67
924.41	1219.97
924.58	1212.07
924.75	1225.24
924.93	1214.22
925.10	1219.38
925.27	1203.51
925.44	1228.58
925.62	1217.07
925.79	1219.03
925.96	1224.89
926.14	1219.18
926.31	1217.48
926.48	1225.63
926.65	1215.39
926.83	1225.44
927.00	1212.19
927.17	1222.29
927.34	1214.06
927.52	1209.74
927.69	1207.67
927.86	1222.45
928.03	1211.29
928.21	1219.09
928.38	1218.60
928.55	1218.09
928.72	1218.52
928.89	1216.66
929.07	1219.81
929.24	1219.91
929.41	1210.74
929.58	1218.15
929.76	1214.45
929.93	1218.09
930.10	1209.71
930.27	1219.20
930.44	1214.96
930.62	1215.72
930.79	1212.77
930.96	1220.41
931.13	1213.93
931.31	1224.62
931.48	1212.79
931.65	1220.36
931.82	1215.47
931.99	1224.38
932.17	1212.01
932.34	1223.03
932.51	1217.70
932.68	1225.12
932.85	1219.42
933.03	1224.09
933.20	1216.96
933.37	1216.84
933.54	1209.31
933.71	1221.39
933.88	1216.47
934.06	1219.89
934.23	1215.20
934.40	1225.83
934.57	1218.64
934.74	1222.51
934.91	1209.82
935.09	1218.64
935.26	1213.97
935.43	1218.62
935.60	1219.59
935.77	1220.69
935.94	1217.07
936.12	1214.57
936.29	1215.51
936.46	1215.31
936.63	1211.58
936.80	1223.83
936.97	1211.41
937.14	1224.54
937.32	1211.13
937.49	1215.04
937.66	1220.36
937.83	1227.43
938.00	1213.95
938.17	1222.15
938.34	1215.57
938.52	1216.76
938.69	1214.94
938.86	1225.38
939.03	1211.52
939.20	1231.87
939.37	1213.38
939.54	1219.36
939.71	1213.61
939.89	1216.98
940.06	1222.62
940.23	1222.99
940.40	1211.03
940.57	1221.35
940.74	1208.12
940.91	1216.51
941.08	1208.96
941.25	1214.73
941.43	1218.30
941.60	1217.11
941.77	1217.85
941.94	1217.29
942.11	1209.71
942.28	1226.04
942.45	1209.37
942.62	1212.87
942.79	1218.30
942.96	1218.30
943.13	1213.89
943.30	1218.19
943.48	1220.34
943.65	1226.43
943.82	1218.87
943.99	1222.68
944.16	1211.13
944.33	1218.19
944.50	1217.17
944.67	1216.49
944.84	1213.87
945.01	1224.97
945.18	1209.20
945.35	1219.54
945.52	1217.50
945.69	1223.19
945.86	1219.07
946.03	1226.22
946.21	1218.46
946.38	1218.01
946.55	1214.45
946.72	1228.02
946.89	1219.32
947.06	1220.86
947.23	1213.32
947.40	1219.40
947.57	1218.15
947.74	1215.82
947.91	1217.70
948.08	1221.06
948.25	1218.81
948.42	1215.96
948.59	1215.72
948.76	1216.19
948.93	1208.42
949.10	1214.77
949.27	1219.18
949.44	1222.35
949.61	1214.26
949.78	1221.02
949.95	1221.82
950.12	1219.85
950.29	1215.67
950.46	1220.43
950.63	1209.80
950.80	1212.34
950.97	1216.70
951.14	1222.33
951.31	1210.51
951.48	1223.50
951.65	1218.15
951.82	1215.63
951.99	1211.25
952.16	1226.32
952.33	1208.16
952.50	1214.34
952.67	1214.20
952.84	1221.20
953.01	1208.96
953.18	1209.80
953.35	1209.10
953.52	1216.60
953.69	1213.61
953.86	1219.40
954.03	1219.42
954.20	1219.67
954.37	1211.46
954.54	1220.32
954.70	1216.90
954.87	1219.48
955.04	1218.17
955.21	1220.49
955.38	1213.46
955.55	1220.69
955.72	1214.71
955.89	1216.08
956.06	1212.42
956.23	1216.66
956.40	1209.22
956.57	1220.71
956.74	1210.84
956.91	1225.26
957.08	1216.98
957.25	1223.21
957.41	1215.35
957.58	1220.84
957.75	1208.92
957.92	1220.43
958.09	1214.36
958.26	1217.05
958.43	1212.46
958.60	1227.82
958.77	1222.21
958.94	1223.54
959.11	1210.53
959.27	1219.48
959.44	1210.43
959.61	1218.07
959.78	1208.61
959.95	1224.01
960.12	1218.66
960.29	1218.97
960.46	1216.25
960.63	1223.72
960.80	1218.42
960.96	1218.54
961.13	1212.34
961.30	1216.23
961.47	1210.74
961.64	1223.87
961.81	1210.49
961.98	1223.33
962.15	1216.51
962.31	1228.35
962.48	1217.91
962.65	1218.09
962.82	1212.52
962.99	1222.88
963.16	1211.37
963.33	1217.42
963.49	1214.57
963.66	1229.58
963.83	1216.62
964.00	1214.83
964.17	1216.12
964.34	1221.08
964.51	1211.09
964.67	1225.50
964.84	1219.54
965.01	1240.41
965.18	1207.69
965.35	1219.48
965.52	1216.19
965.68	1227.08
965.85	1218.83
966.02	1223.76
966.19	1218.68
966.36	1222.08
966.52	1208.20
966.69	1224.54
966.86	1214.88
967.03	1217.48
967.20	1212.99
967.37	1215.84
967.53	1214.28
967.70	1214.71
967.87	1207.93
968.04	1220.86
968.21	1212.01
968.37	1225.73
968.54	1210.41
968.71	1217.62
968.88	1220.06
969.05	1226.49
969.21	1215.72
969.38	1220.88
969.55	1207.07
969.72	1225.30
969.89	1210.21
970.05	1220.16
970.22	1208.55
970.39	1218.91
970.56	1211.52
970.72	1224.17
970.89	1213.54
971.06	1226.00
971.23	1211.78
971.39	1217.39
971.56	1215.31
971.73	1222.45
971.90	1207.24
972.07	1219.61
972.23	1211.97
972.40	1220.96
972.57	1211.66
972.74	1213.32
972.90	1213.97
973.07	1221.00
973.24	1214.67
973.40	1214.98
973.57	1207.58
973.74	1223.78
973.91	1212.52
974.07	1222.66
974.24	1213.42
974.41	1223.54
974.58	1216.70
974.74	1220.28
974.91	1215.10
975.08	1214.06
975.25	1212.87
975.41	1217.82
975.58	1211.11
975.75	1216.15
975.91	1213.85
976.08	1215.72
976.25	1214.16
976.42	1220.59
976.58	1210.88
976.75	1219.67
976.92	1211.23
977.08	1221.33
977.25	1216.10
977.42	1221.02
977.58	1212.93
977.75	1210.82
977.92	1217.56
978.08	1224.11
978.25	1213.26
978.42	1221.55
978.59	1216.51
978.75	1228.04
978.92	1219.24
979.09	1221.55
979.25	1207.28
979.42	1215.20
979.59	1216.15
979.75	1222.49
979.92	1215.92
980.09	1224.26
980.25	1216.90
980.42	1219.16
980.59	1211.35
980.75	1210.92
980.92	1218.28
981.09	1222.90
981.25	1213.46
981.42	1224.66
981.59	1219.01
981.75	1219.81
981.92	1208.69
982.08	1216.45
982.25	1216.53
982.42	1215.61
982.58	1213.89
982.75	1216.62
982.92	1216.10
983.08	1217.39
983.25	1216.72
983.42	1219.59
983.58	1210.29
983.75	1219.59
983.91	1214.73
984.08	1220.02
984.25	1211.31
984.41	1218.56
984.58	1213.73
984.74	1221.84
984.91	1211.31
985.08	1224.58
985.24	1214.04
985.41	1217.48
985.57	1215.57
985.74	1222.82
985.91	1213.69
986.07	1222.41
986.24	1213.16
986.40	1220.06
986.57	1211.64
986.74	1216.17
986.90	1211.03
987.07	1216.29
987.23	1211.72
987.40	1217.42
987.57	1214.73
987.73	1219.18
987.90	1205.84
988.06	1219.83
988.23	1205.35
988.39	1224.95
988.56	1209.37
988.73	1217.56
988.89	1223.95
989.06	1220.92
989.22	1222.31
989.39	1221.02
989.55	1216.74
989.72	1220.53
989.88	1211.70
990.05	1220.22
990.22	1214.94
990.38	1219.89
990.55	1209.53
990.71	1216.29
990.88	1212.85
991.04	1221.16
991.21	1212.42
991.37	1217.50
991.54	1214.49
991.70	1216.08
991.87	1212.73
992.03	1221.94
992.20	1207.77
992.36	1219.61
992.53	1210.72
992.69	1218.91
992.86	1205.80
993.03	1215.24
993.19	1218.56
993.36	1225.01
993.52	1207.44
993.69	1222.72
993.85	1219.36
994.02	1218.50
994.18	1211.68
994.35	1216.47
994.51	1214.61
994.68	1217.66
994.84	1220.00
995.01	1217.17
995.17	1214.61
995.34	1216.62
995.50	1217.03
995.66	1225.96
995.83	1213.85
995.99	1221.80
996.16	1219.07
996.32	1209.37
996.49	1213.81
996.65	1210.74
996.82	1215.53
996.98	1219.89
997.15	1217.76
997.31	1220.47
997.48	1212.52
997.64	1219.81
997.81	1209.96
997.97	1219.24
998.13	1217.19
998.30	1223.01
998.46	1216.10
998.63	1215.10
998.79	1210.94
998.96	1216.78
999.12	1216.86
999.29	1225.87
999.45	1208.24
999.61	1226.57
999.78	1215.35
999.94	1222.60
1000.11	1219.09
1000.27	1221.20
1000.44	1214.71
1000.60	1221.37
1000.76	1220.84
1000.93	1218.07
1001.09	1220.28
1001.26	1221.67
1001.42	1219.63
1001.59	1222.62
1001.75	1212.68
1001.91	1223.74
1002.08	1216.04
1002.24	1225.36
1002.41	1224.91
1002.57	1221.22
1002.73	1212.11
1002.90	1226.30
1003.06	1211.91
1003.23	1218.44
1003.39	1213.65
1003.55	1209.69
1003.72	1217.78
1003.88	1227.16
1004.04	1216.64
1004.21	1219.20
1004.37	1215.26
1004.54	1223.42
1004.70	1214.14
1004.86	1224.79
1005.03	1220.53
1005.19	1225.32
1005.35	1219.57
1005.52	1222.31
1005.68	1204.33
1005.85	1213.91
1006.01	1214.14
1006.17	1216.15
1006.34	1217.48
1006.50	1218.54
1006.66	1209.84
1006.83	1216.00
1006.99	1211.89
1007.15	1221.02
1007.32	1216.58
1007.48	1221.14
1007.64	1213.13
1007.81	1222.43
1007.97	1217.11
1008.13	1220.24
1008.30	1217.15
1008.46	1221.08
1008.62	1215.76
1008.79	1226.59
1008.95	1210.68
1009.11	1226.55
1009.28	1206.58
1009.44	1218.83
1009.60	1203.30
1009.77	1223.46
1009.93	1207.79
1010.09	1225.98
1010.25	1218.17
1010.42	1217.95
1010.58	1213.95
1010.74	1220.79
1010.91	1213.44
1011.07	1224.85
1011.23	1213.03
1011.40	1214.24
1011.56	1210.19
1011.72	1218.25
1011.88	1214.75
1012.05	1213.91
1012.21	1218.93
1012.37	1214.16
1012.54	1222.47
1012.70	1218.83
1012.86	1223.09
1013.02	1212.60
1013.19	1213.83
1013.35	1220.71
1013.51	1216.86
1013.67	1217.39
1013.84	1219.69
1014.00	1226.12
1014.16	1217.52
1014.33	1213.83
1014.49	1215.57
1014.65	1219.91
1014.81	1212.52
1014.98	1224.66
1015.14	1212.52
1015.30	1222.51
1015.46	1216.86
1015.62	1219.36
1015.79	1205.84
1015.95	1220.98
1016.11	1211.93
1016.27	1230.89
1016.44	1211.87
1016.60	1220.47
1016.76	1218.93
1016.92	1222.02
1017.09	1213.42
1017.25	1223.03
1017.41	1206.15
1017.57	1223.19
1017.73	1210.64
1017.90	1222.19
1018.06	1215.98
1018.22	1222.51
1018.38	1216.04
1018.54	1220.43
1018.71	1218.48
1018.87	1224.30
1019.03	1210.00
1019.19	1221.00
1019.35	1221.53
1019.52	1218.54
1019.68	1219.87
1019.84	1226.84
1020.00	1216.55
1020.16	1219.38
1020.33	1215.74
1020.49	1216.15
1020.65	1218.40
1020.81	1214.92
1020.97	1219.24
1021.13	1226.77
1021.30	1211.41
1021.46	1221.20
1021.62	1218.85
1021.78	1221.45
1021.94	1210.86
1022.10	1220.57
1022.27	1211.54
1022.43	1228.35
1022.59	1210.72
1022.75	1221.92
1022.91	1218.52
1023.07	1222.19
1023.24	1218.34
1023.40	1221.88
1023.56	1216.72
1023.72	1212.73
1023.88	1214.06
1024.04	1209.92
1024.20	1216.31
1024.36	1221.63
1024.53	1209.84
1024.69	1219.54
1024.85	1214.96
1025.01	1219.40
1025.17	1224.13
1025.33	1217.46
1025.49	1213.75
1025.65	1220.53
1025.82	1210.25
1025.98	1221.35
1026.14	1209.82
1026.30	1222.39
1026.46	1214.20
1026.62	1217.19
1026.78	1212.25
1026.94	1223.74
1027.10	1207.91
1027.26	1224.21
1027.43	1219.95
1027.59	1224.36
1027.75	1209.35
1027.91	1223.80
1028.07	1215.35
1028.23	1229.99
1028.39	1213.44
1028.55	1223.42
1028.71	1212.38
1028.87	1226.28
1029.03	1216.82
1029.19	1222.70
1029.36	1219.38
1029.52	1219.16
1029.68	1210.10
1029.84	1223.33
1030.00	1211.78
1030.16	1227.94
1030.32	1217.17
1030.48	1219.65
1030.64	1216.88
1030.80	1220.16
1030.96	1211.15
1031.12	1219.63
1031.28	1217.82
1031.44	1222.74
1031.60	1212.85
1031.76	1220.51
1031.92	1215.04
1032.08	1232.26
1032.24	1209.10
1032.40	1220.32
1032.56	1212.58
1032.73	1216.10
1032.89	1211.58
1033.05	1218.44
1033.21	1211.58
1033.37	1218.25
1033.53	1210.29
1033.69	1223.44
1033.85	1219.50
1034.01	1223.72
1034.17	1219.63
1034.33	1220.98
1034.49	1209.96
1034.65	1220.92
1034.81	1208.63
1034.97	1220.02
1035.13	1213.44
1035.29	1221.84
1035.45	1211.56
1035.61	1219.89
1035.77	1215.80
1035.93	1221.10
1036.09	1214.92
1036.25	1218.77
1036.41	1213.48
1036.57	1219.81
1036.73	1217.62
1036.88	1219.20
1037.04	1217.76
