345.52	1206.29
345.73	1206.29
345.94	1206.29
346.16	1199.95
346.37	1205.05
346.58	1204.98
346.79	1208.94
347.00	1205.84
347.22	1202.40
347.43	1200.77
347.64	1206.29
347.85	1205.76
348.06	1207.93
348.28	1210.10
348.49	1209.35
348.70	1206.29
348.91	1211.35
349.12	1199.58
349.34	1208.67
349.55	1209.47
349.76	1211.27
349.97	1199.17
350.18	1212.87
350.40	1212.52
350.61	1219.34
350.82	1206.23
351.03	1213.16
351.24	1205.68
351.46	1204.59
351.67	1208.20
351.88	1204.80
352.09	1201.46
352.30	1209.96
352.51	1208.85
352.73	1213.01
352.94	1210.53
353.15	1214.06
353.36	1198.53
353.57	1209.55
353.79	1203.43
354.00	1213.48
354.21	1206.72
354.42	1218.56
354.63	1201.75
354.84	1215.24
355.06	1212.13
355.27	1208.32
355.48	1204.96
355.69	1209.63
355.90	1206.60
356.11	1214.55
356.33	1205.50
356.54	1209.47
356.75	1202.51
356.96	1215.74
357.17	1211.48
357.38	1214.40
357.60	1204.51
357.81	1215.35
358.02	1198.18
358.23	1212.50
358.44	1210.35
358.65	1203.92
358.87	1208.49
359.08	1204.80
359.29	1206.54
359.50	1211.33
359.71	1204.00
359.92	1218.48
360.13	1211.93
360.35	1218.77
360.56	1207.24
360.77	1219.97
360.98	1204.45
361.19	1213.07
361.40	1209.65
361.62	1211.60
361.83	1203.82
362.04	1209.96
362.25	1209.33
362.46	1212.68
362.67	1203.49
362.88	1212.23
363.10	1212.77
363.31	1208.47
363.52	1207.22
363.73	1212.66
363.94	1208.12
364.15	1216.04
364.36	1207.30
364.57	1213.91
364.79	1213.13
365.00	1214.22
365.21	1199.66
365.42	1216.51
365.63	1214.59
365.84	1210.49
366.05	1207.97
366.27	1214.45
366.48	1206.91
366.69	1211.35
366.90	1209.12
367.11	1211.72
367.32	1204.98
367.53	1213.61
367.74	1206.07
367.95	1212.42
368.17	1206.79
368.38	1217.15
368.59	1212.52
368.80	1208.63
369.01	1205.25
369.22	1214.10
369.43	1201.07
369.64	1207.01
369.86	1211.35
370.07	1221.80
370.28	1212.13
370.49	1217.68
370.70	1208.63
370.91	1208.61
371.12	1207.93
371.33	1209.26
371.54	1210.04
371.76	1206.68
371.97	1206.46
372.18	1215.67
372.39	1211.82
372.60	1218.75
372.81	1207.07
373.02	1220.84
373.23	1210.74
373.44	1217.35
373.65	1211.72
373.87	1209.69
374.08	1206.09
374.29	1219.16
374.50	1212.66
374.71	1215.04
374.92	1218.28
375.13	1209.35
375.34	1208.57
375.55	1214.32
375.76	1205.48
375.97	1221.57
376.19	1206.17
376.40	1219.11
376.61	1209.92
376.82	1218.44
377.03	1211.56
377.24	1215.20
377.45	1210.92
377.66	1216.60
377.87	1211.95
378.08	1213.85
378.29	1211.27
378.50	1212.44
378.71	1205.23
378.93	1213.20
379.14	1201.22
379.35	1219.93
379.56	1206.56
379.77	1212.27
379.98	1209.26
380.19	1219.81
380.40	1209.14
380.61	1209.61
380.82	1209.37
381.03	1216.47
381.24	1210.68
381.45	1211.93
381.66	1205.48
381.88	1219.50
382.09	1209.80
382.30	1213.16
382.51	1212.64
382.72	1214.73
382.93	1209.39
383.14	1217.93
383.35	1210.00
383.56	1220.98
383.77	1209.51
383.98	1214.12
384.19	1212.56
384.40	1217.01
384.61	1213.20
384.82	1218.71
385.03	1205.25
385.24	1214.28
385.45	1211.76
385.67	1214.16
385.88	1211.95
386.09	1216.55
386.30	1214.51
386.51	1212.56
386.72	1210.04
386.93	1213.75
387.14	1207.58
387.35	1217.31
387.56	1215.94
387.77	1211.05
387.98	1207.36
388.19	1216.25
388.40	1205.48
388.61	1212.60
388.82	1204.02
389.03	1219.63
389.24	1210.14
389.45	1210.66
389.66	1207.15
389.87	1210.82
390.08	1206.44
390.29	1213.93
390.50	1207.50
390.71	1215.26
390.92	1206.32
391.13	1215.06
391.34	1214.83
391.55	1214.30
391.76	1209.35
391.98	1219.16
392.19	1200.40
392.40	1217.78
392.61	1208.18
392.82	1216.64
393.03	1209.39
393.24	1216.55
393.45	1208.67
393.66	1214.57
393.87	1200.74
394.08	1214.63
394.29	1205.25
394.50	1208.40
394.71	1207.87
394.92	1218.77
395.13	1207.01
395.34	1223.15
395.55	1206.03
395.76	1220.90
395.97	1209.00
396.18	1220.81
396.39	1211.56
396.60	1209.20
396.81	1215.96
397.02	1222.27
397.23	1209.86
397.44	1207.81
397.65	1205.21
397.86	1220.10
398.07	1208.85
398.28	1213.50
398.49	1207.69
398.70	1213.18
398.91	1212.64
399.12	1214.28
399.33	1213.48
399.54	1213.50
399.75	1208.65
399.96	1211.99
400.17	1209.69
400.38	1214.71
400.59	1196.16
400.80	1213.73
401.01	1210.00
401.22	1211.25
401.42	1212.23
401.63	1215.31
401.84	1210.92
402.05	1210.92
402.26	1213.26
402.47	1220.41
402.68	1209.10
402.89	1218.15
403.10	1206.25
403.31	1215.94
403.52	1212.42
403.73	1215.49
403.94	1208.98
404.15	1215.96
404.36	1209.82
404.57	1219.42
404.78	1204.39
404.99	1216.92
405.20	1209.37
405.41	1214.61
405.62	1215.37
405.83	1216.41
406.04	1210.12
406.25	1205.91
406.46	1209.02
406.67	1210.43
406.88	1204.72
407.09	1214.32
407.30	1205.07
407.50	1217.89
407.71	1212.93
407.92	1219.83
408.13	1202.10
408.34	1219.22
408.55	1217.74
408.76	1219.16
408.97	1214.57
409.18	1214.86
409.39	1208.32
409.60	1212.56
409.81	1204.27
410.02	1219.77
410.23	1211.48
410.44	1209.53
410.65	1208.53
410.86	1217.27
411.07	1206.23
411.27	1221.49
411.48	1212.66
411.69	1218.13
411.90	1210.57
412.11	1210.23
412.32	1210.00
412.53	1218.42
412.74	1213.22
412.95	1218.19
413.16	1206.60
413.37	1220.67
413.58	1212.48
413.79	1210.37
414.00	1208.16
414.20	1209.92
414.41	1209.20
414.62	1213.42
414.83	1212.48
415.04	1218.99
415.25	1212.62
415.46	1214.02
415.67	1206.11
415.88	1220.34
416.09	1205.72
416.30	1221.14
416.51	1209.43
416.71	1222.76
416.92	1210.72
417.13	1221.51
417.34	1208.30
417.55	1220.77
417.76	1209.20
417.97	1219.59
418.18	1214.16
418.39	1220.06
418.60	1205.80
418.81	1220.81
419.01	1207.87
419.22	1218.91
419.43	1215.72
419.64	1224.71
419.85	1216.98
420.06	1220.24
420.27	1217.35
420.48	1227.84
420.69	1213.59
420.90	1222.68
421.10	1216.64
421.31	1226.02
421.52	1225.83
421.73	1225.01
421.94	1218.13
422.15	1215.78
422.36	1220.00
422.57	1225.16
422.78	1215.06
422.98	1232.86
423.19	1225.12
423.40	1227.08
423.61	1225.46
423.82	1226.34
424.03	1223.74
424.24	1215.78
424.45	1214.88
424.65	1230.26
424.86	1215.92
425.07	1222.31
425.28	1223.40
425.49	1230.87
425.70	1228.70
425.91	1226.14
426.12	1222.35
426.32	1225.42
426.53	1222.45
426.74	1230.58
426.95	1225.09
427.16	1235.52
427.37	1227.43
427.58	1232.12
427.78	1222.43
427.99	1236.48
428.20	1227.63
428.41	1232.77
428.62	1220.65
428.83	1226.32
429.04	1220.26
429.24	1223.68
429.45	1219.22
429.66	1223.89
429.87	1215.16
430.08	1218.30
430.29	1214.38
430.50	1216.84
430.70	1215.26
430.91	1216.70
431.12	1211.89
431.33	1219.59
431.54	1208.77
431.75	1224.09
431.96	1213.13
432.16	1216.53
432.37	1202.75
432.58	1218.73
432.79	1213.26
433.00	1216.41
433.21	1216.33
433.41	1218.40
433.62	1208.57
433.83	1211.91
434.04	1214.86
434.25	1209.14
434.46	1208.69
434.66	1221.27
434.87	1206.48
435.08	1222.64
435.29	1209.69
435.50	1216.82
435.71	1220.53
435.91	1211.54
436.12	1210.43
436.33	1209.20
436.54	1203.69
436.75	1218.87
436.95	1204.88
437.16	1210.21
437.37	1207.30
437.58	1211.25
437.79	1200.89
438.00	1211.97
438.20	1201.93
438.41	1213.89
438.62	1208.61
438.83	1210.33
439.04	1205.82
439.24	1220.47
439.45	1211.13
439.66	1213.32
439.87	1202.38
440.08	1213.75
440.28	1210.21
440.49	1215.92
440.70	1210.64
440.91	1210.37
441.12	1209.31
441.32	1219.93
441.53	1204.72
441.74	1214.90
441.95	1210.00
442.16	1216.33
442.36	1202.42
442.57	1215.06
442.78	1206.50
442.99	1219.83
443.20	1214.65
443.40	1228.88
443.61	1204.35
443.82	1216.53
444.03	1201.05
444.24	1215.37
444.44	1204.76
444.65	1222.86
444.86	1211.64
445.07	1212.95
445.27	1210.27
445.48	1219.36
445.69	1206.70
445.90	1213.85
446.11	1206.99
446.31	1215.16
446.52	1208.87
446.73	1220.65
446.94	1206.50
447.14	1214.38
447.35	1212.79
447.56	1215.78
447.77	1209.24
447.97	1221.61
448.18	1207.50
448.39	1217.11
448.60	1212.83
448.81	1214.92
449.01	1209.31
449.22	1219.01
449.43	1209.78
449.64	1214.06
449.84	1210.21
450.05	1215.51
450.26	1215.02
450.47	1216.62
450.67	1207.89
450.88	1209.86
451.09	1203.20
451.30	1211.33
451.50	1203.16
451.71	1218.42
451.92	1209.14
452.13	1218.71
452.33	1198.84
452.54	1220.32
452.75	1210.06
452.96	1217.97
453.16	1210.62
453.37	1217.05
453.58	1206.66
453.79	1214.75
453.99	1208.83
454.20	1220.10
454.41	1210.14
454.61	1213.83
454.82	1214.28
455.03	1208.38
455.24	1215.49
455.44	1214.77
455.65	1206.21
455.86	1218.81
456.07	1207.42
456.27	1217.01
456.48	1209.33
456.69	1214.32
456.90	1203.59
457.10	1226.32
457.31	1202.98
457.52	1212.83
457.72	1206.66
457.93	1216.41
458.14	1204.66
458.35	1213.85
458.55	1209.51
458.76	1216.90
458.97	1209.33
459.17	1213.26
459.38	1206.68
459.59	1217.11
459.80	1205.99
460.00	1213.61
460.21	1199.80
460.42	1211.91
460.62	1211.13
460.83	1213.75
461.04	1208.06
461.25	1222.99
461.45	1210.35
461.66	1213.52
461.87	1207.20
462.07	1209.02
462.28	1208.12
462.49	1213.99
462.69	1203.41
462.90	1217.39
463.11	1211.11
463.31	1215.96
463.52	1203.80
463.73	1216.45
463.94	1216.58
464.14	1217.13
464.35	1210.08
464.56	1218.28
464.76	1216.33
464.97	1215.45
465.18	1197.69
465.38	1214.59
465.59	1211.56
465.80	1220.98
466.00	1218.44
466.21	1216.35
466.42	1205.66
466.62	1213.81
466.83	1208.08
467.04	1216.80
467.24	1211.70
467.45	1220.45
467.66	1206.36
467.86	1213.97
468.07	1207.58
468.28	1213.83
468.48	1207.75
468.69	1216.70
468.90	1210.19
469.10	1215.16
469.31	1209.43
469.52	1215.29
469.72	1205.95
469.93	1208.61
470.14	1208.20
470.34	1219.48
470.55	1201.81
470.76	1221.90
470.96	1211.97
471.17	1213.22
471.38	1212.38
471.58	1216.74
471.79	1209.16
472.00	1217.13
472.20	1201.56
472.41	1217.91
472.62	1205.23
472.82	1219.77
473.03	1208.47
473.24	1220.02
473.44	1210.21
473.65	1213.69
473.85	1207.11
474.06	1216.15
474.27	1205.66
474.47	1216.10
474.68	1213.44
474.89	1217.56
475.09	1208.55
475.30	1211.43
475.51	1212.95
475.71	1216.88
475.92	1209.45
476.12	1218.50
476.33	1212.13
476.54	1219.97
476.74	1210.43
476.95	1218.97
477.16	1215.39
477.36	1213.93
477.57	1209.96
477.77	1213.07
477.98	1208.26
478.19	1212.07
478.39	1212.48
478.60	1221.35
478.81	1205.54
479.01	1213.93
479.22	1208.47
479.42	1223.48
479.63	1208.08
479.84	1218.13
480.04	1208.98
480.25	1219.11
480.45	1203.49
480.66	1214.45
480.87	1209.84
481.07	1214.57
481.28	1218.05
481.48	1215.65
481.69	1212.87
481.90	1214.24
482.10	1206.83
482.31	1213.18
482.51	1212.73
482.72	1215.37
482.93	1211.46
483.13	1211.43
483.34	1211.27
483.54	1219.54
483.75	1217.13
483.96	1218.11
484.16	1210.43
484.37	1217.27
484.57	1208.90
484.78	1215.39
484.99	1206.91
485.19	1215.63
485.40	1216.55
485.60	1218.50
485.81	1204.88
486.01	1209.94
486.22	1213.30
486.43	1216.15
486.63	1209.63
486.84	1213.75
487.04	1204.62
487.25	1213.69
487.46	1202.59
487.66	1220.67
487.87	1210.00
488.07	1218.87
488.28	1210.70
488.48	1218.15
488.69	1213.63
488.89	1214.49
489.10	1206.52
489.31	1217.42
489.51	1208.28
489.72	1220.34
489.92	1213.48
490.13	1219.07
490.33	1209.06
490.54	1220.55
490.75	1206.07
490.95	1215.33
491.16	1199.50
491.36	1210.02
491.57	1206.05
491.77	1213.46
491.98	1209.33
492.18	1214.98
492.39	1208.63
492.59	1217.50
492.80	1209.20
493.01	1217.05
493.21	1208.67
493.42	1212.54
493.62	1211.27
493.83	1221.37
494.03	1212.93
494.24	1223.35
494.44	1211.60
494.65	1214.61
494.85	1203.92
495.06	1211.27
495.26	1206.72
495.47	1213.18
495.68	1207.11
495.88	1214.57
496.09	1207.05
496.29	1218.25
496.50	1210.60
496.70	1209.31
496.91	1210.66
497.11	1220.38
497.32	1210.94
497.52	1211.68
497.73	1210.39
497.93	1215.29
498.14	1208.26
498.34	1213.20
498.55	1207.50
498.75	1213.83
498.96	1211.74
499.16	1215.98
499.37	1214.26
499.57	1215.84
499.78	1200.77
499.98	1210.19
500.19	1215.94
500.39	1212.97
500.60	1208.38
500.80	1213.13
501.01	1203.41
501.21	1214.79
501.42	1206.77
501.62	1217.13
501.83	1208.10
502.03	1218.21
502.24	1209.10
502.44	1213.79
502.65	1209.57
502.85	1219.57
503.06	1203.53
503.26	1214.47
503.47	1211.07
503.67	1216.53
503.88	1210.57
504.08	1208.38
504.29	1209.16
504.49	1217.58
504.70	1209.90
504.90	1214.40
505.11	1211.52
505.31	1209.45
505.52	1211.99
505.72	1213.28
505.93	1214.45
506.13	1215.37
506.34	1215.61
506.54	1214.24
506.75	1213.11
506.95	1214.12
507.16	1220.18
507.36	1208.36
507.56	1206.21
507.77	1213.44
507.97	1210.04
508.18	1215.33
508.38	1205.56
508.59	1213.11
508.79	1212.01
509.00	1219.14
509.20	1210.08
509.41	1217.05
509.61	1203.69
509.82	1214.73
510.02	1204.33
510.22	1213.38
510.43	1205.11
510.63	1212.73
510.84	1208.12
511.04	1207.67
511.25	1204.37
511.45	1214.34
511.66	1206.48
511.86	1208.85
512.06	1205.82
512.27	1215.55
512.47	1208.67
512.68	1207.91
512.88	1210.21
513.09	1212.89
513.29	1212.32
513.50	1218.28
513.70	1208.59
513.90	1213.34
514.11	1203.28
514.31	1215.26
514.52	1208.92
514.72	1218.62
514.93	1217.37
515.13	1215.94
515.33	1208.90
515.54	1218.62
515.74	1207.18
515.95	1205.82
516.15	1206.46
516.36	1214.47
516.56	1208.40
516.76	1212.83
516.97	1214.42
517.17	1211.80
517.38	1210.45
517.58	1210.00
517.78	1213.93
517.99	1211.31
518.19	1212.07
518.40	1218.05
518.60	1210.12
518.81	1207.79
519.01	1211.15
519.21	1215.92
519.42	1206.64
519.62	1217.31
519.83	1212.11
520.03	1220.08
520.23	1208.10
520.44	1216.82
520.64	1208.30
520.85	1214.32
521.05	1217.76
521.25	1219.09
521.46	1206.93
521.66	1225.50
521.86	1208.71
522.07	1220.18
522.27	1215.84
522.48	1217.78
522.68	1207.24
522.88	1215.69
523.09	1208.44
523.29	1220.28
523.50	1213.24
523.70	1218.09
523.90	1207.22
524.11	1222.06
524.31	1206.11
524.51	1220.69
524.72	1210.57
524.92	1213.44
525.13	1208.79
525.33	1207.56
525.53	1215.78
525.74	1210.37
525.94	1202.24
526.14	1213.18
526.35	1209.86
526.55	1207.87
526.76	1208.92
526.96	1217.09
527.16	1205.88
527.37	1214.02
527.57	1202.98
527.77	1219.57
527.98	1209.80
528.18	1218.38
528.38	1209.00
528.59	1214.88
528.79	1213.95
528.99	1217.91
529.20	1212.05
529.40	1210.02
529.61	1206.38
529.81	1213.07
530.01	1213.32
530.22	1219.20
530.42	1209.74
530.62	1220.65
530.83	1209.31
531.03	1215.39
531.23	1210.27
531.44	1213.65
531.64	1210.06
531.84	1208.34
532.05	1208.83
532.25	1208.20
532.45	1203.92
532.66	1216.78
532.86	1208.44
533.06	1215.37
533.27	1209.80
533.47	1213.95
533.67	1206.87
533.88	1207.65
534.08	1214.47
534.28	1216.88
534.49	1205.52
534.69	1212.79
534.89	1208.42
535.09	1213.85
535.30	1211.89
535.50	1216.35
535.70	1212.73
535.91	1208.73
536.11	1212.09
536.31	1207.75
536.52	1217.15
536.72	1213.32
536.92	1210.51
537.13	1219.50
537.33	1208.36
537.53	1217.05
537.74	1207.63
537.94	1218.07
538.14	1210.51
538.34	1211.39
538.55	1209.96
538.75	1211.23
538.95	1207.61
539.16	1217.42
539.36	1212.60
539.56	1220.10
539.77	1204.16
539.97	1222.43
540.17	1211.54
540.37	1210.78
540.58	1210.19
540.78	1210.68
540.98	1211.07
541.19	1213.13
541.39	1207.22
541.59	1216.88
541.79	1209.98
542.00	1217.62
542.20	1213.18
542.40	1213.32
542.60	1213.36
542.81	1216.84
543.01	1207.83
543.21	1212.42
543.42	1207.18
543.62	1215.04
543.82	1213.34
544.02	1214.49
544.23	1211.03
544.43	1211.39
544.63	1211.00
544.83	1214.90
545.04	1218.83
545.24	1221.12
545.44	1210.27
545.64	1214.94
545.85	1206.75
546.05	1220.14
546.25	1207.26
546.45	1209.20
546.66	1208.63
546.86	1211.84
547.06	1215.88
547.27	1217.25
547.47	1210.98
547.67	1207.44
547.87	1206.21
548.07	1215.61
548.28	1207.69
548.48	1216.17
548.68	1200.36
548.88	1221.67
549.09	1210.25
549.29	1215.88
549.49	1200.99
549.69	1212.52
549.90	1215.84
550.10	1216.90
550.30	1217.33
550.50	1218.68
550.71	1212.50
550.91	1212.50
551.11	1205.70
551.31	1216.49
551.51	1217.21
551.72	1217.76
551.92	1208.14
552.12	1213.83
552.32	1205.37
552.53	1211.66
552.73	1200.89
552.93	1211.82
553.13	1203.78
553.33	1217.70
553.54	1209.82
553.74	1217.13
553.94	1214.10
554.14	1210.51
554.35	1204.39
554.55	1211.84
554.75	1209.71
554.95	1211.50
555.15	1210.49
555.36	1211.37
555.56	1209.63
555.76	1218.30
555.96	1211.78
556.16	1217.29
556.37	1210.66
556.57	1213.85
556.77	1210.74
556.97	1213.75
557.17	1213.13
557.38	1218.01
557.58	1212.21
557.78	1217.05
557.98	1204.21
558.18	1211.23
558.38	1211.37
558.59	1217.70
558.79	1206.07
558.99	1212.21
559.19	1211.54
559.39	1208.55
559.60	1214.77
559.80	1218.66
560.00	1215.18
560.20	1219.07
560.40	1204.06
560.60	1217.76
560.81	1213.28
561.01	1212.56
561.21	1218.71
561.41	1226.32
561.61	1203.30
561.81	1219.73
562.02	1215.47
562.22	1217.93
562.42	1212.56
562.62	1216.55
562.82	1206.70
563.02	1217.64
563.23	1213.40
563.43	1218.83
563.63	1205.41
563.83	1215.90
564.03	1202.83
564.23	1216.02
564.43	1203.59
564.64	1208.36
564.84	1209.98
565.04	1209.49
565.24	1205.82
565.44	1215.53
565.64	1205.33
565.85	1211.43
566.05	1213.95
566.25	1219.91
566.45	1215.37
566.65	1211.93
566.85	1217.37
567.05	1218.11
567.25	1208.94
567.46	1218.48
567.66	1203.41
567.86	1217.27
568.06	1214.36
568.26	1211.21
568.46	1213.87
568.66	1213.67
568.86	1211.97
569.07	1220.41
569.27	1213.71
569.47	1212.38
569.67	1207.24
569.87	1212.81
570.07	1204.27
570.27	1206.03
570.47	1212.15
570.68	1213.32
570.88	1211.60
571.08	1209.24
571.28	1212.13
571.48	1215.59
571.68	1206.29
571.88	1223.13
572.08	1215.90
572.28	1210.31
572.49	1212.93
572.69	1213.69
572.89	1209.86
573.09	1216.76
573.29	1206.36
573.49	1220.94
573.69	1205.62
573.89	1219.38
574.09	1222.74
574.29	1222.08
574.50	1210.51
574.70	1221.59
574.90	1212.70
575.10	1216.15
575.30	1210.53
575.50	1213.61
575.70	1216.33
575.90	1215.65
576.10	1212.03
576.30	1213.09
576.50	1204.19
576.70	1212.73
576.91	1199.72
577.11	1217.37
577.31	1210.25
577.51	1216.74
577.71	1209.00
577.91	1212.81
578.11	1207.40
578.31	1217.11
578.51	1208.51
578.71	1216.37
578.91	1204.84
579.11	1209.61
579.31	1212.60
579.51	1212.48
579.71	1214.26
579.92	1215.61
580.12	1207.87
580.32	1213.73
580.52	1210.37
580.72	1213.20
580.92	1207.73
581.12	1216.10
581.32	1213.85
581.52	1216.39
581.72	1212.85
581.92	1220.53
582.12	1208.26
582.32	1211.76
582.52	1209.78
582.72	1209.86
582.92	1209.86
583.12	1212.36
583.32	1213.71
583.52	1215.51
583.72	1207.01
583.92	1214.24
584.12	1202.79
584.33	1218.89
584.53	1210.92
584.73	1213.73
584.93	1205.31
585.13	1214.26
585.33	1207.34
585.53	1215.98
585.73	1209.14
585.93	1211.05
586.13	1213.50
586.33	1212.34
586.53	1213.56
586.73	1211.31
586.93	1207.24
587.13	1215.20
587.33	1209.90
587.53	1209.47
587.73	1205.02
587.93	1214.30
588.13	1211.39
588.33	1205.74
588.53	1213.18
588.73	1218.85
588.93	1213.32
589.13	1214.26
589.33	1206.07
589.53	1218.54
589.73	1210.35
589.93	1214.69
590.13	1200.58
590.33	1213.16
590.53	1208.71
590.73	1213.89
590.93	1204.90
591.13	1218.77
591.33	1206.32
591.53	1216.53
591.73	1208.32
591.93	1219.07
592.13	1212.68
592.33	1220.94
592.53	1202.85
592.73	1216.76
592.93	1211.48
593.13	1219.36
593.33	1209.08
593.53	1223.44
593.73	1209.51
593.93	1215.72
594.13	1206.99
594.33	1225.81
594.53	1207.69
594.73	1218.46
594.92	1208.04
595.12	1216.10
595.32	1207.05
595.52	1209.00
595.72	1210.37
595.92	1209.74
596.12	1208.73
596.32	1214.24
596.52	1209.45
596.72	1213.65
596.92	1206.81
597.12	1216.08
597.32	1204.96
597.52	1215.31
597.72	1206.46
597.92	1211.05
598.12	1211.35
598.32	1222.78
598.52	1212.77
598.72	1211.31
598.92	1210.49
599.12	1219.85
599.31	1206.38
599.51	1214.63
599.71	1206.83
599.91	1216.64
600.11	1210.06
600.31	1213.09
600.51	1205.52
600.71	1215.45
600.91	1208.49
601.11	1215.26
601.31	1206.48
601.51	1212.46
601.71	1205.82
601.91	1214.61
602.10	1218.40
602.30	1216.15
602.50	1206.46
602.70	1220.16
602.90	1209.67
603.10	1219.14
603.30	1203.67
603.50	1217.70
603.70	1204.49
603.90	1216.04
604.10	1215.53
604.30	1220.55
604.49	1208.01
604.69	1220.10
604.89	1209.92
605.09	1220.61
605.29	1204.80
605.49	1210.43
605.69	1207.07
605.89	1215.67
606.09	1207.48
606.29	1218.11
606.48	1210.39
606.68	1211.31
606.88	1211.78
607.08	1220.18
607.28	1205.21
607.48	1215.26
607.68	1204.62
607.88	1211.39
608.08	1211.56
608.27	1217.89
608.47	1208.40
608.67	1222.82
608.87	1208.34
609.07	1215.65
609.27	1212.70
609.47	1219.16
609.67	1209.63
609.87	1213.26
610.06	1211.99
610.26	1219.81
610.46	1202.69
610.66	1221.43
610.86	1213.59
611.06	1216.96
611.26	1207.63
611.45	1217.66
611.65	1213.44
611.85	1218.66
612.05	1205.21
612.25	1213.75
612.45	1205.07
612.65	1223.66
612.84	1202.24
613.04	1216.90
613.24	1208.96
613.44	1218.11
613.64	1205.66
613.84	1221.80
614.04	1208.71
614.23	1219.97
614.43	1212.21
614.63	1220.75
614.83	1207.26
615.03	1214.53
615.23	1207.81
615.42	1210.82
615.62	1217.48
615.82	1216.62
616.02	1210.96
616.22	1217.03
616.42	1208.71
616.61	1220.86
616.81	1207.42
617.01	1218.73
617.21	1207.09
617.41	1217.64
617.61	1208.51
617.80	1218.71
618.00	1214.02
618.20	1219.59
618.40	1208.06
618.60	1223.03
618.80	1195.73
618.99	1210.84
619.19	1204.08
619.39	1220.65
619.59	1218.85
619.79	1215.26
619.98	1211.87
620.18	1210.41
620.38	1219.09
620.58	1219.57
620.78	1209.45
620.97	1210.57
621.17	1207.52
621.37	1221.18
621.57	1211.23
621.77	1211.89
621.96	1210.96
622.16	1215.59
622.36	1207.50
622.56	1216.35
622.76	1210.82
622.95	1222.47
623.15	1208.71
623.35	1210.92
623.55	1202.08
623.75	1222.82
623.94	1213.09
624.14	1214.26
624.34	1206.50
624.54	1213.24
624.73	1213.11
624.93	1216.04
625.13	1210.53
625.33	1217.74
625.53	1205.11
625.72	1224.85
625.92	1207.52
626.12	1216.68
626.32	1216.31
626.51	1216.45
626.71	1208.85
626.91	1218.95
627.11	1209.49
627.30	1217.01
627.50	1211.76
627.70	1223.05
627.90	1201.48
628.10	1211.00
628.29	1211.00
628.49	1218.28
628.69	1206.81
628.89	1217.17
629.08	1213.61
629.28	1215.08
629.48	1205.52
629.68	1214.98
629.87	1210.51
630.07	1218.58
630.27	1208.92
630.47	1217.78
630.66	1209.00
630.86	1207.79
631.06	1209.18
631.25	1218.01
631.45	1207.15
631.65	1215.72
631.85	1211.87
632.04	1210.29
632.24	1204.92
632.44	1219.30
632.64	1206.32
632.83	1214.16
633.03	1212.32
633.23	1219.54
633.42	1206.93
633.62	1218.30
633.82	1207.40
634.02	1212.05
634.21	1210.43
634.41	1209.45
634.61	1216.66
634.81	1221.16
635.00	1206.95
635.20	1221.16
635.40	1217.91
635.59	1215.12
635.79	1210.00
635.99	1213.59
636.18	1210.72
636.38	1222.10
636.58	1211.60
636.78	1212.25
636.97	1208.30
637.17	1215.69
637.37	1209.74
637.56	1213.59
637.76	1211.80
637.96	1209.18
638.15	1221.96
638.35	1224.69
638.55	1208.55
638.74	1213.48
638.94	1212.56
639.14	1217.33
639.34	1218.99
639.53	1219.75
639.73	1203.06
639.93	1217.66
640.12	1213.89
640.32	1214.18
640.52	1207.07
640.71	1223.09
640.91	1210.94
641.11	1211.35
641.30	1198.72
641.50	1224.44
641.70	1213.79
641.89	1220.24
642.09	1210.10
642.29	1217.72
642.48	1212.54
642.68	1215.55
642.88	1210.94
643.07	1218.87
643.27	1208.79
643.47	1222.99
643.66	1218.60
643.86	1220.26
644.06	1217.33
644.25	1226.53
644.45	1213.89
644.65	1222.02
644.84	1209.06
645.04	1212.40
645.23	1209.88
645.43	1223.31
645.63	1216.64
645.82	1221.08
646.02	1207.54
646.22	1214.83
646.41	1210.10
646.61	1214.73
646.81	1212.46
647.00	1215.55
647.20	1210.53
647.39	1214.53
647.59	1214.36
647.79	1212.75
647.98	1212.05
648.18	1213.83
648.38	1213.26
648.57	1208.92
648.77	1216.60
648.96	1219.07
649.16	1208.79
649.36	1223.07
649.55	1217.03
649.75	1218.52
649.95	1212.79
650.14	1218.17
650.34	1213.34
650.53	1217.23
650.73	1207.77
650.93	1214.14
651.12	1216.47
651.32	1222.06
651.51	1214.06
651.71	1224.38
651.91	1213.20
652.10	1213.42
652.30	1213.05
652.49	1223.25
652.69	1209.33
652.89	1221.20
653.08	1213.89
653.28	1218.66
653.47	1215.69
653.67	1222.21
653.86	1216.92
654.06	1219.89
654.26	1218.01
654.45	1221.94
654.65	1209.59
654.84	1217.54
655.04	1212.44
655.24	1216.41
655.43	1214.02
655.63	1217.21
655.82	1211.91
656.02	1227.72
656.21	1208.67
656.41	1219.63
656.61	1216.51
656.80	1224.32
657.00	1219.36
657.19	1225.01
657.39	1211.35
657.58	1218.52
657.78	1219.26
657.97	1222.43
658.17	1215.94
658.37	1223.42
658.56	1213.44
658.76	1221.18
658.95	1214.57
659.15	1219.14
659.34	1215.84
659.54	1223.64
659.73	1216.10
659.93	1226.69
660.13	1213.81
660.32	1222.97
660.52	1217.39
660.71	1219.20
660.91	1218.21
661.10	1227.33
661.30	1217.44
661.49	1222.74
661.69	1216.90
661.88	1227.00
662.08	1223.54
662.27	1219.57
662.47	1223.05
662.66	1220.02
662.86	1219.46
663.06	1224.07
663.25	1222.41
663.45	1231.61
663.64	1216.86
663.84	1220.84
664.03	1222.17
664.23	1226.53
664.42	1221.82
664.62	1225.89
664.81	1223.09
665.01	1225.24
665.20	1217.72
665.40	1224.97
665.59	1226.75
665.79	1232.75
665.98	1223.85
666.18	1233.57
666.37	1222.19
666.57	1222.21
666.76	1222.10
666.96	1225.44
667.15	1222.74
667.35	1227.37
667.54	1229.23
667.74	1233.86
667.93	1221.63
668.13	1233.04
668.32	1222.90
668.52	1230.48
668.71	1225.81
668.91	1235.62
669.10	1226.88
669.30	1237.10
669.49	1235.56
669.68	1232.37
669.88	1230.85
670.07	1242.67
670.27	1241.52
670.46	1242.48
670.66	1244.04
670.85	1248.54
671.05	1242.15
671.24	1246.74
671.44	1244.69
671.63	1239.59
671.83	1239.08
672.02	1252.68
672.22	1242.95
672.41	1254.50
672.60	1248.34
672.80	1248.67
672.99	1250.57
673.19	1255.51
673.38	1254.50
673.58	1259.56
673.77	1253.17
673.97	1258.89
674.16	1246.80
674.36	1261.16
674.55	1254.20
674.74	1252.37
674.94	1251.31
675.13	1252.74
675.33	1251.70
675.52	1263.37
675.72	1256.00
675.91	1260.95
676.10	1254.87
676.30	1259.42
676.49	1263.49
676.69	1269.31
676.88	1265.83
677.08	1274.04
677.27	1269.23
677.46	1280.55
677.66	1271.56
677.85	1277.60
678.05	1278.53
678.24	1285.53
678.44	1271.46
678.63	1282.23
678.82	1277.42
679.02	1281.58
679.21	1286.37
679.41	1281.21
679.60	1285.16
679.79	1285.74
679.99	1282.81
680.18	1289.03
680.38	1285.82
680.57	1292.04
680.76	1290.86
680.96	1294.83
681.15	1285.04
681.35	1292.74
681.54	1283.73
681.73	1290.04
681.93	1285.65
682.12	1285.49
682.32	1283.48
682.51	1285.96
682.70	1275.13
682.90	1287.01
683.09	1276.03
683.29	1284.94
683.48	1273.90
683.67	1284.90
683.87	1280.64
684.06	1286.04
684.25	1277.71
684.45	1288.99
684.64	1279.63
684.84	1285.20
685.03	1282.19
685.22	1290.45
685.42	1282.83
685.61	1283.28
685.80	1283.44
686.00	1283.63
686.19	1272.51
686.38	1278.12
686.58	1277.24
686.77	1292.35
686.96	1280.92
687.16	1283.79
687.35	1274.23
687.55	1292.29
687.74	1281.07
687.93	1292.41
688.13	1279.63
688.32	1296.00
688.51	1298.41
688.71	1303.18
688.90	1304.45
689.09	1311.97
689.29	1309.49
689.48	1291.31
689.67	1339.00
689.87	1357.13
690.06	1365.81
690.25	1388.30
690.45	1413.12
690.64	1431.26
690.83	1438.10
691.03	1468.99
691.22	1491.60
691.41	1522.79
691.61	1535.63
691.80	1591.13
691.99	1617.12
692.19	1692.85
692.38	1759.80
692.57	1893.80
692.76	2049.75
692.96	2305.40
693.15	2635.22
693.34	3093.95
693.54	3649.44
693.73	4298.73
693.92	5003.45
694.12	5711.81
694.31	6494.81
694.50	7197.69
694.70	7914.07
694.89	8404.76
695.08	8937.17
695.27	9437.59
695.47	9768.20
695.66	10107.24
695.85	10321.76
696.05	10643.93
696.24	10789.35
696.43	10982.44
696.62	11108.20
696.82	11169.89
697.01	11304.34
697.20	11456.19
697.40	11461.42
697.59	11505.45
697.78	11562.75
697.97	11433.89
698.17	11524.80
698.36	11514.81
698.55	11315.99
698.74	11299.11
698.94	11098.25
699.13	10883.19
699.32	10475.73
699.52	10140.66
699.71	9538.56
699.90	9005.10
700.09	8325.32
700.29	7649.94
700.48	7041.86
700.67	6376.78
700.86	5772.59
701.06	5261.46
701.25	4767.22
701.44	4419.43
701.63	4112.96
701.83	3877.19
702.02	3676.21
702.21	3529.72
702.40	3367.86
702.60	3273.02
702.79	3148.12
702.98	3072.22
703.17	2995.32
703.37	2925.95
703.56	2850.81
703.75	2796.99
703.94	2720.03
704.13	2683.45
704.33	2617.24
704.52	2565.35
704.71	2516.79
704.90	2465.67
705.10	2420.97
705.29	2369.01
705.48	2306.65
705.67	2275.81
705.86	2217.36
706.06	2177.79
706.25	2135.34
706.44	2107.48
706.63	2062.65
706.83	2034.74
707.02	1992.10
707.21	1946.27
707.40	1933.61
707.59	1907.01
707.79	1890.32
707.98	1865.02
708.17	1846.98
708.36	1826.89
708.55	1806.06
708.75	1796.46
708.94	1780.79
709.13	1761.07
709.32	1761.15
709.51	1761.64
709.71	1768.01
709.90	1792.91
710.09	1804.08
710.28	1866.05
710.47	1922.82
710.66	1985.38
710.86	2065.27
711.05	2153.75
711.24	2223.21
711.43	2284.39
711.62	2335.28
711.82	2377.79
712.01	2393.93
712.20	2426.58
712.39	2416.50
712.58	2411.28
712.77	2384.22
712.97	2358.54
713.16	2301.45
713.35	2266.65
713.54	2211.93
713.73	2170.72
713.92	2102.10
714.11	2050.55
714.31	1986.12
714.50	1935.33
714.69	1881.20
714.88	1836.29
715.07	1782.12
715.26	1745.46
715.46	1696.89
715.65	1670.86
715.84	1623.30
716.03	1588.45
716.22	1553.12
716.41	1536.45
716.60	1513.49
716.80	1500.36
716.99	1480.80
717.18	1487.17
717.37	1470.36
717.56	1473.04
717.75	1457.85
717.94	1457.99
718.13	1434.89
718.33	1417.83
718.52	1396.18
718.71	1373.43
718.90	1349.55
719.09	1327.43
719.28	1297.78
719.47	1298.45
719.66	1276.15
719.85	1276.34
720.05	1260.32
720.24	1266.14
720.43	1257.64
720.62	1261.22
720.81	1242.15
721.00	1259.50
721.19	1251.64
721.38	1253.40
721.57	1244.76
721.77	1255.36
721.96	1245.68
722.15	1255.34
722.34	1244.04
722.53	1251.51
722.72	1244.92
722.91	1245.35
723.10	1238.12
723.29	1253.62
723.48	1243.26
723.67	1240.29
723.87	1234.15
724.06	1247.42
724.25	1241.03
724.44	1242.28
724.63	1241.99
724.82	1245.14
725.01	1241.42
725.20	1238.69
725.39	1239.25
725.58	1240.84
725.77	1236.50
725.96	1245.47
726.15	1233.49
726.34	1242.67
726.54	1231.05
726.73	1238.90
726.92	1235.89
727.11	1241.64
727.30	1233.90
727.49	1239.04
727.68	1242.67
727.87	1234.82
728.06	1232.00
728.25	1234.29
728.44	1232.80
728.63	1233.55
728.82	1226.20
729.01	1232.28
729.20	1226.10
729.39	1240.35
729.58	1229.15
729.77	1235.07
729.96	1228.92
730.15	1231.67
730.34	1225.67
730.53	1225.30
730.73	1222.04
730.92	1224.21
731.11	1221.10
731.30	1227.78
731.49	1226.06
731.68	1226.30
731.87	1222.02
732.06	1224.38
732.25	1223.35
732.44	1228.47
732.63	1220.18
732.82	1226.26
733.01	1214.65
733.20	1233.57
733.39	1224.40
733.58	1223.54
733.77	1217.72
733.96	1226.86
734.15	1220.08
734.34	1228.00
734.53	1221.04
734.72	1231.32
734.91	1217.48
735.10	1229.50
735.29	1220.57
735.48	1232.18
735.67	1219.14
735.86	1233.82
736.05	1216.90
736.24	1224.81
736.43	1220.77
736.62	1229.21
736.81	1218.48
737.00	1239.82
737.19	1218.30
737.38	1233.86
737.57	1222.90
737.76	1230.30
737.95	1219.42
738.14	1228.27
738.33	1221.94
738.51	1235.79
738.70	1227.22
738.89	1231.46
739.08	1227.78
739.27	1226.26
739.46	1221.47
739.65	1231.36
739.84	1227.18
740.03	1228.33
740.22	1226.77
740.41	1235.62
740.60	1229.31
740.79	1232.90
740.98	1228.90
741.17	1233.37
741.36	1223.17
741.55	1234.97
741.74	1221.51
741.93	1237.49
742.12	1223.66
742.31	1231.22
742.50	1226.32
742.68	1228.90
742.87	1225.32
743.06	1233.12
743.25	1225.26
743.44	1233.33
743.63	1221.31
743.82	1231.71
744.01	1219.22
744.20	1226.88
744.39	1213.34
744.58	1239.35
744.77	1219.87
744.96	1232.49
745.14	1218.71
745.33	1217.80
745.52	1216.96
745.71	1225.85
745.90	1216.12
746.09	1225.30
746.28	1211.52
746.47	1221.86
746.66	1207.13
746.85	1216.02
747.04	1202.61
747.22	1218.52
747.41	1211.43
747.60	1216.62
747.79	1211.91
747.98	1214.40
748.17	1209.43
748.36	1218.81
748.55	1218.13
748.74	1213.34
748.93	1207.01
749.11	1219.20
749.30	1219.01
749.49	1219.52
749.68	1210.23
749.87	1220.49
750.06	1207.52
750.25	1214.83
750.44	1209.10
750.62	1219.65
750.81	1204.45
751.00	1217.01
751.19	1201.83
751.38	1221.22
751.57	1206.77
751.76	1216.51
751.95	1208.69
752.13	1215.76
752.32	1206.72
752.51	1213.36
752.70	1217.09
752.89	1216.78
753.08	1213.46
753.27	1221.63
753.45	1206.07
753.64	1217.21
753.83	1215.41
754.02	1219.22
754.21	1206.77
754.40	1212.77
754.58	1209.49
754.77	1211.11
754.96	1210.62
755.15	1210.21
755.34	1206.44
755.53	1214.96
755.71	1209.94
755.90	1221.16
756.09	1213.05
756.28	1215.10
756.47	1208.40
756.66	1218.56
756.84	1209.57
757.03	1214.69
757.22	1209.31
757.41	1213.56
757.60	1211.29
757.79	1219.85
757.97	1211.07
758.16	1219.87
758.35	1207.26
758.54	1217.89
758.73	1213.48
758.91	1215.20
759.10	1212.15
759.29	1218.05
759.48	1208.22
759.67	1219.32
759.85	1216.55
760.04	1210.92
760.23	1209.76
760.42	1217.58
760.61	1214.47
760.79	1213.99
760.98	1217.76
761.17	1215.55
761.36	1210.41
761.55	1212.50
761.73	1208.01
761.92	1219.71
762.11	1209.49
762.30	1221.08
762.49	1211.80
762.67	1220.36
762.86	1215.41
763.05	1215.43
763.24	1219.24
763.42	1217.50
763.61	1201.87
763.80	1213.50
763.99	1209.82
764.17	1223.37
764.36	1208.51
764.55	1217.58
764.74	1216.06
764.92	1209.39
765.11	1213.85
765.30	1204.62
765.49	1211.35
765.68	1217.09
765.86	1203.43
766.05	1215.67
766.24	1209.88
766.43	1210.17
766.61	1202.46
766.80	1214.36
766.99	1211.29
767.17	1218.60
767.36	1211.31
767.55	1214.24
767.74	1208.90
767.92	1215.35
768.11	1209.14
768.30	1209.61
768.49	1216.70
768.67	1215.31
768.86	1216.78
769.05	1211.84
769.24	1213.03
769.42	1216.10
769.61	1210.12
769.80	1215.96
769.98	1220.14
770.17	1215.53
770.36	1219.54
770.55	1207.24
770.73	1204.33
770.92	1221.27
771.11	1211.23
771.29	1217.29
771.48	1206.52
771.67	1209.61
771.86	1203.20
772.04	1217.23
772.23	1210.78
772.42	1213.05
772.60	1208.08
772.79	1211.07
772.98	1211.29
773.16	1222.35
773.35	1207.09
773.54	1225.01
773.72	1208.47
773.91	1213.61
774.10	1210.62
774.29	1212.36
774.47	1208.79
774.66	1214.59
774.85	1209.61
775.03	1216.60
775.22	1213.26
775.41	1220.12
775.59	1213.81
775.78	1215.98
775.97	1202.98
776.15	1214.83
776.34	1209.35
776.53	1215.18
776.71	1212.87
776.90	1217.72
777.09	1206.60
777.27	1223.42
777.46	1202.89
777.65	1217.31
777.83	1206.75
778.02	1219.11
778.21	1205.80
778.39	1219.57
778.58	1204.10
778.76	1218.93
778.95	1208.12
779.14	1217.09
779.32	1205.25
779.51	1213.40
779.70	1206.50
779.88	1210.57
780.07	1203.41
780.26	1216.39
780.44	1209.12
780.63	1217.25
780.81	1203.98
781.00	1214.83
781.19	1209.94
781.37	1216.90
781.56	1207.48
781.75	1208.42
781.93	1212.17
782.12	1217.42
782.30	1205.33
782.49	1210.27
782.68	1207.93
782.86	1206.34
783.05	1207.50
783.23	1209.86
783.42	1208.65
783.61	1212.17
783.79	1199.15
783.98	1217.89
784.16	1209.61
784.35	1220.88
784.54	1211.03
784.72	1216.82
784.91	1211.66
785.09	1214.92
785.28	1206.97
785.47	1212.91
785.65	1213.46
785.84	1217.91
786.02	1207.01
786.21	1214.20
786.40	1206.81
786.58	1216.23
786.77	1210.96
786.95	1209.61
787.14	1208.79
787.32	1209.20
787.51	1218.30
787.70	1222.60
787.88	1214.26
788.07	1221.84
788.25	1210.90
788.44	1216.94
788.62	1205.78
788.81	1214.57
789.00	1210.94
789.18	1217.05
789.37	1209.94
789.55	1217.37
789.74	1210.64
789.92	1220.43
790.11	1205.99
790.29	1209.14
790.48	1206.77
790.67	1210.60
790.85	1211.31
791.04	1218.07
791.22	1204.76
791.41	1215.22
791.59	1207.18
791.78	1212.13
791.96	1214.90
792.15	1216.25
792.33	1211.80
792.52	1208.57
792.70	1200.42
792.89	1214.08
793.07	1208.51
793.26	1219.42
793.45	1208.59
793.63	1224.05
793.82	1202.40
794.00	1213.01
794.19	1207.40
794.37	1211.91
794.56	1208.24
794.74	1217.39
794.93	1216.02
795.11	1214.79
795.30	1211.91
795.48	1210.37
795.67	1202.28
795.85	1212.93
796.04	1210.70
796.22	1220.32
796.41	1200.27
796.59	1214.18
796.78	1209.02
796.96	1212.99
797.15	1207.63
797.33	1212.40
797.52	1210.02
797.70	1211.68
797.89	1209.65
798.07	1214.38
798.26	1207.65
798.44	1211.54
798.63	1211.78
798.81	1214.42
798.99	1208.36
799.18	1212.85
799.36	1209.31
799.55	1215.02
799.73	1208.24
799.92	1218.21
800.10	1206.50
800.29	1211.60
800.47	1205.97
800.66	1213.13
800.84	1211.78
801.03	1217.31
801.21	1200.99
801.39	1216.49
801.58	1212.66
801.76	1213.36
801.95	1205.82
802.13	1209.06
802.32	1205.64
802.50	1209.31
802.69	1205.91
802.87	1212.58
803.06	1212.23
803.24	1212.30
803.42	1212.58
803.61	1214.61
803.79	1211.07
803.98	1220.63
804.16	1210.70
804.35	1217.21
804.53	1209.65
804.71	1212.32
804.90	1203.84
805.08	1213.01
805.27	1201.03
805.45	1217.11
805.63	1207.58
805.82	1211.05
806.00	1204.92
806.19	1213.46
806.37	1212.05
806.56	1214.26
806.74	1203.04
806.92	1214.10
807.11	1206.68
807.29	1214.75
807.48	1207.81
807.66	1217.21
807.84	1214.10
808.03	1211.46
808.21	1208.77
808.40	1209.24
808.58	1205.05
808.76	1214.77
808.95	1210.88
809.13	1211.99
809.32	1210.21
809.50	1215.22
809.68	1208.40
809.87	1213.48
810.05	1208.63
810.23	1212.07
810.42	1208.63
810.60	1207.38
810.79	1207.15
810.97	1211.95
811.15	1214.38
811.34	1211.46
811.52	1206.97
811.70	1215.20
811.89	1207.01
812.07	1215.49
812.25	1208.16
812.44	1213.65
812.62	1203.73
812.81	1220.67
812.99	1208.01
813.17	1215.49
813.36	1207.01
813.54	1213.24
813.72	1210.60
813.91	1212.68
814.09	1205.62
814.27	1216.12
814.46	1215.22
814.64	1218.93
814.82	1211.19
815.01	1214.51
815.19	1211.35
815.37	1216.21
815.56	1213.71
815.74	1216.74
815.92	1208.59
816.11	1205.13
816.29	1208.75
816.47	1207.91
816.66	1211.33
816.84	1211.93
817.02	1213.22
817.21	1215.04
817.39	1203.18
817.57	1207.93
817.76	1210.66
817.94	1209.90
818.12	1208.32
818.30	1218.09
818.49	1205.58
818.67	1214.49
818.85	1201.11
819.04	1212.58
819.22	1206.07
819.40	1216.96
819.59	1213.61
819.77	1213.56
819.95	1207.69
820.13	1215.88
820.32	1205.99
820.50	1212.32
820.68	1215.04
820.87	1220.12
821.05	1210.27
821.23	1212.58
821.41	1211.80
821.60	1210.57
821.78	1209.90
821.96	1216.21
822.14	1206.01
822.33	1214.45
822.51	1209.82
822.69	1218.05
822.88	1207.81
823.06	1218.05
823.24	1207.58
823.42	1215.55
823.61	1207.13
823.79	1212.03
823.97	1216.47
824.15	1206.77
824.34	1203.84
824.52	1213.18
824.70	1205.19
824.88	1214.96
825.07	1199.60
825.25	1215.41
825.43	1205.99
825.61	1211.35
825.80	1212.48
825.98	1211.84
826.16	1206.27
826.34	1213.67
826.53	1206.11
826.71	1209.45
826.89	1210.53
827.07	1202.77
827.25	1208.01
827.44	1221.84
827.62	1203.14
827.80	1213.95
827.98	1206.15
828.17	1211.11
828.35	1197.00
828.53	1215.08
828.71	1204.04
828.89	1213.18
829.08	1211.25
829.26	1214.65
829.44	1209.96
829.62	1217.62
829.80	1198.96
829.99	1218.48
830.17	1203.18
830.35	1215.59
830.53	1205.31
830.71	1222.47
830.90	1202.92
831.08	1213.89
831.26	1202.46
831.44	1210.76
831.62	1210.17
831.81	1210.78
831.99	1209.22
832.17	1214.90
832.35	1211.27
832.53	1209.65
832.71	1213.26
832.90	1215.98
833.08	1207.83
833.26	1223.60
833.44	1205.05
833.62	1213.48
833.81	1213.83
833.99	1212.87
834.17	1205.68
834.35	1216.70
834.53	1210.49
834.71	1215.49
834.89	1212.70
835.08	1213.87
835.26	1214.28
835.44	1217.42
835.62	1212.66
835.80	1211.84
835.98	1202.71
836.17	1213.54
836.35	1211.17
836.53	1212.27
836.71	1211.64
836.89	1212.52
837.07	1203.88
837.25	1216.29
837.44	1206.70
837.62	1220.61
837.80	1215.24
837.98	1204.49
838.16	1211.48
838.34	1218.79
838.52	1207.65
838.70	1211.52
838.89	1211.74
839.07	1220.43
839.25	1201.56
839.43	1211.74
839.61	1210.94
839.79	1215.82
839.97	1215.35
840.15	1219.46
840.33	1206.29
840.52	1204.14
840.70	1214.26
840.88	1216.76
841.06	1202.65
841.24	1219.05
841.42	1205.82
841.60	1217.03
841.78	1207.38
841.96	1214.14
842.14	1205.91
842.33	1213.03
842.51	1209.26
842.69	1209.16
842.87	1210.08
843.05	1210.23
843.23	1204.72
843.41	1223.62
843.59	1203.12
843.77	1213.50
843.95	1202.24
844.13	1212.40
844.31	1208.77
844.49	1218.21
844.68	1209.16
844.86	1209.61
845.04	1210.14
845.22	1219.01
845.40	1209.33
845.58	1209.18
845.76	1207.28
845.94	1212.34
846.12	1206.32
846.30	1210.70
846.48	1209.41
846.66	1217.42
846.84	1205.74
847.02	1218.68
847.20	1211.39
847.38	1211.11
847.56	1205.95
847.74	1218.75
847.92	1215.80
848.11	1213.01
848.29	1209.71
848.47	1212.17
848.65	1200.77
848.83	1205.62
849.01	1202.10
849.19	1217.46
849.37	1208.34
849.55	1218.25
849.73	1206.27
849.91	1211.00
850.09	1208.22
850.27	1212.93
850.45	1213.20
850.63	1210.33
850.81	1209.53
850.99	1211.72
851.17	1207.71
851.35	1213.85
851.53	1203.57
851.71	1213.81
851.89	1204.92
852.07	1212.36
852.25	1210.21
852.43	1214.86
852.61	1208.01
852.79	1213.52
852.97	1210.14
853.15	1211.60
853.33	1208.10
853.51	1211.31
853.69	1205.99
853.87	1209.18
854.05	1203.94
854.23	1215.43
854.41	1213.73
854.59	1209.86
854.77	1205.72
854.95	1212.81
855.13	1203.84
855.31	1213.09
855.49	1207.56
855.67	1208.59
855.84	1204.64
856.02	1211.37
856.20	1208.57
856.38	1216.82
856.56	1210.12
856.74	1214.34
856.92	1214.08
857.10	1212.32
857.28	1206.95
857.46	1202.65
857.64	1202.89
857.82	1215.94
858.00	1192.96
858.18	1215.55
858.36	1211.21
858.54	1217.05
858.72	1208.42
858.90	1212.11
859.08	1209.18
859.25	1210.84
859.43	1201.54
859.61	1220.49
859.79	1208.59
859.97	1216.74
860.15	1204.96
860.33	1210.66
860.51	1209.24
860.69	1209.31
860.87	1207.36
861.05	1216.41
861.23	1206.64
861.41	1209.96
861.58	1204.04
861.76	1222.72
861.94	1213.16
862.12	1211.76
862.30	1211.43
862.48	1215.37
862.66	1202.18
862.84	1218.81
863.02	1205.05
863.20	1218.40
863.37	1201.63
863.55	1212.60
863.73	1216.06
863.91	1213.75
864.09	1205.31
864.27	1212.13
864.45	1206.62
864.63	1210.45
864.80	1213.30
864.98	1219.46
865.16	1210.04
865.34	1210.98
865.52	1198.80
865.70	1213.11
865.88	1210.25
866.06	1212.15
866.23	1209.10
866.41	1213.81
866.59	1211.99
866.77	1216.53
866.95	1210.27
867.13	1215.26
867.31	1205.68
867.48	1217.85
867.66	1205.84
867.84	1213.91
868.02	1210.60
868.20	1219.34
868.38	1204.31
868.56	1215.43
868.73	1209.69
868.91	1214.88
869.09	1210.72
869.27	1209.92
869.45	1207.38
869.63	1209.94
869.80	1211.31
869.98	1207.40
870.16	1204.19
870.34	1216.53
870.52	1211.64
870.70	1214.98
870.87	1200.27
871.05	1211.58
871.23	1210.70
871.41	1211.52
871.59	1202.92
871.76	1214.28
871.94	1209.59
872.12	1223.46
872.30	1209.02
872.48	1213.91
872.65	1211.09
872.83	1214.51
873.01	1201.81
873.19	1215.53
873.37	1210.84
873.54	1215.08
873.72	1207.05
873.90	1215.96
874.08	1200.48
874.26	1214.18
874.43	1205.00
874.61	1213.50
874.79	1207.87
874.97	1212.85
875.15	1207.65
875.32	1216.10
875.50	1216.23
875.68	1212.87
875.86	1209.90
876.03	1207.22
876.21	1213.26
876.39	1209.51
876.57	1209.96
876.74	1219.18
876.92	1210.51
877.10	1211.11
877.28	1207.67
877.45	1214.67
877.63	1203.88
877.81	1216.72
877.99	1213.48
878.17	1208.75
878.34	1208.24
878.52	1213.20
878.70	1205.99
878.87	1216.21
879.05	1207.28
879.23	1218.64
879.41	1201.97
879.58	1214.12
879.76	1213.42
879.94	1216.74
880.12	1206.25
880.29	1213.36
880.47	1210.10
880.65	1215.02
880.83	1207.85
881.00	1211.66
881.18	1206.81
881.36	1212.19
881.53	1211.93
881.71	1213.69
881.89	1209.63
882.07	1211.58
882.24	1207.95
882.42	1216.33
882.60	1206.11
882.77	1210.41
882.95	1210.78
883.13	1216.06
883.30	1212.81
883.48	1208.87
883.66	1206.40
883.84	1211.52
884.01	1210.33
884.19	1221.45
884.37	1209.63
884.54	1212.75
884.72	1213.77
884.90	1219.28
885.07	1207.54
885.25	1216.66
885.43	1206.40
885.60	1215.61
885.78	1208.73
885.96	1213.48
886.13	1203.49
886.31	1217.93
886.49	1205.60
886.66	1213.16
886.84	1209.20
887.02	1210.33
887.19	1200.27
887.37	1212.50
887.55	1212.27
887.72	1215.63
887.90	1203.41
888.08	1217.76
888.25	1210.86
888.43	1210.37
888.61	1210.39
888.78	1216.53
888.96	1205.50
889.14	1222.41
889.31	1204.70
889.49	1211.11
889.67	1206.36
889.84	1216.51
890.02	1201.01
890.19	1210.33
890.37	1213.18
890.55	1218.01
890.72	1210.60
890.90	1205.84
891.08	1211.95
891.25	1214.96
891.43	1206.19
891.60	1221.80
891.78	1209.43
891.96	1220.63
892.13	1209.55
892.31	1207.38
892.48	1205.74
892.66	1212.85
892.84	1207.85
893.01	1212.27
893.19	1201.91
893.36	1213.48
893.54	1206.40
893.72	1209.04
893.89	1212.03
894.07	1206.19
894.24	1210.06
894.42	1228.19
894.60	1206.29
894.77	1218.21
894.95	1207.03
895.12	1217.21
895.30	1207.54
895.48	1211.41
895.65	1206.29
895.83	1211.72
896.00	1213.38
896.18	1215.31
896.35	1213.03
896.53	1222.08
896.71	1207.30
896.88	1213.38
897.06	1212.15
897.23	1214.32
897.41	1208.92
897.58	1216.19
897.76	1200.99
897.93	1219.05
898.11	1206.64
898.29	1219.42
898.46	1209.08
898.64	1221.57
898.81	1207.46
898.99	1220.92
899.16	1210.25
899.34	1210.84
899.51	1201.75
899.69	1207.20
899.86	1205.29
900.04	1209.69
900.21	1207.24
900.39	1219.26
900.57	1209.00
900.74	1211.84
900.92	1204.68
901.09	1215.96
901.27	1204.04
901.44	1216.12
901.62	1212.46
901.79	1211.84
901.97	1212.34
902.14	1208.61
902.32	1206.91
902.49	1214.51
902.67	1204.43
902.84	1215.82
903.02	1203.94
903.19	1210.70
903.37	1208.55
903.54	1217.56
903.72	1208.42
903.89	1210.23
904.07	1204.29
904.24	1213.52
904.42	1207.11
904.59	1212.11
904.77	1205.07
904.94	1217.09
905.12	1205.84
905.29	1215.94
905.47	1206.50
905.64	1209.26
905.82	1200.91
905.99	1211.91
906.16	1206.56
906.34	1212.99
906.51	1209.84
906.69	1209.88
906.86	1203.02
907.04	1217.91
907.21	1206.44
907.39	1212.05
907.56	1203.37
907.74	1205.78
907.91	1207.61
908.09	1210.62
908.26	1206.64
908.43	1209.18
908.61	1206.46
908.78	1213.89
908.96	1210.57
909.13	1212.85
909.31	1206.70
909.48	1222.23
909.65	1206.01
909.83	1214.79
910.00	1203.39
910.18	1214.34
910.35	1204.78
910.53	1212.38
910.70	1204.53
910.87	1212.36
911.05	1207.58
911.22	1206.56
911.40	1214.90
911.57	1212.83
911.75	1208.61
911.92	1210.62
912.09	1209.84
912.27	1213.69
912.44	1208.08
912.62	1218.83
912.79	1214.65
912.96	1214.67
913.14	1201.05
913.31	1214.45
913.49	1209.02
913.66	1210.12
913.83	1209.41
914.01	1217.17
914.18	1217.07
914.36	1213.20
914.53	1205.23
914.70	1206.46
914.88	1207.38
915.05	1218.81
915.22	1209.59
915.40	1207.95
915.57	1210.80
915.75	1214.22
915.92	1206.48
916.09	1215.61
916.27	1213.81
916.44	1212.99
916.61	1207.11
916.79	1214.92
916.96	1207.05
917.13	1215.88
917.31	1207.18
917.48	1213.46
917.66	1210.74
917.83	1220.12
918.00	1205.68
918.18	1215.00
918.35	1203.02
918.52	1217.58
918.70	1206.01
918.87	1212.85
919.04	1212.97
919.22	1218.09
919.39	1206.79
919.56	1212.73
919.74	1210.92
919.91	1215.12
920.08	1199.62
920.26	1208.71
920.43	1212.07
920.60	1217.46
920.78	1212.15
920.95	1218.52
921.12	1207.83
921.29	1214.55
921.47	1204.57
921.64	1213.99
921.81	1208.55
921.99	1218.50
922.16	1209.74
922.33	1207.63
922.51	1205.25
922.68	1215.20
922.85	1211.64
923.03	1209.06
923.20	1211.82
923.37	1210.76
923.54	1206.38
923.72	1211.54
923.89	1209.45
924.06	1213.71
924.24	1211.87
924.41	1209.82
924.58	1203.26
924.75	1216.60
924.93	1208.34
925.10	1213.69
925.27	1206.46
925.44	1212.87
925.62	1213.42
925.79	1212.15
925.96	1205.37
926.14	1210.92
926.31	1201.95
926.48	1215.43
926.65	1209.39
926.83	1213.03
927.00	1209.63
927.17	1214.38
927.34	1205.31
927.52	1216.35
927.69	1210.96
927.86	1224.13
928.03	1215.16
928.21	1210.82
928.38	1212.19
928.55	1213.97
928.72	1207.48
928.89	1211.70
929.07	1214.94
929.24	1223.50
929.41	1201.50
929.58	1213.99
929.76	1204.51
929.93	1210.10
930.10	1208.42
930.27	1215.57
930.44	1209.96
930.62	1209.39
930.79	1208.55
930.96	1215.45
931.13	1206.48
931.31	1215.96
931.48	1209.63
931.65	1215.08
931.82	1206.72
931.99	1210.21
932.17	1206.38
932.34	1210.00
932.51	1204.06
932.68	1217.15
932.85	1212.44
933.03	1218.77
933.20	1209.10
933.37	1214.83
933.54	1197.80
933.71	1213.46
933.88	1201.69
934.06	1208.42
934.23	1200.68
934.40	1218.42
934.57	1206.56
934.74	1218.36
934.91	1215.72
935.09	1206.11
935.26	1206.91
935.43	1216.41
935.60	1211.52
935.77	1213.40
935.94	1209.74
936.12	1217.17
936.29	1210.60
936.46	1211.09
936.63	1204.59
936.80	1218.34
936.97	1205.13
937.14	1216.21
937.32	1207.50
937.49	1217.85
937.66	1211.00
937.83	1206.46
938.00	1203.18
938.17	1215.10
938.34	1211.50
938.52	1207.15
938.69	1203.80
938.86	1214.14
939.03	1213.75
939.20	1212.83
939.37	1206.21
939.54	1218.25
939.71	1207.30
939.89	1214.96
940.06	1209.57
940.23	1216.51
940.40	1208.75
940.57	1213.34
940.74	1205.58
940.91	1218.81
941.08	1199.00
941.25	1212.75
941.43	1206.77
941.60	1212.81
941.77	1207.97
941.94	1222.49
942.11	1205.05
942.28	1216.15
942.45	1203.04
942.62	1211.23
942.79	1210.35
942.96	1209.76
943.13	1206.27
943.30	1212.99
943.48	1206.68
943.65	1212.95
943.82	1212.73
943.99	1211.74
944.16	1213.95
944.33	1213.07
944.50	1212.81
944.67	1210.10
944.84	1206.58
945.01	1210.51
945.18	1210.82
945.35	1217.39
945.52	1203.57
945.69	1215.51
945.86	1206.01
946.03	1217.89
946.21	1213.99
946.38	1224.13
946.55	1207.01
946.72	1217.66
946.89	1208.47
947.06	1208.98
947.23	1206.68
947.40	1214.69
947.57	1209.24
947.74	1215.47
947.91	1213.59
948.08	1211.29
948.25	1209.28
948.42	1218.77
948.59	1208.71
948.76	1211.48
948.93	1204.29
949.10	1211.13
949.27	1203.86
949.44	1212.83
949.61	1200.83
949.78	1212.68
949.95	1208.16
950.12	1212.23
950.29	1205.78
950.46	1217.23
950.63	1206.15
950.80	1220.51
950.97	1203.80
951.14	1217.95
951.31	1207.73
951.48	1213.79
951.65	1211.56
951.82	1206.42
951.99	1210.29
952.16	1210.98
952.33	1207.97
952.50	1213.13
952.67	1206.27
952.84	1218.91
953.01	1202.46
953.18	1218.83
953.35	1213.07
953.52	1216.08
953.69	1206.38
953.86	1216.92
954.03	1210.14
954.20	1218.85
954.37	1209.16
954.54	1212.58
954.70	1207.01
954.87	1207.89
955.04	1209.76
955.21	1215.22
955.38	1211.35
955.55	1217.44
955.72	1212.07
955.89	1212.62
956.06	1209.53
956.23	1212.99
956.40	1212.07
956.57	1216.41
956.74	1212.42
956.91	1218.01
957.08	1213.99
957.25	1211.68
957.41	1203.00
957.58	1209.02
957.75	1204.14
957.92	1212.48
958.09	1207.91
958.26	1214.77
958.43	1212.60
958.60	1211.05
958.77	1213.54
958.94	1211.58
959.11	1205.56
959.27	1214.61
959.44	1211.19
959.61	1219.07
959.78	1203.24
959.95	1211.74
960.12	1207.13
960.29	1221.41
960.46	1209.18
960.63	1217.54
960.80	1210.68
960.96	1217.91
961.13	1207.95
961.30	1215.51
961.47	1211.19
961.64	1218.64
961.81	1213.24
961.98	1208.20
962.15	1197.78
962.31	1212.62
962.48	1203.49
962.65	1218.32
962.82	1209.84
962.99	1216.72
963.16	1202.03
963.33	1214.98
963.49	1210.80
963.66	1213.05
963.83	1207.18
964.00	1216.86
964.17	1208.10
964.34	1220.20
964.51	1204.51
964.67	1213.69
964.84	1207.11
965.01	1232.69
965.18	1209.51
965.35	1217.19
965.52	1212.93
965.68	1213.36
965.85	1210.80
966.02	1218.17
966.19	1213.50
966.36	1214.67
966.52	1206.40
966.69	1213.91
966.86	1206.58
967.03	1218.95
967.20	1204.82
967.37	1212.44
967.53	1205.66
967.70	1209.55
967.87	1208.55
968.04	1210.57
968.21	1205.95
968.37	1209.39
968.54	1203.10
968.71	1214.30
968.88	1209.24
969.05	1212.58
969.21	1208.90
969.38	1212.25
969.55	1213.28
969.72	1209.16
969.89	1205.07
970.05	1220.26
970.22	1210.31
970.39	1211.11
970.56	1204.49
970.72	1214.71
970.89	1211.48
971.06	1218.77
971.23	1205.82
971.39	1204.80
971.56	1210.98
971.73	1212.07
971.90	1206.38
972.07	1209.57
972.23	1208.79
972.40	1214.20
972.57	1207.30
972.74	1213.91
972.90	1204.80
973.07	1213.50
973.24	1205.25
973.40	1214.49
973.57	1212.34
973.74	1215.55
973.91	1208.47
974.07	1220.20
974.24	1212.17
974.41	1210.02
974.58	1211.05
974.74	1215.67
974.91	1213.44
975.08	1202.59
975.25	1201.34
975.41	1215.94
975.58	1205.13
975.75	1217.01
975.91	1206.17
976.08	1218.66
976.25	1204.14
976.42	1212.46
976.58	1201.81
976.75	1220.79
976.92	1202.53
977.08	1214.92
977.25	1199.09
977.42	1212.44
977.58	1208.81
977.75	1214.45
977.92	1210.82
978.08	1220.02
978.25	1211.62
978.42	1211.66
978.59	1210.53
978.75	1210.06
978.92	1208.18
979.09	1205.88
979.25	1204.08
979.42	1211.64
979.59	1203.88
979.75	1207.34
979.92	1213.81
980.09	1214.98
980.25	1217.03
980.42	1214.98
980.59	1210.35
980.75	1212.13
980.92	1205.35
981.09	1216.88
981.25	1205.45
981.42	1212.83
981.59	1214.28
981.75	1216.21
981.92	1211.50
982.08	1208.55
982.25	1210.04
982.42	1217.17
982.58	1211.03
982.75	1212.77
982.92	1214.26
983.08	1210.08
983.25	1212.30
983.42	1214.30
983.58	1212.93
983.75	1211.07
983.91	1199.17
984.08	1216.29
984.25	1203.02
984.41	1218.97
984.58	1207.93
984.74	1212.83
984.91	1205.19
985.08	1215.57
985.24	1203.26
985.41	1213.91
985.57	1205.09
985.74	1218.48
985.91	1208.69
986.07	1224.95
986.24	1204.70
986.40	1215.67
986.57	1202.38
986.74	1212.50
986.90	1212.13
987.07	1212.91
987.23	1208.18
987.40	1210.25
987.57	1206.32
987.73	1218.75
987.90	1206.77
988.06	1216.66
988.23	1205.27
988.39	1212.75
988.56	1200.01
988.73	1214.59
988.89	1211.66
989.06	1215.65
989.22	1204.53
989.39	1213.61
989.55	1210.94
989.72	1213.83
989.88	1204.80
990.05	1210.74
990.22	1212.01
990.38	1213.79
990.55	1209.57
990.71	1212.52
990.88	1209.94
991.04	1214.28
991.21	1199.31
991.37	1211.60
991.54	1210.41
991.70	1212.70
991.87	1209.18
992.03	1213.54
992.20	1206.36
992.36	1212.30
992.53	1203.80
992.69	1218.07
992.86	1208.81
993.03	1215.00
993.19	1212.79
993.36	1215.43
993.52	1213.63
993.69	1215.92
993.85	1204.21
994.02	1217.64
994.18	1213.95
994.35	1211.33
994.51	1212.75
994.68	1209.49
994.84	1210.70
995.01	1210.04
995.17	1207.32
995.34	1213.26
995.50	1208.77
995.66	1219.69
995.83	1211.29
995.99	1216.45
996.16	1205.88
996.32	1211.58
996.49	1203.32
996.65	1215.45
996.82	1211.66
996.98	1199.43
997.15	1217.54
997.31	1220.38
997.48	1201.26
997.64	1208.24
997.81	1208.57
997.97	1214.90
998.13	1212.01
998.30	1218.36
998.46	1201.11
998.63	1212.21
998.79	1209.86
998.96	1215.04
999.12	1199.97
999.29	1212.30
999.45	1216.60
999.61	1209.18
999.78	1205.91
999.94	1215.12
1000.11	1209.10
1000.27	1213.67
1000.44	1210.57
1000.60	1216.19
1000.76	1213.91
1000.93	1213.11
1001.09	1207.71
1001.26	1217.33
1001.42	1206.46
1001.59	1217.11
1001.75	1206.62
1001.91	1214.02
1002.08	1206.66
1002.24	1207.91
1002.41	1209.18
1002.57	1215.94
1002.73	1209.04
1002.90	1215.16
1003.06	1209.74
1003.23	1213.97
1003.39	1205.41
1003.55	1217.89
1003.72	1208.47
1003.88	1221.37
1004.04	1205.35
1004.21	1216.70
1004.37	1201.42
1004.54	1213.09
1004.70	1208.71
1004.86	1216.96
1005.03	1204.82
1005.19	1219.34
1005.35	1209.24
1005.52	1211.31
1005.68	1209.14
1005.85	1208.69
1006.01	1209.33
1006.17	1213.97
1006.34	1206.42
1006.50	1216.12
1006.66	1204.64
1006.83	1222.25
1006.99	1211.78
1007.15	1211.05
1007.32	1209.59
1007.48	1210.55
1007.64	1199.58
1007.81	1209.59
1007.97	1200.79
1008.13	1212.25
1008.30	1213.30
1008.46	1217.80
1008.62	1214.34
1008.79	1212.40
1008.95	1207.26
1009.11	1213.50
1009.28	1208.08
1009.44	1209.57
1009.60	1204.80
1009.77	1209.02
1009.93	1212.85
1010.09	1216.00
1010.25	1206.09
1010.42	1219.54
1010.58	1210.35
1010.74	1207.58
1010.91	1211.43
1011.07	1209.94
1011.23	1206.87
1011.40	1214.59
1011.56	1207.61
1011.72	1213.28
1011.88	1210.49
1012.05	1221.86
1012.21	1208.63
1012.37	1214.49
1012.54	1204.98
1012.70	1218.62
1012.86	1203.98
1013.02	1217.50
1013.19	1209.88
1013.35	1211.91
1013.51	1206.89
1013.67	1218.54
1013.84	1211.46
1014.00	1215.51
1014.16	1210.51
1014.33	1216.92
1014.49	1211.25
1014.65	1213.28
1014.81	1203.84
1014.98	1215.20
1015.14	1202.36
1015.30	1215.43
1015.46	1203.88
1015.62	1218.93
1015.79	1209.33
1015.95	1210.49
1016.11	1213.03
1016.27	1214.77
1016.44	1205.62
1016.60	1217.42
1016.76	1202.51
1016.92	1213.61
1017.09	1205.99
1017.25	1211.07
1017.41	1204.23
1017.57	1214.83
1017.73	1207.87
1017.90	1214.86
1018.06	1213.13
1018.22	1212.42
1018.38	1209.71
1018.54	1215.33
1018.71	1211.00
1018.87	1217.39
1019.03	1201.44
1019.19	1218.66
1019.35	1202.38
1019.52	1215.29
1019.68	1201.83
1019.84	1209.90
1020.00	1218.07
1020.16	1211.72
1020.33	1204.37
1020.49	1214.90
1020.65	1199.43
1020.81	1216.39
1020.97	1206.48
1021.13	1213.52
1021.30	1211.21
1021.46	1213.26
1021.62	1207.20
1021.78	1210.47
1021.94	1206.29
1022.10	1221.45
1022.27	1209.22
1022.43	1213.93
1022.59	1203.98
1022.75	1218.21
1022.91	1211.41
1023.07	1207.77
1023.24	1206.32
1023.40	1215.39
1023.56	1202.22
1023.72	1216.82
1023.88	1204.68
1024.04	1222.88
1024.20	1212.48
1024.36	1219.50
1024.53	1209.26
1024.69	1211.91
1024.85	1207.97
1025.01	1223.64
1025.17	1214.14
1025.33	1212.17
1025.49	1209.45
1025.65	1218.07
1025.82	1198.43
1025.98	1213.63
1026.14	1206.48
1026.30	1220.45
1026.46	1200.38
1026.62	1216.00
1026.78	1205.86
1026.94	1213.38
1027.10	1205.29
1027.26	1214.59
1027.43	1210.68
1027.59	1210.25
1027.75	1208.18
1027.91	1218.40
1028.07	1214.94
1028.23	1217.19
1028.39	1205.64
1028.55	1214.90
1028.71	1207.75
1028.87	1213.42
1029.03	1210.10
1029.19	1213.20
1029.36	1200.58
1029.52	1205.97
1029.68	1203.37
1029.84	1210.47
1030.00	1207.24
1030.16	1213.30
1030.32	1206.72
1030.48	1217.66
1030.64	1206.23
1030.80	1216.47
1030.96	1208.79
1031.12	1219.50
1031.28	1210.21
1031.44	1209.37
1031.60	1213.09
1031.76	1214.45
1031.92	1213.46
1032.08	1236.93
1032.24	1214.79
1032.40	1216.96
1032.56	1209.35
1032.73	1211.76
1032.89	1207.13
1033.05	1211.00
1033.21	1210.68
1033.37	1208.87
1033.53	1209.78
1033.69	1216.02
1033.85	1214.71
1034.01	1220.38
1034.17	1213.42
1034.33	1213.89
1034.49	1206.85
1034.65	1213.69
1034.81	1205.07
1034.97	1209.78
1035.13	1210.25
1035.29	1214.22
1035.45	1210.66
1035.61	1219.22
1035.77	1212.99
1035.93	1212.87
1036.09	1211.05
1036.25	1211.82
1036.41	1211.66
1036.57	1212.09
1036.73	1204.41
1036.88	1217.68
1037.04	1208.71
