345.52	1209.51
345.73	1209.51
345.94	1209.51
346.16	1214.06
346.37	1211.17
346.58	1216.64
346.79	1215.96
347.00	1213.13
347.22	1223.44
347.43	1206.38
347.64	1222.51
347.85	1213.50
348.06	1220.98
348.28	1219.03
348.49	1220.59
348.70	1218.09
348.91	1219.01
349.12	1213.36
349.34	1225.79
349.55	1216.88
349.76	1218.40
349.97	1219.18
350.18	1225.09
350.40	1212.03
350.61	1220.10
350.82	1216.06
351.03	1223.66
351.24	1214.34
351.46	1217.91
351.67	1227.39
351.88	1222.00
352.09	1214.42
352.30	1228.60
352.51	1217.21
352.73	1225.85
352.94	1221.16
353.15	1221.98
353.36	1216.94
353.57	1219.36
353.79	1215.94
354.00	1221.82
354.21	1214.83
354.42	1226.02
354.63	1213.11
354.84	1222.45
355.06	1222.49
355.27	1217.54
355.48	1219.40
355.69	1221.74
355.90	1219.93
356.11	1228.31
356.33	1219.05
356.54	1227.80
356.75	1215.37
356.96	1224.83
357.17	1212.32
357.38	1223.66
357.60	1218.60
357.81	1225.85
358.02	1213.18
358.23	1222.13
358.44	1215.26
358.65	1215.74
358.87	1215.61
359.08	1227.72
359.29	1218.79
359.50	1224.75
359.71	1218.34
359.92	1220.84
360.13	1216.02
360.35	1223.13
360.56	1220.81
360.77	1225.18
360.98	1215.78
361.19	1222.76
361.40	1213.99
361.62	1224.83
361.83	1214.83
362.04	1224.19
362.25	1219.40
362.46	1224.79
362.67	1215.29
362.88	1222.29
363.10	1218.77
363.31	1225.85
363.52	1212.89
363.73	1227.02
363.94	1219.40
364.15	1230.56
364.36	1213.50
364.57	1229.91
364.79	1223.01
365.00	1228.49
365.21	1221.08
365.42	1222.39
365.63	1213.16
365.84	1221.98
366.05	1216.88
366.27	1218.46
366.48	1217.60
366.69	1224.54
366.90	1219.50
367.11	1227.35
367.32	1226.41
367.53	1222.58
367.74	1217.19
367.95	1222.64
368.17	1219.77
368.38	1224.40
368.59	1220.45
368.80	1224.28
369.01	1216.06
369.22	1226.73
369.43	1216.47
369.64	1218.62
369.86	1220.02
370.07	1220.22
370.28	1213.05
370.49	1225.44
370.70	1223.35
370.91	1229.17
371.12	1223.11
371.33	1226.94
371.54	1223.17
371.76	1228.00
371.97	1221.35
372.18	1218.17
372.39	1219.46
372.60	1230.91
372.81	1217.54
373.02	1223.31
373.23	1222.23
373.44	1230.81
373.65	1225.40
373.87	1226.22
374.08	1211.97
374.29	1226.43
374.50	1220.69
374.71	1223.21
374.92	1222.06
375.13	1220.90
375.34	1225.77
375.55	1226.82
375.76	1216.84
375.97	1226.79
376.19	1225.36
376.40	1231.46
376.61	1215.90
376.82	1224.52
377.03	1219.42
377.24	1226.92
377.45	1219.14
377.66	1222.13
377.87	1220.30
378.08	1222.10
378.29	1224.26
378.50	1227.45
378.71	1216.62
378.93	1226.65
379.14	1216.74
379.35	1222.51
379.56	1215.14
379.77	1226.77
379.98	1218.07
380.19	1226.55
380.40	1218.34
380.61	1227.72
380.82	1214.12
381.03	1216.23
381.24	1219.50
381.45	1219.52
381.66	1218.66
381.88	1224.75
382.09	1220.75
382.30	1230.79
382.51	1221.00
382.72	1220.22
382.93	1216.17
383.14	1223.58
383.35	1220.59
383.56	1223.95
383.77	1219.34
383.98	1225.59
384.19	1232.37
384.40	1228.49
384.61	1219.79
384.82	1226.77
385.03	1213.95
385.24	1229.17
385.45	1226.04
385.67	1219.28
385.88	1221.70
386.09	1222.64
386.30	1211.25
386.51	1225.85
386.72	1217.89
386.93	1224.09
387.14	1223.68
387.35	1222.62
387.56	1219.85
387.77	1221.63
387.98	1217.74
388.19	1223.68
388.40	1221.80
388.61	1223.46
388.82	1216.27
389.03	1224.81
389.24	1222.84
389.45	1226.88
389.66	1216.19
389.87	1224.79
390.08	1216.78
390.29	1218.19
390.50	1218.40
390.71	1222.08
390.92	1216.64
391.13	1223.74
391.34	1217.01
391.55	1227.49
391.76	1223.76
391.98	1224.79
392.19	1215.10
392.40	1223.40
392.61	1219.05
392.82	1229.17
393.03	1219.59
393.24	1231.77
393.45	1216.19
393.66	1222.13
393.87	1223.72
394.08	1231.59
394.29	1229.56
394.50	1223.05
394.71	1219.81
394.92	1226.51
395.13	1216.19
395.34	1221.33
395.55	1207.75
395.76	1226.90
395.97	1221.78
396.18	1235.38
396.39	1225.03
396.60	1223.29
396.81	1217.93
397.02	1230.38
397.23	1219.59
397.44	1232.24
397.65	1218.97
397.86	1225.24
398.07	1214.69
398.28	1221.37
398.49	1219.14
398.70	1218.95
398.91	1218.89
399.12	1224.73
399.33	1223.52
399.54	1219.63
399.75	1223.46
399.96	1221.82
400.17	1226.49
400.38	1225.50
400.59	1218.07
400.80	1226.43
401.01	1218.34
401.22	1225.91
401.42	1217.39
401.63	1221.02
401.84	1219.07
402.05	1221.98
402.26	1228.72
402.47	1224.05
402.68	1219.50
402.89	1228.29
403.10	1222.56
403.31	1225.85
403.52	1222.37
403.73	1228.04
403.94	1218.03
404.15	1230.40
404.36	1222.06
404.57	1232.37
404.78	1217.89
404.99	1226.90
405.20	1219.77
405.41	1233.96
405.62	1217.80
405.83	1231.36
406.04	1215.29
406.25	1225.14
406.46	1220.41
406.67	1223.37
406.88	1224.50
407.09	1228.70
407.30	1222.82
407.50	1233.47
407.71	1213.48
407.92	1232.73
408.13	1218.99
408.34	1224.97
408.55	1223.60
408.76	1229.35
408.97	1221.63
409.18	1231.30
409.39	1225.32
409.60	1222.84
409.81	1217.64
410.02	1232.90
410.23	1220.47
410.44	1224.75
410.65	1224.19
410.86	1225.07
411.07	1225.30
411.27	1225.16
411.48	1228.72
411.69	1225.91
411.90	1227.45
412.11	1228.33
412.32	1222.06
412.53	1227.35
412.74	1217.56
412.95	1220.38
413.16	1221.90
413.37	1224.73
413.58	1218.66
413.79	1230.77
414.00	1219.46
414.20	1223.03
414.41	1221.18
414.62	1227.86
414.83	1217.23
415.04	1231.89
415.25	1223.80
415.46	1221.76
415.67	1221.45
415.88	1228.66
416.09	1220.55
416.30	1232.16
416.51	1225.75
416.71	1228.95
416.92	1214.83
417.13	1222.53
417.34	1214.40
417.55	1226.94
417.76	1218.62
417.97	1220.24
418.18	1220.67
418.39	1224.69
418.60	1218.23
418.81	1224.42
419.01	1219.69
419.22	1227.98
419.43	1219.11
419.64	1228.88
419.85	1218.62
420.06	1225.12
420.27	1214.65
420.48	1225.65
420.69	1221.51
420.90	1226.20
421.10	1218.97
421.31	1226.24
421.52	1222.19
421.73	1222.33
421.94	1216.17
422.15	1218.71
422.36	1219.52
422.57	1225.77
422.78	1225.55
422.98	1222.19
423.19	1226.45
423.40	1233.80
423.61	1215.41
423.82	1229.09
424.03	1221.57
424.24	1228.70
424.45	1222.02
424.65	1227.02
424.86	1219.59
425.07	1226.20
425.28	1222.58
425.49	1234.72
425.70	1220.73
425.91	1229.89
426.12	1221.59
426.32	1223.56
426.53	1220.69
426.74	1227.74
426.95	1224.89
427.16	1225.12
427.37	1225.75
427.58	1217.68
427.78	1219.59
427.99	1226.18
428.20	1218.95
428.41	1224.58
428.62	1214.45
428.83	1232.53
429.04	1219.75
429.24	1225.65
429.45	1227.43
429.66	1225.28
429.87	1218.73
430.08	1226.73
430.29	1224.28
430.50	1222.35
430.70	1217.89
430.91	1227.41
431.12	1223.44
431.33	1226.67
431.54	1224.77
431.75	1228.45
431.96	1217.39
432.16	1230.34
432.37	1217.99
432.58	1217.72
432.79	1214.26
433.00	1223.62
433.21	1215.02
433.41	1229.76
433.62	1218.93
433.83	1223.17
434.04	1222.33
434.25	1226.94
434.46	1214.34
434.66	1225.98
434.87	1222.92
435.08	1227.57
435.29	1217.97
435.50	1229.56
435.71	1220.32
435.91	1217.70
436.12	1214.67
436.33	1224.95
436.54	1220.65
436.75	1231.55
436.95	1216.70
437.16	1229.66
437.37	1219.91
437.58	1229.72
437.79	1219.50
438.00	1225.09
438.20	1212.62
438.41	1220.20
438.62	1218.50
438.83	1225.96
439.04	1220.34
439.24	1231.14
439.45	1220.41
439.66	1228.35
439.87	1209.37
440.08	1228.82
440.28	1224.15
440.49	1234.90
440.70	1217.05
440.91	1227.78
441.12	1220.24
441.32	1227.92
441.53	1223.48
441.74	1228.11
441.95	1219.32
442.16	1228.88
442.36	1210.08
442.57	1225.28
442.78	1217.09
442.99	1228.88
443.20	1223.44
443.40	1225.01
443.61	1214.90
443.82	1227.08
444.03	1216.02
444.24	1226.55
444.44	1223.09
444.65	1224.21
444.86	1224.21
445.07	1222.56
445.27	1221.80
445.48	1227.33
445.69	1216.21
445.90	1230.64
446.11	1221.12
446.31	1226.98
446.52	1216.80
446.73	1222.53
446.94	1218.75
447.14	1233.31
447.35	1223.52
447.56	1223.85
447.77	1223.40
447.97	1229.48
448.18	1215.55
448.39	1221.47
448.60	1216.78
448.81	1230.42
449.01	1217.62
449.22	1226.32
449.43	1216.72
449.64	1223.37
449.84	1215.16
450.05	1221.84
450.26	1220.22
450.47	1231.61
450.67	1222.04
450.88	1224.95
451.09	1221.43
451.30	1229.27
451.50	1221.92
451.71	1224.15
451.92	1216.04
452.13	1225.36
452.33	1223.27
452.54	1233.25
452.75	1220.67
452.96	1223.68
453.16	1220.22
453.37	1226.77
453.58	1219.61
453.79	1224.48
453.99	1222.66
454.20	1225.87
454.41	1219.91
454.61	1231.71
454.82	1218.48
455.03	1220.47
455.24	1220.77
455.44	1226.94
455.65	1221.72
455.86	1231.30
456.07	1221.29
456.27	1226.59
456.48	1218.83
456.69	1228.02
456.90	1222.58
457.10	1224.03
457.31	1222.25
457.52	1228.45
457.72	1221.22
457.93	1226.88
458.14	1218.56
458.35	1222.15
458.55	1218.28
458.76	1223.60
458.97	1217.11
459.17	1219.87
459.38	1213.48
459.59	1219.48
459.80	1221.24
460.00	1222.27
460.21	1227.68
460.42	1223.93
460.62	1216.76
460.83	1225.46
461.04	1228.33
461.25	1231.36
461.45	1217.91
461.66	1226.67
461.87	1214.98
462.07	1224.30
462.28	1221.90
462.49	1227.12
462.69	1218.23
462.90	1229.78
463.11	1221.49
463.31	1225.85
463.52	1211.82
463.73	1224.46
463.94	1212.34
464.14	1227.92
464.35	1222.82
464.56	1229.42
464.76	1225.05
464.97	1231.55
465.18	1218.25
465.38	1228.25
465.59	1222.23
465.80	1224.62
466.00	1219.46
466.21	1224.60
466.42	1219.83
466.62	1224.79
466.83	1221.65
467.04	1224.73
467.24	1218.99
467.45	1226.20
467.66	1221.14
467.86	1227.25
468.07	1221.51
468.28	1224.28
468.48	1215.84
468.69	1231.05
468.90	1220.04
469.10	1235.13
469.31	1223.17
469.52	1230.01
469.72	1220.79
469.93	1220.32
470.14	1223.46
470.34	1224.05
470.55	1216.39
470.76	1222.84
470.96	1211.43
471.17	1224.07
471.38	1218.48
471.58	1225.22
471.79	1217.87
472.00	1225.14
472.20	1215.78
472.41	1224.19
472.62	1215.10
472.82	1233.82
473.03	1216.06
473.24	1224.01
473.44	1220.92
473.65	1225.50
473.85	1221.00
474.06	1221.43
474.27	1214.34
474.47	1225.05
474.68	1217.78
474.89	1220.08
475.09	1215.06
475.30	1229.72
475.51	1218.60
475.71	1229.60
475.92	1224.36
476.12	1222.49
476.33	1218.77
476.54	1237.03
476.74	1219.16
476.95	1224.71
477.16	1217.99
477.36	1216.58
477.57	1216.90
477.77	1224.05
477.98	1222.00
478.19	1217.60
478.39	1212.34
478.60	1226.26
478.81	1216.64
479.01	1219.54
479.22	1212.21
479.42	1227.76
479.63	1217.25
479.84	1230.09
480.04	1228.08
480.25	1229.74
480.45	1217.91
480.66	1226.71
480.87	1224.52
481.07	1223.05
481.28	1220.16
481.48	1228.06
481.69	1213.59
481.90	1219.38
482.10	1221.70
482.31	1232.63
482.51	1221.84
482.72	1225.69
482.93	1219.11
483.13	1220.94
483.34	1220.08
483.54	1235.11
483.75	1221.41
483.96	1225.01
484.16	1223.07
484.37	1228.06
484.57	1220.34
484.78	1228.04
484.99	1220.36
485.19	1227.49
485.40	1221.65
485.60	1224.77
485.81	1216.25
486.01	1223.29
486.22	1228.02
486.43	1228.13
486.63	1221.33
486.84	1227.08
487.04	1213.11
487.25	1220.47
487.46	1227.08
487.66	1227.31
487.87	1220.08
488.07	1219.34
488.28	1219.57
488.48	1221.24
488.69	1226.12
488.89	1229.38
489.10	1210.84
489.31	1231.05
489.51	1219.03
489.72	1221.67
489.92	1219.93
490.13	1227.20
490.33	1221.39
490.54	1223.80
490.75	1222.53
490.95	1228.33
491.16	1217.27
491.36	1221.86
491.57	1220.45
491.77	1218.05
491.98	1218.25
492.18	1220.94
492.39	1227.41
492.59	1228.29
492.80	1218.64
493.01	1221.82
493.21	1222.02
493.42	1230.32
493.62	1222.92
493.83	1223.56
494.03	1218.95
494.24	1218.05
494.44	1216.27
494.65	1225.03
494.85	1221.67
495.06	1232.98
495.26	1222.92
495.47	1231.40
495.68	1220.38
495.88	1223.78
496.09	1218.03
496.29	1226.16
496.50	1216.49
496.70	1226.36
496.91	1217.39
497.11	1225.24
497.32	1221.45
497.52	1226.39
497.73	1212.83
497.93	1219.61
498.14	1225.36
498.34	1236.58
498.55	1222.15
498.75	1222.64
498.96	1221.96
499.16	1225.91
499.37	1223.01
499.57	1223.21
499.78	1224.50
499.98	1224.13
500.19	1220.53
500.39	1226.71
500.60	1220.24
500.80	1224.97
501.01	1216.37
501.21	1224.34
501.42	1211.35
501.62	1221.70
501.83	1224.36
502.03	1229.56
502.24	1228.60
502.44	1225.63
502.65	1220.41
502.85	1221.33
503.06	1217.09
503.26	1220.84
503.47	1223.74
503.67	1223.93
503.88	1225.69
504.08	1226.28
504.29	1217.52
504.49	1224.93
504.70	1221.29
504.90	1224.52
505.11	1223.58
505.31	1226.39
505.52	1218.32
505.72	1226.61
505.93	1227.02
506.13	1227.63
506.34	1216.62
506.54	1221.08
506.75	1222.74
506.95	1221.49
507.16	1221.76
507.36	1221.65
507.56	1216.21
507.77	1220.69
507.97	1218.23
508.18	1227.92
508.38	1225.16
508.59	1225.71
508.79	1227.04
509.00	1223.78
509.20	1217.87
509.41	1236.58
509.61	1223.68
509.82	1226.61
510.02	1218.34
510.22	1230.69
510.43	1219.54
510.63	1229.76
510.84	1214.32
511.04	1229.70
511.25	1220.20
511.45	1230.19
511.66	1217.46
511.86	1225.89
512.06	1221.22
512.27	1225.50
512.47	1219.38
512.68	1222.94
512.88	1220.04
513.09	1227.12
513.29	1216.45
513.50	1223.01
513.70	1213.97
513.90	1229.19
514.11	1216.80
514.31	1215.31
514.52	1217.58
514.72	1225.96
514.93	1222.86
515.13	1216.68
515.33	1219.91
515.54	1228.80
515.74	1226.12
515.95	1221.65
516.15	1223.64
516.36	1227.90
516.56	1224.48
516.76	1227.00
516.97	1217.89
517.17	1224.48
517.38	1212.34
517.58	1226.84
517.78	1211.82
517.99	1230.77
518.19	1222.04
518.40	1224.40
518.60	1219.22
518.81	1220.41
519.01	1216.15
519.21	1229.87
519.42	1209.41
519.62	1225.38
519.83	1222.76
520.03	1229.15
520.23	1226.49
520.44	1222.10
520.64	1218.40
520.85	1222.68
521.05	1219.26
521.25	1220.47
521.46	1216.02
521.66	1232.98
521.86	1220.90
522.07	1218.40
522.27	1217.05
522.48	1225.77
522.68	1215.51
522.88	1219.67
523.09	1216.53
523.29	1219.30
523.50	1214.40
523.70	1222.08
523.90	1210.60
524.11	1229.70
524.31	1209.65
524.51	1225.85
524.72	1220.47
524.92	1221.53
525.13	1222.51
525.33	1224.99
525.53	1219.05
525.74	1225.89
525.94	1220.49
526.14	1228.99
526.35	1219.30
526.55	1226.51
526.76	1217.52
526.96	1232.08
527.16	1214.24
527.37	1225.55
527.57	1211.54
527.77	1220.14
527.98	1220.67
528.18	1225.77
528.38	1222.17
528.59	1223.87
528.79	1227.12
528.99	1223.83
529.20	1213.71
529.40	1225.46
529.61	1221.47
529.81	1229.03
530.01	1217.11
530.22	1221.02
530.42	1208.38
530.62	1220.98
530.83	1221.33
531.03	1220.10
531.23	1222.33
531.44	1221.92
531.64	1224.58
531.84	1227.37
532.05	1221.22
532.25	1219.20
532.45	1217.19
532.66	1221.27
532.86	1218.40
533.06	1225.18
533.27	1219.77
533.47	1226.04
533.67	1220.57
533.88	1227.33
534.08	1218.17
534.28	1232.80
534.49	1217.15
534.69	1221.92
534.89	1232.61
535.09	1233.84
535.30	1220.57
535.50	1224.89
535.70	1227.14
535.91	1228.25
536.11	1222.00
536.31	1229.89
536.52	1215.02
536.72	1222.74
536.92	1224.26
537.13	1230.52
537.33	1222.31
537.53	1231.85
537.74	1215.98
537.94	1228.58
538.14	1217.66
538.34	1224.73
538.55	1215.45
538.75	1222.78
538.95	1215.29
539.16	1226.98
539.36	1222.29
539.56	1216.55
539.77	1220.20
539.97	1230.54
540.17	1216.68
540.37	1218.48
540.58	1215.94
540.78	1228.56
540.98	1223.40
541.19	1227.25
541.39	1222.13
541.59	1228.31
541.79	1222.43
542.00	1223.74
542.20	1216.92
542.40	1227.94
542.60	1219.69
542.81	1223.35
543.01	1224.07
543.21	1222.02
543.42	1220.98
543.62	1228.70
543.82	1230.15
544.02	1220.14
544.23	1215.92
544.43	1223.33
544.63	1223.74
544.83	1229.68
545.04	1219.89
545.24	1217.74
545.44	1218.48
545.64	1227.27
545.85	1217.72
546.05	1221.04
546.25	1223.21
546.45	1221.24
546.66	1219.97
546.86	1221.92
547.06	1218.58
547.27	1228.08
547.47	1223.19
547.67	1233.96
547.87	1220.63
548.07	1228.72
548.28	1215.76
548.48	1231.69
548.68	1219.40
548.88	1232.59
549.09	1220.73
549.29	1223.99
549.49	1213.79
549.69	1225.79
549.90	1223.48
550.10	1221.45
550.30	1218.64
550.50	1222.31
550.71	1221.65
550.91	1223.23
551.11	1219.36
551.31	1219.85
551.51	1216.84
551.72	1223.27
551.92	1214.57
552.12	1222.90
552.32	1216.70
552.53	1225.65
552.73	1219.26
552.93	1218.89
553.13	1222.92
553.33	1228.64
553.54	1219.52
553.74	1230.93
553.94	1217.62
554.14	1226.82
554.35	1217.62
554.55	1227.96
554.75	1216.12
554.95	1222.15
555.15	1222.15
555.36	1220.53
555.56	1218.28
555.76	1222.70
555.96	1220.65
556.16	1220.63
556.37	1223.93
556.57	1216.29
556.77	1222.80
556.97	1223.72
557.17	1217.62
557.38	1231.51
557.58	1221.27
557.78	1229.13
557.98	1216.35
558.18	1225.03
558.38	1215.16
558.59	1219.34
558.79	1226.63
558.99	1228.02
559.19	1225.73
559.39	1226.08
559.60	1214.73
559.80	1232.18
560.00	1223.21
560.20	1229.11
560.40	1218.87
560.60	1218.89
560.81	1222.68
561.01	1222.37
561.21	1215.29
561.41	1232.77
561.61	1220.26
561.81	1222.31
562.02	1220.94
562.22	1225.79
562.42	1222.64
562.62	1214.16
562.82	1216.82
563.02	1223.23
563.23	1220.18
563.43	1227.96
563.63	1221.92
563.83	1227.90
564.03	1225.65
564.23	1225.05
564.43	1218.64
564.64	1224.54
564.84	1212.99
565.04	1223.01
565.24	1215.24
565.44	1225.85
565.64	1214.45
565.85	1225.38
566.05	1215.37
566.25	1228.78
566.45	1229.60
566.65	1225.69
566.85	1214.32
567.05	1224.83
567.25	1220.61
567.46	1225.18
567.66	1220.32
567.86	1230.71
568.06	1213.44
568.26	1229.05
568.46	1221.63
568.66	1219.61
568.86	1226.94
569.07	1228.86
569.27	1218.52
569.47	1220.71
569.67	1222.60
569.87	1221.70
570.07	1221.76
570.27	1226.82
570.47	1220.10
570.68	1226.26
570.88	1216.02
571.08	1227.63
571.28	1215.00
571.48	1225.96
571.68	1221.12
571.88	1230.89
572.08	1217.60
572.28	1225.07
572.49	1223.74
572.69	1228.64
572.89	1220.12
573.09	1227.22
573.29	1224.46
573.49	1227.57
573.69	1224.79
573.89	1229.05
574.09	1222.02
574.29	1231.36
574.50	1220.26
574.70	1225.93
574.90	1220.20
575.10	1221.70
575.30	1219.83
575.50	1225.12
575.70	1218.36
575.90	1223.37
576.10	1218.87
576.30	1225.48
576.50	1219.28
576.70	1225.16
576.91	1218.05
577.11	1227.14
577.31	1220.12
577.51	1225.22
577.71	1218.99
577.91	1218.81
578.11	1218.93
578.31	1227.90
578.51	1214.53
578.71	1221.18
578.91	1218.91
579.11	1219.24
579.31	1224.91
579.51	1225.20
579.71	1220.43
579.92	1226.08
580.12	1219.79
580.32	1219.44
580.52	1221.82
580.72	1221.37
580.92	1219.97
581.12	1222.62
581.32	1223.15
581.52	1218.05
581.72	1212.93
581.92	1229.93
582.12	1224.32
582.32	1219.83
582.52	1210.72
582.72	1228.78
582.92	1213.75
583.12	1226.08
583.32	1219.85
583.52	1225.85
583.72	1219.57
583.92	1219.54
584.12	1217.58
584.33	1225.30
584.53	1212.91
584.73	1221.43
584.93	1217.85
585.13	1220.24
585.33	1217.21
585.53	1220.00
585.73	1219.38
585.93	1220.28
586.13	1220.16
586.33	1228.15
586.53	1227.63
586.73	1224.87
586.93	1222.37
587.13	1222.86
587.33	1219.97
587.53	1222.68
587.73	1218.21
587.93	1226.75
588.13	1223.80
588.33	1221.45
588.53	1221.53
588.73	1224.91
588.93	1210.35
589.13	1228.33
589.33	1217.31
589.53	1226.75
589.73	1222.74
589.93	1223.72
590.13	1221.47
590.33	1225.01
590.53	1226.02
590.73	1223.56
590.93	1218.23
591.13	1223.52
591.33	1218.97
591.53	1232.75
591.73	1226.98
591.93	1221.84
592.13	1219.26
592.33	1230.19
592.53	1223.29
592.73	1227.65
592.93	1219.28
593.13	1227.06
593.33	1218.64
593.53	1220.22
593.73	1217.44
593.93	1222.29
594.13	1221.16
594.33	1221.92
594.53	1216.70
594.73	1222.84
594.92	1217.19
595.12	1220.79
595.32	1221.57
595.52	1228.45
595.72	1223.21
595.92	1226.65
596.12	1218.52
596.32	1224.23
596.52	1218.85
596.72	1224.03
596.92	1215.74
597.12	1222.27
597.32	1215.45
597.52	1224.44
597.72	1216.25
597.92	1225.77
598.12	1219.14
598.32	1227.39
598.52	1223.68
598.72	1221.88
598.92	1219.54
599.12	1233.04
599.31	1218.58
599.51	1227.80
599.71	1214.86
599.91	1220.18
600.11	1222.43
600.31	1227.14
600.51	1222.41
600.71	1224.58
600.91	1210.92
601.11	1228.66
601.31	1224.42
601.51	1221.88
601.71	1218.23
601.91	1225.16
602.10	1214.22
602.30	1227.35
602.50	1212.05
602.70	1221.74
602.90	1217.31
603.10	1229.83
603.30	1216.25
603.50	1229.29
603.70	1218.34
603.90	1217.19
604.10	1227.29
604.30	1228.56
604.49	1210.45
604.69	1224.46
604.89	1213.20
605.09	1228.25
605.29	1216.27
605.49	1224.97
605.69	1220.84
605.89	1224.83
606.09	1217.54
606.29	1216.29
606.48	1219.05
606.68	1226.63
606.88	1218.07
607.08	1219.81
607.28	1216.68
607.48	1221.12
607.68	1220.26
607.88	1224.75
608.08	1226.73
608.27	1221.22
608.47	1225.28
608.67	1226.45
608.87	1212.42
609.07	1228.92
609.27	1221.59
609.47	1230.15
609.67	1225.55
609.87	1227.29
610.06	1217.58
610.26	1228.23
610.46	1216.00
610.66	1219.09
610.86	1220.84
611.06	1228.11
611.26	1222.49
611.45	1233.88
611.65	1221.72
611.85	1220.81
612.05	1219.93
612.25	1226.92
612.45	1218.75
612.65	1234.19
612.84	1213.40
613.04	1220.75
613.24	1215.39
613.44	1221.92
613.64	1220.59
613.84	1233.29
614.04	1221.88
614.23	1225.12
614.43	1217.44
614.63	1225.34
614.83	1220.10
615.03	1231.22
615.23	1221.04
615.42	1227.41
615.62	1215.55
615.82	1222.25
616.02	1217.87
616.22	1218.97
616.42	1218.30
616.61	1232.39
616.81	1217.93
617.01	1228.00
617.21	1213.54
617.41	1224.99
617.61	1217.25
617.80	1221.04
618.00	1218.60
618.20	1227.59
618.40	1216.47
618.60	1229.54
618.80	1212.77
618.99	1226.61
619.19	1220.51
619.39	1223.09
619.59	1222.49
619.79	1225.57
619.98	1209.28
620.18	1227.33
620.38	1219.05
620.58	1223.85
620.78	1221.02
620.97	1226.04
621.17	1214.75
621.37	1222.58
621.57	1216.96
621.77	1220.20
621.96	1222.29
622.16	1227.25
622.36	1220.12
622.56	1221.80
622.76	1214.22
622.95	1225.36
623.15	1217.60
623.35	1216.51
623.55	1214.02
623.75	1223.66
623.94	1215.78
624.14	1228.31
624.34	1218.87
624.54	1228.21
624.73	1221.27
624.93	1229.70
625.13	1220.71
625.33	1220.16
625.53	1221.06
625.72	1223.78
625.92	1215.10
626.12	1224.75
626.32	1215.65
626.51	1228.58
626.71	1217.11
626.91	1229.07
627.11	1215.43
627.30	1224.73
627.50	1214.40
627.70	1220.20
627.90	1210.10
628.10	1226.16
628.29	1221.51
628.49	1224.09
628.69	1221.10
628.89	1228.13
629.08	1219.05
629.28	1223.29
629.48	1221.00
629.68	1226.45
629.87	1215.69
630.07	1215.94
630.27	1217.97
630.47	1223.40
630.66	1218.07
630.86	1221.37
631.06	1217.52
631.25	1224.77
631.45	1222.25
631.65	1229.23
631.85	1213.26
632.04	1226.86
632.24	1213.59
632.44	1225.16
632.64	1215.37
632.83	1225.03
633.03	1215.47
633.23	1219.69
633.42	1215.33
633.62	1229.38
633.82	1220.55
634.02	1218.99
634.21	1222.62
634.41	1221.61
634.61	1218.09
634.81	1226.65
635.00	1221.78
635.20	1228.04
635.40	1219.14
635.59	1220.47
635.79	1212.89
635.99	1225.28
636.18	1219.61
636.38	1224.75
636.58	1214.42
636.78	1222.33
636.97	1216.51
637.17	1221.47
637.37	1222.19
637.56	1229.42
637.76	1216.08
637.96	1220.26
638.15	1222.13
638.35	1228.66
638.55	1223.99
638.74	1226.75
638.94	1224.83
639.14	1228.43
639.34	1222.60
639.53	1224.79
639.73	1219.09
639.93	1226.55
640.12	1219.11
640.32	1225.01
640.52	1217.87
640.71	1219.52
640.91	1214.38
641.11	1226.41
641.30	1219.89
641.50	1227.70
641.70	1216.33
641.89	1225.81
642.09	1221.57
642.29	1224.26
642.48	1216.60
642.68	1221.65
642.88	1216.02
643.07	1224.40
643.27	1219.52
643.47	1222.53
643.66	1210.78
643.86	1232.02
644.06	1220.28
644.25	1218.62
644.45	1218.99
644.65	1227.65
644.84	1217.82
645.04	1222.02
645.23	1223.89
645.43	1223.85
645.63	1213.91
645.82	1227.47
646.02	1218.83
646.22	1228.64
646.41	1224.77
646.61	1226.49
646.81	1218.99
647.00	1221.08
647.20	1215.51
647.39	1221.72
647.59	1217.89
647.79	1223.76
647.98	1217.56
648.18	1225.18
648.38	1219.28
648.57	1226.57
648.77	1226.71
648.96	1228.29
649.16	1221.88
649.36	1231.24
649.55	1215.67
649.75	1223.23
649.95	1219.24
650.14	1225.91
650.34	1221.41
650.53	1231.07
650.73	1215.94
650.93	1223.83
651.12	1221.16
651.32	1226.39
651.51	1223.11
651.71	1224.28
651.91	1223.01
652.10	1222.64
652.30	1209.98
652.49	1227.47
652.69	1222.51
652.89	1220.57
653.08	1207.58
653.28	1225.34
653.47	1225.30
653.67	1224.60
653.86	1222.64
654.06	1226.92
654.26	1217.64
654.45	1223.27
654.65	1217.78
654.84	1222.17
655.04	1219.79
655.24	1226.67
655.43	1222.62
655.63	1226.00
655.82	1216.31
656.02	1219.65
656.21	1222.08
656.41	1227.55
656.61	1218.52
656.80	1225.44
657.00	1215.96
657.19	1224.46
657.39	1219.52
657.58	1223.56
657.78	1222.84
657.97	1223.70
658.17	1217.80
658.37	1223.66
658.56	1216.08
658.76	1230.01
658.95	1226.86
659.15	1224.44
659.34	1218.54
659.54	1229.29
659.73	1226.47
659.93	1228.88
660.13	1222.13
660.32	1227.37
660.52	1214.90
660.71	1224.77
660.91	1220.04
661.10	1222.74
661.30	1219.57
661.49	1222.72
661.69	1219.44
661.88	1227.39
662.08	1213.09
662.27	1231.75
662.47	1223.25
662.66	1223.11
662.86	1217.29
663.06	1221.98
663.25	1218.38
663.45	1226.06
663.64	1217.46
663.84	1229.78
664.03	1213.20
664.23	1229.03
664.42	1222.35
664.62	1222.88
664.81	1215.22
665.01	1218.30
665.20	1221.76
665.40	1228.19
665.59	1218.85
665.79	1224.71
665.98	1215.06
666.18	1228.00
666.37	1214.57
666.57	1221.86
666.76	1220.86
666.96	1221.92
667.15	1219.46
667.35	1227.31
667.54	1216.62
667.74	1230.75
667.93	1222.76
668.13	1225.38
668.32	1217.39
668.52	1226.96
668.71	1222.23
668.91	1223.66
669.10	1218.81
669.30	1229.23
669.49	1221.29
669.68	1233.76
669.88	1219.42
670.07	1231.03
670.27	1211.17
670.46	1226.65
670.66	1223.13
670.85	1224.13
671.05	1217.54
671.24	1226.69
671.44	1215.26
671.63	1223.48
671.83	1217.97
672.02	1224.01
672.22	1211.99
672.41	1227.27
672.60	1224.26
672.80	1228.76
672.99	1212.81
673.19	1220.86
673.38	1218.62
673.58	1225.63
673.77	1220.00
673.97	1217.99
674.16	1216.49
674.36	1231.26
674.55	1214.71
674.74	1225.18
674.94	1217.03
675.13	1221.45
675.33	1222.66
675.52	1227.98
675.72	1213.22
675.91	1220.73
676.10	1220.61
676.30	1228.17
676.49	1215.00
676.69	1226.04
676.88	1229.33
677.08	1231.55
677.27	1218.99
677.46	1223.15
677.66	1215.59
677.85	1226.14
678.05	1219.05
678.24	1228.76
678.44	1218.99
678.63	1225.85
678.82	1220.67
679.02	1224.21
679.21	1223.11
679.41	1217.07
679.60	1222.31
679.79	1222.19
679.99	1215.72
680.18	1227.45
680.38	1211.68
680.57	1229.19
680.76	1220.63
680.96	1221.55
681.15	1221.80
681.35	1226.79
681.54	1215.00
681.73	1231.46
681.93	1220.98
682.12	1233.66
682.32	1216.29
682.51	1222.17
682.70	1218.54
682.90	1231.24
683.09	1217.44
683.29	1224.30
683.48	1217.56
683.67	1231.28
683.87	1220.20
684.06	1228.56
684.25	1216.66
684.45	1230.11
684.64	1219.09
684.84	1224.97
685.03	1223.48
685.22	1230.79
685.42	1217.27
685.61	1223.52
685.80	1218.17
686.00	1224.83
686.19	1219.28
686.38	1227.72
686.58	1213.11
686.77	1225.38
686.96	1216.55
687.16	1227.18
687.35	1216.82
687.55	1222.66
687.74	1219.22
687.93	1223.58
688.13	1226.94
688.32	1222.29
688.51	1212.83
688.71	1224.56
688.90	1217.95
689.09	1223.11
689.29	1220.71
689.48	1218.54
689.67	1225.93
689.87	1226.67
690.06	1223.37
690.25	1218.56
690.45	1216.23
690.64	1226.18
690.83	1216.21
691.03	1220.88
691.22	1212.91
691.41	1226.92
691.61	1226.53
691.80	1228.72
691.99	1218.89
692.19	1227.82
692.38	1215.35
692.57	1226.49
692.76	1220.67
692.96	1225.69
693.15	1218.54
693.34	1221.29
693.54	1220.57
693.73	1232.65
693.92	1216.31
694.12	1227.00
694.31	1217.46
694.50	1216.92
694.70	1216.45
694.89	1226.94
695.08	1224.54
695.27	1224.97
695.47	1211.66
695.66	1231.83
695.85	1220.57
696.05	1227.00
696.24	1213.59
696.43	1223.85
696.62	1224.17
696.82	1227.49
697.01	1213.52
697.20	1217.09
697.40	1215.16
697.59	1226.88
697.78	1217.07
697.97	1222.04
698.17	1215.72
698.36	1225.69
698.55	1217.29
698.74	1235.17
698.94	1216.53
699.13	1223.13
699.32	1214.10
699.52	1219.85
699.71	1220.51
699.90	1222.45
700.09	1221.22
700.29	1229.27
700.48	1220.77
700.67	1222.60
700.86	1220.69
701.06	1227.53
701.25	1226.47
701.44	1227.02
701.63	1225.57
701.83	1226.84
702.02	1215.55
702.21	1223.35
702.40	1219.50
702.60	1224.15
702.79	1219.22
702.98	1220.55
703.17	1221.37
703.37	1223.58
703.56	1223.62
703.75	1225.61
703.94	1224.01
704.13	1221.51
704.33	1215.16
704.52	1226.34
704.71	1224.83
704.90	1225.26
705.10	1218.23
705.29	1225.38
705.48	1221.37
705.67	1228.64
705.86	1220.75
706.06	1224.77
706.25	1218.68
706.44	1224.28
706.63	1222.02
706.83	1226.53
707.02	1221.39
707.21	1221.35
707.40	1213.13
707.59	1220.34
707.79	1217.05
707.98	1220.24
708.17	1225.07
708.36	1224.83
708.55	1217.09
708.75	1231.28
708.94	1226.22
709.13	1226.08
709.32	1212.03
709.51	1228.00
709.71	1218.09
709.90	1224.99
710.09	1219.93
710.28	1220.96
710.47	1226.18
710.66	1223.56
710.86	1218.56
711.05	1221.43
711.24	1224.93
711.43	1224.95
711.62	1219.71
711.82	1230.58
712.01	1212.30
712.20	1220.55
712.39	1214.90
712.58	1228.08
712.77	1220.94
712.97	1219.87
713.16	1220.32
713.35	1227.86
713.54	1223.74
713.73	1228.00
713.92	1217.19
714.11	1229.60
714.31	1217.05
714.50	1222.88
714.69	1214.14
714.88	1222.06
715.07	1221.31
715.26	1226.98
715.46	1219.65
715.65	1223.48
715.84	1218.93
716.03	1226.28
716.22	1221.47
716.41	1223.52
716.60	1222.99
716.80	1226.79
716.99	1222.90
717.18	1223.40
717.37	1216.90
717.56	1222.06
717.75	1218.99
717.94	1225.07
718.13	1219.87
718.33	1224.01
718.52	1222.92
718.71	1226.12
718.90	1218.54
719.09	1225.81
719.28	1223.35
719.47	1228.80
719.66	1225.05
719.85	1224.89
720.05	1207.40
720.24	1222.31
720.43	1217.66
720.62	1221.72
720.81	1215.39
721.00	1232.14
721.19	1219.75
721.38	1228.37
721.57	1212.54
721.77	1223.95
721.96	1222.78
722.15	1227.29
722.34	1219.81
722.53	1225.79
722.72	1214.30
722.91	1223.01
723.10	1215.35
723.29	1232.45
723.48	1214.06
723.67	1225.55
723.87	1218.77
724.06	1227.90
724.25	1217.13
724.44	1224.05
724.63	1222.60
724.82	1227.16
725.01	1218.85
725.20	1223.50
725.39	1222.68
725.58	1222.21
725.77	1220.86
725.96	1223.31
726.15	1221.04
726.34	1228.45
726.54	1219.11
726.73	1227.10
726.92	1219.03
727.11	1230.79
727.30	1218.93
727.49	1227.43
727.68	1221.39
727.87	1226.18
728.06	1219.59
728.25	1217.25
728.44	1219.24
728.63	1228.27
728.82	1220.43
729.01	1226.96
729.20	1223.11
729.39	1224.30
729.58	1212.58
729.77	1227.12
729.96	1215.26
730.15	1221.29
730.34	1219.50
730.53	1217.97
730.73	1218.64
730.92	1224.54
731.11	1220.28
731.30	1222.45
731.49	1220.38
731.68	1224.03
731.87	1220.04
732.06	1227.92
732.25	1219.52
732.44	1226.20
732.63	1220.63
732.82	1223.42
733.01	1217.58
733.20	1222.19
733.39	1218.21
733.58	1229.58
733.77	1214.14
733.96	1231.16
734.15	1223.85
734.34	1218.97
734.53	1215.41
734.72	1224.54
734.91	1214.69
735.10	1233.20
735.29	1215.74
735.48	1222.43
735.67	1214.42
735.86	1229.23
736.05	1219.69
736.24	1226.47
736.43	1220.59
736.62	1229.66
736.81	1213.81
737.00	1239.21
737.19	1221.20
737.38	1222.90
737.57	1219.26
737.76	1225.55
737.95	1226.12
738.14	1225.16
738.33	1213.71
738.51	1226.53
738.70	1215.51
738.89	1230.11
739.08	1218.56
739.27	1227.55
739.46	1211.54
739.65	1217.89
739.84	1221.90
740.03	1221.82
740.22	1222.74
740.41	1226.00
740.60	1216.27
740.79	1226.32
740.98	1220.49
741.17	1227.86
741.36	1219.54
741.55	1223.48
741.74	1224.48
741.93	1230.09
742.12	1221.49
742.31	1226.53
742.50	1205.13
742.68	1228.45
742.87	1215.41
743.06	1224.26
743.25	1222.37
743.44	1229.81
743.63	1211.37
743.82	1228.76
744.01	1214.88
744.20	1226.79
744.39	1215.20
744.58	1227.20
744.77	1216.72
744.96	1224.32
745.14	1224.75
745.33	1224.52
745.52	1220.04
745.71	1230.03
745.90	1214.57
746.09	1228.00
746.28	1224.95
746.47	1226.28
746.66	1215.14
746.85	1221.72
747.04	1219.42
747.22	1221.47
747.41	1216.41
747.60	1221.14
747.79	1218.93
747.98	1227.76
748.17	1221.31
748.36	1221.31
748.55	1221.41
748.74	1231.14
748.93	1215.45
749.11	1226.65
749.30	1211.78
749.49	1228.66
749.68	1217.74
749.87	1219.16
750.06	1221.76
750.25	1224.19
750.44	1217.54
750.62	1224.56
750.81	1219.44
751.00	1222.94
751.19	1220.08
751.38	1225.89
751.57	1223.60
751.76	1227.63
751.95	1221.43
752.13	1228.02
752.32	1222.66
752.51	1230.36
752.70	1219.97
752.89	1225.59
753.08	1217.80
753.27	1223.01
753.45	1215.82
753.64	1227.37
753.83	1218.64
754.02	1227.25
754.21	1222.76
754.40	1220.86
754.58	1221.59
754.77	1225.63
754.96	1217.44
755.15	1226.24
755.34	1217.62
755.53	1226.00
755.71	1218.15
755.90	1225.09
756.09	1213.48
756.28	1216.58
756.47	1218.17
756.66	1223.83
756.84	1221.43
757.03	1231.40
757.22	1216.29
757.41	1225.22
757.60	1219.03
757.79	1226.73
757.97	1215.92
758.16	1220.28
758.35	1221.14
758.54	1227.76
758.73	1226.16
758.91	1219.89
759.10	1219.85
759.29	1226.92
759.48	1224.19
759.67	1229.70
759.85	1222.74
760.04	1222.19
760.23	1216.64
760.42	1225.38
760.61	1221.55
760.79	1226.28
760.98	1214.28
761.17	1227.00
761.36	1211.99
761.55	1224.17
761.73	1223.11
761.92	1223.05
762.11	1219.09
762.30	1227.06
762.49	1219.83
762.67	1228.02
762.86	1224.11
763.05	1230.81
763.24	1214.20
763.42	1228.97
763.61	1217.03
763.80	1222.15
763.99	1220.10
764.17	1217.95
764.36	1218.36
764.55	1224.60
764.74	1216.82
764.92	1225.50
765.11	1230.99
765.30	1229.09
765.49	1224.19
765.68	1229.99
765.86	1213.91
766.05	1226.20
766.24	1219.89
766.43	1223.48
766.61	1213.99
766.80	1223.93
766.99	1218.77
767.17	1222.27
767.36	1217.60
767.55	1226.26
767.74	1220.71
767.92	1222.76
768.11	1217.60
768.30	1220.79
768.49	1221.33
768.67	1222.62
768.86	1222.04
769.05	1222.97
769.24	1221.94
769.42	1220.81
769.61	1218.46
769.80	1227.82
769.98	1213.20
770.17	1222.35
770.36	1212.13
770.55	1222.68
770.73	1209.26
770.92	1228.92
771.11	1216.58
771.29	1221.14
771.48	1221.29
771.67	1221.55
771.86	1217.01
772.04	1226.88
772.23	1219.07
772.42	1224.01
772.60	1218.13
772.79	1223.13
772.98	1219.38
773.16	1222.08
773.35	1217.70
773.54	1226.53
773.72	1220.61
773.91	1217.72
774.10	1218.73
774.29	1226.34
774.47	1220.16
774.66	1233.04
774.85	1217.89
775.03	1224.13
775.22	1218.87
775.41	1223.48
775.59	1217.66
775.78	1228.15
775.97	1226.73
776.15	1220.88
776.34	1219.87
776.53	1220.79
776.71	1214.63
776.90	1222.76
777.09	1219.03
777.27	1227.90
777.46	1221.37
777.65	1226.90
777.83	1222.86
778.02	1220.30
778.21	1226.69
778.39	1226.88
778.58	1214.28
778.76	1218.68
778.95	1210.43
779.14	1225.44
779.32	1215.12
779.51	1225.98
779.70	1225.01
779.88	1228.68
780.07	1219.79
780.26	1220.43
780.44	1213.32
780.63	1227.72
780.81	1215.08
781.00	1227.98
781.19	1225.89
781.37	1224.38
781.56	1220.12
781.75	1218.38
781.93	1215.22
782.12	1229.58
782.30	1215.67
782.49	1226.49
782.68	1223.50
782.86	1226.84
783.05	1215.29
783.23	1224.34
783.42	1219.07
783.61	1225.93
783.79	1222.19
783.98	1219.59
784.16	1216.72
784.35	1229.27
784.54	1227.37
784.72	1220.30
784.91	1215.92
785.09	1226.86
785.28	1220.71
785.47	1226.96
785.65	1220.75
785.84	1231.44
786.02	1220.38
786.21	1234.27
786.40	1219.24
786.58	1220.88
786.77	1218.68
786.95	1218.68
787.14	1224.19
787.32	1226.82
787.51	1228.49
787.70	1223.05
787.88	1223.01
788.07	1227.39
788.25	1212.89
788.44	1223.50
788.62	1223.93
788.81	1217.05
789.00	1211.00
789.18	1220.77
789.37	1219.24
789.55	1220.00
789.74	1212.62
789.92	1224.95
790.11	1215.02
790.29	1227.86
790.48	1211.58
790.67	1221.94
790.85	1218.25
791.04	1228.31
791.22	1218.83
791.41	1225.16
791.59	1214.42
791.78	1228.33
791.96	1222.15
792.15	1225.05
792.33	1215.74
792.52	1233.31
792.70	1212.64
792.89	1227.74
793.07	1216.66
793.26	1226.04
793.45	1219.11
793.63	1225.07
793.82	1219.42
794.00	1220.75
794.19	1224.40
794.37	1222.78
794.56	1223.91
794.74	1226.18
794.93	1216.04
795.11	1219.63
795.30	1223.27
795.48	1222.76
795.67	1220.51
795.85	1226.22
796.04	1216.43
796.22	1222.23
796.41	1218.13
796.59	1225.83
796.78	1217.46
796.96	1224.97
797.15	1220.53
797.33	1223.62
797.52	1218.01
797.70	1223.46
797.89	1222.19
798.07	1223.46
798.26	1224.77
798.44	1223.80
798.63	1222.66
798.81	1219.63
798.99	1216.58
799.18	1216.53
799.36	1221.96
799.55	1217.62
799.73	1214.08
799.92	1228.06
800.10	1220.02
800.29	1224.15
800.47	1217.91
800.66	1226.00
800.84	1216.58
801.03	1226.61
801.21	1219.26
801.39	1225.36
801.58	1222.86
801.76	1227.16
801.95	1216.04
802.13	1224.30
802.32	1213.99
802.50	1228.56
802.69	1218.56
802.87	1222.45
803.06	1215.80
803.24	1224.79
803.42	1217.87
803.61	1225.96
803.79	1218.79
803.98	1223.35
804.16	1224.30
804.35	1225.85
804.53	1220.14
804.71	1226.88
804.90	1220.06
805.08	1220.00
805.27	1218.01
805.45	1217.87
805.63	1216.64
805.82	1225.34
806.00	1220.73
806.19	1225.75
806.37	1221.92
806.56	1219.95
806.74	1224.34
806.92	1224.93
807.11	1214.08
807.29	1225.48
807.48	1214.47
807.66	1225.91
807.84	1217.80
808.03	1234.17
808.21	1218.89
808.40	1224.50
808.58	1215.10
808.76	1227.98
808.95	1213.73
809.13	1224.89
809.32	1218.87
809.50	1229.15
809.68	1220.51
809.87	1220.04
810.05	1221.39
810.23	1224.48
810.42	1218.03
810.60	1219.77
810.79	1218.01
810.97	1230.50
811.15	1220.71
811.34	1225.81
811.52	1223.66
811.70	1226.06
811.89	1222.72
812.07	1227.51
812.25	1213.83
812.44	1215.18
812.62	1218.52
812.81	1226.22
812.99	1220.94
813.17	1222.74
813.36	1220.65
813.54	1226.67
813.72	1221.80
813.91	1227.84
814.09	1216.12
814.27	1223.33
814.46	1214.77
814.64	1222.99
814.82	1219.44
815.01	1218.38
815.19	1217.91
815.37	1221.51
815.56	1231.30
815.74	1228.78
815.92	1223.29
816.11	1225.30
816.29	1218.17
816.47	1218.62
816.66	1219.14
816.84	1224.91
817.02	1218.09
817.21	1224.95
817.39	1220.06
817.57	1227.10
817.76	1214.42
817.94	1230.32
818.12	1218.46
818.30	1224.19
818.49	1217.25
818.67	1234.27
818.85	1214.77
819.04	1231.53
819.22	1215.35
819.40	1225.50
819.59	1226.47
819.77	1229.48
819.95	1231.32
820.13	1225.89
820.32	1213.91
820.50	1221.51
820.68	1217.23
820.87	1227.10
821.05	1217.37
821.23	1236.73
821.41	1216.00
821.60	1216.76
821.78	1219.16
821.96	1222.82
822.14	1218.89
822.33	1223.13
822.51	1222.29
822.69	1226.14
822.88	1219.57
823.06	1219.18
823.24	1209.61
823.42	1216.25
823.61	1224.28
823.79	1221.24
823.97	1216.10
824.15	1225.07
824.34	1214.04
824.52	1222.58
824.70	1225.36
824.88	1227.59
825.07	1224.66
825.25	1221.24
825.43	1216.72
825.61	1228.80
825.80	1216.02
825.98	1224.19
826.16	1213.24
826.34	1230.67
826.53	1219.73
826.71	1227.06
826.89	1231.44
827.07	1217.62
827.25	1215.47
827.44	1225.61
827.62	1218.34
827.80	1232.20
827.98	1212.97
828.17	1217.99
828.35	1224.95
828.53	1232.30
828.71	1216.37
828.89	1224.07
829.08	1216.76
829.26	1220.06
829.44	1216.10
829.62	1227.84
829.80	1215.88
829.99	1229.33
830.17	1217.37
830.35	1225.63
830.53	1221.12
830.71	1229.19
830.90	1218.38
831.08	1217.60
831.26	1217.52
831.44	1225.83
831.62	1215.98
831.81	1223.23
831.99	1226.00
832.17	1218.85
832.35	1224.73
832.53	1231.65
832.71	1220.12
832.90	1224.13
833.08	1216.51
833.26	1225.50
833.44	1216.41
833.62	1219.36
833.81	1216.94
833.99	1222.92
834.17	1219.63
834.35	1231.75
834.53	1221.92
834.71	1228.35
834.89	1219.11
835.08	1221.80
835.26	1220.24
835.44	1221.84
835.62	1217.66
835.80	1223.58
835.98	1219.83
836.17	1225.98
836.35	1216.19
836.53	1216.12
836.71	1222.27
836.89	1219.05
837.07	1225.63
837.25	1228.60
837.44	1215.33
837.62	1226.34
837.80	1217.89
837.98	1230.85
838.16	1222.76
838.34	1225.24
838.52	1215.33
838.70	1224.60
838.89	1211.31
839.07	1230.34
839.25	1209.20
839.43	1225.07
839.61	1219.46
839.79	1222.10
839.97	1220.22
840.15	1224.56
840.33	1218.87
840.52	1223.68
840.70	1220.47
840.88	1227.41
841.06	1214.24
841.24	1221.06
841.42	1216.45
841.60	1220.67
841.78	1218.50
841.96	1222.88
842.14	1222.51
842.33	1226.90
842.51	1224.32
842.69	1227.25
842.87	1215.92
843.05	1226.24
843.23	1213.11
843.41	1225.09
843.59	1227.37
843.77	1219.14
843.95	1217.23
844.13	1227.59
844.31	1217.60
844.49	1221.90
844.68	1222.76
844.86	1226.26
845.04	1220.53
845.22	1219.30
845.40	1212.40
845.58	1225.65
845.76	1221.98
845.94	1227.96
846.12	1216.41
846.30	1226.18
846.48	1216.58
846.66	1224.50
846.84	1216.35
847.02	1221.78
847.20	1207.97
847.38	1228.64
847.56	1217.21
847.74	1228.23
847.92	1217.46
848.11	1223.46
848.29	1218.36
848.47	1222.58
848.65	1218.07
848.83	1231.51
849.01	1218.60
849.19	1226.18
849.37	1217.97
849.55	1227.37
849.73	1215.80
849.91	1222.82
850.09	1217.82
850.27	1224.42
850.45	1219.46
850.63	1220.90
850.81	1221.80
850.99	1225.69
851.17	1214.34
851.35	1227.76
851.53	1217.78
851.71	1222.06
851.89	1221.14
852.07	1222.60
852.25	1220.53
852.43	1222.13
852.61	1218.15
852.79	1223.11
852.97	1218.91
853.15	1225.16
853.33	1217.66
853.51	1220.04
853.69	1219.67
853.87	1222.23
854.05	1225.26
854.23	1230.17
854.41	1221.70
854.59	1220.32
854.77	1218.11
854.95	1225.67
855.13	1222.53
855.31	1231.46
855.49	1215.65
855.67	1227.10
855.84	1217.33
856.02	1224.58
856.20	1221.72
856.38	1222.23
856.56	1215.35
856.74	1230.58
856.92	1222.99
857.10	1224.54
857.28	1219.30
857.46	1228.21
857.64	1221.65
857.82	1226.84
858.00	1213.75
858.18	1223.35
858.36	1220.02
858.54	1222.21
858.72	1220.75
858.90	1225.91
859.08	1224.28
859.25	1222.19
859.43	1214.49
859.61	1229.54
859.79	1219.32
859.97	1224.95
860.15	1219.63
860.33	1224.97
860.51	1219.38
860.69	1223.17
860.87	1217.68
861.05	1228.92
861.23	1220.41
861.41	1219.65
861.58	1215.63
861.76	1223.19
861.94	1219.22
862.12	1225.73
862.30	1222.19
862.48	1223.40
862.66	1217.72
862.84	1224.71
863.02	1221.96
863.20	1223.62
863.37	1217.23
863.55	1226.16
863.73	1220.06
863.91	1230.11
864.09	1219.30
864.27	1228.74
864.45	1223.07
864.63	1226.96
864.80	1220.92
864.98	1228.92
865.16	1216.58
865.34	1225.28
865.52	1224.73
865.70	1225.65
865.88	1216.41
866.06	1226.65
866.23	1219.38
866.41	1226.90
866.59	1221.51
866.77	1227.57
866.95	1216.82
867.13	1222.27
867.31	1223.01
867.48	1219.57
867.66	1215.43
867.84	1219.75
868.02	1221.82
868.20	1227.53
868.38	1217.21
868.56	1233.33
868.73	1226.77
868.91	1230.64
869.09	1223.46
869.27	1229.31
869.45	1219.40
869.63	1226.22
869.80	1218.73
869.98	1221.14
870.16	1221.72
870.34	1220.59
870.52	1226.65
870.70	1226.94
870.87	1221.49
871.05	1227.25
871.23	1220.41
871.41	1222.53
871.59	1223.42
871.76	1224.71
871.94	1216.00
872.12	1226.65
872.30	1219.28
872.48	1227.59
872.65	1221.90
872.83	1225.71
873.01	1222.25
873.19	1221.20
873.37	1219.61
873.54	1222.88
873.72	1221.84
873.90	1229.23
874.08	1221.37
874.26	1226.65
874.43	1223.52
874.61	1226.55
874.79	1213.99
874.97	1232.71
875.15	1225.36
875.32	1225.44
875.50	1216.74
875.68	1226.71
875.86	1221.65
876.03	1220.20
876.21	1217.15
876.39	1223.21
876.57	1221.80
876.74	1233.70
876.92	1225.14
877.10	1224.19
877.28	1222.49
877.45	1223.78
877.63	1230.13
877.81	1226.69
877.99	1225.40
878.17	1230.01
878.34	1223.23
878.52	1224.66
878.70	1215.80
878.87	1224.99
879.05	1221.41
879.23	1226.92
879.41	1226.41
879.58	1239.06
879.76	1230.34
879.94	1222.02
880.12	1220.75
880.29	1238.35
880.47	1223.09
880.65	1225.22
880.83	1227.31
881.00	1224.28
881.18	1224.58
881.36	1234.19
881.53	1223.95
881.71	1234.43
881.89	1220.67
882.07	1228.78
882.24	1231.26
882.42	1230.19
882.60	1228.52
882.77	1231.85
882.95	1226.32
883.13	1230.07
883.30	1219.32
883.48	1224.64
883.66	1221.43
883.84	1226.75
884.01	1222.02
884.19	1229.40
884.37	1221.29
884.54	1227.00
884.72	1225.09
884.90	1224.36
885.07	1224.58
885.25	1236.75
885.43	1227.96
885.60	1229.81
885.78	1229.07
885.96	1234.50
886.13	1222.84
886.31	1229.78
886.49	1224.17
886.66	1240.99
886.84	1232.69
887.02	1230.91
887.19	1222.94
887.37	1229.68
887.55	1224.77
887.72	1234.76
887.90	1220.41
888.08	1235.99
888.25	1223.95
888.43	1234.80
888.61	1228.66
888.78	1234.76
888.96	1229.87
889.14	1233.43
889.31	1232.34
889.49	1236.69
889.67	1227.10
889.84	1244.43
890.02	1233.45
890.19	1239.76
890.37	1231.14
890.55	1244.00
890.72	1230.89
890.90	1232.96
891.08	1229.99
891.25	1242.52
891.43	1241.40
891.60	1240.74
891.78	1234.56
891.96	1241.83
892.13	1229.21
892.31	1240.45
892.48	1231.89
892.66	1244.04
892.84	1232.34
893.01	1256.78
893.19	1240.82
893.36	1246.68
893.54	1246.15
893.72	1245.19
893.89	1243.75
894.07	1253.79
894.24	1244.67
894.42	1264.54
894.60	1249.16
894.77	1251.31
894.95	1248.05
895.12	1254.26
895.30	1247.50
895.48	1247.44
895.65	1249.67
895.83	1250.55
896.00	1238.32
896.18	1251.29
896.35	1244.24
896.53	1245.23
896.71	1244.20
896.88	1256.76
897.06	1241.56
897.23	1263.56
897.41	1248.65
897.58	1254.20
897.76	1251.27
897.93	1255.51
898.11	1246.09
898.29	1251.84
898.46	1249.14
898.64	1259.71
898.81	1248.16
898.99	1254.34
899.16	1241.13
899.34	1258.52
899.51	1254.38
899.69	1252.29
899.86	1253.50
900.04	1263.02
900.21	1258.17
900.39	1261.77
900.57	1262.45
900.74	1275.91
900.92	1268.10
901.09	1273.39
901.27	1265.67
901.44	1291.02
901.62	1282.27
901.79	1298.82
901.97	1297.33
902.14	1314.94
902.32	1325.79
902.49	1351.13
902.67	1400.65
902.84	1474.84
903.02	1555.66
903.19	1697.46
903.37	1845.26
903.54	2026.34
903.72	2223.36
903.89	2432.27
904.07	2665.45
904.24	2904.27
904.42	3112.01
904.59	3327.31
904.77	3533.93
904.94	3721.36
905.12	3918.42
905.29	4065.81
905.47	4237.10
905.64	4377.31
905.82	4512.54
905.99	4636.70
906.16	4777.89
906.34	4865.32
906.51	4948.49
906.69	5033.01
906.86	5121.74
907.04	5178.21
907.21	5299.90
907.39	5348.72
907.56	5405.55
907.74	5467.67
907.91	5501.48
908.09	5509.61
908.26	5521.04
908.43	5473.28
908.61	5397.01
908.78	5269.16
908.96	5104.54
909.13	4937.39
909.31	4728.25
909.48	4516.45
909.65	4233.07
909.83	4014.74
910.00	3751.86
910.18	3548.31
910.35	3326.90
910.53	3147.32
910.70	2958.13
910.87	2816.74
911.05	2659.94
911.22	2556.52
911.40	2427.35
911.57	2349.00
911.75	2263.70
911.92	2186.78
912.09	2116.96
912.27	2073.36
912.44	2009.12
912.62	1971.66
912.79	1936.44
912.96	1910.57
913.14	1872.01
913.31	1852.98
913.49	1828.22
913.66	1814.36
913.83	1780.91
914.01	1763.73
914.18	1737.70
914.36	1722.30
914.53	1681.18
914.70	1680.69
914.88	1661.84
915.05	1649.54
915.22	1619.94
915.40	1625.00
915.57	1592.28
915.75	1590.70
915.92	1562.29
916.09	1563.89
916.27	1536.82
916.44	1528.19
916.61	1517.05
916.79	1515.50
916.96	1489.51
917.13	1489.84
917.31	1470.15
917.48	1470.40
917.66	1456.68
917.83	1457.54
918.00	1444.41
918.18	1437.55
918.35	1433.25
918.52	1432.98
918.70	1412.83
918.87	1420.70
919.04	1413.63
919.22	1430.71
919.39	1424.94
919.56	1440.87
919.74	1445.11
919.91	1459.73
920.08	1472.74
920.26	1480.54
920.43	1486.72
920.60	1501.22
920.78	1490.37
920.95	1502.84
921.12	1489.47
921.29	1499.01
921.47	1488.79
921.64	1486.11
921.81	1476.16
921.99	1474.87
922.16	1467.74
922.33	1455.74
922.51	1453.91
922.68	1452.38
922.85	1430.10
923.03	1424.30
923.20	1403.10
923.37	1401.18
923.54	1389.12
923.72	1379.53
923.89	1361.55
924.06	1360.83
924.24	1345.80
924.41	1352.68
924.58	1340.76
924.75	1332.94
924.93	1311.64
925.10	1319.34
925.27	1305.91
925.44	1313.81
925.62	1301.75
925.79	1295.09
925.96	1290.57
926.14	1290.53
926.31	1277.30
926.48	1285.98
926.65	1280.10
926.83	1277.99
927.00	1276.89
927.17	1274.14
927.34	1268.57
927.52	1255.63
927.69	1256.65
927.86	1254.61
928.03	1244.53
928.21	1247.27
928.38	1237.18
928.55	1241.56
928.72	1231.91
928.89	1238.69
929.07	1235.33
929.24	1242.69
929.41	1231.10
929.58	1239.41
929.76	1232.55
929.93	1230.64
930.10	1224.34
930.27	1235.36
930.44	1225.22
930.62	1230.93
930.79	1221.39
930.96	1239.18
931.13	1226.82
931.31	1231.67
931.48	1223.70
931.65	1232.67
931.82	1226.98
931.99	1230.77
932.17	1231.07
932.34	1232.47
932.51	1226.84
932.68	1230.46
932.85	1229.21
933.03	1239.08
933.20	1228.58
933.37	1232.49
933.54	1225.87
933.71	1229.27
933.88	1225.71
934.06	1225.12
934.23	1224.62
934.40	1238.10
934.57	1229.01
934.74	1242.81
934.91	1224.95
935.09	1231.34
935.26	1223.95
935.43	1226.82
935.60	1235.23
935.77	1227.72
935.94	1232.22
936.12	1235.07
936.29	1228.13
936.46	1232.53
936.63	1228.29
936.80	1231.42
936.97	1218.73
937.14	1229.70
937.32	1227.43
937.49	1226.08
937.66	1216.45
937.83	1229.56
938.00	1216.47
938.17	1236.26
938.34	1222.72
938.52	1229.03
938.69	1226.32
938.86	1224.21
939.03	1233.49
939.20	1222.68
939.37	1218.85
939.54	1227.61
939.71	1220.51
939.89	1224.40
940.06	1225.46
940.23	1229.29
940.40	1220.36
940.57	1235.99
940.74	1225.03
940.91	1228.41
941.08	1222.84
941.25	1227.53
941.43	1222.76
941.60	1223.44
941.77	1224.09
941.94	1224.17
942.11	1225.24
942.28	1229.74
942.45	1216.45
942.62	1218.81
942.79	1217.56
942.96	1227.68
943.13	1218.13
943.30	1221.70
943.48	1225.77
943.65	1233.10
943.82	1217.85
943.99	1232.10
944.16	1222.21
944.33	1225.57
944.50	1222.74
944.67	1229.60
944.84	1223.13
945.01	1231.18
945.18	1213.44
945.35	1228.13
945.52	1211.78
945.69	1229.81
945.86	1230.28
946.03	1231.32
946.21	1223.76
946.38	1229.35
946.55	1223.42
946.72	1231.65
946.89	1220.90
947.06	1232.10
947.23	1224.69
947.40	1227.57
947.57	1219.22
947.74	1224.23
947.91	1215.88
948.08	1234.23
948.25	1222.17
948.42	1236.75
948.59	1224.93
948.76	1229.35
948.93	1222.62
949.10	1224.85
949.27	1226.18
949.44	1227.51
949.61	1217.82
949.78	1225.61
949.95	1222.88
950.12	1231.10
950.29	1215.84
950.46	1232.02
950.63	1220.41
950.80	1225.93
950.97	1223.91
951.14	1227.80
951.31	1223.05
951.48	1234.23
951.65	1218.50
951.82	1234.02
951.99	1223.48
952.16	1233.08
952.33	1222.94
952.50	1228.88
952.67	1224.38
952.84	1228.43
953.01	1221.14
953.18	1231.12
953.35	1219.85
953.52	1221.94
953.69	1220.63
953.86	1228.13
954.03	1222.74
954.20	1226.06
954.37	1227.12
954.54	1227.76
954.70	1214.57
954.87	1227.25
955.04	1225.81
955.21	1226.49
955.38	1217.48
955.55	1220.16
955.72	1223.68
955.89	1228.88
956.06	1220.61
956.23	1230.97
956.40	1217.31
956.57	1221.90
956.74	1223.40
956.91	1226.69
957.08	1218.17
957.25	1228.54
957.41	1219.89
957.58	1218.42
957.75	1220.69
957.92	1228.17
958.09	1220.08
958.26	1228.15
958.43	1220.94
958.60	1227.04
958.77	1221.10
958.94	1228.13
959.11	1217.93
959.27	1228.06
959.44	1228.25
959.61	1225.05
959.78	1217.54
959.95	1226.32
960.12	1218.77
960.29	1230.71
960.46	1220.32
960.63	1226.18
960.80	1215.57
960.96	1228.06
961.13	1220.84
961.30	1221.22
961.47	1219.48
961.64	1222.90
961.81	1216.74
961.98	1230.50
962.15	1216.70
962.31	1220.81
962.48	1223.58
962.65	1225.63
962.82	1221.55
962.99	1230.01
963.16	1218.21
963.33	1227.82
963.49	1218.60
963.66	1233.59
963.83	1216.92
964.00	1230.97
964.17	1221.61
964.34	1232.12
964.51	1215.00
964.67	1225.93
964.84	1221.57
965.01	1235.64
965.18	1219.54
965.35	1227.63
965.52	1216.06
965.68	1228.78
965.85	1215.57
966.02	1227.41
966.19	1224.01
966.36	1227.84
966.52	1209.55
966.69	1225.44
966.86	1216.02
967.03	1227.14
967.20	1212.95
967.37	1219.65
967.53	1218.23
967.70	1227.98
967.87	1221.53
968.04	1224.75
968.21	1218.66
968.37	1223.48
968.54	1222.35
968.71	1219.18
968.88	1217.46
969.05	1229.17
969.21	1222.00
969.38	1225.42
969.55	1219.05
969.72	1229.99
969.89	1225.59
970.05	1222.39
970.22	1219.05
970.39	1226.12
970.56	1218.89
970.72	1227.37
970.89	1220.47
971.06	1231.79
971.23	1218.32
971.39	1227.37
971.56	1217.11
971.73	1217.48
971.90	1217.29
972.07	1230.38
972.23	1224.17
972.40	1228.27
972.57	1212.38
972.74	1228.39
972.90	1217.58
973.07	1230.79
973.24	1216.90
973.40	1229.21
973.57	1219.26
973.74	1224.73
973.91	1218.21
974.07	1223.78
974.24	1217.91
974.41	1227.76
974.58	1224.03
974.74	1226.73
974.91	1222.23
975.08	1224.26
975.25	1224.40
975.41	1226.79
975.58	1212.95
975.75	1223.76
975.91	1223.29
976.08	1220.90
976.25	1220.55
976.42	1224.44
976.58	1212.68
976.75	1225.24
976.92	1216.76
977.08	1226.65
977.25	1225.30
977.42	1222.62
977.58	1219.18
977.75	1223.87
977.92	1222.80
978.08	1226.86
978.25	1221.02
978.42	1221.06
978.59	1228.04
978.75	1222.41
978.92	1219.61
979.09	1219.61
979.25	1213.59
979.42	1227.06
979.59	1218.87
979.75	1223.50
979.92	1225.65
980.09	1224.64
980.25	1216.37
980.42	1219.38
980.59	1219.18
980.75	1224.30
980.92	1219.14
981.09	1224.87
981.25	1217.60
981.42	1225.79
981.59	1220.34
981.75	1221.39
981.92	1220.84
982.08	1230.85
982.25	1212.23
982.42	1224.42
982.58	1220.51
982.75	1225.03
982.92	1223.99
983.08	1226.84
983.25	1220.34
983.42	1218.42
983.58	1219.26
983.75	1227.88
983.91	1219.24
984.08	1220.63
984.25	1216.29
984.41	1229.17
984.58	1217.13
984.74	1227.31
984.91	1220.73
985.08	1227.51
985.24	1219.30
985.41	1229.01
985.57	1220.75
985.74	1222.04
985.91	1218.07
986.07	1229.42
986.24	1221.63
986.40	1225.40
986.57	1219.36
986.74	1224.89
986.90	1213.05
987.07	1223.66
987.23	1218.73
987.40	1223.93
987.57	1222.99
987.73	1228.35
987.90	1209.14
988.06	1226.71
988.23	1224.77
988.39	1221.10
988.56	1218.48
988.73	1224.54
988.89	1218.83
989.06	1229.01
989.22	1221.78
989.39	1230.05
989.55	1219.93
989.72	1225.16
989.88	1209.69
990.05	1223.97
990.22	1224.01
990.38	1229.74
990.55	1220.43
990.71	1224.66
990.88	1220.06
991.04	1218.79
991.21	1219.44
991.37	1231.75
991.54	1219.46
991.70	1230.13
991.87	1210.80
992.03	1225.14
992.20	1221.16
992.36	1223.09
992.53	1211.95
992.69	1221.08
992.86	1220.16
993.03	1225.63
993.19	1214.90
993.36	1229.29
993.52	1220.04
993.69	1231.69
993.85	1221.08
994.02	1218.58
994.18	1205.76
994.35	1226.90
994.51	1225.12
994.68	1220.84
994.84	1213.01
995.01	1232.82
995.17	1219.77
995.34	1224.79
995.50	1223.15
995.66	1227.43
995.83	1216.06
995.99	1233.27
996.16	1214.75
996.32	1224.54
996.49	1219.18
996.65	1218.50
996.82	1220.08
996.98	1221.00
997.15	1219.57
997.31	1226.22
997.48	1210.47
997.64	1223.93
997.81	1222.62
997.97	1216.08
998.13	1215.90
998.30	1228.74
998.46	1219.93
998.63	1222.43
998.79	1218.62
998.96	1224.01
999.12	1220.86
999.29	1225.26
999.45	1222.19
999.61	1218.11
999.78	1216.58
999.94	1226.65
1000.11	1218.21
1000.27	1230.64
1000.44	1218.60
1000.60	1224.34
1000.76	1219.32
1000.93	1228.39
1001.09	1225.50
1001.26	1227.88
1001.42	1223.03
1001.59	1226.63
1001.75	1219.05
1001.91	1224.17
1002.08	1216.72
1002.24	1223.89
1002.41	1222.43
1002.57	1229.44
1002.73	1222.29
1002.90	1222.13
1003.06	1215.67
1003.23	1232.82
1003.39	1215.06
1003.55	1223.09
1003.72	1217.19
1003.88	1225.96
1004.04	1215.96
1004.21	1227.72
1004.37	1223.17
1004.54	1223.48
1004.70	1223.76
1004.86	1222.02
1005.03	1220.96
1005.19	1224.26
1005.35	1217.87
1005.52	1221.08
1005.68	1216.00
1005.85	1222.13
1006.01	1215.67
1006.17	1220.02
1006.34	1221.74
1006.50	1225.42
1006.66	1220.04
1006.83	1222.04
1006.99	1217.78
1007.15	1222.82
1007.32	1217.23
1007.48	1226.55
1007.64	1218.64
1007.81	1219.50
1007.97	1226.79
1008.13	1222.60
1008.30	1216.90
1008.46	1231.46
1008.62	1229.64
1008.79	1228.37
1008.95	1218.75
1009.11	1226.14
1009.28	1210.10
1009.44	1220.88
1009.60	1230.81
1009.77	1228.58
1009.93	1220.43
1010.09	1231.73
1010.25	1220.36
1010.42	1228.21
1010.58	1216.10
1010.74	1225.14
1010.91	1214.14
1011.07	1226.69
1011.23	1218.54
1011.40	1223.58
1011.56	1218.89
1011.72	1230.34
1011.88	1225.79
1012.05	1227.25
1012.21	1219.48
1012.37	1229.60
1012.54	1224.21
1012.70	1231.30
1012.86	1222.97
1013.02	1228.45
1013.19	1219.22
1013.35	1227.74
1013.51	1224.07
1013.67	1233.78
1013.84	1222.43
1014.00	1225.28
1014.16	1222.80
1014.33	1228.76
1014.49	1224.42
1014.65	1227.02
1014.81	1216.90
1014.98	1229.19
1015.14	1224.40
1015.30	1229.29
1015.46	1225.40
1015.62	1229.42
1015.79	1216.17
1015.95	1228.13
1016.11	1219.01
1016.27	1228.23
1016.44	1223.54
1016.60	1223.70
1016.76	1222.41
1016.92	1230.19
1017.09	1224.87
1017.25	1230.21
1017.41	1219.38
1017.57	1234.64
1017.73	1220.41
1017.90	1230.73
1018.06	1226.36
1018.22	1223.25
1018.38	1231.46
1018.54	1229.38
1018.71	1225.52
1018.87	1230.58
1019.03	1223.56
1019.19	1222.82
1019.35	1227.27
1019.52	1227.61
1019.68	1219.28
1019.84	1235.07
1020.00	1228.99
1020.16	1225.63
1020.33	1218.79
1020.49	1219.83
1020.65	1221.98
1020.81	1224.64
1020.97	1225.16
1021.13	1230.97
1021.30	1218.64
1021.46	1230.17
1021.62	1222.86
1021.78	1223.31
1021.94	1221.61
1022.10	1228.47
1022.27	1223.17
1022.43	1225.96
1022.59	1216.33
1022.75	1233.25
1022.91	1227.18
1023.07	1226.32
1023.24	1214.79
1023.40	1234.97
1023.56	1224.91
1023.72	1233.82
1023.88	1216.78
1024.04	1230.87
1024.20	1221.47
1024.36	1229.25
1024.53	1219.44
1024.69	1235.44
1024.85	1230.42
1025.01	1231.48
1025.17	1220.49
1025.33	1220.02
1025.49	1223.13
1025.65	1233.57
1025.82	1219.24
1025.98	1232.53
1026.14	1215.59
1026.30	1229.68
1026.46	1223.52
1026.62	1231.46
1026.78	1223.23
1026.94	1228.27
1027.10	1221.47
1027.26	1230.19
1027.43	1223.42
1027.59	1240.41
1027.75	1222.41
1027.91	1226.69
1028.07	1220.71
1028.23	1229.81
1028.39	1220.51
1028.55	1225.79
1028.71	1222.60
1028.87	1220.26
1029.03	1229.42
1029.19	1230.56
1029.36	1226.49
1029.52	1223.35
1029.68	1225.65
1029.84	1228.56
1030.00	1224.17
1030.16	1230.40
1030.32	1219.36
1030.48	1226.08
1030.64	1224.56
1030.80	1232.41
1030.96	1218.93
1031.12	1225.91
1031.28	1229.33
1031.44	1224.58
1031.60	1223.70
1031.76	1224.07
1031.92	1226.10
1032.08	1244.33
1032.24	1217.09
1032.40	1234.33
1032.56	1221.82
1032.73	1230.79
1032.89	1221.76
1033.05	1228.92
1033.21	1223.60
1033.37	1237.10
1033.53	1215.94
1033.69	1233.37
1033.85	1219.77
1034.01	1228.27
1034.17	1222.41
1034.33	1228.52
1034.49	1224.54
1034.65	1223.37
1034.81	1228.64
1034.97	1229.11
1035.13	1227.88
1035.29	1226.61
1035.45	1222.76
1035.61	1231.73
1035.77	1227.02
1035.93	1223.83
1036.09	1219.32
1036.25	1225.48
1036.41	1223.23
1036.57	1228.13
1036.73	1223.42
1036.88	1233.31
1037.04	1227.08
