345.52	1207.61
345.73	1207.61
345.94	1207.61
346.16	1202.10
346.37	1200.52
346.58	1208.32
346.79	1214.51
347.00	1196.42
347.22	1210.98
347.43	1212.60
347.64	1214.02
347.85	1204.96
348.06	1214.73
348.28	1203.39
348.49	1211.66
348.70	1214.16
348.91	1212.01
349.12	1204.43
349.34	1213.42
349.55	1211.84
349.76	1215.86
349.97	1210.70
350.18	1220.26
350.40	1209.35
350.61	1215.82
350.82	1208.67
351.03	1223.05
351.24	1206.93
351.46	1203.47
351.67	1210.25
351.88	1215.08
352.09	1208.71
352.30	1217.50
352.51	1210.55
352.73	1216.55
352.94	1208.40
353.15	1216.64
353.36	1213.20
353.57	1217.74
353.79	1209.35
354.00	1215.61
354.21	1217.19
354.42	1225.89
354.63	1209.86
354.84	1219.05
355.06	1207.89
355.27	1220.41
355.48	1211.52
355.69	1216.17
355.90	1207.07
356.11	1215.96
356.33	1215.49
356.54	1222.78
356.75	1211.99
356.96	1219.40
357.17	1207.89
357.38	1206.95
357.60	1214.04
357.81	1219.42
358.02	1210.68
358.23	1213.28
358.44	1214.67
358.65	1219.95
358.87	1216.58
359.08	1219.11
359.29	1215.96
359.50	1221.12
359.71	1211.03
359.92	1215.84
360.13	1210.66
360.35	1223.48
360.56	1209.88
360.77	1215.76
360.98	1206.50
361.19	1219.11
361.40	1220.69
361.62	1216.02
361.83	1210.94
362.04	1216.04
362.25	1210.33
362.46	1222.25
362.67	1213.73
362.88	1219.95
363.10	1210.92
363.31	1220.12
363.52	1221.45
363.73	1215.94
363.94	1210.49
364.15	1216.37
364.36	1221.20
364.57	1220.22
364.79	1204.68
365.00	1215.82
365.21	1212.83
365.42	1219.54
365.63	1208.28
365.84	1223.17
366.05	1208.16
366.27	1217.33
366.48	1208.34
366.69	1216.78
366.90	1207.85
367.11	1219.83
367.32	1220.24
367.53	1222.17
367.74	1210.88
367.95	1225.61
368.17	1216.19
368.38	1218.01
368.59	1209.22
368.80	1220.59
369.01	1215.57
369.22	1217.68
369.43	1216.72
369.64	1214.63
369.86	1217.23
370.07	1217.76
370.28	1206.70
370.49	1217.07
370.70	1210.72
370.91	1218.64
371.12	1217.74
371.33	1217.19
371.54	1213.13
371.76	1218.03
371.97	1212.54
372.18	1218.79
372.39	1204.37
372.60	1220.67
372.81	1211.80
373.02	1212.95
373.23	1212.01
373.44	1218.62
373.65	1216.00
373.87	1217.82
374.08	1214.32
374.29	1217.72
374.50	1215.14
374.71	1215.41
374.92	1222.70
375.13	1216.06
375.34	1207.52
375.55	1220.51
375.76	1212.87
375.97	1216.58
376.19	1215.18
376.40	1215.49
376.61	1213.77
376.82	1229.09
377.03	1209.74
377.24	1214.83
377.45	1210.23
377.66	1218.48
377.87	1205.82
378.08	1226.22
378.29	1216.39
378.50	1220.57
378.71	1209.43
378.93	1215.59
379.14	1221.06
379.35	1215.49
379.56	1211.33
379.77	1218.75
379.98	1209.67
380.19	1218.62
380.40	1209.55
380.61	1226.49
380.82	1211.41
381.03	1224.07
381.24	1213.07
381.45	1222.56
381.66	1212.01
381.88	1217.11
382.09	1213.28
382.30	1222.17
382.51	1215.86
382.72	1222.51
382.93	1212.48
383.14	1222.13
383.35	1219.52
383.56	1221.27
383.77	1214.10
383.98	1218.44
384.19	1210.88
384.40	1218.48
384.61	1212.07
384.82	1218.19
385.03	1214.14
385.24	1216.21
385.45	1212.81
385.67	1216.35
385.88	1211.52
386.09	1219.93
386.30	1205.37
386.51	1213.77
386.72	1215.84
386.93	1211.84
387.14	1207.67
387.35	1220.24
387.56	1220.43
387.77	1222.39
387.98	1211.48
388.19	1222.53
388.40	1216.37
388.61	1230.44
388.82	1204.21
389.03	1220.16
389.24	1218.11
389.45	1222.00
389.66	1214.47
389.87	1218.09
390.08	1212.13
390.29	1220.47
390.50	1213.56
390.71	1219.95
390.92	1210.96
391.13	1219.42
391.34	1208.73
391.55	1220.63
391.76	1214.36
391.98	1223.64
392.19	1208.44
392.40	1219.71
392.61	1219.30
392.82	1224.75
393.03	1213.89
393.24	1226.28
393.45	1210.04
393.66	1217.60
393.87	1216.90
394.08	1219.22
394.29	1208.65
394.50	1220.36
394.71	1211.48
394.92	1221.82
395.13	1215.69
395.34	1215.69
395.55	1214.10
395.76	1218.73
395.97	1207.38
396.18	1223.03
396.39	1211.84
396.60	1216.04
396.81	1221.45
397.02	1215.55
397.23	1220.81
397.44	1217.66
397.65	1212.48
397.86	1215.74
398.07	1217.64
398.28	1217.29
398.49	1218.50
398.70	1215.26
398.91	1216.19
399.12	1213.79
399.33	1216.02
399.54	1220.51
399.75	1214.18
399.96	1220.04
400.17	1217.07
400.38	1214.45
400.59	1209.55
400.80	1218.44
401.01	1217.17
401.22	1216.76
401.42	1212.87
401.63	1218.83
401.84	1218.03
402.05	1216.04
402.26	1218.64
402.47	1219.85
402.68	1206.09
402.89	1222.13
403.10	1207.18
403.31	1218.97
403.52	1214.42
403.73	1221.82
403.94	1209.16
404.15	1224.38
404.36	1218.19
404.57	1214.73
404.78	1213.99
404.99	1216.49
405.20	1211.52
405.41	1220.22
405.62	1216.70
405.83	1229.19
406.04	1210.57
406.25	1222.53
406.46	1216.39
406.67	1214.30
406.88	1218.91
407.09	1218.19
407.30	1213.46
407.50	1224.15
407.71	1205.31
407.92	1227.37
408.13	1215.61
408.34	1213.89
408.55	1215.29
408.76	1220.94
408.97	1212.27
409.18	1216.60
409.39	1216.27
409.60	1222.84
409.81	1216.96
410.02	1217.13
410.23	1204.47
410.44	1215.24
410.65	1206.25
410.86	1217.52
411.07	1214.69
411.27	1223.46
411.48	1215.80
411.69	1230.91
411.90	1216.15
412.11	1224.13
412.32	1206.97
412.53	1220.34
412.74	1215.47
412.95	1220.88
413.16	1215.33
413.37	1224.79
413.58	1218.42
413.79	1220.49
414.00	1205.43
414.20	1224.11
414.41	1209.16
414.62	1223.97
414.83	1218.52
415.04	1221.16
415.25	1209.76
415.46	1220.00
415.67	1211.05
415.88	1220.53
416.09	1209.45
416.30	1225.22
416.51	1210.25
416.71	1223.80
416.92	1209.80
417.13	1219.36
417.34	1213.93
417.55	1216.66
417.76	1215.14
417.97	1223.76
418.18	1214.20
418.39	1225.57
418.60	1217.44
418.81	1222.29
419.01	1209.24
419.22	1221.84
419.43	1213.69
419.64	1228.68
419.85	1218.28
420.06	1215.41
420.27	1214.30
420.48	1216.29
420.69	1215.06
420.90	1220.32
421.10	1215.35
421.31	1215.65
421.52	1214.90
421.73	1217.91
421.94	1211.29
422.15	1217.23
422.36	1215.67
422.57	1220.71
422.78	1209.14
422.98	1221.35
423.19	1207.34
423.40	1224.17
423.61	1217.58
423.82	1220.51
424.03	1218.32
424.24	1222.92
424.45	1210.64
424.65	1219.24
424.86	1209.82
425.07	1221.43
425.28	1212.46
425.49	1218.85
425.70	1204.82
425.91	1217.91
426.12	1218.13
426.32	1224.26
426.53	1212.91
426.74	1218.09
426.95	1212.01
427.16	1223.05
427.37	1208.08
427.58	1212.19
427.78	1210.74
427.99	1224.46
428.20	1213.16
428.41	1218.46
428.62	1208.53
428.83	1221.02
429.04	1221.92
429.24	1221.29
429.45	1216.92
429.66	1220.45
429.87	1219.79
430.08	1217.15
430.29	1212.19
430.50	1216.25
430.70	1210.78
430.91	1221.86
431.12	1214.96
431.33	1217.35
431.54	1207.13
431.75	1222.19
431.96	1215.98
432.16	1222.82
432.37	1210.74
432.58	1223.93
432.79	1213.09
433.00	1218.40
433.21	1208.90
433.41	1220.57
433.62	1215.80
433.83	1221.33
434.04	1208.61
434.25	1221.41
434.46	1212.93
434.66	1224.13
434.87	1217.17
435.08	1224.28
435.29	1213.73
435.50	1217.97
435.71	1211.84
435.91	1218.48
436.12	1218.13
436.33	1215.57
436.54	1216.10
436.75	1220.06
436.95	1210.86
437.16	1220.43
437.37	1212.25
437.58	1215.96
437.79	1211.56
438.00	1221.24
438.20	1212.44
438.41	1219.93
438.62	1211.95
438.83	1213.89
439.04	1205.99
439.24	1222.29
439.45	1214.90
439.66	1224.93
439.87	1208.83
440.08	1224.46
440.28	1219.57
440.49	1217.21
440.70	1209.57
440.91	1221.14
441.12	1217.56
441.32	1223.95
441.53	1214.04
441.74	1217.80
441.95	1207.73
442.16	1217.29
442.36	1205.52
442.57	1216.60
442.78	1209.69
442.99	1224.99
443.20	1219.28
443.40	1219.75
443.61	1215.51
443.82	1216.96
444.03	1209.55
444.24	1217.11
444.44	1214.08
444.65	1216.86
444.86	1215.35
445.07	1216.49
445.27	1212.27
445.48	1222.92
445.69	1222.33
445.90	1218.93
446.11	1213.09
446.31	1217.05
446.52	1215.02
446.73	1216.08
446.94	1215.10
447.14	1220.47
447.35	1209.80
447.56	1220.38
447.77	1215.61
447.97	1223.37
448.18	1217.17
448.39	1224.62
448.60	1210.41
448.81	1219.89
449.01	1218.44
449.22	1218.60
449.43	1214.32
449.64	1217.91
449.84	1218.83
450.05	1222.31
450.26	1212.91
450.47	1225.09
450.67	1212.34
450.88	1218.13
451.09	1216.17
451.30	1219.16
451.50	1209.49
451.71	1223.07
451.92	1212.99
452.13	1220.45
452.33	1210.60
452.54	1215.22
452.75	1214.32
452.96	1221.74
453.16	1214.04
453.37	1205.72
453.58	1213.38
453.79	1227.27
453.99	1214.90
454.20	1215.35
454.41	1213.97
454.61	1218.73
454.82	1209.82
455.03	1212.85
455.24	1215.72
455.44	1215.33
455.65	1208.34
455.86	1222.60
456.07	1209.78
456.27	1221.45
456.48	1213.13
456.69	1227.86
456.90	1215.74
457.10	1223.29
457.31	1206.36
457.52	1222.62
457.72	1216.64
457.93	1225.03
458.14	1215.18
458.35	1220.30
458.55	1216.00
458.76	1217.37
458.97	1206.29
459.17	1223.23
459.38	1217.50
459.59	1218.11
459.80	1207.93
460.00	1225.89
460.21	1220.69
460.42	1216.27
460.62	1212.30
460.83	1213.30
461.04	1208.96
461.25	1211.23
461.45	1215.06
461.66	1223.03
461.87	1208.96
462.07	1223.87
462.28	1207.26
462.49	1225.61
462.69	1214.06
462.90	1223.33
463.11	1212.17
463.31	1211.13
463.52	1209.20
463.73	1227.45
463.94	1200.21
464.14	1223.80
464.35	1212.25
464.56	1214.92
464.76	1215.82
464.97	1218.07
465.18	1207.65
465.38	1222.78
465.59	1219.73
465.80	1214.14
466.00	1212.36
466.21	1215.31
466.42	1212.58
466.62	1216.90
466.83	1214.73
467.04	1222.88
467.24	1214.65
467.45	1229.33
467.66	1214.10
467.86	1225.26
468.07	1211.82
468.28	1213.46
468.48	1215.24
468.69	1220.81
468.90	1216.62
469.10	1226.75
469.31	1212.01
469.52	1221.65
469.72	1212.05
469.93	1218.81
470.14	1208.81
470.34	1223.93
470.55	1213.75
470.76	1226.77
470.96	1214.45
471.17	1216.90
471.38	1211.66
471.58	1227.39
471.79	1216.66
472.00	1219.48
472.20	1218.25
472.41	1218.81
472.62	1216.80
472.82	1216.72
473.03	1206.93
473.24	1217.21
473.44	1216.19
473.65	1220.61
473.85	1209.94
474.06	1216.78
474.27	1215.63
474.47	1219.32
474.68	1206.11
474.89	1219.11
475.09	1207.52
475.30	1216.21
475.51	1216.15
475.71	1222.13
475.92	1210.17
476.12	1218.01
476.33	1210.62
476.54	1225.79
476.74	1211.87
476.95	1215.55
477.16	1212.50
477.36	1215.74
477.57	1215.94
477.77	1212.87
477.98	1209.45
478.19	1213.36
478.39	1205.88
478.60	1222.00
478.81	1211.25
479.01	1223.99
479.22	1216.15
479.42	1224.38
479.63	1214.55
479.84	1224.17
480.04	1207.58
480.25	1221.10
480.45	1216.80
480.66	1218.97
480.87	1210.68
481.07	1219.14
481.28	1213.56
481.48	1218.58
481.69	1213.26
481.90	1213.67
482.10	1214.34
482.31	1219.40
482.51	1206.89
482.72	1214.47
482.93	1215.16
483.13	1220.18
483.34	1213.03
483.54	1222.78
483.75	1215.16
483.96	1222.56
484.16	1215.92
484.37	1217.64
484.57	1215.04
484.78	1214.90
484.99	1208.18
485.19	1221.63
485.40	1207.03
485.60	1217.33
485.81	1207.56
486.01	1225.59
486.22	1223.58
486.43	1218.46
486.63	1215.14
486.84	1222.08
487.04	1215.31
487.25	1222.86
487.46	1212.93
487.66	1218.19
487.87	1217.09
488.07	1220.65
488.28	1218.21
488.48	1227.65
488.69	1215.88
488.89	1215.47
489.10	1215.84
489.31	1221.06
489.51	1210.39
489.72	1220.88
489.92	1211.09
490.13	1223.83
490.33	1212.66
490.54	1221.84
490.75	1217.48
490.95	1222.74
491.16	1215.10
491.36	1212.30
491.57	1216.21
491.77	1219.73
491.98	1212.27
492.18	1224.15
492.39	1211.89
492.59	1221.57
492.80	1218.44
493.01	1218.95
493.21	1219.28
493.42	1218.87
493.62	1211.25
493.83	1216.17
494.03	1209.84
494.24	1216.08
494.44	1212.05
494.65	1223.48
494.85	1207.54
495.06	1214.92
495.26	1213.83
495.47	1217.25
495.68	1210.88
495.88	1215.78
496.09	1214.38
496.29	1222.25
496.50	1218.11
496.70	1223.17
496.91	1215.14
497.11	1214.36
497.32	1211.60
497.52	1226.49
497.73	1217.07
497.93	1215.20
498.14	1213.03
498.34	1215.37
498.55	1218.77
498.75	1215.18
498.96	1212.99
499.16	1218.68
499.37	1211.15
499.57	1224.62
499.78	1211.05
499.98	1221.16
500.19	1216.23
500.39	1226.45
500.60	1209.28
500.80	1218.79
501.01	1212.25
501.21	1218.50
501.42	1212.79
501.62	1220.73
501.83	1219.34
502.03	1215.12
502.24	1215.47
502.44	1217.50
502.65	1218.62
502.85	1221.65
503.06	1208.59
503.26	1212.05
503.47	1213.34
503.67	1219.11
503.88	1211.23
504.08	1217.85
504.29	1209.84
504.49	1216.49
504.70	1214.08
504.90	1220.41
505.11	1213.18
505.31	1220.71
505.52	1215.67
505.72	1220.47
505.93	1211.46
506.13	1219.42
506.34	1214.02
506.54	1229.99
506.75	1206.64
506.95	1218.09
507.16	1220.00
507.36	1217.01
507.56	1208.85
507.77	1211.33
507.97	1213.11
508.18	1218.34
508.38	1215.22
508.59	1212.75
508.79	1223.03
509.00	1221.39
509.20	1212.21
509.41	1219.81
509.61	1212.40
509.82	1221.84
510.02	1210.00
510.22	1216.64
510.43	1214.92
510.63	1223.76
510.84	1207.79
511.04	1212.54
511.25	1212.75
511.45	1218.62
511.66	1216.12
511.86	1222.99
512.06	1214.26
512.27	1220.59
512.47	1207.61
512.68	1222.51
512.88	1219.95
513.09	1218.32
513.29	1214.65
513.50	1214.81
513.70	1214.14
513.90	1220.79
514.11	1215.55
514.31	1211.25
514.52	1213.34
514.72	1213.36
514.93	1207.52
515.13	1215.55
515.33	1212.50
515.54	1211.64
515.74	1210.47
515.95	1219.63
516.15	1216.19
516.36	1230.42
516.56	1207.15
516.76	1215.12
516.97	1217.89
517.17	1218.87
517.38	1212.38
517.58	1223.60
517.78	1219.50
517.99	1221.43
518.19	1213.40
518.40	1224.54
518.60	1215.06
518.81	1208.30
519.01	1217.19
519.21	1216.58
519.42	1206.36
519.62	1219.87
519.83	1213.28
520.03	1222.21
520.23	1214.14
520.44	1218.40
520.64	1210.08
520.85	1217.07
521.05	1214.30
521.25	1220.98
521.46	1212.52
521.66	1219.05
521.86	1212.03
522.07	1216.55
522.27	1220.16
522.48	1219.89
522.68	1208.59
522.88	1216.74
523.09	1208.22
523.29	1223.35
523.50	1209.41
523.70	1225.73
523.90	1208.08
524.11	1215.98
524.31	1213.34
524.51	1221.06
524.72	1219.03
524.92	1216.35
525.13	1219.42
525.33	1230.32
525.53	1208.14
525.74	1220.90
525.94	1210.66
526.14	1220.92
526.35	1211.84
526.55	1213.71
526.76	1202.98
526.96	1221.45
527.16	1212.09
527.37	1215.74
527.57	1206.77
527.77	1219.95
527.98	1211.13
528.18	1218.21
528.38	1208.12
528.59	1217.09
528.79	1211.17
528.99	1218.46
529.20	1211.56
529.40	1221.06
529.61	1210.92
529.81	1215.00
530.01	1212.21
530.22	1218.62
530.42	1212.19
530.62	1214.96
530.83	1209.45
531.03	1219.95
531.23	1211.19
531.44	1216.43
531.64	1215.10
531.84	1220.90
532.05	1212.48
532.25	1214.10
532.45	1217.93
532.66	1228.84
532.86	1208.71
533.06	1220.55
533.27	1212.11
533.47	1215.61
533.67	1218.62
533.88	1221.61
534.08	1208.67
534.28	1220.81
534.49	1212.05
534.69	1220.75
534.89	1215.90
535.09	1219.91
535.30	1207.09
535.50	1215.51
535.70	1209.69
535.91	1215.69
536.11	1212.87
536.31	1218.52
536.52	1215.39
536.72	1222.56
536.92	1205.41
537.13	1222.68
537.33	1219.59
537.53	1220.71
537.74	1213.13
537.94	1217.82
538.14	1213.67
538.34	1221.20
538.55	1200.95
538.75	1225.14
538.95	1217.35
539.16	1219.61
539.36	1210.49
539.56	1220.38
539.77	1217.58
539.97	1216.02
540.17	1209.14
540.37	1216.43
540.58	1207.81
540.78	1219.81
540.98	1212.42
541.19	1212.01
541.39	1213.05
541.59	1217.23
541.79	1221.04
542.00	1220.51
542.20	1212.48
542.40	1221.47
542.60	1209.63
542.81	1214.86
543.01	1215.53
543.21	1213.42
543.42	1215.24
543.62	1219.79
543.82	1213.52
544.02	1213.67
544.23	1213.75
544.43	1219.30
544.63	1213.65
544.83	1222.51
545.04	1216.19
545.24	1217.54
545.44	1209.41
545.64	1221.61
545.85	1209.90
546.05	1213.83
546.25	1217.72
546.45	1212.87
546.66	1216.33
546.86	1215.31
547.06	1215.98
547.27	1221.31
547.47	1209.37
547.67	1217.76
547.87	1214.28
548.07	1219.22
548.28	1214.40
548.48	1221.55
548.68	1213.73
548.88	1218.79
549.09	1216.23
549.29	1222.41
549.49	1209.76
549.69	1218.48
549.90	1208.12
550.10	1221.31
550.30	1214.22
550.50	1218.38
550.71	1204.82
550.91	1215.14
551.11	1213.36
551.31	1220.81
551.51	1212.21
551.72	1215.26
551.92	1209.74
552.12	1214.30
552.32	1206.09
552.53	1220.00
552.73	1214.34
552.93	1221.57
553.13	1218.54
553.33	1221.35
553.54	1211.46
553.74	1216.00
553.94	1216.41
554.14	1218.75
554.35	1215.04
554.55	1215.31
554.75	1215.94
554.95	1213.20
555.15	1214.77
555.36	1223.93
555.56	1213.38
555.76	1225.87
555.96	1217.11
556.16	1218.09
556.37	1217.23
556.57	1219.03
556.77	1207.85
556.97	1217.60
557.17	1210.25
557.38	1219.38
557.58	1210.94
557.78	1219.89
557.98	1209.90
558.18	1215.59
558.38	1211.60
558.59	1216.80
558.79	1214.57
558.99	1218.93
559.19	1208.24
559.39	1223.64
559.60	1209.16
559.80	1220.75
560.00	1214.12
560.20	1214.65
560.40	1212.05
560.60	1219.63
560.81	1216.31
561.01	1210.31
561.21	1218.83
561.41	1216.49
561.61	1213.36
561.81	1217.97
562.02	1213.05
562.22	1220.51
562.42	1213.28
562.62	1226.75
562.82	1210.33
563.02	1216.04
563.23	1218.83
563.43	1224.64
563.63	1211.11
563.83	1221.63
564.03	1217.17
564.23	1214.69
564.43	1210.68
564.64	1214.83
564.84	1208.79
565.04	1216.31
565.24	1204.25
565.44	1216.78
565.64	1208.08
565.85	1226.20
566.05	1210.45
566.25	1217.66
566.45	1214.10
566.65	1215.78
566.85	1215.76
567.05	1218.36
567.25	1216.33
567.46	1216.90
567.66	1211.68
567.86	1217.33
568.06	1215.63
568.26	1221.41
568.46	1213.59
568.66	1215.18
568.86	1213.18
569.07	1224.79
569.27	1212.09
569.47	1217.31
569.67	1209.00
569.87	1214.34
570.07	1209.49
570.27	1218.52
570.47	1213.20
570.68	1219.14
570.88	1215.35
571.08	1216.92
571.28	1209.96
571.48	1210.78
571.68	1211.07
571.88	1222.88
572.08	1215.26
572.28	1216.04
572.49	1206.03
572.69	1216.31
572.89	1216.06
573.09	1225.38
573.29	1217.29
573.49	1220.96
573.69	1210.04
573.89	1218.83
574.09	1220.32
574.29	1221.16
574.50	1203.80
574.70	1220.71
574.90	1213.97
575.10	1223.09
575.30	1210.72
575.50	1211.74
575.70	1215.35
575.90	1216.21
576.10	1211.46
576.30	1213.09
576.50	1209.82
576.70	1218.89
576.91	1218.38
577.11	1212.95
577.31	1214.34
577.51	1223.50
577.71	1214.83
577.91	1221.86
578.11	1211.84
578.31	1226.57
578.51	1222.27
578.71	1221.55
578.91	1215.37
579.11	1218.60
579.31	1213.79
579.51	1217.87
579.71	1211.11
579.92	1216.08
580.12	1210.57
580.32	1215.67
580.52	1213.18
580.72	1212.62
580.92	1209.90
581.12	1218.77
581.32	1212.01
581.52	1228.49
581.72	1213.13
581.92	1216.88
582.12	1213.36
582.32	1215.55
582.52	1211.70
582.72	1223.33
582.92	1208.77
583.12	1215.12
583.32	1213.46
583.52	1217.31
583.72	1208.90
583.92	1215.41
584.12	1219.09
584.33	1226.84
584.53	1206.77
584.73	1215.59
584.93	1206.70
585.13	1223.89
585.33	1208.34
585.53	1218.17
585.73	1211.70
585.93	1219.44
586.13	1216.60
586.33	1219.36
586.53	1207.87
586.73	1217.05
586.93	1221.88
587.13	1213.03
587.33	1214.18
587.53	1224.26
587.73	1214.67
587.93	1222.08
588.13	1213.11
588.33	1224.97
588.53	1207.75
588.73	1220.20
588.93	1209.04
589.13	1215.20
589.33	1212.99
589.53	1220.90
589.73	1210.64
589.93	1220.81
590.13	1206.58
590.33	1223.97
590.53	1215.94
590.73	1220.28
590.93	1212.01
591.13	1226.82
591.33	1216.15
591.53	1217.91
591.73	1211.62
591.93	1216.08
592.13	1209.20
592.33	1221.82
592.53	1219.16
592.73	1217.17
592.93	1209.94
593.13	1223.19
593.33	1211.25
593.53	1224.11
593.73	1211.56
593.93	1216.47
594.13	1212.54
594.33	1221.57
594.53	1211.46
594.73	1212.62
594.92	1205.80
595.12	1214.77
595.32	1219.07
595.52	1226.88
595.72	1211.07
595.92	1217.72
596.12	1214.59
596.32	1217.19
596.52	1213.13
596.72	1218.05
596.92	1216.68
597.12	1217.13
597.32	1215.51
597.52	1215.18
597.72	1212.56
597.92	1217.68
598.12	1215.98
598.32	1221.96
598.52	1204.82
598.72	1214.20
598.92	1213.50
599.12	1218.62
599.31	1214.45
599.51	1220.92
599.71	1213.52
599.91	1220.92
600.11	1213.93
600.31	1215.74
600.51	1218.87
600.71	1224.79
600.91	1206.27
601.11	1215.94
601.31	1213.46
601.51	1217.17
601.71	1216.00
601.91	1222.45
602.10	1211.33
602.30	1218.21
602.50	1218.19
602.70	1215.94
602.90	1210.49
603.10	1213.26
603.30	1204.80
603.50	1224.83
603.70	1215.18
603.90	1214.73
604.10	1217.54
604.30	1222.21
604.49	1209.96
604.69	1217.19
604.89	1214.77
605.09	1219.26
605.29	1212.79
605.49	1222.43
605.69	1210.19
605.89	1217.66
606.09	1209.18
606.29	1222.17
606.48	1210.49
606.68	1219.14
606.88	1212.54
607.08	1222.58
607.28	1217.03
607.48	1214.81
607.68	1205.78
607.88	1211.74
608.08	1206.70
608.27	1224.91
608.47	1215.65
608.67	1210.96
608.87	1217.89
609.07	1220.65
609.27	1213.13
609.47	1222.88
609.67	1222.51
609.87	1216.80
610.06	1214.92
610.26	1215.82
610.46	1211.91
610.66	1218.05
610.86	1213.77
611.06	1219.20
611.26	1213.69
611.45	1221.45
611.65	1216.86
611.85	1217.11
612.05	1211.23
612.25	1217.93
612.45	1210.90
612.65	1222.13
612.84	1211.76
613.04	1219.73
613.24	1211.60
613.44	1223.25
613.64	1218.64
613.84	1213.22
614.04	1206.56
614.23	1224.13
614.43	1213.32
614.63	1224.69
614.83	1214.90
615.03	1229.58
615.23	1217.64
615.42	1219.16
615.62	1210.66
615.82	1217.15
616.02	1210.80
616.22	1222.82
616.42	1209.33
616.61	1220.61
616.81	1209.39
617.01	1220.51
617.21	1211.13
617.41	1221.37
617.61	1200.62
617.80	1220.22
618.00	1213.11
618.20	1219.87
618.40	1213.03
618.60	1210.53
618.80	1208.51
618.99	1211.76
619.19	1214.59
619.39	1222.43
619.59	1213.61
619.79	1227.55
619.98	1209.28
620.18	1221.00
620.38	1214.94
620.58	1220.26
620.78	1213.16
620.97	1213.38
621.17	1215.18
621.37	1215.35
621.57	1217.35
621.77	1215.37
621.96	1214.86
622.16	1214.32
622.36	1213.63
622.56	1228.33
622.76	1206.60
622.95	1214.04
623.15	1205.60
623.35	1218.54
623.55	1217.07
623.75	1221.12
623.94	1210.78
624.14	1213.59
624.34	1220.36
624.54	1217.74
624.73	1216.47
624.93	1209.04
625.13	1215.57
625.33	1220.30
625.53	1213.95
625.72	1222.21
625.92	1216.41
626.12	1223.11
626.32	1214.92
626.51	1211.74
626.71	1212.13
626.91	1215.18
627.11	1209.04
627.30	1217.76
627.50	1215.98
627.70	1218.75
627.90	1216.06
628.10	1217.85
628.29	1216.68
628.49	1216.39
628.69	1216.53
628.89	1217.31
629.08	1215.35
629.28	1219.50
629.48	1217.17
629.68	1219.59
629.87	1211.41
630.07	1218.50
630.27	1209.37
630.47	1218.52
630.66	1220.49
630.86	1218.87
631.06	1217.85
631.25	1221.90
631.45	1217.82
631.65	1219.07
631.85	1210.33
632.04	1218.81
632.24	1214.81
632.44	1222.41
632.64	1207.18
632.83	1211.62
633.03	1213.93
633.23	1215.20
633.42	1214.16
633.62	1217.07
633.82	1211.95
634.02	1223.76
634.21	1214.20
634.41	1213.52
634.61	1212.05
634.81	1222.33
635.00	1216.27
635.20	1220.53
635.40	1216.41
635.59	1216.68
635.79	1211.03
635.99	1223.19
636.18	1212.23
636.38	1225.85
636.58	1216.47
636.78	1211.07
636.97	1211.82
637.17	1219.14
637.37	1211.68
637.56	1213.07
637.76	1210.45
637.96	1217.78
638.15	1215.86
638.35	1214.08
638.55	1209.78
638.74	1220.92
638.94	1219.26
639.14	1213.61
639.34	1208.81
639.53	1210.78
639.73	1206.34
639.93	1213.83
640.12	1209.76
640.32	1223.15
640.52	1213.34
640.71	1217.39
640.91	1207.85
641.11	1223.89
641.30	1212.03
641.50	1216.80
641.70	1212.66
641.89	1224.93
642.09	1214.10
642.29	1218.07
642.48	1212.83
642.68	1212.23
642.88	1211.39
643.07	1220.08
643.27	1208.98
643.47	1217.07
643.66	1214.24
643.86	1219.34
644.06	1214.79
644.25	1218.95
644.45	1210.06
644.65	1220.84
644.84	1205.64
645.04	1206.64
645.23	1221.74
645.43	1214.55
645.63	1212.50
645.82	1221.59
646.02	1214.40
646.22	1220.14
646.41	1211.03
646.61	1219.03
646.81	1216.90
647.00	1223.89
647.20	1211.52
647.39	1220.71
647.59	1211.13
647.79	1217.66
647.98	1207.28
648.18	1218.50
648.38	1212.25
648.57	1223.15
648.77	1211.25
648.96	1214.73
649.16	1209.26
649.36	1219.79
649.55	1214.04
649.75	1221.18
649.95	1213.22
650.14	1217.76
650.34	1209.37
650.53	1219.09
650.73	1212.32
650.93	1216.60
651.12	1208.26
651.32	1219.54
651.51	1216.78
651.71	1214.57
651.91	1210.51
652.10	1222.15
652.30	1210.23
652.49	1218.15
652.69	1209.47
652.89	1218.11
653.08	1211.25
653.28	1217.03
653.47	1213.52
653.67	1223.01
653.86	1216.23
654.06	1214.90
654.26	1218.85
654.45	1218.03
654.65	1217.62
654.84	1223.89
655.04	1212.54
655.24	1219.87
655.43	1212.23
655.63	1219.59
655.82	1209.33
656.02	1220.55
656.21	1211.60
656.41	1215.86
656.61	1217.35
656.80	1215.63
657.00	1216.27
657.19	1217.23
657.39	1209.82
657.58	1222.64
657.78	1211.64
657.97	1215.12
658.17	1214.61
658.37	1220.77
658.56	1218.01
658.76	1226.61
658.95	1205.60
659.15	1219.65
659.34	1211.89
659.54	1218.19
659.73	1211.74
659.93	1219.95
660.13	1217.72
660.32	1222.90
660.52	1213.05
660.71	1220.96
660.91	1218.48
661.10	1223.72
661.30	1210.76
661.49	1218.42
661.69	1208.26
661.88	1214.02
662.08	1216.68
662.27	1220.53
662.47	1212.40
662.66	1216.31
662.86	1211.99
663.06	1217.09
663.25	1211.99
663.45	1226.55
663.64	1210.43
663.84	1220.41
664.03	1218.85
664.23	1213.16
664.42	1211.91
664.62	1222.99
664.81	1212.64
665.01	1213.34
665.20	1217.76
665.40	1216.78
665.59	1214.30
665.79	1215.90
665.98	1217.35
666.18	1217.13
666.37	1214.04
666.57	1220.45
666.76	1213.38
666.96	1227.88
667.15	1213.56
667.35	1215.24
667.54	1212.68
667.74	1220.04
667.93	1213.52
668.13	1223.46
668.32	1219.95
668.52	1214.22
668.71	1217.48
668.91	1216.37
669.10	1215.26
669.30	1217.48
669.49	1217.46
669.68	1216.92
669.88	1211.54
670.07	1213.75
670.27	1210.64
670.46	1210.66
670.66	1206.32
670.85	1216.00
671.05	1220.43
671.24	1224.05
671.44	1209.63
671.63	1218.97
671.83	1217.31
672.02	1214.08
672.22	1211.23
672.41	1216.21
672.60	1218.09
672.80	1217.62
672.99	1206.77
673.19	1223.07
673.38	1212.32
673.58	1222.31
673.77	1210.04
673.97	1218.25
674.16	1217.82
674.36	1220.43
674.55	1209.84
674.74	1219.40
674.94	1214.06
675.13	1215.41
675.33	1208.77
675.52	1222.53
675.72	1215.24
675.91	1224.01
676.10	1210.25
676.30	1220.71
676.49	1211.82
676.69	1210.31
676.88	1214.86
677.08	1224.11
677.27	1214.57
677.46	1218.89
677.66	1212.68
677.85	1225.30
678.05	1209.08
678.24	1218.01
678.44	1216.53
678.63	1221.08
678.82	1209.59
679.02	1219.34
679.21	1210.68
679.41	1215.29
679.60	1219.85
679.79	1214.86
679.99	1210.55
680.18	1220.24
680.38	1212.60
680.57	1220.92
680.76	1213.77
680.96	1217.15
681.15	1212.03
681.35	1213.65
681.54	1209.43
681.73	1228.19
681.93	1213.42
682.12	1214.92
682.32	1215.04
682.51	1225.07
682.70	1208.73
682.90	1219.30
683.09	1215.39
683.29	1216.78
683.48	1213.34
683.67	1214.28
683.87	1216.39
684.06	1224.38
684.25	1211.48
684.45	1219.30
684.64	1210.08
684.84	1223.35
685.03	1217.76
685.22	1218.30
685.42	1209.20
685.61	1216.72
685.80	1214.75
686.00	1220.71
686.19	1215.47
686.38	1218.38
686.58	1207.22
686.77	1219.93
686.96	1220.63
687.16	1220.67
687.35	1217.19
687.55	1222.08
687.74	1216.74
687.93	1213.81
688.13	1219.34
688.32	1213.91
688.51	1214.98
688.71	1221.33
688.90	1218.42
689.09	1217.70
689.29	1212.30
689.48	1214.24
689.67	1218.81
689.87	1223.01
690.06	1214.67
690.25	1221.00
690.45	1212.81
690.64	1219.20
690.83	1213.97
691.03	1216.90
691.22	1211.78
691.41	1216.08
691.61	1219.79
691.80	1222.66
691.99	1207.50
692.19	1224.07
692.38	1209.20
692.57	1219.91
692.76	1215.47
692.96	1217.39
693.15	1221.67
693.34	1215.41
693.54	1216.31
693.73	1220.75
693.92	1215.55
694.12	1225.96
694.31	1213.01
694.50	1219.81
694.70	1206.89
694.89	1219.61
695.08	1212.38
695.27	1218.85
695.47	1215.22
695.66	1217.58
695.85	1211.37
696.05	1224.66
696.24	1212.09
696.43	1215.55
696.62	1210.98
696.82	1227.25
697.01	1216.72
697.20	1221.51
697.40	1216.33
697.59	1223.46
697.78	1216.78
697.97	1225.93
698.17	1215.22
698.36	1223.56
698.55	1213.09
698.74	1220.30
698.94	1215.33
699.13	1219.63
699.32	1218.36
699.52	1222.10
699.71	1217.42
699.90	1220.53
700.09	1210.94
700.29	1219.20
700.48	1216.17
700.67	1216.80
700.86	1209.67
701.06	1221.45
701.25	1212.95
701.44	1216.29
701.63	1217.60
701.83	1214.10
702.02	1212.27
702.21	1217.21
702.40	1214.67
702.60	1220.43
702.79	1214.51
702.98	1224.93
703.17	1209.06
703.37	1222.82
703.56	1212.91
703.75	1217.58
703.94	1210.06
704.13	1223.46
704.33	1208.06
704.52	1225.79
704.71	1211.31
704.90	1222.33
705.10	1216.41
705.29	1217.29
705.48	1207.40
705.67	1216.45
705.86	1217.23
706.06	1221.20
706.25	1212.21
706.44	1225.46
706.63	1217.60
706.83	1223.91
707.02	1209.02
707.21	1221.63
707.40	1211.41
707.59	1216.41
707.79	1213.42
707.98	1217.50
708.17	1211.99
708.36	1222.25
708.55	1216.80
708.75	1218.13
708.94	1214.79
709.13	1227.45
709.32	1215.49
709.51	1222.68
709.71	1216.43
709.90	1220.67
710.09	1207.87
710.28	1222.21
710.47	1225.57
710.66	1217.82
710.86	1216.45
711.05	1222.84
711.24	1211.68
711.43	1219.03
711.62	1212.56
711.82	1225.81
712.01	1209.88
712.20	1220.65
712.39	1215.67
712.58	1224.07
712.77	1210.00
712.97	1224.38
713.16	1209.47
713.35	1216.35
713.54	1214.55
713.73	1219.07
713.92	1216.78
714.11	1218.48
714.31	1213.85
714.50	1215.72
714.69	1212.54
714.88	1223.17
715.07	1211.97
715.26	1227.86
715.46	1211.64
715.65	1221.55
715.84	1213.28
716.03	1225.09
716.22	1211.17
716.41	1219.65
716.60	1217.80
716.80	1219.69
716.99	1215.29
717.18	1223.23
717.37	1204.74
717.56	1226.26
717.75	1213.03
717.94	1230.26
718.13	1211.29
718.33	1210.86
718.52	1214.88
718.71	1214.90
718.90	1215.31
719.09	1227.63
719.28	1219.11
719.47	1222.45
719.66	1212.77
719.85	1218.77
720.05	1212.85
720.24	1214.90
720.43	1218.15
720.62	1218.73
720.81	1215.72
721.00	1221.04
721.19	1212.46
721.38	1221.82
721.57	1218.03
721.77	1225.07
721.96	1216.49
722.15	1213.95
722.34	1214.51
722.53	1226.86
722.72	1210.35
722.91	1220.38
723.10	1214.18
723.29	1224.34
723.48	1218.07
723.67	1223.15
723.87	1216.23
724.06	1225.57
724.25	1216.17
724.44	1221.51
724.63	1220.04
724.82	1223.29
725.01	1209.76
725.20	1215.33
725.39	1223.42
725.58	1221.27
725.77	1212.54
725.96	1225.07
726.15	1216.04
726.34	1232.67
726.54	1217.66
726.73	1226.61
726.92	1216.23
727.11	1229.40
727.30	1216.08
727.49	1224.07
727.68	1212.46
727.87	1218.34
728.06	1214.38
728.25	1222.37
728.44	1218.09
728.63	1223.91
728.82	1218.52
729.01	1222.76
729.20	1217.89
729.39	1221.65
729.58	1212.91
729.77	1224.40
729.96	1211.93
730.15	1224.52
730.34	1220.90
730.53	1214.90
730.73	1215.98
730.92	1228.78
731.11	1215.47
731.30	1224.48
731.49	1220.59
731.68	1227.43
731.87	1221.22
732.06	1220.02
732.25	1219.05
732.44	1218.77
732.63	1211.93
732.82	1222.49
733.01	1219.52
733.20	1219.83
733.39	1219.28
733.58	1223.66
733.77	1219.59
733.96	1235.44
734.15	1223.78
734.34	1226.92
734.53	1213.09
734.72	1228.33
734.91	1217.44
735.10	1221.43
735.29	1216.66
735.48	1219.18
735.67	1217.39
735.86	1224.01
736.05	1222.23
736.24	1224.26
736.43	1218.52
736.62	1228.88
736.81	1214.73
737.00	1243.98
737.19	1216.78
737.38	1230.97
737.57	1223.50
737.76	1226.08
737.95	1225.81
738.14	1226.92
738.33	1218.44
738.51	1230.09
738.70	1227.90
738.89	1234.62
739.08	1222.49
739.27	1230.05
739.46	1219.95
739.65	1230.42
739.84	1221.08
740.03	1224.21
740.22	1222.31
740.41	1225.28
740.60	1225.09
740.79	1229.83
740.98	1220.96
741.17	1229.60
741.36	1228.78
741.55	1226.20
741.74	1222.53
741.93	1225.46
742.12	1218.71
742.31	1224.48
742.50	1219.63
742.68	1236.30
742.87	1225.34
743.06	1224.75
743.25	1226.00
743.44	1230.69
743.63	1224.66
743.82	1233.86
744.01	1221.74
744.20	1228.31
744.39	1232.02
744.58	1236.28
744.77	1235.01
744.96	1232.14
745.14	1235.48
745.33	1233.86
745.52	1235.54
745.71	1238.45
745.90	1238.32
746.09	1236.09
746.28	1234.82
746.47	1245.94
746.66	1233.33
746.85	1234.09
747.04	1239.64
747.22	1239.23
747.41	1237.61
747.60	1244.94
747.79	1240.43
747.98	1245.35
748.17	1239.23
748.36	1247.11
748.55	1240.68
748.74	1242.99
748.93	1244.49
749.11	1246.43
749.30	1239.92
749.49	1249.02
749.68	1245.94
749.87	1253.32
750.06	1239.16
750.25	1256.78
750.44	1243.38
750.62	1254.93
750.81	1251.76
751.00	1259.87
751.19	1251.64
751.38	1258.93
751.57	1255.36
751.76	1254.63
751.95	1255.98
752.13	1265.19
752.32	1259.83
752.51	1265.79
752.70	1256.16
752.89	1264.89
753.08	1262.04
753.27	1271.69
753.45	1261.06
753.64	1267.84
753.83	1266.07
754.02	1272.38
754.21	1266.98
754.40	1270.01
754.58	1266.20
754.77	1273.14
754.96	1264.03
755.15	1277.50
755.34	1262.74
755.53	1270.03
755.71	1264.66
755.90	1261.34
756.09	1258.68
756.28	1264.42
756.47	1259.99
756.66	1265.64
756.84	1255.08
757.03	1264.93
757.22	1257.70
757.41	1263.49
757.60	1254.89
757.79	1267.55
757.97	1259.44
758.16	1262.22
758.35	1256.31
758.54	1268.29
758.73	1264.70
758.91	1261.79
759.10	1257.78
759.29	1268.82
759.48	1251.39
759.67	1274.74
759.85	1262.10
760.04	1270.15
760.23	1265.40
760.42	1271.22
760.61	1274.14
760.79	1280.37
760.98	1280.76
761.17	1301.89
761.36	1288.54
761.55	1303.68
761.73	1307.14
761.92	1327.94
762.11	1328.74
762.30	1338.45
762.49	1352.70
762.67	1368.72
762.86	1376.26
763.05	1405.17
763.24	1428.91
763.42	1469.95
763.61	1517.91
763.80	1603.01
763.99	1719.82
764.17	1889.09
764.36	2131.40
764.55	2436.55
764.74	2801.27
764.92	3197.82
765.11	3622.12
765.30	4060.55
765.49	4510.90
765.68	4952.44
765.86	5397.34
766.05	5764.44
766.24	6178.66
766.43	6514.30
766.61	6847.55
766.80	7153.58
766.99	7427.80
767.17	7635.87
767.36	7853.39
767.55	8057.18
767.74	8246.92
767.92	8480.45
768.11	8593.52
768.30	8739.58
768.49	8825.76
768.67	8954.37
768.86	9113.11
769.05	9215.65
769.24	9236.03
769.42	9276.34
769.61	9234.72
769.80	9231.20
769.98	9071.97
770.17	8939.22
770.36	8749.74
770.55	8492.35
770.73	8115.92
770.92	7714.49
771.11	7234.22
771.29	6747.28
771.48	6234.34
771.67	5761.10
771.86	5264.57
772.04	4798.47
772.23	4391.07
772.42	4008.04
772.60	3679.65
772.79	3408.07
772.98	3174.82
773.16	2997.18
773.35	2853.15
773.54	2728.71
773.72	2621.58
773.91	2549.70
774.10	2475.61
774.29	2439.64
774.47	2373.74
774.66	2328.36
774.85	2278.71
775.03	2239.45
775.22	2195.65
775.41	2163.74
775.59	2115.70
775.78	2093.27
775.97	2024.17
776.15	2011.68
776.34	1970.62
776.53	1946.41
776.71	1904.61
776.90	1873.81
777.09	1838.34
777.27	1821.55
777.46	1785.38
777.65	1770.28
777.83	1741.41
778.02	1732.23
778.21	1699.04
778.39	1681.57
778.58	1657.11
778.76	1646.96
778.95	1623.88
779.14	1605.59
779.32	1589.94
779.51	1591.13
779.70	1559.45
779.88	1565.94
780.07	1549.29
780.26	1547.96
780.44	1538.66
780.63	1545.79
780.81	1539.64
781.00	1564.32
781.19	1576.83
781.37	1603.60
781.56	1621.40
781.75	1666.29
781.93	1690.15
782.12	1732.09
782.30	1745.89
782.49	1784.44
782.68	1789.78
782.86	1821.61
783.05	1812.23
783.23	1825.93
783.42	1803.56
783.61	1806.98
783.79	1769.77
783.98	1771.43
784.16	1748.37
784.35	1726.13
784.54	1695.43
784.72	1679.89
784.91	1649.72
785.09	1620.09
785.28	1598.83
785.47	1579.17
785.65	1546.22
785.84	1527.15
786.02	1499.81
786.21	1482.63
786.40	1456.88
786.58	1448.28
786.77	1427.78
786.95	1418.30
787.14	1394.13
787.32	1390.86
787.51	1377.53
787.70	1367.94
787.88	1356.16
788.07	1360.38
788.25	1336.69
788.44	1338.82
788.62	1328.03
788.81	1329.44
789.00	1323.60
789.18	1320.20
789.37	1306.36
789.55	1296.04
789.74	1269.74
789.92	1286.19
790.11	1262.25
790.29	1260.93
790.48	1248.83
790.67	1251.23
790.85	1240.27
791.04	1245.14
791.22	1221.92
791.41	1237.03
791.59	1234.21
791.78	1234.76
791.96	1223.07
792.15	1239.33
792.33	1227.59
792.52	1233.00
792.70	1236.38
792.89	1233.10
793.07	1238.96
793.26	1232.08
793.45	1223.60
793.63	1230.62
793.82	1229.27
794.00	1236.91
794.19	1228.00
794.37	1232.06
794.56	1220.36
794.74	1229.95
794.93	1225.67
795.11	1233.43
795.30	1223.97
795.48	1233.49
795.67	1226.73
795.85	1228.43
796.04	1224.19
796.22	1237.83
796.41	1230.46
796.59	1232.96
796.78	1233.59
796.96	1231.10
797.15	1228.21
797.33	1231.63
797.52	1227.61
797.70	1231.22
797.89	1226.36
798.07	1232.77
798.26	1226.94
798.44	1234.88
798.63	1222.86
798.81	1233.88
798.99	1221.49
799.18	1234.35
799.36	1224.44
799.55	1227.33
799.73	1227.92
799.92	1233.20
800.10	1224.89
800.29	1228.13
800.47	1229.25
800.66	1229.83
800.84	1223.17
801.03	1219.48
801.21	1223.76
801.39	1232.26
801.58	1223.44
801.76	1229.48
801.95	1215.26
802.13	1228.97
802.32	1221.80
802.50	1221.82
802.69	1217.15
802.87	1220.65
803.06	1221.61
803.24	1225.83
803.42	1218.23
803.61	1226.43
803.79	1215.31
803.98	1233.76
804.16	1222.35
804.35	1222.97
804.53	1224.40
804.71	1225.22
804.90	1211.41
805.08	1225.30
805.27	1218.68
805.45	1218.93
805.63	1220.36
805.82	1228.47
806.00	1221.24
806.19	1227.92
806.37	1217.91
806.56	1229.52
806.74	1224.05
806.92	1229.95
807.11	1218.17
807.29	1233.06
807.48	1221.70
807.66	1229.03
807.84	1218.93
808.03	1221.82
808.21	1223.50
808.40	1221.65
808.58	1220.00
808.76	1225.59
808.95	1221.78
809.13	1229.54
809.32	1214.28
809.50	1236.58
809.68	1223.60
809.87	1234.19
810.05	1224.58
810.23	1233.90
810.42	1224.26
810.60	1223.68
810.79	1219.97
810.97	1232.32
811.15	1223.85
811.34	1231.38
811.52	1227.43
811.70	1236.75
811.89	1222.21
812.07	1233.57
812.25	1229.87
812.44	1238.92
812.62	1220.38
812.81	1239.02
812.99	1232.24
813.17	1230.56
813.36	1228.43
813.54	1230.71
813.72	1226.39
813.91	1230.11
814.09	1221.43
814.27	1228.43
814.46	1225.20
814.64	1231.36
814.82	1226.71
815.01	1229.48
815.19	1220.26
815.37	1230.69
815.56	1222.31
815.74	1221.20
815.92	1217.70
816.11	1228.86
816.29	1220.53
816.47	1222.39
816.66	1217.29
816.84	1222.78
817.02	1220.86
817.21	1224.50
817.39	1218.93
817.57	1222.19
817.76	1219.67
817.94	1214.22
818.12	1214.30
818.30	1219.42
818.49	1221.39
818.67	1222.99
818.85	1211.78
819.04	1221.63
819.22	1217.09
819.40	1220.38
819.59	1216.66
819.77	1223.95
819.95	1214.71
820.13	1223.62
820.32	1214.92
820.50	1219.83
820.68	1219.14
820.87	1220.49
821.05	1224.36
821.23	1217.82
821.41	1215.55
821.60	1223.72
821.78	1208.38
821.96	1217.91
822.14	1212.58
822.33	1219.03
822.51	1213.44
822.69	1217.05
822.88	1212.38
823.06	1213.91
823.24	1217.50
823.42	1213.89
823.61	1219.38
823.79	1218.17
823.97	1212.36
824.15	1215.02
824.34	1208.79
824.52	1219.18
824.70	1211.68
824.88	1225.50
825.07	1215.84
825.25	1221.90
825.43	1213.77
825.61	1219.73
825.80	1217.27
825.98	1224.95
826.16	1212.48
826.34	1220.38
826.53	1216.60
826.71	1223.87
826.89	1208.94
827.07	1220.06
827.25	1210.78
827.44	1222.78
827.62	1219.73
827.80	1227.59
827.98	1212.50
828.17	1220.84
828.35	1210.37
828.53	1222.08
828.71	1211.80
828.89	1218.11
829.08	1215.12
829.26	1223.97
829.44	1206.03
829.62	1217.80
829.80	1209.39
829.99	1221.04
830.17	1211.33
830.35	1222.90
830.53	1209.45
830.71	1218.23
830.90	1212.48
831.08	1224.50
831.26	1213.89
831.44	1219.61
831.62	1215.92
831.81	1214.63
831.99	1215.65
832.17	1222.97
832.35	1217.31
832.53	1217.52
832.71	1212.46
832.90	1222.92
833.08	1216.17
833.26	1218.54
833.44	1209.90
833.62	1223.40
833.81	1209.51
833.99	1226.67
834.17	1214.51
834.35	1212.60
834.53	1217.27
834.71	1218.38
834.89	1218.93
835.08	1215.76
835.26	1213.36
835.44	1219.57
835.62	1211.54
835.80	1223.25
835.98	1217.23
836.17	1219.07
836.35	1214.75
836.53	1214.63
836.71	1208.40
836.89	1219.22
837.07	1207.46
837.25	1229.50
837.44	1208.18
837.62	1215.76
837.80	1213.42
837.98	1219.85
838.16	1211.03
838.34	1211.15
838.52	1215.08
838.70	1218.62
838.89	1215.72
839.07	1221.10
839.25	1213.03
839.43	1215.61
839.61	1216.51
839.79	1222.10
839.97	1207.99
840.15	1221.92
840.33	1217.03
840.52	1220.84
840.70	1210.04
840.88	1222.64
841.06	1206.17
841.24	1225.85
841.42	1219.18
841.60	1219.81
841.78	1211.17
841.96	1213.03
842.14	1218.66
842.33	1215.61
842.51	1211.00
842.69	1218.48
842.87	1217.39
843.05	1222.90
843.23	1206.68
843.41	1228.35
843.59	1216.94
843.77	1215.08
843.95	1220.36
844.13	1221.70
844.31	1213.56
844.49	1213.85
844.68	1212.85
844.86	1219.77
845.04	1212.23
845.22	1218.64
845.40	1208.53
845.58	1222.00
845.76	1208.87
845.94	1216.64
846.12	1211.31
846.30	1220.32
846.48	1205.99
846.66	1220.16
846.84	1213.09
847.02	1221.63
847.20	1212.91
847.38	1223.07
847.56	1214.81
847.74	1216.58
847.92	1213.67
848.11	1214.92
848.29	1214.10
848.47	1219.32
848.65	1213.01
848.83	1215.04
849.01	1215.55
849.19	1217.37
849.37	1216.10
849.55	1217.44
849.73	1212.73
849.91	1221.55
850.09	1214.51
850.27	1224.66
850.45	1214.63
850.63	1214.86
850.81	1208.32
850.99	1211.00
851.17	1213.59
851.35	1217.66
851.53	1211.35
851.71	1213.54
851.89	1206.66
852.07	1211.37
852.25	1208.16
852.43	1223.52
852.61	1207.48
852.79	1219.91
852.97	1210.88
853.15	1223.54
853.33	1210.70
853.51	1219.50
853.69	1213.36
853.87	1214.30
854.05	1211.43
854.23	1221.80
854.41	1215.74
854.59	1219.79
854.77	1212.13
854.95	1212.87
855.13	1211.60
855.31	1218.62
855.49	1214.73
855.67	1214.88
855.84	1213.79
856.02	1215.84
856.20	1213.87
856.38	1220.28
856.56	1212.83
856.74	1216.35
856.92	1213.93
857.10	1219.65
857.28	1214.49
857.46	1217.89
857.64	1214.69
857.82	1218.48
858.00	1214.32
858.18	1217.78
858.36	1211.56
858.54	1226.18
858.72	1211.64
858.90	1221.45
859.08	1214.04
859.25	1222.60
859.43	1211.21
859.61	1223.89
859.79	1213.36
859.97	1215.80
860.15	1211.97
860.33	1213.97
860.51	1210.94
860.69	1222.25
860.87	1211.87
861.05	1223.70
861.23	1212.44
861.41	1212.25
861.58	1212.66
861.76	1217.78
861.94	1216.39
862.12	1223.56
862.30	1212.52
862.48	1223.78
862.66	1211.97
862.84	1217.78
863.02	1219.01
863.20	1222.76
863.37	1211.84
863.55	1220.96
863.73	1210.10
863.91	1222.78
864.09	1207.09
864.27	1215.84
864.45	1219.67
864.63	1218.19
864.80	1210.84
864.98	1215.69
865.16	1212.15
865.34	1216.60
865.52	1212.07
865.70	1221.74
865.88	1213.67
866.06	1221.02
866.23	1212.17
866.41	1219.32
866.59	1216.41
866.77	1223.76
866.95	1207.42
867.13	1218.95
867.31	1213.97
867.48	1223.31
867.66	1211.91
867.84	1217.70
868.02	1208.32
868.20	1222.68
868.38	1213.30
868.56	1218.46
868.73	1212.01
868.91	1216.80
869.09	1217.82
869.27	1220.65
869.45	1205.95
869.63	1216.25
869.80	1219.77
869.98	1214.02
870.16	1216.35
870.34	1223.72
870.52	1215.02
870.70	1213.48
870.87	1204.98
871.05	1214.06
871.23	1219.81
871.41	1213.87
871.59	1210.76
871.76	1217.68
871.94	1215.02
872.12	1212.62
872.30	1210.88
872.48	1223.33
872.65	1216.86
872.83	1220.38
873.01	1207.01
873.19	1222.13
873.37	1210.08
873.54	1215.51
873.72	1213.46
873.90	1219.18
874.08	1215.82
874.26	1216.29
874.43	1213.28
874.61	1217.82
874.79	1210.51
874.97	1218.95
875.15	1213.75
875.32	1224.54
875.50	1217.05
875.68	1216.62
875.86	1211.54
876.03	1220.24
876.21	1208.98
876.39	1225.22
876.57	1210.57
876.74	1222.21
876.92	1214.65
877.10	1213.40
877.28	1213.38
877.45	1219.52
877.63	1209.12
877.81	1221.84
877.99	1214.88
878.17	1217.56
878.34	1212.01
878.52	1221.63
878.70	1208.81
878.87	1216.82
879.05	1207.83
879.23	1215.96
879.41	1203.06
879.58	1211.05
879.76	1210.04
879.94	1213.83
880.12	1218.13
880.29	1216.41
880.47	1212.09
880.65	1217.13
880.83	1203.47
881.00	1213.18
881.18	1205.43
881.36	1219.24
881.53	1214.90
881.71	1215.06
881.89	1208.18
882.07	1218.83
882.24	1215.37
882.42	1217.93
882.60	1210.31
882.77	1214.73
882.95	1207.48
883.13	1219.32
883.30	1214.18
883.48	1220.12
883.66	1209.02
883.84	1223.78
884.01	1211.62
884.19	1217.91
884.37	1210.17
884.54	1219.71
884.72	1211.87
884.90	1218.19
885.07	1218.21
885.25	1222.08
885.43	1214.47
885.60	1223.11
885.78	1216.45
885.96	1214.88
886.13	1208.77
886.31	1218.46
886.49	1205.56
886.66	1218.64
886.84	1212.38
887.02	1221.20
887.19	1212.25
887.37	1212.99
887.55	1219.89
887.72	1218.77
887.90	1205.70
888.08	1215.51
888.25	1214.59
888.43	1219.57
888.61	1212.01
888.78	1217.37
888.96	1213.93
889.14	1220.73
889.31	1216.90
889.49	1218.50
889.67	1204.66
889.84	1220.77
890.02	1208.53
890.19	1219.50
890.37	1211.82
890.55	1218.42
890.72	1213.05
890.90	1215.67
891.08	1210.39
891.25	1216.82
891.43	1210.94
891.60	1223.93
891.78	1210.68
891.96	1212.85
892.13	1220.10
892.31	1219.38
892.48	1216.70
892.66	1216.37
892.84	1213.34
893.01	1219.38
893.19	1210.53
893.36	1218.07
893.54	1214.79
893.72	1218.21
893.89	1216.62
894.07	1222.27
894.24	1211.48
894.42	1237.34
894.60	1214.73
894.77	1219.95
894.95	1217.44
895.12	1213.89
895.30	1215.43
895.48	1223.58
895.65	1216.86
895.83	1220.59
896.00	1205.43
896.18	1226.55
896.35	1208.18
896.53	1218.68
896.71	1213.24
896.88	1219.24
897.06	1211.29
897.23	1218.79
897.41	1204.04
897.58	1211.74
897.76	1208.38
897.93	1222.94
898.11	1202.89
898.29	1217.76
898.46	1213.30
898.64	1221.41
898.81	1211.33
898.99	1221.98
899.16	1215.37
899.34	1224.69
899.51	1214.55
899.69	1213.99
899.86	1215.88
900.04	1210.47
900.21	1204.33
900.39	1221.67
900.57	1213.03
900.74	1220.30
900.92	1212.48
901.09	1222.21
901.27	1204.64
901.44	1215.51
901.62	1215.92
901.79	1216.41
901.97	1215.96
902.14	1219.50
902.32	1209.20
902.49	1229.29
902.67	1216.98
902.84	1216.27
903.02	1208.16
903.19	1222.04
903.37	1207.58
903.54	1214.42
903.72	1207.69
903.89	1212.64
904.07	1211.17
904.24	1220.94
904.42	1212.54
904.59	1221.84
904.77	1213.46
904.94	1223.31
905.12	1215.31
905.29	1216.47
905.47	1215.31
905.64	1215.18
905.82	1205.56
905.99	1215.02
906.16	1216.39
906.34	1219.11
906.51	1216.21
906.69	1212.83
906.86	1204.00
907.04	1214.81
907.21	1215.29
907.39	1214.20
907.56	1216.70
907.74	1220.65
907.91	1210.86
908.09	1213.85
908.26	1216.68
908.43	1212.25
908.61	1210.92
908.78	1215.82
908.96	1213.44
909.13	1217.07
909.31	1210.41
909.48	1225.26
909.65	1210.82
909.83	1220.77
910.00	1218.01
910.18	1218.25
910.35	1215.08
910.53	1218.42
910.70	1215.49
910.87	1214.77
911.05	1214.40
911.22	1219.01
911.40	1213.69
911.57	1210.74
911.75	1211.05
911.92	1212.85
912.09	1210.41
912.27	1224.79
912.44	1206.07
912.62	1214.69
912.79	1219.01
912.96	1222.66
913.14	1213.54
913.31	1218.42
913.49	1210.90
913.66	1222.84
913.83	1212.77
914.01	1214.77
914.18	1214.20
914.36	1218.07
914.53	1215.69
914.70	1222.29
914.88	1210.84
915.05	1217.68
915.22	1216.25
915.40	1215.41
915.57	1219.65
915.75	1217.27
915.92	1211.76
916.09	1224.99
916.27	1222.02
916.44	1218.36
916.61	1214.10
916.79	1214.67
916.96	1211.43
917.13	1214.38
917.31	1218.03
917.48	1219.24
917.66	1207.05
917.83	1216.25
918.00	1205.78
918.18	1221.37
918.35	1212.93
918.52	1223.99
918.70	1211.29
918.87	1219.40
919.04	1208.26
919.22	1221.33
919.39	1208.14
919.56	1219.16
919.74	1213.85
919.91	1218.21
920.08	1216.78
920.26	1222.19
920.43	1210.84
920.60	1219.65
920.78	1214.96
920.95	1221.76
921.12	1210.08
921.29	1218.28
921.47	1213.89
921.64	1218.38
921.81	1212.56
921.99	1221.29
922.16	1211.54
922.33	1219.67
922.51	1211.29
922.68	1213.13
922.85	1215.69
923.03	1216.27
923.20	1212.13
923.37	1219.71
923.54	1210.25
923.72	1219.40
923.89	1212.50
924.06	1210.66
924.24	1212.01
924.41	1212.42
924.58	1210.64
924.75	1220.51
924.93	1210.29
925.10	1214.83
925.27	1210.43
925.44	1223.46
925.62	1214.81
925.79	1210.31
925.96	1217.11
926.14	1212.70
926.31	1210.72
926.48	1220.81
926.65	1212.05
926.83	1219.97
927.00	1213.99
927.17	1219.91
927.34	1212.36
927.52	1218.73
927.69	1213.77
927.86	1218.17
928.03	1214.67
928.21	1213.16
928.38	1209.69
928.55	1222.51
928.72	1216.00
928.89	1220.18
929.07	1215.04
929.24	1222.00
929.41	1209.86
929.58	1213.95
929.76	1214.55
929.93	1214.42
930.10	1209.04
930.27	1214.65
930.44	1209.47
930.62	1213.16
930.79	1205.05
930.96	1221.43
931.13	1207.77
931.31	1217.21
931.48	1206.89
931.65	1219.26
931.82	1212.97
931.99	1214.55
932.17	1215.47
932.34	1213.48
932.51	1211.37
932.68	1220.24
932.85	1212.34
933.03	1227.29
933.20	1218.11
933.37	1217.78
933.54	1214.08
933.71	1226.63
933.88	1211.35
934.06	1220.94
934.23	1217.89
934.40	1220.16
934.57	1219.54
934.74	1220.81
934.91	1211.11
935.09	1218.01
935.26	1215.86
935.43	1215.22
935.60	1210.84
935.77	1216.27
935.94	1212.64
936.12	1223.44
936.29	1215.18
936.46	1219.59
936.63	1217.39
936.80	1224.05
936.97	1205.84
937.14	1213.20
937.32	1213.83
937.49	1220.22
937.66	1210.68
937.83	1221.96
938.00	1212.62
938.17	1217.21
938.34	1210.92
938.52	1227.14
938.69	1213.95
938.86	1227.49
939.03	1208.18
939.20	1220.00
939.37	1208.85
939.54	1217.85
939.71	1213.18
939.89	1225.91
940.06	1214.20
940.23	1216.55
940.40	1210.00
940.57	1219.77
940.74	1210.60
940.91	1220.10
941.08	1211.33
941.25	1214.77
941.43	1212.66
941.60	1218.68
941.77	1213.30
941.94	1225.26
942.11	1210.17
942.28	1218.25
942.45	1213.13
942.62	1212.70
942.79	1214.24
942.96	1218.56
943.13	1212.46
943.30	1217.87
943.48	1211.89
943.65	1217.27
943.82	1219.36
943.99	1218.28
944.16	1209.12
944.33	1219.26
944.50	1215.90
944.67	1219.79
944.84	1207.50
945.01	1214.30
945.18	1219.18
945.35	1223.29
945.52	1206.58
945.69	1218.79
945.86	1217.46
946.03	1214.92
946.21	1212.70
946.38	1209.51
946.55	1207.42
946.72	1220.38
946.89	1212.13
947.06	1221.63
947.23	1214.96
947.40	1210.60
947.57	1212.58
947.74	1217.64
947.91	1210.57
948.08	1221.72
948.25	1214.79
948.42	1217.19
948.59	1208.65
948.76	1221.90
948.93	1217.17
949.10	1223.83
949.27	1215.20
949.44	1213.26
949.61	1209.82
949.78	1221.96
949.95	1216.80
950.12	1215.35
950.29	1206.79
950.46	1219.65
950.63	1208.87
950.80	1217.31
950.97	1207.20
951.14	1217.09
951.31	1210.49
951.48	1217.82
951.65	1211.09
951.82	1211.05
951.99	1202.73
952.16	1211.27
952.33	1211.29
952.50	1219.11
952.67	1215.24
952.84	1221.51
953.01	1207.56
953.18	1216.66
953.35	1214.49
953.52	1221.55
953.69	1209.90
953.86	1223.05
954.03	1210.98
954.20	1218.07
954.37	1214.92
954.54	1215.33
954.70	1217.25
954.87	1218.83
955.04	1211.21
955.21	1220.71
955.38	1213.16
955.55	1215.39
955.72	1210.31
955.89	1221.57
956.06	1210.35
956.23	1220.98
956.40	1212.68
956.57	1216.19
956.74	1209.14
956.91	1225.73
957.08	1203.35
957.25	1211.76
957.41	1207.34
957.58	1219.95
957.75	1210.00
957.92	1214.55
958.09	1215.12
958.26	1218.15
958.43	1215.08
958.60	1219.67
958.77	1213.22
958.94	1217.23
959.11	1218.83
959.27	1222.08
959.44	1215.82
959.61	1216.82
959.78	1220.49
959.95	1221.14
960.12	1210.25
960.29	1222.80
960.46	1210.53
960.63	1217.70
960.80	1206.99
960.96	1226.84
961.13	1205.45
961.30	1213.85
961.47	1208.42
961.64	1219.44
961.81	1215.61
961.98	1221.20
962.15	1213.77
962.31	1221.29
962.48	1209.71
962.65	1218.07
962.82	1208.36
962.99	1219.05
963.16	1214.98
963.33	1217.64
963.49	1212.40
963.66	1221.70
963.83	1212.21
964.00	1218.09
964.17	1212.58
964.34	1220.00
964.51	1208.08
964.67	1218.11
964.84	1204.57
965.01	1236.46
965.18	1208.90
965.35	1216.25
965.52	1207.20
965.68	1222.37
965.85	1212.87
966.02	1217.05
966.19	1218.32
966.36	1221.65
966.52	1216.68
966.69	1220.77
966.86	1206.40
967.03	1218.54
967.20	1204.88
967.37	1222.86
967.53	1218.03
967.70	1229.13
967.87	1212.52
968.04	1214.79
968.21	1212.58
968.37	1220.32
968.54	1215.96
968.71	1220.67
968.88	1210.37
969.05	1216.23
969.21	1214.69
969.38	1221.14
969.55	1212.93
969.72	1220.65
969.89	1206.62
970.05	1220.18
970.22	1215.65
970.39	1217.80
970.56	1209.84
970.72	1207.46
970.89	1213.46
971.06	1223.44
971.23	1206.54
971.39	1215.69
971.56	1212.13
971.73	1222.66
971.90	1216.39
972.07	1220.71
972.23	1217.15
972.40	1220.06
972.57	1213.01
972.74	1211.66
972.90	1210.31
973.07	1218.99
973.24	1211.37
973.40	1218.91
973.57	1215.08
973.74	1220.75
973.91	1205.52
974.07	1228.47
974.24	1212.01
974.41	1227.02
974.58	1213.52
974.74	1218.34
974.91	1222.33
975.08	1219.95
975.25	1212.60
975.41	1218.42
975.58	1208.34
975.75	1219.20
975.91	1210.12
976.08	1223.60
976.25	1205.97
976.42	1215.45
976.58	1205.99
976.75	1220.47
976.92	1208.73
977.08	1217.91
977.25	1205.21
977.42	1220.79
977.58	1210.04
977.75	1219.36
977.92	1214.79
978.08	1214.02
978.25	1219.34
978.42	1222.25
978.59	1215.16
978.75	1215.55
978.92	1218.25
979.09	1215.10
979.25	1210.25
979.42	1223.19
979.59	1210.55
979.75	1215.51
979.92	1216.64
980.09	1215.67
980.25	1212.09
980.42	1215.98
980.59	1213.16
980.75	1217.17
980.92	1209.47
981.09	1219.59
981.25	1208.47
981.42	1216.02
981.59	1219.09
981.75	1215.92
981.92	1206.48
982.08	1220.96
982.25	1212.30
982.42	1219.95
982.58	1211.25
982.75	1213.28
982.92	1211.19
983.08	1215.55
983.25	1207.03
983.42	1213.97
983.58	1214.63
983.75	1214.98
983.91	1213.20
984.08	1224.03
984.25	1210.88
984.41	1219.69
984.58	1214.51
984.74	1221.86
984.91	1210.04
985.08	1216.51
985.24	1209.51
985.41	1224.81
985.57	1212.75
985.74	1218.85
985.91	1207.32
986.07	1220.63
986.24	1213.97
986.40	1219.89
986.57	1208.04
986.74	1216.76
986.90	1207.30
987.07	1224.36
987.23	1206.38
987.40	1217.42
987.57	1215.37
987.73	1227.57
987.90	1211.91
988.06	1217.15
988.23	1214.36
988.39	1218.79
988.56	1207.75
988.73	1217.70
988.89	1214.73
989.06	1214.86
989.22	1211.66
989.39	1217.85
989.55	1208.51
989.72	1214.92
989.88	1207.75
990.05	1217.46
990.22	1212.77
990.38	1222.04
990.55	1210.33
990.71	1221.51
990.88	1215.57
991.04	1217.15
991.21	1215.20
991.37	1221.39
991.54	1215.24
991.70	1212.77
991.87	1210.19
992.03	1215.76
992.20	1212.11
992.36	1222.45
992.53	1213.91
992.69	1216.02
992.86	1209.28
993.03	1220.16
993.19	1213.81
993.36	1222.41
993.52	1212.03
993.69	1220.69
993.85	1216.92
994.02	1211.07
994.18	1210.25
994.35	1224.09
994.51	1210.04
994.68	1214.51
994.84	1211.19
995.01	1216.64
995.17	1215.67
995.34	1220.26
995.50	1217.33
995.66	1224.05
995.83	1210.84
995.99	1221.76
996.16	1204.10
996.32	1214.47
996.49	1206.89
996.65	1219.95
996.82	1217.74
996.98	1217.21
997.15	1214.88
997.31	1220.28
997.48	1209.63
997.64	1220.92
997.81	1211.91
997.97	1216.62
998.13	1211.52
998.30	1218.54
998.46	1211.56
998.63	1220.92
998.79	1216.70
998.96	1220.45
999.12	1213.95
999.29	1212.36
999.45	1215.47
999.61	1219.05
999.78	1214.24
999.94	1221.84
1000.11	1215.80
1000.27	1221.76
1000.44	1210.84
1000.60	1220.63
1000.76	1211.29
1000.93	1224.83
1001.09	1210.64
1001.26	1218.46
1001.42	1213.73
1001.59	1225.01
1001.75	1212.09
1001.91	1221.27
1002.08	1210.33
1002.24	1216.55
1002.41	1215.51
1002.57	1221.74
1002.73	1213.63
1002.90	1214.22
1003.06	1214.96
1003.23	1222.13
1003.39	1215.06
1003.55	1223.58
1003.72	1209.59
1003.88	1223.50
1004.04	1206.64
1004.21	1218.56
1004.37	1219.57
1004.54	1221.80
1004.70	1212.89
1004.86	1222.35
1005.03	1214.10
1005.19	1220.67
1005.35	1208.63
1005.52	1218.34
1005.68	1206.79
1005.85	1216.82
1006.01	1209.08
1006.17	1219.40
1006.34	1209.06
1006.50	1221.70
1006.66	1213.71
1006.83	1219.24
1006.99	1216.49
1007.15	1217.93
1007.32	1214.04
1007.48	1212.25
1007.64	1203.08
1007.81	1218.21
1007.97	1216.74
1008.13	1220.28
1008.30	1213.54
1008.46	1221.39
1008.62	1212.75
1008.79	1221.20
1008.95	1218.71
1009.11	1219.54
1009.28	1212.60
1009.44	1217.95
1009.60	1213.24
1009.77	1215.94
1009.93	1213.28
1010.09	1216.64
1010.25	1212.95
1010.42	1216.31
1010.58	1217.23
1010.74	1218.25
1010.91	1211.64
1011.07	1216.96
1011.23	1209.51
1011.40	1216.33
1011.56	1214.92
1011.72	1215.90
1011.88	1216.23
1012.05	1215.31
1012.21	1212.11
1012.37	1219.40
1012.54	1213.65
1012.70	1220.10
1012.86	1212.21
1013.02	1207.48
1013.19	1210.06
1013.35	1218.50
1013.51	1216.90
1013.67	1217.60
1013.84	1214.94
1014.00	1223.23
1014.16	1217.91
1014.33	1219.38
1014.49	1204.66
1014.65	1220.43
1014.81	1204.00
1014.98	1225.12
1015.14	1215.74
1015.30	1216.33
1015.46	1215.08
1015.62	1212.77
1015.79	1208.73
1015.95	1221.20
1016.11	1223.25
1016.27	1211.62
1016.44	1207.52
1016.60	1222.17
1016.76	1214.57
1016.92	1221.88
1017.09	1207.13
1017.25	1217.99
1017.41	1208.30
1017.57	1220.84
1017.73	1207.46
1017.90	1214.63
1018.06	1218.89
1018.22	1216.55
1018.38	1213.42
1018.54	1213.91
1018.71	1211.97
1018.87	1217.82
1019.03	1218.52
1019.19	1212.79
1019.35	1218.89
1019.52	1215.94
1019.68	1206.93
1019.84	1210.57
1020.00	1210.62
1020.16	1217.05
1020.33	1216.90
1020.49	1221.00
1020.65	1206.34
1020.81	1220.51
1020.97	1215.06
1021.13	1219.85
1021.30	1213.85
1021.46	1219.30
1021.62	1210.08
1021.78	1217.05
1021.94	1208.24
1022.10	1216.27
1022.27	1213.34
1022.43	1216.25
1022.59	1215.76
1022.75	1220.88
1022.91	1215.22
1023.07	1215.08
1023.24	1212.56
1023.40	1214.32
1023.56	1209.35
1023.72	1219.61
1023.88	1215.41
1024.04	1217.78
1024.20	1215.35
1024.36	1224.21
1024.53	1205.15
1024.69	1219.26
1024.85	1203.37
1025.01	1217.05
1025.17	1208.90
1025.33	1216.88
1025.49	1209.06
1025.65	1218.68
1025.82	1210.76
1025.98	1220.26
1026.14	1206.93
1026.30	1220.10
1026.46	1207.69
1026.62	1214.96
1026.78	1211.99
1026.94	1218.32
1027.10	1211.95
1027.26	1223.72
1027.43	1213.69
1027.59	1214.73
1027.75	1212.91
1027.91	1218.95
1028.07	1211.21
1028.23	1218.13
1028.39	1205.58
1028.55	1220.65
1028.71	1208.22
1028.87	1210.72
1029.03	1216.25
1029.19	1217.11
1029.36	1211.19
1029.52	1215.18
1029.68	1207.52
1029.84	1220.06
1030.00	1214.90
1030.16	1223.31
1030.32	1213.44
1030.48	1216.51
1030.64	1214.26
1030.80	1227.70
1030.96	1215.04
1031.12	1215.76
1031.28	1206.79
1031.44	1224.09
1031.60	1210.17
1031.76	1211.68
1031.92	1211.19
1032.08	1235.93
1032.24	1217.09
1032.40	1215.90
1032.56	1213.61
1032.73	1224.58
1032.89	1220.00
1033.05	1219.85
1033.21	1208.61
1033.37	1214.55
1033.53	1219.85
1033.69	1218.91
1033.85	1219.69
1034.01	1221.86
1034.17	1213.77
1034.33	1218.21
1034.49	1212.19
1034.65	1215.86
1034.81	1216.19
1034.97	1209.78
1035.13	1219.52
1035.29	1219.48
1035.45	1208.67
1035.61	1224.48
1035.77	1213.52
1035.93	1216.58
1036.09	1210.02
1036.25	1213.32
1036.41	1214.10
1036.57	1213.77
1036.73	1211.52
1036.88	1217.15
1037.04	1208.75
