345.52	1202.92
345.73	1202.92
345.94	1202.92
346.16	1196.69
346.37	1207.93
346.58	1204.59
346.79	1203.67
347.00	1205.07
347.22	1207.52
347.43	1200.11
347.64	1205.76
347.85	1199.39
348.06	1211.54
348.28	1198.96
348.49	1208.34
348.70	1207.48
348.91	1207.36
349.12	1202.08
349.34	1211.64
349.55	1204.31
349.76	1210.62
349.97	1207.67
350.18	1211.21
350.40	1208.28
350.61	1211.43
350.82	1205.27
351.03	1205.91
351.24	1206.32
351.46	1216.49
351.67	1208.06
351.88	1208.28
352.09	1206.29
352.30	1210.49
352.51	1204.35
352.73	1208.79
352.94	1201.79
353.15	1206.13
353.36	1203.26
353.57	1206.21
353.79	1206.77
354.00	1208.96
354.21	1203.51
354.42	1210.82
354.63	1205.07
354.84	1213.32
355.06	1201.13
355.27	1212.85
355.48	1207.40
355.69	1206.17
355.90	1205.29
356.11	1200.72
356.33	1206.75
356.54	1218.17
356.75	1201.26
356.96	1218.05
357.17	1201.67
357.38	1204.86
357.60	1204.51
357.81	1216.08
358.02	1208.12
358.23	1211.97
358.44	1210.29
358.65	1219.87
358.87	1201.40
359.08	1213.61
359.29	1200.38
359.50	1214.90
359.71	1199.99
359.92	1206.15
360.13	1203.65
360.35	1215.41
360.56	1203.37
360.77	1209.47
360.98	1206.54
361.19	1212.85
361.40	1208.98
361.62	1210.55
361.83	1205.43
362.04	1208.04
362.25	1211.13
362.46	1210.76
362.67	1198.57
362.88	1214.10
363.10	1211.21
363.31	1214.73
363.52	1201.34
363.73	1210.96
363.94	1208.18
364.15	1209.20
364.36	1204.51
364.57	1211.62
364.79	1201.01
365.00	1214.34
365.21	1206.05
365.42	1216.92
365.63	1211.62
365.84	1211.72
366.05	1204.53
366.27	1207.22
366.48	1203.30
366.69	1209.65
366.90	1203.63
367.11	1208.69
367.32	1208.69
367.53	1213.11
367.74	1211.27
367.95	1213.77
368.17	1208.61
368.38	1211.03
368.59	1208.08
368.80	1215.80
369.01	1212.23
369.22	1213.32
369.43	1203.73
369.64	1206.17
369.86	1211.62
370.07	1209.63
370.28	1198.31
370.49	1210.76
370.70	1207.91
370.91	1213.22
371.12	1201.67
371.33	1216.47
371.54	1207.15
371.76	1206.68
371.97	1206.83
372.18	1210.86
372.39	1206.50
372.60	1210.92
372.81	1202.92
373.02	1210.98
373.23	1215.26
373.44	1204.55
373.65	1205.52
373.87	1216.25
374.08	1202.85
374.29	1204.39
374.50	1208.85
374.71	1213.56
374.92	1215.98
375.13	1214.81
375.34	1215.80
375.55	1215.59
375.76	1207.44
375.97	1206.34
376.19	1202.89
376.40	1209.80
376.61	1202.63
376.82	1212.93
377.03	1206.60
377.24	1210.27
377.45	1206.21
377.66	1211.27
377.87	1201.24
378.08	1214.16
378.29	1209.76
378.50	1213.05
378.71	1199.88
378.93	1209.92
379.14	1210.33
379.35	1214.26
379.56	1211.21
379.77	1214.96
379.98	1202.92
380.19	1209.94
380.40	1199.70
380.61	1214.06
380.82	1202.89
381.03	1215.49
381.24	1207.44
381.45	1213.85
381.66	1201.36
381.88	1213.03
382.09	1203.43
382.30	1211.37
382.51	1207.83
382.72	1208.49
382.93	1199.82
383.14	1212.99
383.35	1211.09
383.56	1216.06
383.77	1205.11
383.98	1218.28
384.19	1204.08
384.40	1212.73
384.61	1208.24
384.82	1210.57
385.03	1203.00
385.24	1218.44
385.45	1208.40
385.67	1209.08
385.88	1211.07
386.09	1218.32
386.30	1206.54
386.51	1213.63
386.72	1205.82
386.93	1211.13
387.14	1204.29
387.35	1209.35
387.56	1212.13
387.77	1216.49
387.98	1208.53
388.19	1216.47
388.40	1212.75
388.61	1215.29
388.82	1195.65
389.03	1207.46
389.24	1212.91
389.45	1211.60
389.66	1201.09
389.87	1209.65
390.08	1216.45
390.29	1209.41
390.50	1210.10
390.71	1209.18
390.92	1212.68
391.13	1204.43
391.34	1205.19
391.55	1212.13
391.76	1206.62
391.98	1207.95
392.19	1205.78
392.40	1212.73
392.61	1207.11
392.82	1215.82
393.03	1210.17
393.24	1215.86
393.45	1208.55
393.66	1217.62
393.87	1211.21
394.08	1210.68
394.29	1209.67
394.50	1209.04
394.71	1202.71
394.92	1215.92
395.13	1208.16
395.34	1210.47
395.55	1203.14
395.76	1218.38
395.97	1209.04
396.18	1214.92
396.39	1210.41
396.60	1208.04
396.81	1209.24
397.02	1213.93
397.23	1203.08
397.44	1224.19
397.65	1199.64
397.86	1210.23
398.07	1203.73
398.28	1209.47
398.49	1209.88
398.70	1210.10
398.91	1205.13
399.12	1211.13
399.33	1202.12
399.54	1220.84
399.75	1208.92
399.96	1213.89
400.17	1208.06
400.38	1208.59
400.59	1209.39
400.80	1216.41
401.01	1201.24
401.22	1215.76
401.42	1206.77
401.63	1210.88
401.84	1210.06
402.05	1212.56
402.26	1213.32
402.47	1219.01
402.68	1206.03
402.89	1211.97
403.10	1202.32
403.31	1217.62
403.52	1216.98
403.73	1217.74
403.94	1209.71
404.15	1217.23
404.36	1209.39
404.57	1221.02
404.78	1204.72
404.99	1213.22
405.20	1203.10
405.41	1216.37
405.62	1212.44
405.83	1221.92
406.04	1211.84
406.25	1217.42
406.46	1208.79
406.67	1214.47
406.88	1201.97
407.09	1218.15
407.30	1210.72
407.50	1226.22
407.71	1204.23
407.92	1222.35
408.13	1205.66
408.34	1217.97
408.55	1212.83
408.76	1213.61
408.97	1217.29
409.18	1216.84
409.39	1212.56
409.60	1218.11
409.81	1213.79
410.02	1212.99
410.23	1204.51
410.44	1213.89
410.65	1216.27
410.86	1219.28
411.07	1216.21
411.27	1219.77
411.48	1213.34
411.69	1223.13
411.90	1219.11
412.11	1218.30
412.32	1215.96
412.53	1215.53
412.74	1212.58
412.95	1221.86
413.16	1211.17
413.37	1213.09
413.58	1216.78
413.79	1225.46
414.00	1212.32
414.20	1222.15
414.41	1216.72
414.62	1224.64
414.83	1217.39
415.04	1220.98
415.25	1210.82
415.46	1217.80
415.67	1217.48
415.88	1221.37
416.09	1212.40
416.30	1215.08
416.51	1210.19
416.71	1211.00
416.92	1206.99
417.13	1215.22
417.34	1206.77
417.55	1217.78
417.76	1213.59
417.97	1214.45
418.18	1202.94
418.39	1206.66
418.60	1204.27
418.81	1216.86
419.01	1205.31
419.22	1215.80
419.43	1213.83
419.64	1210.92
419.85	1208.36
420.06	1216.21
420.27	1202.34
420.48	1214.08
420.69	1204.76
420.90	1215.92
421.10	1206.72
421.31	1213.79
421.52	1207.38
421.73	1221.00
421.94	1210.10
422.15	1213.85
422.36	1214.40
422.57	1217.46
422.78	1210.31
422.98	1220.79
423.19	1204.23
423.40	1217.62
423.61	1207.67
423.82	1213.89
424.03	1206.44
424.24	1211.21
424.45	1203.30
424.65	1208.04
424.86	1207.09
425.07	1210.49
425.28	1211.52
425.49	1215.55
425.70	1211.35
425.91	1210.55
426.12	1207.69
426.32	1219.93
426.53	1215.69
426.74	1210.94
426.95	1208.40
427.16	1214.28
427.37	1200.33
427.58	1216.90
427.78	1211.95
427.99	1216.78
428.20	1212.62
428.41	1212.09
428.62	1209.39
428.83	1209.86
429.04	1214.77
429.24	1220.65
429.45	1215.29
429.66	1212.34
429.87	1197.14
430.08	1213.75
430.29	1213.24
430.50	1213.16
430.70	1203.96
430.91	1210.57
431.12	1215.57
431.33	1218.87
431.54	1205.41
431.75	1217.60
431.96	1207.24
432.16	1225.75
432.37	1199.15
432.58	1208.24
432.79	1205.15
433.00	1209.06
433.21	1206.93
433.41	1213.93
433.62	1205.00
433.83	1214.77
434.04	1207.20
434.25	1214.06
434.46	1206.44
434.66	1209.04
434.87	1200.48
435.08	1218.48
435.29	1207.28
435.50	1218.15
435.71	1202.51
435.91	1207.81
436.12	1206.17
436.33	1216.43
436.54	1209.61
436.75	1209.92
436.95	1209.33
437.16	1217.21
437.37	1210.08
437.58	1209.00
437.79	1209.06
438.00	1217.58
438.20	1204.08
438.41	1214.12
438.62	1211.89
438.83	1211.74
439.04	1204.86
439.24	1213.83
439.45	1212.17
439.66	1215.06
439.87	1202.71
440.08	1213.65
440.28	1202.87
440.49	1215.41
440.70	1206.95
440.91	1217.39
441.12	1208.12
441.32	1215.55
441.53	1199.04
441.74	1211.78
441.95	1210.80
442.16	1216.27
442.36	1210.06
442.57	1214.71
442.78	1197.55
442.99	1216.45
443.20	1208.61
443.40	1216.49
443.61	1203.59
443.82	1220.12
444.03	1205.37
444.24	1215.94
444.44	1208.14
444.65	1222.80
444.86	1204.82
445.07	1215.22
445.27	1208.36
445.48	1210.60
445.69	1207.20
445.90	1211.89
446.11	1203.82
446.31	1212.25
446.52	1210.06
446.73	1209.90
446.94	1204.27
447.14	1210.35
447.35	1210.23
447.56	1210.35
447.77	1206.66
447.97	1213.30
448.18	1205.91
448.39	1216.88
448.60	1203.51
448.81	1217.33
449.01	1212.50
449.22	1205.23
449.43	1205.11
449.64	1218.89
449.84	1210.21
450.05	1214.40
450.26	1210.96
450.47	1208.16
450.67	1205.78
450.88	1215.02
451.09	1204.45
451.30	1208.94
451.50	1203.26
451.71	1211.15
451.92	1202.28
452.13	1216.21
452.33	1207.38
452.54	1210.33
452.75	1205.00
452.96	1222.60
453.16	1208.63
453.37	1211.68
453.58	1205.93
453.79	1216.68
453.99	1208.65
454.20	1210.41
454.41	1207.30
454.61	1216.62
454.82	1211.54
455.03	1207.32
455.24	1206.91
455.44	1212.99
455.65	1209.47
455.86	1210.35
456.07	1208.16
456.27	1209.84
456.48	1205.88
456.69	1207.95
456.90	1203.02
457.10	1213.20
457.31	1216.60
457.52	1215.22
457.72	1206.11
457.93	1212.38
458.14	1210.49
458.35	1214.98
458.55	1204.55
458.76	1207.71
458.97	1209.90
459.17	1212.54
459.38	1204.88
459.59	1212.79
459.80	1210.41
460.00	1216.70
460.21	1206.32
460.42	1213.36
460.62	1207.26
460.83	1212.01
461.04	1217.50
461.25	1213.81
461.45	1212.11
461.66	1215.20
461.87	1208.12
462.07	1217.07
462.28	1198.27
462.49	1218.99
462.69	1217.19
462.90	1210.29
463.11	1211.78
463.31	1211.87
463.52	1208.28
463.73	1214.61
463.94	1209.28
464.14	1212.62
464.35	1203.06
464.56	1210.80
464.76	1211.91
464.97	1214.75
465.18	1209.39
465.38	1217.91
465.59	1206.85
465.80	1215.55
466.00	1202.98
466.21	1209.71
466.42	1202.03
466.62	1212.19
466.83	1200.70
467.04	1213.56
467.24	1209.53
467.45	1208.28
467.66	1204.76
467.86	1218.19
468.07	1206.97
468.28	1211.33
468.48	1204.00
468.69	1222.39
468.90	1205.45
469.10	1221.55
469.31	1209.94
469.52	1213.05
469.72	1207.05
469.93	1211.03
470.14	1208.71
470.34	1216.12
470.55	1201.50
470.76	1210.90
470.96	1206.44
471.17	1218.19
471.38	1204.45
471.58	1220.26
471.79	1204.90
472.00	1218.44
472.20	1202.01
472.41	1210.68
472.62	1207.26
472.82	1218.83
473.03	1209.20
473.24	1211.35
473.44	1200.01
473.65	1213.34
473.85	1206.34
474.06	1213.99
474.27	1204.72
474.47	1213.61
474.68	1214.94
474.89	1211.15
475.09	1209.80
475.30	1207.09
475.51	1210.51
475.71	1219.40
475.92	1209.78
476.12	1218.23
476.33	1204.49
476.54	1209.51
476.74	1206.97
476.95	1211.66
477.16	1204.68
477.36	1216.33
477.57	1204.19
477.77	1212.36
477.98	1208.57
478.19	1218.79
478.39	1209.49
478.60	1213.83
478.81	1208.10
479.01	1215.92
479.22	1198.96
479.42	1215.94
479.63	1205.70
479.84	1218.71
480.04	1205.88
480.25	1213.07
480.45	1207.89
480.66	1202.61
480.87	1214.71
481.07	1206.95
481.28	1215.39
481.48	1218.05
481.69	1213.30
481.90	1207.24
482.10	1203.41
482.31	1215.74
482.51	1210.39
482.72	1212.38
482.93	1210.78
483.13	1214.73
483.34	1212.79
483.54	1210.02
483.75	1216.06
483.96	1209.51
484.16	1215.37
484.37	1217.82
484.57	1208.59
484.78	1213.48
484.99	1205.56
485.19	1216.92
485.40	1206.19
485.60	1215.37
485.81	1210.04
486.01	1216.74
486.22	1205.09
486.43	1212.01
486.63	1208.22
486.84	1220.00
487.04	1202.42
487.25	1215.84
487.46	1204.98
487.66	1212.64
487.87	1209.20
488.07	1215.49
488.28	1204.96
488.48	1211.89
488.69	1206.07
488.89	1216.66
489.10	1205.00
489.31	1213.87
489.51	1210.25
489.72	1206.15
489.92	1209.61
490.13	1209.35
490.33	1205.39
490.54	1215.98
490.75	1206.27
490.95	1210.04
491.16	1207.38
491.36	1212.19
491.57	1201.44
491.77	1211.46
491.98	1204.88
492.18	1210.86
492.39	1209.18
492.59	1205.09
492.80	1208.67
493.01	1211.05
493.21	1208.87
493.42	1215.16
493.62	1205.33
493.83	1211.56
494.03	1204.84
494.24	1208.10
494.44	1207.73
494.65	1210.84
494.85	1202.44
495.06	1210.88
495.26	1212.73
495.47	1210.53
495.68	1205.52
495.88	1208.06
496.09	1209.33
496.29	1214.04
496.50	1209.06
496.70	1211.87
496.91	1202.83
497.11	1217.46
497.32	1209.53
497.52	1219.48
497.73	1201.28
497.93	1213.73
498.14	1208.47
498.34	1216.12
498.55	1207.09
498.75	1214.30
498.96	1212.27
499.16	1217.70
499.37	1211.66
499.57	1211.50
499.78	1214.24
499.98	1213.36
500.19	1210.96
500.39	1212.48
500.60	1208.90
500.80	1211.29
501.01	1201.85
501.21	1209.00
501.42	1202.46
501.62	1211.56
501.83	1207.73
502.03	1212.01
502.24	1207.22
502.44	1214.79
502.65	1204.08
502.85	1214.90
503.06	1208.18
503.26	1215.29
503.47	1208.49
503.67	1216.90
503.88	1208.63
504.08	1213.20
504.29	1205.80
504.49	1213.61
504.70	1201.65
504.90	1211.97
505.11	1202.49
505.31	1216.80
505.52	1204.39
505.72	1216.49
505.93	1205.62
506.13	1205.27
506.34	1210.86
506.54	1207.61
506.75	1213.40
506.95	1212.19
507.16	1208.59
507.36	1213.16
507.56	1215.78
507.77	1211.00
507.97	1208.24
508.18	1210.14
508.38	1208.36
508.59	1212.60
508.79	1205.64
509.00	1207.13
509.20	1204.70
509.41	1217.01
509.61	1199.13
509.82	1223.76
510.02	1206.93
510.22	1218.60
510.43	1209.28
510.63	1208.92
510.84	1207.93
511.04	1211.64
511.25	1209.47
511.45	1220.71
511.66	1202.08
511.86	1217.13
512.06	1203.94
512.27	1211.78
512.47	1201.36
512.68	1215.06
512.88	1207.24
513.09	1208.71
513.29	1206.15
513.50	1205.78
513.70	1208.34
513.90	1213.42
514.11	1211.99
514.31	1218.62
514.52	1209.10
514.72	1219.85
514.93	1205.54
515.13	1210.90
515.33	1211.25
515.54	1215.74
515.74	1209.43
515.95	1211.39
516.15	1199.21
516.36	1217.64
516.56	1204.76
516.76	1212.46
516.97	1209.16
517.17	1208.26
517.38	1204.08
517.58	1225.65
517.78	1206.34
517.99	1214.73
518.19	1206.36
518.40	1217.64
518.60	1210.60
518.81	1220.81
519.01	1206.72
519.21	1209.35
519.42	1206.64
519.62	1213.99
519.83	1201.85
520.03	1212.95
520.23	1211.99
520.44	1212.70
520.64	1206.19
520.85	1207.77
521.05	1212.62
521.25	1214.16
521.46	1208.44
521.66	1213.89
521.86	1202.63
522.07	1214.22
522.27	1203.98
522.48	1216.49
522.68	1208.61
522.88	1211.78
523.09	1212.50
523.29	1214.40
523.50	1207.73
523.70	1215.24
523.90	1199.07
524.11	1206.87
524.31	1206.05
524.51	1214.59
524.72	1202.32
524.92	1216.66
525.13	1212.87
525.33	1217.25
525.53	1209.16
525.74	1219.48
525.94	1210.29
526.14	1213.07
526.35	1206.13
526.55	1215.31
526.76	1207.83
526.96	1214.96
527.16	1200.11
527.37	1212.38
527.57	1202.18
527.77	1212.95
527.98	1199.56
528.18	1220.14
528.38	1212.66
528.59	1218.81
528.79	1210.76
528.99	1209.28
529.20	1206.48
529.40	1211.09
529.61	1207.34
529.81	1214.77
530.01	1208.92
530.22	1212.52
530.42	1207.83
530.62	1206.44
530.83	1211.13
531.03	1213.67
531.23	1211.46
531.44	1214.30
531.64	1206.62
531.84	1216.90
532.05	1214.06
532.25	1212.32
532.45	1201.38
532.66	1216.00
532.86	1210.80
533.06	1212.75
533.27	1206.97
533.47	1212.21
533.67	1211.25
533.88	1221.90
534.08	1210.31
534.28	1221.18
534.49	1208.42
534.69	1207.20
534.89	1211.54
535.09	1212.03
535.30	1206.27
535.50	1204.47
535.70	1204.35
535.91	1210.37
536.11	1209.74
536.31	1214.14
536.52	1212.21
536.72	1220.79
536.92	1201.71
537.13	1215.00
537.33	1211.13
537.53	1213.81
537.74	1210.00
537.94	1206.21
538.14	1203.51
538.34	1215.63
538.55	1209.88
538.75	1220.34
538.95	1206.77
539.16	1212.58
539.36	1207.48
539.56	1206.91
539.77	1203.20
539.97	1217.23
540.17	1206.52
540.37	1212.09
540.58	1209.43
540.78	1223.01
540.98	1206.93
541.19	1210.66
541.39	1213.69
541.59	1213.79
541.79	1209.22
542.00	1224.17
542.20	1208.30
542.40	1210.45
542.60	1205.35
542.81	1208.28
543.01	1201.50
543.21	1219.18
543.42	1203.67
543.62	1216.58
543.82	1206.03
544.02	1209.55
544.23	1206.25
544.43	1215.49
544.63	1206.34
544.83	1219.48
545.04	1208.47
545.24	1215.69
545.44	1209.02
545.64	1212.27
545.85	1207.73
546.05	1216.23
546.25	1212.19
546.45	1213.18
546.66	1216.08
546.86	1213.91
547.06	1214.20
547.27	1223.29
547.47	1202.22
547.67	1210.70
547.87	1201.38
548.07	1216.84
548.28	1210.62
548.48	1220.28
548.68	1203.06
548.88	1205.78
549.09	1207.93
549.29	1207.91
549.49	1203.71
549.69	1216.51
549.90	1213.28
550.10	1215.49
550.30	1208.24
550.50	1217.72
550.71	1213.46
550.91	1217.35
551.11	1201.52
551.31	1215.82
551.51	1206.42
551.72	1213.32
551.92	1204.21
552.12	1210.27
552.32	1207.73
552.53	1213.59
552.73	1210.12
552.93	1216.21
553.13	1209.67
553.33	1218.60
553.54	1205.07
553.74	1214.18
553.94	1210.98
554.14	1217.19
554.35	1205.56
554.55	1213.01
554.75	1209.28
554.95	1206.58
555.15	1206.46
555.36	1216.45
555.56	1212.48
555.76	1217.68
555.96	1202.12
556.16	1211.43
556.37	1204.33
556.57	1211.74
556.77	1213.63
556.97	1207.67
557.17	1207.56
557.38	1216.02
557.58	1208.77
557.78	1211.84
557.98	1207.07
558.18	1209.67
558.38	1208.49
558.59	1208.85
558.79	1203.57
558.99	1215.18
559.19	1208.26
559.39	1213.81
559.60	1207.40
559.80	1214.96
560.00	1206.27
560.20	1211.50
560.40	1209.53
560.60	1212.25
560.81	1215.39
561.01	1213.97
561.21	1205.45
561.41	1216.53
561.61	1207.67
561.81	1215.31
562.02	1205.52
562.22	1213.79
562.42	1202.92
562.62	1215.86
562.82	1209.08
563.02	1214.63
563.23	1208.16
563.43	1211.13
563.63	1208.42
563.83	1215.86
564.03	1210.57
564.23	1209.41
564.43	1209.33
564.64	1211.68
564.84	1207.42
565.04	1212.32
565.24	1200.38
565.44	1208.81
565.64	1209.63
565.85	1214.20
566.05	1201.69
566.25	1209.90
566.45	1210.72
566.65	1214.57
566.85	1210.31
567.05	1215.29
567.25	1205.58
567.46	1212.25
567.66	1202.20
567.86	1216.82
568.06	1203.30
568.26	1213.73
568.46	1206.48
568.66	1214.02
568.86	1212.19
569.07	1216.00
569.27	1206.29
569.47	1214.18
569.67	1207.77
569.87	1208.24
570.07	1202.16
570.27	1215.22
570.47	1205.23
570.68	1213.83
570.88	1214.59
571.08	1213.59
571.28	1208.34
571.48	1212.68
571.68	1209.12
571.88	1219.75
572.08	1209.24
572.28	1210.76
572.49	1207.34
572.69	1214.16
572.89	1209.67
573.09	1216.60
573.29	1209.57
573.49	1218.64
573.69	1210.14
573.89	1214.16
574.09	1219.54
574.29	1215.45
574.50	1202.10
574.70	1216.23
574.90	1203.88
575.10	1217.80
575.30	1205.95
575.50	1214.79
575.70	1214.42
575.90	1217.25
576.10	1207.75
576.30	1214.26
576.50	1208.08
576.70	1216.17
576.91	1209.39
577.11	1220.41
577.31	1208.16
577.51	1211.39
577.71	1209.06
577.91	1217.66
578.11	1207.93
578.31	1214.22
578.51	1200.60
578.71	1215.72
578.91	1199.52
579.11	1215.82
579.31	1205.11
579.51	1215.67
579.71	1203.39
579.92	1208.04
580.12	1211.74
580.32	1215.10
580.52	1205.95
580.72	1213.24
580.92	1206.50
581.12	1214.98
581.32	1213.77
581.52	1214.18
581.72	1210.23
581.92	1208.51
582.12	1203.78
582.32	1208.53
582.52	1209.24
582.72	1219.40
582.92	1204.49
583.12	1216.41
583.32	1201.73
583.52	1219.09
583.72	1209.35
583.92	1212.56
584.12	1204.29
584.33	1215.08
584.53	1205.05
584.73	1210.84
584.93	1198.92
585.13	1212.89
585.33	1210.92
585.53	1208.16
585.73	1213.05
585.93	1214.79
586.13	1206.56
586.33	1212.30
586.53	1206.36
586.73	1217.35
586.93	1207.22
587.13	1211.03
587.33	1209.20
587.53	1210.68
587.73	1212.03
587.93	1214.51
588.13	1210.80
588.33	1212.48
588.53	1211.19
588.73	1209.69
588.93	1213.18
589.13	1212.21
589.33	1197.18
589.53	1215.88
589.73	1200.66
589.93	1209.57
590.13	1212.58
590.33	1218.99
590.53	1209.67
590.73	1214.14
590.93	1207.22
591.13	1222.60
591.33	1206.40
591.53	1210.49
591.73	1211.23
591.93	1213.71
592.13	1212.32
592.33	1219.83
592.53	1202.87
592.73	1214.28
592.93	1210.45
593.13	1214.71
593.33	1205.52
593.53	1210.62
593.73	1204.06
593.93	1215.39
594.13	1215.76
594.33	1218.75
594.53	1206.91
594.73	1211.25
594.92	1205.56
595.12	1214.45
595.32	1205.97
595.52	1215.61
595.72	1210.68
595.92	1210.82
596.12	1211.39
596.32	1216.51
596.52	1202.51
596.72	1209.08
596.92	1211.72
597.12	1214.69
597.32	1208.79
597.52	1218.83
597.72	1211.93
597.92	1215.37
598.12	1203.49
598.32	1210.55
598.52	1212.48
598.72	1216.00
598.92	1206.79
599.12	1220.45
599.31	1204.21
599.51	1208.22
599.71	1207.01
599.91	1207.38
600.11	1207.83
600.31	1216.35
600.51	1214.65
600.71	1218.19
600.91	1207.38
601.11	1208.55
601.31	1205.91
601.51	1217.89
601.71	1217.56
601.91	1211.29
602.10	1202.24
602.30	1221.12
602.50	1209.92
602.70	1210.80
602.90	1202.61
603.10	1216.90
603.30	1206.58
603.50	1221.24
603.70	1203.08
603.90	1210.00
604.10	1209.51
604.30	1215.10
604.49	1208.38
604.69	1209.00
604.89	1210.53
605.09	1222.13
605.29	1207.42
605.49	1212.91
605.69	1207.58
605.89	1216.49
606.09	1209.22
606.29	1208.77
606.48	1204.57
606.68	1219.91
606.88	1207.48
607.08	1209.86
607.28	1209.96
607.48	1217.93
607.68	1210.00
607.88	1214.04
608.08	1211.41
608.27	1217.91
608.47	1209.24
608.67	1217.46
608.87	1209.53
609.07	1217.27
609.27	1206.54
609.47	1218.17
609.67	1205.64
609.87	1216.51
610.06	1206.83
610.26	1210.72
610.46	1202.28
610.66	1209.63
610.86	1214.04
611.06	1217.42
611.26	1208.79
611.45	1217.78
611.65	1210.25
611.85	1217.33
612.05	1208.47
612.25	1217.35
612.45	1205.21
612.65	1215.88
612.84	1205.23
613.04	1213.44
613.24	1213.44
613.44	1212.32
613.64	1210.43
613.84	1217.25
614.04	1210.57
614.23	1214.28
614.43	1202.40
614.63	1217.48
614.83	1213.34
615.03	1219.75
615.23	1215.94
615.42	1215.04
615.62	1217.37
615.82	1217.58
616.02	1212.79
616.22	1211.31
616.42	1207.28
616.61	1217.72
616.81	1211.13
617.01	1221.59
617.21	1209.92
617.41	1218.93
617.61	1205.93
617.80	1212.79
618.00	1204.25
618.20	1205.39
618.40	1205.00
618.60	1214.71
618.80	1206.03
618.99	1212.03
619.19	1208.98
619.39	1221.08
619.59	1204.06
619.79	1213.26
619.98	1207.07
620.18	1211.07
620.38	1210.86
620.58	1219.44
620.78	1203.57
620.97	1213.54
621.17	1209.71
621.37	1217.66
621.57	1209.76
621.77	1214.90
621.96	1213.63
622.16	1213.93
622.36	1218.30
622.56	1207.50
622.76	1215.26
622.95	1222.43
623.15	1207.36
623.35	1219.73
623.55	1209.59
623.75	1213.44
623.94	1213.32
624.14	1214.36
624.34	1209.08
624.54	1216.47
624.73	1210.45
624.93	1222.15
625.13	1206.85
625.33	1224.05
625.53	1209.65
625.72	1221.41
625.92	1208.53
626.12	1210.49
626.32	1202.67
626.51	1217.29
626.71	1206.87
626.91	1223.03
627.11	1209.16
627.30	1218.28
627.50	1212.56
627.70	1217.29
627.90	1207.38
628.10	1208.40
628.29	1213.93
628.49	1210.29
628.69	1212.34
628.89	1220.84
629.08	1209.69
629.28	1212.64
629.48	1214.98
629.68	1219.05
629.87	1205.56
630.07	1215.45
630.27	1208.81
630.47	1211.39
630.66	1208.53
630.86	1214.92
631.06	1211.27
631.25	1224.21
631.45	1211.15
631.65	1218.17
631.85	1210.80
632.04	1216.53
632.24	1217.74
632.44	1223.76
632.64	1206.34
632.83	1218.83
633.03	1218.95
633.23	1219.40
633.42	1214.04
633.62	1214.40
633.82	1213.59
634.02	1216.78
634.21	1217.07
634.41	1216.29
634.61	1216.06
634.81	1213.83
635.00	1216.29
635.20	1221.65
635.40	1220.71
635.59	1213.18
635.79	1216.78
635.99	1223.74
636.18	1211.91
636.38	1220.69
636.58	1213.63
636.78	1216.06
636.97	1206.77
637.17	1221.37
637.37	1211.03
637.56	1220.20
637.76	1213.71
637.96	1219.26
638.15	1218.13
638.35	1218.11
638.55	1213.93
638.74	1217.25
638.94	1212.99
639.14	1223.27
639.34	1208.96
639.53	1220.49
639.73	1214.98
639.93	1219.36
640.12	1216.12
640.32	1222.76
640.52	1211.35
640.71	1217.97
640.91	1216.88
641.11	1216.43
641.30	1213.44
641.50	1215.18
641.70	1223.74
641.89	1214.40
642.09	1217.01
642.29	1223.66
642.48	1223.05
642.68	1220.12
642.88	1218.17
643.07	1231.81
643.27	1217.56
643.47	1221.04
643.66	1216.17
643.86	1222.45
644.06	1213.56
644.25	1224.62
644.45	1218.91
644.65	1216.64
644.84	1219.01
645.04	1222.49
645.23	1216.31
645.43	1216.35
645.63	1222.62
645.82	1225.50
646.02	1221.10
646.22	1224.30
646.41	1214.55
646.61	1222.94
646.81	1218.68
647.00	1231.91
647.20	1215.00
647.39	1227.47
647.59	1222.56
647.79	1226.36
647.98	1223.01
648.18	1230.01
648.38	1221.24
648.57	1230.34
648.77	1227.74
648.96	1227.70
649.16	1224.40
649.36	1226.08
649.55	1228.00
649.75	1233.14
649.95	1218.75
650.14	1235.29
650.34	1225.79
650.53	1242.81
650.73	1232.77
650.93	1235.87
651.12	1233.86
651.32	1246.39
651.51	1240.50
651.71	1240.48
651.91	1237.81
652.10	1242.44
652.30	1232.96
652.49	1240.09
652.69	1246.62
652.89	1247.01
653.08	1246.68
653.28	1249.79
653.47	1244.02
653.67	1251.82
653.86	1249.51
654.06	1249.38
654.26	1244.00
654.45	1255.83
654.65	1254.54
654.84	1258.05
655.04	1244.86
655.24	1255.77
655.43	1251.49
655.63	1255.49
655.82	1249.22
656.02	1258.80
656.21	1244.26
656.41	1257.37
656.61	1251.33
656.80	1257.47
657.00	1263.17
657.19	1269.04
657.39	1260.52
657.58	1257.23
657.78	1264.03
657.97	1269.54
658.17	1265.93
658.37	1271.87
658.56	1262.96
658.76	1276.11
658.95	1269.47
659.15	1279.28
659.34	1278.49
659.54	1273.82
659.73	1272.03
659.93	1277.24
660.13	1276.93
660.32	1281.70
660.52	1285.31
660.71	1281.93
660.91	1280.47
661.10	1288.54
661.30	1279.35
661.49	1283.03
661.69	1284.24
661.88	1289.42
662.08	1280.47
662.27	1293.25
662.47	1285.12
662.66	1282.79
662.86	1282.40
663.06	1285.65
663.25	1275.97
663.45	1288.60
663.64	1285.39
663.84	1282.91
664.03	1274.64
664.23	1280.06
664.42	1273.78
664.62	1281.95
664.81	1275.00
665.01	1279.55
665.20	1277.40
665.40	1277.99
665.59	1269.99
665.79	1277.99
665.98	1284.08
666.18	1278.49
666.37	1281.35
666.57	1277.28
666.76	1272.12
666.96	1275.25
667.15	1271.32
667.35	1280.25
667.54	1276.81
667.74	1281.86
667.93	1276.34
668.13	1282.58
668.32	1273.98
668.52	1276.62
668.71	1289.59
668.91	1286.86
669.10	1287.62
669.30	1293.82
669.49	1293.56
669.68	1291.10
669.88	1298.76
670.07	1300.66
670.27	1304.64
670.46	1327.80
670.66	1319.92
670.85	1346.31
671.05	1349.63
671.24	1383.94
671.44	1398.41
671.63	1421.68
671.83	1433.46
672.02	1475.21
672.22	1492.21
672.41	1528.36
672.60	1548.69
672.80	1582.42
672.99	1622.18
673.19	1670.20
673.38	1724.25
673.58	1804.06
673.77	1896.28
673.97	2050.08
674.16	2263.07
674.36	2596.21
674.55	3003.69
674.74	3548.15
674.94	4207.14
675.13	4918.59
675.33	5687.00
675.52	6488.99
675.72	7270.35
675.91	8012.15
676.10	8760.12
676.30	9314.71
676.49	9817.49
676.69	10293.05
676.88	10695.17
677.08	10898.29
677.27	11110.33
677.46	11353.22
677.66	11490.58
677.85	11594.47
678.05	11654.31
678.24	11803.02
678.44	11801.93
678.63	11883.99
678.82	11902.65
679.02	11938.74
679.21	11856.00
679.41	11926.92
679.60	11840.41
679.79	11748.79
679.99	11653.76
680.18	11523.29
680.38	11246.65
680.57	10901.99
680.76	10496.41
680.96	9929.58
681.15	9349.16
681.35	8726.35
681.54	7983.56
681.73	7256.69
681.93	6569.88
682.12	5929.63
682.32	5359.88
682.51	4888.21
682.70	4481.55
682.90	4201.57
683.09	3940.54
683.29	3770.80
683.48	3565.66
683.67	3434.16
683.87	3304.54
684.06	3205.05
684.25	3113.16
684.45	3034.09
684.64	2945.22
684.84	2880.65
685.03	2809.40
685.22	2736.60
685.42	2681.14
685.61	2621.56
685.80	2549.02
686.00	2514.35
686.19	2463.52
686.38	2410.52
686.58	2344.62
686.77	2308.43
686.96	2255.12
687.16	2210.84
687.35	2161.96
687.55	2137.63
687.74	2087.66
687.93	2055.42
688.13	2012.05
688.32	1986.02
688.51	1947.07
688.71	1919.15
688.90	1888.39
689.09	1861.23
689.29	1841.62
689.48	1756.42
689.67	1803.18
689.87	1789.86
690.06	1766.76
690.25	1759.70
690.45	1752.55
690.64	1756.46
690.83	1735.98
691.03	1754.06
691.22	1764.39
691.41	1806.94
691.61	1839.49
691.80	1912.80
691.99	1984.44
692.19	2081.45
692.38	2155.22
692.57	2259.54
692.76	2305.32
692.96	2367.23
693.15	2396.55
693.34	2429.57
693.54	2430.55
693.73	2430.10
693.92	2410.60
694.12	2378.57
694.31	2352.40
694.50	2325.49
694.70	2269.87
694.89	2212.40
695.08	2153.81
695.27	2109.88
695.47	2037.05
695.66	1973.67
695.85	1906.97
696.05	1874.16
696.24	1811.18
696.43	1783.35
696.62	1726.62
696.82	1685.01
697.01	1642.88
697.20	1606.69
697.40	1576.38
697.59	1546.36
697.78	1517.14
697.97	1499.01
698.17	1493.03
698.36	1484.82
698.55	1478.04
698.74	1470.38
698.94	1458.69
699.13	1461.82
699.32	1441.67
699.52	1452.52
699.71	1411.71
699.90	1392.27
700.09	1353.97
700.29	1334.54
700.48	1319.20
700.67	1290.90
700.86	1280.62
701.06	1282.64
701.25	1278.42
701.44	1273.30
701.63	1259.17
701.83	1263.15
702.02	1255.75
702.21	1254.30
702.40	1250.84
702.60	1257.33
702.79	1247.23
702.98	1253.40
703.17	1239.51
703.37	1245.49
703.56	1248.85
703.75	1254.67
703.94	1246.25
704.13	1247.13
704.33	1234.93
704.52	1244.76
704.71	1243.26
704.90	1244.14
705.10	1241.97
705.29	1246.46
705.48	1239.86
705.67	1243.98
705.86	1238.65
706.06	1242.42
706.25	1235.07
706.44	1239.96
706.63	1235.23
706.83	1240.78
707.02	1234.13
707.21	1232.37
707.40	1231.57
707.59	1233.41
707.79	1232.24
707.98	1233.35
708.17	1233.02
708.36	1242.95
708.55	1231.42
708.75	1240.62
708.94	1225.79
709.13	1233.33
709.32	1226.71
709.51	1230.32
709.71	1224.11
709.90	1239.33
710.09	1224.11
710.28	1228.29
710.47	1228.58
710.66	1222.88
710.86	1225.69
711.05	1223.33
711.24	1224.23
711.43	1225.28
711.62	1216.58
711.82	1224.60
712.01	1216.35
712.20	1218.68
712.39	1219.42
712.58	1230.50
712.77	1218.42
712.97	1228.00
713.16	1214.16
713.35	1228.86
713.54	1215.10
713.73	1229.07
713.92	1219.42
714.11	1222.13
714.31	1213.91
714.50	1231.87
714.69	1221.10
714.88	1222.27
715.07	1217.07
715.26	1226.86
715.46	1217.21
715.65	1226.55
715.84	1217.68
716.03	1229.93
716.22	1214.63
716.41	1226.88
716.60	1214.90
716.80	1221.16
716.99	1219.44
717.18	1222.37
717.37	1212.56
717.56	1226.12
717.75	1219.85
717.94	1227.18
718.13	1220.30
718.33	1228.11
718.52	1222.99
718.71	1221.18
718.90	1223.42
719.09	1222.76
719.28	1223.99
719.47	1223.95
719.66	1217.46
719.85	1228.54
720.05	1215.76
720.24	1224.75
720.43	1222.04
720.62	1225.81
720.81	1220.18
721.00	1234.84
721.19	1217.66
721.38	1224.66
721.57	1223.97
721.77	1226.96
721.96	1219.95
722.15	1225.20
722.34	1220.12
722.53	1230.52
722.72	1223.31
722.91	1225.09
723.10	1219.34
723.29	1232.39
723.48	1222.39
723.67	1225.69
723.87	1228.06
724.06	1229.78
724.25	1226.57
724.44	1226.28
724.63	1221.12
724.82	1228.58
725.01	1216.64
725.20	1221.84
725.39	1224.28
725.58	1223.80
725.77	1218.17
725.96	1221.70
726.15	1211.23
726.34	1228.68
726.54	1215.67
726.73	1221.84
726.92	1210.19
727.11	1216.39
727.30	1220.38
727.49	1221.24
727.68	1215.65
727.87	1218.42
728.06	1208.96
728.25	1217.68
728.44	1213.54
728.63	1216.55
728.82	1213.01
729.01	1218.34
729.20	1207.20
729.39	1221.70
729.58	1203.30
729.77	1216.62
729.96	1203.28
730.15	1226.28
730.34	1206.72
730.53	1216.94
730.73	1206.01
730.92	1211.84
731.11	1213.48
731.30	1221.08
731.49	1218.68
731.68	1214.53
731.87	1208.85
732.06	1208.55
732.25	1212.15
732.44	1213.83
732.63	1213.40
732.82	1215.51
733.01	1206.77
733.20	1221.67
733.39	1204.35
733.58	1217.05
733.77	1213.67
733.96	1215.92
734.15	1206.03
734.34	1215.84
734.53	1207.44
734.72	1207.24
734.91	1203.84
735.10	1211.80
735.29	1201.75
735.48	1222.06
735.67	1209.92
735.86	1217.19
736.05	1208.81
736.24	1223.66
736.43	1211.15
736.62	1212.89
736.81	1202.92
737.00	1225.69
737.19	1204.68
737.38	1218.25
737.57	1204.82
737.76	1208.69
737.95	1212.09
738.14	1208.79
738.33	1205.43
738.51	1217.21
738.70	1203.06
738.89	1207.77
739.08	1210.29
739.27	1213.59
739.46	1213.97
739.65	1208.18
739.84	1212.99
740.03	1219.26
740.22	1212.11
740.41	1217.23
740.60	1203.14
740.79	1221.27
740.98	1208.75
741.17	1209.16
741.36	1209.90
741.55	1211.76
741.74	1209.12
741.93	1220.06
742.12	1209.74
742.31	1212.93
742.50	1208.18
742.68	1213.52
742.87	1211.89
743.06	1212.40
743.25	1215.76
743.44	1216.33
743.63	1203.57
743.82	1216.15
744.01	1208.57
744.20	1210.10
744.39	1210.92
744.58	1216.98
744.77	1201.03
744.96	1217.91
745.14	1210.47
745.33	1207.89
745.52	1206.60
745.71	1216.12
745.90	1205.74
746.09	1213.22
746.28	1209.20
746.47	1221.61
746.66	1206.03
746.85	1219.67
747.04	1213.30
747.22	1211.09
747.41	1214.06
747.60	1220.73
747.79	1204.62
747.98	1210.41
748.17	1209.28
748.36	1209.33
748.55	1207.13
748.74	1214.47
748.93	1210.00
749.11	1209.86
749.30	1214.34
749.49	1214.06
749.68	1210.49
749.87	1216.72
750.06	1207.40
750.25	1210.49
750.44	1209.31
750.62	1217.42
750.81	1205.64
751.00	1220.22
751.19	1203.73
751.38	1212.97
751.57	1200.54
751.76	1214.63
751.95	1204.45
752.13	1215.92
752.32	1206.34
752.51	1212.58
752.70	1212.01
752.89	1214.57
753.08	1216.12
753.27	1214.96
753.45	1206.79
753.64	1221.94
753.83	1204.39
754.02	1216.66
754.21	1205.64
754.40	1212.70
754.58	1202.49
754.77	1209.39
754.96	1210.19
755.15	1209.78
755.34	1211.07
755.53	1210.47
755.71	1206.46
755.90	1215.59
756.09	1209.74
756.28	1212.58
756.47	1205.45
756.66	1211.78
756.84	1201.50
757.03	1214.28
757.22	1212.15
757.41	1213.93
757.60	1213.95
757.79	1212.42
757.97	1206.81
758.16	1211.19
758.35	1208.61
758.54	1209.06
758.73	1206.19
758.91	1210.80
759.10	1207.13
759.29	1219.30
759.48	1203.12
759.67	1215.53
759.85	1209.47
760.04	1212.81
760.23	1205.13
760.42	1214.34
760.61	1212.40
760.79	1223.03
760.98	1215.31
761.17	1212.58
761.36	1212.62
761.55	1214.69
761.73	1205.39
761.92	1211.58
762.11	1210.60
762.30	1208.38
762.49	1212.73
762.67	1212.38
762.86	1210.78
763.05	1212.36
763.24	1204.74
763.42	1214.12
763.61	1199.88
763.80	1210.74
763.99	1206.01
764.17	1207.95
764.36	1212.99
764.55	1217.27
764.74	1199.84
764.92	1218.87
765.11	1208.36
765.30	1211.97
765.49	1208.38
765.68	1213.67
765.86	1209.00
766.05	1210.49
766.24	1213.99
766.43	1213.69
766.61	1205.99
766.80	1209.92
766.99	1207.01
767.17	1219.54
767.36	1203.14
767.55	1209.33
767.74	1206.29
767.92	1216.39
768.11	1209.12
768.30	1207.58
768.49	1206.91
768.67	1214.86
768.86	1212.15
769.05	1211.13
769.24	1210.17
769.42	1207.18
769.61	1208.83
769.80	1205.58
769.98	1202.96
770.17	1213.87
770.36	1203.35
770.55	1214.04
770.73	1203.98
770.92	1214.92
771.11	1207.01
771.29	1214.83
771.48	1204.88
771.67	1211.19
771.86	1204.68
772.04	1207.54
772.23	1208.06
772.42	1210.06
772.60	1206.27
772.79	1216.06
772.98	1206.83
773.16	1208.83
773.35	1207.54
773.54	1212.87
773.72	1210.96
773.91	1211.87
774.10	1206.27
774.29	1218.07
774.47	1209.98
774.66	1210.82
774.85	1204.84
775.03	1211.70
775.22	1210.29
775.41	1210.47
775.59	1211.39
775.78	1208.14
775.97	1205.21
776.15	1214.06
776.34	1207.85
776.53	1211.74
776.71	1207.20
776.90	1211.95
777.09	1198.74
777.27	1219.79
777.46	1207.95
777.65	1209.22
777.83	1203.55
778.02	1214.88
778.21	1202.12
778.39	1213.59
778.58	1206.87
778.76	1215.00
778.95	1206.03
779.14	1217.99
779.32	1202.32
779.51	1209.71
779.70	1201.22
779.88	1211.89
780.07	1208.16
780.26	1212.42
780.44	1200.21
780.63	1208.14
780.81	1204.45
781.00	1218.30
781.19	1204.37
781.37	1216.88
781.56	1209.69
781.75	1208.55
781.93	1205.86
782.12	1218.93
782.30	1200.68
782.49	1216.12
782.68	1202.96
782.86	1220.98
783.05	1203.51
783.23	1214.06
783.42	1207.30
783.61	1216.68
783.79	1204.45
783.98	1212.23
784.16	1207.26
784.35	1215.59
784.54	1207.73
784.72	1214.30
784.91	1213.09
785.09	1207.99
785.28	1212.54
785.47	1207.85
785.65	1210.53
785.84	1209.98
786.02	1207.11
786.21	1215.84
786.40	1208.30
786.58	1215.49
786.77	1206.25
786.95	1215.69
787.14	1209.49
787.32	1212.97
787.51	1215.35
787.70	1219.26
787.88	1213.91
788.07	1215.37
788.25	1202.24
788.44	1210.57
788.62	1207.44
788.81	1214.24
789.00	1207.22
789.18	1204.92
789.37	1209.20
789.55	1217.66
789.74	1206.17
789.92	1210.53
790.11	1210.47
790.29	1207.24
790.48	1200.97
790.67	1214.47
790.85	1206.15
791.04	1203.76
791.22	1206.52
791.41	1211.25
791.59	1212.27
791.78	1214.59
791.96	1206.56
792.15	1211.09
792.33	1203.24
792.52	1212.07
792.70	1210.82
792.89	1217.85
793.07	1205.27
793.26	1215.47
793.45	1197.45
793.63	1212.05
793.82	1211.07
794.00	1207.40
794.19	1206.09
794.37	1208.96
794.56	1206.58
794.74	1209.98
794.93	1209.82
795.11	1220.06
795.30	1208.77
795.48	1208.34
795.67	1208.55
795.85	1208.06
796.04	1200.91
796.22	1208.90
796.41	1208.44
796.59	1209.51
796.78	1207.07
796.96	1219.77
797.15	1200.15
797.33	1207.71
797.52	1208.85
797.70	1206.89
797.89	1203.08
798.07	1215.92
798.26	1205.60
798.44	1213.91
798.63	1207.01
798.81	1208.61
798.99	1208.77
799.18	1217.78
799.36	1204.53
799.55	1217.42
799.73	1201.13
799.92	1216.72
800.10	1207.13
800.29	1213.93
800.47	1207.89
800.66	1207.73
800.84	1202.87
801.03	1211.56
801.21	1209.12
801.39	1208.81
801.58	1211.95
801.76	1215.29
801.95	1207.46
802.13	1215.82
802.32	1210.55
802.50	1210.06
802.69	1206.46
802.87	1209.22
803.06	1204.47
803.24	1212.87
803.42	1205.84
803.61	1207.87
803.79	1210.39
803.98	1214.59
804.16	1203.06
804.35	1217.01
804.53	1206.85
804.71	1214.02
804.90	1209.00
805.08	1219.11
805.27	1198.68
805.45	1211.19
805.63	1204.78
805.82	1210.88
806.00	1209.14
806.19	1213.95
806.37	1211.50
806.56	1216.15
806.74	1203.84
806.92	1214.57
807.11	1209.37
807.29	1211.29
807.48	1205.15
807.66	1215.14
807.84	1203.51
808.03	1209.26
808.21	1204.51
808.40	1217.03
808.58	1201.93
808.76	1218.34
808.95	1212.46
809.13	1210.80
809.32	1201.56
809.50	1215.82
809.68	1206.99
809.87	1212.99
810.05	1211.11
810.23	1209.59
810.42	1208.01
810.60	1210.72
810.79	1200.95
810.97	1214.06
811.15	1205.88
811.34	1212.34
811.52	1204.25
811.70	1211.11
811.89	1200.25
812.07	1208.71
812.25	1204.27
812.44	1212.79
812.62	1204.25
812.81	1210.92
812.99	1204.37
813.17	1209.61
813.36	1204.51
813.54	1210.12
813.72	1201.77
813.91	1206.09
814.09	1204.90
814.27	1205.52
814.46	1205.37
814.64	1210.78
814.82	1206.81
815.01	1218.01
815.19	1201.73
815.37	1212.07
815.56	1213.87
815.74	1209.28
815.92	1215.47
816.11	1217.39
816.29	1208.24
816.47	1207.77
816.66	1208.98
816.84	1216.21
817.02	1216.08
817.21	1208.65
817.39	1203.04
817.57	1209.76
817.76	1202.89
817.94	1208.34
818.12	1208.96
818.30	1208.98
818.49	1204.55
818.67	1219.85
818.85	1203.94
819.04	1213.32
819.22	1210.45
819.40	1211.56
819.59	1212.95
819.77	1214.38
819.95	1205.97
820.13	1219.75
820.32	1206.27
820.50	1201.60
820.68	1206.81
820.87	1208.57
821.05	1204.74
821.23	1211.39
821.41	1205.17
821.60	1210.90
821.78	1207.52
821.96	1211.60
822.14	1204.64
822.33	1219.26
822.51	1212.05
822.69	1212.66
822.88	1208.51
823.06	1208.30
823.24	1202.75
823.42	1216.31
823.61	1192.94
823.79	1216.60
823.97	1206.77
824.15	1213.46
824.34	1210.98
824.52	1214.06
824.70	1200.23
824.88	1214.26
825.07	1208.01
825.25	1208.06
825.43	1209.00
825.61	1208.85
825.80	1203.78
825.98	1215.98
826.16	1210.06
826.34	1211.09
826.53	1207.63
826.71	1212.50
826.89	1210.45
827.07	1206.48
827.25	1208.77
827.44	1216.08
827.62	1202.20
827.80	1210.74
827.98	1203.02
828.17	1209.76
828.35	1206.52
828.53	1214.18
828.71	1206.09
828.89	1207.18
829.08	1211.19
829.26	1210.86
829.44	1209.35
829.62	1214.92
829.80	1207.22
829.99	1209.63
830.17	1204.82
830.35	1212.87
830.53	1198.29
830.71	1208.69
830.90	1201.22
831.08	1214.67
831.26	1204.31
831.44	1216.80
831.62	1198.47
831.81	1210.72
831.99	1206.70
832.17	1212.93
832.35	1213.83
832.53	1218.77
832.71	1204.10
832.90	1215.78
833.08	1207.01
833.26	1213.36
833.44	1208.92
833.62	1214.73
833.81	1201.99
833.99	1212.44
834.17	1210.14
834.35	1210.29
834.53	1204.86
834.71	1208.92
834.89	1200.66
835.08	1212.46
835.26	1208.53
835.44	1215.67
835.62	1207.40
835.80	1213.87
835.98	1203.73
836.17	1214.51
836.35	1203.24
836.53	1216.58
836.71	1211.95
836.89	1214.88
837.07	1205.76
837.25	1215.31
837.44	1209.63
837.62	1205.15
837.80	1205.19
837.98	1212.21
838.16	1207.69
838.34	1207.52
838.52	1207.99
838.70	1212.56
838.89	1207.32
839.07	1210.37
839.25	1207.01
839.43	1216.86
839.61	1206.58
839.79	1211.84
839.97	1205.13
840.15	1212.58
840.33	1204.06
840.52	1215.39
840.70	1208.55
840.88	1218.13
841.06	1207.77
841.24	1213.59
841.42	1209.12
841.60	1216.49
841.78	1208.32
841.96	1216.70
842.14	1210.80
842.33	1210.92
842.51	1206.17
842.69	1207.91
842.87	1204.90
843.05	1212.27
843.23	1204.19
843.41	1214.94
843.59	1208.71
843.77	1214.16
843.95	1207.54
844.13	1215.55
844.31	1209.06
844.49	1204.25
844.68	1206.99
844.86	1212.99
845.04	1202.12
845.22	1208.38
845.40	1210.04
845.58	1213.89
845.76	1206.01
845.94	1209.57
846.12	1205.05
846.30	1219.40
846.48	1208.40
846.66	1214.02
846.84	1209.35
847.02	1209.00
847.20	1207.34
847.38	1211.68
847.56	1205.11
847.74	1212.23
847.92	1212.07
848.11	1213.26
848.29	1204.88
848.47	1216.90
848.65	1209.37
848.83	1213.03
849.01	1208.24
849.19	1214.81
849.37	1202.18
849.55	1210.39
849.73	1207.03
849.91	1210.06
850.09	1207.24
850.27	1215.18
850.45	1211.80
850.63	1212.48
850.81	1201.87
850.99	1215.53
851.17	1209.80
851.35	1212.23
851.53	1209.80
851.71	1212.97
851.89	1211.66
852.07	1203.88
852.25	1203.88
852.43	1213.63
852.61	1206.52
852.79	1215.43
852.97	1209.20
853.15	1210.35
853.33	1209.51
853.51	1207.32
853.69	1208.81
853.87	1214.71
854.05	1209.39
854.23	1210.12
854.41	1207.93
854.59	1214.94
854.77	1209.74
854.95	1212.85
855.13	1208.12
855.31	1214.79
855.49	1212.48
855.67	1207.01
855.84	1206.50
856.02	1210.51
856.20	1204.41
856.38	1215.00
856.56	1203.84
856.74	1211.72
856.92	1209.24
857.10	1207.34
857.28	1207.20
857.46	1208.81
857.64	1200.60
857.82	1211.95
858.00	1205.25
858.18	1219.09
858.36	1207.93
858.54	1211.56
858.72	1207.50
858.90	1204.02
859.08	1203.22
859.25	1214.12
859.43	1208.85
859.61	1213.65
859.79	1207.58
859.97	1211.46
860.15	1197.88
860.33	1210.70
860.51	1210.98
860.69	1205.48
860.87	1207.05
861.05	1208.40
861.23	1212.73
861.41	1214.16
861.58	1211.82
861.76	1210.17
861.94	1206.97
862.12	1209.65
862.30	1211.09
862.48	1210.29
862.66	1208.69
862.84	1212.23
863.02	1210.00
863.20	1211.76
863.37	1208.71
863.55	1217.27
863.73	1205.52
863.91	1216.62
864.09	1209.47
864.27	1211.07
864.45	1206.19
864.63	1212.09
864.80	1206.75
864.98	1211.23
865.16	1207.34
865.34	1210.60
865.52	1205.60
865.70	1206.70
865.88	1212.62
866.06	1209.16
866.23	1209.57
866.41	1216.51
866.59	1204.88
866.77	1215.53
866.95	1207.56
867.13	1217.97
867.31	1206.17
867.48	1215.72
867.66	1200.72
867.84	1217.95
868.02	1204.82
868.20	1212.25
868.38	1206.09
868.56	1220.86
868.73	1212.25
868.91	1213.77
869.09	1200.42
869.27	1213.26
869.45	1207.77
869.63	1209.92
869.80	1207.83
869.98	1202.94
870.16	1211.00
870.34	1209.02
870.52	1211.48
870.70	1207.44
870.87	1204.08
871.05	1215.00
871.23	1198.76
871.41	1211.87
871.59	1200.44
871.76	1216.96
871.94	1199.43
872.12	1206.72
872.30	1212.32
872.48	1209.51
872.65	1204.10
872.83	1207.69
873.01	1208.24
873.19	1213.69
873.37	1208.85
873.54	1212.01
873.72	1205.62
873.90	1212.50
874.08	1210.62
874.26	1210.27
874.43	1209.86
874.61	1214.06
874.79	1199.82
874.97	1205.76
875.15	1205.45
875.32	1211.09
875.50	1209.10
875.68	1210.72
875.86	1205.72
876.03	1207.97
876.21	1199.88
876.39	1216.31
876.57	1207.13
876.74	1212.50
876.92	1202.55
877.10	1213.61
877.28	1207.54
877.45	1210.96
877.63	1199.93
877.81	1214.42
877.99	1205.84
878.17	1213.65
878.34	1201.11
878.52	1215.80
878.70	1204.96
878.87	1212.36
879.05	1199.25
879.23	1211.13
879.41	1202.49
879.58	1209.90
879.76	1202.75
879.94	1211.33
880.12	1206.58
880.29	1215.51
880.47	1208.51
880.65	1212.91
880.83	1207.56
881.00	1211.03
881.18	1200.70
881.36	1212.83
881.53	1211.41
881.71	1216.82
881.89	1202.73
882.07	1211.50
882.24	1204.21
882.42	1215.84
882.60	1203.53
882.77	1209.33
882.95	1207.07
883.13	1207.48
883.30	1204.82
883.48	1214.51
883.66	1204.45
883.84	1208.06
884.01	1204.35
884.19	1207.40
884.37	1210.08
884.54	1215.45
884.72	1205.48
884.90	1212.75
885.07	1206.54
885.25	1213.54
885.43	1203.45
885.60	1211.87
885.78	1208.10
885.96	1214.06
886.13	1202.03
886.31	1213.40
886.49	1206.70
886.66	1215.39
886.84	1209.12
887.02	1211.56
887.19	1199.74
887.37	1216.06
887.55	1210.29
887.72	1217.09
887.90	1207.03
888.08	1211.05
888.25	1208.20
888.43	1209.63
888.61	1205.84
888.78	1211.27
888.96	1207.87
889.14	1216.21
889.31	1211.48
889.49	1209.67
889.67	1207.26
889.84	1213.81
890.02	1201.58
890.19	1207.97
890.37	1205.60
890.55	1215.04
890.72	1201.99
890.90	1214.59
891.08	1203.73
891.25	1214.14
891.43	1202.59
891.60	1213.59
891.78	1209.94
891.96	1210.19
892.13	1205.31
892.31	1212.42
892.48	1210.39
892.66	1217.11
892.84	1202.49
893.01	1214.14
893.19	1204.96
893.36	1210.80
893.54	1205.15
893.72	1210.82
893.89	1206.19
894.07	1211.25
894.24	1211.62
894.42	1227.98
894.60	1209.63
894.77	1213.79
894.95	1212.17
895.12	1210.94
895.30	1205.17
895.48	1213.85
895.65	1199.72
895.83	1209.76
896.00	1204.72
896.18	1218.17
896.35	1204.90
896.53	1211.99
896.71	1205.39
896.88	1219.30
897.06	1207.22
897.23	1215.63
897.41	1206.48
897.58	1213.67
897.76	1206.29
897.93	1217.17
898.11	1205.13
898.29	1211.25
898.46	1195.46
898.64	1211.54
898.81	1201.73
898.99	1210.62
899.16	1212.70
899.34	1212.03
899.51	1205.00
899.69	1205.78
899.86	1207.07
900.04	1212.73
900.21	1203.18
900.39	1211.66
900.57	1209.45
900.74	1210.08
900.92	1206.09
901.09	1214.73
901.27	1206.19
901.44	1207.79
901.62	1201.40
901.79	1211.31
901.97	1205.68
902.14	1212.30
902.32	1212.50
902.49	1218.77
902.67	1206.97
902.84	1214.88
903.02	1207.20
903.19	1217.01
903.37	1208.28
903.54	1207.99
903.72	1203.88
903.89	1207.46
904.07	1203.82
904.24	1212.54
904.42	1207.11
904.59	1210.76
904.77	1212.34
904.94	1214.30
905.12	1207.63
905.29	1206.01
905.47	1204.72
905.64	1209.12
905.82	1207.75
905.99	1211.17
906.16	1203.98
906.34	1219.38
906.51	1197.49
906.69	1209.37
906.86	1205.00
907.04	1207.79
907.21	1210.74
907.39	1208.90
907.56	1208.22
907.74	1212.15
907.91	1217.31
908.09	1213.48
908.26	1203.10
908.43	1207.20
908.61	1208.10
908.78	1208.30
908.96	1204.27
909.13	1208.90
909.31	1205.74
909.48	1215.41
909.65	1198.41
909.83	1220.69
910.00	1214.98
910.18	1207.26
910.35	1202.18
910.53	1211.00
910.70	1200.38
910.87	1214.92
911.05	1208.44
911.22	1210.14
911.40	1210.55
911.57	1211.99
911.75	1197.49
911.92	1208.85
912.09	1204.16
912.27	1206.97
912.44	1210.98
912.62	1208.61
912.79	1199.02
912.96	1207.99
913.14	1199.29
913.31	1218.28
913.49	1205.45
913.66	1211.46
913.83	1208.75
914.01	1212.68
914.18	1215.10
914.36	1218.46
914.53	1209.31
914.70	1216.68
914.88	1203.43
915.05	1212.09
915.22	1209.55
915.40	1208.01
915.57	1204.70
915.75	1213.36
915.92	1202.75
916.09	1212.34
916.27	1208.26
916.44	1215.02
916.61	1206.27
916.79	1212.25
916.96	1202.51
917.13	1217.27
917.31	1202.94
917.48	1212.83
917.66	1204.27
917.83	1216.19
918.00	1198.98
918.18	1204.29
918.35	1206.19
918.52	1212.79
918.70	1203.24
918.87	1217.87
919.04	1202.59
919.22	1209.55
919.39	1197.45
919.56	1219.32
919.74	1197.80
919.91	1209.90
920.08	1211.35
920.26	1213.93
920.43	1203.06
920.60	1216.21
920.78	1206.48
920.95	1210.96
921.12	1209.65
921.29	1213.63
921.47	1207.05
921.64	1212.99
921.81	1195.87
921.99	1215.51
922.16	1195.95
922.33	1212.25
922.51	1205.91
922.68	1217.87
922.85	1203.26
923.03	1213.81
923.20	1205.00
923.37	1209.02
923.54	1208.81
923.72	1219.75
923.89	1202.40
924.06	1217.15
924.24	1203.94
924.41	1217.35
924.58	1200.87
924.75	1205.82
924.93	1209.10
925.10	1210.62
925.27	1201.30
925.44	1214.08
925.62	1212.44
925.79	1214.30
925.96	1207.15
926.14	1209.90
926.31	1211.11
926.48	1211.70
926.65	1209.12
926.83	1211.31
927.00	1203.30
927.17	1213.93
927.34	1212.91
927.52	1210.37
927.69	1209.33
927.86	1218.52
928.03	1208.32
928.21	1216.64
928.38	1204.76
928.55	1212.83
928.72	1199.13
928.89	1208.12
929.07	1204.45
929.24	1211.09
929.41	1198.64
929.58	1216.45
929.76	1204.47
929.93	1212.15
930.10	1200.60
930.27	1214.79
930.44	1207.13
930.62	1216.00
930.79	1205.76
930.96	1212.85
931.13	1206.01
931.31	1209.31
931.48	1204.80
931.65	1211.89
931.82	1211.64
931.99	1215.84
932.17	1203.37
932.34	1213.83
932.51	1196.08
932.68	1221.20
932.85	1203.20
933.03	1212.97
933.20	1199.95
933.37	1214.55
933.54	1210.68
933.71	1214.90
933.88	1199.86
934.06	1207.28
934.23	1204.74
934.40	1219.07
934.57	1207.77
934.74	1217.29
934.91	1204.25
935.09	1213.09
935.26	1202.38
935.43	1208.32
935.60	1203.32
935.77	1215.51
935.94	1205.29
936.12	1218.36
936.29	1197.20
936.46	1214.42
936.63	1203.63
936.80	1215.86
936.97	1199.43
937.14	1210.10
937.32	1206.40
937.49	1218.36
937.66	1205.37
937.83	1217.09
938.00	1211.11
938.17	1213.38
938.34	1207.32
938.52	1211.78
938.69	1203.76
938.86	1216.84
939.03	1209.14
939.20	1210.53
939.37	1196.16
939.54	1219.67
939.71	1196.22
939.89	1214.38
940.06	1211.03
940.23	1210.72
940.40	1213.40
940.57	1215.49
940.74	1204.25
940.91	1208.96
941.08	1195.30
941.25	1207.85
941.43	1206.05
941.60	1208.83
941.77	1211.56
941.94	1209.80
942.11	1211.11
942.28	1214.57
942.45	1208.32
942.62	1212.42
942.79	1201.38
942.96	1219.52
943.13	1206.09
943.30	1209.82
943.48	1207.85
943.65	1208.51
943.82	1206.17
943.99	1211.11
944.16	1207.28
944.33	1214.79
944.50	1204.62
944.67	1209.53
944.84	1201.52
945.01	1215.18
945.18	1207.48
945.35	1213.99
945.52	1205.64
945.69	1207.50
945.86	1208.01
946.03	1212.99
946.21	1204.00
946.38	1219.85
946.55	1204.96
946.72	1214.63
946.89	1204.98
947.06	1210.78
947.23	1216.08
947.40	1213.20
947.57	1207.32
947.74	1204.06
947.91	1209.90
948.08	1212.11
948.25	1206.32
948.42	1212.75
948.59	1208.55
948.76	1212.17
948.93	1210.82
949.10	1209.59
949.27	1206.34
949.44	1204.68
949.61	1207.46
949.78	1208.38
949.95	1204.12
950.12	1208.12
950.29	1208.63
950.46	1210.62
950.63	1210.92
950.80	1211.21
950.97	1203.49
951.14	1213.71
951.31	1206.89
951.48	1210.96
951.65	1198.27
951.82	1203.80
951.99	1201.79
952.16	1217.48
952.33	1207.22
952.50	1210.53
952.67	1206.42
952.84	1214.81
953.01	1203.67
953.18	1210.90
953.35	1204.45
953.52	1214.14
953.69	1200.17
953.86	1215.00
954.03	1204.64
954.20	1209.35
954.37	1209.10
954.54	1207.87
954.70	1211.60
954.87	1216.60
955.04	1209.59
955.21	1209.02
955.38	1203.16
955.55	1216.35
955.72	1202.10
955.89	1211.70
956.06	1206.11
956.23	1215.65
956.40	1203.20
956.57	1208.49
956.74	1209.04
956.91	1212.11
957.08	1207.56
957.25	1207.69
957.41	1204.55
957.58	1216.31
957.75	1203.41
957.92	1212.62
958.09	1196.10
958.26	1211.91
958.43	1205.21
958.60	1214.59
958.77	1210.39
958.94	1211.35
959.11	1203.76
959.27	1215.06
959.44	1202.59
959.61	1214.16
959.78	1212.07
959.95	1210.31
960.12	1202.14
960.29	1214.32
960.46	1207.63
960.63	1214.08
960.80	1205.11
960.96	1216.35
961.13	1203.32
961.30	1212.19
961.47	1206.62
961.64	1209.24
961.81	1202.38
961.98	1211.23
962.15	1202.38
962.31	1208.83
962.48	1201.30
962.65	1213.42
962.82	1214.10
962.99	1218.42
963.16	1204.37
963.33	1212.19
963.49	1201.40
963.66	1212.32
963.83	1209.37
964.00	1220.08
964.17	1205.00
964.34	1220.12
964.51	1206.17
964.67	1216.10
964.84	1208.08
965.01	1229.54
965.18	1201.48
965.35	1220.36
965.52	1200.70
965.68	1210.00
965.85	1209.14
966.02	1210.04
966.19	1209.57
966.36	1215.47
966.52	1208.55
966.69	1214.38
966.86	1202.53
967.03	1211.19
967.20	1206.40
967.37	1216.15
967.53	1202.22
967.70	1210.98
967.87	1202.57
968.04	1206.81
968.21	1209.43
968.37	1213.67
968.54	1203.47
968.71	1213.95
968.88	1205.23
969.05	1210.92
969.21	1202.87
969.38	1219.32
969.55	1200.95
969.72	1214.53
969.89	1207.54
970.05	1208.08
970.22	1209.24
970.39	1216.76
970.56	1209.24
970.72	1208.16
970.89	1206.13
971.06	1213.38
971.23	1208.53
971.39	1206.81
971.56	1207.32
971.73	1210.90
971.90	1207.28
972.07	1214.98
972.23	1211.74
972.40	1206.46
972.57	1201.48
972.74	1216.23
972.90	1204.92
973.07	1210.35
973.24	1201.15
973.40	1209.04
973.57	1205.39
973.74	1212.46
973.91	1206.44
974.07	1211.89
974.24	1203.55
974.41	1224.85
974.58	1202.38
974.74	1220.92
974.91	1211.70
975.08	1211.87
975.25	1205.07
975.41	1209.74
975.58	1199.56
975.75	1210.29
975.91	1204.49
976.08	1212.44
976.25	1193.68
976.42	1209.24
976.58	1202.53
976.75	1212.83
976.92	1204.19
977.08	1205.11
977.25	1207.83
977.42	1206.99
977.58	1206.44
977.75	1206.25
977.92	1210.57
978.08	1211.31
978.25	1209.00
978.42	1205.74
978.59	1206.07
978.75	1215.18
978.92	1217.25
979.09	1214.02
979.25	1205.33
979.42	1211.91
979.59	1201.87
979.75	1209.04
979.92	1208.28
980.09	1207.46
980.25	1205.37
980.42	1212.95
980.59	1204.06
980.75	1204.62
980.92	1204.16
981.09	1216.84
981.25	1209.31
981.42	1211.64
981.59	1206.56
981.75	1208.59
981.92	1209.12
982.08	1213.99
982.25	1210.14
982.42	1205.84
982.58	1207.07
982.75	1215.02
982.92	1211.11
983.08	1215.90
983.25	1204.72
983.42	1210.94
983.58	1211.00
983.75	1208.73
983.91	1211.76
984.08	1209.22
984.25	1216.31
984.41	1207.85
984.58	1203.86
984.74	1213.83
984.91	1201.01
985.08	1207.48
985.24	1206.95
985.41	1212.95
985.57	1205.66
985.74	1202.06
985.91	1203.67
986.07	1212.58
986.24	1204.35
986.40	1213.89
986.57	1207.44
986.74	1212.32
986.90	1201.01
987.07	1215.06
987.23	1199.80
987.40	1212.15
987.57	1212.48
987.73	1213.54
987.90	1209.22
988.06	1204.25
988.23	1202.51
988.39	1208.83
988.56	1208.06
988.73	1214.16
988.89	1197.41
989.06	1214.16
989.22	1204.98
989.39	1213.20
989.55	1204.82
989.72	1209.35
989.88	1209.28
990.05	1209.80
990.22	1210.21
990.38	1208.69
990.55	1205.99
990.71	1204.80
990.88	1211.31
991.04	1217.37
991.21	1211.97
991.37	1210.70
991.54	1209.00
991.70	1209.90
991.87	1209.69
992.03	1212.46
992.20	1208.30
992.36	1213.20
992.53	1195.54
992.69	1210.19
992.86	1201.09
993.03	1206.91
993.19	1210.96
993.36	1209.33
993.52	1206.77
993.69	1212.09
993.85	1201.32
994.02	1211.97
994.18	1208.40
994.35	1209.65
994.51	1207.40
994.68	1206.77
994.84	1206.46
995.01	1217.56
995.17	1203.00
995.34	1207.58
995.50	1202.12
995.66	1208.92
995.83	1202.73
995.99	1208.53
996.16	1209.55
996.32	1209.16
996.49	1205.17
996.65	1213.56
996.82	1207.95
996.98	1213.81
997.15	1205.95
997.31	1215.94
997.48	1206.40
997.64	1211.87
997.81	1202.92
997.97	1209.69
998.13	1207.63
998.30	1211.95
998.46	1203.98
998.63	1212.54
998.79	1203.82
998.96	1209.78
999.12	1201.56
999.29	1210.08
999.45	1201.32
999.61	1213.97
999.78	1204.96
999.94	1200.25
1000.11	1212.30
1000.27	1213.54
1000.44	1211.70
1000.60	1214.16
1000.76	1211.54
1000.93	1210.27
1001.09	1200.11
1001.26	1207.69
1001.42	1210.02
1001.59	1212.13
1001.75	1207.26
1001.91	1210.17
1002.08	1203.71
1002.24	1213.44
1002.41	1206.05
1002.57	1209.00
1002.73	1204.37
1002.90	1209.02
1003.06	1201.52
1003.23	1210.66
1003.39	1207.07
1003.55	1207.38
1003.72	1205.82
1003.88	1218.48
1004.04	1204.76
1004.21	1212.32
1004.37	1200.95
1004.54	1212.50
1004.70	1208.20
1004.86	1221.12
1005.03	1207.58
1005.19	1214.51
1005.35	1206.68
1005.52	1205.33
1005.68	1204.64
1005.85	1214.59
1006.01	1198.92
1006.17	1214.90
1006.34	1206.99
1006.50	1218.93
1006.66	1209.37
1006.83	1212.30
1006.99	1205.21
1007.15	1213.79
1007.32	1206.83
1007.48	1208.75
1007.64	1200.50
1007.81	1214.98
1007.97	1202.63
1008.13	1212.46
1008.30	1206.48
1008.46	1214.30
1008.62	1213.44
1008.79	1205.91
1008.95	1209.22
1009.11	1212.42
1009.28	1207.83
1009.44	1209.31
1009.60	1203.69
1009.77	1216.19
1009.93	1210.55
1010.09	1210.00
1010.25	1203.26
1010.42	1210.19
1010.58	1204.49
1010.74	1210.43
1010.91	1203.53
1011.07	1205.50
1011.23	1200.68
1011.40	1206.46
1011.56	1202.61
1011.72	1213.03
1011.88	1212.75
1012.05	1212.46
1012.21	1205.66
1012.37	1205.70
1012.54	1207.30
1012.70	1220.92
1012.86	1206.85
1013.02	1208.16
1013.19	1200.03
1013.35	1209.90
1013.51	1205.43
1013.67	1213.85
1013.84	1198.45
1014.00	1212.34
1014.16	1213.42
1014.33	1215.80
1014.49	1205.82
1014.65	1209.00
1014.81	1206.75
1014.98	1216.78
1015.14	1203.53
1015.30	1209.31
1015.46	1208.16
1015.62	1214.61
1015.79	1206.05
1015.95	1211.87
1016.11	1209.53
1016.27	1212.68
1016.44	1201.69
1016.60	1218.40
1016.76	1200.89
1016.92	1216.72
1017.09	1206.13
1017.25	1212.38
1017.41	1208.67
1017.57	1213.69
1017.73	1198.66
1017.90	1213.03
1018.06	1203.08
1018.22	1207.48
1018.38	1205.95
1018.54	1212.15
1018.71	1202.81
1018.87	1201.30
1019.03	1214.12
1019.19	1213.73
1019.35	1205.27
1019.52	1215.80
1019.68	1211.68
1019.84	1207.34
1020.00	1208.22
1020.16	1206.87
1020.33	1212.91
1020.49	1209.16
1020.65	1203.73
1020.81	1208.87
1020.97	1203.06
1021.13	1216.08
1021.30	1204.86
1021.46	1210.47
1021.62	1210.21
1021.78	1206.60
1021.94	1207.13
1022.10	1209.78
1022.27	1201.71
1022.43	1218.07
1022.59	1206.25
1022.75	1211.60
1022.91	1202.01
1023.07	1211.70
1023.24	1206.85
1023.40	1211.23
1023.56	1197.65
1023.72	1218.25
1023.88	1203.82
1024.04	1208.36
1024.20	1208.20
1024.36	1213.03
1024.53	1206.83
1024.69	1202.61
1024.85	1210.92
1025.01	1207.36
1025.17	1214.20
1025.33	1216.80
1025.49	1205.78
1025.65	1209.28
1025.82	1197.18
1025.98	1213.50
1026.14	1208.57
1026.30	1217.93
1026.46	1206.07
1026.62	1214.53
1026.78	1210.53
1026.94	1209.98
1027.10	1204.90
1027.26	1207.54
1027.43	1205.27
1027.59	1213.83
1027.75	1204.88
1027.91	1214.63
1028.07	1208.90
1028.23	1211.89
1028.39	1209.37
1028.55	1213.91
1028.71	1206.77
1028.87	1211.25
1029.03	1204.02
1029.19	1213.50
1029.36	1204.37
1029.52	1212.91
1029.68	1199.68
1029.84	1210.23
1030.00	1207.07
1030.16	1205.88
1030.32	1210.23
1030.48	1210.10
1030.64	1205.70
1030.80	1212.54
1030.96	1201.40
1031.12	1207.20
1031.28	1209.41
1031.44	1223.09
1031.60	1199.35
1031.76	1205.48
1031.92	1204.31
1032.08	1231.55
1032.24	1203.30
1032.40	1215.37
1032.56	1204.10
1032.73	1218.50
1032.89	1212.64
1033.05	1209.65
1033.21	1200.74
1033.37	1213.36
1033.53	1200.25
1033.69	1220.51
1033.85	1207.54
1034.01	1213.24
1034.17	1206.36
1034.33	1215.67
1034.49	1205.68
1034.65	1212.38
1034.81	1203.32
1034.97	1203.67
1035.13	1205.31
1035.29	1208.79
1035.45	1205.25
1035.61	1208.83
1035.77	1208.63
1035.93	1208.77
1036.09	1208.14
1036.25	1216.21
1036.41	1210.84
1036.57	1220.04
1036.73	1204.31
1036.88	1215.72
1037.04	1206.50
