345.52	1207.83
345.73	1207.83
345.94	1207.83
346.16	1205.33
346.37	1208.22
346.58	1219.24
346.79	1223.85
347.00	1211.15
347.22	1213.81
347.43	1205.23
347.64	1219.59
347.85	1210.84
348.06	1222.56
348.28	1207.65
348.49	1225.40
348.70	1215.29
348.91	1221.72
349.12	1211.84
349.34	1226.41
349.55	1212.21
349.76	1220.02
349.97	1214.42
350.18	1218.52
350.40	1215.63
350.61	1220.18
350.82	1215.33
351.03	1220.77
351.24	1206.01
351.46	1221.37
351.67	1213.69
351.88	1215.88
352.09	1211.56
352.30	1223.27
352.51	1207.58
352.73	1224.97
352.94	1219.34
353.15	1220.24
353.36	1207.52
353.57	1223.87
353.79	1215.33
354.00	1220.75
354.21	1217.54
354.42	1223.09
354.63	1211.39
354.84	1222.58
355.06	1216.08
355.27	1216.60
355.48	1220.67
355.69	1218.01
355.90	1219.50
356.11	1224.52
356.33	1216.04
356.54	1226.43
356.75	1218.99
356.96	1223.80
357.17	1211.50
357.38	1216.35
357.60	1215.12
357.81	1222.99
358.02	1219.03
358.23	1225.16
358.44	1217.44
358.65	1217.87
358.87	1223.23
359.08	1217.42
359.29	1216.80
359.50	1220.61
359.71	1213.99
359.92	1224.46
360.13	1208.65
360.35	1220.36
360.56	1216.86
360.77	1217.33
360.98	1214.28
361.19	1225.03
361.40	1218.01
361.62	1216.80
361.83	1213.99
362.04	1218.07
362.25	1222.06
362.46	1221.37
362.67	1216.23
362.88	1221.76
363.10	1221.55
363.31	1219.65
363.52	1211.80
363.73	1226.14
363.94	1215.57
364.15	1225.96
364.36	1218.01
364.57	1222.78
364.79	1220.86
365.00	1219.07
365.21	1215.92
365.42	1222.13
365.63	1216.39
365.84	1222.29
366.05	1214.83
366.27	1223.33
366.48	1214.57
366.69	1217.48
366.90	1220.75
367.11	1216.90
367.32	1217.76
367.53	1222.97
367.74	1214.24
367.95	1227.74
368.17	1215.49
368.38	1222.58
368.59	1221.70
368.80	1224.30
369.01	1214.71
369.22	1219.83
369.43	1216.51
369.64	1224.85
369.86	1222.10
370.07	1232.08
370.28	1210.45
370.49	1231.30
370.70	1220.06
370.91	1222.58
371.12	1215.67
371.33	1219.81
371.54	1217.05
371.76	1228.33
371.97	1221.27
372.18	1222.13
372.39	1219.48
372.60	1219.22
372.81	1212.93
373.02	1218.19
373.23	1213.95
373.44	1220.30
373.65	1216.02
373.87	1222.17
374.08	1221.12
374.29	1221.65
374.50	1225.75
374.71	1224.44
374.92	1214.34
375.13	1218.36
375.34	1214.55
375.55	1220.18
375.76	1218.73
375.97	1233.20
376.19	1216.06
376.40	1225.75
376.61	1207.73
376.82	1229.03
377.03	1211.64
377.24	1229.81
377.45	1213.77
377.66	1218.99
377.87	1220.47
378.08	1230.87
378.29	1221.12
378.50	1223.62
378.71	1222.78
378.93	1221.27
379.14	1216.10
379.35	1221.59
379.56	1224.50
379.77	1223.54
379.98	1218.93
380.19	1230.79
380.40	1220.73
380.61	1224.79
380.82	1217.64
381.03	1230.17
381.24	1215.43
381.45	1227.68
381.66	1212.87
381.88	1229.23
382.09	1213.07
382.30	1224.03
382.51	1217.64
382.72	1222.74
382.93	1213.30
383.14	1220.96
383.35	1223.80
383.56	1224.19
383.77	1215.92
383.98	1226.45
384.19	1213.65
384.40	1230.13
384.61	1216.12
384.82	1222.56
385.03	1215.16
385.24	1219.89
385.45	1223.56
385.67	1222.58
385.88	1229.15
386.09	1224.77
386.30	1222.60
386.51	1218.38
386.72	1216.21
386.93	1225.75
387.14	1218.71
387.35	1223.54
387.56	1218.83
387.77	1223.60
387.98	1214.20
388.19	1228.88
388.40	1221.84
388.61	1228.95
388.82	1215.26
389.03	1226.32
389.24	1216.72
389.45	1222.68
389.66	1215.29
389.87	1227.14
390.08	1214.24
390.29	1223.21
390.50	1209.31
390.71	1229.50
390.92	1221.84
391.13	1220.71
391.34	1214.79
391.55	1222.64
391.76	1216.84
391.98	1226.94
392.19	1212.75
392.40	1223.37
392.61	1214.59
392.82	1229.54
393.03	1220.69
393.24	1227.16
393.45	1215.57
393.66	1221.20
393.87	1216.55
394.08	1220.28
394.29	1220.49
394.50	1220.36
394.71	1215.31
394.92	1222.90
395.13	1220.65
395.34	1222.37
395.55	1221.00
395.76	1232.20
395.97	1219.59
396.18	1229.97
396.39	1213.30
396.60	1225.96
396.81	1218.95
397.02	1228.47
397.23	1216.84
397.44	1223.72
397.65	1222.17
397.86	1220.67
398.07	1216.88
398.28	1223.91
398.49	1213.38
398.70	1227.14
398.91	1219.05
399.12	1228.13
399.33	1213.87
399.54	1223.93
399.75	1215.49
399.96	1219.18
400.17	1218.77
400.38	1221.39
400.59	1219.81
400.80	1226.30
401.01	1219.87
401.22	1219.54
401.42	1213.67
401.63	1222.23
401.84	1212.58
402.05	1223.17
402.26	1219.73
402.47	1223.95
402.68	1212.70
402.89	1221.31
403.10	1212.62
403.31	1216.37
403.52	1219.42
403.73	1218.99
403.94	1213.95
404.15	1226.53
404.36	1218.15
404.57	1225.40
404.78	1220.84
404.99	1224.30
405.20	1218.68
405.41	1228.86
405.62	1220.41
405.83	1225.61
406.04	1218.85
406.25	1221.90
406.46	1217.95
406.67	1230.28
406.88	1215.41
407.09	1220.38
407.30	1217.11
407.50	1230.03
407.71	1216.82
407.92	1224.95
408.13	1219.65
408.34	1218.95
408.55	1219.93
408.76	1220.18
408.97	1225.03
409.18	1227.37
409.39	1224.13
409.60	1224.17
409.81	1218.93
410.02	1223.60
410.23	1218.71
410.44	1224.71
410.65	1212.89
410.86	1222.15
411.07	1222.97
411.27	1231.18
411.48	1213.77
411.69	1229.68
411.90	1217.07
412.11	1224.36
412.32	1218.93
412.53	1231.87
412.74	1214.67
412.95	1224.48
413.16	1217.03
413.37	1223.46
413.58	1219.32
413.79	1224.05
414.00	1215.55
414.20	1225.32
414.41	1217.82
414.62	1225.36
414.83	1212.70
415.04	1229.74
415.25	1220.04
415.46	1219.85
415.67	1225.46
415.88	1225.87
416.09	1219.52
416.30	1222.31
416.51	1218.66
416.71	1221.10
416.92	1218.40
417.13	1227.78
417.34	1216.06
417.55	1221.47
417.76	1218.07
417.97	1219.42
418.18	1216.10
418.39	1225.67
418.60	1220.26
418.81	1228.58
419.01	1218.40
419.22	1226.32
419.43	1213.05
419.64	1223.05
419.85	1216.66
420.06	1229.29
420.27	1218.38
420.48	1224.58
420.69	1215.35
420.90	1226.65
421.10	1219.40
421.31	1223.29
421.52	1229.15
421.73	1227.51
421.94	1218.36
422.15	1223.44
422.36	1221.39
422.57	1221.45
422.78	1219.61
422.98	1227.84
423.19	1220.00
423.40	1221.20
423.61	1214.49
423.82	1222.99
424.03	1224.21
424.24	1227.06
424.45	1220.81
424.65	1222.21
424.86	1218.46
425.07	1228.08
425.28	1217.76
425.49	1216.39
425.70	1215.65
425.91	1220.55
426.12	1211.41
426.32	1222.29
426.53	1215.47
426.74	1221.35
426.95	1216.43
427.16	1226.69
427.37	1212.50
427.58	1232.84
427.78	1221.02
427.99	1223.76
428.20	1222.66
428.41	1223.21
428.62	1217.25
428.83	1223.80
429.04	1223.80
429.24	1231.98
429.45	1211.29
429.66	1226.67
429.87	1212.97
430.08	1224.15
430.29	1220.47
430.50	1222.33
430.70	1219.52
430.91	1220.28
431.12	1216.35
431.33	1220.45
431.54	1220.63
431.75	1222.43
431.96	1226.18
432.16	1227.10
432.37	1219.91
432.58	1218.93
432.79	1208.36
433.00	1222.56
433.21	1216.58
433.41	1220.88
433.62	1220.63
433.83	1227.47
434.04	1216.66
434.25	1219.42
434.46	1215.20
434.66	1223.29
434.87	1218.54
435.08	1225.30
435.29	1218.91
435.50	1222.39
435.71	1215.88
435.91	1223.76
436.12	1217.44
436.33	1223.78
436.54	1224.50
436.75	1226.92
436.95	1218.81
437.16	1229.91
437.37	1220.71
437.58	1219.83
437.79	1218.58
438.00	1231.16
438.20	1213.71
438.41	1217.72
438.62	1218.81
438.83	1228.37
439.04	1212.54
439.24	1223.52
439.45	1224.81
439.66	1226.39
439.87	1214.69
440.08	1223.72
440.28	1211.70
440.49	1228.99
440.70	1216.96
440.91	1222.62
441.12	1221.06
441.32	1222.66
441.53	1212.48
441.74	1220.65
441.95	1217.37
442.16	1226.28
442.36	1220.36
442.57	1227.35
442.78	1214.55
442.99	1225.03
443.20	1221.51
443.40	1217.25
443.61	1219.46
443.82	1224.17
444.03	1212.17
444.24	1228.58
444.44	1221.51
444.65	1228.54
444.86	1208.90
445.07	1225.16
445.27	1225.96
445.48	1226.86
445.69	1219.46
445.90	1227.92
446.11	1220.59
446.31	1227.94
446.52	1212.32
446.73	1230.73
446.94	1218.56
447.14	1224.15
447.35	1214.98
447.56	1230.26
447.77	1220.96
447.97	1236.71
448.18	1218.77
448.39	1229.35
448.60	1217.03
448.81	1220.53
449.01	1214.42
449.22	1222.33
449.43	1205.15
449.64	1226.26
449.84	1211.99
450.05	1222.82
450.26	1213.73
450.47	1225.98
450.67	1218.89
450.88	1221.20
451.09	1215.57
451.30	1217.58
451.50	1215.96
451.71	1223.95
451.92	1218.09
452.13	1227.65
452.33	1214.38
452.54	1222.56
452.75	1213.87
452.96	1225.44
453.16	1219.95
453.37	1227.74
453.58	1216.37
453.79	1220.69
453.99	1221.20
454.20	1220.53
454.41	1214.49
454.61	1219.91
454.82	1220.16
455.03	1214.57
455.24	1219.14
455.44	1224.60
455.65	1214.45
455.86	1225.61
456.07	1220.16
456.27	1231.48
456.48	1223.78
456.69	1223.27
456.90	1216.62
457.10	1235.81
457.31	1211.21
457.52	1222.66
457.72	1219.83
457.93	1222.64
458.14	1218.73
458.35	1219.18
458.55	1211.95
458.76	1223.74
458.97	1217.50
459.17	1220.20
459.38	1223.74
459.59	1224.48
459.80	1215.86
460.00	1221.98
460.21	1217.80
460.42	1226.28
460.62	1218.68
460.83	1228.56
461.04	1222.58
461.25	1229.25
461.45	1220.55
461.66	1220.16
461.87	1225.75
462.07	1225.85
462.28	1214.81
462.49	1217.82
462.69	1217.25
462.90	1222.25
463.11	1215.20
463.31	1228.17
463.52	1216.94
463.73	1221.84
463.94	1219.87
464.14	1228.47
464.35	1223.17
464.56	1220.38
464.76	1218.75
464.97	1221.96
465.18	1219.42
465.38	1220.75
465.59	1217.89
465.80	1223.83
466.00	1213.63
466.21	1229.97
466.42	1212.70
466.62	1222.90
466.83	1212.17
467.04	1226.34
467.24	1219.95
467.45	1217.74
467.66	1216.33
467.86	1228.45
468.07	1214.65
468.28	1224.28
468.48	1216.31
468.69	1223.03
468.90	1213.54
469.10	1225.91
469.31	1218.38
469.52	1227.37
469.72	1217.74
469.93	1227.51
470.14	1214.63
470.34	1227.80
470.55	1216.60
470.76	1227.18
470.96	1218.44
471.17	1227.76
471.38	1215.94
471.58	1226.67
471.79	1223.07
472.00	1227.70
472.20	1211.48
472.41	1223.89
472.62	1220.02
472.82	1222.08
473.03	1219.69
473.24	1220.02
473.44	1217.07
473.65	1220.14
473.85	1212.50
474.06	1216.49
474.27	1219.61
474.47	1223.07
474.68	1221.22
474.89	1225.71
475.09	1218.46
475.30	1222.21
475.51	1216.88
475.71	1229.68
475.92	1222.76
476.12	1224.93
476.33	1214.96
476.54	1226.51
476.74	1217.87
476.95	1221.90
477.16	1217.87
477.36	1219.77
477.57	1225.59
477.77	1220.24
477.98	1225.83
478.19	1220.34
478.39	1221.67
478.60	1227.10
478.81	1216.94
479.01	1222.04
479.22	1223.85
479.42	1227.25
479.63	1222.13
479.84	1225.22
480.04	1211.64
480.25	1225.20
480.45	1215.90
480.66	1224.38
480.87	1214.75
481.07	1223.42
481.28	1217.56
481.48	1227.08
481.69	1219.01
481.90	1224.38
482.10	1220.57
482.31	1226.08
482.51	1214.22
482.72	1228.52
482.93	1212.21
483.13	1226.88
483.34	1215.12
483.54	1222.82
483.75	1211.66
483.96	1222.90
484.16	1217.72
484.37	1223.23
484.57	1211.54
484.78	1218.95
484.99	1213.61
485.19	1224.44
485.40	1217.37
485.60	1223.60
485.81	1209.04
486.01	1226.79
486.22	1230.03
486.43	1227.18
486.63	1227.20
486.84	1226.30
487.04	1224.09
487.25	1225.67
487.46	1218.83
487.66	1222.19
487.87	1218.42
488.07	1221.86
488.28	1221.53
488.48	1227.14
488.69	1219.83
488.89	1219.11
489.10	1215.29
489.31	1225.18
489.51	1216.15
489.72	1221.90
489.92	1214.08
490.13	1223.27
490.33	1213.97
490.54	1215.33
490.75	1218.50
490.95	1225.96
491.16	1213.61
491.36	1220.65
491.57	1219.01
491.77	1214.53
491.98	1214.49
492.18	1222.66
492.39	1223.46
492.59	1220.98
492.80	1220.28
493.01	1223.33
493.21	1216.98
493.42	1217.89
493.62	1221.92
493.83	1217.07
494.03	1217.21
494.24	1222.64
494.44	1213.32
494.65	1218.17
494.85	1210.53
495.06	1223.52
495.26	1215.86
495.47	1220.16
495.68	1217.74
495.88	1224.66
496.09	1211.60
496.29	1218.56
496.50	1214.02
496.70	1224.85
496.91	1217.01
497.11	1225.09
497.32	1215.02
497.52	1225.46
497.73	1223.50
497.93	1229.56
498.14	1217.60
498.34	1232.51
498.55	1215.98
498.75	1221.10
498.96	1218.17
499.16	1225.65
499.37	1214.77
499.57	1230.15
499.78	1215.20
499.98	1220.14
500.19	1221.72
500.39	1222.29
500.60	1225.44
500.80	1219.18
501.01	1221.65
501.21	1219.28
501.42	1216.84
501.62	1225.32
501.83	1222.84
502.03	1228.45
502.24	1221.27
502.44	1218.38
502.65	1217.95
502.85	1221.76
503.06	1210.21
503.26	1227.43
503.47	1215.29
503.67	1226.82
503.88	1215.67
504.08	1227.14
504.29	1217.23
504.49	1225.77
504.70	1213.67
504.90	1226.20
505.11	1217.15
505.31	1226.39
505.52	1222.82
505.72	1221.53
505.93	1216.55
506.13	1218.13
506.34	1216.21
506.54	1221.22
506.75	1212.23
506.95	1225.52
507.16	1220.41
507.36	1219.07
507.56	1214.24
507.77	1217.46
507.97	1217.15
508.18	1222.17
508.38	1215.26
508.59	1226.32
508.79	1219.44
509.00	1224.40
509.20	1215.37
509.41	1219.34
509.61	1214.34
509.82	1220.57
510.02	1217.39
510.22	1221.55
510.43	1214.14
510.63	1228.97
510.84	1219.01
511.04	1221.61
511.25	1224.36
511.45	1221.74
511.66	1218.83
511.86	1226.63
512.06	1214.90
512.27	1220.65
512.47	1215.29
512.68	1223.50
512.88	1219.75
513.09	1213.48
513.29	1219.89
513.50	1225.71
513.70	1215.82
513.90	1228.74
514.11	1223.40
514.31	1220.32
514.52	1221.10
514.72	1227.76
514.93	1219.71
515.13	1224.19
515.33	1210.60
515.54	1227.65
515.74	1218.23
515.95	1220.57
516.15	1216.82
516.36	1225.59
516.56	1214.20
516.76	1226.57
516.97	1216.08
517.17	1225.57
517.38	1215.92
517.58	1224.95
517.78	1216.08
517.99	1221.08
518.19	1217.93
518.40	1225.79
518.60	1217.37
518.81	1222.27
519.01	1217.23
519.21	1223.03
519.42	1215.78
519.62	1225.69
519.83	1219.63
520.03	1225.09
520.23	1215.26
520.44	1223.80
520.64	1223.66
520.85	1230.83
521.05	1215.14
521.25	1225.14
521.46	1211.74
521.66	1228.33
521.86	1211.68
522.07	1223.29
522.27	1218.85
522.48	1222.82
522.68	1214.16
522.88	1222.99
523.09	1221.78
523.29	1225.38
523.50	1221.82
523.70	1225.05
523.90	1217.82
524.11	1223.66
524.31	1220.47
524.51	1226.02
524.72	1216.12
524.92	1223.33
525.13	1215.84
525.33	1218.68
525.53	1219.07
525.74	1220.73
525.94	1223.56
526.14	1220.81
526.35	1224.40
526.55	1218.79
526.76	1222.74
526.96	1231.12
527.16	1212.81
527.37	1218.13
527.57	1216.37
527.77	1226.90
527.98	1219.71
528.18	1227.65
528.38	1217.21
528.59	1224.15
528.79	1221.57
528.99	1223.50
529.20	1216.90
529.40	1227.88
529.61	1218.19
529.81	1227.63
530.01	1216.55
530.22	1222.58
530.42	1215.12
530.62	1215.24
530.83	1221.08
531.03	1224.26
531.23	1212.44
531.44	1217.31
531.64	1221.35
531.84	1221.43
532.05	1219.24
532.25	1226.51
532.45	1216.12
532.66	1225.77
532.86	1215.10
533.06	1226.92
533.27	1223.23
533.47	1222.56
533.67	1213.34
533.88	1218.87
534.08	1217.09
534.28	1228.17
534.49	1216.19
534.69	1228.97
534.89	1219.81
535.09	1224.17
535.30	1213.24
535.50	1213.99
535.70	1218.75
535.91	1219.83
536.11	1218.01
536.31	1223.19
536.52	1221.80
536.72	1226.24
536.92	1223.48
537.13	1219.75
537.33	1215.39
537.53	1228.54
537.74	1222.29
537.94	1217.42
538.14	1215.69
538.34	1223.83
538.55	1218.73
538.75	1228.68
538.95	1219.89
539.16	1221.57
539.36	1228.70
539.56	1219.38
539.77	1212.36
539.97	1234.19
540.17	1216.23
540.37	1224.03
540.58	1221.04
540.78	1226.71
540.98	1221.43
541.19	1224.75
541.39	1213.83
541.59	1226.43
541.79	1215.26
542.00	1228.11
542.20	1214.36
542.40	1217.23
542.60	1212.58
542.81	1223.89
543.01	1220.24
543.21	1220.65
543.42	1213.34
543.62	1221.35
543.82	1216.51
544.02	1231.75
544.23	1215.78
544.43	1222.86
544.63	1224.75
544.83	1225.48
545.04	1223.80
545.24	1224.93
545.44	1208.90
545.64	1217.76
545.85	1213.24
546.05	1229.97
546.25	1224.38
546.45	1221.45
546.66	1222.23
546.86	1215.88
547.06	1223.80
547.27	1223.42
547.47	1209.65
547.67	1217.95
547.87	1219.69
548.07	1214.04
548.28	1218.23
548.48	1221.78
548.68	1216.98
548.88	1225.30
549.09	1216.04
549.29	1228.04
549.49	1217.07
549.69	1224.50
549.90	1221.18
550.10	1218.30
550.30	1222.19
550.50	1221.16
550.71	1223.21
550.91	1216.92
551.11	1217.58
551.31	1223.85
551.51	1223.19
551.72	1218.03
551.92	1221.14
552.12	1223.27
552.32	1221.10
552.53	1217.17
552.73	1220.98
552.93	1218.28
553.13	1218.54
553.33	1223.72
553.54	1225.05
553.74	1227.96
553.94	1219.40
554.14	1215.76
554.35	1223.68
554.55	1226.43
554.75	1216.90
554.95	1225.20
555.15	1218.64
555.36	1228.00
555.56	1217.50
555.76	1219.42
555.96	1217.05
556.16	1229.09
556.37	1219.38
556.57	1222.51
556.77	1210.02
556.97	1228.47
557.17	1215.51
557.38	1231.53
557.58	1220.36
557.78	1223.27
557.98	1216.10
558.18	1220.41
558.38	1222.33
558.59	1218.13
558.79	1209.55
558.99	1221.31
559.19	1219.24
559.39	1229.42
559.60	1214.69
559.80	1225.48
560.00	1212.13
560.20	1222.15
560.40	1217.95
560.60	1216.33
560.81	1224.73
561.01	1219.52
561.21	1219.87
561.41	1222.51
561.61	1218.01
561.81	1227.10
562.02	1223.01
562.22	1220.30
562.42	1216.90
562.62	1223.19
562.82	1219.16
563.02	1218.91
563.23	1222.60
563.43	1224.69
563.63	1213.07
563.83	1216.29
564.03	1224.71
564.23	1225.55
564.43	1220.79
564.64	1228.39
564.84	1219.11
565.04	1224.34
565.24	1215.43
565.44	1227.00
565.64	1221.14
565.85	1224.32
566.05	1207.36
566.25	1223.09
566.45	1218.73
566.65	1221.59
566.85	1220.14
567.05	1219.75
567.25	1219.22
567.46	1224.38
567.66	1211.64
567.86	1227.12
568.06	1219.18
568.26	1226.24
568.46	1221.76
568.66	1222.51
568.86	1219.14
569.07	1223.99
569.27	1216.92
569.47	1222.00
569.67	1218.30
569.87	1222.72
570.07	1222.08
570.27	1226.28
570.47	1218.44
570.68	1222.17
570.88	1215.59
571.08	1223.07
571.28	1218.21
571.48	1221.02
571.68	1215.12
571.88	1223.66
572.08	1227.74
572.28	1217.60
572.49	1218.15
572.69	1225.36
572.89	1216.72
573.09	1230.17
573.29	1221.37
573.49	1222.37
573.69	1216.25
573.89	1219.24
574.09	1213.16
574.29	1224.36
574.50	1218.95
574.70	1225.36
574.90	1223.50
575.10	1216.74
575.30	1221.49
575.50	1225.75
575.70	1217.56
575.90	1219.75
576.10	1207.69
576.30	1222.33
576.50	1215.82
576.70	1219.77
576.91	1222.62
577.11	1220.30
577.31	1215.78
577.51	1225.36
577.71	1216.39
577.91	1220.75
578.11	1223.29
578.31	1225.69
578.51	1216.86
578.71	1224.89
578.91	1220.73
579.11	1219.59
579.31	1216.68
579.51	1228.43
579.71	1217.76
579.92	1217.25
580.12	1211.25
580.32	1223.52
580.52	1220.20
580.72	1215.80
580.92	1217.05
581.12	1222.41
581.32	1222.25
581.52	1224.17
581.72	1217.17
581.92	1227.82
582.12	1213.26
582.32	1221.14
582.52	1215.45
582.72	1227.61
582.92	1215.26
583.12	1220.06
583.32	1219.44
583.52	1227.12
583.72	1216.04
583.92	1221.61
584.12	1223.91
584.33	1224.91
584.53	1219.09
584.73	1221.78
584.93	1224.77
585.13	1218.93
585.33	1210.92
585.53	1223.19
585.73	1223.11
585.93	1220.47
586.13	1217.76
586.33	1219.20
586.53	1217.29
586.73	1226.82
586.93	1221.53
587.13	1220.69
587.33	1218.19
587.53	1222.35
587.73	1219.03
587.93	1220.16
588.13	1211.54
588.33	1219.87
588.53	1211.21
588.73	1224.32
588.93	1216.78
589.13	1229.11
589.33	1213.59
589.53	1218.64
589.73	1212.01
589.93	1229.19
590.13	1214.28
590.33	1217.72
590.53	1221.84
590.73	1222.33
590.93	1217.82
591.13	1219.11
591.33	1222.94
591.53	1221.04
591.73	1217.87
591.93	1220.10
592.13	1219.73
592.33	1224.62
592.53	1218.91
592.73	1225.20
592.93	1219.50
593.13	1222.51
593.33	1217.91
593.53	1225.28
593.73	1222.43
593.93	1222.90
594.13	1222.56
594.33	1222.64
594.53	1213.13
594.73	1232.30
594.92	1221.24
595.12	1224.38
595.32	1218.01
595.52	1229.64
595.72	1217.39
595.92	1220.86
596.12	1222.82
596.32	1219.09
596.52	1217.29
596.72	1222.43
596.92	1220.38
597.12	1219.28
597.32	1213.07
597.52	1216.96
597.72	1213.97
597.92	1219.57
598.12	1214.63
598.32	1220.84
598.52	1215.82
598.72	1221.84
598.92	1212.05
599.12	1225.79
599.31	1217.29
599.51	1219.07
599.71	1214.59
599.91	1227.78
600.11	1214.36
600.31	1217.80
600.51	1211.72
600.71	1228.33
600.91	1213.48
601.11	1220.14
601.31	1217.19
601.51	1216.06
601.71	1216.70
601.91	1217.89
602.10	1217.82
602.30	1221.04
602.50	1213.32
602.70	1220.81
602.90	1215.51
603.10	1217.70
603.30	1220.02
603.50	1224.13
603.70	1217.93
603.90	1223.80
604.10	1216.04
604.30	1214.49
604.49	1220.71
604.69	1224.81
604.89	1217.39
605.09	1221.88
605.29	1216.55
605.49	1224.23
605.69	1216.51
605.89	1222.66
606.09	1216.04
606.29	1221.82
606.48	1220.67
606.68	1222.06
606.88	1217.68
607.08	1229.83
607.28	1219.77
607.48	1224.19
607.68	1217.13
607.88	1219.50
608.08	1209.04
608.27	1226.26
608.47	1214.32
608.67	1223.66
608.87	1214.18
609.07	1223.29
609.27	1219.81
609.47	1219.61
609.67	1224.07
609.87	1224.97
610.06	1218.85
610.26	1225.09
610.46	1216.58
610.66	1220.47
610.86	1219.09
611.06	1228.66
611.26	1219.24
611.45	1228.74
611.65	1223.62
611.85	1223.95
612.05	1215.49
612.25	1223.89
612.45	1216.76
612.65	1232.14
612.84	1220.20
613.04	1221.31
613.24	1215.78
613.44	1228.70
613.64	1216.90
613.84	1221.27
614.04	1223.52
614.23	1224.38
614.43	1214.67
614.63	1227.35
614.83	1214.77
615.03	1223.29
615.23	1224.05
615.42	1218.83
615.62	1218.58
615.82	1221.88
616.02	1208.77
616.22	1222.68
616.42	1210.27
616.61	1223.97
616.81	1217.07
617.01	1222.86
617.21	1218.17
617.41	1228.52
617.61	1218.15
617.80	1222.00
618.00	1215.59
618.20	1219.11
618.40	1207.22
618.60	1220.79
618.80	1214.77
618.99	1225.16
619.19	1218.54
619.39	1222.39
619.59	1216.68
619.79	1229.91
619.98	1213.93
620.18	1223.80
620.38	1224.73
620.58	1219.11
620.78	1212.62
620.97	1216.55
621.17	1221.10
621.37	1225.85
621.57	1214.14
621.77	1222.06
621.96	1216.37
622.16	1218.48
622.36	1223.76
622.56	1222.08
622.76	1221.80
622.95	1220.22
623.15	1204.29
623.35	1223.62
623.55	1218.64
623.75	1216.98
623.94	1220.71
624.14	1221.53
624.34	1219.32
624.54	1226.28
624.73	1216.72
624.93	1226.82
625.13	1214.34
625.33	1221.35
625.53	1218.13
625.72	1222.86
625.92	1219.89
626.12	1222.90
626.32	1225.96
626.51	1226.63
626.71	1218.64
626.91	1219.67
627.11	1214.20
627.30	1224.28
627.50	1211.50
627.70	1227.25
627.90	1220.08
628.10	1217.05
628.29	1218.73
628.49	1223.80
628.69	1217.29
628.89	1220.73
629.08	1218.30
629.28	1223.68
629.48	1215.55
629.68	1222.97
629.87	1220.59
630.07	1220.41
630.27	1221.27
630.47	1222.06
630.66	1213.63
630.86	1225.03
631.06	1216.94
631.25	1220.98
631.45	1215.74
631.65	1220.02
631.85	1216.15
632.04	1222.56
632.24	1218.99
632.44	1220.32
632.64	1210.74
632.83	1222.37
633.03	1218.87
633.23	1220.59
633.42	1219.14
633.62	1226.22
633.82	1214.26
634.02	1222.82
634.21	1223.37
634.41	1214.36
634.61	1224.97
634.81	1216.86
635.00	1208.73
635.20	1217.60
635.40	1209.43
635.59	1229.68
635.79	1213.69
635.99	1232.86
636.18	1218.99
636.38	1221.78
636.58	1218.66
636.78	1217.39
636.97	1216.15
637.17	1221.57
637.37	1219.85
637.56	1222.51
637.76	1215.84
637.96	1227.18
638.15	1211.13
638.35	1219.11
638.55	1218.48
638.74	1223.54
638.94	1212.30
639.14	1225.81
639.34	1224.09
639.53	1222.76
639.73	1211.56
639.93	1225.07
640.12	1212.70
640.32	1226.14
640.52	1217.21
640.71	1219.69
640.91	1218.81
641.11	1219.71
641.30	1211.95
641.50	1219.77
641.70	1222.53
641.89	1218.95
642.09	1219.28
642.29	1218.03
642.48	1219.18
642.68	1227.92
642.88	1221.78
643.07	1223.72
643.27	1218.17
643.47	1223.19
643.66	1207.63
643.86	1224.01
644.06	1225.01
644.25	1227.10
644.45	1216.72
644.65	1218.25
644.84	1212.36
645.04	1224.36
645.23	1218.75
645.43	1224.66
645.63	1221.37
645.82	1223.01
646.02	1221.33
646.22	1223.15
646.41	1218.50
646.61	1223.05
646.81	1212.21
647.00	1223.44
647.20	1216.10
647.39	1221.98
647.59	1220.47
647.79	1223.21
647.98	1216.62
648.18	1215.86
648.38	1216.10
648.57	1221.31
648.77	1214.34
648.96	1225.20
649.16	1218.68
649.36	1217.64
649.55	1213.87
649.75	1222.86
649.95	1213.11
650.14	1223.21
650.34	1218.44
650.53	1221.86
650.73	1217.07
650.93	1227.16
651.12	1210.23
651.32	1227.51
651.51	1222.27
651.71	1216.96
651.91	1219.52
652.10	1228.86
652.30	1219.38
652.49	1220.67
652.69	1216.53
652.89	1226.73
653.08	1213.87
653.28	1221.53
653.47	1218.30
653.67	1227.94
653.86	1215.18
654.06	1221.20
654.26	1228.43
654.45	1222.10
654.65	1210.23
654.84	1225.03
655.04	1213.71
655.24	1226.55
655.43	1216.62
655.63	1220.67
655.82	1214.88
656.02	1220.55
656.21	1216.68
656.41	1222.94
656.61	1219.48
656.80	1222.88
657.00	1208.87
657.19	1229.15
657.39	1218.54
657.58	1218.93
657.78	1216.23
657.97	1224.64
658.17	1221.22
658.37	1219.81
658.56	1215.76
658.76	1221.39
658.95	1218.19
659.15	1222.88
659.34	1218.34
659.54	1227.33
659.73	1219.95
659.93	1217.74
660.13	1221.70
660.32	1224.60
660.52	1221.55
660.71	1223.31
660.91	1220.88
661.10	1229.74
661.30	1217.64
661.49	1217.66
661.69	1217.62
661.88	1217.46
662.08	1212.46
662.27	1220.81
662.47	1214.08
662.66	1216.43
662.86	1218.71
663.06	1227.59
663.25	1216.00
663.45	1225.22
663.64	1218.38
663.84	1221.51
664.03	1212.27
664.23	1228.17
664.42	1221.78
664.62	1225.22
664.81	1218.73
665.01	1217.62
665.20	1218.36
665.40	1220.49
665.59	1218.66
665.79	1221.31
665.98	1222.66
666.18	1220.61
666.37	1211.50
666.57	1221.27
666.76	1220.94
666.96	1223.80
667.15	1210.64
667.35	1219.40
667.54	1215.51
667.74	1231.73
667.93	1221.51
668.13	1224.97
668.32	1223.05
668.52	1227.70
668.71	1211.31
668.91	1222.33
669.10	1222.90
669.30	1221.49
669.49	1221.80
669.68	1225.65
669.88	1217.99
670.07	1218.60
670.27	1216.02
670.46	1226.98
670.66	1224.23
670.85	1223.64
671.05	1214.02
671.24	1217.80
671.44	1220.94
671.63	1220.59
671.83	1216.35
672.02	1220.75
672.22	1213.09
672.41	1223.42
672.60	1218.97
672.80	1229.19
672.99	1221.61
673.19	1212.60
673.38	1215.78
673.58	1221.47
673.77	1213.18
673.97	1221.70
674.16	1221.55
674.36	1219.85
674.55	1216.88
674.74	1221.96
674.94	1221.43
675.13	1223.25
675.33	1212.42
675.52	1222.15
675.72	1212.91
675.91	1228.17
676.10	1213.50
676.30	1213.97
676.49	1213.56
676.69	1218.54
676.88	1224.95
677.08	1218.50
677.27	1222.33
677.46	1224.11
677.66	1214.86
677.85	1224.46
678.05	1219.63
678.24	1226.14
678.44	1218.13
678.63	1224.36
678.82	1220.34
679.02	1223.54
679.21	1219.87
679.41	1220.55
679.60	1216.47
679.79	1218.54
679.99	1218.73
680.18	1220.30
680.38	1211.87
680.57	1227.96
680.76	1221.41
680.96	1223.01
681.15	1209.86
681.35	1226.65
681.54	1216.84
681.73	1228.45
681.93	1210.88
682.12	1219.26
682.32	1215.49
682.51	1223.35
682.70	1213.26
682.90	1228.58
683.09	1214.04
683.29	1229.05
683.48	1211.54
683.67	1217.99
683.87	1216.27
684.06	1226.02
684.25	1218.71
684.45	1225.01
684.64	1219.26
684.84	1224.52
685.03	1221.24
685.22	1231.71
685.42	1220.86
685.61	1227.16
685.80	1214.98
686.00	1224.05
686.19	1218.05
686.38	1223.40
686.58	1213.87
686.77	1213.99
686.96	1213.95
687.16	1228.33
687.35	1223.72
687.55	1223.44
687.74	1212.36
687.93	1227.88
688.13	1219.44
688.32	1223.27
688.51	1212.05
688.71	1228.68
688.90	1222.92
689.09	1226.59
689.29	1219.71
689.48	1216.12
689.67	1224.36
689.87	1222.70
690.06	1213.71
690.25	1219.87
690.45	1220.02
690.64	1224.30
690.83	1219.42
691.03	1222.35
691.22	1220.81
691.41	1226.20
691.61	1216.90
691.80	1226.47
691.99	1221.84
692.19	1222.74
692.38	1218.97
692.57	1218.21
692.76	1214.67
692.96	1227.25
693.15	1211.31
693.34	1219.30
693.54	1218.89
693.73	1225.44
693.92	1220.88
694.12	1222.51
694.31	1219.03
694.50	1227.20
694.70	1220.86
694.89	1218.97
695.08	1222.99
695.27	1230.89
695.47	1227.47
695.66	1220.04
695.85	1217.72
696.05	1228.06
696.24	1213.03
696.43	1222.21
696.62	1220.59
696.82	1223.37
697.01	1222.47
697.20	1224.95
697.40	1220.84
697.59	1222.84
697.78	1211.48
697.97	1223.89
698.17	1226.61
698.36	1218.60
698.55	1219.95
698.74	1222.25
698.94	1213.44
699.13	1221.24
699.32	1219.95
699.52	1217.07
699.71	1212.19
699.90	1222.51
700.09	1222.84
700.29	1226.71
700.48	1218.28
700.67	1220.10
700.86	1220.75
701.06	1211.19
701.25	1220.26
701.44	1225.01
701.63	1218.71
701.83	1219.42
702.02	1220.24
702.21	1220.94
702.40	1217.17
702.60	1224.26
702.79	1219.57
702.98	1224.23
703.17	1216.12
703.37	1226.39
703.56	1218.66
703.75	1222.94
703.94	1213.48
704.13	1219.91
704.33	1217.21
704.52	1220.96
704.71	1222.99
704.90	1218.91
705.10	1211.64
705.29	1229.27
705.48	1214.16
705.67	1219.38
705.86	1213.50
706.06	1217.85
706.25	1213.85
706.44	1224.07
706.63	1219.52
706.83	1228.25
707.02	1217.23
707.21	1220.61
707.40	1209.55
707.59	1227.43
707.79	1213.71
707.98	1222.06
708.17	1218.75
708.36	1221.16
708.55	1215.33
708.75	1225.93
708.94	1221.49
709.13	1222.31
709.32	1216.33
709.51	1227.96
709.71	1215.20
709.90	1218.79
710.09	1213.22
710.28	1223.07
710.47	1223.97
710.66	1225.46
710.86	1217.19
711.05	1220.88
711.24	1217.23
711.43	1223.11
711.62	1219.01
711.82	1225.36
712.01	1217.95
712.20	1212.97
712.39	1223.80
712.58	1224.05
712.77	1216.86
712.97	1218.95
713.16	1219.85
713.35	1224.77
713.54	1228.29
713.73	1221.39
713.92	1214.79
714.11	1225.09
714.31	1220.96
714.50	1213.79
714.69	1213.03
714.88	1228.39
715.07	1214.42
715.26	1225.38
715.46	1217.46
715.65	1232.82
715.84	1217.97
716.03	1228.99
716.22	1218.89
716.41	1226.90
716.60	1219.59
716.80	1229.38
716.99	1216.78
717.18	1228.06
717.37	1213.91
717.56	1224.81
717.75	1216.51
717.94	1227.55
718.13	1212.68
718.33	1224.28
718.52	1218.68
718.71	1222.62
718.90	1222.76
719.09	1226.06
719.28	1213.63
719.47	1225.05
719.66	1221.80
719.85	1224.79
720.05	1208.90
720.24	1225.79
720.43	1216.82
720.62	1231.71
720.81	1215.43
721.00	1226.73
721.19	1220.59
721.38	1224.03
721.57	1218.07
721.77	1218.11
721.96	1217.27
722.15	1219.54
722.34	1213.48
722.53	1222.88
722.72	1210.80
722.91	1223.44
723.10	1211.43
723.29	1230.67
723.48	1207.77
723.67	1224.64
723.87	1216.39
724.06	1224.48
724.25	1224.19
724.44	1224.71
724.63	1224.99
724.82	1221.35
725.01	1214.24
725.20	1225.28
725.39	1207.93
725.58	1221.59
725.77	1223.80
725.96	1227.47
726.15	1217.64
726.34	1227.29
726.54	1214.83
726.73	1227.86
726.92	1210.98
727.11	1223.66
727.30	1213.16
727.49	1219.22
727.68	1223.23
727.87	1224.09
728.06	1217.05
728.25	1221.74
728.44	1220.02
728.63	1226.41
728.82	1211.43
729.01	1222.06
729.20	1218.44
729.39	1229.27
729.58	1208.55
729.77	1226.55
729.96	1220.18
730.15	1221.35
730.34	1213.42
730.53	1220.96
730.73	1218.19
730.92	1221.72
731.11	1220.51
731.30	1223.60
731.49	1227.86
731.68	1225.57
731.87	1223.42
732.06	1226.24
732.25	1215.98
732.44	1224.99
732.63	1212.99
732.82	1221.47
733.01	1221.27
733.20	1216.02
733.39	1224.83
733.58	1225.24
733.77	1221.90
733.96	1230.44
734.15	1221.59
734.34	1229.81
734.53	1219.57
734.72	1227.41
734.91	1212.38
735.10	1225.46
735.29	1212.17
735.48	1228.45
735.67	1216.17
735.86	1223.09
736.05	1220.51
736.24	1224.52
736.43	1215.51
736.62	1223.42
736.81	1211.99
737.00	1240.41
737.19	1216.86
737.38	1230.28
737.57	1214.98
737.76	1213.81
737.95	1209.94
738.14	1224.77
738.33	1215.96
738.51	1223.48
738.70	1223.29
738.89	1223.17
739.08	1215.06
739.27	1225.12
739.46	1214.81
739.65	1222.02
739.84	1210.39
740.03	1220.73
740.22	1213.81
740.41	1229.99
740.60	1216.58
740.79	1217.76
740.98	1221.96
741.17	1222.60
741.36	1219.77
741.55	1222.37
741.74	1216.45
741.93	1223.95
742.12	1213.48
742.31	1217.37
742.50	1219.14
742.68	1223.31
742.87	1218.38
743.06	1222.86
743.25	1217.17
743.44	1223.29
743.63	1215.31
743.82	1224.85
744.01	1224.15
744.20	1225.81
744.39	1224.77
744.58	1220.12
744.77	1222.86
744.96	1217.64
745.14	1221.45
745.33	1223.70
745.52	1214.69
745.71	1227.78
745.90	1217.60
746.09	1222.25
746.28	1211.89
746.47	1225.89
746.66	1209.49
746.85	1221.43
747.04	1207.75
747.22	1223.11
747.41	1212.58
747.60	1228.72
747.79	1215.88
747.98	1227.37
748.17	1209.61
748.36	1226.06
748.55	1216.49
748.74	1211.74
748.93	1216.31
749.11	1222.27
749.30	1209.86
749.49	1224.99
749.68	1213.28
749.87	1219.20
750.06	1209.45
750.25	1227.08
750.44	1211.64
750.62	1224.73
750.81	1216.92
751.00	1225.44
751.19	1218.19
751.38	1222.31
751.57	1214.92
751.76	1220.73
751.95	1217.13
752.13	1221.90
752.32	1213.77
752.51	1222.31
752.70	1218.87
752.89	1224.89
753.08	1211.68
753.27	1221.84
753.45	1219.91
753.64	1224.77
753.83	1215.02
754.02	1230.09
754.21	1216.33
754.40	1222.15
754.58	1216.31
754.77	1217.07
754.96	1220.00
755.15	1227.68
755.34	1212.93
755.53	1223.29
755.71	1221.70
755.90	1223.56
756.09	1219.09
756.28	1215.08
756.47	1217.13
756.66	1225.03
756.84	1216.47
757.03	1222.00
757.22	1217.68
757.41	1221.02
757.60	1222.15
757.79	1227.47
757.97	1213.91
758.16	1222.94
758.35	1216.45
758.54	1225.24
758.73	1215.72
758.91	1224.89
759.10	1221.53
759.29	1222.33
759.48	1214.28
759.67	1225.40
759.85	1225.14
760.04	1225.63
760.23	1218.85
760.42	1220.84
760.61	1209.57
760.79	1226.32
760.98	1210.41
761.17	1230.87
761.36	1218.73
761.55	1216.33
761.73	1222.94
761.92	1222.70
762.11	1211.89
762.30	1223.83
762.49	1222.62
762.67	1228.33
762.86	1213.09
763.05	1224.75
763.24	1215.26
763.42	1222.13
763.61	1213.85
763.80	1221.20
763.99	1217.52
764.17	1220.24
764.36	1222.84
764.55	1231.75
764.74	1215.96
764.92	1225.77
765.11	1214.90
765.30	1226.10
765.49	1218.38
765.68	1223.23
765.86	1215.10
766.05	1221.82
766.24	1222.29
766.43	1216.00
766.61	1214.88
766.80	1224.69
766.99	1214.14
767.17	1228.52
767.36	1211.64
767.55	1228.08
767.74	1217.60
767.92	1221.27
768.11	1219.50
768.30	1222.08
768.49	1220.94
768.67	1228.00
768.86	1222.82
769.05	1221.76
769.24	1221.92
769.42	1221.86
769.61	1220.10
769.80	1226.45
769.98	1216.17
770.17	1219.26
770.36	1218.44
770.55	1222.43
770.73	1213.40
770.92	1229.91
771.11	1218.44
771.29	1224.79
771.48	1213.11
771.67	1222.21
771.86	1219.26
772.04	1220.81
772.23	1216.55
772.42	1215.22
772.60	1217.93
772.79	1229.74
772.98	1219.73
773.16	1227.78
773.35	1213.77
773.54	1228.37
773.72	1222.80
773.91	1219.59
774.10	1220.10
774.29	1228.84
774.47	1214.65
774.66	1226.24
774.85	1221.70
775.03	1220.86
775.22	1214.45
775.41	1224.79
775.59	1218.42
775.78	1221.90
775.97	1220.16
776.15	1228.35
776.34	1216.70
776.53	1215.18
776.71	1224.15
776.90	1224.11
777.09	1214.53
777.27	1229.05
777.46	1219.52
777.65	1226.08
777.83	1213.34
778.02	1219.71
778.21	1215.10
778.39	1218.62
778.58	1217.60
778.76	1226.79
778.95	1210.82
779.14	1221.04
779.32	1216.19
779.51	1232.43
779.70	1218.95
779.88	1229.07
780.07	1218.52
780.26	1224.87
780.44	1218.75
780.63	1230.50
780.81	1212.50
781.00	1224.21
781.19	1218.01
781.37	1226.08
781.56	1223.07
781.75	1217.15
781.93	1217.31
782.12	1222.19
782.30	1215.18
782.49	1221.00
782.68	1213.87
782.86	1225.91
783.05	1206.91
783.23	1223.11
783.42	1217.01
783.61	1226.94
783.79	1220.94
783.98	1227.02
784.16	1213.07
784.35	1223.89
784.54	1221.96
784.72	1221.39
784.91	1216.21
785.09	1223.25
785.28	1225.73
785.47	1221.49
785.65	1220.98
785.84	1223.93
786.02	1222.43
786.21	1222.66
786.40	1217.52
786.58	1221.14
786.77	1218.73
786.95	1217.37
787.14	1217.95
787.32	1223.31
787.51	1224.26
787.70	1222.29
787.88	1225.09
788.07	1223.05
788.25	1218.50
788.44	1222.97
788.62	1216.58
788.81	1228.04
789.00	1210.94
789.18	1226.69
789.37	1220.38
789.55	1222.70
789.74	1214.47
789.92	1221.31
790.11	1215.49
790.29	1223.35
790.48	1220.18
790.67	1215.45
790.85	1214.81
791.04	1227.00
791.22	1216.35
791.41	1226.39
791.59	1215.41
791.78	1220.49
791.96	1213.73
792.15	1223.78
792.33	1217.68
792.52	1221.74
792.70	1215.90
792.89	1218.91
793.07	1217.85
793.26	1229.85
793.45	1212.13
793.63	1225.85
793.82	1223.15
794.00	1223.35
794.19	1213.56
794.37	1226.65
794.56	1211.37
794.74	1226.90
794.93	1211.11
795.11	1228.31
795.30	1214.02
795.48	1230.60
795.67	1219.22
795.85	1231.10
796.04	1220.00
796.22	1225.18
796.41	1217.91
796.59	1221.90
796.78	1222.82
796.96	1215.22
797.15	1222.08
797.33	1225.61
797.52	1211.60
797.70	1227.14
797.89	1216.92
798.07	1224.75
798.26	1220.26
798.44	1221.67
798.63	1222.60
798.81	1223.31
798.99	1220.20
799.18	1226.86
799.36	1221.84
799.55	1227.33
799.73	1217.27
799.92	1226.22
800.10	1221.92
800.29	1221.31
800.47	1216.98
800.66	1224.23
800.84	1220.32
801.03	1217.66
801.21	1215.72
801.39	1219.30
801.58	1222.13
801.76	1223.46
801.95	1215.29
802.13	1228.72
802.32	1217.33
802.50	1226.90
802.69	1224.62
802.87	1224.11
803.06	1222.19
803.24	1223.25
803.42	1213.87
803.61	1223.09
803.79	1219.07
803.98	1232.18
804.16	1217.72
804.35	1228.60
804.53	1220.16
804.71	1224.44
804.90	1225.91
805.08	1218.42
805.27	1216.98
805.45	1221.22
805.63	1218.56
805.82	1221.39
806.00	1215.37
806.19	1227.92
806.37	1219.48
806.56	1226.86
806.74	1223.07
806.92	1221.94
807.11	1219.50
807.29	1223.42
807.48	1215.04
807.66	1221.76
807.84	1216.12
808.03	1223.52
808.21	1217.95
808.40	1225.81
808.58	1222.31
808.76	1229.48
808.95	1223.09
809.13	1224.81
809.32	1224.28
809.50	1230.26
809.68	1216.37
809.87	1220.98
810.05	1218.99
810.23	1233.04
810.42	1219.38
810.60	1220.98
810.79	1213.05
810.97	1229.83
811.15	1224.17
811.34	1232.24
811.52	1219.22
811.70	1222.86
811.89	1219.09
812.07	1229.29
812.25	1225.59
812.44	1223.78
812.62	1220.55
812.81	1221.59
812.99	1222.78
813.17	1227.51
813.36	1220.59
813.54	1224.50
813.72	1215.67
813.91	1227.35
814.09	1217.82
814.27	1227.80
814.46	1224.40
814.64	1227.82
814.82	1217.46
815.01	1222.86
815.19	1228.33
815.37	1227.12
815.56	1229.21
815.74	1223.99
815.92	1225.09
816.11	1230.75
816.29	1222.51
816.47	1220.90
816.66	1221.86
816.84	1232.39
817.02	1224.56
817.21	1224.97
817.39	1221.08
817.57	1227.45
817.76	1219.85
817.94	1232.14
818.12	1220.32
818.30	1226.00
818.49	1219.38
818.67	1228.92
818.85	1219.48
819.04	1231.53
819.22	1222.80
819.40	1225.46
819.59	1224.62
819.77	1231.51
819.95	1222.51
820.13	1231.38
820.32	1225.01
820.50	1224.95
820.68	1221.80
820.87	1232.86
821.05	1224.03
821.23	1235.56
821.41	1221.14
821.60	1230.93
821.78	1222.80
821.96	1230.64
822.14	1223.78
822.33	1235.05
822.51	1227.70
822.69	1230.48
822.88	1231.81
823.06	1230.13
823.24	1230.85
823.42	1233.49
823.61	1227.63
823.79	1238.51
823.97	1228.56
824.15	1231.94
824.34	1233.10
824.52	1238.06
824.70	1226.82
824.88	1243.26
825.07	1230.71
825.25	1241.11
825.43	1239.29
825.61	1238.86
825.80	1230.85
825.98	1239.84
826.16	1231.20
826.34	1238.06
826.53	1234.62
826.71	1244.80
826.89	1244.61
827.07	1237.81
827.25	1233.18
827.44	1243.81
827.62	1239.43
827.80	1242.83
827.98	1241.58
828.17	1244.96
828.35	1237.57
828.53	1252.37
828.71	1241.60
828.89	1244.24
829.08	1239.88
829.26	1248.54
829.44	1248.75
829.62	1248.38
829.80	1237.24
829.99	1243.32
830.17	1242.26
830.35	1249.98
830.53	1243.24
830.71	1248.73
830.90	1241.99
831.08	1251.49
831.26	1240.76
831.44	1247.85
831.62	1244.39
831.81	1240.82
831.99	1253.25
832.17	1245.88
832.35	1244.86
832.53	1254.24
832.71	1242.75
832.90	1243.55
833.08	1234.02
833.26	1246.76
833.44	1245.31
833.62	1247.50
833.81	1239.39
833.99	1245.45
834.17	1241.99
834.35	1249.77
834.53	1238.30
834.71	1249.16
834.89	1242.75
835.08	1257.74
835.26	1246.86
835.44	1262.82
835.62	1253.03
835.80	1259.09
835.98	1259.34
836.17	1268.35
836.35	1263.33
836.53	1274.90
836.71	1283.46
836.89	1289.67
837.07	1287.74
837.25	1310.90
837.44	1302.55
837.62	1321.10
837.80	1336.34
837.98	1380.82
838.16	1423.79
838.34	1509.31
838.52	1600.75
838.70	1735.31
838.89	1919.42
839.07	2166.79
839.25	2396.29
839.43	2692.18
839.61	2979.79
839.79	3265.55
839.97	3551.18
840.15	3809.63
840.33	4094.97
840.52	4315.85
840.70	4538.50
840.88	4760.97
841.06	4904.62
841.24	5092.95
841.42	5260.29
841.60	5410.63
841.78	5556.12
841.96	5662.86
842.14	5784.55
842.33	5917.11
842.51	6018.41
842.69	6091.85
842.87	6214.81
843.05	6293.37
843.23	6402.01
843.41	6452.88
843.59	6545.74
843.77	6604.80
843.95	6661.69
844.13	6637.43
844.31	6571.87
844.49	6519.91
844.68	6355.50
844.86	6159.76
845.04	5931.29
845.22	5685.82
845.40	5359.68
845.58	5068.17
845.76	4707.44
845.94	4435.84
846.12	4091.64
846.30	3809.00
846.48	3505.14
846.66	3268.27
846.84	3027.10
847.02	2829.19
847.20	2648.19
847.38	2518.47
847.56	2381.30
847.74	2299.93
847.92	2218.77
848.11	2162.08
848.29	2104.51
848.47	2064.43
848.65	2018.97
848.83	1981.08
849.01	1943.56
849.19	1928.78
849.37	1889.85
849.55	1870.53
849.73	1842.11
849.91	1808.87
850.09	1788.65
850.27	1783.27
850.45	1748.86
850.63	1726.05
850.81	1693.90
850.99	1697.27
851.17	1660.14
851.35	1649.93
851.53	1630.51
851.71	1618.84
851.89	1603.68
852.07	1586.54
852.25	1559.30
852.43	1553.22
852.61	1531.98
852.79	1528.89
852.97	1514.86
853.15	1503.95
853.33	1489.79
853.51	1480.72
853.69	1473.57
853.87	1465.57
854.05	1452.79
854.23	1456.06
854.41	1441.71
854.59	1447.30
854.77	1439.76
854.95	1437.16
855.13	1440.83
855.31	1447.89
855.49	1463.01
855.67	1482.93
855.84	1486.60
856.02	1505.63
856.20	1512.49
856.38	1532.50
856.56	1540.73
856.74	1552.36
856.92	1556.05
857.10	1558.73
857.28	1553.38
857.46	1554.26
857.64	1540.93
857.82	1540.30
858.00	1527.03
858.18	1523.01
858.36	1503.54
858.54	1501.78
858.72	1479.94
858.90	1476.56
859.08	1452.69
859.25	1454.37
859.43	1426.62
859.61	1429.54
859.79	1401.92
859.97	1397.64
860.15	1381.72
860.33	1380.60
860.51	1362.31
860.69	1362.76
860.87	1344.86
861.05	1343.67
861.23	1329.38
861.41	1329.05
861.58	1317.64
861.76	1314.28
861.94	1309.18
862.12	1304.45
862.30	1291.92
862.48	1296.32
862.66	1281.58
862.84	1291.18
863.02	1283.38
863.20	1288.09
863.37	1273.35
863.55	1281.58
863.73	1269.33
863.91	1265.28
864.09	1248.01
864.27	1263.60
864.45	1244.26
864.63	1249.77
864.80	1235.15
864.98	1248.09
865.16	1236.87
865.34	1244.04
865.52	1230.93
865.70	1229.31
865.88	1226.02
866.06	1240.58
866.23	1232.18
866.41	1233.94
866.59	1225.26
866.77	1232.41
866.95	1226.16
867.13	1237.46
867.31	1228.68
867.48	1232.20
867.66	1227.22
867.84	1231.30
868.02	1227.96
868.20	1237.94
868.38	1228.29
868.56	1230.89
868.73	1228.04
868.91	1230.89
869.09	1228.86
869.27	1231.55
869.45	1223.66
869.63	1235.89
869.80	1226.14
869.98	1230.15
870.16	1232.75
870.34	1237.61
870.52	1229.54
870.70	1229.25
870.87	1227.43
871.05	1229.97
871.23	1230.54
871.41	1232.90
871.59	1223.35
871.76	1227.02
871.94	1228.74
872.12	1223.29
872.30	1223.25
872.48	1233.74
872.65	1224.89
872.83	1233.08
873.01	1222.90
873.19	1234.50
873.37	1223.68
873.54	1231.12
873.72	1221.57
873.90	1229.83
874.08	1222.82
874.26	1232.59
874.43	1224.23
874.61	1226.00
874.79	1221.70
874.97	1229.48
875.15	1228.62
875.32	1239.94
875.50	1219.40
875.68	1237.03
875.86	1230.85
876.03	1228.35
876.21	1222.39
876.39	1224.54
876.57	1223.64
876.74	1224.73
876.92	1222.49
877.10	1224.52
877.28	1225.26
877.45	1230.19
877.63	1215.61
877.81	1223.35
877.99	1219.03
878.17	1227.78
878.34	1225.18
878.52	1226.02
878.70	1221.14
878.87	1227.88
879.05	1220.00
879.23	1226.00
879.41	1222.23
879.58	1225.52
879.76	1221.02
879.94	1223.54
880.12	1227.49
880.29	1227.98
880.47	1223.05
880.65	1230.69
880.83	1219.48
881.00	1228.35
881.18	1225.75
881.36	1222.80
881.53	1215.37
881.71	1230.05
881.89	1224.21
882.07	1229.31
882.24	1221.70
882.42	1228.86
882.60	1220.59
882.77	1229.50
882.95	1222.29
883.13	1229.40
883.30	1223.35
883.48	1230.38
883.66	1219.95
883.84	1231.32
884.01	1226.84
884.19	1219.93
884.37	1227.80
884.54	1236.77
884.72	1225.77
884.90	1227.94
885.07	1225.34
885.25	1234.15
885.43	1230.46
885.60	1229.19
885.78	1224.62
885.96	1228.72
886.13	1223.13
886.31	1226.10
886.49	1222.13
886.66	1231.48
886.84	1235.70
887.02	1234.56
887.19	1220.00
887.37	1236.15
887.55	1224.38
887.72	1225.44
887.90	1229.01
888.08	1231.22
888.25	1227.94
888.43	1227.22
888.61	1221.92
888.78	1230.05
888.96	1221.90
889.14	1230.26
889.31	1227.04
889.49	1235.89
889.67	1219.16
889.84	1224.64
890.02	1221.12
890.19	1227.78
890.37	1221.86
890.55	1230.87
890.72	1228.00
890.90	1227.39
891.08	1214.90
891.25	1227.41
891.43	1219.73
891.60	1230.03
891.78	1224.95
891.96	1220.69
892.13	1220.28
892.31	1226.20
892.48	1215.08
892.66	1227.65
892.84	1212.23
893.01	1229.89
893.19	1218.89
893.36	1225.16
893.54	1215.69
893.72	1225.38
893.89	1220.69
894.07	1227.47
894.24	1216.82
894.42	1239.72
894.60	1220.26
894.77	1221.96
894.95	1219.32
895.12	1228.70
895.30	1216.86
895.48	1221.14
895.65	1215.65
895.83	1227.08
896.00	1216.06
896.18	1219.85
896.35	1228.62
896.53	1226.84
896.71	1214.22
896.88	1223.09
897.06	1221.02
897.23	1221.41
897.41	1217.93
897.58	1229.78
897.76	1213.93
897.93	1224.93
898.11	1217.13
898.29	1219.48
898.46	1217.39
898.64	1232.86
898.81	1219.48
898.99	1230.42
899.16	1219.71
899.34	1222.08
899.51	1214.08
899.69	1223.62
899.86	1221.02
900.04	1224.13
900.21	1221.24
900.39	1228.00
900.57	1222.06
900.74	1220.49
900.92	1212.15
901.09	1225.89
901.27	1215.26
901.44	1228.39
901.62	1217.13
901.79	1226.47
901.97	1208.16
902.14	1221.61
902.32	1217.89
902.49	1220.18
902.67	1212.58
902.84	1225.65
903.02	1212.01
903.19	1224.52
903.37	1217.64
903.54	1218.68
903.72	1214.47
903.89	1228.45
904.07	1214.42
904.24	1221.98
904.42	1220.69
904.59	1224.58
904.77	1218.21
904.94	1221.88
905.12	1225.91
905.29	1223.56
905.47	1219.95
905.64	1227.02
905.82	1214.75
905.99	1219.28
906.16	1216.49
906.34	1230.50
906.51	1214.63
906.69	1223.50
906.86	1223.85
907.04	1217.46
907.21	1217.70
907.39	1223.60
907.56	1217.74
907.74	1224.79
907.91	1215.14
908.09	1220.12
908.26	1216.19
908.43	1223.33
908.61	1223.11
908.78	1225.14
908.96	1213.89
909.13	1223.52
909.31	1211.41
909.48	1225.36
909.65	1216.80
909.83	1228.64
910.00	1215.33
910.18	1223.09
910.35	1216.58
910.53	1226.67
910.70	1218.19
910.87	1221.74
911.05	1215.24
911.22	1228.72
911.40	1212.81
911.57	1227.22
911.75	1213.95
911.92	1221.29
912.09	1216.58
912.27	1222.72
912.44	1219.46
912.62	1227.82
912.79	1209.63
912.96	1231.51
913.14	1215.08
913.31	1224.66
913.49	1222.68
913.66	1222.49
913.83	1228.90
914.01	1220.02
914.18	1216.27
914.36	1230.44
914.53	1213.99
914.70	1232.77
914.88	1221.59
915.05	1226.26
915.22	1221.45
915.40	1219.95
915.57	1217.19
915.75	1226.26
915.92	1216.17
916.09	1220.38
916.27	1225.18
916.44	1219.71
916.61	1222.41
916.79	1230.32
916.96	1218.58
917.13	1224.54
917.31	1218.15
917.48	1218.93
917.66	1222.06
917.83	1225.40
918.00	1211.74
918.18	1227.96
918.35	1216.27
918.52	1230.48
918.70	1213.38
918.87	1228.00
919.04	1217.64
919.22	1230.09
919.39	1212.68
919.56	1222.99
919.74	1216.37
919.91	1218.13
920.08	1214.73
920.26	1216.68
920.43	1218.07
920.60	1228.21
920.78	1221.12
920.95	1223.37
921.12	1221.55
921.29	1228.97
921.47	1213.13
921.64	1223.97
921.81	1214.92
921.99	1229.17
922.16	1215.51
922.33	1221.31
922.51	1215.59
922.68	1230.32
922.85	1218.32
923.03	1220.34
923.20	1220.36
923.37	1221.55
923.54	1218.60
923.72	1214.51
923.89	1211.93
924.06	1219.52
924.24	1221.49
924.41	1222.17
924.58	1221.65
924.75	1222.21
924.93	1220.06
925.10	1225.79
925.27	1214.32
925.44	1224.19
925.62	1217.89
925.79	1218.75
925.96	1218.54
926.14	1224.40
926.31	1221.39
926.48	1224.36
926.65	1221.59
926.83	1223.85
927.00	1217.07
927.17	1221.33
927.34	1216.72
927.52	1216.15
927.69	1218.34
927.86	1219.07
928.03	1211.62
928.21	1225.57
928.38	1216.78
928.55	1224.19
928.72	1219.34
928.89	1213.07
929.07	1219.36
929.24	1217.11
929.41	1219.85
929.58	1218.44
929.76	1208.71
929.93	1223.01
930.10	1225.38
930.27	1226.04
930.44	1218.25
930.62	1227.00
930.79	1215.16
930.96	1224.77
931.13	1217.21
931.31	1223.17
931.48	1217.89
931.65	1224.77
931.82	1214.12
931.99	1219.81
932.17	1217.76
932.34	1226.79
932.51	1220.55
932.68	1216.82
932.85	1218.89
933.03	1227.59
933.20	1213.26
933.37	1221.33
933.54	1213.22
933.71	1220.08
933.88	1214.88
934.06	1214.53
934.23	1214.65
934.40	1219.89
934.57	1219.34
934.74	1225.61
934.91	1213.03
935.09	1230.48
935.26	1218.89
935.43	1230.21
935.60	1216.60
935.77	1227.06
935.94	1220.63
936.12	1231.71
936.29	1212.73
936.46	1227.53
936.63	1218.40
936.80	1225.38
936.97	1216.60
937.14	1226.24
937.32	1219.38
937.49	1229.25
937.66	1212.87
937.83	1217.93
938.00	1212.56
938.17	1221.31
938.34	1213.81
938.52	1222.49
938.69	1210.78
938.86	1226.67
939.03	1218.21
939.20	1228.25
939.37	1217.66
939.54	1215.82
939.71	1216.70
939.89	1232.69
940.06	1223.19
940.23	1223.48
940.40	1215.04
940.57	1222.04
940.74	1214.36
940.91	1220.92
941.08	1224.69
941.25	1221.33
941.43	1221.98
941.60	1220.88
941.77	1223.42
941.94	1226.02
942.11	1215.78
942.28	1222.86
942.45	1216.33
942.62	1217.48
942.79	1219.67
942.96	1220.61
943.13	1217.44
943.30	1220.57
943.48	1216.80
943.65	1226.20
943.82	1223.13
943.99	1221.33
944.16	1222.41
944.33	1221.22
944.50	1223.78
944.67	1217.70
944.84	1210.37
945.01	1223.25
945.18	1216.25
945.35	1218.77
945.52	1214.55
945.69	1218.62
945.86	1219.71
946.03	1225.96
946.21	1218.89
946.38	1216.47
946.55	1219.36
946.72	1226.18
946.89	1218.11
947.06	1220.38
947.23	1218.11
947.40	1220.24
947.57	1217.25
947.74	1220.47
947.91	1223.91
948.08	1226.75
948.25	1209.14
948.42	1223.33
948.59	1221.98
948.76	1220.41
948.93	1221.90
949.10	1225.96
949.27	1215.49
949.44	1228.11
949.61	1215.55
949.78	1219.40
949.95	1216.92
950.12	1216.66
950.29	1217.85
950.46	1224.28
950.63	1224.83
950.80	1224.93
950.97	1208.61
951.14	1225.20
951.31	1216.64
951.48	1220.04
951.65	1217.13
951.82	1226.24
951.99	1221.96
952.16	1223.07
952.33	1222.72
952.50	1219.57
952.67	1222.74
952.84	1223.48
953.01	1209.59
953.18	1222.70
953.35	1224.17
953.52	1222.37
953.69	1214.24
953.86	1221.43
954.03	1213.30
954.20	1220.69
954.37	1218.68
954.54	1224.85
954.70	1216.41
954.87	1215.29
955.04	1216.19
955.21	1223.80
955.38	1214.47
955.55	1226.55
955.72	1214.92
955.89	1224.75
956.06	1209.88
956.23	1217.46
956.40	1211.87
956.57	1222.51
956.74	1216.94
956.91	1226.32
957.08	1212.27
957.25	1227.10
957.41	1211.35
957.58	1224.64
957.75	1214.53
957.92	1222.56
958.09	1219.03
958.26	1229.38
958.43	1211.46
958.60	1228.06
958.77	1220.51
958.94	1222.56
959.11	1211.78
959.27	1226.67
959.44	1224.81
959.61	1217.07
959.78	1216.47
959.95	1222.23
960.12	1216.27
960.29	1226.61
960.46	1210.76
960.63	1224.40
960.80	1205.99
960.96	1222.84
961.13	1218.87
961.30	1231.32
961.47	1213.91
961.64	1219.81
961.81	1216.84
961.98	1220.34
962.15	1219.91
962.31	1217.25
962.48	1218.21
962.65	1227.82
962.82	1219.57
962.99	1228.84
963.16	1215.57
963.33	1223.54
963.49	1209.90
963.66	1225.96
963.83	1213.24
964.00	1222.17
964.17	1211.93
964.34	1224.87
964.51	1223.11
964.67	1224.01
964.84	1219.44
965.01	1239.80
965.18	1212.83
965.35	1226.00
965.52	1219.28
965.68	1222.76
965.85	1218.17
966.02	1227.04
966.19	1224.52
966.36	1227.33
966.52	1219.40
966.69	1227.53
966.86	1215.10
967.03	1221.70
967.20	1217.60
967.37	1221.14
967.53	1209.51
967.70	1226.02
967.87	1209.57
968.04	1221.22
968.21	1211.95
968.37	1224.97
968.54	1217.19
968.71	1228.17
968.88	1214.47
969.05	1218.91
969.21	1221.10
969.38	1218.44
969.55	1211.25
969.72	1224.23
969.89	1215.76
970.05	1224.03
970.22	1220.41
970.39	1228.37
970.56	1217.39
970.72	1226.00
970.89	1218.07
971.06	1223.21
971.23	1223.19
971.39	1224.01
971.56	1213.69
971.73	1230.81
971.90	1213.20
972.07	1212.95
972.23	1219.03
972.40	1220.98
972.57	1216.62
972.74	1224.38
972.90	1216.15
973.07	1227.39
973.24	1213.81
973.40	1219.52
973.57	1215.16
973.74	1223.83
973.91	1212.32
974.07	1225.91
974.24	1210.90
974.41	1235.50
974.58	1212.44
974.74	1224.50
974.91	1224.56
975.08	1226.36
975.25	1215.94
975.41	1218.32
975.58	1216.96
975.75	1221.57
975.91	1216.37
976.08	1218.58
976.25	1210.45
976.42	1218.97
976.58	1217.99
976.75	1223.09
976.92	1217.58
977.08	1223.68
977.25	1218.28
977.42	1227.27
977.58	1219.34
977.75	1213.34
977.92	1225.20
978.08	1221.18
978.25	1221.84
978.42	1219.71
978.59	1215.53
978.75	1218.54
978.92	1214.61
979.09	1224.75
979.25	1213.20
979.42	1229.99
979.59	1211.48
979.75	1221.80
979.92	1226.32
980.09	1224.62
980.25	1213.26
980.42	1217.31
980.59	1211.93
980.75	1217.58
980.92	1220.86
981.09	1227.76
981.25	1206.70
981.42	1221.55
981.59	1209.96
981.75	1223.52
981.92	1210.45
982.08	1219.69
982.25	1219.87
982.42	1223.15
982.58	1216.64
982.75	1222.39
982.92	1218.50
983.08	1216.33
983.25	1211.46
983.42	1224.28
983.58	1221.39
983.75	1225.85
983.91	1217.21
984.08	1221.08
984.25	1218.30
984.41	1224.85
984.58	1218.09
984.74	1224.23
984.91	1221.33
985.08	1219.36
985.24	1213.69
985.41	1225.14
985.57	1219.09
985.74	1222.45
985.91	1215.41
986.07	1225.67
986.24	1210.66
986.40	1222.41
986.57	1212.48
986.74	1223.52
986.90	1220.08
987.07	1221.45
987.23	1215.78
987.40	1221.88
987.57	1222.02
987.73	1223.54
987.90	1203.10
988.06	1227.63
988.23	1213.24
988.39	1226.63
988.56	1211.76
988.73	1226.94
988.89	1212.70
989.06	1227.02
989.22	1216.19
989.39	1220.65
989.55	1223.46
989.72	1224.21
989.88	1215.45
990.05	1217.44
990.22	1216.53
990.38	1230.42
990.55	1218.54
990.71	1221.43
990.88	1214.79
991.04	1220.47
991.21	1214.77
991.37	1222.92
991.54	1219.07
991.70	1216.47
991.87	1213.79
992.03	1222.43
992.20	1216.04
992.36	1216.82
992.53	1218.32
992.69	1228.27
992.86	1208.79
993.03	1221.29
993.19	1219.59
993.36	1228.52
993.52	1218.09
993.69	1225.73
993.85	1216.98
994.02	1220.02
994.18	1219.57
994.35	1220.34
994.51	1220.53
994.68	1220.94
994.84	1220.61
995.01	1221.67
995.17	1218.17
995.34	1217.01
995.50	1208.90
995.66	1221.43
995.83	1215.69
995.99	1220.71
996.16	1218.97
996.32	1218.13
996.49	1219.11
996.65	1224.52
996.82	1218.11
996.98	1219.83
997.15	1216.33
997.31	1227.72
997.48	1210.68
997.64	1221.84
997.81	1223.33
997.97	1221.51
998.13	1218.95
998.30	1226.16
998.46	1214.94
998.63	1225.07
998.79	1213.83
998.96	1214.79
999.12	1215.16
999.29	1221.08
999.45	1218.66
999.61	1221.02
999.78	1217.76
999.94	1223.35
1000.11	1213.48
1000.27	1223.60
1000.44	1215.24
1000.60	1218.13
1000.76	1216.76
1000.93	1225.03
1001.09	1216.29
1001.26	1232.47
1001.42	1210.49
1001.59	1225.59
1001.75	1219.54
1001.91	1216.41
1002.08	1222.60
1002.24	1221.24
1002.41	1221.61
1002.57	1226.67
1002.73	1213.99
1002.90	1216.08
1003.06	1213.99
1003.23	1229.58
1003.39	1215.86
1003.55	1222.72
1003.72	1216.82
1003.88	1225.69
1004.04	1214.96
1004.21	1222.17
1004.37	1225.81
1004.54	1222.53
1004.70	1212.68
1004.86	1226.51
1005.03	1210.29
1005.19	1223.31
1005.35	1220.61
1005.52	1223.46
1005.68	1216.78
1005.85	1223.76
1006.01	1217.13
1006.17	1226.18
1006.34	1224.83
1006.50	1230.69
1006.66	1217.76
1006.83	1221.86
1006.99	1222.27
1007.15	1222.13
1007.32	1213.36
1007.48	1222.78
1007.64	1214.10
1007.81	1221.84
1007.97	1219.24
1008.13	1226.94
1008.30	1219.18
1008.46	1226.12
1008.62	1218.36
1008.79	1215.35
1008.95	1216.51
1009.11	1225.79
1009.28	1209.94
1009.44	1219.65
1009.60	1209.22
1009.77	1223.31
1009.93	1211.54
1010.09	1230.52
1010.25	1218.30
1010.42	1218.95
1010.58	1213.24
1010.74	1223.09
1010.91	1218.81
1011.07	1219.71
1011.23	1221.31
1011.40	1222.08
1011.56	1209.84
1011.72	1222.86
1011.88	1221.35
1012.05	1221.47
1012.21	1212.97
1012.37	1224.38
1012.54	1221.49
1012.70	1223.50
1012.86	1218.05
1013.02	1227.63
1013.19	1221.84
1013.35	1223.64
1013.51	1214.04
1013.67	1223.35
1013.84	1216.70
1014.00	1229.17
1014.16	1220.12
1014.33	1224.34
1014.49	1217.09
1014.65	1221.39
1014.81	1220.10
1014.98	1223.29
1015.14	1214.20
1015.30	1218.15
1015.46	1219.75
1015.62	1227.68
1015.79	1218.01
1015.95	1224.32
1016.11	1216.15
1016.27	1220.04
1016.44	1215.84
1016.60	1229.78
1016.76	1216.88
1016.92	1224.91
1017.09	1215.55
1017.25	1224.05
1017.41	1217.91
1017.57	1224.05
1017.73	1211.74
1017.90	1221.57
1018.06	1213.63
1018.22	1222.25
1018.38	1221.37
1018.54	1218.03
1018.71	1211.99
1018.87	1220.14
1019.03	1220.14
1019.19	1227.61
1019.35	1217.29
1019.52	1224.34
1019.68	1219.24
1019.84	1218.01
1020.00	1220.69
1020.16	1226.77
1020.33	1214.63
1020.49	1218.01
1020.65	1219.57
1020.81	1226.22
1020.97	1216.33
1021.13	1230.40
1021.30	1221.74
1021.46	1224.05
1021.62	1220.06
1021.78	1223.83
1021.94	1209.84
1022.10	1222.06
1022.27	1220.20
1022.43	1225.44
1022.59	1213.11
1022.75	1226.86
1022.91	1216.55
1023.07	1221.12
1023.24	1209.24
1023.40	1221.43
1023.56	1225.16
1023.72	1226.47
1023.88	1216.33
1024.04	1219.63
1024.20	1215.94
1024.36	1226.65
1024.53	1218.46
1024.69	1221.70
1024.85	1215.49
1025.01	1221.27
1025.17	1219.59
1025.33	1225.87
1025.49	1224.05
1025.65	1228.33
1025.82	1209.12
1025.98	1216.84
1026.14	1215.16
1026.30	1224.95
1026.46	1217.64
1026.62	1223.07
1026.78	1218.05
1026.94	1221.65
1027.10	1212.70
1027.26	1221.29
1027.43	1219.69
1027.59	1220.71
1027.75	1220.24
1027.91	1228.99
1028.07	1217.31
1028.23	1228.45
1028.39	1216.17
1028.55	1227.10
1028.71	1219.44
1028.87	1228.72
1029.03	1215.80
1029.19	1228.31
1029.36	1210.21
1029.52	1226.30
1029.68	1213.18
1029.84	1227.20
1030.00	1217.13
1030.16	1222.60
1030.32	1218.25
1030.48	1227.25
1030.64	1219.46
1030.80	1222.76
1030.96	1215.26
1031.12	1228.19
1031.28	1224.11
1031.44	1221.29
1031.60	1211.97
1031.76	1221.76
1031.92	1221.51
1032.08	1235.13
1032.24	1216.19
1032.40	1222.19
1032.56	1217.70
1032.73	1221.74
1032.89	1215.04
1033.05	1220.30
1033.21	1215.84
1033.37	1230.15
1033.53	1211.25
1033.69	1224.97
1033.85	1216.21
1034.01	1226.10
1034.17	1209.43
1034.33	1222.94
1034.49	1216.82
1034.65	1218.05
1034.81	1216.08
1034.97	1227.47
1035.13	1223.66
1035.29	1219.38
1035.45	1218.19
1035.61	1229.70
1035.77	1213.48
1035.93	1228.47
1036.09	1218.60
1036.25	1215.67
1036.41	1221.18
1036.57	1225.87
1036.73	1216.96
1036.88	1223.23
1037.04	1221.27
