345.52	1210.80
345.73	1210.80
345.94	1210.80
346.16	1212.17
346.37	1210.39
346.58	1216.04
346.79	1215.26
347.00	1213.85
347.22	1219.48
347.43	1213.50
347.64	1217.29
347.85	1211.72
348.06	1214.36
348.28	1216.64
348.49	1220.79
348.70	1213.28
348.91	1223.85
349.12	1211.95
349.34	1220.90
349.55	1210.29
349.76	1222.60
349.97	1218.85
350.18	1224.01
350.40	1213.99
350.61	1224.52
350.82	1219.44
351.03	1224.71
351.24	1210.88
351.46	1217.52
351.67	1217.66
351.88	1221.92
352.09	1219.24
352.30	1221.76
352.51	1217.35
352.73	1221.41
352.94	1219.93
353.15	1220.26
353.36	1211.58
353.57	1217.23
353.79	1219.42
354.00	1218.68
354.21	1219.22
354.42	1230.05
354.63	1219.07
354.84	1223.03
355.06	1217.56
355.27	1217.70
355.48	1219.44
355.69	1219.63
355.90	1214.42
356.11	1223.62
356.33	1216.19
356.54	1224.07
356.75	1216.68
356.96	1216.66
357.17	1215.16
357.38	1223.91
357.60	1220.63
357.81	1224.54
358.02	1222.33
358.23	1227.25
358.44	1219.75
358.65	1224.52
358.87	1220.30
359.08	1220.61
359.29	1213.13
359.50	1222.00
359.71	1212.85
359.92	1224.89
360.13	1213.69
360.35	1224.50
360.56	1221.22
360.77	1220.92
360.98	1215.74
361.19	1225.67
361.40	1218.42
361.62	1217.21
361.83	1205.64
362.04	1215.57
362.25	1220.69
362.46	1221.12
362.67	1215.90
362.88	1224.28
363.10	1224.87
363.31	1217.76
363.52	1217.07
363.73	1220.81
363.94	1216.10
364.15	1221.37
364.36	1219.73
364.57	1229.25
364.79	1214.34
365.00	1222.37
365.21	1215.63
365.42	1222.84
365.63	1221.55
365.84	1232.77
366.05	1213.73
366.27	1223.76
366.48	1209.65
366.69	1222.90
366.90	1213.81
367.11	1221.08
367.32	1211.52
367.53	1223.23
367.74	1220.92
367.95	1219.95
368.17	1224.46
368.38	1224.99
368.59	1214.20
368.80	1221.47
369.01	1211.54
369.22	1220.71
369.43	1214.65
369.64	1222.51
369.86	1214.57
370.07	1214.65
370.28	1218.09
370.49	1222.33
370.70	1223.80
370.91	1227.27
371.12	1215.10
371.33	1225.07
371.54	1213.40
371.76	1221.39
371.97	1209.82
372.18	1222.31
372.39	1215.22
372.60	1221.55
372.81	1215.51
373.02	1223.97
373.23	1218.03
373.44	1225.77
373.65	1220.02
373.87	1220.55
374.08	1216.88
374.29	1223.35
374.50	1221.98
374.71	1224.87
374.92	1220.53
375.13	1222.64
375.34	1219.75
375.55	1223.72
375.76	1220.77
375.97	1226.43
376.19	1217.17
376.40	1219.48
376.61	1212.07
376.82	1224.26
377.03	1219.69
377.24	1223.74
377.45	1221.20
377.66	1223.33
377.87	1218.64
378.08	1227.76
378.29	1213.34
378.50	1217.52
378.71	1211.60
378.93	1226.92
379.14	1215.43
379.35	1231.48
379.56	1214.59
379.77	1222.39
379.98	1222.51
380.19	1228.04
380.40	1223.97
380.61	1225.42
380.82	1224.64
381.03	1229.17
381.24	1215.53
381.45	1221.41
381.66	1216.17
381.88	1221.35
382.09	1216.17
382.30	1220.10
382.51	1219.14
382.72	1221.27
382.93	1224.23
383.14	1226.00
383.35	1216.10
383.56	1220.61
383.77	1222.53
383.98	1228.17
384.19	1220.12
384.40	1219.75
384.61	1223.40
384.82	1229.70
385.03	1222.13
385.24	1221.33
385.45	1222.39
385.67	1219.01
385.88	1220.69
386.09	1222.64
386.30	1214.36
386.51	1219.59
386.72	1223.91
386.93	1227.22
387.14	1212.42
387.35	1216.86
387.56	1220.69
387.77	1215.10
387.98	1219.87
388.19	1223.46
388.40	1222.72
388.61	1220.36
388.82	1217.50
389.03	1224.83
389.24	1218.97
389.45	1224.03
389.66	1212.99
389.87	1215.59
390.08	1227.92
390.29	1226.75
390.50	1221.84
390.71	1225.55
390.92	1214.16
391.13	1229.74
391.34	1212.23
391.55	1226.10
391.76	1223.50
391.98	1221.86
392.19	1213.69
392.40	1220.08
392.61	1219.65
392.82	1225.30
393.03	1222.35
393.24	1229.13
393.45	1217.33
393.66	1233.27
393.87	1216.88
394.08	1223.37
394.29	1220.53
394.50	1225.01
394.71	1214.22
394.92	1229.19
395.13	1215.24
395.34	1221.43
395.55	1215.94
395.76	1231.03
395.97	1217.78
396.18	1226.41
396.39	1220.34
396.60	1227.68
396.81	1221.90
397.02	1225.55
397.23	1218.62
397.44	1224.01
397.65	1218.99
397.86	1224.93
398.07	1212.25
398.28	1225.12
398.49	1217.56
398.70	1229.46
398.91	1220.10
399.12	1231.59
399.33	1220.75
399.54	1225.50
399.75	1219.50
399.96	1223.48
400.17	1219.79
400.38	1228.31
400.59	1214.94
400.80	1224.09
401.01	1223.99
401.22	1225.59
401.42	1224.34
401.63	1219.57
401.84	1223.31
402.05	1220.20
402.26	1220.51
402.47	1225.24
402.68	1218.93
402.89	1222.41
403.10	1218.46
403.31	1225.57
403.52	1217.85
403.73	1232.26
403.94	1220.86
404.15	1230.77
404.36	1221.63
404.57	1228.70
404.78	1223.58
404.99	1222.78
405.20	1216.39
405.41	1224.28
405.62	1220.59
405.83	1227.29
406.04	1219.32
406.25	1227.20
406.46	1216.12
406.67	1222.15
406.88	1219.14
407.09	1225.71
407.30	1215.33
407.50	1229.05
407.71	1217.64
407.92	1222.23
408.13	1214.94
408.34	1226.59
408.55	1224.05
408.76	1224.64
408.97	1218.93
409.18	1228.88
409.39	1225.52
409.60	1228.47
409.81	1219.22
410.02	1228.56
410.23	1212.30
410.44	1227.70
410.65	1213.40
410.86	1221.94
411.07	1219.91
411.27	1220.61
411.48	1215.78
411.69	1230.56
411.90	1213.13
412.11	1226.92
412.32	1225.01
412.53	1222.33
412.74	1218.79
412.95	1231.34
413.16	1218.48
413.37	1220.00
413.58	1215.57
413.79	1224.15
414.00	1216.76
414.20	1220.59
414.41	1209.84
414.62	1229.35
414.83	1217.50
415.04	1222.51
415.25	1219.52
415.46	1228.84
415.67	1217.80
415.88	1225.42
416.09	1216.51
416.30	1231.67
416.51	1221.41
416.71	1225.48
416.92	1212.40
417.13	1218.44
417.34	1219.34
417.55	1219.11
417.76	1220.14
417.97	1222.15
418.18	1215.06
418.39	1223.35
418.60	1213.36
418.81	1215.16
419.01	1209.96
419.22	1229.40
419.43	1211.78
419.64	1236.48
419.85	1215.76
420.06	1218.56
420.27	1212.23
420.48	1222.62
420.69	1216.31
420.90	1221.27
421.10	1216.72
421.31	1228.88
421.52	1221.76
421.73	1223.62
421.94	1217.93
422.15	1226.45
422.36	1221.59
422.57	1227.61
422.78	1219.73
422.98	1228.23
423.19	1222.02
423.40	1225.12
423.61	1221.80
423.82	1225.85
424.03	1220.73
424.24	1221.72
424.45	1211.99
424.65	1231.12
424.86	1219.59
425.07	1223.78
425.28	1217.46
425.49	1225.89
425.70	1222.45
425.91	1226.41
426.12	1216.02
426.32	1219.81
426.53	1214.53
426.74	1223.78
426.95	1216.88
427.16	1220.24
427.37	1216.10
427.58	1224.11
427.78	1222.76
427.99	1231.40
428.20	1218.62
428.41	1227.43
428.62	1216.86
428.83	1231.20
429.04	1218.71
429.24	1225.03
429.45	1214.67
429.66	1214.63
429.87	1222.56
430.08	1228.41
430.29	1215.80
430.50	1223.62
430.70	1219.01
430.91	1229.15
431.12	1219.91
431.33	1224.52
431.54	1218.73
431.75	1231.73
431.96	1222.94
432.16	1228.68
432.37	1220.79
432.58	1223.60
432.79	1217.72
433.00	1224.87
433.21	1218.62
433.41	1223.52
433.62	1223.46
433.83	1230.54
434.04	1214.49
434.25	1215.33
434.46	1220.69
434.66	1220.26
434.87	1219.87
435.08	1227.92
435.29	1219.93
435.50	1220.90
435.71	1218.79
435.91	1220.38
436.12	1214.96
436.33	1223.33
436.54	1218.07
436.75	1222.78
436.95	1218.52
437.16	1225.77
437.37	1215.74
437.58	1218.34
437.79	1212.44
438.00	1228.21
438.20	1218.36
438.41	1228.15
438.62	1224.75
438.83	1222.08
439.04	1219.11
439.24	1220.10
439.45	1216.88
439.66	1228.29
439.87	1230.62
440.08	1224.07
440.28	1214.26
440.49	1223.42
440.70	1215.86
440.91	1221.33
441.12	1221.08
441.32	1219.34
441.53	1220.90
441.74	1220.55
441.95	1227.02
442.16	1217.27
442.36	1221.29
442.57	1222.82
442.78	1221.14
442.99	1225.67
443.20	1216.66
443.40	1225.05
443.61	1215.57
443.82	1218.60
444.03	1219.34
444.24	1228.21
444.44	1216.98
444.65	1221.61
444.86	1209.90
445.07	1224.46
445.27	1215.14
445.48	1222.06
445.69	1216.08
445.90	1222.99
446.11	1217.09
446.31	1214.61
446.52	1222.13
446.73	1228.99
446.94	1219.16
447.14	1225.73
447.35	1221.10
447.56	1219.65
447.77	1217.74
447.97	1223.99
448.18	1221.94
448.39	1218.17
448.60	1218.56
448.81	1224.69
449.01	1215.80
449.22	1217.93
449.43	1221.65
449.64	1219.91
449.84	1225.28
450.05	1222.99
450.26	1217.29
450.47	1225.85
450.67	1218.56
450.88	1229.19
451.09	1214.10
451.30	1225.40
451.50	1227.31
451.71	1225.96
451.92	1215.53
452.13	1224.07
452.33	1216.39
452.54	1221.29
452.75	1216.31
452.96	1227.55
453.16	1214.75
453.37	1224.32
453.58	1218.95
453.79	1225.32
453.99	1216.72
454.20	1223.25
454.41	1217.29
454.61	1220.59
454.82	1224.40
455.03	1221.82
455.24	1223.13
455.44	1224.23
455.65	1212.21
455.86	1227.74
456.07	1219.79
456.27	1224.56
456.48	1216.17
456.69	1224.38
456.90	1223.15
457.10	1229.05
457.31	1211.93
457.52	1219.50
457.72	1216.86
457.93	1221.06
458.14	1215.31
458.35	1225.42
458.55	1216.19
458.76	1229.74
458.97	1210.92
459.17	1223.03
459.38	1215.96
459.59	1221.59
459.80	1206.25
460.00	1217.76
460.21	1210.43
460.42	1223.93
460.62	1216.66
460.83	1227.14
461.04	1220.14
461.25	1221.18
461.45	1215.59
461.66	1229.87
461.87	1219.93
462.07	1217.46
462.28	1209.37
462.49	1217.74
462.69	1218.68
462.90	1221.90
463.11	1228.68
463.31	1224.75
463.52	1221.41
463.73	1225.38
463.94	1215.65
464.14	1220.28
464.35	1214.55
464.56	1227.51
464.76	1223.23
464.97	1230.11
465.18	1215.18
465.38	1228.08
465.59	1217.11
465.80	1231.55
466.00	1221.78
466.21	1226.43
466.42	1226.20
466.62	1226.45
466.83	1217.62
467.04	1226.71
467.24	1216.25
467.45	1227.20
467.66	1222.92
467.86	1223.27
468.07	1220.02
468.28	1223.23
468.48	1212.44
468.69	1227.12
468.90	1217.95
469.10	1225.36
469.31	1213.77
469.52	1230.89
469.72	1215.67
469.93	1223.95
470.14	1216.94
470.34	1224.38
470.55	1221.39
470.76	1223.42
470.96	1211.52
471.17	1225.75
471.38	1217.23
471.58	1223.83
471.79	1215.92
472.00	1224.91
472.20	1216.47
472.41	1221.82
472.62	1217.89
472.82	1226.53
473.03	1220.04
473.24	1218.13
473.44	1220.96
473.65	1230.69
473.85	1215.69
474.06	1223.95
474.27	1221.14
474.47	1227.25
474.68	1218.17
474.89	1222.92
475.09	1221.29
475.30	1223.74
475.51	1219.73
475.71	1232.26
475.92	1220.10
476.12	1222.60
476.33	1223.37
476.54	1224.89
476.74	1217.56
476.95	1227.53
477.16	1208.57
477.36	1221.63
477.57	1219.54
477.77	1220.96
477.98	1216.15
478.19	1224.34
478.39	1212.62
478.60	1229.23
478.81	1222.53
479.01	1224.89
479.22	1220.06
479.42	1232.30
479.63	1218.54
479.84	1222.66
480.04	1216.53
480.25	1219.28
480.45	1212.99
480.66	1222.60
480.87	1222.53
481.07	1221.61
481.28	1214.92
481.48	1222.31
481.69	1219.26
481.90	1227.86
482.10	1215.33
482.31	1220.08
482.51	1221.70
482.72	1227.98
482.93	1219.89
483.13	1220.02
483.34	1221.57
483.54	1228.04
483.75	1209.65
483.96	1222.08
484.16	1221.49
484.37	1222.90
484.57	1212.83
484.78	1224.09
484.99	1218.66
485.19	1222.43
485.40	1215.98
485.60	1227.55
485.81	1220.65
486.01	1229.83
486.22	1229.25
486.43	1220.24
486.63	1215.26
486.84	1224.21
487.04	1211.91
487.25	1223.70
487.46	1218.13
487.66	1228.60
487.87	1219.16
488.07	1222.58
488.28	1220.92
488.48	1226.34
488.69	1222.68
488.89	1228.82
489.10	1216.60
489.31	1217.87
489.51	1219.34
489.72	1228.06
489.92	1221.76
490.13	1224.85
490.33	1217.66
490.54	1226.00
490.75	1220.84
490.95	1221.35
491.16	1218.91
491.36	1222.64
491.57	1214.45
491.77	1222.80
491.98	1225.71
492.18	1222.19
492.39	1216.04
492.59	1220.12
492.80	1220.43
493.01	1227.04
493.21	1217.93
493.42	1221.20
493.62	1222.17
493.83	1226.55
494.03	1219.93
494.24	1228.21
494.44	1219.38
494.65	1220.30
494.85	1216.21
495.06	1219.93
495.26	1218.07
495.47	1230.05
495.68	1216.04
495.88	1229.11
496.09	1219.83
496.29	1219.05
496.50	1220.06
496.70	1226.47
496.91	1217.13
497.11	1229.54
497.32	1217.64
497.52	1226.18
497.73	1216.06
497.93	1223.21
498.14	1215.69
498.34	1227.76
498.55	1222.35
498.75	1226.75
498.96	1220.81
499.16	1225.14
499.37	1220.79
499.57	1224.99
499.78	1214.77
499.98	1225.42
500.19	1218.89
500.39	1230.60
500.60	1214.24
500.80	1220.24
501.01	1212.54
501.21	1217.52
501.42	1217.11
501.62	1225.79
501.83	1217.89
502.03	1223.35
502.24	1221.02
502.44	1223.29
502.65	1215.94
502.85	1227.57
503.06	1221.24
503.26	1226.79
503.47	1221.06
503.67	1227.61
503.88	1225.81
504.08	1228.08
504.29	1221.49
504.49	1224.71
504.70	1217.56
504.90	1225.93
505.11	1217.05
505.31	1218.13
505.52	1218.19
505.72	1220.59
505.93	1220.51
506.13	1222.90
506.34	1222.90
506.54	1225.03
506.75	1217.95
506.95	1221.22
507.16	1225.40
507.36	1225.93
507.56	1220.88
507.77	1226.28
507.97	1216.68
508.18	1227.08
508.38	1207.85
508.59	1223.23
508.79	1219.81
509.00	1228.95
509.20	1223.03
509.41	1232.84
509.61	1218.38
509.82	1225.69
510.02	1218.25
510.22	1221.63
510.43	1217.42
510.63	1217.03
510.84	1215.14
511.04	1219.77
511.25	1218.60
511.45	1225.46
511.66	1210.60
511.86	1224.42
512.06	1219.14
512.27	1222.97
512.47	1213.28
512.68	1221.35
512.88	1218.17
513.09	1230.64
513.29	1217.25
513.50	1221.96
513.70	1219.20
513.90	1226.96
514.11	1218.99
514.31	1229.07
514.52	1218.11
514.72	1231.51
514.93	1215.33
515.13	1223.35
515.33	1215.31
515.54	1224.77
515.74	1224.44
515.95	1220.30
516.15	1218.15
516.36	1228.99
516.56	1216.98
516.76	1213.75
516.97	1221.47
517.17	1231.83
517.38	1210.70
517.58	1215.39
517.78	1214.45
517.99	1227.96
518.19	1221.63
518.40	1225.40
518.60	1218.13
518.81	1224.77
519.01	1216.29
519.21	1219.91
519.42	1221.88
519.62	1227.47
519.83	1220.12
520.03	1224.32
520.23	1222.64
520.44	1227.82
520.64	1215.26
520.85	1218.23
521.05	1220.57
521.25	1224.05
521.46	1214.86
521.66	1222.51
521.86	1216.25
522.07	1225.01
522.27	1213.91
522.48	1224.83
522.68	1226.26
522.88	1220.71
523.09	1215.55
523.29	1224.23
523.50	1219.57
523.70	1225.34
523.90	1218.03
524.11	1229.23
524.31	1219.03
524.51	1225.36
524.72	1214.38
524.92	1224.75
525.13	1211.80
525.33	1229.54
525.53	1220.28
525.74	1223.44
525.94	1219.07
526.14	1229.07
526.35	1218.58
526.55	1221.27
526.76	1218.83
526.96	1231.38
527.16	1206.21
527.37	1217.35
527.57	1219.20
527.77	1232.00
527.98	1221.00
528.18	1222.56
528.38	1219.22
528.59	1219.20
528.79	1217.42
528.99	1225.34
529.20	1220.30
529.40	1224.40
529.61	1216.55
529.81	1227.16
530.01	1218.46
530.22	1223.91
530.42	1217.72
530.62	1223.74
530.83	1213.95
531.03	1221.14
531.23	1220.08
531.44	1221.29
531.64	1212.87
531.84	1225.57
532.05	1215.61
532.25	1220.06
532.45	1220.71
532.66	1226.45
532.86	1221.59
533.06	1226.24
533.27	1220.61
533.47	1229.07
533.67	1211.70
533.88	1228.66
534.08	1220.20
534.28	1222.04
534.49	1215.74
534.69	1224.13
534.89	1212.79
535.09	1221.10
535.30	1216.80
535.50	1228.86
535.70	1216.17
535.91	1228.33
536.11	1221.72
536.31	1222.33
536.52	1224.28
536.72	1228.19
536.92	1216.76
537.13	1232.02
537.33	1217.27
537.53	1218.07
537.74	1216.02
537.94	1221.37
538.14	1216.92
538.34	1219.67
538.55	1217.15
538.75	1228.95
538.95	1220.90
539.16	1229.11
539.36	1220.79
539.56	1218.68
539.77	1220.59
539.97	1221.22
540.17	1220.34
540.37	1218.77
540.58	1218.54
540.78	1225.46
540.98	1213.26
541.19	1229.62
541.39	1225.40
541.59	1224.73
541.79	1221.90
542.00	1216.31
542.20	1220.63
542.40	1225.42
542.60	1214.94
542.81	1218.44
543.01	1221.22
543.21	1222.94
543.42	1217.19
543.62	1224.07
543.82	1218.30
544.02	1223.56
544.23	1220.51
544.43	1226.12
544.63	1215.65
544.83	1223.62
545.04	1224.77
545.24	1217.82
545.44	1216.25
545.64	1218.40
545.85	1219.54
546.05	1226.12
546.25	1219.83
546.45	1224.93
546.66	1225.42
546.86	1224.26
547.06	1212.32
547.27	1226.18
547.47	1220.00
547.67	1219.40
547.87	1224.62
548.07	1227.90
548.28	1223.76
548.48	1224.71
548.68	1216.68
548.88	1220.26
549.09	1213.65
549.29	1221.10
549.49	1217.44
549.69	1219.01
549.90	1217.62
550.10	1224.28
550.30	1213.75
550.50	1224.52
550.71	1221.57
550.91	1218.32
551.11	1217.35
551.31	1232.73
551.51	1214.75
551.72	1219.81
551.92	1214.88
552.12	1221.57
552.32	1219.63
552.53	1227.92
552.73	1221.67
552.93	1222.19
553.13	1215.88
553.33	1225.65
553.54	1218.60
553.74	1230.03
553.94	1220.14
554.14	1226.47
554.35	1214.49
554.55	1225.03
554.75	1218.83
554.95	1221.74
555.15	1220.14
555.36	1226.22
555.56	1210.92
555.76	1228.11
555.96	1216.76
556.16	1222.21
556.37	1216.23
556.57	1225.16
556.77	1218.85
556.97	1227.27
557.17	1220.92
557.38	1225.32
557.58	1214.32
557.78	1218.71
557.98	1213.03
558.18	1218.09
558.38	1217.31
558.59	1216.06
558.79	1217.97
558.99	1225.44
559.19	1212.70
559.39	1221.96
559.60	1217.68
559.80	1226.88
560.00	1216.68
560.20	1223.68
560.40	1213.93
560.60	1221.94
560.81	1217.23
561.01	1226.00
561.21	1221.10
561.41	1224.60
561.61	1215.57
561.81	1227.70
562.02	1220.71
562.22	1224.15
562.42	1214.47
562.62	1219.75
562.82	1217.70
563.02	1214.57
563.23	1220.06
563.43	1229.07
563.63	1217.56
563.83	1228.33
564.03	1221.29
564.23	1222.84
564.43	1222.43
564.64	1226.79
564.84	1215.72
565.04	1222.06
565.24	1225.22
565.44	1220.20
565.64	1220.18
565.85	1218.15
566.05	1216.15
566.25	1228.95
566.45	1218.17
566.65	1225.30
566.85	1211.50
567.05	1222.08
567.25	1214.98
567.46	1221.90
567.66	1215.24
567.86	1229.03
568.06	1216.92
568.26	1227.86
568.46	1221.12
568.66	1229.13
568.86	1218.21
569.07	1223.01
569.27	1219.77
569.47	1218.66
569.67	1218.03
569.87	1230.52
570.07	1214.42
570.27	1221.47
570.47	1216.98
570.68	1226.51
570.88	1218.21
571.08	1227.65
571.28	1218.36
571.48	1223.80
571.68	1212.68
571.88	1225.32
572.08	1218.36
572.28	1223.99
572.49	1222.90
572.69	1226.86
572.89	1215.55
573.09	1223.99
573.29	1219.01
573.49	1222.47
573.69	1216.55
573.89	1229.11
574.09	1221.80
574.29	1224.99
574.50	1217.60
574.70	1227.72
574.90	1220.98
575.10	1225.55
575.30	1217.87
575.50	1228.23
575.70	1220.16
575.90	1221.94
576.10	1226.55
576.30	1220.04
576.50	1224.60
576.70	1222.10
576.91	1216.23
577.11	1223.54
577.31	1223.13
577.51	1222.76
577.71	1219.52
577.91	1225.63
578.11	1222.21
578.31	1224.38
578.51	1215.90
578.71	1226.67
578.91	1218.01
579.11	1228.90
579.31	1216.88
579.51	1227.51
579.71	1217.19
579.92	1225.24
580.12	1218.87
580.32	1224.36
580.52	1215.86
580.72	1222.82
580.92	1218.83
581.12	1225.52
581.32	1218.62
581.52	1222.70
581.72	1219.63
581.92	1221.33
582.12	1221.24
582.32	1223.42
582.52	1215.39
582.72	1218.40
582.92	1215.65
583.12	1231.81
583.32	1222.58
583.52	1224.38
583.72	1219.22
583.92	1223.74
584.12	1213.87
584.33	1224.97
584.53	1219.09
584.73	1222.51
584.93	1223.95
585.13	1227.76
585.33	1220.43
585.53	1225.40
585.73	1221.43
585.93	1224.07
586.13	1224.79
586.33	1226.14
586.53	1217.39
586.73	1220.08
586.93	1217.91
587.13	1226.30
587.33	1221.02
587.53	1225.83
587.73	1211.46
587.93	1225.50
588.13	1219.89
588.33	1221.27
588.53	1218.85
588.73	1228.29
588.93	1215.88
589.13	1223.33
589.33	1215.88
589.53	1222.92
589.73	1221.00
589.93	1222.23
590.13	1217.21
590.33	1228.74
590.53	1214.20
590.73	1225.40
590.93	1216.15
591.13	1223.09
591.33	1210.08
591.53	1225.63
591.73	1215.26
591.93	1221.27
592.13	1220.49
592.33	1226.69
592.53	1214.75
592.73	1229.25
592.93	1218.48
593.13	1221.41
593.33	1221.41
593.53	1224.75
593.73	1215.18
593.93	1229.31
594.13	1218.28
594.33	1221.49
594.53	1222.04
594.73	1226.77
594.92	1214.94
595.12	1215.26
595.32	1217.48
595.52	1218.34
595.72	1219.69
595.92	1225.32
596.12	1219.52
596.32	1220.75
596.52	1207.91
596.72	1221.70
596.92	1217.21
597.12	1224.64
597.32	1219.57
597.52	1228.08
597.72	1224.05
597.92	1222.99
598.12	1211.21
598.32	1219.65
598.52	1218.50
598.72	1218.11
598.92	1222.29
599.12	1219.11
599.31	1215.37
599.51	1219.34
599.71	1216.88
599.91	1228.13
600.11	1220.61
600.31	1226.47
600.51	1216.10
600.71	1228.15
600.91	1215.16
601.11	1219.42
601.31	1217.19
601.51	1222.64
601.71	1221.47
601.91	1221.57
602.10	1219.50
602.30	1221.02
602.50	1217.68
602.70	1226.73
602.90	1220.81
603.10	1221.29
603.30	1217.31
603.50	1226.55
603.70	1214.22
603.90	1227.31
604.10	1222.90
604.30	1222.37
604.49	1222.08
604.69	1233.31
604.89	1215.78
605.09	1231.32
605.29	1222.00
605.49	1223.01
605.69	1221.18
605.89	1226.94
606.09	1220.84
606.29	1219.79
606.48	1212.19
606.68	1222.72
606.88	1215.00
607.08	1227.80
607.28	1211.82
607.48	1230.62
607.68	1219.28
607.88	1217.74
608.08	1218.05
608.27	1227.20
608.47	1225.65
608.67	1223.19
608.87	1218.52
609.07	1226.65
609.27	1216.58
609.47	1223.31
609.67	1219.77
609.87	1224.38
610.06	1216.29
610.26	1224.95
610.46	1214.75
610.66	1224.81
610.86	1225.81
611.06	1219.09
611.26	1217.39
611.45	1223.23
611.65	1216.37
611.85	1218.64
612.05	1215.37
612.25	1224.54
612.45	1219.63
612.65	1231.24
612.84	1211.58
613.04	1222.45
613.24	1216.49
613.44	1221.31
613.64	1215.37
613.84	1226.82
614.04	1221.86
614.23	1228.41
614.43	1215.24
614.63	1225.87
614.83	1217.21
615.03	1223.99
615.23	1216.19
615.42	1223.29
615.62	1221.94
615.82	1220.59
616.02	1218.87
616.22	1225.98
616.42	1215.51
616.61	1227.72
616.81	1218.91
617.01	1227.53
617.21	1209.49
617.41	1223.42
617.61	1219.61
617.80	1219.20
618.00	1209.86
618.20	1223.17
618.40	1218.42
618.60	1226.69
618.80	1220.22
618.99	1226.71
619.19	1217.17
619.39	1219.71
619.59	1224.05
619.79	1226.04
619.98	1214.08
620.18	1220.08
620.38	1216.17
620.58	1224.11
620.78	1216.94
620.97	1222.39
621.17	1219.87
621.37	1223.95
621.57	1221.08
621.77	1221.84
621.96	1222.27
622.16	1220.36
622.36	1216.80
622.56	1225.46
622.76	1216.96
622.95	1223.74
623.15	1224.32
623.35	1217.19
623.55	1213.30
623.75	1226.24
623.94	1215.31
624.14	1224.79
624.34	1215.12
624.54	1216.33
624.73	1222.37
624.93	1225.40
625.13	1212.40
625.33	1222.84
625.53	1224.54
625.72	1224.13
625.92	1221.02
626.12	1216.21
626.32	1210.17
626.51	1225.05
626.71	1213.30
626.91	1234.41
627.11	1216.49
627.30	1220.55
627.50	1217.68
627.70	1219.38
627.90	1219.73
628.10	1225.50
628.29	1216.08
628.49	1222.94
628.69	1214.98
628.89	1228.92
629.08	1216.82
629.28	1221.14
629.48	1214.26
629.68	1228.23
629.87	1211.95
630.07	1228.95
630.27	1219.75
630.47	1229.78
630.66	1215.22
630.86	1220.61
631.06	1214.26
631.25	1226.47
631.45	1217.09
631.65	1223.91
631.85	1213.95
632.04	1223.91
632.24	1218.11
632.44	1222.94
632.64	1219.01
632.83	1224.58
633.03	1221.43
633.23	1223.09
633.42	1224.69
633.62	1220.34
633.82	1217.95
634.02	1216.31
634.21	1221.57
634.41	1230.07
634.61	1215.53
634.81	1217.27
635.00	1212.93
635.20	1225.79
635.40	1218.73
635.59	1218.15
635.79	1209.94
635.99	1221.96
636.18	1222.94
636.38	1220.22
636.58	1215.94
636.78	1226.24
636.97	1215.96
637.17	1223.42
637.37	1216.27
637.56	1226.82
637.76	1219.01
637.96	1223.03
638.15	1218.60
638.35	1221.90
638.55	1220.57
638.74	1228.99
638.94	1209.18
639.14	1223.52
639.34	1221.86
639.53	1224.56
639.73	1216.82
639.93	1215.04
640.12	1219.91
640.32	1217.99
640.52	1219.09
640.71	1221.57
640.91	1218.60
641.11	1233.18
641.30	1212.83
641.50	1222.43
641.70	1217.25
641.89	1216.21
642.09	1213.36
642.29	1226.82
642.48	1216.68
642.68	1220.63
642.88	1216.17
643.07	1221.33
643.27	1216.96
643.47	1232.02
643.66	1219.30
643.86	1223.97
644.06	1224.62
644.25	1216.90
644.45	1213.87
644.65	1224.09
644.84	1212.19
645.04	1221.37
645.23	1219.07
645.43	1219.59
645.63	1209.45
645.82	1222.99
646.02	1217.29
646.22	1223.58
646.41	1218.97
646.61	1222.19
646.81	1211.48
647.00	1220.94
647.20	1216.88
647.39	1215.57
647.59	1216.60
647.79	1230.09
647.98	1222.37
648.18	1222.29
648.38	1217.09
648.57	1224.64
648.77	1217.07
648.96	1220.26
649.16	1206.17
649.36	1217.37
649.55	1211.46
649.75	1222.19
649.95	1216.33
650.14	1220.28
650.34	1214.88
650.53	1220.47
650.73	1209.80
650.93	1229.70
651.12	1221.53
651.32	1230.44
651.51	1212.60
651.71	1224.07
651.91	1216.84
652.10	1235.11
652.30	1221.57
652.49	1220.61
652.69	1214.38
652.89	1226.18
653.08	1213.24
653.28	1220.47
653.47	1216.29
653.67	1227.72
653.86	1219.79
654.06	1219.71
654.26	1224.95
654.45	1226.45
654.65	1219.93
654.84	1220.08
655.04	1217.01
655.24	1226.67
655.43	1219.50
655.63	1223.09
655.82	1215.82
656.02	1223.56
656.21	1215.16
656.41	1220.96
656.61	1215.84
656.80	1229.48
657.00	1220.73
657.19	1218.83
657.39	1220.94
657.58	1221.61
657.78	1222.13
657.97	1221.49
658.17	1216.45
658.37	1218.28
658.56	1217.87
658.76	1230.54
658.95	1214.86
659.15	1225.79
659.34	1212.44
659.54	1221.31
659.73	1221.29
659.93	1221.88
660.13	1218.66
660.32	1220.36
660.52	1223.93
660.71	1221.08
660.91	1214.55
661.10	1226.24
661.30	1215.47
661.49	1222.45
661.69	1221.00
661.88	1220.51
662.08	1217.95
662.27	1222.56
662.47	1218.71
662.66	1216.06
662.86	1219.73
663.06	1223.11
663.25	1216.86
663.45	1216.98
663.64	1216.58
663.84	1227.68
664.03	1212.25
664.23	1219.57
664.42	1215.59
664.62	1217.17
664.81	1218.81
665.01	1218.85
665.20	1212.70
665.40	1223.33
665.59	1217.07
665.79	1223.35
665.98	1222.33
666.18	1221.90
666.37	1210.49
666.57	1222.45
666.76	1218.44
666.96	1235.56
667.15	1220.00
667.35	1220.75
667.54	1211.31
667.74	1226.26
667.93	1212.21
668.13	1227.35
668.32	1221.78
668.52	1221.29
668.71	1219.46
668.91	1225.05
669.10	1216.82
669.30	1216.76
669.49	1218.89
669.68	1216.68
669.88	1214.65
670.07	1227.82
670.27	1210.14
670.46	1218.75
670.66	1221.22
670.85	1223.68
671.05	1215.86
671.24	1224.71
671.44	1216.45
671.63	1221.63
671.83	1218.01
672.02	1215.78
672.22	1222.27
672.41	1225.77
672.60	1216.15
672.80	1229.70
672.99	1212.97
673.19	1220.08
673.38	1213.67
673.58	1227.37
673.77	1213.07
673.97	1220.79
674.16	1210.72
674.36	1225.98
674.55	1221.33
674.74	1217.89
674.94	1223.60
675.13	1225.61
675.33	1219.69
675.52	1232.12
675.72	1225.50
675.91	1220.02
676.10	1220.77
676.30	1220.41
676.49	1220.94
676.69	1229.62
676.88	1217.37
677.08	1220.32
677.27	1220.77
677.46	1220.12
677.66	1214.28
677.85	1225.98
678.05	1219.34
678.24	1223.93
678.44	1217.70
678.63	1219.73
678.82	1216.86
679.02	1225.48
679.21	1219.75
679.41	1225.32
679.60	1222.64
679.79	1221.63
679.99	1219.57
680.18	1220.65
680.38	1213.26
680.57	1223.97
680.76	1218.46
680.96	1225.24
681.15	1213.73
681.35	1220.81
681.54	1226.32
681.73	1225.77
681.93	1224.89
682.12	1214.71
682.32	1222.66
682.51	1215.82
682.70	1226.63
682.90	1231.59
683.09	1208.90
683.29	1216.17
683.48	1220.36
683.67	1223.17
683.87	1212.97
684.06	1230.07
684.25	1216.82
684.45	1228.11
684.64	1217.17
684.84	1221.82
685.03	1214.86
685.22	1227.49
685.42	1221.47
685.61	1224.48
685.80	1217.78
686.00	1217.93
686.19	1216.82
686.38	1217.46
686.58	1214.55
686.77	1218.99
686.96	1217.05
687.16	1223.64
687.35	1224.07
687.55	1224.62
687.74	1219.34
687.93	1225.26
688.13	1208.87
688.32	1230.87
688.51	1216.53
688.71	1227.78
688.90	1220.88
689.09	1213.95
689.29	1219.38
689.48	1221.16
689.67	1222.29
689.87	1228.39
690.06	1222.21
690.25	1215.82
690.45	1216.25
690.64	1218.01
690.83	1214.16
691.03	1226.20
691.22	1218.15
691.41	1222.23
691.61	1216.92
691.80	1224.56
691.99	1218.05
692.19	1227.35
692.38	1220.55
692.57	1225.59
692.76	1216.10
692.96	1214.88
693.15	1215.53
693.34	1219.50
693.54	1222.66
693.73	1226.20
693.92	1218.32
694.12	1224.42
694.31	1216.66
694.50	1222.15
694.70	1226.32
694.89	1219.09
695.08	1221.92
695.27	1227.55
695.47	1217.99
695.66	1220.28
695.85	1219.89
696.05	1231.34
696.24	1220.98
696.43	1226.53
696.62	1216.29
696.82	1224.03
697.01	1212.03
697.20	1225.52
697.40	1223.31
697.59	1221.74
697.78	1217.87
697.97	1215.29
698.17	1218.60
698.36	1222.84
698.55	1215.76
698.74	1222.97
698.94	1220.43
699.13	1226.59
699.32	1213.61
699.52	1223.29
699.71	1217.09
699.90	1221.78
700.09	1221.88
700.29	1230.75
700.48	1216.04
700.67	1225.91
700.86	1215.55
701.06	1233.23
701.25	1217.58
701.44	1225.05
701.63	1221.41
701.83	1225.48
702.02	1216.72
702.21	1222.60
702.40	1220.04
702.60	1225.98
702.79	1226.98
702.98	1227.65
703.17	1216.02
703.37	1223.58
703.56	1213.99
703.75	1225.65
703.94	1219.71
704.13	1229.54
704.33	1224.91
704.52	1220.22
704.71	1222.74
704.90	1223.72
705.10	1211.80
705.29	1221.45
705.48	1216.35
705.67	1230.09
705.86	1217.42
706.06	1226.32
706.25	1220.18
706.44	1226.34
706.63	1216.64
706.83	1229.50
707.02	1223.62
707.21	1223.56
707.40	1217.31
707.59	1224.05
707.79	1218.68
707.98	1215.24
708.17	1220.14
708.36	1224.40
708.55	1221.63
708.75	1223.07
708.94	1215.55
709.13	1225.09
709.32	1217.21
709.51	1229.95
709.71	1219.91
709.90	1224.21
710.09	1218.44
710.28	1218.60
710.47	1212.50
710.66	1222.53
710.86	1219.95
711.05	1225.30
711.24	1218.19
711.43	1223.48
711.62	1213.13
711.82	1225.09
712.01	1214.81
712.20	1222.27
712.39	1218.71
712.58	1226.12
712.77	1215.90
712.97	1220.47
713.16	1217.64
713.35	1220.98
713.54	1219.57
713.73	1221.98
713.92	1218.79
714.11	1221.57
714.31	1225.24
714.50	1228.74
714.69	1219.61
714.88	1220.65
715.07	1224.30
715.26	1227.14
715.46	1219.57
715.65	1221.59
715.84	1220.28
716.03	1226.39
716.22	1215.35
716.41	1219.36
716.60	1221.04
716.80	1229.09
716.99	1219.83
717.18	1224.21
717.37	1218.40
717.56	1222.92
717.75	1210.90
717.94	1227.78
718.13	1216.27
718.33	1227.80
718.52	1216.33
718.71	1222.33
718.90	1216.78
719.09	1228.37
719.28	1211.64
719.47	1219.91
719.66	1221.94
719.85	1224.71
720.05	1214.45
720.24	1220.90
720.43	1220.86
720.62	1226.51
720.81	1216.98
721.00	1227.68
721.19	1220.06
721.38	1220.90
721.57	1216.98
721.77	1230.91
721.96	1219.81
722.15	1221.70
722.34	1215.63
722.53	1225.18
722.72	1215.29
722.91	1217.27
723.10	1217.93
723.29	1222.99
723.48	1221.39
723.67	1218.81
723.87	1214.69
724.06	1219.73
724.25	1222.78
724.44	1224.19
724.63	1216.76
724.82	1222.06
725.01	1219.91
725.20	1216.04
725.39	1219.05
725.58	1224.28
725.77	1212.75
725.96	1221.98
726.15	1215.82
726.34	1223.66
726.54	1212.30
726.73	1222.80
726.92	1223.17
727.11	1217.46
727.30	1217.62
727.49	1222.37
727.68	1214.79
727.87	1223.17
728.06	1214.88
728.25	1227.29
728.44	1218.71
728.63	1223.72
728.82	1213.24
729.01	1218.38
729.20	1219.42
729.39	1227.22
729.58	1215.65
729.77	1222.84
729.96	1212.54
730.15	1218.23
730.34	1212.87
730.53	1216.64
730.73	1216.00
730.92	1225.03
731.11	1213.87
731.30	1226.75
731.49	1213.52
731.68	1222.94
731.87	1214.96
732.06	1224.60
732.25	1222.84
732.44	1223.97
732.63	1219.03
732.82	1224.26
733.01	1214.04
733.20	1223.11
733.39	1220.77
733.58	1224.34
733.77	1218.03
733.96	1225.75
734.15	1218.97
734.34	1224.58
734.53	1218.87
734.72	1220.63
734.91	1223.37
735.10	1216.39
735.29	1220.18
735.48	1226.49
735.67	1215.12
735.86	1222.15
736.05	1214.88
736.24	1226.14
736.43	1219.42
736.62	1227.90
736.81	1215.35
737.00	1243.40
737.19	1213.91
737.38	1225.46
737.57	1215.82
737.76	1220.63
737.95	1220.06
738.14	1221.31
738.33	1215.20
738.51	1228.56
738.70	1214.65
738.89	1224.21
739.08	1220.34
739.27	1221.39
739.46	1220.38
739.65	1219.69
739.84	1213.81
740.03	1220.00
740.22	1225.48
740.41	1222.37
740.60	1215.18
740.79	1225.98
740.98	1217.82
741.17	1231.26
741.36	1209.49
741.55	1219.63
741.74	1211.54
741.93	1222.76
742.12	1223.33
742.31	1223.64
742.50	1219.69
742.68	1225.38
742.87	1219.40
743.06	1229.76
743.25	1217.93
743.44	1221.18
743.63	1216.10
743.82	1227.10
744.01	1212.23
744.20	1227.25
744.39	1220.49
744.58	1220.20
744.77	1218.58
744.96	1222.41
745.14	1208.77
745.33	1225.75
745.52	1216.27
745.71	1225.67
745.90	1221.20
746.09	1223.29
746.28	1221.80
746.47	1226.94
746.66	1219.26
746.85	1217.66
747.04	1223.40
747.22	1217.99
747.41	1214.22
747.60	1223.97
747.79	1217.56
747.98	1217.99
748.17	1214.26
748.36	1224.56
748.55	1211.84
748.74	1217.17
748.93	1219.81
749.11	1220.77
749.30	1211.84
749.49	1220.43
749.68	1217.52
749.87	1223.60
750.06	1212.85
750.25	1219.32
750.44	1212.66
750.62	1219.42
750.81	1216.21
751.00	1220.04
751.19	1213.83
751.38	1219.77
751.57	1209.92
751.76	1230.09
751.95	1210.53
752.13	1223.64
752.32	1215.22
752.51	1219.91
752.70	1210.60
752.89	1223.85
753.08	1213.83
753.27	1221.37
753.45	1217.23
753.64	1217.48
753.83	1215.59
754.02	1228.99
754.21	1215.31
754.40	1223.62
754.58	1216.33
754.77	1226.98
754.96	1213.91
755.15	1222.97
755.34	1219.75
755.53	1223.29
755.71	1211.82
755.90	1227.14
756.09	1210.92
756.28	1225.28
756.47	1218.44
756.66	1229.23
756.84	1221.10
757.03	1221.78
757.22	1214.18
757.41	1227.10
757.60	1219.18
757.79	1226.12
757.97	1219.75
758.16	1225.20
758.35	1221.57
758.54	1222.70
758.73	1221.53
758.91	1223.07
759.10	1221.18
759.29	1218.95
759.48	1218.77
759.67	1229.76
759.85	1213.56
760.04	1225.91
760.23	1211.46
760.42	1226.10
760.61	1216.29
760.79	1223.03
760.98	1217.95
761.17	1220.06
761.36	1220.28
761.55	1221.06
761.73	1212.60
761.92	1228.60
762.11	1220.47
762.30	1225.01
762.49	1223.62
762.67	1223.54
762.86	1220.77
763.05	1220.08
763.24	1223.78
763.42	1219.01
763.61	1213.61
763.80	1226.79
763.99	1213.89
764.17	1216.02
764.36	1222.15
764.55	1221.14
764.74	1209.82
764.92	1230.01
765.11	1211.07
765.30	1222.49
765.49	1211.95
765.68	1227.96
765.86	1220.20
766.05	1224.50
766.24	1219.77
766.43	1226.08
766.61	1218.48
766.80	1222.35
766.99	1219.11
767.17	1231.03
767.36	1216.15
767.55	1227.22
767.74	1219.32
767.92	1226.79
768.11	1218.71
768.30	1226.32
768.49	1220.45
768.67	1225.32
768.86	1219.77
769.05	1223.33
769.24	1214.61
769.42	1220.14
769.61	1211.46
769.80	1220.59
769.98	1218.73
770.17	1226.20
770.36	1215.49
770.55	1227.39
770.73	1218.21
770.92	1223.01
771.11	1216.37
771.29	1219.79
771.48	1222.62
771.67	1218.50
771.86	1214.61
772.04	1223.13
772.23	1213.99
772.42	1229.13
772.60	1226.45
772.79	1228.11
772.98	1214.90
773.16	1218.15
773.35	1220.38
773.54	1225.03
773.72	1217.39
773.91	1224.23
774.10	1216.31
774.29	1225.77
774.47	1215.57
774.66	1217.99
774.85	1220.84
775.03	1223.72
775.22	1218.95
775.41	1227.31
775.59	1214.61
775.78	1227.31
775.97	1211.62
776.15	1218.95
776.34	1215.82
776.53	1223.13
776.71	1210.51
776.90	1228.62
777.09	1217.03
777.27	1232.12
777.46	1214.98
777.65	1226.34
777.83	1215.37
778.02	1221.76
778.21	1214.28
778.39	1223.78
778.58	1218.68
778.76	1225.59
778.95	1213.16
779.14	1216.08
779.32	1216.74
779.51	1224.44
779.70	1212.23
779.88	1222.92
780.07	1219.87
780.26	1218.36
780.44	1217.68
780.63	1222.35
780.81	1210.72
781.00	1214.30
781.19	1222.35
781.37	1223.42
781.56	1225.44
781.75	1220.36
781.93	1214.45
782.12	1218.99
782.30	1222.76
782.49	1225.85
782.68	1217.31
782.86	1224.95
783.05	1219.30
783.23	1223.64
783.42	1215.10
783.61	1224.95
783.79	1216.39
783.98	1223.54
784.16	1220.79
784.35	1228.06
784.54	1216.08
784.72	1229.56
784.91	1216.35
785.09	1219.09
785.28	1215.57
785.47	1223.48
785.65	1219.07
785.84	1229.56
786.02	1218.36
786.21	1222.39
786.40	1214.61
786.58	1221.61
786.77	1212.60
786.95	1218.05
787.14	1223.29
787.32	1223.15
787.51	1222.86
787.70	1218.58
787.88	1216.90
788.07	1229.76
788.25	1212.03
788.44	1228.25
788.62	1219.28
788.81	1222.51
789.00	1217.85
789.18	1225.63
789.37	1226.57
789.55	1223.44
789.74	1221.16
789.92	1222.21
790.11	1216.25
790.29	1222.37
790.48	1212.62
790.67	1225.50
790.85	1222.33
791.04	1227.16
791.22	1215.96
791.41	1224.77
791.59	1215.69
791.78	1217.05
791.96	1219.42
792.15	1228.99
792.33	1215.08
792.52	1229.50
792.70	1213.03
792.89	1219.65
793.07	1212.64
793.26	1221.59
793.45	1216.10
793.63	1222.60
793.82	1220.69
794.00	1221.49
794.19	1222.39
794.37	1220.94
794.56	1214.90
794.74	1224.97
794.93	1219.77
795.11	1226.32
795.30	1216.62
795.48	1224.26
795.67	1223.95
795.85	1225.22
796.04	1218.77
796.22	1220.86
796.41	1215.90
796.59	1224.13
796.78	1213.50
796.96	1217.37
797.15	1210.08
797.33	1227.35
797.52	1219.05
797.70	1223.52
797.89	1212.60
798.07	1216.58
798.26	1223.07
798.44	1228.33
798.63	1220.12
798.81	1225.20
798.99	1218.48
799.18	1222.90
799.36	1212.87
799.55	1217.35
799.73	1222.88
799.92	1223.72
800.10	1219.71
800.29	1230.75
800.47	1219.67
800.66	1231.51
800.84	1211.91
801.03	1224.69
801.21	1214.38
801.39	1227.61
801.58	1217.03
801.76	1225.38
801.95	1210.37
802.13	1224.11
802.32	1213.01
802.50	1215.94
802.69	1213.20
802.87	1223.27
803.06	1221.31
803.24	1220.06
803.42	1218.56
803.61	1215.96
803.79	1217.23
803.98	1223.89
804.16	1221.14
804.35	1220.08
804.53	1216.66
804.71	1224.05
804.90	1220.77
805.08	1223.29
805.27	1213.95
805.45	1215.74
805.63	1222.90
805.82	1219.14
806.00	1218.81
806.19	1225.28
806.37	1224.46
806.56	1226.98
806.74	1213.56
806.92	1218.89
807.11	1216.92
807.29	1225.26
807.48	1210.68
807.66	1221.92
807.84	1223.80
808.03	1215.41
808.21	1213.28
808.40	1220.53
808.58	1222.23
808.76	1219.57
808.95	1220.75
809.13	1218.40
809.32	1216.86
809.50	1232.24
809.68	1212.99
809.87	1223.19
810.05	1224.05
810.23	1218.05
810.42	1214.12
810.60	1211.89
810.79	1214.49
810.97	1228.06
811.15	1219.24
811.34	1222.97
811.52	1220.16
811.70	1227.25
811.89	1214.86
812.07	1227.82
812.25	1218.34
812.44	1214.32
812.62	1219.57
812.81	1218.81
812.99	1220.59
813.17	1215.10
813.36	1226.65
813.54	1222.64
813.72	1221.74
813.91	1224.77
814.09	1212.54
814.27	1223.48
814.46	1219.30
814.64	1227.39
814.82	1225.59
815.01	1223.72
815.19	1226.28
815.37	1225.96
815.56	1215.51
815.74	1224.66
815.92	1218.64
816.11	1220.75
816.29	1216.98
816.47	1219.01
816.66	1216.68
816.84	1223.99
817.02	1224.21
817.21	1223.95
817.39	1219.22
817.57	1226.32
817.76	1220.10
817.94	1217.70
818.12	1216.39
818.30	1229.13
818.49	1212.93
818.67	1221.59
818.85	1218.30
819.04	1223.09
819.22	1221.59
819.40	1224.07
819.59	1215.22
819.77	1225.75
819.95	1220.88
820.13	1225.69
820.32	1221.86
820.50	1220.92
820.68	1220.18
820.87	1220.10
821.05	1220.67
821.23	1220.28
821.41	1211.46
821.60	1220.71
821.78	1221.78
821.96	1224.91
822.14	1215.14
822.33	1222.64
822.51	1223.33
822.69	1224.89
822.88	1218.28
823.06	1225.89
823.24	1215.78
823.42	1221.72
823.61	1215.94
823.79	1227.41
823.97	1218.81
824.15	1226.82
824.34	1211.03
824.52	1225.73
824.70	1218.30
824.88	1221.33
825.07	1220.45
825.25	1225.57
825.43	1216.29
825.61	1221.22
825.80	1213.38
825.98	1222.08
826.16	1224.26
826.34	1231.16
826.53	1218.50
826.71	1225.98
826.89	1221.10
827.07	1220.51
827.25	1217.17
827.44	1228.82
827.62	1217.27
827.80	1221.59
827.98	1215.63
828.17	1219.89
828.35	1219.93
828.53	1229.58
828.71	1213.61
828.89	1225.89
829.08	1212.56
829.26	1226.94
829.44	1216.70
829.62	1222.80
829.80	1210.80
829.99	1224.38
830.17	1216.02
830.35	1229.11
830.53	1217.37
830.71	1230.03
830.90	1216.31
831.08	1219.36
831.26	1220.51
831.44	1214.96
831.62	1220.67
831.81	1224.54
831.99	1219.95
832.17	1213.65
832.35	1219.11
832.53	1220.28
832.71	1215.59
832.90	1229.13
833.08	1216.04
833.26	1221.67
833.44	1219.05
833.62	1224.46
833.81	1219.79
833.99	1225.55
834.17	1215.20
834.35	1221.08
834.53	1216.21
834.71	1230.09
834.89	1220.10
835.08	1222.35
835.26	1221.51
835.44	1226.98
835.62	1213.61
835.80	1222.86
835.98	1218.93
836.17	1227.94
836.35	1224.50
836.53	1220.26
836.71	1219.32
836.89	1227.53
837.07	1215.53
837.25	1227.96
837.44	1213.73
837.62	1224.97
837.80	1219.26
837.98	1223.07
838.16	1224.77
838.34	1224.95
838.52	1214.16
838.70	1224.32
838.89	1218.23
839.07	1228.17
839.25	1216.88
839.43	1220.04
839.61	1218.23
839.79	1223.37
839.97	1220.61
840.15	1223.21
840.33	1221.53
840.52	1227.33
840.70	1223.78
840.88	1224.42
841.06	1215.02
841.24	1223.95
841.42	1216.41
841.60	1222.53
841.78	1225.52
841.96	1232.22
842.14	1224.23
842.33	1222.06
842.51	1217.03
842.69	1230.34
842.87	1218.03
843.05	1232.45
843.23	1218.66
843.41	1231.24
843.59	1223.58
843.77	1213.77
843.95	1220.49
844.13	1221.02
844.31	1224.60
844.49	1223.23
844.68	1215.37
844.86	1226.71
845.04	1216.04
845.22	1222.02
845.40	1217.76
845.58	1228.06
845.76	1220.84
845.94	1227.31
846.12	1221.35
846.30	1228.08
846.48	1219.95
846.66	1231.44
846.84	1213.85
847.02	1225.50
847.20	1223.17
847.38	1223.95
847.56	1217.01
847.74	1228.84
847.92	1226.79
848.11	1225.73
848.29	1224.11
848.47	1218.07
848.65	1223.27
848.83	1223.25
849.01	1218.85
849.19	1232.26
849.37	1220.69
849.55	1225.07
849.73	1222.45
849.91	1229.56
850.09	1219.67
850.27	1221.31
850.45	1213.09
850.63	1222.41
850.81	1219.11
850.99	1221.57
851.17	1234.62
851.35	1229.70
851.53	1227.00
851.71	1220.73
851.89	1215.00
852.07	1225.65
852.25	1225.77
852.43	1228.21
852.61	1225.32
852.79	1225.93
852.97	1227.53
853.15	1225.57
853.33	1228.88
853.51	1224.26
853.69	1220.36
853.87	1232.02
854.05	1226.08
854.23	1222.23
854.41	1222.82
854.59	1226.88
854.77	1224.62
854.95	1229.60
855.13	1224.23
855.31	1230.73
855.49	1222.29
855.67	1229.93
855.84	1222.23
856.02	1233.35
856.20	1224.40
856.38	1236.03
856.56	1224.89
856.74	1226.02
856.92	1229.09
857.10	1229.50
857.28	1222.10
857.46	1238.35
857.64	1228.64
857.82	1236.28
858.00	1226.59
858.18	1240.48
858.36	1228.62
858.54	1237.96
858.72	1225.01
858.90	1237.69
859.08	1234.02
859.25	1236.26
859.43	1231.81
859.61	1237.98
859.79	1233.41
859.97	1238.41
860.15	1226.92
860.33	1234.93
860.51	1230.64
860.69	1242.79
860.87	1233.53
861.05	1245.80
861.23	1234.88
861.41	1249.12
861.58	1241.27
861.76	1247.68
861.94	1243.14
862.12	1249.20
862.30	1249.53
862.48	1247.50
862.66	1238.49
862.84	1246.29
863.02	1238.71
863.20	1245.31
863.37	1237.63
863.55	1243.51
863.73	1240.93
863.91	1246.31
864.09	1245.76
864.27	1242.99
864.45	1243.85
864.63	1248.20
864.80	1242.34
864.98	1254.40
865.16	1240.76
865.34	1249.12
865.52	1250.82
865.70	1246.82
865.88	1240.09
866.06	1241.19
866.23	1240.70
866.41	1247.23
866.59	1240.23
866.77	1246.91
866.95	1238.08
867.13	1250.28
867.31	1243.38
867.48	1245.96
867.66	1248.09
867.84	1253.15
868.02	1244.18
868.20	1250.31
868.38	1243.85
868.56	1258.56
868.73	1254.91
868.91	1255.83
869.09	1258.39
869.27	1261.57
869.45	1266.65
869.63	1281.39
869.80	1279.43
869.98	1284.57
870.16	1286.94
870.34	1298.19
870.52	1305.87
870.70	1332.70
870.87	1367.86
871.05	1426.98
871.23	1505.77
871.41	1631.43
871.59	1750.54
871.76	1931.17
871.94	2131.87
872.12	2352.34
872.30	2570.71
872.48	2785.46
872.65	3023.13
872.83	3232.37
873.01	3438.13
873.19	3625.76
873.37	3802.26
873.54	3975.05
873.72	4111.26
873.90	4282.90
874.08	4387.06
874.26	4518.62
874.43	4612.89
874.61	4727.33
874.79	4830.26
874.97	4913.26
875.15	5052.65
875.32	5154.78
875.50	5210.32
875.68	5293.65
875.86	5381.18
876.03	5453.39
876.21	5511.31
876.39	5599.33
876.57	5585.75
876.74	5609.39
876.92	5571.95
877.10	5516.12
877.28	5396.83
877.45	5270.02
877.63	5061.90
877.81	4880.99
877.99	4609.12
878.17	4372.17
878.34	4123.42
878.52	3872.20
878.70	3605.31
878.87	3373.54
879.05	3129.34
879.23	2919.83
879.41	2722.22
879.58	2563.63
879.76	2407.80
879.94	2291.31
880.12	2182.34
880.29	2121.88
880.47	2035.62
880.65	2001.83
880.83	1953.89
881.00	1924.17
881.18	1884.36
881.36	1867.79
881.53	1822.79
881.71	1818.60
881.89	1790.23
882.07	1781.84
882.24	1751.96
882.42	1742.51
882.60	1717.08
882.77	1706.55
882.95	1683.10
883.13	1661.84
883.30	1643.88
883.48	1638.19
883.66	1624.04
883.84	1618.30
884.01	1589.18
884.19	1586.36
884.37	1571.65
884.54	1552.11
884.72	1537.66
884.90	1541.55
885.07	1516.83
885.25	1508.17
885.43	1496.78
885.60	1493.17
885.78	1478.22
885.96	1468.56
886.13	1462.27
886.31	1456.19
886.49	1444.66
886.66	1441.07
886.84	1433.15
887.02	1439.05
887.19	1419.59
887.37	1432.23
887.55	1432.96
887.72	1437.86
887.90	1434.60
888.08	1449.68
888.25	1454.49
888.43	1482.52
888.61	1500.10
888.78	1507.02
888.96	1513.06
889.14	1521.40
889.31	1526.13
889.49	1529.48
889.67	1528.62
889.84	1532.25
890.02	1523.09
890.19	1523.91
890.37	1518.02
890.55	1510.34
890.72	1494.46
890.90	1486.60
891.08	1466.41
891.25	1471.24
891.43	1453.28
891.60	1438.25
891.78	1423.03
891.96	1419.71
892.13	1409.60
892.31	1392.66
892.48	1386.84
892.66	1379.57
892.84	1356.76
893.01	1370.91
893.19	1340.66
893.36	1344.41
893.54	1331.12
893.72	1324.75
893.89	1312.07
894.07	1313.14
894.24	1310.02
894.42	1318.73
894.60	1304.95
894.77	1291.22
894.95	1288.25
895.12	1289.22
895.30	1281.52
895.48	1288.13
895.65	1270.50
895.83	1277.36
896.00	1264.68
896.18	1270.56
896.35	1257.27
896.53	1260.59
896.71	1247.05
896.88	1244.06
897.06	1238.61
897.23	1239.49
897.41	1231.26
897.58	1243.08
897.76	1232.18
897.93	1234.21
898.11	1228.58
898.29	1232.77
898.46	1232.96
898.64	1246.60
898.81	1231.85
898.99	1236.36
899.16	1235.50
899.34	1235.79
899.51	1228.04
899.69	1236.44
899.86	1228.86
900.04	1231.96
900.21	1226.77
900.39	1240.50
900.57	1222.15
900.74	1232.30
900.92	1226.41
901.09	1227.51
901.27	1225.89
901.44	1229.07
901.62	1229.97
901.79	1235.68
901.97	1222.90
902.14	1236.97
902.32	1226.22
902.49	1228.58
902.67	1226.49
902.84	1232.34
903.02	1223.46
903.19	1240.00
903.37	1229.72
903.54	1236.56
903.72	1228.88
903.89	1240.68
904.07	1224.89
904.24	1237.32
904.42	1227.22
904.59	1234.13
904.77	1233.12
904.94	1240.70
905.12	1221.37
905.29	1227.98
905.47	1228.04
905.64	1231.75
905.82	1227.86
905.99	1225.96
906.16	1220.45
906.34	1235.52
906.51	1225.14
906.69	1233.02
906.86	1220.10
907.04	1230.58
907.21	1220.73
907.39	1227.68
907.56	1221.61
907.74	1232.57
907.91	1218.48
908.09	1228.04
908.26	1224.54
908.43	1232.45
908.61	1224.97
908.78	1218.62
908.96	1219.40
909.13	1231.63
909.31	1220.16
909.48	1221.55
909.65	1225.69
909.83	1233.35
910.00	1216.19
910.18	1226.67
910.35	1222.58
910.53	1226.49
910.70	1224.32
910.87	1230.46
911.05	1223.60
911.22	1228.19
911.40	1229.09
911.57	1231.30
911.75	1219.36
911.92	1230.54
912.09	1220.90
912.27	1230.13
912.44	1222.25
912.62	1223.44
912.79	1219.52
912.96	1231.16
913.14	1220.12
913.31	1229.11
913.49	1223.13
913.66	1223.62
913.83	1220.32
914.01	1222.64
914.18	1224.97
914.36	1219.05
914.53	1224.26
914.70	1233.96
914.88	1224.32
915.05	1226.92
915.22	1221.22
915.40	1237.67
915.57	1221.72
915.75	1231.01
915.92	1224.17
916.09	1230.85
916.27	1226.75
916.44	1234.04
916.61	1226.79
916.79	1228.21
916.96	1221.61
917.13	1237.42
917.31	1229.03
917.48	1233.33
917.66	1225.34
917.83	1228.15
918.00	1227.31
918.18	1237.18
918.35	1234.27
918.52	1233.29
918.70	1223.62
918.87	1226.65
919.04	1226.67
919.22	1230.24
919.39	1227.76
919.56	1235.07
919.74	1219.36
919.91	1236.15
920.08	1224.83
920.26	1231.26
920.43	1222.76
920.60	1229.91
920.78	1227.86
920.95	1231.42
921.12	1226.63
921.29	1230.60
921.47	1222.45
921.64	1232.67
921.81	1221.04
921.99	1231.26
922.16	1217.31
922.33	1231.87
922.51	1222.56
922.68	1239.57
922.85	1221.84
923.03	1230.05
923.20	1214.45
923.37	1223.80
923.54	1217.35
923.72	1228.11
923.89	1222.29
924.06	1222.37
924.24	1216.64
924.41	1231.53
924.58	1221.59
924.75	1219.09
924.93	1223.70
925.10	1218.54
925.27	1218.73
925.44	1228.99
925.62	1219.36
925.79	1221.92
925.96	1219.65
926.14	1227.94
926.31	1221.57
926.48	1223.68
926.65	1214.20
926.83	1220.30
927.00	1219.83
927.17	1228.41
927.34	1207.89
927.52	1222.80
927.69	1217.21
927.86	1221.29
928.03	1215.84
928.21	1223.74
928.38	1222.33
928.55	1219.79
928.72	1227.94
928.89	1223.52
929.07	1221.76
929.24	1227.12
929.41	1214.81
929.58	1226.18
929.76	1215.22
929.93	1224.77
930.10	1215.43
930.27	1229.01
930.44	1215.72
930.62	1228.19
930.79	1216.86
930.96	1220.90
931.13	1220.69
931.31	1221.98
931.48	1218.46
931.65	1218.77
931.82	1216.12
931.99	1222.60
932.17	1217.87
932.34	1225.40
932.51	1219.83
932.68	1220.30
932.85	1225.03
933.03	1222.94
933.20	1223.85
933.37	1224.91
933.54	1219.85
933.71	1221.76
933.88	1215.76
934.06	1225.91
934.23	1218.15
934.40	1225.52
934.57	1229.01
934.74	1223.27
934.91	1222.58
935.09	1222.84
935.26	1218.23
935.43	1229.62
935.60	1219.67
935.77	1218.91
935.94	1217.58
936.12	1231.22
936.29	1218.79
936.46	1216.60
936.63	1221.51
936.80	1225.61
936.97	1214.10
937.14	1220.67
937.32	1219.93
937.49	1222.66
937.66	1218.83
937.83	1222.17
938.00	1223.93
938.17	1222.17
938.34	1207.11
938.52	1225.12
938.69	1218.11
938.86	1228.90
939.03	1219.93
939.20	1216.92
939.37	1216.41
939.54	1220.69
939.71	1212.46
939.89	1224.73
940.06	1220.57
940.23	1226.55
940.40	1218.32
940.57	1225.05
940.74	1214.12
940.91	1227.70
941.08	1215.20
941.25	1217.44
941.43	1215.86
941.60	1223.07
941.77	1222.66
941.94	1219.73
942.11	1217.31
942.28	1222.35
942.45	1218.99
942.62	1220.84
942.79	1219.20
942.96	1227.63
943.13	1225.44
943.30	1220.26
943.48	1223.89
943.65	1215.16
943.82	1218.28
943.99	1226.12
944.16	1221.33
944.33	1221.33
944.50	1214.69
944.67	1225.12
944.84	1215.06
945.01	1227.16
945.18	1218.77
945.35	1226.12
945.52	1216.15
945.69	1221.57
945.86	1226.75
946.03	1227.16
946.21	1215.12
946.38	1218.60
946.55	1221.65
946.72	1221.35
946.89	1219.16
947.06	1227.18
947.23	1220.41
947.40	1214.55
947.57	1218.68
947.74	1216.96
947.91	1220.32
948.08	1226.49
948.25	1213.69
948.42	1220.81
948.59	1221.00
948.76	1220.98
948.93	1219.52
949.10	1224.21
949.27	1220.53
949.44	1222.74
949.61	1218.64
949.78	1221.06
949.95	1220.98
950.12	1222.00
950.29	1215.96
950.46	1226.02
950.63	1217.19
950.80	1221.65
950.97	1221.82
951.14	1225.57
951.31	1216.64
951.48	1225.71
951.65	1210.94
951.82	1221.33
951.99	1213.83
952.16	1226.22
952.33	1223.01
952.50	1220.77
952.67	1222.97
952.84	1225.77
953.01	1211.66
953.18	1224.13
953.35	1220.96
953.52	1220.96
953.69	1219.93
953.86	1226.96
954.03	1215.63
954.20	1226.73
954.37	1220.49
954.54	1220.49
954.70	1217.95
954.87	1222.25
955.04	1218.73
955.21	1218.99
955.38	1218.56
955.55	1223.78
955.72	1218.34
955.89	1224.32
956.06	1210.53
956.23	1220.94
956.40	1212.34
956.57	1214.02
956.74	1216.04
956.91	1220.79
957.08	1210.82
957.25	1215.67
957.41	1218.32
957.58	1224.09
957.75	1213.63
957.92	1226.45
958.09	1218.60
958.26	1219.18
958.43	1221.61
958.60	1224.89
958.77	1217.87
958.94	1228.58
959.11	1211.19
959.27	1227.12
959.44	1218.03
959.61	1222.02
959.78	1220.57
959.95	1226.69
960.12	1216.98
960.29	1233.80
960.46	1221.27
960.63	1229.60
960.80	1220.71
960.96	1228.35
961.13	1225.77
961.30	1227.68
961.47	1218.32
961.64	1221.02
961.81	1225.50
961.98	1220.26
962.15	1208.75
962.31	1227.43
962.48	1210.51
962.65	1233.29
962.82	1221.08
962.99	1225.77
963.16	1212.91
963.33	1226.08
963.49	1217.31
963.66	1230.19
963.83	1220.02
964.00	1228.00
964.17	1216.86
964.34	1221.04
964.51	1207.89
964.67	1222.60
964.84	1224.60
965.01	1236.38
965.18	1217.95
965.35	1226.53
965.52	1219.24
965.68	1226.84
965.85	1217.27
966.02	1226.22
966.19	1214.92
966.36	1219.50
966.52	1216.25
966.69	1231.71
966.86	1212.54
967.03	1228.58
967.20	1218.89
967.37	1221.72
967.53	1213.24
967.70	1227.59
967.87	1213.73
968.04	1219.46
968.21	1208.69
968.37	1225.18
968.54	1219.61
968.71	1223.40
968.88	1213.52
969.05	1224.34
969.21	1217.50
969.38	1221.49
969.55	1215.55
969.72	1226.94
969.89	1216.19
970.05	1222.68
970.22	1219.46
970.39	1221.82
970.56	1213.26
970.72	1224.75
970.89	1222.10
971.06	1223.52
971.23	1216.37
971.39	1223.58
971.56	1220.08
971.73	1224.60
971.90	1224.30
972.07	1219.63
972.23	1218.17
972.40	1229.35
972.57	1220.10
972.74	1220.06
972.90	1213.56
973.07	1229.83
973.24	1215.61
973.40	1224.58
973.57	1217.25
973.74	1223.54
973.91	1218.32
974.07	1222.97
974.24	1217.35
974.41	1232.53
974.58	1219.91
974.74	1224.03
974.91	1205.37
975.08	1221.20
975.25	1213.69
975.41	1227.06
975.58	1219.57
975.75	1219.46
975.91	1219.73
976.08	1219.77
976.25	1207.34
976.42	1225.48
976.58	1215.63
976.75	1226.08
976.92	1205.60
977.08	1222.19
977.25	1217.25
977.42	1222.58
977.58	1211.91
977.75	1218.87
977.92	1215.90
978.08	1226.02
978.25	1211.76
978.42	1220.22
978.59	1216.39
978.75	1223.78
978.92	1220.38
979.09	1219.65
979.25	1215.53
979.42	1223.93
979.59	1210.02
979.75	1225.85
979.92	1226.67
980.09	1222.39
980.25	1221.80
980.42	1223.80
980.59	1216.41
980.75	1222.80
980.92	1221.31
981.09	1227.82
981.25	1215.45
981.42	1229.52
981.59	1218.73
981.75	1220.14
981.92	1216.00
982.08	1221.72
982.25	1211.91
982.42	1224.93
982.58	1214.49
982.75	1221.61
982.92	1222.43
983.08	1223.95
983.25	1222.10
983.42	1219.57
983.58	1216.00
983.75	1221.33
983.91	1224.13
984.08	1221.00
984.25	1213.20
984.41	1220.38
984.58	1217.93
984.74	1222.78
984.91	1215.33
985.08	1226.88
985.24	1211.25
985.41	1228.37
985.57	1216.25
985.74	1225.01
985.91	1218.93
986.07	1229.35
986.24	1213.26
986.40	1219.14
986.57	1212.93
986.74	1226.04
986.90	1219.79
987.07	1226.14
987.23	1219.91
987.40	1222.64
987.57	1227.08
987.73	1221.10
987.90	1221.27
988.06	1214.47
988.23	1214.24
988.39	1228.39
988.56	1216.80
988.73	1220.34
988.89	1222.37
989.06	1217.33
989.22	1226.20
989.39	1227.16
989.55	1218.03
989.72	1222.10
989.88	1215.43
990.05	1220.77
990.22	1217.66
990.38	1220.92
990.55	1214.77
990.71	1221.59
990.88	1221.63
991.04	1226.92
991.21	1215.88
991.37	1223.52
991.54	1224.60
991.70	1220.06
991.87	1216.35
992.03	1225.30
992.20	1225.61
992.36	1224.42
992.53	1217.25
992.69	1221.41
992.86	1217.11
993.03	1219.79
993.19	1220.16
993.36	1225.73
993.52	1224.21
993.69	1219.75
993.85	1218.99
994.02	1221.27
994.18	1214.06
994.35	1219.87
994.51	1217.05
994.68	1223.01
994.84	1219.18
995.01	1214.49
995.17	1216.19
995.34	1224.79
995.50	1210.55
995.66	1224.64
995.83	1220.98
995.99	1225.89
996.16	1226.10
996.32	1218.89
996.49	1220.43
996.65	1224.48
996.82	1212.09
996.98	1224.50
997.15	1221.27
997.31	1228.68
997.48	1208.18
997.64	1224.40
997.81	1212.81
997.97	1220.26
998.13	1217.52
998.30	1221.27
998.46	1210.92
998.63	1223.58
998.79	1221.61
998.96	1233.23
999.12	1218.44
999.29	1222.06
999.45	1214.38
999.61	1228.86
999.78	1214.49
999.94	1221.84
1000.11	1210.74
1000.27	1218.64
1000.44	1219.28
1000.60	1217.13
1000.76	1219.85
1000.93	1226.04
1001.09	1216.47
1001.26	1225.07
1001.42	1219.67
1001.59	1221.80
1001.75	1214.26
1001.91	1220.84
1002.08	1217.66
1002.24	1222.84
1002.41	1228.90
1002.57	1222.70
1002.73	1221.12
1002.90	1220.94
1003.06	1214.67
1003.23	1227.68
1003.39	1215.12
1003.55	1222.19
1003.72	1218.73
1003.88	1237.65
1004.04	1212.81
1004.21	1223.09
1004.37	1218.19
1004.54	1225.65
1004.70	1221.61
1004.86	1225.89
1005.03	1215.39
1005.19	1219.30
1005.35	1218.77
1005.52	1217.91
1005.68	1219.87
1005.85	1225.65
1006.01	1215.33
1006.17	1224.83
1006.34	1212.07
1006.50	1218.68
1006.66	1210.90
1006.83	1224.05
1006.99	1210.23
1007.15	1224.54
1007.32	1217.39
1007.48	1231.77
1007.64	1215.29
1007.81	1228.62
1007.97	1222.82
1008.13	1224.85
1008.30	1214.69
1008.46	1229.64
1008.62	1221.94
1008.79	1226.14
1008.95	1224.56
1009.11	1222.97
1009.28	1218.11
1009.44	1215.72
1009.60	1218.03
1009.77	1228.23
1009.93	1214.69
1010.09	1223.54
1010.25	1217.39
1010.42	1226.49
1010.58	1220.43
1010.74	1222.17
1010.91	1218.54
1011.07	1224.89
1011.23	1217.42
1011.40	1220.65
1011.56	1213.93
1011.72	1218.03
1011.88	1221.18
1012.05	1224.11
1012.21	1211.95
1012.37	1223.93
1012.54	1227.41
1012.70	1224.60
1012.86	1221.27
1013.02	1224.60
1013.19	1221.74
1013.35	1225.42
1013.51	1220.22
1013.67	1220.06
1013.84	1221.49
1014.00	1230.05
1014.16	1220.55
1014.33	1215.98
1014.49	1219.52
1014.65	1218.44
1014.81	1214.83
1014.98	1227.49
1015.14	1222.35
1015.30	1220.51
1015.46	1219.63
1015.62	1227.96
1015.79	1213.36
1015.95	1221.76
1016.11	1222.39
1016.27	1223.35
1016.44	1219.42
1016.60	1220.96
1016.76	1216.19
1016.92	1224.93
1017.09	1221.33
1017.25	1227.47
1017.41	1213.69
1017.57	1222.00
1017.73	1221.33
1017.90	1230.64
1018.06	1217.19
1018.22	1219.16
1018.38	1220.75
1018.54	1219.50
1018.71	1219.85
1018.87	1222.47
1019.03	1217.64
1019.19	1220.16
1019.35	1216.33
1019.52	1227.65
1019.68	1215.18
1019.84	1218.83
1020.00	1220.00
1020.16	1223.76
1020.33	1212.23
1020.49	1224.60
1020.65	1220.04
1020.81	1225.52
1020.97	1217.85
1021.13	1228.29
1021.30	1212.54
1021.46	1227.68
1021.62	1218.01
1021.78	1221.06
1021.94	1221.12
1022.10	1227.72
1022.27	1210.14
1022.43	1223.76
1022.59	1217.66
1022.75	1223.60
1022.91	1218.30
1023.07	1228.64
1023.24	1209.61
1023.40	1225.36
1023.56	1214.12
1023.72	1221.98
1023.88	1218.73
1024.04	1219.97
1024.20	1215.08
1024.36	1225.30
1024.53	1217.68
1024.69	1225.48
1024.85	1215.08
1025.01	1226.30
1025.17	1221.18
1025.33	1223.31
1025.49	1218.56
1025.65	1225.07
1025.82	1216.53
1025.98	1222.64
1026.14	1213.75
1026.30	1224.79
1026.46	1218.62
1026.62	1224.01
1026.78	1212.38
1026.94	1226.30
1027.10	1212.48
1027.26	1227.39
1027.43	1216.02
1027.59	1228.19
1027.75	1214.18
1027.91	1221.84
1028.07	1218.83
1028.23	1231.51
1028.39	1223.40
1028.55	1222.08
1028.71	1213.77
1028.87	1224.62
1029.03	1216.62
1029.19	1222.70
1029.36	1218.66
1029.52	1218.42
1029.68	1218.15
1029.84	1220.22
1030.00	1226.59
1030.16	1225.67
1030.32	1218.48
1030.48	1225.36
1030.64	1215.96
1030.80	1229.64
1030.96	1213.93
1031.12	1227.65
1031.28	1218.25
1031.44	1222.70
1031.60	1218.87
1031.76	1225.91
1031.92	1207.83
1032.08	1238.10
1032.24	1213.97
1032.40	1225.22
1032.56	1214.69
1032.73	1222.66
1032.89	1216.80
1033.05	1225.61
1033.21	1216.49
1033.37	1224.30
1033.53	1221.22
1033.69	1223.31
1033.85	1220.84
1034.01	1225.61
1034.17	1212.19
1034.33	1218.81
1034.49	1222.99
1034.65	1220.75
1034.81	1216.31
1034.97	1226.16
1035.13	1229.93
1035.29	1228.23
1035.45	1217.72
1035.61	1225.05
1035.77	1216.04
1035.93	1224.07
1036.09	1216.04
1036.25	1219.93
1036.41	1222.84
1036.57	1222.90
1036.73	1215.04
1036.88	1229.13
1037.04	1217.54
