345.52	1213.24
345.73	1213.24
345.94	1213.24
346.16	1200.40
346.37	1210.14
346.58	1209.92
346.79	1217.50
347.00	1210.17
347.22	1216.49
347.43	1211.68
347.64	1222.74
347.85	1209.63
348.06	1215.67
348.28	1212.23
348.49	1220.98
348.70	1211.82
348.91	1220.59
349.12	1208.12
349.34	1225.22
349.55	1211.74
349.76	1221.39
349.97	1203.92
350.18	1219.26
350.40	1215.98
350.61	1226.65
350.82	1210.70
351.03	1218.56
351.24	1216.94
351.46	1214.77
351.67	1216.37
351.88	1222.70
352.09	1213.26
352.30	1222.60
352.51	1215.18
352.73	1220.55
352.94	1213.56
353.15	1221.76
353.36	1209.16
353.57	1227.98
353.79	1218.54
354.00	1226.39
354.21	1218.58
354.42	1222.53
354.63	1217.23
354.84	1221.59
355.06	1213.89
355.27	1226.71
355.48	1207.11
355.69	1218.91
355.90	1209.24
356.11	1228.58
356.33	1212.01
356.54	1224.95
356.75	1217.33
356.96	1225.59
357.17	1206.87
357.38	1219.36
357.60	1209.55
357.81	1223.83
358.02	1216.98
358.23	1219.67
358.44	1222.13
358.65	1218.11
358.87	1216.47
359.08	1222.58
359.29	1214.63
359.50	1221.24
359.71	1212.25
359.92	1226.98
360.13	1217.44
360.35	1222.15
360.56	1213.59
360.77	1212.27
360.98	1220.16
361.19	1227.72
361.40	1214.32
361.62	1215.10
361.83	1215.02
362.04	1217.74
362.25	1217.01
362.46	1221.35
362.67	1212.42
362.88	1224.99
363.10	1218.66
363.31	1224.48
363.52	1215.45
363.73	1219.50
363.94	1210.17
364.15	1225.14
364.36	1212.54
364.57	1224.71
364.79	1217.29
365.00	1226.53
365.21	1214.28
365.42	1226.65
365.63	1214.14
365.84	1222.47
366.05	1219.22
366.27	1225.61
366.48	1214.51
366.69	1221.45
366.90	1210.41
367.11	1217.68
367.32	1219.54
367.53	1225.18
367.74	1215.29
367.95	1224.44
368.17	1218.97
368.38	1222.94
368.59	1216.49
368.80	1230.73
369.01	1209.96
369.22	1220.14
369.43	1213.69
369.64	1222.82
369.86	1217.03
370.07	1229.50
370.28	1208.12
370.49	1229.03
370.70	1221.39
370.91	1218.77
371.12	1211.56
371.33	1222.00
371.54	1221.00
371.76	1222.97
371.97	1219.48
372.18	1223.35
372.39	1215.06
372.60	1218.60
372.81	1221.96
373.02	1221.59
373.23	1214.98
373.44	1222.02
373.65	1218.77
373.87	1228.68
374.08	1221.51
374.29	1218.44
374.50	1214.77
374.71	1220.20
374.92	1219.63
375.13	1223.27
375.34	1213.48
375.55	1216.92
375.76	1216.29
375.97	1222.00
376.19	1215.72
376.40	1223.62
376.61	1213.13
376.82	1225.77
377.03	1224.52
377.24	1226.32
377.45	1220.96
377.66	1214.61
377.87	1215.90
378.08	1223.52
378.29	1221.22
378.50	1227.35
378.71	1215.65
378.93	1220.88
379.14	1209.92
379.35	1220.49
379.56	1221.31
379.77	1221.72
379.98	1215.59
380.19	1229.76
380.40	1221.24
380.61	1225.93
380.82	1216.86
381.03	1228.99
381.24	1213.56
381.45	1228.37
381.66	1213.34
381.88	1223.23
382.09	1210.19
382.30	1219.91
382.51	1215.02
382.72	1221.39
382.93	1221.10
383.14	1224.44
383.35	1220.32
383.56	1218.79
383.77	1217.64
383.98	1215.45
384.19	1213.85
384.40	1224.07
384.61	1212.17
384.82	1218.97
385.03	1211.46
385.24	1221.04
385.45	1218.48
385.67	1223.70
385.88	1216.19
386.09	1218.30
386.30	1219.77
386.51	1219.22
386.72	1220.73
386.93	1218.62
387.14	1218.34
387.35	1224.87
387.56	1213.65
387.77	1219.54
387.98	1219.28
388.19	1220.98
388.40	1218.19
388.61	1229.01
388.82	1214.75
389.03	1218.54
389.24	1214.24
389.45	1223.19
389.66	1213.24
389.87	1227.12
390.08	1216.49
390.29	1218.64
390.50	1221.20
390.71	1222.72
390.92	1223.17
391.13	1223.78
391.34	1211.43
391.55	1223.91
391.76	1220.45
391.98	1223.83
392.19	1215.14
392.40	1223.68
392.61	1219.83
392.82	1218.91
393.03	1218.58
393.24	1228.43
393.45	1220.67
393.66	1216.58
393.87	1210.37
394.08	1223.03
394.29	1220.28
394.50	1218.46
394.71	1223.97
394.92	1224.21
395.13	1220.41
395.34	1226.90
395.55	1214.55
395.76	1225.32
395.97	1225.36
396.18	1225.34
396.39	1221.27
396.60	1220.69
396.81	1222.99
397.02	1223.37
397.23	1215.69
397.44	1225.46
397.65	1216.68
397.86	1227.82
398.07	1214.04
398.28	1221.57
398.49	1220.32
398.70	1217.97
398.91	1218.75
399.12	1223.15
399.33	1218.07
399.54	1221.92
399.75	1218.44
399.96	1227.82
400.17	1214.65
400.38	1215.43
400.59	1214.20
400.80	1225.30
401.01	1215.51
401.22	1219.52
401.42	1220.36
401.63	1223.40
401.84	1220.32
402.05	1231.69
402.26	1219.67
402.47	1217.60
402.68	1218.11
402.89	1221.31
403.10	1221.29
403.31	1226.26
403.52	1217.05
403.73	1227.74
403.94	1213.22
404.15	1226.24
404.36	1220.18
404.57	1228.21
404.78	1212.93
404.99	1226.67
405.20	1215.63
405.41	1222.31
405.62	1215.00
405.83	1221.43
406.04	1220.81
406.25	1224.03
406.46	1218.34
406.67	1225.20
406.88	1217.05
407.09	1223.58
407.30	1216.15
407.50	1227.94
407.71	1218.44
407.92	1229.64
408.13	1215.43
408.34	1220.88
408.55	1218.54
408.76	1223.23
408.97	1217.17
409.18	1224.95
409.39	1223.58
409.60	1224.91
409.81	1213.50
410.02	1222.94
410.23	1220.12
410.44	1222.97
410.65	1212.62
410.86	1231.85
411.07	1217.03
411.27	1229.52
411.48	1213.36
411.69	1224.87
411.90	1222.06
412.11	1221.65
412.32	1219.24
412.53	1231.71
412.74	1224.09
412.95	1226.49
413.16	1220.47
413.37	1225.16
413.58	1219.57
413.79	1227.74
414.00	1207.46
414.20	1223.03
414.41	1218.54
414.62	1228.39
414.83	1220.08
415.04	1223.97
415.25	1216.29
415.46	1225.42
415.67	1227.00
415.88	1224.71
416.09	1219.34
416.30	1219.52
416.51	1226.63
416.71	1220.20
416.92	1213.03
417.13	1222.15
417.34	1213.28
417.55	1230.15
417.76	1220.36
417.97	1227.84
418.18	1220.22
418.39	1221.10
418.60	1213.24
418.81	1223.78
419.01	1221.67
419.22	1231.77
419.43	1216.08
419.64	1226.79
419.85	1215.55
420.06	1229.44
420.27	1219.14
420.48	1216.84
420.69	1214.61
420.90	1218.09
421.10	1222.94
421.31	1217.19
421.52	1219.69
421.73	1225.96
421.94	1231.07
422.15	1225.42
422.36	1224.54
422.57	1224.38
422.78	1218.01
422.98	1222.10
423.19	1217.31
423.40	1220.77
423.61	1220.26
423.82	1227.43
424.03	1220.14
424.24	1225.48
424.45	1216.10
424.65	1221.51
424.86	1217.31
425.07	1217.93
425.28	1214.92
425.49	1215.96
425.70	1217.66
425.91	1221.29
426.12	1217.82
426.32	1223.44
426.53	1227.61
426.74	1228.35
426.95	1213.89
427.16	1224.77
427.37	1220.18
427.58	1232.10
427.78	1221.41
427.99	1222.74
428.20	1217.23
428.41	1224.71
428.62	1210.86
428.83	1223.42
429.04	1216.37
429.24	1220.49
429.45	1218.09
429.66	1223.46
429.87	1217.37
430.08	1223.66
430.29	1220.96
430.50	1220.67
430.70	1216.04
430.91	1224.58
431.12	1218.03
431.33	1219.83
431.54	1217.35
431.75	1227.22
431.96	1217.66
432.16	1221.63
432.37	1218.95
432.58	1221.88
432.79	1223.97
433.00	1229.38
433.21	1217.25
433.41	1223.42
433.62	1218.64
433.83	1222.68
434.04	1217.42
434.25	1218.68
434.46	1217.39
434.66	1225.24
434.87	1220.06
435.08	1222.58
435.29	1220.67
435.50	1220.59
435.71	1214.40
435.91	1217.09
436.12	1223.87
436.33	1224.62
436.54	1206.48
436.75	1220.55
436.95	1214.61
437.16	1219.81
437.37	1218.71
437.58	1224.91
437.79	1218.54
438.00	1224.87
438.20	1217.03
438.41	1228.56
438.62	1215.35
438.83	1226.98
439.04	1219.09
439.24	1225.73
439.45	1213.83
439.66	1221.47
439.87	1216.15
440.08	1228.29
440.28	1223.01
440.49	1230.21
440.70	1214.75
440.91	1216.62
441.12	1221.82
441.32	1221.22
441.53	1208.06
441.74	1226.82
441.95	1226.41
442.16	1229.62
442.36	1220.38
442.57	1224.99
442.78	1216.29
442.99	1226.88
443.20	1214.88
443.40	1224.56
443.61	1214.88
443.82	1222.47
444.03	1215.63
444.24	1225.63
444.44	1221.74
444.65	1222.15
444.86	1217.44
445.07	1221.37
445.27	1220.04
445.48	1234.00
445.69	1217.09
445.90	1226.02
446.11	1218.85
446.31	1224.99
446.52	1216.21
446.73	1218.77
446.94	1224.05
447.14	1218.21
447.35	1217.42
447.56	1217.56
447.77	1220.26
447.97	1228.49
448.18	1223.56
448.39	1224.11
448.60	1217.87
448.81	1220.79
449.01	1209.94
449.22	1224.05
449.43	1214.57
449.64	1225.79
449.84	1213.30
450.05	1220.92
450.26	1223.76
450.47	1224.87
450.67	1208.38
450.88	1220.73
451.09	1218.23
451.30	1219.40
451.50	1214.63
451.71	1222.17
451.92	1212.42
452.13	1221.43
452.33	1214.04
452.54	1221.59
452.75	1214.75
452.96	1226.90
453.16	1219.01
453.37	1223.72
453.58	1219.83
453.79	1226.57
453.99	1222.37
454.20	1215.16
454.41	1213.50
454.61	1222.62
454.82	1215.76
455.03	1222.21
455.24	1213.65
455.44	1222.27
455.65	1215.00
455.86	1222.33
456.07	1216.25
456.27	1217.19
456.48	1214.67
456.69	1225.36
456.90	1216.33
457.10	1229.93
457.31	1212.58
457.52	1223.48
457.72	1217.64
457.93	1221.47
458.14	1225.03
458.35	1224.46
458.55	1209.53
458.76	1227.06
458.97	1213.75
459.17	1216.84
459.38	1223.03
459.59	1223.99
459.80	1220.79
460.00	1228.00
460.21	1221.78
460.42	1221.65
460.62	1222.97
460.83	1219.34
461.04	1219.05
461.25	1226.32
461.45	1216.90
461.66	1225.32
461.87	1208.63
462.07	1232.47
462.28	1216.37
462.49	1223.70
462.69	1220.67
462.90	1224.38
463.11	1215.26
463.31	1218.01
463.52	1215.26
463.73	1220.02
463.94	1216.39
464.14	1226.90
464.35	1217.39
464.56	1220.16
464.76	1226.16
464.97	1222.33
465.18	1214.53
465.38	1224.44
465.59	1217.87
465.80	1222.45
466.00	1215.80
466.21	1230.07
466.42	1218.56
466.62	1220.18
466.83	1213.75
467.04	1225.85
467.24	1216.06
467.45	1221.84
467.66	1211.64
467.86	1223.99
468.07	1214.59
468.28	1221.35
468.48	1221.74
468.69	1226.20
468.90	1211.93
469.10	1228.29
469.31	1220.18
469.52	1224.11
469.72	1210.00
469.93	1220.32
470.14	1216.39
470.34	1223.27
470.55	1219.18
470.76	1229.07
470.96	1210.76
471.17	1224.13
471.38	1213.11
471.58	1223.66
471.79	1213.75
472.00	1226.59
472.20	1216.37
472.41	1226.84
472.62	1220.16
472.82	1223.74
473.03	1216.00
473.24	1218.07
473.44	1215.41
473.65	1229.15
473.85	1215.61
474.06	1228.66
474.27	1222.23
474.47	1225.36
474.68	1217.13
474.89	1224.52
475.09	1219.14
475.30	1221.49
475.51	1222.78
475.71	1223.37
475.92	1220.73
476.12	1228.13
476.33	1211.09
476.54	1222.29
476.74	1221.59
476.95	1218.87
477.16	1215.00
477.36	1218.85
477.57	1219.54
477.77	1216.17
477.98	1213.30
478.19	1224.64
478.39	1213.91
478.60	1228.02
478.81	1218.99
479.01	1228.02
479.22	1217.07
479.42	1221.84
479.63	1223.54
479.84	1224.19
480.04	1219.71
480.25	1219.05
480.45	1213.32
480.66	1217.05
480.87	1216.39
481.07	1222.35
481.28	1208.32
481.48	1223.60
481.69	1219.95
481.90	1217.93
482.10	1220.06
482.31	1224.73
482.51	1218.97
482.72	1226.04
482.93	1211.95
483.13	1226.39
483.34	1216.12
483.54	1223.48
483.75	1219.46
483.96	1220.02
484.16	1221.24
484.37	1231.96
484.57	1218.50
484.78	1221.84
484.99	1216.88
485.19	1219.79
485.40	1215.57
485.60	1231.26
485.81	1217.29
486.01	1222.88
486.22	1222.78
486.43	1229.03
486.63	1220.94
486.84	1214.90
487.04	1217.19
487.25	1219.01
487.46	1213.44
487.66	1223.50
487.87	1224.52
488.07	1225.75
488.28	1218.48
488.48	1224.75
488.69	1215.43
488.89	1225.34
489.10	1219.42
489.31	1233.18
489.51	1220.49
489.72	1221.33
489.92	1216.58
490.13	1225.83
490.33	1211.31
490.54	1216.82
490.75	1216.68
490.95	1224.05
491.16	1210.96
491.36	1219.42
491.57	1220.20
491.77	1222.86
491.98	1215.80
492.18	1222.23
492.39	1215.14
492.59	1226.88
492.80	1215.74
493.01	1225.34
493.21	1225.42
493.42	1219.01
493.62	1223.85
493.83	1223.19
494.03	1216.62
494.24	1221.96
494.44	1214.75
494.65	1218.85
494.85	1215.12
495.06	1221.41
495.26	1209.37
495.47	1219.44
495.68	1213.16
495.88	1224.07
496.09	1216.08
496.29	1225.91
496.50	1220.49
496.70	1223.56
496.91	1215.67
497.11	1221.72
497.32	1214.36
497.52	1222.13
497.73	1216.72
497.93	1224.36
498.14	1220.36
498.34	1225.26
498.55	1222.19
498.75	1228.02
498.96	1217.62
499.16	1221.78
499.37	1220.55
499.57	1217.09
499.78	1217.01
499.98	1220.65
500.19	1219.52
500.39	1221.43
500.60	1216.86
500.80	1219.79
501.01	1217.03
501.21	1214.49
501.42	1220.06
501.62	1213.81
501.83	1213.24
502.03	1223.05
502.24	1218.66
502.44	1219.63
502.65	1221.53
502.85	1222.31
503.06	1219.44
503.26	1219.05
503.47	1214.45
503.67	1220.28
503.88	1217.13
504.08	1223.54
504.29	1213.63
504.49	1228.56
504.70	1222.33
504.90	1215.41
505.11	1212.23
505.31	1220.53
505.52	1213.97
505.72	1216.66
505.93	1215.69
506.13	1220.28
506.34	1223.23
506.54	1232.80
506.75	1218.07
506.95	1228.35
507.16	1217.33
507.36	1226.71
507.56	1217.46
507.77	1222.53
507.97	1219.46
508.18	1229.50
508.38	1213.38
508.59	1225.55
508.79	1223.85
509.00	1228.62
509.20	1213.54
509.41	1222.88
509.61	1214.94
509.82	1224.36
510.02	1215.57
510.22	1224.09
510.43	1219.16
510.63	1227.98
510.84	1218.62
511.04	1225.79
511.25	1217.01
511.45	1221.29
511.66	1219.57
511.86	1225.28
512.06	1217.21
512.27	1223.11
512.47	1213.75
512.68	1220.94
512.88	1217.64
513.09	1224.17
513.29	1214.14
513.50	1225.55
513.70	1218.13
513.90	1225.03
514.11	1215.39
514.31	1224.52
514.52	1219.32
514.72	1228.25
514.93	1223.85
515.13	1220.00
515.33	1215.49
515.54	1218.83
515.74	1219.54
515.95	1225.96
516.15	1219.73
516.36	1232.86
516.56	1216.88
516.76	1223.21
516.97	1221.61
517.17	1222.15
517.38	1207.52
517.58	1223.72
517.78	1215.98
517.99	1226.49
518.19	1221.24
518.40	1223.27
518.60	1213.54
518.81	1223.19
519.01	1219.71
519.21	1224.93
519.42	1219.46
519.62	1219.73
519.83	1225.87
520.03	1229.54
520.23	1225.98
520.44	1225.57
520.64	1220.16
520.85	1225.75
521.05	1214.49
521.25	1222.21
521.46	1220.63
521.66	1220.22
521.86	1215.86
522.07	1217.07
522.27	1216.76
522.48	1218.79
522.68	1214.63
522.88	1218.73
523.09	1222.21
523.29	1218.25
523.50	1217.66
523.70	1220.61
523.90	1214.79
524.11	1222.47
524.31	1212.17
524.51	1225.05
524.72	1215.47
524.92	1223.29
525.13	1212.97
525.33	1221.49
525.53	1223.21
525.74	1221.96
525.94	1219.26
526.14	1220.43
526.35	1220.18
526.55	1221.90
526.76	1215.18
526.96	1229.13
527.16	1216.84
527.37	1223.33
527.57	1212.36
527.77	1227.82
527.98	1217.31
528.18	1226.41
528.38	1217.89
528.59	1221.22
528.79	1219.63
528.99	1227.63
529.20	1213.32
529.40	1226.36
529.61	1212.09
529.81	1232.63
530.01	1220.69
530.22	1223.25
530.42	1217.82
530.62	1227.25
530.83	1220.59
531.03	1223.01
531.23	1213.85
531.44	1224.71
531.64	1213.95
531.84	1225.07
532.05	1220.81
532.25	1225.77
532.45	1214.49
532.66	1227.68
532.86	1221.33
533.06	1219.52
533.27	1219.07
533.47	1230.67
533.67	1217.91
533.88	1225.24
534.08	1212.62
534.28	1228.25
534.49	1221.16
534.69	1232.24
534.89	1215.29
535.09	1224.95
535.30	1216.86
535.50	1222.56
535.70	1219.44
535.91	1230.95
536.11	1219.65
536.31	1219.87
536.52	1216.29
536.72	1224.93
536.92	1213.07
537.13	1228.82
537.33	1218.25
537.53	1219.85
537.74	1218.32
537.94	1221.70
538.14	1218.58
538.34	1223.21
538.55	1216.00
538.75	1231.20
538.95	1219.97
539.16	1221.57
539.36	1213.52
539.56	1226.65
539.77	1216.68
539.97	1223.17
540.17	1222.21
540.37	1220.18
540.58	1214.71
540.78	1229.03
540.98	1223.76
541.19	1219.05
541.39	1216.12
541.59	1224.03
541.79	1222.62
542.00	1223.46
542.20	1216.35
542.40	1221.51
542.60	1209.10
542.81	1221.39
543.01	1217.58
543.21	1224.56
543.42	1212.87
543.62	1224.44
543.82	1219.34
544.02	1219.05
544.23	1215.02
544.43	1230.09
544.63	1215.65
544.83	1226.49
545.04	1219.54
545.24	1224.19
545.44	1220.53
545.64	1226.82
545.85	1219.07
546.05	1228.25
546.25	1216.64
546.45	1220.49
546.66	1220.22
546.86	1222.64
547.06	1219.91
547.27	1228.06
547.47	1218.05
547.67	1220.32
547.87	1221.14
548.07	1225.61
548.28	1220.55
548.48	1231.14
548.68	1222.45
548.88	1227.90
549.09	1223.29
549.29	1219.05
549.49	1216.29
549.69	1224.60
549.90	1216.62
550.10	1222.97
550.30	1218.13
550.50	1222.19
550.71	1215.61
550.91	1218.83
551.11	1215.82
551.31	1221.67
551.51	1217.82
551.72	1225.20
551.92	1209.41
552.12	1221.02
552.32	1213.67
552.53	1223.09
552.73	1212.75
552.93	1216.41
553.13	1215.72
553.33	1222.25
553.54	1215.61
553.74	1221.88
553.94	1221.39
554.14	1225.81
554.35	1217.15
554.55	1227.37
554.75	1217.95
554.95	1226.53
555.15	1216.80
555.36	1227.74
555.56	1214.18
555.76	1221.80
555.96	1219.65
556.16	1224.15
556.37	1214.34
556.57	1220.86
556.77	1212.58
556.97	1220.71
557.17	1214.75
557.38	1222.56
557.58	1225.63
557.78	1225.50
557.98	1213.38
558.18	1220.06
558.38	1220.34
558.59	1218.42
558.79	1223.72
558.99	1222.45
559.19	1219.16
559.39	1220.18
559.60	1214.81
559.80	1227.04
560.00	1215.18
560.20	1224.77
560.40	1216.41
560.60	1221.65
560.81	1218.66
561.01	1217.15
561.21	1219.79
561.41	1227.80
561.61	1213.73
561.81	1214.71
562.02	1217.39
562.22	1226.94
562.42	1216.47
562.62	1220.41
562.82	1214.94
563.02	1217.72
563.23	1219.48
563.43	1220.18
563.63	1211.78
563.83	1224.13
564.03	1223.66
564.23	1223.40
564.43	1215.98
564.64	1217.27
564.84	1214.73
565.04	1214.12
565.24	1210.78
565.44	1222.41
565.64	1216.06
565.85	1222.99
566.05	1219.73
566.25	1225.30
566.45	1218.13
566.65	1222.49
566.85	1216.90
567.05	1226.47
567.25	1220.04
567.46	1222.74
567.66	1220.90
567.86	1233.14
568.06	1218.83
568.26	1227.08
568.46	1218.54
568.66	1225.20
568.86	1225.65
569.07	1222.45
569.27	1210.92
569.47	1221.86
569.67	1219.01
569.87	1222.66
570.07	1219.87
570.27	1219.93
570.47	1216.68
570.68	1224.03
570.88	1213.40
571.08	1219.36
571.28	1213.07
571.48	1213.56
571.68	1212.30
571.88	1225.59
572.08	1213.09
572.28	1217.05
572.49	1213.77
572.69	1227.18
572.89	1216.72
573.09	1215.90
573.29	1217.54
573.49	1221.04
573.69	1214.55
573.89	1223.17
574.09	1218.19
574.29	1219.97
574.50	1216.06
574.70	1224.11
574.90	1218.36
575.10	1212.46
575.30	1220.00
575.50	1224.79
575.70	1216.66
575.90	1216.37
576.10	1218.07
576.30	1225.52
576.50	1215.59
576.70	1217.60
576.91	1222.94
577.11	1222.56
577.31	1212.89
577.51	1222.66
577.71	1216.66
577.91	1227.92
578.11	1219.05
578.31	1227.49
578.51	1220.41
578.71	1221.92
578.91	1218.97
579.11	1223.13
579.31	1222.49
579.51	1226.30
579.71	1222.70
579.92	1222.94
580.12	1213.48
580.32	1226.84
580.52	1219.09
580.72	1227.51
580.92	1215.14
581.12	1222.13
581.32	1214.18
581.52	1221.39
581.72	1218.23
581.92	1221.08
582.12	1214.26
582.32	1221.41
582.52	1215.78
582.72	1219.79
582.92	1216.68
583.12	1223.31
583.32	1214.98
583.52	1226.63
583.72	1224.03
583.92	1227.10
584.12	1214.92
584.33	1222.78
584.53	1219.77
584.73	1220.84
584.93	1220.81
585.13	1218.07
585.33	1214.24
585.53	1218.44
585.73	1213.11
585.93	1225.71
586.13	1217.21
586.33	1219.24
586.53	1215.96
586.73	1223.54
586.93	1218.46
587.13	1225.24
587.33	1218.05
587.53	1220.14
587.73	1226.02
587.93	1222.06
588.13	1211.60
588.33	1228.13
588.53	1216.45
588.73	1228.64
588.93	1216.68
589.13	1223.60
589.33	1208.22
589.53	1227.31
589.73	1219.09
589.93	1226.88
590.13	1219.71
590.33	1229.70
590.53	1207.28
590.73	1225.14
590.93	1218.81
591.13	1227.37
591.33	1214.12
591.53	1228.15
591.73	1215.80
591.93	1219.59
592.13	1215.76
592.33	1225.07
592.53	1216.82
592.73	1224.91
592.93	1210.74
593.13	1223.70
593.33	1210.62
593.53	1224.75
593.73	1216.66
593.93	1226.43
594.13	1220.28
594.33	1219.14
594.53	1216.84
594.73	1225.48
594.92	1215.96
595.12	1222.17
595.32	1214.75
595.52	1225.48
595.72	1217.52
595.92	1216.92
596.12	1219.77
596.32	1224.66
596.52	1216.00
596.72	1217.29
596.92	1220.41
597.12	1215.63
597.32	1221.24
597.52	1224.36
597.72	1216.92
597.92	1223.62
598.12	1215.80
598.32	1227.53
598.52	1215.72
598.72	1225.03
598.92	1214.69
599.12	1219.09
599.31	1219.52
599.51	1220.75
599.71	1216.90
599.91	1221.37
600.11	1224.89
600.31	1223.37
600.51	1212.87
600.71	1234.97
600.91	1214.69
601.11	1218.40
601.31	1212.15
601.51	1225.16
601.71	1216.74
601.91	1216.00
602.10	1211.58
602.30	1217.89
602.50	1215.29
602.70	1225.36
602.90	1221.16
603.10	1220.79
603.30	1211.95
603.50	1225.05
603.70	1217.39
603.90	1224.93
604.10	1219.03
604.30	1224.89
604.49	1216.62
604.69	1218.11
604.89	1216.80
605.09	1228.02
605.29	1215.20
605.49	1225.18
605.69	1213.52
605.89	1220.77
606.09	1223.11
606.29	1218.54
606.48	1219.38
606.68	1218.75
606.88	1213.77
607.08	1219.09
607.28	1221.29
607.48	1223.60
607.68	1223.91
607.88	1222.02
608.08	1216.96
608.27	1224.26
608.47	1224.46
608.67	1220.00
608.87	1211.52
609.07	1221.96
609.27	1211.03
609.47	1222.02
609.67	1223.23
609.87	1228.52
610.06	1214.51
610.26	1217.19
610.46	1221.51
610.66	1221.24
610.86	1216.55
611.06	1216.58
611.26	1211.37
611.45	1227.27
611.65	1218.15
611.85	1219.46
612.05	1220.55
612.25	1226.18
612.45	1215.00
612.65	1228.23
612.84	1208.53
613.04	1220.94
613.24	1213.13
613.44	1221.51
613.64	1224.66
613.84	1224.79
614.04	1219.73
614.23	1219.32
614.43	1213.99
614.63	1226.12
614.83	1215.04
615.03	1227.98
615.23	1221.90
615.42	1224.50
615.62	1215.26
615.82	1220.49
616.02	1216.02
616.22	1222.00
616.42	1219.40
616.61	1225.87
616.81	1223.19
617.01	1226.65
617.21	1213.26
617.41	1220.34
617.61	1210.80
617.80	1218.68
618.00	1215.39
618.20	1223.64
618.40	1219.85
618.60	1221.61
618.80	1213.87
618.99	1220.36
619.19	1210.47
619.39	1220.61
619.59	1217.23
619.79	1223.17
619.98	1208.65
620.18	1216.58
620.38	1214.86
620.58	1221.98
620.78	1212.13
620.97	1220.10
621.17	1209.69
621.37	1222.68
621.57	1226.04
621.77	1223.66
621.96	1216.06
622.16	1222.66
622.36	1222.74
622.56	1217.52
622.76	1210.49
622.95	1222.49
623.15	1213.77
623.35	1218.21
623.55	1221.88
623.75	1222.33
623.94	1221.72
624.14	1224.28
624.34	1213.95
624.54	1221.47
624.73	1218.56
624.93	1221.70
625.13	1217.11
625.33	1223.27
625.53	1223.09
625.72	1226.47
625.92	1218.38
626.12	1213.97
626.32	1213.93
626.51	1225.42
626.71	1219.71
626.91	1222.23
627.11	1216.23
627.30	1220.67
627.50	1213.24
627.70	1220.43
627.90	1219.71
628.10	1220.63
628.29	1212.85
628.49	1224.34
628.69	1226.06
628.89	1216.53
629.08	1217.54
629.28	1222.88
629.48	1216.98
629.68	1219.46
629.87	1217.11
630.07	1226.55
630.27	1211.80
630.47	1222.88
630.66	1213.26
630.86	1218.38
631.06	1213.07
631.25	1222.64
631.45	1219.09
631.65	1226.79
631.85	1220.45
632.04	1224.23
632.24	1207.67
632.44	1222.06
632.64	1215.06
632.83	1223.87
633.03	1218.40
633.23	1223.46
633.42	1222.53
633.62	1226.98
633.82	1213.40
634.02	1219.77
634.21	1221.63
634.41	1218.95
634.61	1212.97
634.81	1217.27
635.00	1222.58
635.20	1215.98
635.40	1215.00
635.59	1220.00
635.79	1219.44
635.99	1224.26
636.18	1219.48
636.38	1217.54
636.58	1215.08
636.78	1221.12
636.97	1214.49
637.17	1224.77
637.37	1210.33
637.56	1222.72
637.76	1208.18
637.96	1219.34
638.15	1220.75
638.35	1227.55
638.55	1211.25
638.74	1224.15
638.94	1214.83
639.14	1223.01
639.34	1222.04
639.53	1220.65
639.73	1217.85
639.93	1218.89
640.12	1215.94
640.32	1220.16
640.52	1215.90
640.71	1220.55
640.91	1219.24
641.11	1228.25
641.30	1215.92
641.50	1219.16
641.70	1217.66
641.89	1216.86
642.09	1218.75
642.29	1219.54
642.48	1212.77
642.68	1218.42
642.88	1218.19
643.07	1227.80
643.27	1217.99
643.47	1231.24
643.66	1214.40
643.86	1224.69
644.06	1223.33
644.25	1228.97
644.45	1216.86
644.65	1221.53
644.84	1214.98
645.04	1218.56
645.23	1217.64
645.43	1214.51
645.63	1217.25
645.82	1219.81
646.02	1216.64
646.22	1226.59
646.41	1220.67
646.61	1224.91
646.81	1213.07
647.00	1224.11
647.20	1221.63
647.39	1218.30
647.59	1221.41
647.79	1218.95
647.98	1225.05
648.18	1218.93
648.38	1216.43
648.57	1230.44
648.77	1217.50
648.96	1221.14
649.16	1210.39
649.36	1223.42
649.55	1217.27
649.75	1227.92
649.95	1214.49
650.14	1220.26
650.34	1213.16
650.53	1225.85
650.73	1213.26
650.93	1223.29
651.12	1213.75
651.32	1216.78
651.51	1219.95
651.71	1221.57
651.91	1215.08
652.10	1221.14
652.30	1219.95
652.49	1222.06
652.69	1213.56
652.89	1223.74
653.08	1214.36
653.28	1220.55
653.47	1219.07
653.67	1227.53
653.86	1216.84
654.06	1225.96
654.26	1219.79
654.45	1221.59
654.65	1218.01
654.84	1226.24
655.04	1219.05
655.24	1219.57
655.43	1223.70
655.63	1220.32
655.82	1214.69
656.02	1226.20
656.21	1210.51
656.41	1225.55
656.61	1221.00
656.80	1224.54
657.00	1216.58
657.19	1224.44
657.39	1217.39
657.58	1226.51
657.78	1218.91
657.97	1226.57
658.17	1220.81
658.37	1219.22
658.56	1214.36
658.76	1222.15
658.95	1208.79
659.15	1217.27
659.34	1219.34
659.54	1224.52
659.73	1216.39
659.93	1218.81
660.13	1217.05
660.32	1223.15
660.52	1211.89
660.71	1216.96
660.91	1218.34
661.10	1229.78
661.30	1222.76
661.49	1222.08
661.69	1214.36
661.88	1217.68
662.08	1220.38
662.27	1217.62
662.47	1220.43
662.66	1224.42
662.86	1218.15
663.06	1222.27
663.25	1216.39
663.45	1227.00
663.64	1218.66
663.84	1218.01
664.03	1217.03
664.23	1230.52
664.42	1218.85
664.62	1222.39
664.81	1209.61
665.01	1222.49
665.20	1212.58
665.40	1218.15
665.59	1209.74
665.79	1228.06
665.98	1226.57
666.18	1218.64
666.37	1220.00
666.57	1222.29
666.76	1214.18
666.96	1227.45
667.15	1211.23
667.35	1223.03
667.54	1214.06
667.74	1228.97
667.93	1215.51
668.13	1220.24
668.32	1211.21
668.52	1217.76
668.71	1214.75
668.91	1223.15
669.10	1225.12
669.30	1225.42
669.49	1217.99
669.68	1221.22
669.88	1215.69
670.07	1218.38
670.27	1218.54
670.46	1221.55
670.66	1215.49
670.85	1230.89
671.05	1214.61
671.24	1223.46
671.44	1216.04
671.63	1221.18
671.83	1221.76
672.02	1224.58
672.22	1214.98
672.41	1227.10
672.60	1220.61
672.80	1221.00
672.99	1216.76
673.19	1226.71
673.38	1214.71
673.58	1220.00
673.77	1214.90
673.97	1219.05
674.16	1217.48
674.36	1224.64
674.55	1221.92
674.74	1218.66
674.94	1225.77
675.13	1221.84
675.33	1222.41
675.52	1224.99
675.72	1217.05
675.91	1223.27
676.10	1216.33
676.30	1221.74
676.49	1212.60
676.69	1229.76
676.88	1219.42
677.08	1228.31
677.27	1209.88
677.46	1223.05
677.66	1217.74
677.85	1220.10
678.05	1223.19
678.24	1229.70
678.44	1218.75
678.63	1225.93
678.82	1219.81
679.02	1229.89
679.21	1215.18
679.41	1224.73
679.60	1213.87
679.79	1225.63
679.99	1215.29
680.18	1227.33
680.38	1211.05
680.57	1228.02
680.76	1212.79
680.96	1224.30
681.15	1211.05
681.35	1221.82
681.54	1219.59
681.73	1227.88
681.93	1217.82
682.12	1221.70
682.32	1226.04
682.51	1228.80
682.70	1215.96
682.90	1223.29
683.09	1216.76
683.29	1226.67
683.48	1211.95
683.67	1225.20
683.87	1214.02
684.06	1218.34
684.25	1213.22
684.45	1223.93
684.64	1215.06
684.84	1226.41
685.03	1218.56
685.22	1219.69
685.42	1215.35
685.61	1218.25
685.80	1222.29
686.00	1223.11
686.19	1216.23
686.38	1226.53
686.58	1217.13
686.77	1228.04
686.96	1218.83
687.16	1222.37
687.35	1220.71
687.55	1226.30
687.74	1225.16
687.93	1218.52
688.13	1219.54
688.32	1223.91
688.51	1214.14
688.71	1220.94
688.90	1217.23
689.09	1220.79
689.29	1219.75
689.48	1224.91
689.67	1216.21
689.87	1224.42
690.06	1216.21
690.25	1215.74
690.45	1222.62
690.64	1219.85
690.83	1226.86
691.03	1219.16
691.22	1216.15
691.41	1225.22
691.61	1218.38
691.80	1222.84
691.99	1223.37
692.19	1217.91
692.38	1218.66
692.57	1227.20
692.76	1220.00
692.96	1217.95
693.15	1214.08
693.34	1221.49
693.54	1217.11
693.73	1224.91
693.92	1213.48
694.12	1220.67
694.31	1218.62
694.50	1224.42
694.70	1225.73
694.89	1223.37
695.08	1214.55
695.27	1226.67
695.47	1216.82
695.66	1217.58
695.85	1218.09
696.05	1226.00
696.24	1224.60
696.43	1226.96
696.62	1218.23
696.82	1227.06
697.01	1220.18
697.20	1221.84
697.40	1216.70
697.59	1222.68
697.78	1215.08
697.97	1222.45
698.17	1219.32
698.36	1223.13
698.55	1219.95
698.74	1225.22
698.94	1217.64
699.13	1226.75
699.32	1218.91
699.52	1225.98
699.71	1222.15
699.90	1222.39
700.09	1210.62
700.29	1227.08
700.48	1219.81
700.67	1217.56
700.86	1217.76
701.06	1222.47
701.25	1216.94
701.44	1231.26
701.63	1217.72
701.83	1226.98
702.02	1217.42
702.21	1219.97
702.40	1221.27
702.60	1219.97
702.79	1216.25
702.98	1220.18
703.17	1218.87
703.37	1226.36
703.56	1219.01
703.75	1221.76
703.94	1220.32
704.13	1216.41
704.33	1217.78
704.52	1220.67
704.71	1215.63
704.90	1227.94
705.10	1215.12
705.29	1216.43
705.48	1211.48
705.67	1224.03
705.86	1218.75
706.06	1220.71
706.25	1205.95
706.44	1224.52
706.63	1224.30
706.83	1216.49
707.02	1215.00
707.21	1221.74
707.40	1217.91
707.59	1227.43
707.79	1218.15
707.98	1215.53
708.17	1216.21
708.36	1223.33
708.55	1212.03
708.75	1228.21
708.94	1212.56
709.13	1218.42
709.32	1222.64
709.51	1221.51
709.71	1213.20
709.90	1231.01
710.09	1219.01
710.28	1226.16
710.47	1215.86
710.66	1220.67
710.86	1218.50
711.05	1222.47
711.24	1211.93
711.43	1221.35
711.62	1207.20
711.82	1225.34
712.01	1216.58
712.20	1216.37
712.39	1210.88
712.58	1226.47
712.77	1211.76
712.97	1223.99
713.16	1215.90
713.35	1222.29
713.54	1215.06
713.73	1227.74
713.92	1213.71
714.11	1225.87
714.31	1210.88
714.50	1223.13
714.69	1215.00
714.88	1228.84
715.07	1222.25
715.26	1229.64
715.46	1215.10
715.65	1221.90
715.84	1219.40
716.03	1225.57
716.22	1221.16
716.41	1222.60
716.60	1218.50
716.80	1217.99
716.99	1218.01
717.18	1227.20
717.37	1219.59
717.56	1220.63
717.75	1213.61
717.94	1229.83
718.13	1218.97
718.33	1223.72
718.52	1215.82
718.71	1227.90
718.90	1221.20
719.09	1223.95
719.28	1209.08
719.47	1231.61
719.66	1223.19
719.85	1224.09
720.05	1215.43
720.24	1223.60
720.43	1214.12
720.62	1220.34
720.81	1206.77
721.00	1217.99
721.19	1216.45
721.38	1226.45
721.57	1217.44
721.77	1224.93
721.96	1219.20
722.15	1228.88
722.34	1217.54
722.53	1223.74
722.72	1215.63
722.91	1222.78
723.10	1218.62
723.29	1229.60
723.48	1215.04
723.67	1220.55
723.87	1216.33
724.06	1227.65
724.25	1217.87
724.44	1222.78
724.63	1221.22
724.82	1225.93
725.01	1223.83
725.20	1221.14
725.39	1215.67
725.58	1226.73
725.77	1220.69
725.96	1221.55
726.15	1217.68
726.34	1224.23
726.54	1224.77
726.73	1225.03
726.92	1217.89
727.11	1227.20
727.30	1215.98
727.49	1221.82
727.68	1222.99
727.87	1227.37
728.06	1218.71
728.25	1227.76
728.44	1219.24
728.63	1220.67
728.82	1214.02
729.01	1222.23
729.20	1218.46
729.39	1222.27
729.58	1207.73
729.77	1220.77
729.96	1216.64
730.15	1227.94
730.34	1211.37
730.53	1225.01
730.73	1222.47
730.92	1223.52
731.11	1218.17
731.30	1230.75
731.49	1214.18
731.68	1226.34
731.87	1222.66
732.06	1225.01
732.25	1221.90
732.44	1214.81
732.63	1220.59
732.82	1226.08
733.01	1218.73
733.20	1219.18
733.39	1217.13
733.58	1225.69
733.77	1215.86
733.96	1222.08
734.15	1221.53
734.34	1226.59
734.53	1222.62
734.72	1223.91
734.91	1213.44
735.10	1221.88
735.29	1216.68
735.48	1229.35
735.67	1221.29
735.86	1223.11
736.05	1212.87
736.24	1226.30
736.43	1217.44
736.62	1218.75
736.81	1210.43
737.00	1236.69
737.19	1219.26
737.38	1226.69
737.57	1216.12
737.76	1220.47
737.95	1218.13
738.14	1222.74
738.33	1222.62
738.51	1230.48
738.70	1215.76
738.89	1223.23
739.08	1220.84
739.27	1229.27
739.46	1213.79
739.65	1227.20
739.84	1216.23
740.03	1229.23
740.22	1223.05
740.41	1223.52
740.60	1219.48
740.79	1221.72
740.98	1225.50
741.17	1225.79
741.36	1217.58
741.55	1229.31
741.74	1217.56
741.93	1225.18
742.12	1217.89
742.31	1219.85
742.50	1211.68
742.68	1224.50
742.87	1222.21
743.06	1227.59
743.25	1209.82
743.44	1224.77
743.63	1216.29
743.82	1227.88
744.01	1214.73
744.20	1221.43
744.39	1222.21
744.58	1222.62
744.77	1223.13
744.96	1220.14
745.14	1220.47
745.33	1219.57
745.52	1208.57
745.71	1222.70
745.90	1214.65
746.09	1222.70
746.28	1215.61
746.47	1224.60
746.66	1215.57
746.85	1228.23
747.04	1219.14
747.22	1223.11
747.41	1217.01
747.60	1227.80
747.79	1212.44
747.98	1228.08
748.17	1209.84
748.36	1223.13
748.55	1222.76
748.74	1222.13
748.93	1212.07
749.11	1218.81
749.30	1209.26
749.49	1221.84
749.68	1218.75
749.87	1219.48
750.06	1219.46
750.25	1219.22
750.44	1214.14
750.62	1225.52
750.81	1218.23
751.00	1221.22
751.19	1219.38
751.38	1223.87
751.57	1214.02
751.76	1220.12
751.95	1216.51
752.13	1222.17
752.32	1212.30
752.51	1227.00
752.70	1210.68
752.89	1223.70
753.08	1219.61
753.27	1227.10
753.45	1217.21
753.64	1226.65
753.83	1210.17
754.02	1225.93
754.21	1220.22
754.40	1224.42
754.58	1216.94
754.77	1224.30
754.96	1220.57
755.15	1221.74
755.34	1213.48
755.53	1221.86
755.71	1212.64
755.90	1221.31
756.09	1222.29
756.28	1221.74
756.47	1212.73
756.66	1222.76
756.84	1222.51
757.03	1222.68
757.22	1219.07
757.41	1219.97
757.60	1218.52
757.79	1227.12
757.97	1211.62
758.16	1218.13
758.35	1219.83
758.54	1230.03
758.73	1214.96
758.91	1220.84
759.10	1217.25
759.29	1223.54
759.48	1215.53
759.67	1219.07
759.85	1216.86
760.04	1223.91
760.23	1213.63
760.42	1225.14
760.61	1217.66
760.79	1222.86
760.98	1216.80
761.17	1229.44
761.36	1210.55
761.55	1218.79
761.73	1215.00
761.92	1222.04
762.11	1217.70
762.30	1228.04
762.49	1217.82
762.67	1228.62
762.86	1214.08
763.05	1223.60
763.24	1218.52
763.42	1219.38
763.61	1217.74
763.80	1221.57
763.99	1218.75
764.17	1222.49
764.36	1215.16
764.55	1224.87
764.74	1221.18
764.92	1220.08
765.11	1217.85
765.30	1231.18
765.49	1221.51
765.68	1222.70
765.86	1218.11
766.05	1223.48
766.24	1213.52
766.43	1218.48
766.61	1212.05
766.80	1222.53
766.99	1221.08
767.17	1226.71
767.36	1217.91
767.55	1221.84
767.74	1213.83
767.92	1219.16
768.11	1210.57
768.30	1226.28
768.49	1222.53
768.67	1219.16
768.86	1221.06
769.05	1220.18
769.24	1213.89
769.42	1229.27
769.61	1220.51
769.80	1225.50
769.98	1223.83
770.17	1223.09
770.36	1215.39
770.55	1221.82
770.73	1211.23
770.92	1222.21
771.11	1213.50
771.29	1219.18
771.48	1219.93
771.67	1219.77
771.86	1217.35
772.04	1229.01
772.23	1216.31
772.42	1222.27
772.60	1222.13
772.79	1219.65
772.98	1219.36
773.16	1226.90
773.35	1218.42
773.54	1224.66
773.72	1220.55
773.91	1223.23
774.10	1220.14
774.29	1230.30
774.47	1215.82
774.66	1221.47
774.85	1215.39
775.03	1231.24
775.22	1213.54
775.41	1221.51
775.59	1215.00
775.78	1225.05
775.97	1219.79
776.15	1221.37
776.34	1213.54
776.53	1229.46
776.71	1217.29
776.90	1221.94
777.09	1220.86
777.27	1237.59
777.46	1215.45
777.65	1226.51
777.83	1220.36
778.02	1224.79
778.21	1221.02
778.39	1227.18
778.58	1214.40
778.76	1220.51
778.95	1210.84
779.14	1225.20
779.32	1218.05
779.51	1224.77
779.70	1221.78
779.88	1216.25
780.07	1218.95
780.26	1223.76
780.44	1216.15
780.63	1229.42
780.81	1212.30
781.00	1220.30
781.19	1222.13
781.37	1225.85
781.56	1220.34
781.75	1223.48
781.93	1216.82
782.12	1223.11
782.30	1215.04
782.49	1221.65
782.68	1217.56
782.86	1225.40
783.05	1216.25
783.23	1222.37
783.42	1212.27
783.61	1227.94
783.79	1214.53
783.98	1224.50
784.16	1218.07
784.35	1228.02
784.54	1219.83
784.72	1221.31
784.91	1208.59
785.09	1224.71
785.28	1224.23
785.47	1225.89
785.65	1226.53
785.84	1223.64
786.02	1216.84
786.21	1220.04
786.40	1220.20
786.58	1227.29
786.77	1217.23
786.95	1228.82
787.14	1224.44
787.32	1225.77
787.51	1224.66
787.70	1222.43
787.88	1224.01
788.07	1223.40
788.25	1219.95
788.44	1224.95
788.62	1222.13
788.81	1225.18
789.00	1217.37
789.18	1230.19
789.37	1213.93
789.55	1221.39
789.74	1215.08
789.92	1221.04
790.11	1213.34
790.29	1224.97
790.48	1217.68
790.67	1221.74
790.85	1217.44
791.04	1226.30
791.22	1218.34
791.41	1215.47
791.59	1213.54
791.78	1227.08
791.96	1216.90
792.15	1225.57
792.33	1214.49
792.52	1226.04
792.70	1219.16
792.89	1230.19
793.07	1218.87
793.26	1232.12
793.45	1219.95
793.63	1225.96
793.82	1217.99
794.00	1227.14
794.19	1219.93
794.37	1224.01
794.56	1218.75
794.74	1229.21
794.93	1219.22
795.11	1228.02
795.30	1223.15
795.48	1224.05
795.67	1225.52
795.85	1219.16
796.04	1216.10
796.22	1220.57
796.41	1216.19
796.59	1218.48
796.78	1220.86
796.96	1222.06
797.15	1225.83
797.33	1214.63
797.52	1218.01
797.70	1227.94
797.89	1219.57
798.07	1226.47
798.26	1223.60
798.44	1224.19
798.63	1221.20
798.81	1226.39
798.99	1215.96
799.18	1225.32
799.36	1227.65
799.55	1221.24
799.73	1222.64
799.92	1227.98
800.10	1216.45
800.29	1221.96
800.47	1220.53
800.66	1221.92
800.84	1212.97
801.03	1226.47
801.21	1218.99
801.39	1219.07
801.58	1229.21
801.76	1218.50
801.95	1216.17
802.13	1228.08
802.32	1217.31
802.50	1228.19
802.69	1217.31
802.87	1225.22
803.06	1220.06
803.24	1219.75
803.42	1219.40
803.61	1228.15
803.79	1219.14
803.98	1231.14
804.16	1218.19
804.35	1226.12
804.53	1220.51
804.71	1226.67
804.90	1217.97
805.08	1228.70
805.27	1221.74
805.45	1228.49
805.63	1217.52
805.82	1223.42
806.00	1218.50
806.19	1215.59
806.37	1229.11
806.56	1226.51
806.74	1218.99
806.92	1224.52
807.11	1218.19
807.29	1215.49
807.48	1219.32
807.66	1230.93
807.84	1220.02
808.03	1228.06
808.21	1222.45
808.40	1230.52
808.58	1221.12
808.76	1225.34
808.95	1219.24
809.13	1234.43
809.32	1215.10
809.50	1233.88
809.68	1217.27
809.87	1232.55
810.05	1219.54
810.23	1229.89
810.42	1227.12
810.60	1227.47
810.79	1224.71
810.97	1236.75
811.15	1220.77
811.34	1234.39
811.52	1223.44
811.70	1234.50
811.89	1217.17
812.07	1226.04
812.25	1225.79
812.44	1231.07
812.62	1223.19
812.81	1232.39
812.99	1221.96
813.17	1231.61
813.36	1225.42
813.54	1232.51
813.72	1223.93
813.91	1232.24
814.09	1225.65
814.27	1229.38
814.46	1224.75
814.64	1230.89
814.82	1227.65
815.01	1234.95
815.19	1225.05
815.37	1236.13
815.56	1235.21
815.74	1240.56
815.92	1231.44
816.11	1237.96
816.29	1233.18
816.47	1236.93
816.66	1233.70
816.84	1238.06
817.02	1234.25
817.21	1237.69
817.39	1235.25
817.57	1238.53
817.76	1230.44
817.94	1236.17
818.12	1235.36
818.30	1246.13
818.49	1238.16
818.67	1239.23
818.85	1238.98
819.04	1244.04
819.22	1234.29
819.40	1246.58
819.59	1239.86
819.77	1250.47
819.95	1237.26
820.13	1243.65
820.32	1244.98
820.50	1243.51
820.68	1239.18
820.87	1252.13
821.05	1233.70
821.23	1254.75
821.41	1242.65
821.60	1245.47
821.78	1241.27
821.96	1246.60
822.14	1242.48
822.33	1244.88
822.51	1247.15
822.69	1247.87
822.88	1237.61
823.06	1248.75
823.24	1238.37
823.42	1248.11
823.61	1237.22
823.79	1246.80
823.97	1250.98
824.15	1246.58
824.34	1237.44
824.52	1252.68
824.70	1241.13
824.88	1239.86
825.07	1237.55
825.25	1239.41
825.43	1244.76
825.61	1244.59
825.80	1234.76
825.98	1249.57
826.16	1233.41
826.34	1235.87
826.53	1237.98
826.71	1249.12
826.89	1243.40
827.07	1250.92
827.25	1245.94
827.44	1254.50
827.62	1250.94
827.80	1257.70
827.98	1253.83
828.17	1260.28
828.35	1259.17
828.53	1279.76
828.71	1274.39
828.89	1281.35
829.08	1281.78
829.26	1289.22
829.44	1295.11
829.62	1313.77
829.80	1315.86
829.99	1342.20
830.17	1360.85
830.35	1406.71
830.53	1463.21
830.71	1544.70
830.90	1675.44
831.08	1856.65
831.26	2075.43
831.44	2341.36
831.62	2629.65
831.81	2933.41
831.99	3242.98
832.17	3548.72
832.35	3874.82
832.53	4170.75
832.71	4414.93
832.90	4688.54
833.08	4920.33
833.26	5113.70
833.44	5303.38
833.62	5495.09
833.81	5659.64
833.99	5833.41
834.17	5913.88
834.35	6025.84
834.53	6146.86
834.71	6303.12
834.89	6361.13
835.08	6493.04
835.26	6558.60
835.44	6746.36
835.62	6789.39
835.80	6833.62
835.98	6891.13
836.17	6942.33
836.35	6950.03
836.53	6870.73
836.71	6827.66
836.89	6742.81
837.07	6544.10
837.25	6345.98
837.44	6050.25
837.62	5763.39
837.80	5392.77
837.98	5025.00
838.16	4678.75
838.34	4320.97
838.52	3999.97
838.70	3704.69
838.89	3439.15
839.07	3231.88
839.25	2970.19
839.43	2784.77
839.61	2611.92
839.79	2497.56
839.97	2381.42
840.15	2294.32
840.33	2219.14
840.52	2164.97
840.70	2117.05
840.88	2079.73
841.06	2021.06
841.24	2001.93
841.42	1956.18
841.60	1945.57
841.78	1909.28
841.96	1884.07
842.14	1851.90
842.33	1829.82
842.51	1804.94
842.69	1785.44
842.87	1753.16
843.05	1742.62
843.23	1713.35
843.41	1703.25
843.59	1677.96
843.77	1661.93
843.95	1642.02
844.13	1640.14
844.31	1612.84
844.49	1602.70
844.68	1583.51
844.86	1564.59
845.04	1552.83
845.22	1539.48
845.40	1518.43
845.58	1518.86
845.76	1494.98
845.94	1492.56
846.12	1475.32
846.30	1473.45
846.48	1463.34
846.66	1468.99
846.84	1452.50
847.02	1459.14
847.20	1453.01
847.38	1462.68
847.56	1453.10
847.74	1478.76
847.92	1484.27
848.11	1505.97
848.29	1517.28
848.47	1541.63
848.65	1558.14
848.83	1559.69
849.01	1573.33
849.19	1584.66
849.37	1576.06
849.55	1578.88
849.73	1581.38
849.91	1574.89
850.09	1557.21
850.27	1561.13
850.45	1549.68
850.63	1540.20
850.81	1515.87
850.99	1510.19
851.17	1503.25
851.35	1476.97
851.53	1460.61
851.71	1452.79
851.89	1440.27
852.07	1427.11
852.25	1409.45
852.43	1402.00
852.61	1384.63
852.79	1380.29
852.97	1365.79
853.15	1352.46
853.33	1350.04
853.51	1346.89
853.69	1326.96
853.87	1327.76
854.05	1320.24
854.23	1311.93
854.41	1309.12
854.59	1310.45
854.77	1290.63
854.95	1289.93
855.13	1286.04
855.31	1295.69
855.49	1285.55
855.67	1282.52
855.84	1284.55
856.02	1276.66
856.20	1262.86
856.38	1253.13
856.56	1247.66
856.74	1240.88
856.92	1245.53
857.10	1247.62
857.28	1231.98
857.46	1244.71
857.64	1237.30
857.82	1240.07
858.00	1229.15
858.18	1239.94
858.36	1230.91
858.54	1236.69
858.72	1223.76
858.90	1224.85
859.08	1227.98
859.25	1230.03
859.43	1227.51
859.61	1228.62
859.79	1228.00
859.97	1229.03
860.15	1221.92
860.33	1236.56
860.51	1226.02
860.69	1227.25
860.87	1229.87
861.05	1235.76
861.23	1225.42
861.41	1237.34
861.58	1217.80
861.76	1234.74
861.94	1233.20
862.12	1234.88
862.30	1232.59
862.48	1235.93
862.66	1227.00
862.84	1235.25
863.02	1222.35
863.20	1230.89
863.37	1227.20
863.55	1235.58
863.73	1224.32
863.91	1226.20
864.09	1228.78
864.27	1233.86
864.45	1227.14
864.63	1235.33
864.80	1228.74
864.98	1232.73
865.16	1226.10
865.34	1230.15
865.52	1220.53
865.70	1237.10
865.88	1219.73
866.06	1235.93
866.23	1226.00
866.41	1231.63
866.59	1221.55
866.77	1231.36
866.95	1226.90
867.13	1234.99
867.31	1222.86
867.48	1228.15
867.66	1214.92
867.84	1226.84
868.02	1226.53
868.20	1230.97
868.38	1219.46
868.56	1235.01
868.73	1217.85
868.91	1224.36
869.09	1221.82
869.27	1231.32
869.45	1212.58
869.63	1227.88
869.80	1222.27
869.98	1227.14
870.16	1218.01
870.34	1232.34
870.52	1221.02
870.70	1216.90
870.87	1217.87
871.05	1232.53
871.23	1217.48
871.41	1229.95
871.59	1218.48
871.76	1227.76
871.94	1225.48
872.12	1220.49
872.30	1220.43
872.48	1234.97
872.65	1224.30
872.83	1228.17
873.01	1223.95
873.19	1230.81
873.37	1226.65
873.54	1227.92
873.72	1223.80
873.90	1226.10
874.08	1231.18
874.26	1224.52
874.43	1230.69
874.61	1222.80
874.79	1222.80
874.97	1229.15
875.15	1218.52
875.32	1223.17
875.50	1227.16
875.68	1227.47
875.86	1221.86
876.03	1228.95
876.21	1222.62
876.39	1232.73
876.57	1225.57
876.74	1230.19
876.92	1221.33
877.10	1235.01
877.28	1224.34
877.45	1223.99
877.63	1223.54
877.81	1229.56
877.99	1224.99
878.17	1229.07
878.34	1227.74
878.52	1234.25
878.70	1226.34
878.87	1233.06
879.05	1216.43
879.23	1226.67
879.41	1224.77
879.58	1231.18
879.76	1231.53
879.94	1230.17
880.12	1220.06
880.29	1238.78
880.47	1227.76
880.65	1231.75
880.83	1220.20
881.00	1230.17
881.18	1224.62
881.36	1231.55
881.53	1226.96
881.71	1230.64
881.89	1217.68
882.07	1229.66
882.24	1222.74
882.42	1225.14
882.60	1216.58
882.77	1224.17
882.95	1221.57
883.13	1231.24
883.30	1222.19
883.48	1222.06
883.66	1219.44
883.84	1233.27
884.01	1219.83
884.19	1222.62
884.37	1218.85
884.54	1222.25
884.72	1224.13
884.90	1223.01
885.07	1214.47
885.25	1228.23
885.43	1220.90
885.60	1229.68
885.78	1230.26
885.96	1229.76
886.13	1212.52
886.31	1217.21
886.49	1216.82
886.66	1221.49
886.84	1224.71
887.02	1224.91
887.19	1212.30
887.37	1229.62
887.55	1218.71
887.72	1226.77
887.90	1218.21
888.08	1224.56
888.25	1223.09
888.43	1219.61
888.61	1209.35
888.78	1225.20
888.96	1217.31
889.14	1228.04
889.31	1224.56
889.49	1225.57
889.67	1219.44
889.84	1223.09
890.02	1216.00
890.19	1216.23
890.37	1224.52
890.55	1224.32
890.72	1220.06
890.90	1229.64
891.08	1218.64
891.25	1217.91
891.43	1225.98
891.60	1221.06
891.78	1221.12
891.96	1220.28
892.13	1224.97
892.31	1225.05
892.48	1219.91
892.66	1225.18
892.84	1216.86
893.01	1220.61
893.19	1219.46
893.36	1222.43
893.54	1223.91
893.72	1218.11
893.89	1211.64
894.07	1218.23
894.24	1216.08
894.42	1235.46
894.60	1215.04
894.77	1224.50
894.95	1223.19
895.12	1226.02
895.30	1217.31
895.48	1220.71
895.65	1217.89
895.83	1218.07
896.00	1220.63
896.18	1227.96
896.35	1220.16
896.53	1227.61
896.71	1219.07
896.88	1225.44
897.06	1216.58
897.23	1227.06
897.41	1220.10
897.58	1227.84
897.76	1217.11
897.93	1219.67
898.11	1218.66
898.29	1221.27
898.46	1216.82
898.64	1236.15
898.81	1219.42
898.99	1220.36
899.16	1217.23
899.34	1221.88
899.51	1221.98
899.69	1220.71
899.86	1213.59
900.04	1220.88
900.21	1215.55
900.39	1226.67
900.57	1220.34
900.74	1218.87
900.92	1222.25
901.09	1225.05
901.27	1223.13
901.44	1226.59
901.62	1211.74
901.79	1221.12
901.97	1216.08
902.14	1218.46
902.32	1219.34
902.49	1223.89
902.67	1215.53
902.84	1223.93
903.02	1211.70
903.19	1217.11
903.37	1215.12
903.54	1220.55
903.72	1216.51
903.89	1228.23
904.07	1215.51
904.24	1223.35
904.42	1211.29
904.59	1225.28
904.77	1215.94
904.94	1227.10
905.12	1220.28
905.29	1223.56
905.47	1212.03
905.64	1214.73
905.82	1216.86
905.99	1222.94
906.16	1213.75
906.34	1226.51
906.51	1211.68
906.69	1219.75
906.86	1217.54
907.04	1223.89
907.21	1217.33
907.39	1225.73
907.56	1211.56
907.74	1227.98
907.91	1222.78
908.09	1222.19
908.26	1219.07
908.43	1225.09
908.61	1213.28
908.78	1226.84
908.96	1217.85
909.13	1227.00
909.31	1218.05
909.48	1220.86
909.65	1215.92
909.83	1227.37
910.00	1222.13
910.18	1228.54
910.35	1215.10
910.53	1222.02
910.70	1212.52
910.87	1223.35
911.05	1217.64
911.22	1224.64
911.40	1221.88
911.57	1224.60
911.75	1216.47
911.92	1221.90
912.09	1218.23
912.27	1224.21
912.44	1220.57
912.62	1222.80
912.79	1220.77
912.96	1220.02
913.14	1216.19
913.31	1227.16
913.49	1219.83
913.66	1222.19
913.83	1221.41
914.01	1216.72
914.18	1215.16
914.36	1233.35
914.53	1214.38
914.70	1220.02
914.88	1221.10
915.05	1226.69
915.22	1220.26
915.40	1222.19
915.57	1219.71
915.75	1223.64
915.92	1220.81
916.09	1220.90
916.27	1218.77
916.44	1227.55
916.61	1216.82
916.79	1223.33
916.96	1216.02
917.13	1226.32
917.31	1207.93
917.48	1227.45
917.66	1211.93
917.83	1222.45
918.00	1217.23
918.18	1226.53
918.35	1213.40
918.52	1225.32
918.70	1215.33
918.87	1219.69
919.04	1216.55
919.22	1227.37
919.39	1212.85
919.56	1221.00
919.74	1210.82
919.91	1217.42
920.08	1218.34
920.26	1222.74
920.43	1220.75
920.60	1220.69
920.78	1215.74
920.95	1217.97
921.12	1219.22
921.29	1223.80
921.47	1215.35
921.64	1216.25
921.81	1223.27
921.99	1226.53
922.16	1214.98
922.33	1226.77
922.51	1219.01
922.68	1224.81
922.85	1222.99
923.03	1225.26
923.20	1224.87
923.37	1216.25
923.54	1222.13
923.72	1226.59
923.89	1211.54
924.06	1232.12
924.24	1213.09
924.41	1224.79
924.58	1221.31
924.75	1220.04
924.93	1219.65
925.10	1224.05
925.27	1214.18
925.44	1219.30
925.62	1216.23
925.79	1219.14
925.96	1211.93
926.14	1229.60
926.31	1219.97
926.48	1221.76
926.65	1216.25
926.83	1223.42
927.00	1220.79
927.17	1226.10
927.34	1217.44
927.52	1216.31
927.69	1216.80
927.86	1222.35
928.03	1218.28
928.21	1223.50
928.38	1215.49
928.55	1218.89
928.72	1215.96
928.89	1225.71
929.07	1221.35
929.24	1223.31
929.41	1215.02
929.58	1219.79
929.76	1217.01
929.93	1223.91
930.10	1212.44
930.27	1221.55
930.44	1207.97
930.62	1233.18
930.79	1212.73
930.96	1225.34
931.13	1220.75
931.31	1218.38
931.48	1215.80
931.65	1226.39
931.82	1217.66
931.99	1224.75
932.17	1216.64
932.34	1223.89
932.51	1220.90
932.68	1225.28
932.85	1219.20
933.03	1224.07
933.20	1220.63
933.37	1222.94
933.54	1217.01
933.71	1228.70
933.88	1217.17
934.06	1215.45
934.23	1221.92
934.40	1218.42
934.57	1218.28
934.74	1227.35
934.91	1214.51
935.09	1229.15
935.26	1217.97
935.43	1222.43
935.60	1221.86
935.77	1220.22
935.94	1226.10
936.12	1221.12
936.29	1212.79
936.46	1222.90
936.63	1215.31
936.80	1227.31
936.97	1214.12
937.14	1223.58
937.32	1215.61
937.49	1221.16
937.66	1213.34
937.83	1222.53
938.00	1217.74
938.17	1218.28
938.34	1212.60
938.52	1223.64
938.69	1213.73
938.86	1226.86
939.03	1210.86
939.20	1226.88
939.37	1209.37
939.54	1222.94
939.71	1216.62
939.89	1220.94
940.06	1217.99
940.23	1226.88
940.40	1215.31
940.57	1227.14
940.74	1220.45
940.91	1219.32
941.08	1219.38
941.25	1207.83
941.43	1220.51
941.60	1221.31
941.77	1211.68
941.94	1216.80
942.11	1220.20
942.28	1228.76
942.45	1214.42
942.62	1216.84
942.79	1220.10
942.96	1222.78
943.13	1219.07
943.30	1221.84
943.48	1219.87
943.65	1231.77
943.82	1220.61
943.99	1221.55
944.16	1217.11
944.33	1225.67
944.50	1221.88
944.67	1223.21
944.84	1212.38
945.01	1224.17
945.18	1219.05
945.35	1226.65
945.52	1218.62
945.69	1224.69
945.86	1215.12
946.03	1231.36
946.21	1224.85
946.38	1222.31
946.55	1214.49
946.72	1224.97
946.89	1215.12
947.06	1223.25
947.23	1218.23
947.40	1219.73
947.57	1218.13
947.74	1222.49
947.91	1218.42
948.08	1221.08
948.25	1213.46
948.42	1234.78
948.59	1221.02
948.76	1228.90
948.93	1220.84
949.10	1221.08
949.27	1218.83
949.44	1217.62
949.61	1219.97
949.78	1220.73
949.95	1217.66
950.12	1224.73
950.29	1213.69
950.46	1231.18
950.63	1216.35
950.80	1214.26
950.97	1216.80
951.14	1219.93
951.31	1221.61
951.48	1218.81
951.65	1219.57
951.82	1219.26
951.99	1212.01
952.16	1222.51
952.33	1216.25
952.50	1218.91
952.67	1214.86
952.84	1223.13
953.01	1213.79
953.18	1220.79
953.35	1217.09
953.52	1222.99
953.69	1219.42
953.86	1218.93
954.03	1222.31
954.20	1226.41
954.37	1218.79
954.54	1225.79
954.70	1213.63
954.87	1217.95
955.04	1221.29
955.21	1217.05
955.38	1216.88
955.55	1220.94
955.72	1217.42
955.89	1220.96
956.06	1215.76
956.23	1227.47
956.40	1213.77
956.57	1222.02
956.74	1222.84
956.91	1224.99
957.08	1217.09
957.25	1216.96
957.41	1222.62
957.58	1219.26
957.75	1213.26
957.92	1219.67
958.09	1210.82
958.26	1223.85
958.43	1217.35
958.60	1227.96
958.77	1223.21
958.94	1214.08
959.11	1215.08
959.27	1225.03
959.44	1220.30
959.61	1222.39
959.78	1215.10
959.95	1222.58
960.12	1208.92
960.29	1227.96
960.46	1215.10
960.63	1226.30
960.80	1224.48
960.96	1222.60
961.13	1218.77
961.30	1222.66
961.47	1214.96
961.64	1221.08
961.81	1218.60
961.98	1215.33
962.15	1215.39
962.31	1222.56
962.48	1218.01
962.65	1222.94
962.82	1216.12
962.99	1227.82
963.16	1217.72
963.33	1222.39
963.49	1219.14
963.66	1226.12
963.83	1218.25
964.00	1223.35
964.17	1211.91
964.34	1223.48
964.51	1211.15
964.67	1228.00
964.84	1223.25
965.01	1244.16
965.18	1216.45
965.35	1219.05
965.52	1216.06
965.68	1223.56
965.85	1217.03
966.02	1219.89
966.19	1228.49
966.36	1222.94
966.52	1213.46
966.69	1225.65
966.86	1214.69
967.03	1223.11
967.20	1213.77
967.37	1221.27
967.53	1217.05
967.70	1221.12
967.87	1212.03
968.04	1217.48
968.21	1220.49
968.37	1221.12
968.54	1219.28
968.71	1218.64
968.88	1220.14
969.05	1221.90
969.21	1216.15
969.38	1220.69
969.55	1207.46
969.72	1225.48
969.89	1217.56
970.05	1231.91
970.22	1212.52
970.39	1216.86
970.56	1215.10
970.72	1217.42
970.89	1217.91
971.06	1229.13
971.23	1213.34
971.39	1223.91
971.56	1215.86
971.73	1222.78
971.90	1207.09
972.07	1221.53
972.23	1222.92
972.40	1224.75
972.57	1213.18
972.74	1223.40
972.90	1216.02
973.07	1226.16
973.24	1219.89
973.40	1226.57
973.57	1217.58
973.74	1229.68
973.91	1215.45
974.07	1222.19
974.24	1213.95
974.41	1223.23
974.58	1215.37
974.74	1224.62
974.91	1216.10
975.08	1220.53
975.25	1216.29
975.41	1223.42
975.58	1217.87
975.75	1224.99
975.91	1216.27
976.08	1225.98
976.25	1211.52
976.42	1228.35
976.58	1216.43
976.75	1220.08
976.92	1213.09
977.08	1220.51
977.25	1216.90
977.42	1222.94
977.58	1219.73
977.75	1220.45
977.92	1220.45
978.08	1218.64
978.25	1216.39
978.42	1216.55
978.59	1215.67
978.75	1220.53
978.92	1217.91
979.09	1224.87
979.25	1214.86
979.42	1224.60
979.59	1215.00
979.75	1220.51
979.92	1223.68
980.09	1225.81
980.25	1213.65
980.42	1217.15
980.59	1219.30
980.75	1221.45
980.92	1218.66
981.09	1225.81
981.25	1213.89
981.42	1225.44
981.59	1225.79
981.75	1228.06
981.92	1225.55
982.08	1219.24
982.25	1217.93
982.42	1226.59
982.58	1213.11
982.75	1219.46
982.92	1215.22
983.08	1218.03
983.25	1211.00
983.42	1216.84
983.58	1218.99
983.75	1220.24
983.91	1221.43
984.08	1222.35
984.25	1221.59
984.41	1217.93
984.58	1213.65
984.74	1221.33
984.91	1212.46
985.08	1218.64
985.24	1216.84
985.41	1221.24
985.57	1216.94
985.74	1225.16
985.91	1219.93
986.07	1225.85
986.24	1214.34
986.40	1225.87
986.57	1216.92
986.74	1219.38
986.90	1219.95
987.07	1220.20
987.23	1221.67
987.40	1222.53
987.57	1220.10
987.73	1224.21
987.90	1223.09
988.06	1225.59
988.23	1217.78
988.39	1218.50
988.56	1207.28
988.73	1223.99
988.89	1218.13
989.06	1223.80
989.22	1212.54
989.39	1225.52
989.55	1211.33
989.72	1224.40
989.88	1218.21
990.05	1226.12
990.22	1217.11
990.38	1221.37
990.55	1213.77
990.71	1218.64
990.88	1213.46
991.04	1224.83
991.21	1214.63
991.37	1221.86
991.54	1212.30
991.70	1221.59
991.87	1221.65
992.03	1221.41
992.20	1220.36
992.36	1229.83
992.53	1215.12
992.69	1218.40
992.86	1211.07
993.03	1221.98
993.19	1217.52
993.36	1223.95
993.52	1214.63
993.69	1224.32
993.85	1213.48
994.02	1218.42
994.18	1216.66
994.35	1224.42
994.51	1218.30
994.68	1220.71
994.84	1219.52
995.01	1227.92
995.17	1220.38
995.34	1218.40
995.50	1214.79
995.66	1227.70
995.83	1216.17
995.99	1227.22
996.16	1221.04
996.32	1223.15
996.49	1215.35
996.65	1218.97
996.82	1213.73
996.98	1220.16
997.15	1218.30
997.31	1233.25
997.48	1213.50
997.64	1216.55
997.81	1217.89
997.97	1232.14
998.13	1217.62
998.30	1230.11
998.46	1213.99
998.63	1217.89
998.79	1212.42
998.96	1217.27
999.12	1215.08
999.29	1220.55
999.45	1215.08
999.61	1222.82
999.78	1211.46
999.94	1222.70
1000.11	1218.09
1000.27	1226.36
1000.44	1219.18
1000.60	1222.64
1000.76	1207.30
1000.93	1222.94
1001.09	1221.35
1001.26	1229.40
1001.42	1213.09
1001.59	1218.46
1001.75	1220.41
1001.91	1215.59
1002.08	1223.44
1002.24	1220.45
1002.41	1220.77
1002.57	1231.10
1002.73	1222.41
1002.90	1219.52
1003.06	1215.53
1003.23	1225.18
1003.39	1210.29
1003.55	1221.47
1003.72	1215.86
1003.88	1220.59
1004.04	1218.21
1004.21	1226.00
1004.37	1220.92
1004.54	1226.59
1004.70	1223.58
1004.86	1231.36
1005.03	1215.08
1005.19	1223.66
1005.35	1209.35
1005.52	1231.57
1005.68	1211.41
1005.85	1222.39
1006.01	1216.76
1006.17	1220.96
1006.34	1216.06
1006.50	1222.53
1006.66	1216.68
1006.83	1230.99
1006.99	1215.57
1007.15	1217.76
1007.32	1222.53
1007.48	1217.74
1007.64	1215.10
1007.81	1214.53
1007.97	1220.06
1008.13	1230.48
1008.30	1221.22
1008.46	1227.86
1008.62	1215.20
1008.79	1218.13
1008.95	1214.69
1009.11	1233.10
1009.28	1210.76
1009.44	1223.72
1009.60	1211.76
1009.77	1224.11
1009.93	1209.28
1010.09	1219.48
1010.25	1213.16
1010.42	1227.90
1010.58	1211.78
1010.74	1229.17
1010.91	1212.38
1011.07	1222.74
1011.23	1213.79
1011.40	1222.58
1011.56	1220.75
1011.72	1217.74
1011.88	1208.42
1012.05	1225.12
1012.21	1214.45
1012.37	1222.02
1012.54	1219.48
1012.70	1220.90
1012.86	1215.45
1013.02	1226.98
1013.19	1216.55
1013.35	1228.64
1013.51	1217.91
1013.67	1223.72
1013.84	1215.51
1014.00	1223.64
1014.16	1225.09
1014.33	1217.21
1014.49	1222.51
1014.65	1224.50
1014.81	1219.26
1014.98	1222.56
1015.14	1214.57
1015.30	1230.79
1015.46	1213.83
1015.62	1219.36
1015.79	1218.40
1015.95	1221.80
1016.11	1216.41
1016.27	1222.72
1016.44	1213.03
1016.60	1224.73
1016.76	1216.00
1016.92	1220.71
1017.09	1217.54
1017.25	1219.05
1017.41	1213.87
1017.57	1223.74
1017.73	1212.77
1017.90	1221.86
1018.06	1219.18
1018.22	1220.53
1018.38	1221.49
1018.54	1220.38
1018.71	1210.57
1018.87	1222.00
1019.03	1220.88
1019.19	1221.57
1019.35	1222.31
1019.52	1219.14
1019.68	1213.73
1019.84	1223.23
1020.00	1215.92
1020.16	1221.65
1020.33	1211.09
1020.49	1223.07
1020.65	1216.27
1020.81	1220.86
1020.97	1214.40
1021.13	1226.67
1021.30	1212.87
1021.46	1226.34
1021.62	1217.17
1021.78	1224.36
1021.94	1215.37
1022.10	1225.16
1022.27	1209.47
1022.43	1229.89
1022.59	1221.98
1022.75	1222.56
1022.91	1222.72
1023.07	1227.59
1023.24	1219.69
1023.40	1222.47
1023.56	1207.01
1023.72	1220.92
1023.88	1216.00
1024.04	1219.05
1024.20	1216.00
1024.36	1218.77
1024.53	1221.80
1024.69	1221.27
1024.85	1224.73
1025.01	1224.42
1025.17	1218.71
1025.33	1226.39
1025.49	1216.37
1025.65	1220.96
1025.82	1208.79
1025.98	1223.62
1026.14	1220.41
1026.30	1223.42
1026.46	1218.52
1026.62	1220.04
1026.78	1219.01
1026.94	1227.16
1027.10	1215.41
1027.26	1229.85
1027.43	1214.63
1027.59	1218.73
1027.75	1225.46
1027.91	1226.92
1028.07	1222.08
1028.23	1226.30
1028.39	1221.65
1028.55	1227.65
1028.71	1222.13
1028.87	1221.18
1029.03	1218.32
1029.19	1220.96
1029.36	1208.83
1029.52	1218.97
1029.68	1211.41
1029.84	1225.44
1030.00	1219.89
1030.16	1225.12
1030.32	1217.27
1030.48	1227.70
1030.64	1216.41
1030.80	1230.69
1030.96	1213.95
1031.12	1222.92
1031.28	1217.19
1031.44	1226.36
1031.60	1221.20
1031.76	1219.09
1031.92	1225.22
1032.08	1232.88
1032.24	1215.76
1032.40	1222.13
1032.56	1216.88
1032.73	1230.24
1032.89	1215.51
1033.05	1220.36
1033.21	1215.94
1033.37	1220.53
1033.53	1216.68
1033.69	1225.67
1033.85	1217.56
1034.01	1227.96
1034.17	1210.02
1034.33	1220.69
1034.49	1220.20
1034.65	1221.88
1034.81	1218.25
1034.97	1219.44
1035.13	1219.36
1035.29	1219.65
1035.45	1213.13
1035.61	1223.95
1035.77	1215.45
1035.93	1220.63
1036.09	1213.18
1036.25	1218.32
1036.41	1218.97
1036.57	1227.08
1036.73	1221.61
1036.88	1221.33
1037.04	1213.36
