345.52	1205.74
345.73	1205.74
345.94	1205.74
346.16	1207.97
346.37	1210.55
346.58	1215.41
346.79	1213.20
347.00	1208.14
347.22	1211.13
347.43	1206.29
347.64	1220.79
347.85	1205.35
348.06	1220.77
348.28	1207.42
348.49	1216.06
348.70	1207.50
348.91	1215.59
349.12	1207.79
349.34	1222.35
349.55	1204.76
349.76	1216.74
349.97	1215.41
350.18	1220.12
350.40	1213.09
350.61	1223.85
350.82	1213.34
351.03	1211.99
351.24	1210.02
351.46	1216.33
351.67	1214.40
351.88	1214.16
352.09	1219.20
352.30	1214.69
352.51	1213.24
352.73	1221.39
352.94	1202.67
353.15	1219.38
353.36	1215.72
353.57	1221.88
353.79	1205.39
354.00	1217.78
354.21	1215.22
354.42	1221.08
354.63	1210.96
354.84	1217.01
355.06	1206.52
355.27	1211.41
355.48	1211.23
355.69	1220.73
355.90	1215.47
356.11	1217.76
356.33	1212.89
356.54	1222.37
356.75	1207.48
356.96	1221.94
357.17	1208.94
357.38	1216.78
357.60	1208.90
357.81	1220.04
358.02	1211.03
358.23	1222.80
358.44	1215.82
358.65	1214.55
358.87	1214.77
359.08	1211.82
359.29	1217.74
359.50	1222.08
359.71	1205.25
359.92	1222.64
360.13	1218.48
360.35	1221.84
360.56	1212.87
360.77	1226.14
360.98	1218.56
361.19	1221.31
361.40	1219.24
361.62	1219.40
361.83	1212.11
362.04	1210.06
362.25	1215.45
362.46	1222.58
362.67	1210.82
362.88	1222.56
363.10	1219.59
363.31	1213.05
363.52	1218.05
363.73	1217.17
363.94	1214.10
364.15	1215.37
364.36	1217.60
364.57	1221.67
364.79	1209.59
365.00	1220.69
365.21	1212.25
365.42	1218.25
365.63	1213.83
365.84	1222.80
366.05	1214.73
366.27	1221.45
366.48	1215.16
366.69	1214.34
366.90	1212.32
367.11	1215.16
367.32	1211.68
367.53	1220.73
367.74	1212.97
367.95	1219.97
368.17	1213.22
368.38	1220.75
368.59	1213.71
368.80	1224.05
369.01	1210.98
369.22	1217.56
369.43	1211.68
369.64	1220.67
369.86	1216.64
370.07	1223.21
370.28	1210.19
370.49	1219.14
370.70	1214.12
370.91	1220.77
371.12	1216.60
371.33	1218.15
371.54	1218.13
371.76	1219.36
371.97	1219.01
372.18	1216.21
372.39	1220.49
372.60	1215.84
372.81	1212.83
373.02	1219.09
373.23	1219.03
373.44	1218.87
373.65	1215.84
373.87	1217.01
374.08	1215.59
374.29	1222.35
374.50	1218.03
374.71	1225.16
374.92	1215.74
375.13	1226.59
375.34	1218.83
375.55	1220.34
375.76	1218.30
375.97	1217.64
376.19	1211.11
376.40	1219.59
376.61	1212.60
376.82	1223.21
377.03	1210.06
377.24	1231.20
377.45	1219.91
377.66	1224.48
377.87	1220.41
378.08	1224.15
378.29	1216.64
378.50	1219.71
378.71	1212.44
378.93	1214.40
379.14	1213.46
379.35	1216.58
379.56	1216.72
379.77	1225.55
379.98	1207.67
380.19	1217.66
380.40	1208.44
380.61	1223.27
380.82	1217.23
381.03	1221.65
381.24	1221.02
381.45	1224.48
381.66	1210.51
381.88	1223.35
382.09	1215.35
382.30	1216.88
382.51	1220.06
382.72	1221.88
382.93	1214.22
383.14	1221.84
383.35	1211.39
383.56	1219.40
383.77	1212.99
383.98	1219.07
384.19	1215.78
384.40	1215.43
384.61	1220.86
384.82	1224.97
385.03	1216.74
385.24	1220.86
385.45	1216.43
385.67	1217.44
385.88	1210.08
386.09	1213.18
386.30	1214.47
386.51	1217.64
386.72	1213.46
386.93	1223.78
387.14	1210.60
387.35	1218.91
387.56	1212.60
387.77	1218.75
387.98	1213.73
388.19	1213.61
388.40	1218.64
388.61	1227.00
388.82	1214.28
389.03	1220.20
389.24	1219.57
389.45	1220.30
389.66	1208.92
389.87	1228.88
390.08	1212.15
390.29	1215.10
390.50	1215.69
390.71	1221.45
390.92	1215.76
391.13	1222.43
391.34	1213.65
391.55	1229.31
391.76	1214.55
391.98	1221.24
392.19	1211.17
392.40	1213.97
392.61	1212.36
392.82	1221.02
393.03	1208.65
393.24	1219.38
393.45	1218.30
393.66	1218.52
393.87	1209.51
394.08	1219.69
394.29	1212.46
394.50	1221.10
394.71	1214.90
394.92	1227.00
395.13	1215.51
395.34	1217.62
395.55	1219.91
395.76	1222.62
395.97	1213.77
396.18	1221.65
396.39	1216.47
396.60	1226.61
396.81	1222.23
397.02	1226.49
397.23	1213.28
397.44	1223.01
397.65	1208.81
397.86	1221.80
398.07	1219.79
398.28	1221.18
398.49	1214.69
398.70	1217.19
398.91	1218.64
399.12	1223.62
399.33	1218.05
399.54	1226.45
399.75	1216.15
399.96	1224.54
400.17	1216.27
400.38	1222.23
400.59	1217.48
400.80	1218.58
401.01	1211.21
401.22	1221.14
401.42	1216.25
401.63	1217.64
401.84	1216.58
402.05	1223.80
402.26	1215.59
402.47	1226.14
402.68	1217.97
402.89	1210.98
403.10	1208.18
403.31	1227.08
403.52	1221.00
403.73	1216.78
403.94	1218.42
404.15	1222.37
404.36	1220.77
404.57	1220.38
404.78	1210.72
404.99	1221.67
405.20	1217.54
405.41	1223.80
405.62	1210.25
405.83	1225.38
406.04	1213.56
406.25	1220.36
406.46	1214.40
406.67	1223.83
406.88	1212.30
407.09	1216.49
407.30	1215.35
407.50	1223.87
407.71	1211.25
407.92	1223.27
408.13	1218.13
408.34	1218.77
408.55	1220.94
408.76	1224.97
408.97	1215.39
409.18	1221.27
409.39	1215.92
409.60	1221.80
409.81	1215.82
410.02	1221.33
410.23	1213.32
410.44	1215.76
410.65	1214.61
410.86	1222.02
411.07	1213.46
411.27	1220.20
411.48	1212.07
411.69	1218.75
411.90	1219.24
412.11	1223.11
412.32	1215.78
412.53	1221.76
412.74	1212.32
412.95	1224.48
413.16	1217.37
413.37	1219.22
413.58	1220.43
413.79	1227.84
414.00	1213.34
414.20	1226.98
414.41	1215.55
414.62	1218.46
414.83	1215.53
415.04	1221.37
415.25	1224.69
415.46	1224.58
415.67	1216.33
415.88	1225.89
416.09	1211.41
416.30	1222.02
416.51	1215.86
416.71	1224.19
416.92	1218.25
417.13	1221.92
417.34	1219.09
417.55	1229.72
417.76	1217.07
417.97	1227.82
418.18	1216.70
418.39	1221.76
418.60	1217.76
418.81	1217.05
419.01	1217.11
419.22	1221.06
419.43	1216.62
419.64	1225.38
419.85	1213.13
420.06	1225.87
420.27	1224.54
420.48	1226.61
420.69	1210.31
420.90	1222.39
421.10	1217.39
421.31	1222.82
421.52	1221.96
421.73	1221.61
421.94	1214.77
422.15	1216.17
422.36	1219.38
422.57	1221.45
422.78	1220.30
422.98	1227.29
423.19	1215.94
423.40	1223.37
423.61	1214.06
423.82	1222.04
424.03	1218.44
424.24	1215.08
424.45	1209.41
424.65	1218.42
424.86	1217.60
425.07	1218.09
425.28	1215.59
425.49	1212.13
425.70	1217.27
425.91	1224.21
426.12	1214.98
426.32	1220.65
426.53	1219.97
426.74	1212.40
426.95	1219.03
427.16	1222.08
427.37	1214.96
427.58	1226.20
427.78	1212.99
427.99	1220.02
428.20	1213.79
428.41	1221.92
428.62	1215.74
428.83	1223.87
429.04	1213.81
429.24	1222.86
429.45	1219.59
429.66	1224.11
429.87	1218.62
430.08	1220.30
430.29	1212.44
430.50	1210.17
430.70	1209.12
430.91	1221.49
431.12	1220.43
431.33	1219.57
431.54	1213.95
431.75	1221.59
431.96	1218.60
432.16	1230.85
432.37	1218.60
432.58	1224.36
432.79	1215.86
433.00	1221.14
433.21	1211.97
433.41	1226.96
433.62	1210.08
433.83	1217.25
434.04	1215.65
434.25	1219.14
434.46	1214.12
434.66	1222.37
434.87	1220.92
435.08	1226.10
435.29	1217.05
435.50	1222.56
435.71	1217.33
435.91	1218.81
436.12	1213.26
436.33	1221.88
436.54	1216.58
436.75	1225.67
436.95	1214.73
437.16	1218.95
437.37	1211.95
437.58	1219.63
437.79	1213.75
438.00	1220.10
438.20	1214.30
438.41	1223.40
438.62	1215.55
438.83	1219.38
439.04	1216.37
439.24	1217.23
439.45	1217.89
439.66	1224.71
439.87	1216.90
440.08	1214.57
440.28	1217.52
440.49	1219.50
440.70	1212.95
440.91	1222.02
441.12	1215.49
441.32	1221.22
441.53	1209.67
441.74	1221.04
441.95	1216.62
442.16	1220.14
442.36	1208.49
442.57	1227.80
442.78	1211.31
442.99	1225.09
443.20	1217.97
443.40	1223.01
443.61	1217.35
443.82	1226.26
444.03	1220.34
444.24	1220.12
444.44	1215.10
444.65	1220.77
444.86	1217.89
445.07	1219.44
445.27	1221.80
445.48	1227.04
445.69	1217.89
445.90	1217.54
446.11	1211.60
446.31	1212.83
446.52	1217.05
446.73	1221.47
446.94	1214.73
447.14	1221.39
447.35	1210.21
447.56	1216.19
447.77	1219.11
447.97	1231.98
448.18	1213.11
448.39	1219.42
448.60	1216.08
448.81	1214.53
449.01	1207.63
449.22	1223.31
449.43	1216.92
449.64	1226.86
449.84	1211.05
450.05	1227.94
450.26	1215.06
450.47	1222.64
450.67	1218.52
450.88	1216.96
451.09	1209.45
451.30	1218.09
451.50	1218.91
451.71	1221.35
451.92	1216.68
452.13	1224.19
452.33	1216.06
452.54	1218.66
452.75	1213.85
452.96	1221.29
453.16	1210.47
453.37	1224.62
453.58	1207.50
453.79	1220.00
453.99	1213.34
454.20	1210.02
454.41	1215.63
454.61	1228.25
454.82	1223.33
455.03	1220.84
455.24	1219.16
455.44	1218.25
455.65	1219.54
455.86	1220.28
456.07	1217.07
456.27	1217.58
456.48	1214.22
456.69	1223.27
456.90	1217.50
457.10	1221.94
457.31	1215.33
457.52	1216.53
457.72	1210.64
457.93	1219.91
458.14	1213.09
458.35	1217.56
458.55	1216.80
458.76	1222.72
458.97	1218.28
459.17	1219.83
459.38	1218.85
459.59	1225.79
459.80	1212.19
460.00	1222.45
460.21	1211.66
460.42	1219.05
460.62	1213.46
460.83	1220.59
461.04	1222.35
461.25	1218.42
461.45	1215.02
461.66	1221.55
461.87	1215.37
462.07	1229.29
462.28	1218.95
462.49	1222.10
462.69	1220.47
462.90	1218.50
463.11	1219.24
463.31	1218.32
463.52	1214.83
463.73	1224.34
463.94	1207.73
464.14	1221.61
464.35	1221.24
464.56	1224.26
464.76	1220.18
464.97	1215.04
465.18	1212.03
465.38	1225.65
465.59	1219.63
465.80	1231.42
466.00	1213.89
466.21	1221.76
466.42	1213.22
466.62	1216.76
466.83	1216.51
467.04	1226.41
467.24	1216.86
467.45	1217.44
467.66	1216.78
467.86	1219.54
468.07	1212.03
468.28	1229.58
468.48	1214.71
468.69	1221.49
468.90	1216.76
469.10	1221.14
469.31	1213.13
469.52	1221.57
469.72	1211.93
469.93	1225.55
470.14	1213.11
470.34	1221.74
470.55	1216.31
470.76	1217.78
470.96	1217.48
471.17	1217.42
471.38	1218.11
471.58	1227.45
471.79	1216.23
472.00	1226.41
472.20	1213.20
472.41	1224.26
472.62	1217.80
472.82	1220.24
473.03	1217.66
473.24	1217.09
473.44	1218.21
473.65	1228.31
473.85	1212.68
474.06	1227.78
474.27	1210.60
474.47	1227.96
474.68	1213.50
474.89	1224.11
475.09	1211.68
475.30	1230.21
475.51	1212.79
475.71	1227.10
475.92	1216.78
476.12	1223.56
476.33	1213.42
476.54	1224.89
476.74	1221.16
476.95	1227.68
477.16	1203.92
477.36	1215.90
477.57	1210.57
477.77	1224.40
477.98	1211.82
478.19	1223.95
478.39	1208.87
478.60	1225.14
478.81	1219.65
479.01	1223.42
479.22	1212.83
479.42	1220.02
479.63	1211.43
479.84	1215.57
480.04	1211.99
480.25	1224.75
480.45	1215.63
480.66	1219.85
480.87	1219.97
481.07	1219.67
481.28	1215.57
481.48	1223.58
481.69	1219.03
481.90	1218.38
482.10	1214.38
482.31	1219.46
482.51	1221.61
482.72	1225.30
482.93	1214.42
483.13	1220.92
483.34	1217.56
483.54	1232.55
483.75	1214.06
483.96	1222.76
484.16	1215.26
484.37	1218.87
484.57	1213.63
484.78	1223.21
484.99	1212.27
485.19	1219.65
485.40	1209.39
485.60	1225.98
485.81	1216.70
486.01	1228.60
486.22	1219.57
486.43	1215.10
486.63	1216.02
486.84	1221.94
487.04	1217.19
487.25	1222.13
487.46	1217.78
487.66	1221.20
487.87	1222.21
488.07	1214.20
488.28	1219.38
488.48	1221.78
488.69	1218.38
488.89	1227.84
489.10	1213.07
489.31	1219.75
489.51	1212.79
489.72	1220.79
489.92	1216.10
490.13	1223.21
490.33	1214.55
490.54	1226.90
490.75	1211.13
490.95	1223.21
491.16	1217.74
491.36	1227.76
491.57	1220.86
491.77	1229.85
491.98	1218.48
492.18	1219.93
492.39	1220.08
492.59	1218.93
492.80	1210.98
493.01	1223.11
493.21	1217.52
493.42	1221.31
493.62	1216.35
493.83	1218.89
494.03	1217.93
494.24	1222.47
494.44	1214.08
494.65	1221.08
494.85	1209.51
495.06	1221.12
495.26	1211.68
495.47	1220.92
495.68	1217.54
495.88	1220.98
496.09	1215.55
496.29	1223.52
496.50	1217.56
496.70	1216.64
496.91	1215.08
497.11	1219.87
497.32	1215.12
497.52	1218.46
497.73	1210.45
497.93	1224.19
498.14	1212.93
498.34	1222.00
498.55	1217.58
498.75	1218.75
498.96	1212.89
499.16	1221.55
499.37	1211.64
499.57	1222.49
499.78	1221.47
499.98	1224.54
500.19	1209.76
500.39	1226.00
500.60	1213.50
500.80	1221.24
501.01	1219.30
501.21	1215.69
501.42	1211.87
501.62	1220.79
501.83	1215.67
502.03	1220.55
502.24	1219.32
502.44	1225.30
502.65	1214.77
502.85	1226.18
503.06	1210.94
503.26	1213.07
503.47	1215.41
503.67	1218.54
503.88	1217.87
504.08	1218.66
504.29	1210.88
504.49	1217.93
504.70	1214.55
504.90	1225.36
505.11	1215.29
505.31	1225.57
505.52	1216.45
505.72	1224.54
505.93	1214.02
506.13	1229.40
506.34	1213.48
506.54	1218.93
506.75	1210.27
506.95	1219.16
507.16	1222.02
507.36	1227.41
507.56	1218.01
507.77	1217.52
507.97	1214.20
508.18	1225.67
508.38	1213.77
508.59	1222.08
508.79	1213.22
509.00	1222.56
509.20	1219.20
509.41	1218.81
509.61	1213.34
509.82	1219.63
510.02	1209.94
510.22	1218.56
510.43	1219.28
510.63	1224.01
510.84	1211.09
511.04	1219.73
511.25	1209.82
511.45	1224.64
511.66	1213.59
511.86	1219.38
512.06	1220.04
512.27	1221.14
512.47	1213.61
512.68	1218.40
512.88	1219.71
513.09	1216.96
513.29	1212.62
513.50	1222.29
513.70	1212.79
513.90	1226.28
514.11	1215.82
514.31	1222.15
514.52	1219.36
514.72	1222.53
514.93	1214.98
515.13	1225.61
515.33	1215.53
515.54	1215.69
515.74	1218.48
515.95	1220.79
516.15	1210.41
516.36	1218.05
516.56	1216.96
516.76	1224.97
516.97	1218.99
517.17	1220.73
517.38	1215.55
517.58	1221.02
517.78	1212.11
517.99	1219.16
518.19	1219.01
518.40	1227.02
518.60	1220.71
518.81	1218.05
519.01	1213.22
519.21	1212.99
519.42	1210.86
519.62	1222.78
519.83	1213.56
520.03	1227.51
520.23	1215.12
520.44	1224.48
520.64	1215.94
520.85	1222.53
521.05	1217.93
521.25	1229.21
521.46	1211.82
521.66	1229.44
521.86	1215.55
522.07	1216.82
522.27	1210.55
522.48	1224.95
522.68	1216.66
522.88	1231.98
523.09	1208.44
523.29	1224.01
523.50	1216.39
523.70	1225.18
523.90	1219.36
524.11	1214.40
524.31	1209.65
524.51	1223.23
524.72	1215.04
524.92	1226.04
525.13	1215.35
525.33	1220.73
525.53	1207.15
525.74	1215.84
525.94	1210.47
526.14	1219.61
526.35	1214.71
526.55	1223.23
526.76	1214.51
526.96	1217.95
527.16	1214.40
527.37	1221.55
527.57	1218.85
527.77	1228.84
527.98	1211.35
528.18	1224.54
528.38	1216.15
528.59	1213.18
528.79	1214.04
528.99	1220.94
529.20	1213.22
529.40	1212.99
529.61	1216.41
529.81	1213.63
530.01	1213.44
530.22	1233.16
530.42	1218.71
530.62	1218.15
530.83	1212.09
531.03	1216.51
531.23	1211.60
531.44	1224.19
531.64	1208.44
531.84	1215.86
532.05	1217.56
532.25	1220.63
532.45	1212.38
532.66	1222.60
532.86	1213.46
533.06	1217.58
533.27	1220.73
533.47	1221.37
533.67	1217.56
533.88	1221.88
534.08	1218.28
534.28	1217.64
534.49	1212.66
534.69	1213.28
534.89	1210.41
535.09	1226.04
535.30	1211.68
535.50	1219.52
535.70	1216.68
535.91	1226.65
536.11	1214.30
536.31	1220.04
536.52	1217.01
536.72	1224.83
536.92	1215.61
537.13	1222.80
537.33	1213.34
537.53	1220.94
537.74	1213.18
537.94	1217.37
538.14	1222.39
538.34	1219.85
538.55	1219.97
538.75	1225.50
538.95	1228.68
539.16	1220.65
539.36	1213.30
539.56	1223.72
539.77	1207.18
539.97	1219.91
540.17	1210.14
540.37	1217.33
540.58	1219.22
540.78	1224.32
540.98	1209.08
541.19	1220.24
541.39	1217.52
541.59	1225.71
541.79	1213.97
542.00	1227.39
542.20	1221.65
542.40	1219.79
542.60	1208.79
542.81	1222.37
543.01	1219.63
543.21	1218.05
543.42	1211.66
543.62	1223.01
543.82	1216.82
544.02	1223.91
544.23	1213.01
544.43	1221.27
544.63	1214.04
544.83	1225.44
545.04	1214.14
545.24	1224.07
545.44	1222.49
545.64	1216.94
545.85	1214.77
546.05	1227.51
546.25	1220.49
546.45	1219.71
546.66	1217.56
546.86	1220.53
547.06	1219.40
547.27	1221.16
547.47	1212.27
547.67	1223.66
547.87	1221.08
548.07	1222.90
548.28	1214.49
548.48	1221.47
548.68	1221.55
548.88	1223.31
549.09	1212.23
549.29	1221.53
549.49	1221.24
549.69	1221.63
549.90	1212.68
550.10	1222.21
550.30	1218.73
550.50	1229.17
550.71	1219.05
550.91	1221.98
551.11	1211.13
551.31	1216.55
551.51	1219.05
551.72	1225.36
551.92	1214.08
552.12	1216.08
552.32	1213.67
552.53	1227.08
552.73	1206.09
552.93	1221.63
553.13	1215.69
553.33	1221.84
553.54	1212.73
553.74	1222.74
553.94	1214.22
554.14	1226.18
554.35	1216.90
554.55	1226.77
554.75	1213.26
554.95	1225.12
555.15	1213.77
555.36	1228.29
555.56	1217.85
555.76	1222.58
555.96	1211.19
556.16	1219.09
556.37	1213.48
556.57	1222.21
556.77	1214.67
556.97	1219.26
557.17	1219.46
557.38	1220.28
557.58	1217.05
557.78	1221.94
557.98	1219.32
558.18	1215.69
558.38	1219.09
558.59	1224.38
558.79	1212.07
558.99	1224.50
559.19	1212.89
559.39	1220.22
559.60	1212.34
559.80	1221.12
560.00	1208.96
560.20	1222.37
560.40	1218.97
560.60	1220.08
560.81	1220.24
561.01	1221.88
561.21	1218.83
561.41	1228.17
561.61	1218.05
561.81	1222.88
562.02	1214.06
562.22	1219.87
562.42	1210.29
562.62	1218.79
562.82	1216.27
563.02	1217.54
563.23	1216.72
563.43	1225.34
563.63	1217.99
563.83	1219.44
564.03	1225.16
564.23	1215.04
564.43	1210.90
564.64	1214.18
564.84	1217.52
565.04	1216.08
565.24	1214.20
565.44	1218.64
565.64	1218.30
565.85	1223.29
566.05	1213.09
566.25	1223.27
566.45	1209.55
566.65	1217.15
566.85	1219.03
567.05	1223.31
567.25	1215.57
567.46	1220.22
567.66	1215.67
567.86	1219.85
568.06	1212.81
568.26	1223.03
568.46	1215.72
568.66	1218.66
568.86	1214.73
569.07	1222.27
569.27	1210.41
569.47	1224.89
569.67	1217.17
569.87	1223.60
570.07	1218.56
570.27	1222.53
570.47	1208.83
570.68	1218.89
570.88	1219.67
571.08	1218.42
571.28	1214.36
571.48	1219.48
571.68	1210.94
571.88	1225.26
572.08	1216.35
572.28	1220.26
572.49	1219.85
572.69	1228.33
572.89	1215.67
573.09	1219.73
573.29	1212.85
573.49	1219.50
573.69	1218.97
573.89	1214.08
574.09	1213.01
574.29	1217.19
574.50	1220.88
574.70	1222.88
574.90	1221.06
575.10	1221.12
575.30	1212.97
575.50	1221.55
575.70	1211.13
575.90	1215.53
576.10	1217.56
576.30	1221.84
576.50	1210.23
576.70	1224.60
576.91	1213.87
577.11	1215.53
577.31	1214.32
577.51	1212.56
577.71	1218.05
577.91	1219.07
578.11	1214.02
578.31	1225.16
578.51	1214.73
578.71	1219.75
578.91	1211.25
579.11	1218.52
579.31	1218.54
579.51	1223.52
579.71	1214.65
579.92	1216.41
580.12	1213.75
580.32	1214.38
580.52	1217.39
580.72	1220.63
580.92	1210.92
581.12	1220.16
581.32	1219.97
581.52	1226.16
581.72	1214.14
581.92	1226.14
582.12	1213.63
582.32	1227.68
582.52	1219.52
582.72	1218.91
582.92	1210.86
583.12	1223.80
583.32	1214.18
583.52	1219.01
583.72	1214.59
583.92	1221.53
584.12	1216.25
584.33	1225.93
584.53	1213.87
584.73	1216.94
584.93	1218.30
585.13	1218.95
585.33	1216.06
585.53	1219.67
585.73	1208.51
585.93	1230.62
586.13	1205.27
586.33	1215.00
586.53	1222.64
586.73	1214.47
586.93	1220.26
587.13	1222.53
587.33	1209.02
587.53	1221.88
587.73	1216.15
587.93	1220.02
588.13	1218.54
588.33	1221.55
588.53	1220.86
588.73	1223.56
588.93	1215.92
589.13	1215.80
589.33	1203.20
589.53	1218.19
589.73	1217.72
589.93	1221.29
590.13	1207.03
590.33	1222.82
590.53	1210.37
590.73	1219.89
590.93	1218.44
591.13	1219.42
591.33	1210.17
591.53	1223.33
591.73	1215.22
591.93	1215.84
592.13	1217.44
592.33	1219.03
592.53	1216.31
592.73	1220.49
592.93	1211.89
593.13	1226.14
593.33	1216.25
593.53	1228.60
593.73	1213.77
593.93	1220.26
594.13	1213.16
594.33	1224.75
594.53	1208.08
594.73	1220.28
594.92	1213.81
595.12	1215.18
595.32	1217.50
595.52	1223.80
595.72	1215.41
595.92	1227.43
596.12	1220.69
596.32	1218.48
596.52	1203.18
596.72	1224.17
596.92	1210.90
597.12	1221.96
597.32	1213.05
597.52	1218.56
597.72	1213.09
597.92	1217.56
598.12	1218.48
598.32	1211.84
598.52	1218.03
598.72	1219.20
598.92	1217.89
599.12	1219.24
599.31	1212.95
599.51	1222.82
599.71	1213.56
599.91	1219.65
600.11	1213.34
600.31	1221.59
600.51	1214.55
600.71	1229.76
600.91	1214.81
601.11	1225.24
601.31	1213.13
601.51	1221.76
601.71	1221.29
601.91	1222.51
602.10	1206.46
602.30	1223.83
602.50	1210.19
602.70	1219.79
602.90	1218.09
603.10	1222.66
603.30	1216.84
603.50	1217.09
603.70	1217.99
603.90	1215.69
604.10	1220.45
604.30	1221.35
604.49	1219.71
604.69	1224.15
604.89	1212.89
605.09	1229.44
605.29	1215.00
605.49	1228.41
605.69	1216.51
605.89	1214.22
606.09	1211.54
606.29	1218.46
606.48	1215.65
606.68	1223.07
606.88	1219.91
607.08	1221.86
607.28	1211.91
607.48	1225.16
607.68	1205.99
607.88	1228.31
608.08	1208.04
608.27	1223.68
608.47	1212.73
608.67	1220.57
608.87	1216.96
609.07	1223.11
609.27	1214.81
609.47	1220.51
609.67	1221.84
609.87	1223.89
610.06	1213.18
610.26	1221.29
610.46	1212.91
610.66	1222.35
610.86	1215.84
611.06	1215.37
611.26	1211.72
611.45	1221.55
611.65	1211.70
611.85	1222.84
612.05	1217.85
612.25	1223.74
612.45	1219.54
612.65	1223.91
612.84	1216.88
613.04	1224.79
613.24	1206.93
613.44	1227.82
613.64	1208.98
613.84	1218.46
614.04	1217.17
614.23	1214.77
614.43	1216.94
614.63	1227.04
614.83	1216.84
615.03	1222.29
615.23	1214.18
615.42	1223.27
615.62	1217.68
615.82	1221.70
616.02	1216.27
616.22	1216.08
616.42	1212.25
616.61	1222.74
616.81	1216.82
617.01	1221.31
617.21	1211.54
617.41	1225.42
617.61	1214.40
617.80	1212.34
618.00	1213.77
618.20	1211.50
618.40	1220.20
618.60	1218.50
618.80	1221.14
618.99	1221.47
619.19	1217.93
619.39	1218.97
619.59	1212.25
619.79	1225.98
619.98	1214.22
620.18	1219.34
620.38	1218.21
620.58	1218.23
620.78	1212.89
620.97	1223.29
621.17	1218.97
621.37	1228.74
621.57	1217.44
621.77	1213.95
621.96	1221.22
622.16	1213.65
622.36	1222.99
622.56	1222.56
622.76	1218.30
622.95	1218.36
623.15	1217.11
623.35	1220.43
623.55	1217.48
623.75	1219.54
623.94	1217.82
624.14	1219.38
624.34	1210.45
624.54	1221.53
624.73	1213.07
624.93	1221.57
625.13	1212.46
625.33	1226.02
625.53	1211.19
625.72	1216.76
625.92	1213.93
626.12	1223.21
626.32	1211.76
626.51	1223.35
626.71	1218.07
626.91	1226.30
627.11	1222.23
627.30	1211.50
627.50	1213.22
627.70	1222.60
627.90	1217.62
628.10	1216.10
628.29	1216.00
628.49	1217.39
628.69	1213.52
628.89	1227.41
629.08	1213.50
629.28	1222.02
629.48	1210.94
629.68	1224.26
629.87	1208.90
630.07	1215.61
630.27	1217.97
630.47	1221.29
630.66	1216.88
630.86	1217.09
631.06	1221.24
631.25	1224.54
631.45	1214.51
631.65	1215.04
631.85	1212.32
632.04	1225.24
632.24	1217.09
632.44	1222.19
632.64	1201.11
632.83	1218.01
633.03	1214.63
633.23	1225.83
633.42	1214.24
633.62	1219.87
633.82	1219.46
634.02	1217.44
634.21	1222.80
634.41	1212.66
634.61	1221.61
634.81	1215.43
635.00	1213.18
635.20	1215.72
635.40	1220.75
635.59	1218.64
635.79	1220.12
635.99	1223.29
636.18	1220.92
636.38	1221.61
636.58	1213.56
636.78	1221.84
636.97	1216.43
637.17	1222.94
637.37	1216.10
637.56	1223.23
637.76	1220.36
637.96	1218.28
638.15	1217.93
638.35	1218.79
638.55	1215.55
638.74	1220.51
638.94	1213.99
639.14	1213.50
639.34	1222.51
639.53	1221.90
639.73	1215.06
639.93	1219.18
640.12	1217.25
640.32	1219.03
640.52	1219.85
640.71	1216.70
640.91	1217.56
641.11	1217.46
641.30	1214.30
641.50	1217.56
641.70	1217.31
641.89	1221.94
642.09	1215.41
642.29	1225.42
642.48	1213.91
642.68	1222.41
642.88	1214.32
643.07	1226.47
643.27	1217.95
643.47	1223.37
643.66	1215.06
643.86	1213.79
644.06	1218.05
644.25	1223.27
644.45	1217.09
644.65	1220.04
644.84	1217.44
645.04	1218.40
645.23	1212.17
645.43	1218.66
645.63	1209.35
645.82	1216.51
646.02	1212.36
646.22	1219.97
646.41	1213.61
646.61	1219.26
646.81	1213.87
647.00	1219.18
647.20	1219.11
647.39	1219.81
647.59	1217.76
647.79	1220.00
647.98	1211.99
648.18	1222.92
648.38	1209.16
648.57	1223.13
648.77	1217.13
648.96	1224.95
649.16	1213.61
649.36	1224.75
649.55	1212.89
649.75	1223.13
649.95	1210.64
650.14	1219.85
650.34	1220.59
650.53	1225.20
650.73	1207.52
650.93	1218.23
651.12	1215.20
651.32	1218.01
651.51	1209.57
651.71	1220.30
651.91	1215.98
652.10	1226.26
652.30	1214.55
652.49	1218.42
652.69	1209.88
652.89	1215.63
653.08	1210.47
653.28	1221.90
653.47	1221.02
653.67	1223.54
653.86	1221.04
654.06	1216.60
654.26	1217.37
654.45	1226.24
654.65	1217.09
654.84	1221.61
655.04	1215.88
655.24	1222.31
655.43	1212.13
655.63	1220.18
655.82	1210.96
656.02	1221.51
656.21	1214.53
656.41	1223.52
656.61	1215.43
656.80	1222.86
657.00	1214.61
657.19	1223.62
657.39	1215.69
657.58	1218.99
657.78	1216.94
657.97	1223.21
658.17	1211.13
658.37	1220.67
658.56	1214.36
658.76	1218.07
658.95	1215.53
659.15	1220.65
659.34	1211.56
659.54	1221.67
659.73	1215.37
659.93	1218.87
660.13	1218.15
660.32	1220.88
660.52	1220.84
660.71	1211.35
660.91	1215.96
661.10	1223.42
661.30	1211.91
661.49	1226.06
661.69	1218.40
661.88	1221.92
662.08	1216.45
662.27	1222.13
662.47	1212.44
662.66	1219.91
662.86	1213.61
663.06	1215.76
663.25	1215.92
663.45	1221.49
663.64	1210.94
663.84	1215.59
664.03	1219.07
664.23	1223.52
664.42	1211.97
664.62	1221.78
664.81	1215.45
665.01	1215.65
665.20	1209.57
665.40	1220.49
665.59	1215.59
665.79	1222.39
665.98	1221.24
666.18	1222.49
666.37	1209.84
666.57	1216.84
666.76	1210.35
666.96	1220.84
667.15	1207.22
667.35	1220.26
667.54	1217.52
667.74	1226.63
667.93	1222.49
668.13	1223.70
668.32	1219.44
668.52	1218.21
668.71	1221.67
668.91	1218.13
669.10	1209.92
669.30	1214.69
669.49	1217.01
669.68	1226.10
669.88	1216.45
670.07	1218.73
670.27	1209.49
670.46	1219.16
670.66	1207.73
670.85	1226.53
671.05	1211.19
671.24	1218.34
671.44	1212.15
671.63	1220.71
671.83	1214.63
672.02	1218.71
672.22	1210.45
672.41	1219.81
672.60	1216.41
672.80	1218.75
672.99	1211.00
673.19	1217.46
673.38	1215.39
673.58	1217.54
673.77	1222.49
673.97	1226.61
674.16	1213.75
674.36	1220.96
674.55	1215.96
674.74	1228.49
674.94	1216.62
675.13	1229.68
675.33	1216.72
675.52	1220.81
675.72	1225.14
675.91	1220.16
676.10	1205.70
676.30	1220.02
676.49	1215.53
676.69	1219.03
676.88	1214.57
677.08	1225.14
677.27	1207.26
677.46	1227.78
677.66	1215.49
677.85	1226.34
678.05	1215.12
678.24	1222.56
678.44	1212.97
678.63	1219.57
678.82	1209.43
679.02	1222.08
679.21	1212.64
679.41	1219.83
679.60	1214.49
679.79	1214.90
679.99	1216.29
680.18	1224.71
680.38	1217.03
680.57	1221.00
680.76	1216.19
680.96	1224.42
681.15	1213.91
681.35	1219.65
681.54	1218.97
681.73	1224.73
681.93	1218.60
682.12	1222.29
682.32	1210.10
682.51	1222.51
682.70	1212.83
682.90	1225.36
683.09	1212.46
683.29	1220.61
683.48	1217.70
683.67	1218.87
683.87	1215.06
684.06	1223.01
684.25	1212.52
684.45	1225.87
684.64	1213.89
684.84	1215.84
685.03	1217.44
685.22	1217.13
685.42	1212.87
685.61	1226.65
685.80	1217.42
686.00	1223.25
686.19	1218.50
686.38	1219.38
686.58	1208.28
686.77	1221.41
686.96	1211.48
687.16	1215.35
687.35	1218.36
687.55	1225.07
687.74	1216.78
687.93	1223.40
688.13	1206.07
688.32	1222.29
688.51	1215.33
688.71	1224.60
688.90	1217.78
689.09	1220.63
689.29	1213.75
689.48	1216.49
689.67	1212.83
689.87	1223.93
690.06	1218.30
690.25	1219.22
690.45	1215.29
690.64	1223.74
690.83	1207.32
691.03	1221.18
691.22	1212.81
691.41	1216.49
691.61	1215.43
691.80	1221.86
691.99	1219.38
692.19	1220.12
692.38	1206.99
692.57	1221.67
692.76	1213.38
692.96	1214.75
693.15	1206.75
693.34	1223.03
693.54	1223.89
693.73	1229.72
693.92	1216.17
694.12	1225.42
694.31	1211.70
694.50	1216.04
694.70	1216.02
694.89	1217.78
695.08	1212.32
695.27	1224.21
695.47	1217.42
695.66	1217.97
695.85	1218.73
696.05	1223.62
696.24	1208.75
696.43	1219.79
696.62	1217.46
696.82	1218.32
697.01	1215.39
697.20	1218.42
697.40	1215.49
697.59	1225.30
697.78	1215.35
697.97	1222.37
698.17	1217.37
698.36	1226.47
698.55	1219.48
698.74	1211.41
698.94	1212.48
699.13	1228.33
699.32	1216.64
699.52	1213.69
699.71	1209.88
699.90	1217.72
700.09	1211.05
700.29	1224.93
700.48	1210.43
700.67	1220.98
700.86	1222.84
701.06	1213.36
701.25	1219.73
701.44	1228.68
701.63	1217.11
701.83	1221.76
702.02	1211.91
702.21	1221.76
702.40	1209.51
702.60	1221.57
702.79	1220.14
702.98	1225.46
703.17	1216.08
703.37	1223.07
703.56	1215.78
703.75	1217.37
703.94	1217.27
704.13	1216.29
704.33	1220.20
704.52	1224.01
704.71	1211.46
704.90	1219.69
705.10	1218.13
705.29	1222.88
705.48	1219.50
705.67	1219.24
705.86	1216.58
706.06	1219.52
706.25	1208.92
706.44	1224.30
706.63	1210.25
706.83	1223.68
707.02	1216.82
707.21	1218.38
707.40	1217.46
707.59	1224.71
707.79	1215.96
707.98	1222.27
708.17	1216.45
708.36	1221.06
708.55	1214.10
708.75	1220.75
708.94	1210.62
709.13	1219.73
709.32	1209.63
709.51	1224.66
709.71	1216.94
709.90	1219.03
710.09	1210.86
710.28	1223.62
710.47	1213.54
710.66	1218.50
710.86	1215.59
711.05	1224.26
711.24	1205.76
711.43	1221.53
711.62	1212.36
711.82	1221.43
712.01	1216.60
712.20	1223.31
712.39	1213.24
712.58	1220.69
712.77	1214.88
712.97	1220.34
713.16	1214.12
713.35	1218.34
713.54	1216.19
713.73	1222.13
713.92	1217.68
714.11	1220.88
714.31	1217.52
714.50	1217.82
714.69	1214.18
714.88	1225.05
715.07	1220.69
715.26	1225.59
715.46	1213.71
715.65	1223.52
715.84	1217.60
716.03	1224.28
716.22	1224.46
716.41	1225.48
716.60	1219.18
716.80	1219.48
716.99	1220.36
717.18	1215.53
717.37	1213.09
717.56	1222.43
717.75	1216.19
717.94	1223.17
718.13	1214.65
718.33	1220.06
718.52	1215.39
718.71	1215.14
718.90	1221.27
719.09	1220.98
719.28	1215.94
719.47	1222.04
719.66	1219.42
719.85	1223.76
720.05	1218.62
720.24	1220.77
720.43	1218.11
720.62	1219.73
720.81	1210.12
721.00	1223.19
721.19	1219.11
721.38	1218.38
721.57	1212.66
721.77	1217.91
721.96	1211.25
722.15	1217.99
722.34	1222.92
722.53	1220.49
722.72	1209.22
722.91	1223.76
723.10	1212.07
723.29	1230.03
723.48	1212.64
723.67	1224.15
723.87	1223.64
724.06	1224.95
724.25	1206.52
724.44	1213.48
724.63	1209.90
724.82	1216.51
725.01	1211.70
725.20	1218.48
725.39	1222.37
725.58	1212.93
725.77	1218.71
725.96	1227.57
726.15	1219.18
726.34	1224.91
726.54	1215.92
726.73	1225.75
726.92	1217.91
727.11	1218.89
727.30	1219.71
727.49	1217.85
727.68	1218.73
727.87	1217.64
728.06	1215.16
728.25	1225.93
728.44	1222.15
728.63	1220.49
728.82	1216.35
729.01	1214.59
729.20	1218.89
729.39	1221.94
729.58	1214.63
729.77	1221.70
729.96	1215.82
730.15	1218.66
730.34	1216.80
730.53	1221.37
730.73	1217.74
730.92	1216.80
731.11	1217.37
731.30	1222.02
731.49	1212.60
731.68	1223.15
731.87	1222.90
732.06	1221.12
732.25	1215.72
732.44	1225.81
732.63	1218.71
732.82	1229.60
733.01	1215.92
733.20	1219.83
733.39	1218.93
733.58	1220.12
733.77	1219.87
733.96	1222.99
734.15	1206.58
734.34	1225.69
734.53	1216.70
734.72	1217.13
734.91	1213.20
735.10	1223.29
735.29	1215.63
735.48	1234.37
735.67	1212.60
735.86	1228.33
736.05	1215.80
736.24	1226.22
736.43	1216.86
736.62	1222.39
736.81	1216.51
737.00	1230.83
737.19	1208.55
737.38	1221.80
737.57	1209.67
737.76	1219.01
737.95	1210.45
738.14	1225.79
738.33	1208.69
738.51	1218.56
738.70	1220.61
738.89	1220.81
739.08	1215.92
739.27	1219.63
739.46	1212.42
739.65	1211.33
739.84	1213.56
740.03	1212.19
740.22	1220.36
740.41	1225.67
740.60	1210.62
740.79	1219.16
740.98	1221.90
741.17	1225.07
741.36	1218.79
741.55	1222.78
741.74	1210.62
741.93	1226.45
742.12	1212.50
742.31	1225.61
742.50	1216.25
742.68	1220.20
742.87	1219.18
743.06	1222.78
743.25	1219.77
743.44	1212.70
743.63	1216.70
743.82	1215.45
744.01	1216.43
744.20	1215.04
744.39	1216.19
744.58	1227.22
744.77	1221.78
744.96	1219.93
745.14	1219.01
745.33	1214.67
745.52	1218.52
745.71	1222.06
745.90	1216.86
746.09	1215.94
746.28	1215.47
746.47	1223.62
746.66	1214.12
746.85	1222.68
747.04	1221.67
747.22	1220.06
747.41	1216.47
747.60	1221.80
747.79	1222.78
747.98	1227.06
748.17	1216.58
748.36	1223.72
748.55	1220.71
748.74	1225.96
748.93	1217.44
749.11	1227.70
749.30	1216.86
749.49	1217.05
749.68	1210.00
749.87	1216.37
750.06	1211.62
750.25	1220.81
750.44	1215.82
750.62	1221.51
750.81	1217.44
751.00	1217.21
751.19	1214.14
751.38	1228.60
751.57	1220.77
751.76	1220.61
751.95	1209.45
752.13	1231.79
752.32	1223.11
752.51	1219.81
752.70	1212.48
752.89	1223.66
753.08	1220.04
753.27	1223.21
753.45	1215.02
753.64	1221.59
753.83	1216.41
754.02	1228.19
754.21	1216.72
754.40	1220.02
754.58	1218.54
754.77	1216.51
754.96	1219.57
755.15	1227.00
755.34	1219.57
755.53	1227.49
755.71	1214.30
755.90	1224.69
756.09	1215.78
756.28	1217.39
756.47	1217.21
756.66	1226.36
756.84	1216.51
757.03	1225.61
757.22	1215.33
757.41	1228.02
757.60	1217.58
757.79	1228.35
757.97	1216.72
758.16	1221.45
758.35	1216.68
758.54	1227.76
758.73	1219.18
758.91	1221.59
759.10	1221.65
759.29	1220.16
759.48	1221.39
759.67	1220.20
759.85	1213.11
760.04	1223.72
760.23	1217.87
760.42	1219.52
760.61	1215.37
760.79	1227.84
760.98	1220.28
761.17	1227.96
761.36	1214.59
761.55	1219.48
761.73	1214.83
761.92	1225.67
762.11	1214.32
762.30	1219.89
762.49	1226.75
762.67	1222.62
762.86	1218.75
763.05	1234.66
763.24	1218.19
763.42	1219.59
763.61	1220.65
763.80	1220.06
763.99	1208.55
764.17	1220.08
764.36	1222.74
764.55	1227.27
764.74	1214.20
764.92	1223.07
765.11	1222.58
765.30	1224.05
765.49	1211.19
765.68	1216.33
765.86	1216.49
766.05	1224.91
766.24	1215.47
766.43	1230.75
766.61	1215.12
766.80	1229.56
766.99	1213.54
767.17	1223.46
767.36	1217.74
767.55	1223.80
767.74	1217.72
767.92	1227.78
768.11	1220.57
768.30	1227.18
768.49	1219.44
768.67	1228.13
768.86	1223.85
769.05	1230.46
769.24	1222.29
769.42	1225.67
769.61	1225.48
769.80	1233.68
769.98	1218.87
770.17	1223.74
770.36	1216.62
770.55	1224.40
770.73	1215.63
770.92	1223.87
771.11	1222.56
771.29	1220.18
771.48	1222.17
771.67	1227.33
771.86	1210.21
772.04	1229.09
772.23	1222.13
772.42	1224.42
772.60	1219.54
772.79	1227.59
772.98	1225.07
773.16	1226.51
773.35	1220.32
773.54	1234.09
773.72	1228.58
773.91	1223.29
774.10	1219.42
774.29	1234.37
774.47	1222.53
774.66	1230.19
774.85	1224.09
775.03	1231.03
775.22	1231.01
775.41	1233.14
775.59	1230.15
775.78	1227.31
775.97	1230.87
776.15	1230.64
776.34	1223.01
776.53	1231.05
776.71	1229.68
776.90	1225.42
777.09	1232.39
777.27	1236.07
777.46	1236.83
777.65	1236.32
777.83	1229.70
778.02	1232.92
778.21	1223.91
778.39	1230.87
778.58	1229.25
778.76	1238.14
778.95	1236.60
779.14	1236.07
779.32	1234.86
779.51	1238.26
779.70	1230.87
779.88	1240.54
780.07	1235.33
780.26	1241.44
780.44	1238.10
780.63	1245.37
780.81	1227.94
781.00	1242.32
781.19	1237.75
781.37	1240.25
781.56	1235.44
781.75	1244.76
781.93	1243.90
782.12	1246.95
782.30	1236.67
782.49	1254.34
782.68	1255.63
782.86	1260.91
783.05	1236.67
783.23	1245.29
783.42	1244.37
783.61	1249.45
783.79	1245.19
783.98	1253.05
784.16	1246.41
784.35	1254.57
784.54	1255.24
784.72	1256.53
784.91	1250.39
785.09	1253.50
785.28	1254.09
785.47	1263.88
785.65	1250.49
785.84	1261.41
786.02	1262.00
786.21	1256.35
786.40	1255.40
786.58	1256.98
786.77	1256.84
786.95	1260.91
787.14	1263.74
787.32	1260.83
787.51	1266.20
787.70	1260.57
787.88	1259.48
788.07	1261.65
788.25	1257.78
788.44	1257.17
788.62	1249.24
788.81	1254.07
789.00	1248.89
789.18	1250.96
789.37	1246.93
789.55	1250.63
789.74	1248.83
789.92	1251.19
790.11	1247.81
790.29	1251.66
790.48	1250.37
790.67	1257.39
790.85	1254.44
791.04	1261.00
791.22	1246.37
791.41	1253.23
791.59	1253.66
791.78	1262.72
791.96	1261.43
792.15	1264.44
792.33	1262.08
792.52	1268.51
792.70	1272.94
792.89	1289.03
793.07	1287.97
793.26	1294.79
793.45	1299.76
793.63	1317.75
793.82	1325.75
794.00	1331.32
794.19	1350.25
794.37	1370.01
794.56	1380.56
794.74	1432.76
794.93	1492.72
795.11	1597.72
795.30	1728.57
795.48	1905.78
795.67	2130.73
795.85	2410.19
796.04	2736.00
796.22	3086.74
796.41	3449.13
796.59	3796.52
796.78	4129.40
796.96	4484.03
797.15	4824.54
797.33	5091.99
797.52	5411.37
797.70	5640.25
797.89	5870.36
798.07	6079.91
798.26	6340.59
798.44	6494.66
798.63	6706.59
798.81	6786.17
798.99	6971.20
799.18	7077.27
799.36	7177.64
799.55	7360.58
799.73	7436.11
799.92	7585.33
800.10	7655.00
800.29	7668.23
800.47	7773.78
800.66	7775.48
800.84	7778.16
801.03	7753.83
801.21	7676.50
801.39	7573.45
801.58	7371.46
801.76	7132.38
801.95	6784.31
802.13	6431.50
802.32	6051.83
802.50	5653.27
802.69	5244.70
802.87	4843.73
803.06	4477.37
803.24	4119.26
803.42	3795.05
803.61	3513.13
803.79	3268.66
803.98	3041.62
804.16	2855.83
804.35	2731.64
804.53	2598.59
804.71	2518.84
804.90	2427.50
805.08	2384.33
805.27	2308.31
805.45	2267.65
805.63	2204.27
805.82	2179.00
806.00	2124.30
806.19	2087.80
806.37	2058.07
806.56	2034.00
806.74	1990.22
806.92	1971.97
807.11	1934.57
807.29	1915.90
807.48	1880.67
807.66	1864.68
807.84	1828.77
808.03	1808.85
808.21	1778.37
808.40	1762.50
808.58	1734.04
808.76	1715.93
808.95	1688.65
809.13	1680.54
809.32	1655.50
809.50	1649.52
809.68	1621.95
809.87	1611.85
810.05	1590.25
810.23	1580.29
810.42	1566.98
810.60	1554.00
810.79	1534.11
810.97	1536.32
811.15	1514.76
811.34	1509.78
811.52	1511.73
811.70	1515.80
811.89	1517.42
812.07	1539.40
812.25	1536.14
812.44	1566.00
812.62	1573.88
812.81	1617.98
812.99	1633.17
813.17	1668.15
813.36	1678.95
813.54	1704.59
813.72	1713.64
813.91	1725.17
814.09	1723.61
814.27	1721.26
814.46	1713.08
814.64	1712.45
814.82	1692.91
815.01	1688.04
815.19	1656.81
815.37	1650.72
815.56	1629.49
815.74	1609.76
815.92	1584.57
816.11	1566.06
816.29	1529.03
816.47	1521.03
816.66	1492.44
816.84	1492.52
817.02	1460.20
817.21	1451.81
817.39	1430.40
817.57	1422.36
817.76	1405.17
817.94	1396.65
818.12	1374.70
818.30	1370.93
818.49	1356.02
818.67	1348.30
818.85	1343.00
819.04	1333.15
819.22	1322.43
819.40	1319.40
819.59	1314.78
819.77	1319.28
819.95	1303.61
820.13	1318.63
820.32	1292.86
820.50	1290.77
820.68	1276.21
820.87	1281.43
821.05	1259.42
821.23	1259.95
821.41	1248.28
821.60	1249.26
821.78	1248.28
821.96	1239.64
822.14	1236.32
822.33	1239.47
822.51	1234.04
822.69	1238.24
822.88	1232.51
823.06	1238.20
823.24	1228.70
823.42	1227.25
823.61	1231.44
823.79	1233.70
823.97	1228.00
824.15	1233.10
824.34	1230.07
824.52	1235.66
824.70	1230.07
824.88	1227.27
825.07	1229.21
825.25	1237.40
825.43	1233.12
825.61	1237.61
825.80	1228.21
825.98	1237.16
826.16	1227.98
826.34	1238.02
826.53	1232.20
826.71	1233.78
826.89	1229.35
827.07	1235.31
827.25	1226.30
827.44	1239.53
827.62	1229.44
827.80	1237.53
827.98	1230.97
828.17	1233.06
828.35	1230.89
828.53	1237.28
828.71	1228.11
828.89	1226.32
829.08	1228.90
829.26	1229.13
829.44	1229.33
829.62	1233.88
829.80	1218.19
829.99	1231.51
830.17	1224.30
830.35	1236.93
830.53	1221.10
830.71	1230.05
830.90	1220.51
831.08	1231.03
831.26	1216.53
831.44	1236.11
831.62	1225.44
831.81	1228.45
831.99	1225.22
832.17	1226.75
832.35	1224.28
832.53	1232.20
832.71	1224.05
832.90	1225.69
833.08	1215.98
833.26	1225.09
833.44	1226.02
833.62	1227.14
833.81	1216.47
833.99	1226.16
834.17	1220.14
834.35	1226.63
834.53	1219.73
834.71	1226.49
834.89	1218.40
835.08	1229.31
835.26	1222.88
835.44	1230.87
835.62	1221.55
835.80	1223.46
835.98	1214.59
836.17	1230.01
836.35	1222.08
836.53	1228.92
836.71	1223.83
836.89	1226.59
837.07	1228.72
837.25	1227.86
837.44	1216.86
837.62	1222.08
837.80	1222.00
837.98	1233.86
838.16	1225.40
838.34	1229.05
838.52	1217.19
838.70	1225.01
838.89	1222.53
839.07	1229.60
839.25	1227.41
839.43	1225.96
839.61	1219.89
839.79	1230.62
839.97	1234.19
840.15	1228.15
840.33	1221.67
840.52	1240.02
840.70	1224.46
840.88	1230.36
841.06	1218.93
841.24	1228.17
841.42	1231.24
841.60	1235.91
841.78	1224.97
841.96	1233.72
842.14	1234.19
842.33	1231.75
842.51	1222.84
842.69	1231.01
842.87	1221.59
843.05	1234.80
843.23	1222.29
843.41	1239.18
843.59	1227.90
843.77	1234.45
843.95	1220.75
844.13	1224.89
844.31	1221.06
844.49	1228.74
844.68	1229.50
844.86	1227.39
845.04	1226.16
845.22	1225.48
845.40	1222.31
845.58	1232.63
845.76	1225.05
845.94	1227.94
846.12	1216.02
846.30	1228.08
846.48	1216.31
846.66	1228.64
846.84	1212.73
847.02	1222.74
847.20	1216.58
847.38	1222.19
847.56	1218.56
847.74	1222.33
847.92	1219.48
848.11	1220.86
848.29	1232.22
848.47	1225.69
848.65	1221.72
848.83	1227.33
849.01	1214.69
849.19	1228.99
849.37	1215.26
849.55	1219.14
849.73	1212.48
849.91	1223.15
850.09	1215.26
850.27	1225.61
850.45	1218.97
850.63	1220.51
850.81	1215.16
850.99	1217.62
851.17	1222.17
851.35	1216.53
851.53	1222.15
851.71	1223.42
851.89	1215.00
852.07	1217.66
852.25	1220.59
852.43	1218.66
852.61	1214.77
852.79	1224.87
852.97	1215.33
853.15	1222.13
853.33	1216.12
853.51	1221.53
853.69	1217.62
853.87	1223.58
854.05	1210.60
854.23	1221.06
854.41	1222.92
854.59	1223.46
854.77	1222.51
854.95	1221.04
855.13	1210.74
855.31	1221.35
855.49	1216.35
855.67	1226.92
855.84	1216.66
856.02	1218.91
856.20	1206.42
856.38	1219.93
856.56	1210.60
856.74	1223.80
856.92	1218.62
857.10	1220.38
857.28	1212.34
857.46	1221.02
857.64	1216.86
857.82	1220.63
858.00	1221.57
858.18	1220.71
858.36	1212.27
858.54	1218.83
858.72	1219.52
858.90	1226.16
859.08	1215.47
859.25	1222.02
859.43	1206.13
859.61	1229.40
859.79	1213.03
859.97	1224.60
860.15	1217.70
860.33	1226.32
860.51	1215.49
860.69	1225.40
860.87	1216.29
861.05	1218.52
861.23	1214.88
861.41	1228.88
861.58	1210.45
861.76	1222.15
861.94	1218.15
862.12	1217.95
862.30	1216.96
862.48	1227.27
862.66	1222.21
862.84	1219.22
863.02	1218.01
863.20	1223.58
863.37	1213.83
863.55	1220.45
863.73	1218.40
863.91	1220.86
864.09	1217.19
864.27	1220.63
864.45	1219.30
864.63	1217.01
864.80	1216.53
864.98	1219.65
865.16	1223.46
865.34	1215.20
865.52	1221.74
865.70	1226.98
865.88	1215.80
866.06	1223.40
866.23	1216.02
866.41	1223.42
866.59	1219.87
866.77	1218.34
866.95	1217.54
867.13	1219.09
867.31	1214.61
867.48	1222.64
867.66	1209.43
867.84	1222.25
868.02	1216.29
868.20	1220.86
868.38	1214.28
868.56	1229.29
868.73	1213.87
868.91	1218.28
869.09	1214.49
869.27	1225.67
869.45	1217.70
869.63	1221.63
869.80	1220.57
869.98	1218.40
870.16	1216.58
870.34	1216.12
870.52	1214.75
870.70	1212.21
870.87	1209.43
871.05	1216.72
871.23	1210.35
871.41	1221.33
871.59	1211.74
871.76	1221.76
871.94	1216.49
872.12	1218.91
872.30	1213.61
872.48	1221.96
872.65	1219.97
872.83	1226.51
873.01	1216.51
873.19	1220.28
873.37	1215.00
873.54	1222.47
873.72	1213.52
873.90	1216.66
874.08	1218.71
874.26	1220.65
874.43	1218.30
874.61	1225.50
874.79	1213.63
874.97	1222.45
875.15	1220.34
875.32	1218.81
875.50	1213.81
875.68	1223.23
875.86	1218.23
876.03	1217.60
876.21	1212.19
876.39	1223.27
876.57	1215.14
876.74	1224.93
876.92	1216.78
877.10	1213.73
877.28	1221.14
877.45	1219.65
877.63	1217.56
877.81	1214.90
877.99	1221.70
878.17	1218.60
878.34	1218.52
878.52	1222.92
878.70	1211.05
878.87	1216.92
879.05	1212.17
879.23	1221.22
879.41	1221.12
879.58	1221.72
879.76	1221.47
879.94	1224.69
880.12	1215.76
880.29	1212.36
880.47	1209.08
880.65	1220.65
880.83	1214.49
881.00	1215.92
881.18	1213.75
881.36	1223.87
881.53	1214.53
881.71	1220.90
881.89	1210.41
882.07	1224.09
882.24	1217.80
882.42	1216.04
882.60	1214.47
882.77	1220.45
882.95	1212.93
883.13	1215.29
883.30	1218.64
883.48	1216.15
883.66	1212.32
883.84	1215.49
884.01	1217.05
884.19	1224.56
884.37	1212.01
884.54	1224.64
884.72	1214.51
884.90	1216.27
885.07	1214.90
885.25	1225.14
885.43	1215.65
885.60	1222.68
885.78	1221.04
885.96	1220.04
886.13	1208.83
886.31	1215.57
886.49	1217.05
886.66	1225.81
886.84	1215.86
887.02	1224.21
887.19	1211.66
887.37	1222.99
887.55	1214.75
887.72	1221.45
887.90	1209.94
888.08	1222.27
888.25	1212.70
888.43	1219.11
888.61	1208.36
888.78	1219.50
888.96	1212.13
889.14	1216.41
889.31	1217.70
889.49	1222.90
889.67	1216.27
889.84	1220.90
890.02	1208.44
890.19	1218.15
890.37	1218.50
890.55	1224.56
890.72	1221.57
890.90	1218.50
891.08	1209.51
891.25	1223.91
891.43	1215.10
891.60	1214.12
891.78	1214.86
891.96	1221.08
892.13	1215.74
892.31	1224.48
892.48	1215.74
892.66	1221.65
892.84	1213.40
893.01	1224.56
893.19	1218.89
893.36	1228.78
893.54	1220.02
893.72	1218.13
893.89	1217.03
894.07	1216.27
894.24	1215.57
894.42	1237.32
894.60	1207.63
894.77	1216.94
894.95	1216.78
895.12	1215.26
895.30	1214.51
895.48	1218.05
895.65	1212.21
895.83	1221.82
896.00	1211.33
896.18	1206.62
896.35	1214.26
896.53	1220.16
896.71	1215.29
896.88	1220.63
897.06	1214.83
897.23	1219.81
897.41	1214.38
897.58	1228.17
897.76	1214.59
897.93	1222.99
898.11	1216.68
898.29	1215.76
898.46	1210.37
898.64	1218.38
898.81	1214.55
898.99	1215.98
899.16	1215.14
899.34	1216.74
899.51	1220.43
899.69	1225.36
899.86	1210.90
900.04	1217.37
900.21	1218.68
900.39	1222.00
900.57	1218.01
900.74	1210.08
900.92	1216.66
901.09	1217.05
901.27	1207.36
901.44	1218.13
901.62	1217.76
901.79	1227.08
901.97	1209.22
902.14	1225.46
902.32	1213.81
902.49	1216.27
902.67	1210.57
902.84	1216.92
903.02	1215.22
903.19	1216.35
903.37	1217.80
903.54	1215.06
903.72	1217.64
903.89	1223.68
904.07	1213.44
904.24	1225.32
904.42	1212.81
904.59	1221.57
904.77	1216.35
904.94	1221.76
905.12	1216.84
905.29	1217.91
905.47	1211.05
905.64	1220.49
905.82	1211.19
905.99	1221.31
906.16	1212.77
906.34	1222.31
906.51	1215.92
906.69	1216.35
906.86	1209.80
907.04	1221.04
907.21	1213.03
907.39	1228.15
907.56	1218.03
907.74	1230.48
907.91	1225.20
908.09	1219.16
908.26	1218.66
908.43	1221.98
908.61	1213.42
908.78	1221.70
908.96	1222.97
909.13	1217.54
909.31	1212.81
909.48	1220.18
909.65	1216.43
909.83	1223.09
910.00	1207.77
910.18	1215.96
910.35	1211.62
910.53	1224.38
910.70	1218.75
910.87	1220.00
911.05	1212.60
911.22	1220.16
911.40	1216.21
911.57	1218.28
911.75	1214.16
911.92	1226.67
912.09	1220.79
912.27	1218.66
912.44	1214.49
912.62	1213.28
912.79	1212.42
912.96	1221.86
913.14	1209.65
913.31	1215.96
913.49	1213.11
913.66	1218.99
913.83	1217.66
914.01	1218.05
914.18	1208.49
914.36	1217.42
914.53	1210.68
914.70	1222.82
914.88	1217.64
915.05	1220.43
915.22	1213.95
915.40	1220.32
915.57	1214.14
915.75	1213.13
915.92	1208.24
916.09	1226.77
916.27	1224.07
916.44	1223.33
916.61	1209.74
916.79	1222.29
916.96	1210.14
917.13	1219.85
917.31	1215.22
917.48	1226.90
917.66	1218.07
917.83	1222.33
918.00	1212.30
918.18	1224.15
918.35	1215.49
918.52	1218.54
918.70	1218.03
918.87	1220.77
919.04	1214.26
919.22	1217.80
919.39	1211.05
919.56	1220.38
919.74	1210.49
919.91	1226.24
920.08	1213.89
920.26	1217.07
920.43	1217.62
920.60	1216.66
920.78	1219.48
920.95	1219.67
921.12	1216.15
921.29	1221.29
921.47	1217.58
921.64	1219.85
921.81	1211.70
921.99	1224.09
922.16	1218.50
922.33	1216.62
922.51	1216.15
922.68	1224.32
922.85	1210.84
923.03	1226.69
923.20	1211.62
923.37	1221.31
923.54	1216.82
923.72	1221.63
923.89	1212.83
924.06	1220.38
924.24	1212.27
924.41	1220.73
924.58	1214.83
924.75	1222.37
924.93	1209.51
925.10	1230.13
925.27	1213.97
925.44	1222.45
925.62	1219.16
925.79	1217.17
925.96	1218.30
926.14	1211.05
926.31	1218.75
926.48	1222.43
926.65	1215.53
926.83	1219.73
927.00	1214.65
927.17	1222.78
927.34	1211.84
927.52	1219.28
927.69	1210.19
927.86	1225.77
928.03	1215.86
928.21	1219.71
928.38	1211.29
928.55	1223.72
928.72	1217.07
928.89	1215.14
929.07	1211.70
929.24	1215.94
929.41	1217.50
929.58	1222.90
929.76	1218.64
929.93	1220.96
930.10	1213.26
930.27	1228.74
930.44	1214.20
930.62	1217.35
930.79	1211.23
930.96	1219.79
931.13	1212.05
931.31	1226.51
931.48	1214.28
931.65	1216.78
931.82	1215.31
931.99	1221.31
932.17	1218.71
932.34	1219.67
932.51	1216.17
932.68	1223.66
932.85	1216.37
933.03	1222.37
933.20	1203.92
933.37	1218.38
933.54	1208.18
933.71	1224.42
933.88	1214.30
934.06	1225.67
934.23	1209.31
934.40	1214.94
934.57	1216.84
934.74	1225.36
934.91	1209.71
935.09	1222.10
935.26	1217.70
935.43	1223.42
935.60	1216.82
935.77	1222.10
935.94	1215.57
936.12	1215.90
936.29	1213.16
936.46	1213.34
936.63	1218.95
936.80	1220.30
936.97	1215.98
937.14	1222.86
937.32	1219.07
937.49	1226.30
937.66	1217.46
937.83	1215.74
938.00	1215.00
938.17	1216.64
938.34	1201.97
938.52	1226.30
938.69	1209.76
938.86	1224.52
939.03	1215.31
939.20	1218.03
939.37	1212.89
939.54	1222.72
939.71	1211.48
939.89	1220.75
940.06	1216.08
940.23	1216.68
940.40	1212.54
940.57	1216.62
940.74	1217.89
940.91	1221.53
941.08	1212.48
941.25	1213.83
941.43	1218.23
941.60	1214.26
941.77	1212.58
941.94	1226.75
942.11	1211.74
942.28	1222.00
942.45	1216.68
942.62	1217.93
942.79	1215.31
942.96	1221.84
943.13	1223.21
943.30	1224.26
943.48	1211.64
943.65	1219.09
943.82	1218.05
943.99	1217.68
944.16	1217.74
944.33	1218.30
944.50	1214.34
944.67	1215.10
944.84	1209.86
945.01	1217.82
945.18	1216.82
945.35	1215.51
945.52	1218.30
945.69	1218.73
945.86	1212.03
946.03	1223.89
946.21	1214.26
946.38	1213.89
946.55	1211.37
946.72	1220.49
946.89	1211.74
947.06	1220.14
947.23	1214.42
947.40	1216.98
947.57	1212.25
947.74	1221.53
947.91	1216.12
948.08	1216.15
948.25	1209.31
948.42	1221.18
948.59	1208.63
948.76	1216.15
948.93	1215.24
949.10	1224.15
949.27	1219.03
949.44	1215.92
949.61	1212.44
949.78	1221.59
949.95	1218.83
950.12	1220.86
950.29	1219.30
950.46	1220.96
950.63	1213.59
950.80	1225.91
950.97	1214.36
951.14	1222.74
951.31	1209.92
951.48	1216.04
951.65	1222.15
951.82	1219.77
951.99	1211.80
952.16	1217.11
952.33	1211.80
952.50	1226.20
952.67	1216.84
952.84	1221.90
953.01	1209.51
953.18	1214.79
953.35	1222.35
953.52	1220.84
953.69	1214.30
953.86	1214.96
954.03	1215.04
954.20	1221.12
954.37	1216.84
954.54	1222.02
954.70	1213.13
954.87	1216.21
955.04	1214.28
955.21	1215.49
955.38	1213.11
955.55	1221.55
955.72	1217.13
955.89	1217.48
956.06	1212.13
956.23	1214.65
956.40	1212.17
956.57	1216.72
956.74	1219.73
956.91	1220.75
957.08	1216.84
957.25	1218.34
957.41	1212.15
957.58	1215.74
957.75	1210.02
957.92	1226.77
958.09	1209.71
958.26	1217.66
958.43	1217.66
958.60	1216.92
958.77	1210.57
958.94	1218.73
959.11	1212.15
959.27	1225.26
959.44	1216.02
959.61	1219.93
959.78	1210.08
959.95	1219.03
960.12	1211.58
960.29	1228.68
960.46	1215.51
960.63	1227.68
960.80	1209.41
960.96	1221.98
961.13	1216.62
961.30	1220.41
961.47	1213.69
961.64	1219.54
961.81	1212.60
961.98	1222.68
962.15	1210.74
962.31	1222.68
962.48	1213.24
962.65	1224.89
962.82	1218.40
962.99	1216.33
963.16	1209.47
963.33	1222.58
963.49	1215.35
963.66	1218.07
963.83	1220.20
964.00	1220.08
964.17	1219.97
964.34	1218.30
964.51	1213.32
964.67	1219.83
964.84	1213.32
965.01	1236.03
965.18	1215.67
965.35	1224.21
965.52	1211.07
965.68	1222.15
965.85	1216.55
966.02	1218.30
966.19	1221.02
966.36	1219.01
966.52	1213.36
966.69	1223.37
966.86	1209.20
967.03	1223.11
967.20	1214.71
967.37	1227.49
967.53	1220.94
967.70	1220.45
967.87	1216.10
968.04	1220.18
968.21	1213.50
968.37	1221.18
968.54	1213.73
968.71	1225.07
968.88	1213.95
969.05	1223.03
969.21	1215.14
969.38	1223.44
969.55	1212.95
969.72	1226.39
969.89	1216.15
970.05	1215.94
970.22	1213.83
970.39	1218.28
970.56	1212.83
970.72	1218.79
970.89	1215.12
971.06	1221.74
971.23	1206.87
971.39	1219.52
971.56	1216.84
971.73	1217.87
971.90	1216.27
972.07	1219.52
972.23	1216.96
972.40	1222.39
972.57	1212.54
972.74	1220.98
972.90	1218.97
973.07	1216.96
973.24	1209.41
973.40	1224.87
973.57	1211.97
973.74	1223.58
973.91	1216.62
974.07	1225.44
974.24	1214.57
974.41	1218.03
974.58	1220.77
974.74	1214.38
974.91	1217.21
975.08	1220.55
975.25	1211.62
975.41	1218.64
975.58	1213.24
975.75	1215.74
975.91	1211.43
976.08	1222.62
976.25	1213.85
976.42	1220.47
976.58	1216.68
976.75	1220.59
976.92	1218.64
977.08	1223.68
977.25	1219.75
977.42	1219.26
977.58	1218.36
977.75	1214.10
977.92	1214.36
978.08	1221.06
978.25	1212.11
978.42	1220.51
978.59	1216.41
978.75	1223.50
978.92	1221.08
979.09	1221.24
979.25	1212.03
979.42	1223.21
979.59	1216.70
979.75	1216.21
979.92	1221.35
980.09	1216.55
980.25	1216.78
980.42	1217.35
980.59	1212.70
980.75	1214.53
980.92	1217.64
981.09	1224.58
981.25	1214.18
981.42	1217.31
981.59	1217.17
981.75	1223.21
981.92	1205.66
982.08	1215.78
982.25	1214.32
982.42	1218.71
982.58	1211.29
982.75	1216.82
982.92	1210.62
983.08	1222.60
983.25	1218.25
983.42	1221.39
983.58	1216.02
983.75	1222.10
983.91	1219.73
984.08	1221.49
984.25	1215.18
984.41	1220.32
984.58	1214.02
984.74	1217.03
984.91	1206.60
985.08	1220.12
985.24	1216.43
985.41	1224.77
985.57	1213.71
985.74	1209.02
985.91	1220.65
986.07	1221.43
986.24	1212.66
986.40	1221.45
986.57	1215.00
986.74	1218.30
986.90	1216.78
987.07	1225.83
987.23	1221.33
987.40	1219.20
987.57	1221.47
987.73	1218.07
987.90	1211.52
988.06	1221.74
988.23	1218.30
988.39	1223.48
988.56	1212.56
988.73	1217.82
988.89	1216.55
989.06	1218.58
989.22	1221.78
989.39	1222.78
989.55	1213.75
989.72	1216.94
989.88	1213.48
990.05	1213.13
990.22	1211.87
990.38	1221.53
990.55	1205.45
990.71	1226.28
990.88	1217.52
991.04	1215.67
991.21	1215.16
991.37	1218.23
991.54	1217.48
991.70	1218.83
991.87	1215.78
992.03	1221.76
992.20	1212.85
992.36	1223.68
992.53	1220.16
992.69	1224.97
992.86	1211.82
993.03	1216.51
993.19	1212.68
993.36	1220.18
993.52	1210.94
993.69	1221.22
993.85	1214.32
994.02	1228.00
994.18	1218.50
994.35	1219.85
994.51	1220.73
994.68	1217.76
994.84	1215.59
995.01	1217.76
995.17	1213.20
995.34	1216.17
995.50	1208.20
995.66	1224.54
995.83	1209.67
995.99	1225.50
996.16	1214.20
996.32	1215.39
996.49	1209.49
996.65	1219.36
996.82	1216.10
996.98	1219.57
997.15	1212.19
997.31	1223.25
997.48	1215.76
997.64	1227.00
997.81	1213.36
997.97	1220.49
998.13	1215.72
998.30	1229.44
998.46	1217.99
998.63	1221.90
998.79	1211.91
998.96	1219.77
999.12	1215.37
999.29	1219.85
999.45	1216.21
999.61	1225.81
999.78	1215.78
999.94	1225.03
1000.11	1217.85
1000.27	1221.41
1000.44	1215.57
1000.60	1222.58
1000.76	1213.75
1000.93	1228.62
1001.09	1218.66
1001.26	1234.11
1001.42	1214.34
1001.59	1218.38
1001.75	1218.38
1001.91	1216.39
1002.08	1219.01
1002.24	1213.40
1002.41	1219.71
1002.57	1224.42
1002.73	1211.89
1002.90	1216.35
1003.06	1219.95
1003.23	1224.87
1003.39	1210.31
1003.55	1216.88
1003.72	1217.17
1003.88	1220.90
1004.04	1206.19
1004.21	1228.92
1004.37	1216.21
1004.54	1208.22
1004.70	1216.96
1004.86	1217.87
1005.03	1215.26
1005.19	1215.22
1005.35	1214.22
1005.52	1224.93
1005.68	1219.30
1005.85	1217.44
1006.01	1210.51
1006.17	1222.99
1006.34	1219.57
1006.50	1224.03
1006.66	1213.32
1006.83	1230.67
1006.99	1210.51
1007.15	1223.95
1007.32	1214.59
1007.48	1215.63
1007.64	1211.62
1007.81	1221.27
1007.97	1221.39
1008.13	1217.78
1008.30	1217.82
1008.46	1216.58
1008.62	1216.49
1008.79	1222.92
1008.95	1215.14
1009.11	1226.20
1009.28	1214.75
1009.44	1221.65
1009.60	1214.32
1009.77	1220.41
1009.93	1217.60
1010.09	1222.58
1010.25	1213.99
1010.42	1217.50
1010.58	1224.91
1010.74	1224.19
1010.91	1212.83
1011.07	1219.65
1011.23	1216.90
1011.40	1223.76
1011.56	1208.90
1011.72	1220.36
1011.88	1213.26
1012.05	1225.28
1012.21	1214.30
1012.37	1222.06
1012.54	1222.25
1012.70	1223.29
1012.86	1206.91
1013.02	1215.26
1013.19	1217.46
1013.35	1219.97
1013.51	1221.65
1013.67	1219.16
1013.84	1213.28
1014.00	1230.13
1014.16	1213.63
1014.33	1216.98
1014.49	1214.86
1014.65	1226.63
1014.81	1212.95
1014.98	1225.85
1015.14	1214.42
1015.30	1221.98
1015.46	1214.45
1015.62	1218.21
1015.79	1208.67
1015.95	1217.23
1016.11	1210.41
1016.27	1215.94
1016.44	1216.21
1016.60	1221.94
1016.76	1214.79
1016.92	1215.94
1017.09	1215.86
1017.25	1219.81
1017.41	1216.31
1017.57	1222.17
1017.73	1219.32
1017.90	1222.02
1018.06	1218.73
1018.22	1219.34
1018.38	1209.12
1018.54	1217.93
1018.71	1217.48
1018.87	1221.04
1019.03	1213.95
1019.19	1216.55
1019.35	1220.14
1019.52	1229.07
1019.68	1211.95
1019.84	1224.56
1020.00	1224.01
1020.16	1223.89
1020.33	1213.03
1020.49	1221.47
1020.65	1218.68
1020.81	1218.99
1020.97	1214.75
1021.13	1218.87
1021.30	1218.95
1021.46	1224.85
1021.62	1217.62
1021.78	1222.74
1021.94	1215.96
1022.10	1221.08
1022.27	1214.49
1022.43	1222.13
1022.59	1213.44
1022.75	1217.25
1022.91	1217.99
1023.07	1211.89
1023.24	1217.78
1023.40	1217.50
1023.56	1214.86
1023.72	1229.74
1023.88	1217.62
1024.04	1214.92
1024.20	1216.62
1024.36	1222.80
1024.53	1211.91
1024.69	1218.28
1024.85	1216.92
1025.01	1224.97
1025.17	1209.28
1025.33	1217.93
1025.49	1206.85
1025.65	1216.45
1025.82	1211.97
1025.98	1226.55
1026.14	1215.82
1026.30	1222.70
1026.46	1218.79
1026.62	1221.41
1026.78	1211.91
1026.94	1223.78
1027.10	1211.93
1027.26	1227.10
1027.43	1218.79
1027.59	1219.83
1027.75	1214.57
1027.91	1219.48
1028.07	1213.93
1028.23	1223.91
1028.39	1212.46
1028.55	1222.04
1028.71	1213.11
1028.87	1220.32
1029.03	1209.82
1029.19	1214.08
1029.36	1216.41
1029.52	1213.05
1029.68	1207.01
1029.84	1224.19
1030.00	1216.96
1030.16	1218.73
1030.32	1218.34
1030.48	1223.85
1030.64	1215.33
1030.80	1223.23
1030.96	1207.75
1031.12	1218.11
1031.28	1213.16
1031.44	1221.65
1031.60	1213.34
1031.76	1218.01
1031.92	1208.04
1032.08	1235.05
1032.24	1215.00
1032.40	1223.01
1032.56	1214.73
1032.73	1225.79
1032.89	1216.92
1033.05	1220.04
1033.21	1211.58
1033.37	1220.67
1033.53	1211.21
1033.69	1222.94
1033.85	1213.36
1034.01	1222.60
1034.17	1220.38
1034.33	1223.68
1034.49	1215.53
1034.65	1222.66
1034.81	1210.57
1034.97	1223.15
1035.13	1220.49
1035.29	1217.44
1035.45	1209.26
1035.61	1218.85
1035.77	1216.17
1035.93	1220.47
1036.09	1216.80
1036.25	1224.81
1036.41	1211.05
1036.57	1214.59
1036.73	1210.96
1036.88	1217.21
1037.04	1219.18
