345.52	1200.99
345.73	1200.99
345.94	1200.99
346.16	1197.30
346.37	1200.87
346.58	1205.54
346.79	1210.25
347.00	1205.35
347.22	1209.92
347.43	1201.46
347.64	1215.86
347.85	1199.66
348.06	1206.75
348.28	1200.70
348.49	1213.13
348.70	1203.76
348.91	1209.76
349.12	1197.20
349.34	1210.29
349.55	1204.25
349.76	1210.70
349.97	1202.83
350.18	1208.01
350.40	1202.75
350.61	1215.35
350.82	1206.93
351.03	1214.55
351.24	1205.25
351.46	1209.69
351.67	1208.83
351.88	1220.08
352.09	1212.34
352.30	1209.00
352.51	1202.28
352.73	1218.71
352.94	1210.47
353.15	1218.34
353.36	1208.83
353.57	1216.10
353.79	1201.13
354.00	1199.88
354.21	1215.63
354.42	1214.08
354.63	1203.49
354.84	1215.63
355.06	1206.38
355.27	1208.81
355.48	1204.37
355.69	1208.79
355.90	1207.26
356.11	1213.28
356.33	1206.95
356.54	1213.50
356.75	1211.15
356.96	1216.49
357.17	1204.53
357.38	1211.41
357.60	1206.21
357.81	1212.50
358.02	1209.39
358.23	1214.53
358.44	1206.75
358.65	1209.69
358.87	1209.08
359.08	1211.15
359.29	1197.67
359.50	1215.18
359.71	1200.42
359.92	1213.69
360.13	1213.24
360.35	1212.93
360.56	1206.09
360.77	1212.11
360.98	1214.02
361.19	1218.75
361.40	1198.12
361.62	1213.28
361.83	1203.28
362.04	1209.45
362.25	1204.21
362.46	1218.34
362.67	1202.98
362.88	1216.64
363.10	1209.04
363.31	1216.74
363.52	1208.10
363.73	1214.67
363.94	1206.87
364.15	1211.23
364.36	1207.58
364.57	1212.09
364.79	1207.91
365.00	1208.30
365.21	1205.33
365.42	1212.75
365.63	1212.44
365.84	1211.76
366.05	1210.39
366.27	1214.55
366.48	1209.45
366.69	1215.24
366.90	1205.39
367.11	1214.53
367.32	1202.57
367.53	1212.05
367.74	1206.56
367.95	1214.49
368.17	1211.17
368.38	1212.73
368.59	1209.26
368.80	1212.48
369.01	1200.58
369.22	1212.03
369.43	1202.98
369.64	1210.00
369.86	1211.19
370.07	1221.35
370.28	1203.84
370.49	1218.05
370.70	1208.59
370.91	1218.05
371.12	1205.72
371.33	1214.22
371.54	1210.06
371.76	1205.05
371.97	1204.25
372.18	1204.29
372.39	1206.07
372.60	1210.55
372.81	1208.71
373.02	1215.12
373.23	1213.28
373.44	1216.64
373.65	1212.09
373.87	1218.91
374.08	1212.25
374.29	1213.63
374.50	1209.00
374.71	1215.02
374.92	1215.78
375.13	1216.72
375.34	1204.31
375.55	1216.35
375.76	1210.08
375.97	1207.26
376.19	1209.39
376.40	1210.84
376.61	1210.35
376.82	1218.66
377.03	1203.82
377.24	1215.72
377.45	1210.51
377.66	1212.93
377.87	1206.46
378.08	1217.23
378.29	1209.33
378.50	1209.94
378.71	1207.22
378.93	1206.13
379.14	1205.88
379.35	1214.79
379.56	1208.55
379.77	1219.38
379.98	1205.43
380.19	1216.86
380.40	1210.33
380.61	1208.83
380.82	1208.81
381.03	1216.64
381.24	1210.92
381.45	1215.24
381.66	1208.69
381.88	1218.11
382.09	1206.34
382.30	1214.16
382.51	1210.84
382.72	1214.63
382.93	1209.94
383.14	1219.22
383.35	1200.44
383.56	1209.67
383.77	1212.32
383.98	1216.04
384.19	1200.17
384.40	1217.03
384.61	1201.44
384.82	1216.96
385.03	1207.36
385.24	1213.87
385.45	1203.08
385.67	1213.56
385.88	1201.30
386.09	1218.85
386.30	1210.88
386.51	1217.21
386.72	1206.13
386.93	1212.66
387.14	1203.55
387.35	1209.61
387.56	1217.07
387.77	1221.04
387.98	1212.17
388.19	1217.27
388.40	1213.48
388.61	1213.77
388.82	1211.15
389.03	1219.01
389.24	1208.16
389.45	1212.93
389.66	1214.36
389.87	1213.24
390.08	1210.92
390.29	1208.55
390.50	1205.50
390.71	1211.99
390.92	1206.77
391.13	1217.29
391.34	1204.12
391.55	1222.88
391.76	1203.78
391.98	1213.63
392.19	1203.94
392.40	1220.20
392.61	1206.25
392.82	1214.42
393.03	1208.75
393.24	1222.84
393.45	1211.35
393.66	1215.06
393.87	1204.47
394.08	1215.53
394.29	1208.71
394.50	1213.48
394.71	1199.43
394.92	1219.40
395.13	1205.58
395.34	1212.77
395.55	1212.42
395.76	1212.38
395.97	1206.29
396.18	1219.05
396.39	1206.79
396.60	1216.92
396.81	1213.79
397.02	1216.06
397.23	1215.59
397.44	1216.47
397.65	1209.98
397.86	1219.46
398.07	1209.94
398.28	1217.17
398.49	1213.07
398.70	1215.84
398.91	1219.48
399.12	1215.98
399.33	1206.32
399.54	1212.38
399.75	1209.80
399.96	1215.20
400.17	1207.34
400.38	1214.53
400.59	1204.70
400.80	1210.51
401.01	1219.36
401.22	1214.38
401.42	1204.14
401.63	1211.37
401.84	1207.79
402.05	1218.66
402.26	1210.31
402.47	1215.47
402.68	1210.06
402.89	1212.91
403.10	1204.80
403.31	1210.78
403.52	1210.25
403.73	1220.26
403.94	1212.01
404.15	1219.95
404.36	1219.73
404.57	1216.35
404.78	1208.92
404.99	1216.15
405.20	1202.85
405.41	1222.78
405.62	1206.81
405.83	1219.91
406.04	1203.96
406.25	1213.48
406.46	1205.80
406.67	1223.99
406.88	1214.04
407.09	1215.12
407.30	1206.99
407.50	1212.60
407.71	1213.73
407.92	1222.49
408.13	1202.73
408.34	1215.78
408.55	1214.10
408.76	1221.92
408.97	1211.54
409.18	1216.47
409.39	1211.60
409.60	1220.92
409.81	1215.76
410.02	1210.68
410.23	1206.52
410.44	1220.59
410.65	1203.37
410.86	1213.95
411.07	1212.40
411.27	1221.43
411.48	1207.83
411.69	1212.42
411.90	1210.94
412.11	1213.69
412.32	1217.23
412.53	1214.22
412.74	1212.46
412.95	1222.35
413.16	1204.00
413.37	1204.96
413.58	1210.21
413.79	1211.91
414.00	1207.38
414.20	1218.05
414.41	1206.85
414.62	1219.85
414.83	1209.26
415.04	1222.76
415.25	1207.36
415.46	1216.43
415.67	1215.98
415.88	1216.15
416.09	1211.76
416.30	1220.04
416.51	1211.33
416.71	1218.73
416.92	1216.12
417.13	1221.55
417.34	1211.62
417.55	1219.67
417.76	1214.06
417.97	1227.53
418.18	1214.16
418.39	1219.65
418.60	1215.06
418.81	1219.59
419.01	1219.71
419.22	1223.11
419.43	1214.20
419.64	1228.15
419.85	1215.55
420.06	1223.83
420.27	1214.16
420.48	1220.86
420.69	1222.08
420.90	1219.09
421.10	1221.39
421.31	1218.40
421.52	1220.71
421.73	1225.38
421.94	1229.35
422.15	1220.73
422.36	1230.46
422.57	1223.83
422.78	1225.07
422.98	1223.80
423.19	1218.17
423.40	1225.85
423.61	1226.53
423.82	1227.86
424.03	1221.88
424.24	1235.29
424.45	1222.45
424.65	1224.83
424.86	1214.86
425.07	1222.76
425.28	1221.33
425.49	1226.43
425.70	1221.04
425.91	1231.83
426.12	1229.85
426.32	1237.98
426.53	1222.27
426.74	1229.42
426.95	1226.14
427.16	1235.56
427.37	1219.57
427.58	1224.95
427.78	1225.22
427.99	1225.93
428.20	1220.88
428.41	1226.06
428.62	1217.15
428.83	1227.29
429.04	1216.88
429.24	1217.78
429.45	1211.95
429.66	1216.49
429.87	1209.33
430.08	1220.90
430.29	1209.22
430.50	1213.56
430.70	1212.15
430.91	1216.55
431.12	1210.14
431.33	1220.84
431.54	1213.56
431.75	1220.75
431.96	1219.42
432.16	1219.34
432.37	1212.97
432.58	1219.40
432.79	1209.86
433.00	1212.25
433.21	1205.82
433.41	1220.84
433.62	1204.55
433.83	1210.21
434.04	1208.57
434.25	1213.20
434.46	1204.76
434.66	1222.72
434.87	1208.32
435.08	1219.14
435.29	1213.81
435.50	1209.88
435.71	1211.91
435.91	1212.21
436.12	1204.29
436.33	1212.91
436.54	1208.92
436.75	1216.60
436.95	1209.02
437.16	1213.67
437.37	1208.49
437.58	1215.06
437.79	1208.47
438.00	1216.00
438.20	1208.44
438.41	1217.46
438.62	1207.56
438.83	1219.28
439.04	1207.13
439.24	1216.68
439.45	1204.92
439.66	1215.22
439.87	1202.44
440.08	1213.73
440.28	1211.95
440.49	1212.83
440.70	1207.38
440.91	1220.10
441.12	1207.50
441.32	1219.75
441.53	1205.76
441.74	1215.26
441.95	1215.24
442.16	1213.69
442.36	1209.96
442.57	1214.02
442.78	1209.74
442.99	1212.99
443.20	1210.72
443.40	1213.56
443.61	1208.71
443.82	1211.41
444.03	1211.62
444.24	1213.95
444.44	1212.32
444.65	1218.58
444.86	1217.33
445.07	1215.59
445.27	1205.05
445.48	1214.73
445.69	1217.03
445.90	1213.38
446.11	1209.43
446.31	1212.13
446.52	1210.37
446.73	1213.09
446.94	1208.85
447.14	1215.39
447.35	1207.22
447.56	1216.47
447.77	1212.44
447.97	1223.31
448.18	1207.81
448.39	1212.36
448.60	1203.90
448.81	1215.74
449.01	1208.73
449.22	1207.18
449.43	1202.87
449.64	1220.00
449.84	1211.29
450.05	1217.62
450.26	1214.57
450.47	1213.36
450.67	1202.18
450.88	1213.28
451.09	1206.46
451.30	1213.26
451.50	1208.16
451.71	1216.39
451.92	1212.42
452.13	1217.60
452.33	1208.71
452.54	1206.99
452.75	1209.16
452.96	1222.72
453.16	1204.62
453.37	1219.67
453.58	1208.69
453.79	1217.64
453.99	1214.34
454.20	1214.57
454.41	1214.06
454.61	1220.18
454.82	1209.84
455.03	1216.00
455.24	1208.71
455.44	1216.58
455.65	1203.86
455.86	1219.95
456.07	1209.39
456.27	1218.17
456.48	1207.85
456.69	1217.87
456.90	1213.87
457.10	1226.59
457.31	1206.68
457.52	1220.41
457.72	1209.88
457.93	1206.79
458.14	1211.15
458.35	1217.82
458.55	1207.24
458.76	1221.90
458.97	1209.71
459.17	1217.09
459.38	1205.78
459.59	1223.11
459.80	1205.66
460.00	1213.67
460.21	1213.44
460.42	1208.42
460.62	1210.33
460.83	1218.99
461.04	1213.22
461.25	1212.54
461.45	1212.60
461.66	1211.60
461.87	1214.94
462.07	1222.66
462.28	1206.60
462.49	1214.30
462.69	1212.60
462.90	1217.91
463.11	1208.85
463.31	1222.92
463.52	1209.49
463.73	1220.24
463.94	1208.26
464.14	1218.05
464.35	1216.78
464.56	1214.75
464.76	1214.73
464.97	1213.30
465.18	1209.86
465.38	1213.16
465.59	1209.43
465.80	1221.92
466.00	1203.04
466.21	1208.61
466.42	1202.55
466.62	1207.58
466.83	1208.87
467.04	1218.48
467.24	1202.10
467.45	1216.04
467.66	1210.04
467.86	1218.50
468.07	1214.14
468.28	1216.27
468.48	1210.98
468.69	1214.53
468.90	1209.41
469.10	1213.22
469.31	1210.70
469.52	1208.20
469.72	1202.40
469.93	1210.55
470.14	1208.38
470.34	1215.76
470.55	1209.22
470.76	1215.35
470.96	1206.60
471.17	1220.20
471.38	1210.82
471.58	1217.60
471.79	1210.62
472.00	1218.81
472.20	1210.29
472.41	1210.88
472.62	1211.31
472.82	1212.75
473.03	1205.13
473.24	1217.31
473.44	1218.09
473.65	1218.32
473.85	1209.88
474.06	1220.06
474.27	1209.06
474.47	1213.81
474.68	1203.69
474.89	1216.12
475.09	1207.83
475.30	1213.11
475.51	1215.02
475.71	1215.47
475.92	1215.29
476.12	1212.87
476.33	1210.84
476.54	1216.21
476.74	1215.74
476.95	1211.50
477.16	1206.52
477.36	1210.55
477.57	1206.40
477.77	1210.86
477.98	1210.62
478.19	1219.11
478.39	1204.37
478.60	1217.60
478.81	1216.45
479.01	1213.93
479.22	1210.60
479.42	1214.04
479.63	1203.69
479.84	1216.19
480.04	1212.42
480.25	1218.11
480.45	1210.90
480.66	1211.39
480.87	1210.06
481.07	1217.42
481.28	1207.56
481.48	1222.02
481.69	1211.54
481.90	1218.52
482.10	1206.99
482.31	1215.67
482.51	1207.95
482.72	1217.35
482.93	1209.86
483.13	1223.09
483.34	1204.19
483.54	1220.73
483.75	1215.72
483.96	1209.18
484.16	1212.19
484.37	1208.90
484.57	1215.08
484.78	1216.41
484.99	1205.76
485.19	1214.69
485.40	1201.81
485.60	1210.33
485.81	1207.44
486.01	1216.78
486.22	1211.54
486.43	1219.65
486.63	1211.56
486.84	1211.62
487.04	1207.05
487.25	1217.23
487.46	1214.10
487.66	1212.68
487.87	1201.34
488.07	1223.89
488.28	1216.25
488.48	1214.53
488.69	1209.45
488.89	1215.47
489.10	1213.09
489.31	1212.15
489.51	1212.50
489.72	1217.66
489.92	1210.19
490.13	1212.77
490.33	1209.14
490.54	1217.93
490.75	1208.61
490.95	1207.85
491.16	1207.42
491.36	1215.98
491.57	1205.78
491.77	1215.39
491.98	1208.14
492.18	1213.97
492.39	1213.01
492.59	1215.04
492.80	1207.83
493.01	1214.55
493.21	1211.21
493.42	1212.17
493.62	1211.99
493.83	1220.36
494.03	1208.51
494.24	1208.67
494.44	1210.33
494.65	1213.54
494.85	1209.24
495.06	1213.22
495.26	1212.60
495.47	1211.70
495.68	1210.88
495.88	1214.20
496.09	1206.93
496.29	1210.37
496.50	1207.46
496.70	1222.60
496.91	1209.37
497.11	1215.20
497.32	1206.50
497.52	1218.15
497.73	1209.43
497.93	1212.64
498.14	1215.61
498.34	1217.82
498.55	1208.59
498.75	1221.29
498.96	1211.54
499.16	1214.47
499.37	1205.66
499.57	1223.07
499.78	1207.95
499.98	1210.68
500.19	1216.06
500.39	1212.58
500.60	1211.56
500.80	1216.60
501.01	1211.37
501.21	1212.89
501.42	1206.89
501.62	1205.41
501.83	1207.48
502.03	1218.05
502.24	1210.90
502.44	1216.86
502.65	1211.05
502.85	1218.48
503.06	1213.26
503.26	1215.35
503.47	1208.22
503.67	1212.21
503.88	1210.66
504.08	1213.36
504.29	1202.85
504.49	1214.51
504.70	1212.15
504.90	1214.71
505.11	1209.41
505.31	1212.03
505.52	1206.15
505.72	1218.73
505.93	1214.53
506.13	1211.43
506.34	1207.07
506.54	1212.70
506.75	1207.38
506.95	1216.74
507.16	1215.69
507.36	1209.41
507.56	1205.17
507.77	1216.74
507.97	1206.50
508.18	1211.27
508.38	1207.95
508.59	1214.16
508.79	1211.07
509.00	1221.74
509.20	1211.62
509.41	1220.71
509.61	1210.66
509.82	1217.70
510.02	1206.13
510.22	1211.00
510.43	1212.50
510.63	1221.47
510.84	1208.57
511.04	1225.77
511.25	1208.55
511.45	1220.00
511.66	1208.49
511.86	1216.35
512.06	1210.43
512.27	1218.87
512.47	1202.67
512.68	1224.17
512.88	1213.50
513.09	1215.76
513.29	1204.37
513.50	1213.77
513.70	1207.67
513.90	1218.50
514.11	1211.31
514.31	1224.15
514.52	1208.01
514.72	1215.02
514.93	1211.17
515.13	1216.68
515.33	1202.73
515.54	1221.59
515.74	1203.37
515.95	1221.43
516.15	1204.92
516.36	1218.34
516.56	1211.80
516.76	1214.57
516.97	1214.67
517.17	1211.48
517.38	1206.03
517.58	1214.26
517.78	1203.12
517.99	1215.39
518.19	1205.43
518.40	1215.61
518.60	1207.97
518.81	1215.43
519.01	1212.91
519.21	1211.93
519.42	1205.05
519.62	1215.53
519.83	1210.98
520.03	1222.00
520.23	1211.72
520.44	1216.21
520.64	1210.76
520.85	1213.54
521.05	1206.70
521.25	1214.88
521.46	1205.11
521.66	1216.53
521.86	1208.59
522.07	1214.90
522.27	1203.69
522.48	1218.50
522.68	1212.23
522.88	1220.75
523.09	1204.08
523.29	1219.22
523.50	1207.91
523.70	1212.34
523.90	1210.37
524.11	1211.62
524.31	1213.77
524.51	1213.34
524.72	1204.76
524.92	1218.52
525.13	1209.94
525.33	1211.87
525.53	1208.57
525.74	1209.80
525.94	1210.88
526.14	1218.48
526.35	1209.76
526.55	1216.90
526.76	1205.84
526.96	1219.89
527.16	1204.49
527.37	1217.89
527.57	1213.40
527.77	1226.43
527.98	1212.87
528.18	1217.97
528.38	1211.84
528.59	1212.13
528.79	1207.03
528.99	1220.86
529.20	1208.77
529.40	1216.17
529.61	1213.48
529.81	1217.11
530.01	1211.37
530.22	1209.35
530.42	1212.21
530.62	1218.71
530.83	1209.71
531.03	1214.12
531.23	1208.47
531.44	1215.53
531.64	1205.41
531.84	1215.84
532.05	1208.51
532.25	1213.46
532.45	1207.99
532.66	1221.55
532.86	1212.40
533.06	1210.06
533.27	1216.08
533.47	1221.88
533.67	1208.81
533.88	1223.87
534.08	1209.65
534.28	1218.05
534.49	1210.53
534.69	1217.76
534.89	1206.95
535.09	1215.86
535.30	1208.81
535.50	1216.45
535.70	1211.87
535.91	1211.15
536.11	1208.90
536.31	1212.05
536.52	1213.24
536.72	1214.10
536.92	1212.07
537.13	1217.89
537.33	1210.14
537.53	1215.96
537.74	1210.41
537.94	1210.08
538.14	1217.64
538.34	1214.34
538.55	1210.82
538.75	1224.36
538.95	1214.38
539.16	1210.64
539.36	1214.45
539.56	1222.08
539.77	1207.42
539.97	1214.59
540.17	1208.36
540.37	1209.67
540.58	1213.71
540.78	1214.79
540.98	1213.01
541.19	1210.27
541.39	1208.26
541.59	1213.52
541.79	1205.37
542.00	1216.92
542.20	1208.63
542.40	1220.22
542.60	1196.83
542.81	1219.83
543.01	1211.93
543.21	1209.78
543.42	1207.28
543.62	1215.94
543.82	1211.52
544.02	1215.61
544.23	1209.26
544.43	1221.43
544.63	1211.25
544.83	1213.05
545.04	1213.26
545.24	1211.58
545.44	1209.08
545.64	1208.10
545.85	1206.81
546.05	1217.70
546.25	1207.56
546.45	1210.47
546.66	1214.20
546.86	1220.65
547.06	1210.45
547.27	1219.79
547.47	1207.77
547.67	1209.67
547.87	1205.74
548.07	1216.27
548.28	1203.08
548.48	1211.41
548.68	1203.26
548.88	1219.63
549.09	1209.33
549.29	1212.19
549.49	1206.13
549.69	1211.91
549.90	1220.10
550.10	1211.93
550.30	1213.91
550.50	1214.61
550.71	1211.60
550.91	1210.19
551.11	1211.05
551.31	1212.25
551.51	1212.73
551.72	1219.07
551.92	1208.12
552.12	1210.00
552.32	1207.79
552.53	1216.00
552.73	1212.27
552.93	1219.85
553.13	1210.82
553.33	1211.07
553.54	1216.29
553.74	1218.66
553.94	1211.09
554.14	1209.94
554.35	1210.39
554.55	1216.74
554.75	1210.94
554.95	1211.60
555.15	1210.64
555.36	1216.90
555.56	1212.48
555.76	1216.00
555.96	1203.47
556.16	1223.93
556.37	1212.60
556.57	1218.79
556.77	1213.09
556.97	1216.98
557.17	1206.42
557.38	1212.36
557.58	1204.74
557.78	1218.48
557.98	1205.29
558.18	1215.57
558.38	1208.65
558.59	1209.94
558.79	1208.28
558.99	1215.98
559.19	1211.56
559.39	1213.69
559.60	1211.99
559.80	1210.27
560.00	1213.95
560.20	1213.71
560.40	1205.29
560.60	1217.56
560.81	1205.84
561.01	1214.14
561.21	1214.96
561.41	1219.97
561.61	1210.94
561.81	1215.51
562.02	1201.77
562.22	1218.09
562.42	1209.22
562.62	1218.54
562.82	1203.96
563.02	1210.88
563.23	1209.86
563.43	1216.98
563.63	1211.11
563.83	1217.11
564.03	1210.96
564.23	1219.63
564.43	1218.01
564.64	1213.03
564.84	1213.20
565.04	1213.24
565.24	1205.82
565.44	1220.92
565.64	1208.18
565.85	1213.48
566.05	1207.09
566.25	1211.48
566.45	1208.65
566.65	1219.63
566.85	1210.60
567.05	1217.05
567.25	1214.81
567.46	1216.02
567.66	1203.45
567.86	1219.59
568.06	1207.89
568.26	1220.32
568.46	1206.25
568.66	1215.06
568.86	1211.15
569.07	1218.30
569.27	1209.08
569.47	1210.86
569.67	1209.45
569.87	1219.79
570.07	1212.03
570.27	1212.27
570.47	1210.08
570.68	1213.81
570.88	1210.74
571.08	1211.91
571.28	1207.58
571.48	1212.70
571.68	1207.63
571.88	1216.49
572.08	1213.56
572.28	1211.72
572.49	1205.27
572.69	1216.51
572.89	1205.13
573.09	1220.02
573.29	1212.09
573.49	1214.36
573.69	1210.60
573.89	1212.38
574.09	1216.68
574.29	1215.65
574.50	1209.22
574.70	1212.60
574.90	1208.83
575.10	1212.77
575.30	1213.24
575.50	1217.72
575.70	1217.17
575.90	1220.30
576.10	1215.69
576.30	1220.69
576.50	1207.54
576.70	1214.20
576.91	1215.45
577.11	1214.67
577.31	1209.78
577.51	1217.13
577.71	1208.69
577.91	1214.59
578.11	1208.98
578.31	1213.81
578.51	1213.81
578.71	1220.63
578.91	1209.67
579.11	1215.76
579.31	1214.32
579.51	1211.03
579.71	1211.33
579.92	1209.28
580.12	1207.67
580.32	1215.92
580.52	1214.10
580.72	1206.34
580.92	1203.32
581.12	1215.12
581.32	1209.98
581.52	1217.15
581.72	1209.55
581.92	1217.27
582.12	1215.63
582.32	1215.82
582.52	1209.31
582.72	1216.15
582.92	1209.02
583.12	1213.03
583.32	1204.72
583.52	1213.11
583.72	1208.71
583.92	1212.36
584.12	1211.56
584.33	1218.19
584.53	1202.38
584.73	1212.79
584.93	1210.45
585.13	1220.45
585.33	1211.05
585.53	1215.63
585.73	1204.23
585.93	1224.73
586.13	1204.84
586.33	1210.96
586.53	1217.54
586.73	1211.48
586.93	1209.39
587.13	1213.85
587.33	1208.59
587.53	1218.93
587.73	1205.82
587.93	1210.84
588.13	1207.65
588.33	1212.17
588.53	1212.46
588.73	1220.47
588.93	1215.06
589.13	1211.80
589.33	1204.41
589.53	1218.11
589.73	1210.39
589.93	1214.24
590.13	1210.53
590.33	1213.71
590.53	1208.01
590.73	1214.90
590.93	1213.05
591.13	1214.61
591.33	1211.27
591.53	1219.57
591.73	1208.10
591.93	1215.02
592.13	1211.09
592.33	1218.83
592.53	1215.49
592.73	1213.95
592.93	1205.60
593.13	1218.23
593.33	1208.22
593.53	1217.01
593.73	1210.64
593.93	1213.36
594.13	1206.60
594.33	1216.53
594.53	1202.94
594.73	1211.58
594.92	1206.62
595.12	1212.75
595.32	1203.28
595.52	1213.71
595.72	1216.72
595.92	1212.52
596.12	1215.67
596.32	1221.33
596.52	1213.48
596.72	1210.47
596.92	1213.28
597.12	1220.32
597.32	1209.26
597.52	1215.14
597.72	1207.81
597.92	1218.13
598.12	1212.15
598.32	1217.07
598.52	1205.25
598.72	1210.27
598.92	1209.80
599.12	1219.42
599.31	1209.78
599.51	1220.20
599.71	1206.48
599.91	1216.82
600.11	1209.74
600.31	1215.86
600.51	1211.41
600.71	1220.00
600.91	1209.16
601.11	1220.00
601.31	1209.69
601.51	1215.61
601.71	1219.91
601.91	1208.85
602.10	1210.47
602.30	1215.92
602.50	1216.94
602.70	1209.00
602.90	1211.13
603.10	1214.42
603.30	1209.06
603.50	1219.97
603.70	1208.20
603.90	1217.99
604.10	1205.84
604.30	1218.77
604.49	1208.20
604.69	1207.87
604.89	1208.61
605.09	1220.63
605.29	1212.48
605.49	1207.09
605.69	1205.56
605.89	1218.58
606.09	1204.64
606.29	1211.13
606.48	1216.45
606.68	1215.65
606.88	1209.84
607.08	1221.80
607.28	1210.00
607.48	1216.08
607.68	1210.84
607.88	1211.66
608.08	1207.73
608.27	1217.27
608.47	1209.49
608.67	1215.18
608.87	1210.47
609.07	1217.93
609.27	1208.53
609.47	1213.07
609.67	1212.97
609.87	1217.60
610.06	1207.77
610.26	1213.63
610.46	1219.36
610.66	1212.19
610.86	1210.66
611.06	1213.44
611.26	1212.68
611.45	1213.07
611.65	1215.43
611.85	1213.22
612.05	1213.18
612.25	1207.77
612.45	1208.34
612.65	1220.69
612.84	1210.47
613.04	1213.48
613.24	1210.21
613.44	1216.82
613.64	1204.96
613.84	1213.50
614.04	1206.40
614.23	1216.27
614.43	1203.12
614.63	1217.48
614.83	1208.10
615.03	1211.97
615.23	1202.79
615.42	1220.24
615.62	1206.77
615.82	1215.00
616.02	1208.57
616.22	1210.68
616.42	1209.43
616.61	1215.94
616.81	1212.89
617.01	1225.07
617.21	1207.83
617.41	1216.51
617.61	1206.68
617.80	1218.42
618.00	1209.02
618.20	1220.38
618.40	1212.50
618.60	1214.98
618.80	1204.82
618.99	1218.21
619.19	1214.55
619.39	1219.18
619.59	1212.48
619.79	1216.94
619.98	1207.61
620.18	1211.70
620.38	1206.40
620.58	1213.73
620.78	1210.10
620.97	1216.47
621.17	1207.65
621.37	1219.11
621.57	1215.78
621.77	1216.43
621.96	1212.62
622.16	1213.46
622.36	1217.23
622.56	1212.62
622.76	1209.51
622.95	1223.03
623.15	1217.05
623.35	1207.67
623.55	1208.85
623.75	1220.20
623.94	1210.47
624.14	1210.41
624.34	1215.37
624.54	1217.09
624.73	1209.06
624.93	1213.54
625.13	1211.74
625.33	1209.84
625.53	1210.21
625.72	1211.11
625.92	1209.55
626.12	1214.57
626.32	1213.11
626.51	1214.08
626.71	1209.80
626.91	1218.25
627.11	1203.16
627.30	1217.58
627.50	1213.93
627.70	1218.21
627.90	1214.88
628.10	1220.16
628.29	1205.95
628.49	1213.22
628.69	1212.70
628.89	1217.56
629.08	1217.66
629.28	1211.93
629.48	1208.42
629.68	1212.44
629.87	1209.43
630.07	1210.98
630.27	1212.70
630.47	1219.93
630.66	1213.01
630.86	1217.39
631.06	1208.87
631.25	1218.19
631.45	1214.67
631.65	1214.45
631.85	1213.48
632.04	1217.66
632.24	1210.66
632.44	1212.73
632.64	1206.07
632.83	1210.31
633.03	1219.11
633.23	1214.71
633.42	1214.18
633.62	1211.23
633.82	1210.94
634.02	1218.73
634.21	1216.58
634.41	1209.78
634.61	1214.96
634.81	1212.09
635.00	1212.13
635.20	1216.62
635.40	1217.23
635.59	1217.97
635.79	1216.68
635.99	1217.89
636.18	1209.88
636.38	1217.48
636.58	1219.40
636.78	1216.96
636.97	1208.47
637.17	1218.15
637.37	1209.08
637.56	1209.67
637.76	1214.02
637.96	1226.32
638.15	1205.86
638.35	1221.00
638.55	1212.73
638.74	1220.38
638.94	1211.70
639.14	1221.37
639.34	1213.73
639.53	1210.47
639.73	1207.46
639.93	1212.73
640.12	1215.65
640.32	1211.48
640.52	1217.62
640.71	1211.19
640.91	1218.11
641.11	1228.80
641.30	1207.50
641.50	1211.15
641.70	1217.01
641.89	1213.07
642.09	1214.26
642.29	1223.05
642.48	1212.21
642.68	1212.99
642.88	1211.58
643.07	1221.06
643.27	1215.18
643.47	1215.65
643.66	1212.56
643.86	1216.86
644.06	1215.18
644.25	1215.69
644.45	1211.13
644.65	1220.24
644.84	1210.62
645.04	1219.75
645.23	1213.71
645.43	1219.63
645.63	1213.99
645.82	1218.36
646.02	1208.10
646.22	1221.55
646.41	1220.84
646.61	1220.90
646.81	1206.75
647.00	1220.65
647.20	1207.81
647.39	1214.77
647.59	1210.80
647.79	1215.74
647.98	1207.40
648.18	1216.51
648.38	1216.45
648.57	1218.87
648.77	1214.83
648.96	1223.29
649.16	1214.59
649.36	1222.43
649.55	1212.25
649.75	1219.46
649.95	1208.14
650.14	1222.21
650.34	1212.11
650.53	1219.91
650.73	1208.06
650.93	1214.32
651.12	1216.31
651.32	1222.60
651.51	1212.19
651.71	1219.05
651.91	1217.85
652.10	1220.18
652.30	1210.84
652.49	1223.27
652.69	1212.81
652.89	1223.19
653.08	1213.91
653.28	1224.48
653.47	1212.56
653.67	1224.69
653.86	1216.27
654.06	1216.45
654.26	1211.68
654.45	1218.36
654.65	1215.88
654.84	1220.63
655.04	1218.38
655.24	1219.95
655.43	1219.85
655.63	1222.62
655.82	1219.24
656.02	1226.08
656.21	1218.79
656.41	1220.98
656.61	1214.40
656.80	1224.13
657.00	1209.02
657.19	1225.20
657.39	1211.31
657.58	1215.92
657.78	1219.36
657.97	1226.06
658.17	1219.16
658.37	1223.85
658.56	1214.81
658.76	1231.85
658.95	1212.77
659.15	1222.70
659.34	1219.28
659.54	1224.75
659.73	1215.41
659.93	1227.45
660.13	1218.32
660.32	1227.00
660.52	1221.96
660.71	1223.64
660.91	1216.15
661.10	1225.57
661.30	1221.65
661.49	1224.19
661.69	1213.44
661.88	1228.72
662.08	1219.61
662.27	1231.10
662.47	1225.42
662.66	1222.17
662.86	1220.71
663.06	1222.72
663.25	1219.77
663.45	1235.91
663.64	1219.42
663.84	1225.30
664.03	1222.66
664.23	1220.90
664.42	1224.15
664.62	1225.52
664.81	1222.88
665.01	1231.32
665.20	1224.66
665.40	1227.31
665.59	1232.08
665.79	1229.05
665.98	1224.50
666.18	1232.24
666.37	1227.57
666.57	1230.26
666.76	1227.33
666.96	1230.34
667.15	1229.11
667.35	1228.00
667.54	1235.99
667.74	1242.58
667.93	1228.58
668.13	1245.10
668.32	1234.33
668.52	1238.47
668.71	1239.88
668.91	1240.25
669.10	1237.44
669.30	1244.82
669.49	1243.75
669.68	1246.46
669.88	1234.66
670.07	1253.54
670.27	1241.70
670.46	1245.80
670.66	1244.53
670.85	1252.99
671.05	1250.06
671.24	1255.38
671.44	1251.06
671.63	1257.92
671.83	1243.26
672.02	1253.25
672.22	1254.57
672.41	1253.50
672.60	1253.87
672.80	1259.03
672.99	1253.48
673.19	1258.35
673.38	1253.13
673.58	1264.68
673.77	1251.94
673.97	1257.92
674.16	1261.30
674.36	1263.37
674.55	1258.11
674.74	1259.81
674.94	1258.50
675.13	1267.55
675.33	1254.95
675.52	1279.59
675.72	1273.22
675.91	1278.30
676.10	1271.46
676.30	1278.63
676.49	1275.84
676.69	1276.56
676.88	1270.74
677.08	1278.44
677.27	1280.76
677.46	1284.22
677.66	1270.89
677.85	1284.63
678.05	1278.73
678.24	1291.86
678.44	1274.86
678.63	1293.03
678.82	1290.81
679.02	1295.26
679.21	1287.66
679.41	1287.56
679.60	1293.05
679.79	1290.18
679.99	1289.75
680.18	1290.28
680.38	1279.86
680.57	1287.31
680.76	1293.03
680.96	1289.28
681.15	1271.81
681.35	1286.60
681.54	1288.93
681.73	1289.89
681.93	1275.37
682.12	1289.65
682.32	1277.81
682.51	1289.30
682.70	1277.95
682.90	1286.45
683.09	1285.33
683.29	1292.64
683.48	1279.98
683.67	1281.13
683.87	1280.51
684.06	1286.21
684.25	1273.63
684.45	1291.88
684.64	1279.67
684.84	1282.85
685.03	1273.55
685.22	1289.54
685.42	1285.04
685.61	1286.68
685.80	1278.63
686.00	1288.23
686.19	1281.86
686.38	1285.92
686.58	1276.05
686.77	1294.40
686.96	1281.80
687.16	1296.30
687.35	1293.42
687.55	1314.30
687.74	1307.32
687.93	1313.53
688.13	1323.79
688.32	1341.42
688.51	1345.78
688.71	1369.33
688.90	1384.12
689.09	1402.63
689.29	1416.72
689.48	1395.77
689.67	1460.00
689.87	1482.71
690.06	1512.47
690.25	1543.78
690.45	1574.38
690.64	1615.21
690.83	1665.78
691.03	1744.44
691.22	1836.04
691.41	1997.96
691.61	2210.39
691.80	2532.33
691.99	2921.63
692.19	3486.85
692.38	4061.00
692.57	4809.25
692.76	5505.23
692.96	6255.27
693.15	6959.69
693.34	7654.65
693.54	8268.12
693.73	8866.97
693.92	9384.47
694.12	9742.82
694.31	10173.96
694.50	10454.68
694.70	10695.15
694.89	10773.93
695.08	10949.79
695.27	11155.16
695.47	11204.07
695.66	11302.00
695.85	11274.54
696.05	11452.30
696.24	11428.14
696.43	11482.04
696.62	11482.43
696.82	11468.13
697.01	11459.65
697.20	11524.43
697.40	11365.33
697.59	11211.30
697.78	11012.75
697.97	10577.43
698.17	10271.69
698.36	9818.13
698.55	9124.75
698.74	8563.50
698.94	7868.21
699.13	7232.14
699.32	6540.29
699.52	5979.97
699.71	5388.04
699.90	4940.60
700.09	4510.47
700.29	4182.03
700.48	3924.03
700.67	3719.52
700.86	3544.21
701.06	3419.31
701.25	3258.26
701.44	3173.41
701.63	3078.61
701.83	2998.80
702.02	2926.63
702.21	2870.72
702.40	2781.63
702.60	2755.66
702.79	2676.39
702.98	2627.69
703.17	2570.32
703.37	2517.10
703.56	2470.94
703.75	2423.89
703.94	2367.76
704.13	2336.49
704.33	2275.21
704.52	2241.87
704.71	2187.29
704.90	2164.07
705.10	2116.74
705.29	2077.71
705.48	2040.23
705.67	2007.66
705.86	1966.71
706.06	1940.59
706.25	1904.45
706.44	1896.97
706.63	1867.93
706.83	1852.14
707.02	1820.05
707.21	1795.41
707.40	1784.91
707.59	1772.33
707.79	1769.22
707.98	1755.56
708.17	1766.86
708.36	1769.28
708.55	1772.80
708.75	1806.43
708.94	1841.96
709.13	1901.56
709.32	1970.41
709.51	2042.11
709.71	2131.32
709.90	2217.07
710.09	2268.33
710.28	2334.13
710.47	2380.83
710.66	2399.34
710.86	2417.20
711.05	2419.53
711.24	2416.03
711.43	2394.24
711.62	2358.01
711.82	2329.87
712.01	2268.29
712.20	2239.35
712.39	2169.64
712.58	2114.26
712.77	2065.77
712.97	2002.95
713.16	1938.14
713.35	1898.69
713.54	1841.94
713.73	1807.56
713.92	1754.39
714.11	1712.06
714.31	1675.91
714.50	1648.23
714.69	1591.29
714.88	1570.63
715.07	1540.89
715.26	1523.65
715.46	1499.42
715.65	1501.41
715.84	1485.60
716.03	1483.32
716.22	1470.77
716.41	1460.08
716.60	1456.00
716.80	1450.62
716.99	1430.26
717.18	1407.63
717.37	1375.27
717.56	1370.15
717.75	1328.44
717.94	1315.96
718.13	1285.76
718.33	1286.08
718.52	1272.10
718.71	1268.88
718.90	1258.66
719.09	1263.90
719.28	1255.63
719.47	1256.22
719.66	1258.64
719.85	1257.76
720.05	1249.10
720.24	1261.32
720.43	1246.66
720.62	1253.62
720.81	1243.67
721.00	1251.96
721.19	1252.07
721.38	1250.90
721.57	1239.88
721.77	1254.52
721.96	1238.71
722.15	1244.86
722.34	1238.30
722.53	1242.67
722.72	1240.66
722.91	1240.56
723.10	1239.37
723.29	1252.27
723.48	1240.21
723.67	1245.41
723.87	1238.82
724.06	1247.42
724.25	1237.75
724.44	1241.95
724.63	1240.23
724.82	1243.94
725.01	1237.57
725.20	1241.62
725.39	1234.58
725.58	1242.28
725.77	1231.28
725.96	1240.41
726.15	1230.62
726.34	1241.42
726.54	1230.83
726.73	1233.39
726.92	1227.72
727.11	1235.33
727.30	1230.40
727.49	1235.25
727.68	1225.32
727.87	1232.90
728.06	1224.15
728.25	1228.86
728.44	1222.88
728.63	1226.39
728.82	1222.10
729.01	1230.71
729.20	1223.62
729.39	1229.87
729.58	1225.55
729.77	1231.40
729.96	1227.61
730.15	1224.13
730.34	1215.98
730.53	1214.04
730.73	1221.96
730.92	1229.19
731.11	1226.96
731.30	1232.28
731.49	1224.46
731.68	1221.08
731.87	1222.15
732.06	1227.35
732.25	1222.78
732.44	1221.43
732.63	1220.36
732.82	1224.50
733.01	1222.10
733.20	1228.15
733.39	1225.16
733.58	1227.86
733.77	1222.97
733.96	1227.27
734.15	1220.61
734.34	1225.14
734.53	1225.20
734.72	1230.09
734.91	1216.98
735.10	1226.34
735.29	1213.93
735.48	1232.96
735.67	1222.33
735.86	1230.89
736.05	1223.56
736.24	1227.88
736.43	1227.12
736.62	1229.60
736.81	1220.96
737.00	1247.81
737.19	1229.97
737.38	1233.27
737.57	1228.13
737.76	1234.37
737.95	1221.94
738.14	1231.18
738.33	1225.42
738.51	1234.02
738.70	1230.17
738.89	1233.61
739.08	1225.98
739.27	1230.56
739.46	1221.41
739.65	1226.79
739.84	1222.49
740.03	1236.50
740.22	1223.70
740.41	1231.46
740.60	1228.56
740.79	1235.68
740.98	1227.92
741.17	1237.63
741.36	1226.90
741.55	1225.34
741.74	1216.33
741.93	1230.56
742.12	1218.17
742.31	1230.91
742.50	1227.51
742.68	1226.36
742.87	1228.11
743.06	1232.34
743.25	1219.26
743.44	1222.84
743.63	1219.40
743.82	1224.58
744.01	1216.58
744.20	1228.52
744.39	1215.00
744.58	1225.69
744.77	1226.47
744.96	1220.04
745.14	1217.27
745.33	1220.73
745.52	1215.43
745.71	1221.37
745.90	1212.48
746.09	1215.49
746.28	1212.17
746.47	1225.61
746.66	1209.45
746.85	1224.87
747.04	1213.11
747.22	1221.00
747.41	1210.68
747.60	1218.23
747.79	1212.83
747.98	1218.50
748.17	1204.64
748.36	1222.06
748.55	1211.43
748.74	1221.35
748.93	1208.49
749.11	1219.57
749.30	1212.48
749.49	1220.04
749.68	1213.34
749.87	1221.86
750.06	1208.61
750.25	1213.89
750.44	1215.67
750.62	1211.99
750.81	1208.73
751.00	1215.86
751.19	1206.15
751.38	1216.58
751.57	1201.83
751.76	1214.98
751.95	1209.74
752.13	1220.84
752.32	1211.43
752.51	1213.28
752.70	1204.41
752.89	1217.39
753.08	1211.15
753.27	1219.24
753.45	1208.14
753.64	1212.52
753.83	1207.73
754.02	1229.85
754.21	1205.74
754.40	1218.52
754.58	1206.81
754.77	1211.84
754.96	1206.21
755.15	1216.66
755.34	1213.24
755.53	1211.50
755.71	1209.69
755.90	1213.36
756.09	1210.39
756.28	1219.87
756.47	1208.24
756.66	1219.93
756.84	1213.65
757.03	1216.78
757.22	1207.32
757.41	1214.06
757.60	1205.19
757.79	1220.26
757.97	1210.88
758.16	1219.50
758.35	1207.63
758.54	1213.95
758.73	1209.88
758.91	1213.87
759.10	1204.76
759.29	1215.57
759.48	1211.29
759.67	1223.37
759.85	1208.87
760.04	1221.33
760.23	1208.18
760.42	1218.03
760.61	1203.43
760.79	1215.39
760.98	1207.61
761.17	1215.84
761.36	1210.68
761.55	1214.32
761.73	1204.25
761.92	1211.80
762.11	1210.06
762.30	1220.69
762.49	1218.83
762.67	1217.17
762.86	1208.96
763.05	1219.22
763.24	1206.77
763.42	1216.58
763.61	1207.71
763.80	1212.66
763.99	1210.37
764.17	1211.97
764.36	1203.55
764.55	1211.21
764.74	1211.54
764.92	1227.94
765.11	1205.72
765.30	1217.33
765.49	1210.86
765.68	1220.63
765.86	1203.41
766.05	1215.72
766.24	1210.27
766.43	1212.83
766.61	1203.26
766.80	1215.14
766.99	1211.07
767.17	1216.64
767.36	1217.85
767.55	1215.45
767.74	1214.16
767.92	1217.70
768.11	1214.34
768.30	1216.90
768.49	1215.57
768.67	1212.21
768.86	1212.30
769.05	1216.53
769.24	1208.96
769.42	1214.92
769.61	1210.88
769.80	1217.05
769.98	1210.84
770.17	1216.08
770.36	1209.12
770.55	1217.46
770.73	1209.94
770.92	1213.69
771.11	1207.75
771.29	1214.55
771.48	1208.18
771.67	1218.85
771.86	1205.17
772.04	1217.13
772.23	1208.47
772.42	1216.10
772.60	1221.94
772.79	1216.47
772.98	1208.53
773.16	1218.91
773.35	1210.10
773.54	1214.75
773.72	1208.94
773.91	1217.27
774.10	1212.38
774.29	1215.92
774.47	1211.87
774.66	1214.83
774.85	1215.59
775.03	1210.88
775.22	1213.36
775.41	1213.91
775.59	1211.76
775.78	1212.30
775.97	1208.71
776.15	1219.05
776.34	1212.09
776.53	1212.50
776.71	1213.75
776.90	1215.16
777.09	1208.96
777.27	1215.76
777.46	1212.46
777.65	1217.99
777.83	1211.64
778.02	1216.33
778.21	1215.55
778.39	1217.80
778.58	1210.88
778.76	1216.04
778.95	1206.03
779.14	1213.87
779.32	1208.63
779.51	1219.38
779.70	1206.23
779.88	1211.70
780.07	1209.02
780.26	1220.43
780.44	1205.07
780.63	1221.57
780.81	1204.29
781.00	1213.01
781.19	1212.52
781.37	1213.77
781.56	1213.85
781.75	1215.59
781.93	1212.81
782.12	1214.08
782.30	1211.07
782.49	1220.53
782.68	1205.70
782.86	1214.86
783.05	1211.64
783.23	1223.35
783.42	1203.41
783.61	1214.06
783.79	1205.80
783.98	1216.82
784.16	1209.84
784.35	1215.39
784.54	1208.14
784.72	1221.92
784.91	1209.71
785.09	1214.59
785.28	1207.75
785.47	1217.60
785.65	1217.27
785.84	1216.39
786.02	1206.13
786.21	1208.81
786.40	1212.44
786.58	1213.30
786.77	1198.45
786.95	1207.28
787.14	1209.45
787.32	1212.87
787.51	1213.69
787.70	1211.78
787.88	1209.37
788.07	1217.60
788.25	1208.73
788.44	1216.66
788.62	1211.00
788.81	1215.88
789.00	1208.26
789.18	1218.73
789.37	1211.72
789.55	1219.16
789.74	1215.14
789.92	1211.41
790.11	1207.07
790.29	1214.22
790.48	1210.57
790.67	1212.09
790.85	1212.05
791.04	1217.95
791.22	1205.09
791.41	1219.34
791.59	1205.64
791.78	1212.32
791.96	1199.23
792.15	1215.82
792.33	1208.90
792.52	1214.02
792.70	1213.40
792.89	1222.90
793.07	1210.90
793.26	1213.91
793.45	1208.65
793.63	1221.65
793.82	1207.73
794.00	1213.67
794.19	1210.10
794.37	1222.88
794.56	1208.38
794.74	1217.66
794.93	1205.56
795.11	1215.74
795.30	1212.23
795.48	1221.02
795.67	1206.99
795.85	1212.62
796.04	1206.07
796.22	1220.30
796.41	1214.71
796.59	1210.23
796.78	1215.51
796.96	1219.81
797.15	1211.27
797.33	1216.60
797.52	1197.49
797.70	1208.49
797.89	1203.84
798.07	1210.14
798.26	1205.82
798.44	1212.07
798.63	1216.31
798.81	1214.90
798.99	1214.59
799.18	1211.05
799.36	1214.10
799.55	1211.74
799.73	1203.65
799.92	1216.55
800.10	1207.24
800.29	1213.65
800.47	1205.35
800.66	1214.14
800.84	1209.51
801.03	1212.44
801.21	1207.52
801.39	1213.28
801.58	1214.83
801.76	1213.61
801.95	1212.50
802.13	1214.10
802.32	1204.72
802.50	1216.49
802.69	1200.89
802.87	1211.99
803.06	1203.37
803.24	1224.07
803.42	1207.03
803.61	1212.79
803.79	1208.22
803.98	1216.04
804.16	1211.68
804.35	1214.18
804.53	1206.93
804.71	1213.52
804.90	1206.34
805.08	1211.66
805.27	1200.81
805.45	1207.03
805.63	1210.49
805.82	1215.08
806.00	1210.51
806.19	1210.06
806.37	1210.74
806.56	1210.33
806.74	1209.22
806.92	1215.88
807.11	1209.33
807.29	1212.95
807.48	1203.57
807.66	1213.91
807.84	1210.08
808.03	1215.74
808.21	1208.47
808.40	1219.03
808.58	1210.96
808.76	1215.06
808.95	1212.48
809.13	1217.25
809.32	1209.55
809.50	1216.19
809.68	1210.62
809.87	1211.74
810.05	1209.84
810.23	1213.52
810.42	1205.58
810.60	1218.64
810.79	1207.79
810.97	1214.77
811.15	1203.96
811.34	1215.53
811.52	1210.70
811.70	1211.89
811.89	1205.99
812.07	1212.73
812.25	1212.07
812.44	1218.75
812.62	1203.84
812.81	1217.23
812.99	1203.73
813.17	1217.09
813.36	1206.56
813.54	1210.27
813.72	1209.94
813.91	1214.53
814.09	1198.68
814.27	1210.98
814.46	1207.15
814.64	1208.81
814.82	1210.12
815.01	1215.65
815.19	1211.60
815.37	1216.72
815.56	1216.02
815.74	1217.87
815.92	1209.65
816.11	1229.31
816.29	1205.60
816.47	1208.98
816.66	1213.54
816.84	1218.36
817.02	1211.56
817.21	1214.79
817.39	1206.70
817.57	1207.30
817.76	1210.78
817.94	1216.29
818.12	1206.87
818.30	1211.54
818.49	1212.17
818.67	1218.50
818.85	1211.89
819.04	1217.60
819.22	1212.25
819.40	1213.32
819.59	1213.83
819.77	1215.61
819.95	1209.14
820.13	1218.19
820.32	1209.45
820.50	1212.73
820.68	1207.56
820.87	1213.65
821.05	1203.49
821.23	1211.87
821.41	1207.40
821.60	1214.34
821.78	1217.56
821.96	1215.43
822.14	1208.24
822.33	1213.11
822.51	1209.63
822.69	1208.53
822.88	1209.35
823.06	1210.84
823.24	1209.02
823.42	1209.98
823.61	1214.14
823.79	1216.41
823.97	1208.16
824.15	1217.95
824.34	1208.81
824.52	1216.45
824.70	1210.84
824.88	1223.17
825.07	1207.24
825.25	1219.54
825.43	1204.84
825.61	1209.04
825.80	1202.94
825.98	1212.73
826.16	1206.72
826.34	1215.06
826.53	1209.28
826.71	1212.27
826.89	1210.62
827.07	1211.97
827.25	1205.88
827.44	1212.15
827.62	1209.39
827.80	1211.00
827.98	1205.41
828.17	1213.69
828.35	1211.87
828.53	1211.62
828.71	1207.69
828.89	1211.46
829.08	1204.92
829.26	1210.88
829.44	1210.45
829.62	1206.97
829.80	1208.85
829.99	1208.55
830.17	1212.95
830.35	1220.32
830.53	1212.19
830.71	1211.62
830.90	1212.13
831.08	1208.42
831.26	1207.34
831.44	1214.88
831.62	1207.48
831.81	1213.13
831.99	1213.40
832.17	1214.53
832.35	1206.40
832.53	1215.74
832.71	1209.74
832.90	1212.21
833.08	1209.43
833.26	1208.36
833.44	1206.81
833.62	1214.22
833.81	1212.52
833.99	1215.06
834.17	1210.80
834.35	1212.23
834.53	1204.51
834.71	1215.22
834.89	1203.86
835.08	1217.87
835.26	1204.04
835.44	1212.97
835.62	1207.09
835.80	1210.88
835.98	1203.43
836.17	1217.58
836.35	1205.68
836.53	1219.20
836.71	1211.68
836.89	1223.29
837.07	1206.32
837.25	1212.81
837.44	1211.48
837.62	1212.05
837.80	1206.91
837.98	1215.47
838.16	1214.63
838.34	1210.23
838.52	1211.50
838.70	1213.87
838.89	1207.20
839.07	1212.56
839.25	1205.70
839.43	1215.00
839.61	1202.18
839.79	1210.74
839.97	1214.57
840.15	1221.33
840.33	1211.07
840.52	1210.29
840.70	1206.87
840.88	1219.63
841.06	1207.52
841.24	1212.97
841.42	1209.84
841.60	1211.95
841.78	1213.22
841.96	1210.86
842.14	1208.04
842.33	1215.86
842.51	1209.90
842.69	1218.23
842.87	1206.52
843.05	1219.59
843.23	1208.75
843.41	1218.15
843.59	1211.56
843.77	1214.73
843.95	1209.51
844.13	1216.84
844.31	1211.64
844.49	1212.07
844.68	1216.88
844.86	1206.77
845.04	1211.09
845.22	1208.36
845.40	1206.68
845.58	1211.23
845.76	1199.23
845.94	1215.67
846.12	1201.93
846.30	1211.37
846.48	1214.26
846.66	1216.70
846.84	1209.92
847.02	1211.82
847.20	1208.96
847.38	1215.76
847.56	1206.93
847.74	1214.53
847.92	1204.29
848.11	1210.43
848.29	1214.69
848.47	1217.62
848.65	1209.78
848.83	1217.37
849.01	1201.65
849.19	1218.17
849.37	1206.62
849.55	1214.53
849.73	1204.55
849.91	1210.35
850.09	1211.35
850.27	1223.66
850.45	1206.62
850.63	1208.90
850.81	1204.66
850.99	1208.75
851.17	1211.58
851.35	1218.95
851.53	1208.42
851.71	1213.67
851.89	1209.96
852.07	1209.33
852.25	1205.58
852.43	1217.60
852.61	1212.81
852.79	1210.47
852.97	1203.61
853.15	1217.95
853.33	1210.19
853.51	1216.02
853.69	1208.85
853.87	1214.10
854.05	1205.93
854.23	1216.62
854.41	1207.20
854.59	1212.91
854.77	1208.73
854.95	1216.04
855.13	1206.79
855.31	1215.45
855.49	1205.97
855.67	1213.99
855.84	1206.27
856.02	1213.75
856.20	1206.42
856.38	1218.93
856.56	1196.94
856.74	1214.20
856.92	1213.93
857.10	1216.80
857.28	1205.35
857.46	1212.77
857.64	1210.96
857.82	1213.30
858.00	1207.85
858.18	1224.58
858.36	1203.04
858.54	1221.90
858.72	1210.78
858.90	1214.42
859.08	1213.59
859.25	1222.17
859.43	1205.99
859.61	1214.30
859.79	1200.62
859.97	1211.84
860.15	1207.63
860.33	1213.83
860.51	1199.25
860.69	1218.09
860.87	1211.19
861.05	1212.23
861.23	1209.20
861.41	1210.62
861.58	1210.43
861.76	1216.43
861.94	1213.26
862.12	1214.22
862.30	1214.02
862.48	1216.58
862.66	1214.96
862.84	1216.78
863.02	1210.06
863.20	1214.30
863.37	1202.03
863.55	1211.80
863.73	1211.54
863.91	1208.81
864.09	1205.37
864.27	1217.23
864.45	1215.69
864.63	1213.71
864.80	1208.16
864.98	1216.33
865.16	1208.28
865.34	1220.77
865.52	1206.27
865.70	1211.89
865.88	1211.78
866.06	1211.37
866.23	1209.53
866.41	1212.46
866.59	1206.68
866.77	1215.86
866.95	1209.24
867.13	1218.34
867.31	1206.89
867.48	1211.99
867.66	1202.92
867.84	1213.16
868.02	1208.10
868.20	1212.85
868.38	1201.63
868.56	1211.33
868.73	1208.22
868.91	1218.32
869.09	1202.53
869.27	1220.59
869.45	1210.47
869.63	1208.26
869.80	1214.79
869.98	1213.77
870.16	1212.62
870.34	1211.97
870.52	1214.28
870.70	1213.18
870.87	1203.94
871.05	1216.92
871.23	1214.98
871.41	1221.08
871.59	1207.22
871.76	1212.27
871.94	1206.19
872.12	1215.14
872.30	1207.67
872.48	1212.19
872.65	1214.67
872.83	1210.35
873.01	1208.83
873.19	1221.31
873.37	1215.16
873.54	1211.87
873.72	1204.66
873.90	1216.49
874.08	1211.43
874.26	1219.34
874.43	1209.86
874.61	1215.90
874.79	1209.69
874.97	1212.75
875.15	1209.41
875.32	1216.92
875.50	1214.18
875.68	1216.00
875.86	1210.68
876.03	1206.42
876.21	1204.35
876.39	1214.34
876.57	1210.60
876.74	1208.38
876.92	1216.08
877.10	1210.47
877.28	1210.80
877.45	1213.07
877.63	1203.18
877.81	1215.96
877.99	1204.29
878.17	1217.68
878.34	1208.01
878.52	1220.34
878.70	1210.94
878.87	1218.75
879.05	1209.12
879.23	1217.23
879.41	1207.61
879.58	1214.47
879.76	1207.65
879.94	1214.94
880.12	1203.84
880.29	1217.74
880.47	1213.38
880.65	1219.73
880.83	1211.31
881.00	1211.60
881.18	1203.43
881.36	1221.92
881.53	1211.17
881.71	1215.24
881.89	1207.58
882.07	1214.20
882.24	1213.56
882.42	1215.16
882.60	1202.85
882.77	1217.31
882.95	1205.54
883.13	1212.44
883.30	1206.68
883.48	1209.14
883.66	1210.25
883.84	1217.37
884.01	1216.15
884.19	1211.87
884.37	1207.28
884.54	1207.07
884.72	1214.12
884.90	1210.92
885.07	1213.99
885.25	1211.25
885.43	1210.17
885.60	1218.28
885.78	1210.74
885.96	1217.70
886.13	1215.31
886.31	1210.68
886.49	1208.92
886.66	1215.37
886.84	1205.91
887.02	1220.63
887.19	1206.42
887.37	1216.96
887.55	1209.49
887.72	1210.04
887.90	1205.70
888.08	1215.84
888.25	1201.42
888.43	1213.38
888.61	1208.63
888.78	1212.25
888.96	1208.85
889.14	1218.34
889.31	1207.34
889.49	1220.06
889.67	1210.29
889.84	1212.46
890.02	1216.80
890.19	1213.34
890.37	1205.60
890.55	1219.50
890.72	1213.11
890.90	1210.78
891.08	1209.94
891.25	1218.25
891.43	1206.40
891.60	1210.96
891.78	1214.75
891.96	1208.73
892.13	1208.04
892.31	1213.54
892.48	1208.79
892.66	1218.73
892.84	1210.70
893.01	1211.52
893.19	1213.52
893.36	1214.20
893.54	1213.91
893.72	1215.47
893.89	1209.69
894.07	1212.64
894.24	1209.04
894.42	1226.63
894.60	1212.77
894.77	1218.85
894.95	1204.43
895.12	1210.84
895.30	1215.72
895.48	1212.32
895.65	1199.78
895.83	1217.48
896.00	1201.44
896.18	1213.56
896.35	1206.36
896.53	1217.11
896.71	1215.29
896.88	1217.52
897.06	1212.36
897.23	1212.70
897.41	1204.96
897.58	1214.30
897.76	1214.61
897.93	1214.26
898.11	1204.90
898.29	1212.48
898.46	1207.99
898.64	1214.90
898.81	1212.54
898.99	1213.48
899.16	1199.17
899.34	1214.04
899.51	1210.72
899.69	1214.45
899.86	1213.20
900.04	1204.04
900.21	1206.07
900.39	1217.64
900.57	1211.72
900.74	1215.45
900.92	1209.47
901.09	1212.09
901.27	1203.61
901.44	1219.22
901.62	1209.67
901.79	1213.67
901.97	1212.21
902.14	1215.08
902.32	1200.99
902.49	1213.71
902.67	1202.16
902.84	1213.85
903.02	1207.97
903.19	1216.62
903.37	1207.99
903.54	1203.43
903.72	1207.20
903.89	1214.06
904.07	1208.77
904.24	1218.40
904.42	1207.54
904.59	1218.19
904.77	1208.22
904.94	1216.84
905.12	1208.16
905.29	1211.80
905.47	1200.64
905.64	1211.72
905.82	1205.68
905.99	1207.61
906.16	1209.08
906.34	1225.07
906.51	1209.65
906.69	1214.51
906.86	1205.68
907.04	1212.13
907.21	1205.74
907.39	1204.51
907.56	1209.12
907.74	1217.95
907.91	1205.80
908.09	1215.35
908.26	1207.44
908.43	1213.77
908.61	1206.25
908.78	1216.62
908.96	1204.74
909.13	1216.90
909.31	1203.06
909.48	1212.70
909.65	1213.73
909.83	1211.58
910.00	1212.54
910.18	1212.75
910.35	1209.22
910.53	1221.55
910.70	1212.70
910.87	1215.82
911.05	1204.21
911.22	1210.02
911.40	1207.13
911.57	1218.79
911.75	1206.11
911.92	1215.35
912.09	1205.33
912.27	1216.12
912.44	1206.44
912.62	1217.76
912.79	1206.17
912.96	1220.00
913.14	1207.38
913.31	1215.41
913.49	1208.85
913.66	1211.74
913.83	1204.78
914.01	1215.92
914.18	1200.64
914.36	1213.89
914.53	1212.09
914.70	1213.81
914.88	1209.26
915.05	1220.28
915.22	1213.91
915.40	1210.02
915.57	1200.70
915.75	1219.36
915.92	1204.90
916.09	1208.08
916.27	1214.81
916.44	1211.19
916.61	1209.37
916.79	1211.23
916.96	1205.33
917.13	1208.79
917.31	1215.65
917.48	1210.27
917.66	1208.36
917.83	1214.94
918.00	1209.84
918.18	1211.29
918.35	1203.55
918.52	1219.77
918.70	1200.99
918.87	1211.43
919.04	1207.34
919.22	1215.24
919.39	1212.38
919.56	1214.08
919.74	1207.77
919.91	1210.68
920.08	1211.25
920.26	1212.32
920.43	1213.34
920.60	1215.65
920.78	1207.03
920.95	1215.41
921.12	1204.96
921.29	1212.70
921.47	1212.91
921.64	1208.04
921.81	1204.55
921.99	1214.90
922.16	1204.72
922.33	1214.42
922.51	1213.22
922.68	1209.82
922.85	1209.80
923.03	1212.52
923.20	1210.57
923.37	1214.08
923.54	1207.54
923.72	1211.07
923.89	1204.10
924.06	1213.54
924.24	1207.42
924.41	1212.79
924.58	1213.89
924.75	1214.59
924.93	1211.27
925.10	1216.04
925.27	1207.03
925.44	1219.36
925.62	1211.29
925.79	1212.50
925.96	1201.95
926.14	1213.71
926.31	1208.28
926.48	1210.57
926.65	1207.46
926.83	1213.73
927.00	1200.44
927.17	1215.08
927.34	1209.80
927.52	1209.26
927.69	1204.27
927.86	1221.14
928.03	1209.20
928.21	1211.25
928.38	1208.08
928.55	1213.63
928.72	1211.89
928.89	1208.38
929.07	1209.84
929.24	1212.19
929.41	1205.72
929.58	1207.46
929.76	1200.58
929.93	1213.07
930.10	1202.20
930.27	1221.84
930.44	1203.73
930.62	1216.25
930.79	1206.23
930.96	1219.48
931.13	1208.94
931.31	1224.34
931.48	1203.28
931.65	1214.65
931.82	1208.18
931.99	1216.90
932.17	1212.50
932.34	1214.83
932.51	1203.90
932.68	1215.29
932.85	1205.48
933.03	1218.46
933.20	1214.69
933.37	1215.51
933.54	1204.45
933.71	1209.90
933.88	1207.15
934.06	1217.05
934.23	1200.07
934.40	1219.44
934.57	1205.80
934.74	1214.10
934.91	1211.33
935.09	1215.29
935.26	1209.12
935.43	1210.41
935.60	1212.30
935.77	1216.25
935.94	1207.54
936.12	1222.76
936.29	1202.59
936.46	1214.63
936.63	1205.39
936.80	1209.90
936.97	1206.62
937.14	1214.59
937.32	1203.73
937.49	1211.66
937.66	1212.44
937.83	1211.97
938.00	1204.37
938.17	1214.73
938.34	1205.07
938.52	1211.41
938.69	1208.98
938.86	1215.14
939.03	1209.04
939.20	1215.47
939.37	1200.91
939.54	1210.84
939.71	1196.87
939.89	1212.13
940.06	1212.52
940.23	1210.62
940.40	1206.01
940.57	1212.05
940.74	1207.56
940.91	1221.27
941.08	1202.16
941.25	1214.16
941.43	1207.93
941.60	1217.60
941.77	1214.83
941.94	1216.96
942.11	1203.39
942.28	1217.01
942.45	1204.59
942.62	1214.51
942.79	1206.68
942.96	1210.04
943.13	1210.31
943.30	1217.11
943.48	1209.00
943.65	1217.72
943.82	1207.83
943.99	1214.73
944.16	1208.55
944.33	1208.28
944.50	1207.73
944.67	1223.70
944.84	1210.74
945.01	1215.74
945.18	1209.76
945.35	1212.54
945.52	1205.13
945.69	1212.89
945.86	1211.80
946.03	1222.53
946.21	1207.13
946.38	1214.08
946.55	1211.54
946.72	1218.60
946.89	1209.04
947.06	1219.61
947.23	1209.78
947.40	1210.64
947.57	1206.13
947.74	1214.75
947.91	1207.97
948.08	1210.19
948.25	1201.63
948.42	1208.47
948.59	1210.35
948.76	1210.66
948.93	1206.03
949.10	1214.12
949.27	1208.24
949.44	1220.43
949.61	1207.40
949.78	1211.41
949.95	1209.98
950.12	1216.04
950.29	1207.81
950.46	1215.47
950.63	1204.86
950.80	1217.56
950.97	1202.96
951.14	1206.89
951.31	1210.00
951.48	1211.19
951.65	1209.74
951.82	1215.18
951.99	1210.27
952.16	1214.96
952.33	1205.21
952.50	1212.42
952.67	1211.23
952.84	1215.65
953.01	1205.33
953.18	1214.67
953.35	1212.44
953.52	1219.28
953.69	1207.81
953.86	1209.47
954.03	1205.64
954.20	1216.66
954.37	1208.16
954.54	1211.39
954.70	1198.06
954.87	1208.92
955.04	1199.66
955.21	1213.16
955.38	1209.65
955.55	1205.41
955.72	1208.44
955.89	1211.35
956.06	1209.96
956.23	1213.38
956.40	1206.19
956.57	1214.53
956.74	1211.05
956.91	1222.97
957.08	1204.31
957.25	1210.86
957.41	1210.47
957.58	1217.13
957.75	1203.00
957.92	1218.97
958.09	1205.91
958.26	1217.37
958.43	1203.98
958.60	1215.39
958.77	1207.73
958.94	1213.52
959.11	1204.70
959.27	1215.57
959.44	1211.50
959.61	1218.13
959.78	1214.22
959.95	1216.55
960.12	1212.68
960.29	1206.62
960.46	1208.69
960.63	1215.69
960.80	1201.32
960.96	1218.93
961.13	1216.37
961.30	1209.76
961.47	1205.82
961.64	1212.38
961.81	1207.05
961.98	1213.32
962.15	1209.80
962.31	1214.57
962.48	1207.20
962.65	1221.82
962.82	1204.19
962.99	1214.59
963.16	1206.13
963.33	1218.42
963.49	1208.16
963.66	1217.21
963.83	1207.83
964.00	1214.75
964.17	1203.57
964.34	1217.76
964.51	1205.07
964.67	1216.58
964.84	1210.57
965.01	1232.47
965.18	1205.23
965.35	1216.53
965.52	1214.14
965.68	1217.09
965.85	1211.27
966.02	1214.53
966.19	1209.57
966.36	1211.91
966.52	1204.23
966.69	1213.46
966.86	1207.26
967.03	1208.26
967.20	1208.30
967.37	1222.23
967.53	1213.69
967.70	1210.92
967.87	1207.83
968.04	1211.54
968.21	1203.57
968.37	1218.73
968.54	1204.59
968.71	1217.17
968.88	1208.38
969.05	1218.01
969.21	1202.92
969.38	1208.04
969.55	1201.24
969.72	1216.06
969.89	1212.09
970.05	1214.88
970.22	1205.56
970.39	1211.62
970.56	1202.69
970.72	1208.63
970.89	1208.57
971.06	1217.91
971.23	1207.26
971.39	1212.11
971.56	1202.40
971.73	1210.00
971.90	1213.28
972.07	1205.41
972.23	1208.18
972.40	1217.74
972.57	1207.58
972.74	1215.35
972.90	1207.36
973.07	1213.77
973.24	1205.84
973.40	1209.57
973.57	1212.30
973.74	1220.45
973.91	1211.82
974.07	1218.62
974.24	1206.83
974.41	1220.38
974.58	1212.30
974.74	1217.85
974.91	1211.37
975.08	1213.71
975.25	1204.04
975.41	1208.81
975.58	1200.97
975.75	1216.76
975.91	1204.43
976.08	1206.50
976.25	1207.24
976.42	1207.79
976.58	1217.29
976.75	1211.54
976.92	1207.24
977.08	1212.75
977.25	1210.70
977.42	1222.76
977.58	1214.92
977.75	1205.95
977.92	1210.17
978.08	1214.96
978.25	1216.78
978.42	1214.10
978.59	1207.58
978.75	1214.28
978.92	1209.94
979.09	1213.63
979.25	1205.07
979.42	1216.49
979.59	1209.41
979.75	1213.03
979.92	1210.45
980.09	1213.44
980.25	1207.13
980.42	1216.43
980.59	1207.75
980.75	1207.38
980.92	1209.76
981.09	1217.76
981.25	1210.53
981.42	1220.67
981.59	1212.42
981.75	1216.70
981.92	1205.50
982.08	1216.92
982.25	1209.67
982.42	1212.44
982.58	1208.53
982.75	1214.88
982.92	1205.68
983.08	1216.53
983.25	1206.42
983.42	1219.67
983.58	1208.04
983.75	1218.71
983.91	1206.25
984.08	1214.10
984.25	1204.53
984.41	1209.90
984.58	1204.98
984.74	1212.36
984.91	1200.95
985.08	1211.29
985.24	1211.17
985.41	1213.16
985.57	1214.75
985.74	1213.01
985.91	1206.75
986.07	1217.72
986.24	1207.50
986.40	1207.65
986.57	1201.44
986.74	1216.45
986.90	1206.01
987.07	1207.36
987.23	1208.61
987.40	1207.75
987.57	1214.26
987.73	1212.40
987.90	1208.75
988.06	1211.66
988.23	1205.68
988.39	1214.34
988.56	1213.30
988.73	1218.11
988.89	1200.81
989.06	1215.10
989.22	1207.40
989.39	1218.93
989.55	1205.52
989.72	1213.93
989.88	1202.44
990.05	1214.16
990.22	1212.68
990.38	1217.58
990.55	1206.21
990.71	1214.73
990.88	1206.85
991.04	1216.86
991.21	1204.45
991.37	1214.20
991.54	1208.47
991.70	1214.30
991.87	1216.39
992.03	1212.09
992.20	1212.38
992.36	1215.12
992.53	1204.35
992.69	1213.26
992.86	1209.35
993.03	1212.48
993.19	1208.75
993.36	1217.35
993.52	1214.51
993.69	1209.94
993.85	1204.82
994.02	1210.37
994.18	1207.48
994.35	1217.21
994.51	1209.84
994.68	1208.79
994.84	1212.21
995.01	1217.44
995.17	1218.54
995.34	1208.24
995.50	1205.23
995.66	1210.70
995.83	1206.29
995.99	1211.48
996.16	1203.26
996.32	1215.84
996.49	1206.11
996.65	1206.66
996.82	1214.92
996.98	1214.51
997.15	1208.73
997.31	1218.60
997.48	1203.86
997.64	1216.58
997.81	1212.09
997.97	1217.50
998.13	1204.92
998.30	1215.49
998.46	1210.74
998.63	1207.61
998.79	1204.74
998.96	1217.95
999.12	1206.46
999.29	1215.88
999.45	1208.18
999.61	1216.88
999.78	1203.71
999.94	1210.84
1000.11	1211.93
1000.27	1214.32
1000.44	1203.69
1000.60	1216.60
1000.76	1211.35
1000.93	1216.94
1001.09	1210.31
1001.26	1214.06
1001.42	1207.61
1001.59	1215.63
1001.75	1210.27
1001.91	1219.48
1002.08	1205.27
1002.24	1219.75
1002.41	1209.82
1002.57	1212.11
1002.73	1205.62
1002.90	1209.39
1003.06	1210.14
1003.23	1217.85
1003.39	1207.81
1003.55	1214.67
1003.72	1212.99
1003.88	1214.36
1004.04	1204.41
1004.21	1214.59
1004.37	1204.86
1004.54	1212.97
1004.70	1204.45
1004.86	1214.90
1005.03	1211.91
1005.19	1209.14
1005.35	1207.65
1005.52	1213.89
1005.68	1208.18
1005.85	1220.24
1006.01	1207.26
1006.17	1214.16
1006.34	1209.84
1006.50	1215.59
1006.66	1209.31
1006.83	1214.55
1006.99	1203.65
1007.15	1213.05
1007.32	1202.92
1007.48	1213.36
1007.64	1205.86
1007.81	1215.61
1007.97	1208.06
1008.13	1215.47
1008.30	1203.73
1008.46	1213.77
1008.62	1205.13
1008.79	1215.59
1008.95	1207.83
1009.11	1215.86
1009.28	1204.70
1009.44	1207.03
1009.60	1205.27
1009.77	1217.13
1009.93	1213.30
1010.09	1217.19
1010.25	1207.36
1010.42	1212.95
1010.58	1207.67
1010.74	1209.94
1010.91	1211.82
1011.07	1209.16
1011.23	1211.62
1011.40	1216.64
1011.56	1200.21
1011.72	1209.90
1011.88	1213.95
1012.05	1205.66
1012.21	1207.77
1012.37	1219.81
1012.54	1212.83
1012.70	1212.25
1012.86	1209.47
1013.02	1212.87
1013.19	1207.73
1013.35	1212.38
1013.51	1214.38
1013.67	1215.69
1013.84	1214.10
1014.00	1218.77
1014.16	1209.24
1014.33	1209.31
1014.49	1213.28
1014.65	1209.84
1014.81	1203.51
1014.98	1214.77
1015.14	1203.96
1015.30	1212.19
1015.46	1208.90
1015.62	1210.17
1015.79	1211.21
1015.95	1217.74
1016.11	1208.47
1016.27	1212.44
1016.44	1205.00
1016.60	1212.07
1016.76	1204.78
1016.92	1209.90
1017.09	1211.62
1017.25	1217.54
1017.41	1204.53
1017.57	1215.18
1017.73	1210.21
1017.90	1212.50
1018.06	1210.31
1018.22	1216.84
1018.38	1207.67
1018.54	1209.22
1018.71	1207.77
1018.87	1209.80
1019.03	1206.40
1019.19	1214.92
1019.35	1211.58
1019.52	1213.97
1019.68	1207.56
1019.84	1208.44
1020.00	1202.38
1020.16	1211.03
1020.33	1209.24
1020.49	1211.50
1020.65	1210.08
1020.81	1217.99
1020.97	1202.81
1021.13	1220.41
1021.30	1209.67
1021.46	1214.47
1021.62	1213.61
1021.78	1214.06
1021.94	1210.96
1022.10	1211.23
1022.27	1206.09
1022.43	1214.45
1022.59	1209.20
1022.75	1214.67
1022.91	1206.81
1023.07	1213.44
1023.24	1207.81
1023.40	1206.27
1023.56	1209.37
1023.72	1213.75
1023.88	1213.05
1024.04	1214.94
1024.20	1210.96
1024.36	1212.38
1024.53	1203.30
1024.69	1217.19
1024.85	1205.52
1025.01	1213.30
1025.17	1207.34
1025.33	1213.16
1025.49	1210.94
1025.65	1219.61
1025.82	1206.93
1025.98	1219.69
1026.14	1209.02
1026.30	1213.89
1026.46	1209.82
1026.62	1213.54
1026.78	1205.93
1026.94	1215.41
1027.10	1210.41
1027.26	1210.35
1027.43	1211.60
1027.59	1211.11
1027.75	1210.35
1027.91	1210.55
1028.07	1205.54
1028.23	1216.62
1028.39	1204.66
1028.55	1211.70
1028.71	1200.50
1028.87	1215.16
1029.03	1207.09
1029.19	1216.37
1029.36	1207.99
1029.52	1211.50
1029.68	1206.93
1029.84	1218.32
1030.00	1218.73
1030.16	1215.26
1030.32	1209.49
1030.48	1213.52
1030.64	1203.49
1030.80	1212.48
1030.96	1207.24
1031.12	1216.47
1031.28	1208.57
1031.44	1218.46
1031.60	1212.54
1031.76	1214.14
1031.92	1205.64
1032.08	1225.30
1032.24	1206.07
1032.40	1213.63
1032.56	1211.05
1032.73	1217.78
1032.89	1209.37
1033.05	1214.40
1033.21	1211.23
1033.37	1211.68
1033.53	1210.04
1033.69	1216.27
1033.85	1213.79
1034.01	1212.15
1034.17	1206.38
1034.33	1216.58
1034.49	1199.90
1034.65	1219.32
1034.81	1206.05
1034.97	1207.97
1035.13	1210.12
1035.29	1214.61
1035.45	1200.68
1035.61	1212.03
1035.77	1215.45
1035.93	1208.22
1036.09	1206.75
1036.25	1217.52
1036.41	1203.51
1036.57	1218.23
1036.73	1209.49
1036.88	1220.59
1037.04	1213.56
