345.52	1209.80
345.73	1209.80
345.94	1209.80
346.16	1202.69
346.37	1206.93
346.58	1211.07
346.79	1211.21
347.00	1203.00
347.22	1216.29
347.43	1210.04
347.64	1207.69
347.85	1207.97
348.06	1212.48
348.28	1210.84
348.49	1217.80
348.70	1212.95
348.91	1216.47
349.12	1209.33
349.34	1215.26
349.55	1210.68
349.76	1213.22
349.97	1212.58
350.18	1214.69
350.40	1208.90
350.61	1217.39
350.82	1204.08
351.03	1215.16
351.24	1205.68
351.46	1216.25
351.67	1210.72
351.88	1218.19
352.09	1207.24
352.30	1209.63
352.51	1213.44
352.73	1207.79
352.94	1209.98
353.15	1218.62
353.36	1210.86
353.57	1217.31
353.79	1210.68
354.00	1218.71
354.21	1210.12
354.42	1219.81
354.63	1205.72
354.84	1218.42
355.06	1207.07
355.27	1216.62
355.48	1211.78
355.69	1215.22
355.90	1208.71
356.11	1221.29
356.33	1209.45
356.54	1222.06
356.75	1213.20
356.96	1221.35
357.17	1210.96
357.38	1218.89
357.60	1206.91
357.81	1215.41
358.02	1205.45
358.23	1224.11
358.44	1212.62
358.65	1218.91
358.87	1206.89
359.08	1216.94
359.29	1207.22
359.50	1220.08
359.71	1206.58
359.92	1218.54
360.13	1205.74
360.35	1219.36
360.56	1214.65
360.77	1216.23
360.98	1211.13
361.19	1217.62
361.40	1213.24
361.62	1225.12
361.83	1205.91
362.04	1216.72
362.25	1213.18
362.46	1220.61
362.67	1214.08
362.88	1213.38
363.10	1216.45
363.31	1220.81
363.52	1214.92
363.73	1220.47
363.94	1211.43
364.15	1215.72
364.36	1212.52
364.57	1216.27
364.79	1211.17
365.00	1217.05
365.21	1209.12
365.42	1221.29
365.63	1211.39
365.84	1215.80
366.05	1211.21
366.27	1215.14
366.48	1209.10
366.69	1218.03
366.90	1210.86
367.11	1214.30
367.32	1215.57
367.53	1218.32
367.74	1210.45
367.95	1216.12
368.17	1210.43
368.38	1221.31
368.59	1205.43
368.80	1215.84
369.01	1208.04
369.22	1214.36
369.43	1210.02
369.64	1221.78
369.86	1216.02
370.07	1222.35
370.28	1212.54
370.49	1219.79
370.70	1208.77
370.91	1225.69
371.12	1209.55
371.33	1213.52
371.54	1212.38
371.76	1217.80
371.97	1213.56
372.18	1213.22
372.39	1202.69
372.60	1222.86
372.81	1212.19
373.02	1214.59
373.23	1216.33
373.44	1222.43
373.65	1208.92
373.87	1227.27
374.08	1207.77
374.29	1218.46
374.50	1211.41
374.71	1212.11
374.92	1211.95
375.13	1217.56
375.34	1214.14
375.55	1217.76
375.76	1208.01
375.97	1216.23
376.19	1206.83
376.40	1217.76
376.61	1215.31
376.82	1215.55
377.03	1216.27
377.24	1219.36
377.45	1216.64
377.66	1219.14
377.87	1209.88
378.08	1223.99
378.29	1213.83
378.50	1218.62
378.71	1211.46
378.93	1216.10
379.14	1207.89
379.35	1220.16
379.56	1212.27
379.77	1223.66
379.98	1215.33
380.19	1220.69
380.40	1215.69
380.61	1221.06
380.82	1218.71
381.03	1223.78
381.24	1208.53
381.45	1216.15
381.66	1215.49
381.88	1224.05
382.09	1209.53
382.30	1218.01
382.51	1208.85
382.72	1219.89
382.93	1207.58
383.14	1217.91
383.35	1213.01
383.56	1219.67
383.77	1214.45
383.98	1214.96
384.19	1211.15
384.40	1223.99
384.61	1210.80
384.82	1221.08
385.03	1205.66
385.24	1227.37
385.45	1218.44
385.67	1213.85
385.88	1209.53
386.09	1223.25
386.30	1207.26
386.51	1219.50
386.72	1213.85
386.93	1227.96
387.14	1214.16
387.35	1214.34
387.56	1218.54
387.77	1227.45
387.98	1215.24
388.19	1213.61
388.40	1217.44
388.61	1212.42
388.82	1209.35
389.03	1215.18
389.24	1221.10
389.45	1218.91
389.66	1210.82
389.87	1224.91
390.08	1218.11
390.29	1214.98
390.50	1215.06
390.71	1220.73
390.92	1216.45
391.13	1217.35
391.34	1211.68
391.55	1216.39
391.76	1213.22
391.98	1225.55
392.19	1209.10
392.40	1218.99
392.61	1211.46
392.82	1220.63
393.03	1211.29
393.24	1225.69
393.45	1214.20
393.66	1214.71
393.87	1213.91
394.08	1223.48
394.29	1211.09
394.50	1221.35
394.71	1214.90
394.92	1226.71
395.13	1213.97
395.34	1215.18
395.55	1212.32
395.76	1222.29
395.97	1214.65
396.18	1219.20
396.39	1202.98
396.60	1215.96
396.81	1215.14
397.02	1222.76
397.23	1213.69
397.44	1220.32
397.65	1206.01
397.86	1225.24
398.07	1206.11
398.28	1215.63
398.49	1213.95
398.70	1216.45
398.91	1212.95
399.12	1216.90
399.33	1211.13
399.54	1217.03
399.75	1217.05
399.96	1221.47
400.17	1212.64
400.38	1215.49
400.59	1216.86
400.80	1222.23
401.01	1211.37
401.22	1222.56
401.42	1207.77
401.63	1212.60
401.84	1220.14
402.05	1221.84
402.26	1216.98
402.47	1220.12
402.68	1215.10
402.89	1213.28
403.10	1214.38
403.31	1220.63
403.52	1212.56
403.73	1220.38
403.94	1212.60
404.15	1219.69
404.36	1219.42
404.57	1225.89
404.78	1213.89
404.99	1218.60
405.20	1218.13
405.41	1216.17
405.62	1211.89
405.83	1222.72
406.04	1214.22
406.25	1220.32
406.46	1213.54
406.67	1219.83
406.88	1216.08
407.09	1214.92
407.30	1212.91
407.50	1219.42
407.71	1210.55
407.92	1227.80
408.13	1205.50
408.34	1221.61
408.55	1219.16
408.76	1218.85
408.97	1219.77
409.18	1222.72
409.39	1218.17
409.60	1218.79
409.81	1216.88
410.02	1222.43
410.23	1215.24
410.44	1214.86
410.65	1210.72
410.86	1221.49
411.07	1213.77
411.27	1221.90
411.48	1212.19
411.69	1224.23
411.90	1210.57
412.11	1219.36
412.32	1212.46
412.53	1219.44
412.74	1212.27
412.95	1221.57
413.16	1206.46
413.37	1223.68
413.58	1214.63
413.79	1216.15
414.00	1210.80
414.20	1212.95
414.41	1212.60
414.62	1219.16
414.83	1206.13
415.04	1220.61
415.25	1211.00
415.46	1218.23
415.67	1211.87
415.88	1225.09
416.09	1213.38
416.30	1212.70
416.51	1220.45
416.71	1215.76
416.92	1216.76
417.13	1218.60
417.34	1214.18
417.55	1210.08
417.76	1209.20
417.97	1221.35
418.18	1212.36
418.39	1223.87
418.60	1218.71
418.81	1217.17
419.01	1206.52
419.22	1212.75
419.43	1210.19
419.64	1221.49
419.85	1215.00
420.06	1219.09
420.27	1212.83
420.48	1223.27
420.69	1210.25
420.90	1218.91
421.10	1214.26
421.31	1214.40
421.52	1203.98
421.73	1221.02
421.94	1216.39
422.15	1217.56
422.36	1213.63
422.57	1211.76
422.78	1208.34
422.98	1227.72
423.19	1216.41
423.40	1217.31
423.61	1213.42
423.82	1220.10
424.03	1215.37
424.24	1216.86
424.45	1208.24
424.65	1218.09
424.86	1207.36
425.07	1224.85
425.28	1208.77
425.49	1217.27
425.70	1210.17
425.91	1221.35
426.12	1210.74
426.32	1218.95
426.53	1216.33
426.74	1213.97
426.95	1210.39
427.16	1222.64
427.37	1209.57
427.58	1214.88
427.78	1208.55
427.99	1220.04
428.20	1220.08
428.41	1221.16
428.62	1210.96
428.83	1218.50
429.04	1214.73
429.24	1217.74
429.45	1214.28
429.66	1223.15
429.87	1202.03
430.08	1220.22
430.29	1218.48
430.50	1219.30
430.70	1217.27
430.91	1218.81
431.12	1220.30
431.33	1220.79
431.54	1209.88
431.75	1212.17
431.96	1215.59
432.16	1228.62
432.37	1213.99
432.58	1227.00
432.79	1206.66
433.00	1219.83
433.21	1211.76
433.41	1217.91
433.62	1210.68
433.83	1217.52
434.04	1210.43
434.25	1218.28
434.46	1206.40
434.66	1217.29
434.87	1214.77
435.08	1208.71
435.29	1212.99
435.50	1222.92
435.71	1212.79
435.91	1212.19
436.12	1217.17
436.33	1223.11
436.54	1211.64
436.75	1220.49
436.95	1209.26
437.16	1213.97
437.37	1215.61
437.58	1217.23
437.79	1210.70
438.00	1219.42
438.20	1207.48
438.41	1220.30
438.62	1221.24
438.83	1219.46
439.04	1215.57
439.24	1222.00
439.45	1214.04
439.66	1215.61
439.87	1214.04
440.08	1214.40
440.28	1214.14
440.49	1216.92
440.70	1215.82
440.91	1219.16
441.12	1211.70
441.32	1222.92
441.53	1215.78
441.74	1216.51
441.95	1209.61
442.16	1223.58
442.36	1210.43
442.57	1218.60
442.78	1217.27
442.99	1222.88
443.20	1206.19
443.40	1214.26
443.61	1211.68
443.82	1215.55
444.03	1207.79
444.24	1220.59
444.44	1207.79
444.65	1220.90
444.86	1213.30
445.07	1216.49
445.27	1216.96
445.48	1215.22
445.69	1216.15
445.90	1222.39
446.11	1206.32
446.31	1219.73
446.52	1208.22
446.73	1218.44
446.94	1215.16
447.14	1216.35
447.35	1211.09
447.56	1217.05
447.77	1212.09
447.97	1218.46
448.18	1208.81
448.39	1216.66
448.60	1208.06
448.81	1215.88
449.01	1206.38
449.22	1219.73
449.43	1216.10
449.64	1219.52
449.84	1210.62
450.05	1222.70
450.26	1222.60
450.47	1219.46
450.67	1220.57
450.88	1219.81
451.09	1212.62
451.30	1218.87
451.50	1217.78
451.71	1220.77
451.92	1217.46
452.13	1209.26
452.33	1217.29
452.54	1222.21
452.75	1216.37
452.96	1223.91
453.16	1215.92
453.37	1224.15
453.58	1210.47
453.79	1223.80
453.99	1211.74
454.20	1220.86
454.41	1208.12
454.61	1219.50
454.82	1215.20
455.03	1215.24
455.24	1214.06
455.44	1221.06
455.65	1215.74
455.86	1219.89
456.07	1214.36
456.27	1215.41
456.48	1214.34
456.69	1218.83
456.90	1217.31
457.10	1227.47
457.31	1207.18
457.52	1221.18
457.72	1212.56
457.93	1215.94
458.14	1214.79
458.35	1220.73
458.55	1214.75
458.76	1222.86
458.97	1206.29
459.17	1216.64
459.38	1210.45
459.59	1223.48
459.80	1218.89
460.00	1221.16
460.21	1218.34
460.42	1221.70
460.62	1215.96
460.83	1222.92
461.04	1215.76
461.25	1224.83
461.45	1209.82
461.66	1218.71
461.87	1210.94
462.07	1223.52
462.28	1214.79
462.49	1222.64
462.69	1219.30
462.90	1222.31
463.11	1219.87
463.31	1220.24
463.52	1212.73
463.73	1218.13
463.94	1213.65
464.14	1219.42
464.35	1216.21
464.56	1217.17
464.76	1216.66
464.97	1217.29
465.18	1206.46
465.38	1223.85
465.59	1213.67
465.80	1214.55
466.00	1213.65
466.21	1221.96
466.42	1211.17
466.62	1224.75
466.83	1211.50
467.04	1218.77
467.24	1215.18
467.45	1220.34
467.66	1208.30
467.86	1222.19
468.07	1210.14
468.28	1218.68
468.48	1210.35
468.69	1221.90
468.90	1214.67
469.10	1222.74
469.31	1208.67
469.52	1218.93
469.72	1211.50
469.93	1221.70
470.14	1206.89
470.34	1223.03
470.55	1212.13
470.76	1214.75
470.96	1219.77
471.17	1214.83
471.38	1214.18
471.58	1219.48
471.79	1215.84
472.00	1220.08
472.20	1212.56
472.41	1219.67
472.62	1213.97
472.82	1225.28
473.03	1210.17
473.24	1221.57
473.44	1213.07
473.65	1222.72
473.85	1206.72
474.06	1220.98
474.27	1215.16
474.47	1223.31
474.68	1211.23
474.89	1217.13
475.09	1214.38
475.30	1220.02
475.51	1207.30
475.71	1223.23
475.92	1216.84
476.12	1225.32
476.33	1212.46
476.54	1214.22
476.74	1218.58
476.95	1222.33
477.16	1218.81
477.36	1222.80
477.57	1210.68
477.77	1214.90
477.98	1214.69
478.19	1215.29
478.39	1211.68
478.60	1221.74
478.81	1217.95
479.01	1214.88
479.22	1210.31
479.42	1219.59
479.63	1206.40
479.84	1214.98
480.04	1206.68
480.25	1215.63
480.45	1216.86
480.66	1221.84
480.87	1213.38
481.07	1221.33
481.28	1218.52
481.48	1218.85
481.69	1214.51
481.90	1218.46
482.10	1212.38
482.31	1215.76
482.51	1212.32
482.72	1223.40
482.93	1214.67
483.13	1219.50
483.34	1214.26
483.54	1213.40
483.75	1211.03
483.96	1214.53
484.16	1215.59
484.37	1230.34
484.57	1212.93
484.78	1218.48
484.99	1211.89
485.19	1219.01
485.40	1223.83
485.60	1220.73
485.81	1210.31
486.01	1221.96
486.22	1219.50
486.43	1222.70
486.63	1216.19
486.84	1219.61
487.04	1213.11
487.25	1216.72
487.46	1217.93
487.66	1216.39
487.87	1222.17
488.07	1216.12
488.28	1216.98
488.48	1218.28
488.69	1215.29
488.89	1220.24
489.10	1212.11
489.31	1224.05
489.51	1212.77
489.72	1218.99
489.92	1210.23
490.13	1226.77
490.33	1205.41
490.54	1221.22
490.75	1213.97
490.95	1216.80
491.16	1221.53
491.36	1222.08
491.57	1213.03
491.77	1221.22
491.98	1213.59
492.18	1218.44
492.39	1209.04
492.59	1218.17
492.80	1208.20
493.01	1219.63
493.21	1212.75
493.42	1218.75
493.62	1211.80
493.83	1219.40
494.03	1215.92
494.24	1220.45
494.44	1213.28
494.65	1218.11
494.85	1207.20
495.06	1220.12
495.26	1213.44
495.47	1219.22
495.68	1220.00
495.88	1217.39
496.09	1214.40
496.29	1219.95
496.50	1214.40
496.70	1220.47
496.91	1215.12
497.11	1222.41
497.32	1217.56
497.52	1222.51
497.73	1204.23
497.93	1209.45
498.14	1212.52
498.34	1217.64
498.55	1211.43
498.75	1216.49
498.96	1214.98
499.16	1222.06
499.37	1213.22
499.57	1215.29
499.78	1215.37
499.98	1223.03
500.19	1212.19
500.39	1218.71
500.60	1217.70
500.80	1215.22
501.01	1211.64
501.21	1212.56
501.42	1217.27
501.62	1215.26
501.83	1216.02
502.03	1220.45
502.24	1215.55
502.44	1222.92
502.65	1213.46
502.85	1216.76
503.06	1209.20
503.26	1213.28
503.47	1217.44
503.67	1216.62
503.88	1216.12
504.08	1217.03
504.29	1216.84
504.49	1219.59
504.70	1210.68
504.90	1221.22
505.11	1212.52
505.31	1217.21
505.52	1216.88
505.72	1223.23
505.93	1212.11
506.13	1214.16
506.34	1203.80
506.54	1216.45
506.75	1211.13
506.95	1210.66
507.16	1215.94
507.36	1220.94
507.56	1210.06
507.77	1223.03
507.97	1218.89
508.18	1217.97
508.38	1210.57
508.59	1220.14
508.79	1215.10
509.00	1223.93
509.20	1212.48
509.41	1218.40
509.61	1215.29
509.82	1216.68
510.02	1208.87
510.22	1221.37
510.43	1214.61
510.63	1217.95
510.84	1213.61
511.04	1218.36
511.25	1211.29
511.45	1218.01
511.66	1212.95
511.86	1219.52
512.06	1212.46
512.27	1215.53
512.47	1213.71
512.68	1212.64
512.88	1211.37
513.09	1223.68
513.29	1216.29
513.50	1220.45
513.70	1214.20
513.90	1212.81
514.11	1216.08
514.31	1214.81
514.52	1214.02
514.72	1223.03
514.93	1212.99
515.13	1221.72
515.33	1211.64
515.54	1213.81
515.74	1215.53
515.95	1216.90
516.15	1211.03
516.36	1217.72
516.56	1216.02
516.76	1218.01
516.97	1219.01
517.17	1215.00
517.38	1210.68
517.58	1213.93
517.78	1207.63
517.99	1221.16
518.19	1210.80
518.40	1220.79
518.60	1217.56
518.81	1215.82
519.01	1215.96
519.21	1215.67
519.42	1216.84
519.62	1220.32
519.83	1218.68
520.03	1211.70
520.23	1213.34
520.44	1217.52
520.64	1215.14
520.85	1218.28
521.05	1214.57
521.25	1223.37
521.46	1212.13
521.66	1217.01
521.86	1216.21
522.07	1214.14
522.27	1216.10
522.48	1219.54
522.68	1218.09
522.88	1219.09
523.09	1220.59
523.29	1219.91
523.50	1207.42
523.70	1220.24
523.90	1209.69
524.11	1225.24
524.31	1209.94
524.51	1215.53
524.72	1217.70
524.92	1216.29
525.13	1214.75
525.33	1223.03
525.53	1220.28
525.74	1216.41
525.94	1208.36
526.14	1217.60
526.35	1212.48
526.55	1220.04
526.76	1213.73
526.96	1222.56
527.16	1207.48
527.37	1223.03
527.57	1213.63
527.77	1216.17
527.98	1222.31
528.18	1217.23
528.38	1217.74
528.59	1221.78
528.79	1220.00
528.99	1219.77
529.20	1214.83
529.40	1218.81
529.61	1212.79
529.81	1220.32
530.01	1216.31
530.22	1219.28
530.42	1211.21
530.62	1215.57
530.83	1208.94
531.03	1219.34
531.23	1211.93
531.44	1223.66
531.64	1210.70
531.84	1224.50
532.05	1211.95
532.25	1220.43
532.45	1206.42
532.66	1221.94
532.86	1209.59
533.06	1217.93
533.27	1215.08
533.47	1222.94
533.67	1211.41
533.88	1227.68
534.08	1217.93
534.28	1223.29
534.49	1212.38
534.69	1218.46
534.89	1210.29
535.09	1211.37
535.30	1216.23
535.50	1210.14
535.70	1212.38
535.91	1209.10
536.11	1208.16
536.31	1220.88
536.52	1215.12
536.72	1222.66
536.92	1210.04
537.13	1218.91
537.33	1214.30
537.53	1220.34
537.74	1209.39
537.94	1212.13
538.14	1212.62
538.34	1222.51
538.55	1211.29
538.75	1225.12
538.95	1213.32
539.16	1221.80
539.36	1218.42
539.56	1217.72
539.77	1210.57
539.97	1224.73
540.17	1214.77
540.37	1210.02
540.58	1208.34
540.78	1218.99
540.98	1213.75
541.19	1220.86
541.39	1216.98
541.59	1214.79
541.79	1215.86
542.00	1220.88
542.20	1215.94
542.40	1213.34
542.60	1216.64
542.81	1216.27
543.01	1207.30
543.21	1222.15
543.42	1207.85
543.62	1222.66
543.82	1213.83
544.02	1223.40
544.23	1211.58
544.43	1221.20
544.63	1218.75
544.83	1220.81
545.04	1218.52
545.24	1216.15
545.44	1216.27
545.64	1223.07
545.85	1208.49
546.05	1220.79
546.25	1212.21
546.45	1218.42
546.66	1226.39
546.86	1221.74
547.06	1206.77
547.27	1219.85
547.47	1216.37
547.67	1218.05
547.87	1211.46
548.07	1221.59
548.28	1216.53
548.48	1219.11
548.68	1217.97
548.88	1223.68
549.09	1206.15
549.29	1223.58
549.49	1213.75
549.69	1219.83
549.90	1209.53
550.10	1218.85
550.30	1218.58
550.50	1216.98
550.71	1212.87
550.91	1211.62
551.11	1210.76
551.31	1217.52
551.51	1208.49
551.72	1215.88
551.92	1212.23
552.12	1214.34
552.32	1210.23
552.53	1217.37
552.73	1210.92
552.93	1212.87
553.13	1218.05
553.33	1224.40
553.54	1213.18
553.74	1221.06
553.94	1208.53
554.14	1216.25
554.35	1213.42
554.55	1219.46
554.75	1213.22
554.95	1216.74
555.15	1211.70
555.36	1216.10
555.56	1210.94
555.76	1216.43
555.96	1215.72
556.16	1227.61
556.37	1215.53
556.57	1216.58
556.77	1210.76
556.97	1219.11
557.17	1207.93
557.38	1223.78
557.58	1217.52
557.78	1215.35
557.98	1207.69
558.18	1217.66
558.38	1215.61
558.59	1214.65
558.79	1217.15
558.99	1219.83
559.19	1214.96
559.39	1222.92
559.60	1211.35
559.80	1219.20
560.00	1210.92
560.20	1220.57
560.40	1215.24
560.60	1222.60
560.81	1214.96
561.01	1218.68
561.21	1215.63
561.41	1220.96
561.61	1214.77
561.81	1216.35
562.02	1213.22
562.22	1217.11
562.42	1219.34
562.62	1217.87
562.82	1218.34
563.02	1219.38
563.23	1210.21
563.43	1221.22
563.63	1212.68
563.83	1216.76
564.03	1217.56
564.23	1220.73
564.43	1209.74
564.64	1217.52
564.84	1212.56
565.04	1222.08
565.24	1208.30
565.44	1211.80
565.64	1209.02
565.85	1223.76
566.05	1207.75
566.25	1215.84
566.45	1213.24
566.65	1220.32
566.85	1215.51
567.05	1218.28
567.25	1212.15
567.46	1214.16
567.66	1211.84
567.86	1219.73
568.06	1215.45
568.26	1220.18
568.46	1212.97
568.66	1215.20
568.86	1212.27
569.07	1216.60
569.27	1210.76
569.47	1218.13
569.67	1213.85
569.87	1218.19
570.07	1216.72
570.27	1217.58
570.47	1219.07
570.68	1221.18
570.88	1213.63
571.08	1218.32
571.28	1207.13
571.48	1211.70
571.68	1213.28
571.88	1218.97
572.08	1211.54
572.28	1218.30
572.49	1219.46
572.69	1224.93
572.89	1204.27
573.09	1215.96
573.29	1212.73
573.49	1215.53
573.69	1213.30
573.89	1221.98
574.09	1222.43
574.29	1214.34
574.50	1209.24
574.70	1215.20
574.90	1211.99
575.10	1214.79
575.30	1213.32
575.50	1215.14
575.70	1219.09
575.90	1217.35
576.10	1210.39
576.30	1221.80
576.50	1210.92
576.70	1221.84
576.91	1213.89
577.11	1214.45
577.31	1204.68
577.51	1227.55
577.71	1207.03
577.91	1217.89
578.11	1212.23
578.31	1216.58
578.51	1219.79
578.71	1223.23
578.91	1211.33
579.11	1220.57
579.31	1219.01
579.51	1219.95
579.71	1216.80
579.92	1217.66
580.12	1218.28
580.32	1212.21
580.52	1210.19
580.72	1218.32
580.92	1214.18
581.12	1219.54
581.32	1214.81
581.52	1215.90
581.72	1213.73
581.92	1221.88
582.12	1204.14
582.32	1219.87
582.52	1214.42
582.72	1215.57
582.92	1210.76
583.12	1225.05
583.32	1211.48
583.52	1213.99
583.72	1214.67
583.92	1211.70
584.12	1213.03
584.33	1211.89
584.53	1208.28
584.73	1215.53
584.93	1212.64
585.13	1220.73
585.33	1220.12
585.53	1213.22
585.73	1212.75
585.93	1221.04
586.13	1208.77
586.33	1215.74
586.53	1208.59
586.73	1216.35
586.93	1210.41
587.13	1219.73
587.33	1215.65
587.53	1220.67
587.73	1214.69
587.93	1218.07
588.13	1211.58
588.33	1213.87
588.53	1211.05
588.73	1218.09
588.93	1216.82
589.13	1223.87
589.33	1214.34
589.53	1224.30
589.73	1216.33
589.93	1217.52
590.13	1211.27
590.33	1223.07
590.53	1212.15
590.73	1216.35
590.93	1211.80
591.13	1213.07
591.33	1213.42
591.53	1218.28
591.73	1211.97
591.93	1223.44
592.13	1208.20
592.33	1220.65
592.53	1208.53
592.73	1215.88
592.93	1207.09
593.13	1221.61
593.33	1214.32
593.53	1217.03
593.73	1209.16
593.93	1217.62
594.13	1212.32
594.33	1222.47
594.53	1209.18
594.73	1212.30
594.92	1208.28
595.12	1214.08
595.32	1220.16
595.52	1219.03
595.72	1214.51
595.92	1218.89
596.12	1222.90
596.32	1224.60
596.52	1211.21
596.72	1223.01
596.92	1213.61
597.12	1216.25
597.32	1210.62
597.52	1213.69
597.72	1204.14
597.92	1213.34
598.12	1211.66
598.32	1213.13
598.52	1219.14
598.72	1221.45
598.92	1216.92
599.12	1222.74
599.31	1213.44
599.51	1217.29
599.71	1209.59
599.91	1218.75
600.11	1210.08
600.31	1217.44
600.51	1217.23
600.71	1214.20
600.91	1212.97
601.11	1217.05
601.31	1214.86
601.51	1222.00
601.71	1217.44
601.91	1214.79
602.10	1218.19
602.30	1225.79
602.50	1213.93
602.70	1220.10
602.90	1209.24
603.10	1220.34
603.30	1208.96
603.50	1225.22
603.70	1211.91
603.90	1216.17
604.10	1213.11
604.30	1216.27
604.49	1214.38
604.69	1223.13
604.89	1212.91
605.09	1222.02
605.29	1213.67
605.49	1218.42
605.69	1214.04
605.89	1218.97
606.09	1216.94
606.29	1217.44
606.48	1205.76
606.68	1217.66
606.88	1216.92
607.08	1218.66
607.28	1214.55
607.48	1219.75
607.68	1210.19
607.88	1213.09
608.08	1210.82
608.27	1219.89
608.47	1212.34
608.67	1217.99
608.87	1209.16
609.07	1220.28
609.27	1205.45
609.47	1224.09
609.67	1217.13
609.87	1215.86
610.06	1213.56
610.26	1220.75
610.46	1209.37
610.66	1214.49
610.86	1218.36
611.06	1218.93
611.26	1213.42
611.45	1209.43
611.65	1212.40
611.85	1223.11
612.05	1214.49
612.25	1220.73
612.45	1215.31
612.65	1222.97
612.84	1217.91
613.04	1219.36
613.24	1212.60
613.44	1218.34
613.64	1215.16
613.84	1216.49
614.04	1211.58
614.23	1217.33
614.43	1213.22
614.63	1215.96
614.83	1209.39
615.03	1219.61
615.23	1213.18
615.42	1219.93
615.62	1221.18
615.82	1220.06
616.02	1207.01
616.22	1223.95
616.42	1210.66
616.61	1219.03
616.81	1217.09
617.01	1221.67
617.21	1205.93
617.41	1217.17
617.61	1209.28
617.80	1215.41
618.00	1209.28
618.20	1222.17
618.40	1210.80
618.60	1216.51
618.80	1210.47
618.99	1219.97
619.19	1215.57
619.39	1222.92
619.59	1213.89
619.79	1214.75
619.98	1202.85
620.18	1219.42
620.38	1209.28
620.58	1206.81
620.78	1203.82
620.97	1216.00
621.17	1212.11
621.37	1219.24
621.57	1214.32
621.77	1222.33
621.96	1209.86
622.16	1223.19
622.36	1216.70
622.56	1219.69
622.76	1206.40
622.95	1222.04
623.15	1212.30
623.35	1212.34
623.55	1209.14
623.75	1214.67
623.94	1209.55
624.14	1217.39
624.34	1215.16
624.54	1216.86
624.73	1211.89
624.93	1224.95
625.13	1217.29
625.33	1220.26
625.53	1217.70
625.72	1221.51
625.92	1204.98
626.12	1217.82
626.32	1209.71
626.51	1217.33
626.71	1210.35
626.91	1223.74
627.11	1206.01
627.30	1215.82
627.50	1206.60
627.70	1222.94
627.90	1215.84
628.10	1213.16
628.29	1217.80
628.49	1214.77
628.69	1216.80
628.89	1213.73
629.08	1208.92
629.28	1218.71
629.48	1209.55
629.68	1221.88
629.87	1207.13
630.07	1213.46
630.27	1216.29
630.47	1224.79
630.66	1215.06
630.86	1221.22
631.06	1209.84
631.25	1217.97
631.45	1210.82
631.65	1219.91
631.85	1216.41
632.04	1216.96
632.24	1205.33
632.44	1222.25
632.64	1212.32
632.83	1219.38
633.03	1206.62
633.23	1218.19
633.42	1214.04
633.62	1222.29
633.82	1209.35
634.02	1214.86
634.21	1215.86
634.41	1219.50
634.61	1209.88
634.81	1216.98
635.00	1215.86
635.20	1218.19
635.40	1218.34
635.59	1213.32
635.79	1217.46
635.99	1219.07
636.18	1212.15
636.38	1217.42
636.58	1212.01
636.78	1220.18
636.97	1212.23
637.17	1222.53
637.37	1212.97
637.56	1213.97
637.76	1210.31
637.96	1216.19
638.15	1217.09
638.35	1225.61
638.55	1210.80
638.74	1212.48
638.94	1216.86
639.14	1222.66
639.34	1209.12
639.53	1215.94
639.73	1211.60
639.93	1212.87
640.12	1209.57
640.32	1222.21
640.52	1214.45
640.71	1211.31
640.91	1218.13
641.11	1217.13
641.30	1208.40
641.50	1217.66
641.70	1219.44
641.89	1215.80
642.09	1220.04
642.29	1218.05
642.48	1211.80
642.68	1212.50
642.88	1216.58
643.07	1219.87
643.27	1207.07
643.47	1220.86
643.66	1214.40
643.86	1217.89
644.06	1216.53
644.25	1221.86
644.45	1208.40
644.65	1211.19
644.84	1214.51
645.04	1217.42
645.23	1212.93
645.43	1214.49
645.63	1214.40
645.82	1216.15
646.02	1210.84
646.22	1218.73
646.41	1213.46
646.61	1222.58
646.81	1208.38
647.00	1220.12
647.20	1211.62
647.39	1221.04
647.59	1220.06
647.79	1216.58
647.98	1214.65
648.18	1216.90
648.38	1213.69
648.57	1220.98
648.77	1214.30
648.96	1216.10
649.16	1213.67
649.36	1222.13
649.55	1211.23
649.75	1225.24
649.95	1212.66
650.14	1215.24
650.34	1212.13
650.53	1217.31
650.73	1210.66
650.93	1215.82
651.12	1213.99
651.32	1221.06
651.51	1207.36
651.71	1219.77
651.91	1209.06
652.10	1218.38
652.30	1208.44
652.49	1216.08
652.69	1212.05
652.89	1226.92
653.08	1214.55
653.28	1214.59
653.47	1213.95
653.67	1223.23
653.86	1215.47
654.06	1220.36
654.26	1214.88
654.45	1214.49
654.65	1216.35
654.84	1221.88
655.04	1211.64
655.24	1215.80
655.43	1218.73
655.63	1219.36
655.82	1209.80
656.02	1219.91
656.21	1209.76
656.41	1222.31
656.61	1217.27
656.80	1211.03
657.00	1216.74
657.19	1212.09
657.39	1208.47
657.58	1214.88
657.78	1207.95
657.97	1215.45
658.17	1210.86
658.37	1223.62
658.56	1215.90
658.76	1228.00
658.95	1216.19
659.15	1215.22
659.34	1210.49
659.54	1220.75
659.73	1208.24
659.93	1218.28
660.13	1211.62
660.32	1217.37
660.52	1211.93
660.71	1217.70
660.91	1221.74
661.10	1223.42
661.30	1211.91
661.49	1212.38
661.69	1212.54
661.88	1216.06
662.08	1215.55
662.27	1225.77
662.47	1215.49
662.66	1215.84
662.86	1213.28
663.06	1217.85
663.25	1217.21
663.45	1220.96
663.64	1216.51
663.84	1216.21
664.03	1206.58
664.23	1216.82
664.42	1220.16
664.62	1220.59
664.81	1208.47
665.01	1211.17
665.20	1216.08
665.40	1222.62
665.59	1219.01
665.79	1219.07
665.98	1217.35
666.18	1220.12
666.37	1209.63
666.57	1218.32
666.76	1210.35
666.96	1221.53
667.15	1214.42
667.35	1224.79
667.54	1221.20
667.74	1221.51
667.93	1214.14
668.13	1223.54
668.32	1213.36
668.52	1222.31
668.71	1212.83
668.91	1216.19
669.10	1214.81
669.30	1220.79
669.49	1217.60
669.68	1217.29
669.88	1215.39
670.07	1219.65
670.27	1210.88
670.46	1210.08
670.66	1209.65
670.85	1217.64
671.05	1215.78
671.24	1218.19
671.44	1203.98
671.63	1222.31
671.83	1207.73
672.02	1219.87
672.22	1206.05
672.41	1221.76
672.60	1216.19
672.80	1216.94
672.99	1216.86
673.19	1219.83
673.38	1207.99
673.58	1223.64
673.77	1211.84
673.97	1226.61
674.16	1210.12
674.36	1223.15
674.55	1209.22
674.74	1216.74
674.94	1212.77
675.13	1229.85
675.33	1201.60
675.52	1218.97
675.72	1216.94
675.91	1220.94
676.10	1217.82
676.30	1221.16
676.49	1206.97
676.69	1219.28
676.88	1217.60
677.08	1218.93
677.27	1210.84
677.46	1216.33
677.66	1211.03
677.85	1216.53
678.05	1204.74
678.24	1224.32
678.44	1216.27
678.63	1223.13
678.82	1210.25
679.02	1221.98
679.21	1215.96
679.41	1216.76
679.60	1212.13
679.79	1216.55
679.99	1218.34
680.18	1223.19
680.38	1215.12
680.57	1214.83
680.76	1211.25
680.96	1214.81
681.15	1210.98
681.35	1219.54
681.54	1207.42
681.73	1218.54
681.93	1213.69
682.12	1217.21
682.32	1213.36
682.51	1218.23
682.70	1205.19
682.90	1218.68
683.09	1212.32
683.29	1222.49
683.48	1211.60
683.67	1214.94
683.87	1218.15
684.06	1226.61
684.25	1209.67
684.45	1217.11
684.64	1210.98
684.84	1222.04
685.03	1211.60
685.22	1216.25
685.42	1207.36
685.61	1225.91
685.80	1218.11
686.00	1220.61
686.19	1212.15
686.38	1223.83
686.58	1214.96
686.77	1221.22
686.96	1213.30
687.16	1218.25
687.35	1212.54
687.55	1223.52
687.74	1208.51
687.93	1213.71
688.13	1217.37
688.32	1218.54
688.51	1211.97
688.71	1219.59
688.90	1219.05
689.09	1214.22
689.29	1214.04
689.48	1213.61
689.67	1214.53
689.87	1219.05
690.06	1213.40
690.25	1219.09
690.45	1217.27
690.64	1226.84
690.83	1213.36
691.03	1217.21
691.22	1210.31
691.41	1220.79
691.61	1216.08
691.80	1222.88
691.99	1211.62
692.19	1223.97
692.38	1212.75
692.57	1217.66
692.76	1209.55
692.96	1222.06
693.15	1213.99
693.34	1219.71
693.54	1216.58
693.73	1226.00
693.92	1216.06
694.12	1224.13
694.31	1202.24
694.50	1220.81
694.70	1205.72
694.89	1219.73
695.08	1213.03
695.27	1222.04
695.47	1213.65
695.66	1215.90
695.85	1218.21
696.05	1215.86
696.24	1214.90
696.43	1207.63
696.62	1215.20
696.82	1222.04
697.01	1214.45
697.20	1216.27
697.40	1211.21
697.59	1218.09
697.78	1216.70
697.97	1214.16
698.17	1214.55
698.36	1225.16
698.55	1213.91
698.74	1216.84
698.94	1217.33
699.13	1223.03
699.32	1216.31
699.52	1220.86
699.71	1215.22
699.90	1230.03
700.09	1209.65
700.29	1214.92
700.48	1216.10
700.67	1216.60
700.86	1211.80
701.06	1220.32
701.25	1221.04
701.44	1220.08
701.63	1218.48
701.83	1216.66
702.02	1208.65
702.21	1217.27
702.40	1221.29
702.60	1219.97
702.79	1213.69
702.98	1225.30
703.17	1208.57
703.37	1220.98
703.56	1213.07
703.75	1216.68
703.94	1210.68
704.13	1226.86
704.33	1214.67
704.52	1223.29
704.71	1216.33
704.90	1216.92
705.10	1210.51
705.29	1219.75
705.48	1216.02
705.67	1215.26
705.86	1211.00
706.06	1222.41
706.25	1216.37
706.44	1222.51
706.63	1211.60
706.83	1217.64
707.02	1213.89
707.21	1219.54
707.40	1210.08
707.59	1220.00
707.79	1208.63
707.98	1213.65
708.17	1214.47
708.36	1227.43
708.55	1209.74
708.75	1220.69
708.94	1219.30
709.13	1221.41
709.32	1213.61
709.51	1222.53
709.71	1220.94
709.90	1222.58
710.09	1211.50
710.28	1224.34
710.47	1218.15
710.66	1222.58
710.86	1213.97
711.05	1221.55
711.24	1217.42
711.43	1212.03
711.62	1208.34
711.82	1218.75
712.01	1219.03
712.20	1219.20
712.39	1211.72
712.58	1223.05
712.77	1213.01
712.97	1225.75
713.16	1206.72
713.35	1229.29
713.54	1218.07
713.73	1218.32
713.92	1211.39
714.11	1221.06
714.31	1216.39
714.50	1223.15
714.69	1214.65
714.88	1226.73
715.07	1212.30
715.26	1225.59
715.46	1211.60
715.65	1222.70
715.84	1216.98
716.03	1214.67
716.22	1217.07
716.41	1225.16
716.60	1214.63
716.80	1219.11
716.99	1217.25
717.18	1226.18
717.37	1215.37
717.56	1221.53
717.75	1214.71
717.94	1222.64
718.13	1212.66
718.33	1218.11
718.52	1214.34
718.71	1218.58
718.90	1213.93
719.09	1228.39
719.28	1216.78
719.47	1226.34
719.66	1218.66
719.85	1221.33
720.05	1218.52
720.24	1223.35
720.43	1216.39
720.62	1221.67
720.81	1220.38
721.00	1224.50
721.19	1213.09
721.38	1219.97
721.57	1215.31
721.77	1231.14
721.96	1224.05
722.15	1219.69
722.34	1217.95
722.53	1219.22
722.72	1215.00
722.91	1223.62
723.10	1219.63
723.29	1232.41
723.48	1224.97
723.67	1220.90
723.87	1221.47
724.06	1221.39
724.25	1216.06
724.44	1225.50
724.63	1220.59
724.82	1224.40
725.01	1215.08
725.20	1219.59
725.39	1216.72
725.58	1226.59
725.77	1222.60
725.96	1224.58
726.15	1212.50
726.34	1227.94
726.54	1217.89
726.73	1226.41
726.92	1210.70
727.11	1227.45
727.30	1216.88
727.49	1222.08
727.68	1218.30
727.87	1224.23
728.06	1224.52
728.25	1224.85
728.44	1227.61
728.63	1218.64
728.82	1215.45
729.01	1226.63
729.20	1223.15
729.39	1229.33
729.58	1222.76
729.77	1228.52
729.96	1220.49
730.15	1222.72
730.34	1227.74
730.53	1229.76
730.73	1223.80
730.92	1230.07
731.11	1214.20
731.30	1229.01
731.49	1221.98
731.68	1222.25
731.87	1224.21
732.06	1230.95
732.25	1216.39
732.44	1226.43
732.63	1222.74
732.82	1231.55
733.01	1227.82
733.20	1222.60
733.39	1227.33
733.58	1234.37
733.77	1226.30
733.96	1235.87
734.15	1226.34
734.34	1233.33
734.53	1226.45
734.72	1231.87
734.91	1223.60
735.10	1236.42
735.29	1230.85
735.48	1233.88
735.67	1224.13
735.86	1234.09
736.05	1239.12
736.24	1232.18
736.43	1238.51
736.62	1235.72
736.81	1235.89
737.00	1248.85
737.19	1235.81
737.38	1247.13
737.57	1233.72
737.76	1241.52
737.95	1239.29
738.14	1240.45
738.33	1240.11
738.51	1249.47
738.70	1237.71
738.89	1252.31
739.08	1241.13
739.27	1248.87
739.46	1245.55
739.65	1240.54
739.84	1244.00
740.03	1247.44
740.22	1245.88
740.41	1256.90
740.60	1246.05
740.79	1250.39
740.98	1247.62
741.17	1250.00
741.36	1247.05
741.55	1251.88
741.74	1255.43
741.93	1253.25
742.12	1253.30
742.31	1261.90
742.50	1255.90
742.68	1266.48
742.87	1254.30
743.06	1256.92
743.25	1258.97
743.44	1267.94
743.63	1259.64
743.82	1266.53
744.01	1265.21
744.20	1259.19
744.39	1262.98
744.58	1266.53
744.77	1266.67
744.96	1269.95
745.14	1265.75
745.33	1268.55
745.52	1271.01
745.71	1274.96
745.90	1266.59
746.09	1267.20
746.28	1267.30
746.47	1265.13
746.66	1266.77
746.85	1272.36
747.04	1261.24
747.22	1267.12
747.41	1259.83
747.60	1264.83
747.79	1261.67
747.98	1259.95
748.17	1253.85
748.36	1270.01
748.55	1265.69
748.74	1264.52
748.93	1254.30
749.11	1263.64
749.30	1256.08
749.49	1270.03
749.68	1254.69
749.87	1264.81
750.06	1259.34
750.25	1264.29
750.44	1253.25
750.62	1269.09
750.81	1260.30
751.00	1269.70
751.19	1263.27
751.38	1272.91
751.57	1262.00
751.76	1274.76
751.95	1266.16
752.13	1274.59
752.32	1276.56
752.51	1283.36
752.70	1281.00
752.89	1303.47
753.08	1302.92
753.27	1319.26
753.45	1311.74
753.64	1342.83
753.83	1343.61
754.02	1364.81
754.21	1383.59
754.40	1399.56
754.58	1413.20
754.77	1441.22
754.96	1478.74
755.15	1527.56
755.34	1603.58
755.53	1725.56
755.71	1884.30
755.90	2123.83
756.09	2444.39
756.28	2816.35
756.47	3238.84
756.66	3700.33
756.84	4225.98
757.03	4729.85
757.22	5259.04
757.41	5717.95
757.60	6190.37
757.79	6659.79
757.97	7046.38
758.16	7370.84
758.35	7680.29
758.54	7992.42
758.73	8200.58
758.91	8465.93
759.10	8674.44
759.29	8871.82
759.48	8964.57
759.67	9226.02
759.85	9272.49
760.04	9493.89
760.23	9604.85
760.42	9654.41
760.61	9711.22
760.79	9758.53
760.98	9778.01
761.17	9785.71
761.36	9640.08
761.55	9599.10
761.73	9364.52
761.92	9203.39
762.11	8847.57
762.30	8564.95
762.49	8136.03
762.67	7665.47
762.86	7178.99
763.05	6672.77
763.24	6156.99
763.42	5633.02
763.61	5146.16
763.80	4730.28
763.99	4295.14
764.17	3946.80
764.36	3627.57
764.55	3379.01
764.74	3167.18
764.92	3002.51
765.11	2853.48
765.30	2764.94
765.49	2665.27
765.68	2585.93
765.86	2513.27
766.05	2455.62
766.24	2397.09
766.43	2361.00
766.61	2308.96
766.80	2278.37
766.99	2244.35
767.17	2199.29
767.36	2150.10
767.55	2122.19
767.74	2074.67
767.92	2047.97
768.11	2015.12
768.30	1976.19
768.49	1937.26
768.67	1913.62
768.86	1880.51
769.05	1857.45
769.24	1825.11
769.42	1797.99
769.61	1779.46
769.80	1758.08
769.98	1715.26
770.17	1715.28
770.36	1678.62
770.55	1684.45
770.73	1644.46
770.92	1630.80
771.11	1618.39
771.29	1617.69
771.48	1590.23
771.67	1583.47
771.86	1578.23
772.04	1569.83
772.23	1558.14
772.42	1587.48
772.60	1579.13
772.79	1603.13
772.98	1625.94
773.16	1661.25
773.35	1693.16
773.54	1734.88
773.72	1772.66
773.91	1799.94
774.10	1824.25
774.29	1850.77
774.47	1858.27
774.66	1873.99
774.85	1876.08
775.03	1863.65
775.22	1854.23
775.41	1850.79
775.59	1826.44
775.78	1808.99
775.97	1769.81
776.15	1744.99
776.34	1728.12
776.53	1694.80
776.71	1668.97
776.90	1634.07
777.09	1601.63
777.27	1584.96
777.46	1544.58
777.65	1538.80
777.83	1504.21
778.02	1487.91
778.21	1469.09
778.39	1450.49
778.58	1423.46
778.76	1417.62
778.95	1397.94
779.14	1386.88
779.32	1373.84
779.51	1365.26
779.70	1358.79
779.88	1359.97
780.07	1352.21
780.26	1353.32
780.44	1340.19
780.63	1345.60
780.81	1321.74
781.00	1329.15
781.19	1308.61
781.37	1294.73
781.56	1277.20
781.75	1266.63
781.93	1251.72
782.12	1258.01
782.30	1239.66
782.49	1240.70
782.68	1233.96
782.86	1243.71
783.05	1231.22
783.23	1239.41
783.42	1231.91
783.61	1235.91
783.79	1232.92
783.98	1243.01
784.16	1223.62
784.35	1241.40
784.54	1235.64
784.72	1241.11
784.91	1227.35
785.09	1233.61
785.28	1229.89
785.47	1234.50
785.65	1227.45
785.84	1237.30
786.02	1229.29
786.21	1232.73
786.40	1226.82
786.58	1228.29
786.77	1227.86
786.95	1229.50
787.14	1222.29
787.32	1236.05
787.51	1237.40
787.70	1237.79
787.88	1232.12
788.07	1234.52
788.25	1224.42
788.44	1235.66
788.62	1221.98
788.81	1230.62
789.00	1228.19
789.18	1233.33
789.37	1227.20
789.55	1235.60
789.74	1224.26
789.92	1231.44
790.11	1221.16
790.29	1233.20
790.48	1230.52
790.67	1232.45
790.85	1227.76
791.04	1236.97
791.22	1221.90
791.41	1225.96
791.59	1219.50
791.78	1227.53
791.96	1226.16
792.15	1234.62
792.33	1219.91
792.52	1224.03
792.70	1213.40
792.89	1231.85
793.07	1219.57
793.26	1229.11
793.45	1216.45
793.63	1226.63
793.82	1223.11
794.00	1228.99
794.19	1221.35
794.37	1230.71
794.56	1220.26
794.74	1219.16
794.93	1223.91
795.11	1228.41
795.30	1226.55
795.48	1223.72
795.67	1225.05
795.85	1220.67
796.04	1221.02
796.22	1227.74
796.41	1216.90
796.59	1226.55
796.78	1226.04
796.96	1221.80
797.15	1216.25
797.33	1224.83
797.52	1222.25
797.70	1222.43
797.89	1212.91
798.07	1225.67
798.26	1221.72
798.44	1222.53
798.63	1220.28
798.81	1219.18
798.99	1221.59
799.18	1223.91
799.36	1222.76
799.55	1233.10
799.73	1225.89
799.92	1232.37
800.10	1218.54
800.29	1227.53
800.47	1225.77
800.66	1233.16
800.84	1219.97
801.03	1234.04
801.21	1223.01
801.39	1228.62
801.58	1228.37
801.76	1223.42
801.95	1218.62
802.13	1233.23
802.32	1227.25
802.50	1236.15
802.69	1226.16
802.87	1226.90
803.06	1224.38
803.24	1235.72
803.42	1223.54
803.61	1228.68
803.79	1227.51
803.98	1232.57
804.16	1224.26
804.35	1231.89
804.53	1224.50
804.71	1235.60
804.90	1222.17
805.08	1230.13
805.27	1220.73
805.45	1229.68
805.63	1221.84
805.82	1223.46
806.00	1224.15
806.19	1226.67
806.37	1226.10
806.56	1231.57
806.74	1224.48
806.92	1223.17
807.11	1218.52
807.29	1226.36
807.48	1216.47
807.66	1225.79
807.84	1214.10
808.03	1223.25
808.21	1220.86
808.40	1220.63
808.58	1214.14
808.76	1226.51
808.95	1225.63
809.13	1223.05
809.32	1218.81
809.50	1228.99
809.68	1209.82
809.87	1220.79
810.05	1216.12
810.23	1219.73
810.42	1215.02
810.60	1220.61
810.79	1210.10
810.97	1221.72
811.15	1219.73
811.34	1219.89
811.52	1220.88
811.70	1217.58
811.89	1215.57
812.07	1219.65
812.25	1209.37
812.44	1213.24
812.62	1212.34
812.81	1217.33
812.99	1216.45
813.17	1220.59
813.36	1217.07
813.54	1224.64
813.72	1212.13
813.91	1214.02
814.09	1214.24
814.27	1212.70
814.46	1209.00
814.64	1217.05
814.82	1213.40
815.01	1215.18
815.19	1213.46
815.37	1224.13
815.56	1224.52
815.74	1216.10
815.92	1211.74
816.11	1220.43
816.29	1210.57
816.47	1224.36
816.66	1210.78
816.84	1216.17
817.02	1211.35
817.21	1217.58
817.39	1212.87
817.57	1220.14
817.76	1208.83
817.94	1221.65
818.12	1209.74
818.30	1219.85
818.49	1217.80
818.67	1215.49
818.85	1210.47
819.04	1224.21
819.22	1216.94
819.40	1214.24
819.59	1216.88
819.77	1219.89
819.95	1217.05
820.13	1215.18
820.32	1211.29
820.50	1215.45
820.68	1219.46
820.87	1223.27
821.05	1214.90
821.23	1218.68
821.41	1213.32
821.60	1221.12
821.78	1216.72
821.96	1217.66
822.14	1214.71
822.33	1222.92
822.51	1214.20
822.69	1216.49
822.88	1210.92
823.06	1215.98
823.24	1209.57
823.42	1215.08
823.61	1216.10
823.79	1212.81
823.97	1207.13
824.15	1224.56
824.34	1208.77
824.52	1218.77
824.70	1211.72
824.88	1216.84
825.07	1217.89
825.25	1224.03
825.43	1214.83
825.61	1222.56
825.80	1207.77
825.98	1225.12
826.16	1215.72
826.34	1221.02
826.53	1205.84
826.71	1228.27
826.89	1219.03
827.07	1218.30
827.25	1211.52
827.44	1226.69
827.62	1209.53
827.80	1216.37
827.98	1207.52
828.17	1213.20
828.35	1207.46
828.53	1220.36
828.71	1212.21
828.89	1218.13
829.08	1217.13
829.26	1221.35
829.44	1211.54
829.62	1220.65
829.80	1212.48
829.99	1218.54
830.17	1211.97
830.35	1221.14
830.53	1210.33
830.71	1222.94
830.90	1213.73
831.08	1218.01
831.26	1214.61
831.44	1215.43
831.62	1209.14
831.81	1213.93
831.99	1208.36
832.17	1216.84
832.35	1210.00
832.53	1215.57
832.71	1215.63
832.90	1221.61
833.08	1213.09
833.26	1221.45
833.44	1214.42
833.62	1217.44
833.81	1209.84
833.99	1223.25
834.17	1212.25
834.35	1214.59
834.53	1213.11
834.71	1222.47
834.89	1210.88
835.08	1225.52
835.26	1213.75
835.44	1226.96
835.62	1206.01
835.80	1215.55
835.98	1216.76
836.17	1216.43
836.35	1206.81
836.53	1219.87
836.71	1207.32
836.89	1215.16
837.07	1215.37
837.25	1226.39
837.44	1203.98
837.62	1215.72
837.80	1214.40
837.98	1211.50
838.16	1221.12
838.34	1219.83
838.52	1212.52
838.70	1220.18
838.89	1212.30
839.07	1222.99
839.25	1211.35
839.43	1223.37
839.61	1208.30
839.79	1216.78
839.97	1214.98
840.15	1222.33
840.33	1207.85
840.52	1222.04
840.70	1209.43
840.88	1219.71
841.06	1214.67
841.24	1222.90
841.42	1206.66
841.60	1225.22
841.78	1210.66
841.96	1217.89
842.14	1217.21
842.33	1221.86
842.51	1210.14
842.69	1219.77
842.87	1213.54
843.05	1217.35
843.23	1211.68
843.41	1220.61
843.59	1221.16
843.77	1215.82
843.95	1208.83
844.13	1212.62
844.31	1217.50
844.49	1219.91
844.68	1214.22
844.86	1225.50
845.04	1212.44
845.22	1222.43
845.40	1211.46
845.58	1215.94
845.76	1220.94
845.94	1216.49
846.12	1206.07
846.30	1222.88
846.48	1208.81
846.66	1217.35
846.84	1214.12
847.02	1214.34
847.20	1215.31
847.38	1219.11
847.56	1212.30
847.74	1219.97
847.92	1217.78
848.11	1212.68
848.29	1217.66
848.47	1216.45
848.65	1215.24
848.83	1222.31
849.01	1210.49
849.19	1222.49
849.37	1217.80
849.55	1218.87
849.73	1211.11
849.91	1219.97
850.09	1209.84
850.27	1216.08
850.45	1217.99
850.63	1217.23
850.81	1210.47
850.99	1216.25
851.17	1212.11
851.35	1217.01
851.53	1209.41
851.71	1216.64
851.89	1215.57
852.07	1218.60
852.25	1215.90
852.43	1214.45
852.61	1211.97
852.79	1210.23
852.97	1211.64
853.15	1217.17
853.33	1216.74
853.51	1215.24
853.69	1214.12
853.87	1216.78
854.05	1212.30
854.23	1220.08
854.41	1218.81
854.59	1213.67
854.77	1210.55
854.95	1217.37
855.13	1201.09
855.31	1219.79
855.49	1211.27
855.67	1221.63
855.84	1205.17
856.02	1220.59
856.20	1213.89
856.38	1216.88
856.56	1209.80
856.74	1214.47
856.92	1208.94
857.10	1222.64
857.28	1209.08
857.46	1221.74
857.64	1203.69
857.82	1221.08
858.00	1216.53
858.18	1212.48
858.36	1206.64
858.54	1215.59
858.72	1212.17
858.90	1215.47
859.08	1217.70
859.25	1211.87
859.43	1213.73
859.61	1220.71
859.79	1208.81
859.97	1212.32
860.15	1209.53
860.33	1219.18
860.51	1210.55
860.69	1219.83
860.87	1209.02
861.05	1223.19
861.23	1214.88
861.41	1217.23
861.58	1216.45
861.76	1216.47
861.94	1211.80
862.12	1218.60
862.30	1211.70
862.48	1221.10
862.66	1213.75
862.84	1223.74
863.02	1208.53
863.20	1218.36
863.37	1206.46
863.55	1211.62
863.73	1219.44
863.91	1212.64
864.09	1213.59
864.27	1210.43
864.45	1211.35
864.63	1215.49
864.80	1212.34
864.98	1222.66
865.16	1210.60
865.34	1217.76
865.52	1214.49
865.70	1220.00
865.88	1210.94
866.06	1219.67
866.23	1218.32
866.41	1220.88
866.59	1206.50
866.77	1215.63
866.95	1214.20
867.13	1221.16
867.31	1215.43
867.48	1221.12
867.66	1205.56
867.84	1214.30
868.02	1215.00
868.20	1219.73
868.38	1214.75
868.56	1220.41
868.73	1212.34
868.91	1215.96
869.09	1217.01
869.27	1216.80
869.45	1212.11
869.63	1221.18
869.80	1206.89
869.98	1220.81
870.16	1212.50
870.34	1224.56
870.52	1215.88
870.70	1211.56
870.87	1209.33
871.05	1221.78
871.23	1208.01
871.41	1217.01
871.59	1213.03
871.76	1220.69
871.94	1208.51
872.12	1223.13
872.30	1217.60
872.48	1216.08
872.65	1211.68
872.83	1216.35
873.01	1219.16
873.19	1218.71
873.37	1211.99
873.54	1221.22
873.72	1213.54
873.90	1221.27
874.08	1221.29
874.26	1222.82
874.43	1211.58
874.61	1217.64
874.79	1209.35
874.97	1215.98
875.15	1208.10
875.32	1218.73
875.50	1215.96
875.68	1215.94
875.86	1212.87
876.03	1219.93
876.21	1210.66
876.39	1222.68
876.57	1214.53
876.74	1217.11
876.92	1211.68
877.10	1219.59
877.28	1210.76
877.45	1210.25
877.63	1210.62
877.81	1220.04
877.99	1213.13
878.17	1220.12
878.34	1211.03
878.52	1220.18
878.70	1212.93
878.87	1217.56
879.05	1206.21
879.23	1215.61
879.41	1213.09
879.58	1216.98
879.76	1214.49
879.94	1214.92
880.12	1211.46
880.29	1215.35
880.47	1210.49
880.65	1224.07
880.83	1207.89
881.00	1224.93
881.18	1206.05
881.36	1215.16
881.53	1216.35
881.71	1220.65
881.89	1213.20
882.07	1216.49
882.24	1209.55
882.42	1214.12
882.60	1213.38
882.77	1216.04
882.95	1219.18
883.13	1216.37
883.30	1211.50
883.48	1220.77
883.66	1212.95
883.84	1223.89
884.01	1215.24
884.19	1215.20
884.37	1210.19
884.54	1216.04
884.72	1216.21
884.90	1214.53
885.07	1212.60
885.25	1221.65
885.43	1215.94
885.60	1215.69
885.78	1212.27
885.96	1223.56
886.13	1216.08
886.31	1219.69
886.49	1207.38
886.66	1212.40
886.84	1218.66
887.02	1218.54
887.19	1203.86
887.37	1215.63
887.55	1212.56
887.72	1216.25
887.90	1206.58
888.08	1219.79
888.25	1215.35
888.43	1210.76
888.61	1214.06
888.78	1214.69
888.96	1215.33
889.14	1216.72
889.31	1213.83
889.49	1215.24
889.67	1216.68
889.84	1212.91
890.02	1206.87
890.19	1219.83
890.37	1210.31
890.55	1220.20
890.72	1213.03
890.90	1224.89
891.08	1208.55
891.25	1214.20
891.43	1211.50
891.60	1214.36
891.78	1215.35
891.96	1217.82
892.13	1207.71
892.31	1222.15
892.48	1216.90
892.66	1219.65
892.84	1211.29
893.01	1215.96
893.19	1213.85
893.36	1221.16
893.54	1215.90
893.72	1216.51
893.89	1211.52
894.07	1214.92
894.24	1214.08
894.42	1232.43
894.60	1216.21
894.77	1219.89
894.95	1209.94
895.12	1216.45
895.30	1212.25
895.48	1223.83
895.65	1208.90
895.83	1218.87
896.00	1214.36
896.18	1219.77
896.35	1209.04
896.53	1227.55
896.71	1212.23
896.88	1219.11
897.06	1212.03
897.23	1218.60
897.41	1210.43
897.58	1223.56
897.76	1214.79
897.93	1222.31
898.11	1211.84
898.29	1225.28
898.46	1207.81
898.64	1218.71
898.81	1216.00
898.99	1219.54
899.16	1210.14
899.34	1215.72
899.51	1211.39
899.69	1221.72
899.86	1212.85
900.04	1222.25
900.21	1204.37
900.39	1219.38
900.57	1219.79
900.74	1221.61
900.92	1204.72
901.09	1215.59
901.27	1215.82
901.44	1222.86
901.62	1219.07
901.79	1209.86
901.97	1212.27
902.14	1219.93
902.32	1209.26
902.49	1223.29
902.67	1211.62
902.84	1216.02
903.02	1204.37
903.19	1210.14
903.37	1214.04
903.54	1213.65
903.72	1213.63
903.89	1218.87
904.07	1209.57
904.24	1221.35
904.42	1214.49
904.59	1212.60
904.77	1216.12
904.94	1218.07
905.12	1212.46
905.29	1216.60
905.47	1210.98
905.64	1218.52
905.82	1213.44
905.99	1213.18
906.16	1213.77
906.34	1217.03
906.51	1213.03
906.69	1214.02
906.86	1210.98
907.04	1226.67
907.21	1207.89
907.39	1217.48
907.56	1210.70
907.74	1226.02
907.91	1215.69
908.09	1216.96
908.26	1211.33
908.43	1218.91
908.61	1210.27
908.78	1214.53
908.96	1218.32
909.13	1223.56
909.31	1211.35
909.48	1221.67
909.65	1213.95
909.83	1217.09
910.00	1208.10
910.18	1213.99
910.35	1211.76
910.53	1218.21
910.70	1212.34
910.87	1218.32
911.05	1213.89
911.22	1219.05
911.40	1213.52
911.57	1216.88
911.75	1217.37
911.92	1221.33
912.09	1206.79
912.27	1217.03
912.44	1208.34
912.62	1220.28
912.79	1211.74
912.96	1220.04
913.14	1209.57
913.31	1222.74
913.49	1216.17
913.66	1214.86
913.83	1216.08
914.01	1217.42
914.18	1216.62
914.36	1215.00
914.53	1213.48
914.70	1224.21
914.88	1212.42
915.05	1217.99
915.22	1203.82
915.40	1212.25
915.57	1214.77
915.75	1212.27
915.92	1207.15
916.09	1209.00
916.27	1215.12
916.44	1215.45
916.61	1209.51
916.79	1215.24
916.96	1208.55
917.13	1224.34
917.31	1213.32
917.48	1213.16
917.66	1205.35
917.83	1222.92
918.00	1218.50
918.18	1221.65
918.35	1214.67
918.52	1218.95
918.70	1208.92
918.87	1214.26
919.04	1209.88
919.22	1224.09
919.39	1210.47
919.56	1212.09
919.74	1211.78
919.91	1215.78
920.08	1208.20
920.26	1213.97
920.43	1213.28
920.60	1217.91
920.78	1216.35
920.95	1218.03
921.12	1209.82
921.29	1222.47
921.47	1216.41
921.64	1220.57
921.81	1209.78
921.99	1216.15
922.16	1213.73
922.33	1223.54
922.51	1216.08
922.68	1214.81
922.85	1214.06
923.03	1215.96
923.20	1212.87
923.37	1218.28
923.54	1208.04
923.72	1213.13
923.89	1215.47
924.06	1216.82
924.24	1212.15
924.41	1215.78
924.58	1212.85
924.75	1217.42
924.93	1210.86
925.10	1214.10
925.27	1212.68
925.44	1218.71
925.62	1215.26
925.79	1218.07
925.96	1215.00
926.14	1221.82
926.31	1216.84
926.48	1221.12
926.65	1216.49
926.83	1218.79
927.00	1210.41
927.17	1222.19
927.34	1214.49
927.52	1212.56
927.69	1210.80
927.86	1214.12
928.03	1209.61
928.21	1215.02
928.38	1208.08
928.55	1222.37
928.72	1208.38
928.89	1214.36
929.07	1209.67
929.24	1217.99
929.41	1207.52
929.58	1218.83
929.76	1204.47
929.93	1213.89
930.10	1210.53
930.27	1227.88
930.44	1203.65
930.62	1216.45
930.79	1214.73
930.96	1216.96
931.13	1211.39
931.31	1214.98
931.48	1211.76
931.65	1220.36
931.82	1212.38
931.99	1214.65
932.17	1206.05
932.34	1210.08
932.51	1206.99
932.68	1220.45
932.85	1207.75
933.03	1220.10
933.20	1206.36
933.37	1217.33
933.54	1208.20
933.71	1221.02
933.88	1218.85
934.06	1215.78
934.23	1211.80
934.40	1219.89
934.57	1220.55
934.74	1222.92
934.91	1211.56
935.09	1221.86
935.26	1202.83
935.43	1220.32
935.60	1209.06
935.77	1220.20
935.94	1216.88
936.12	1230.11
936.29	1209.96
936.46	1212.19
936.63	1214.61
936.80	1214.40
936.97	1220.49
937.14	1214.14
937.32	1212.38
937.49	1216.49
937.66	1214.63
937.83	1214.45
938.00	1207.44
938.17	1216.25
938.34	1207.79
938.52	1217.85
938.69	1210.76
938.86	1218.48
939.03	1212.79
939.20	1212.75
939.37	1215.29
939.54	1217.87
939.71	1206.42
939.89	1218.07
940.06	1214.67
940.23	1224.58
940.40	1207.36
940.57	1211.76
940.74	1212.52
940.91	1216.35
941.08	1208.90
941.25	1210.39
941.43	1217.42
941.60	1212.27
941.77	1203.82
941.94	1224.23
942.11	1205.84
942.28	1223.83
942.45	1212.66
942.62	1211.35
942.79	1209.18
942.96	1215.74
943.13	1208.87
943.30	1220.04
943.48	1214.53
943.65	1222.27
943.82	1215.76
943.99	1217.82
944.16	1216.74
944.33	1217.11
944.50	1214.32
944.67	1222.51
944.84	1208.34
945.01	1224.60
945.18	1205.25
945.35	1214.55
945.52	1214.53
945.69	1216.39
945.86	1216.17
946.03	1219.09
946.21	1210.90
946.38	1215.74
946.55	1213.48
946.72	1220.81
946.89	1212.77
947.06	1224.42
947.23	1213.09
947.40	1210.49
947.57	1213.11
947.74	1217.13
947.91	1213.48
948.08	1217.39
948.25	1210.25
948.42	1217.95
948.59	1208.67
948.76	1217.89
948.93	1209.08
949.10	1214.18
949.27	1213.46
949.44	1218.13
949.61	1209.24
949.78	1223.44
949.95	1216.41
950.12	1222.86
950.29	1208.12
950.46	1227.27
950.63	1215.31
950.80	1226.63
950.97	1211.11
951.14	1228.43
951.31	1211.35
951.48	1214.53
951.65	1216.64
951.82	1218.64
951.99	1216.02
952.16	1217.50
952.33	1212.21
952.50	1220.61
952.67	1212.70
952.84	1212.81
953.01	1208.36
953.18	1220.06
953.35	1215.55
953.52	1223.50
953.69	1212.64
953.86	1215.69
954.03	1212.05
954.20	1221.14
954.37	1217.48
954.54	1214.18
954.70	1211.15
954.87	1214.36
955.04	1206.91
955.21	1219.40
955.38	1213.99
955.55	1218.34
955.72	1212.93
955.89	1228.97
956.06	1213.34
956.23	1224.52
956.40	1215.94
956.57	1218.17
956.74	1215.37
956.91	1219.67
957.08	1210.29
957.25	1216.72
957.41	1211.41
957.58	1219.28
957.75	1202.83
957.92	1220.63
958.09	1211.72
958.26	1211.19
958.43	1216.68
958.60	1219.50
958.77	1209.00
958.94	1227.92
959.11	1217.64
959.27	1221.04
959.44	1212.46
959.61	1211.82
959.78	1218.79
959.95	1213.03
960.12	1206.77
960.29	1233.51
960.46	1211.35
960.63	1218.79
960.80	1207.67
960.96	1221.45
961.13	1212.95
961.30	1215.02
961.47	1210.23
961.64	1214.94
961.81	1213.85
961.98	1219.50
962.15	1214.47
962.31	1218.58
962.48	1209.80
962.65	1218.75
962.82	1207.50
962.99	1227.82
963.16	1208.77
963.33	1222.04
963.49	1218.07
963.66	1217.48
963.83	1211.31
964.00	1216.92
964.17	1213.77
964.34	1218.91
964.51	1211.56
964.67	1222.58
964.84	1214.67
965.01	1231.73
965.18	1207.87
965.35	1220.20
965.52	1211.31
965.68	1214.57
965.85	1220.96
966.02	1214.96
966.19	1214.45
966.36	1222.47
966.52	1214.86
966.69	1227.94
966.86	1215.02
967.03	1211.82
967.20	1212.64
967.37	1220.20
967.53	1207.93
967.70	1218.25
967.87	1215.47
968.04	1212.27
968.21	1207.99
968.37	1220.73
968.54	1211.91
968.71	1219.11
968.88	1208.98
969.05	1217.44
969.21	1213.89
969.38	1213.63
969.55	1211.03
969.72	1220.20
969.89	1211.03
970.05	1217.07
970.22	1210.72
970.39	1218.23
970.56	1211.00
970.72	1214.73
970.89	1212.52
971.06	1220.51
971.23	1210.57
971.39	1216.72
971.56	1206.13
971.73	1211.82
971.90	1213.83
972.07	1218.95
972.23	1212.25
972.40	1221.88
972.57	1219.73
972.74	1224.71
972.90	1210.27
973.07	1214.79
973.24	1213.11
973.40	1217.17
973.57	1217.27
973.74	1221.33
973.91	1212.50
974.07	1218.36
974.24	1210.19
974.41	1226.61
974.58	1210.39
974.74	1223.11
974.91	1214.16
975.08	1214.26
975.25	1206.11
975.41	1221.00
975.58	1206.46
975.75	1222.66
975.91	1210.72
976.08	1205.99
976.25	1210.90
976.42	1218.23
976.58	1213.46
976.75	1217.91
976.92	1212.07
977.08	1208.59
977.25	1209.08
977.42	1220.00
977.58	1206.15
977.75	1215.69
977.92	1214.77
978.08	1214.38
978.25	1213.95
978.42	1221.59
978.59	1216.12
978.75	1226.22
978.92	1212.42
979.09	1218.56
979.25	1217.13
979.42	1215.06
979.59	1207.83
979.75	1219.48
979.92	1217.58
980.09	1219.46
980.25	1213.85
980.42	1216.62
980.59	1213.18
980.75	1219.32
980.92	1217.21
981.09	1212.64
981.25	1213.93
981.42	1221.96
981.59	1215.22
981.75	1212.60
981.92	1213.89
982.08	1219.77
982.25	1213.26
982.42	1220.53
982.58	1215.49
982.75	1215.63
982.92	1208.01
983.08	1213.24
983.25	1213.56
983.42	1210.23
983.58	1211.37
983.75	1216.35
983.91	1207.18
984.08	1212.83
984.25	1212.87
984.41	1214.79
984.58	1207.83
984.74	1218.62
984.91	1207.65
985.08	1215.94
985.24	1212.75
985.41	1213.48
985.57	1207.09
985.74	1222.78
985.91	1212.56
986.07	1217.87
986.24	1216.74
986.40	1221.86
986.57	1205.82
986.74	1219.65
986.90	1210.88
987.07	1220.84
987.23	1216.88
987.40	1213.07
987.57	1212.05
987.73	1212.75
987.90	1212.01
988.06	1220.28
988.23	1218.42
988.39	1220.12
988.56	1213.01
988.73	1223.68
988.89	1216.82
989.06	1214.63
989.22	1210.04
989.39	1220.14
989.55	1213.11
989.72	1217.76
989.88	1208.94
990.05	1222.53
990.22	1216.29
990.38	1221.76
990.55	1203.30
990.71	1226.55
990.88	1206.19
991.04	1212.17
991.21	1209.55
991.37	1219.11
991.54	1216.27
991.70	1219.44
991.87	1210.94
992.03	1217.25
992.20	1209.84
992.36	1218.42
992.53	1210.80
992.69	1222.78
992.86	1206.77
993.03	1212.89
993.19	1211.23
993.36	1224.93
993.52	1213.69
993.69	1214.51
993.85	1214.61
994.02	1223.52
994.18	1210.84
994.35	1211.21
994.51	1213.99
994.68	1212.50
994.84	1216.29
995.01	1219.97
995.17	1205.97
995.34	1215.90
995.50	1205.60
995.66	1219.59
995.83	1207.73
995.99	1215.98
996.16	1208.20
996.32	1216.04
996.49	1208.47
996.65	1212.60
996.82	1216.62
996.98	1215.63
997.15	1211.07
997.31	1221.16
997.48	1208.71
997.64	1215.04
997.81	1210.82
997.97	1214.88
998.13	1216.17
998.30	1221.00
998.46	1208.36
998.63	1217.07
998.79	1211.97
998.96	1218.68
999.12	1211.25
999.29	1218.58
999.45	1208.75
999.61	1218.91
999.78	1214.71
999.94	1218.85
1000.11	1211.00
1000.27	1222.66
1000.44	1209.12
1000.60	1220.08
1000.76	1210.92
1000.93	1225.46
1001.09	1215.61
1001.26	1224.36
1001.42	1203.57
1001.59	1228.35
1001.75	1213.77
1001.91	1211.07
1002.08	1210.47
1002.24	1216.82
1002.41	1210.21
1002.57	1220.67
1002.73	1211.93
1002.90	1219.07
1003.06	1211.58
1003.23	1217.09
1003.39	1213.52
1003.55	1215.76
1003.72	1206.15
1003.88	1219.07
1004.04	1205.64
1004.21	1221.98
1004.37	1212.85
1004.54	1223.44
1004.70	1215.47
1004.86	1218.79
1005.03	1215.76
1005.19	1215.96
1005.35	1217.03
1005.52	1214.69
1005.68	1210.66
1005.85	1212.68
1006.01	1209.65
1006.17	1220.53
1006.34	1206.52
1006.50	1220.16
1006.66	1213.20
1006.83	1218.66
1006.99	1213.63
1007.15	1215.37
1007.32	1213.09
1007.48	1218.89
1007.64	1207.52
1007.81	1216.15
1007.97	1208.42
1008.13	1219.34
1008.30	1206.99
1008.46	1218.03
1008.62	1213.40
1008.79	1218.34
1008.95	1209.26
1009.11	1220.73
1009.28	1208.63
1009.44	1212.85
1009.60	1208.32
1009.77	1217.35
1009.93	1216.74
1010.09	1222.43
1010.25	1209.88
1010.42	1218.46
1010.58	1214.10
1010.74	1217.93
1010.91	1210.78
1011.07	1223.60
1011.23	1207.87
1011.40	1220.18
1011.56	1212.25
1011.72	1216.04
1011.88	1219.83
1012.05	1219.26
1012.21	1215.61
1012.37	1216.29
1012.54	1214.28
1012.70	1217.44
1012.86	1207.71
1013.02	1216.53
1013.19	1215.92
1013.35	1224.28
1013.51	1210.53
1013.67	1218.68
1013.84	1217.54
1014.00	1224.73
1014.16	1209.47
1014.33	1213.32
1014.49	1217.87
1014.65	1218.81
1014.81	1218.62
1014.98	1226.49
1015.14	1210.96
1015.30	1211.97
1015.46	1221.10
1015.62	1217.39
1015.79	1214.02
1015.95	1215.69
1016.11	1211.95
1016.27	1214.38
1016.44	1208.69
1016.60	1217.29
1016.76	1212.50
1016.92	1221.65
1017.09	1208.28
1017.25	1213.16
1017.41	1213.91
1017.57	1214.98
1017.73	1209.90
1017.90	1213.34
1018.06	1217.95
1018.22	1215.06
1018.38	1209.82
1018.54	1214.92
1018.71	1221.29
1018.87	1218.68
1019.03	1208.22
1019.19	1220.30
1019.35	1215.98
1019.52	1220.26
1019.68	1211.56
1019.84	1214.83
1020.00	1211.68
1020.16	1213.56
1020.33	1210.78
1020.49	1218.28
1020.65	1212.89
1020.81	1216.06
1020.97	1215.10
1021.13	1214.83
1021.30	1209.63
1021.46	1220.12
1021.62	1212.91
1021.78	1213.05
1021.94	1206.70
1022.10	1219.16
1022.27	1211.41
1022.43	1219.85
1022.59	1206.19
1022.75	1222.92
1022.91	1209.22
1023.07	1222.45
1023.24	1213.13
1023.40	1215.26
1023.56	1211.89
1023.72	1213.20
1023.88	1207.22
1024.04	1218.64
1024.20	1212.68
1024.36	1213.69
1024.53	1212.19
1024.69	1216.33
1024.85	1214.53
1025.01	1213.91
1025.17	1215.65
1025.33	1215.94
1025.49	1207.67
1025.65	1216.19
1025.82	1206.99
1025.98	1217.50
1026.14	1204.66
1026.30	1219.18
1026.46	1215.18
1026.62	1219.16
1026.78	1214.16
1026.94	1222.86
1027.10	1215.10
1027.26	1218.07
1027.43	1207.79
1027.59	1224.62
1027.75	1204.57
1027.91	1215.14
1028.07	1209.74
1028.23	1219.95
1028.39	1215.82
1028.55	1217.93
1028.71	1208.20
1028.87	1221.10
1029.03	1211.89
1029.19	1207.99
1029.36	1213.56
1029.52	1217.27
1029.68	1206.77
1029.84	1221.39
1030.00	1208.06
1030.16	1215.04
1030.32	1210.27
1030.48	1219.50
1030.64	1208.53
1030.80	1221.80
1030.96	1208.06
1031.12	1218.93
1031.28	1211.35
1031.44	1224.83
1031.60	1213.79
1031.76	1218.03
1031.92	1215.14
1032.08	1230.89
1032.24	1214.67
1032.40	1223.70
1032.56	1209.37
1032.73	1221.70
1032.89	1210.74
1033.05	1216.90
1033.21	1213.95
1033.37	1218.46
1033.53	1211.78
1033.69	1217.89
1033.85	1211.76
1034.01	1220.57
1034.17	1213.44
1034.33	1224.46
1034.49	1212.79
1034.65	1218.32
1034.81	1210.29
1034.97	1217.29
1035.13	1211.23
1035.29	1228.60
1035.45	1217.82
1035.61	1218.77
1035.77	1214.71
1035.93	1224.09
1036.09	1209.59
1036.25	1216.64
1036.41	1212.01
1036.57	1223.68
1036.73	1206.89
1036.88	1224.03
1037.04	1209.76
