345.52	1209.16
345.73	1209.16
345.94	1209.16
346.16	1207.67
346.37	1218.99
346.58	1211.25
346.79	1220.59
347.00	1209.24
347.22	1219.38
347.43	1217.44
347.64	1214.94
347.85	1212.99
348.06	1222.43
348.28	1213.05
348.49	1223.44
348.70	1215.00
348.91	1227.51
349.12	1213.36
349.34	1224.30
349.55	1214.83
349.76	1222.13
349.97	1214.08
350.18	1228.76
350.40	1221.06
350.61	1224.07
350.82	1217.93
351.03	1226.22
351.24	1215.08
351.46	1221.22
351.67	1216.90
351.88	1222.15
352.09	1218.60
352.30	1220.12
352.51	1213.97
352.73	1222.02
352.94	1220.41
353.15	1222.43
353.36	1212.91
353.57	1218.93
353.79	1213.32
354.00	1220.59
354.21	1214.53
354.42	1232.82
354.63	1213.83
354.84	1224.73
355.06	1215.86
355.27	1221.98
355.48	1218.28
355.69	1218.50
355.90	1219.44
356.11	1220.02
356.33	1207.67
356.54	1229.81
356.75	1220.08
356.96	1224.52
357.17	1222.10
357.38	1222.41
357.60	1216.88
357.81	1226.82
358.02	1218.93
358.23	1221.39
358.44	1217.11
358.65	1219.48
358.87	1223.33
359.08	1217.44
359.29	1218.34
359.50	1225.30
359.71	1212.52
359.92	1223.72
360.13	1217.89
360.35	1228.31
360.56	1221.06
360.77	1225.42
360.98	1220.26
361.19	1228.31
361.40	1223.15
361.62	1225.63
361.83	1213.13
362.04	1223.89
362.25	1214.57
362.46	1228.49
362.67	1213.30
362.88	1225.40
363.10	1225.44
363.31	1224.34
363.52	1219.32
363.73	1221.57
363.94	1219.61
364.15	1220.86
364.36	1214.94
364.57	1227.59
364.79	1220.16
365.00	1224.97
365.21	1223.78
365.42	1226.43
365.63	1218.87
365.84	1223.17
366.05	1211.58
366.27	1226.39
366.48	1217.64
366.69	1232.20
366.90	1217.17
367.11	1218.36
367.32	1220.41
367.53	1222.88
367.74	1221.51
367.95	1224.09
368.17	1220.51
368.38	1218.23
368.59	1217.35
368.80	1228.02
369.01	1219.65
369.22	1221.16
369.43	1208.69
369.64	1216.27
369.86	1214.83
370.07	1225.75
370.28	1211.48
370.49	1224.36
370.70	1223.29
370.91	1230.40
371.12	1216.35
371.33	1225.20
371.54	1216.17
371.76	1226.82
371.97	1220.16
372.18	1224.46
372.39	1216.02
372.60	1226.06
372.81	1219.75
373.02	1223.54
373.23	1217.52
373.44	1222.82
373.65	1218.93
373.87	1227.12
374.08	1218.77
374.29	1225.57
374.50	1221.29
374.71	1223.46
374.92	1225.98
375.13	1222.78
375.34	1215.98
375.55	1219.42
375.76	1219.93
375.97	1219.95
376.19	1218.81
376.40	1224.21
376.61	1217.17
376.82	1229.81
377.03	1217.99
377.24	1227.27
377.45	1220.57
377.66	1223.78
377.87	1225.73
378.08	1230.54
378.29	1219.16
378.50	1228.97
378.71	1219.44
378.93	1225.32
379.14	1212.50
379.35	1221.92
379.56	1218.42
379.77	1224.54
379.98	1218.28
380.19	1223.95
380.40	1220.86
380.61	1227.16
380.82	1223.48
381.03	1230.52
381.24	1216.00
381.45	1221.80
381.66	1221.06
381.88	1229.58
382.09	1217.72
382.30	1229.29
382.51	1217.87
382.72	1227.08
382.93	1218.05
383.14	1223.46
383.35	1222.23
383.56	1224.34
383.77	1215.31
383.98	1223.76
384.19	1220.06
384.40	1225.14
384.61	1214.71
384.82	1220.92
385.03	1223.35
385.24	1226.92
385.45	1215.74
385.67	1224.75
385.88	1220.73
386.09	1229.58
386.30	1211.87
386.51	1221.84
386.72	1217.09
386.93	1225.22
387.14	1216.41
387.35	1218.87
387.56	1216.53
387.77	1221.18
387.98	1220.49
388.19	1228.80
388.40	1217.56
388.61	1225.03
388.82	1222.31
389.03	1230.64
389.24	1224.42
389.45	1224.66
389.66	1216.43
389.87	1228.64
390.08	1226.57
390.29	1227.27
390.50	1220.81
390.71	1219.87
390.92	1215.04
391.13	1229.60
391.34	1228.27
391.55	1226.96
391.76	1222.90
391.98	1228.78
392.19	1221.84
392.40	1224.85
392.61	1219.03
392.82	1225.34
393.03	1220.41
393.24	1219.42
393.45	1225.89
393.66	1225.91
393.87	1217.54
394.08	1231.79
394.29	1227.65
394.50	1226.71
394.71	1226.73
394.92	1224.28
395.13	1213.13
395.34	1228.90
395.55	1218.34
395.76	1225.24
395.97	1217.19
396.18	1225.93
396.39	1219.57
396.60	1225.18
396.81	1217.17
397.02	1230.09
397.23	1218.17
397.44	1228.29
397.65	1219.81
397.86	1225.89
398.07	1221.02
398.28	1229.60
398.49	1220.81
398.70	1222.41
398.91	1220.18
399.12	1227.39
399.33	1219.16
399.54	1232.04
399.75	1222.84
399.96	1220.86
400.17	1215.24
400.38	1225.22
400.59	1224.32
400.80	1223.60
401.01	1220.43
401.22	1224.91
401.42	1210.78
401.63	1219.01
401.84	1220.86
402.05	1225.22
402.26	1226.88
402.47	1231.57
402.68	1218.81
402.89	1228.86
403.10	1215.20
403.31	1226.47
403.52	1218.93
403.73	1224.83
403.94	1219.42
404.15	1226.67
404.36	1223.19
404.57	1230.93
404.78	1212.36
404.99	1230.58
405.20	1221.98
405.41	1224.73
405.62	1227.27
405.83	1226.00
406.04	1219.63
406.25	1222.53
406.46	1216.78
406.67	1229.64
406.88	1219.54
407.09	1221.98
407.30	1223.27
407.50	1224.83
407.71	1222.90
407.92	1235.62
408.13	1223.23
408.34	1229.33
408.55	1223.99
408.76	1224.79
408.97	1221.16
409.18	1224.73
409.39	1221.61
409.60	1227.47
409.81	1214.18
410.02	1222.64
410.23	1223.03
410.44	1222.74
410.65	1221.86
410.86	1230.83
411.07	1215.69
411.27	1225.07
411.48	1219.16
411.69	1220.81
411.90	1222.33
412.11	1230.28
412.32	1218.68
412.53	1232.57
412.74	1222.08
412.95	1227.68
413.16	1214.77
413.37	1220.59
413.58	1218.36
413.79	1228.68
414.00	1221.02
414.20	1219.28
414.41	1221.04
414.62	1224.66
414.83	1217.91
415.04	1230.46
415.25	1222.88
415.46	1222.25
415.67	1217.48
415.88	1230.95
416.09	1211.50
416.30	1222.41
416.51	1216.82
416.71	1218.34
416.92	1220.08
417.13	1226.18
417.34	1223.17
417.55	1228.02
417.76	1217.99
417.97	1226.41
418.18	1216.25
418.39	1220.55
418.60	1216.08
418.81	1220.14
419.01	1221.67
419.22	1229.13
419.43	1220.51
419.64	1226.14
419.85	1221.37
420.06	1229.60
420.27	1226.36
420.48	1227.59
420.69	1214.77
420.90	1223.44
421.10	1219.24
421.31	1227.92
421.52	1224.87
421.73	1227.45
421.94	1222.58
422.15	1219.75
422.36	1223.99
422.57	1226.53
422.78	1218.68
422.98	1225.83
423.19	1213.30
423.40	1233.53
423.61	1214.90
423.82	1222.62
424.03	1221.35
424.24	1226.94
424.45	1216.64
424.65	1226.82
424.86	1217.23
425.07	1223.62
425.28	1219.40
425.49	1222.53
425.70	1216.10
425.91	1227.82
426.12	1224.87
426.32	1222.82
426.53	1222.94
426.74	1224.21
426.95	1219.07
427.16	1224.56
427.37	1217.91
427.58	1225.81
427.78	1222.06
427.99	1233.06
428.20	1219.95
428.41	1229.70
428.62	1216.78
428.83	1228.49
429.04	1217.01
429.24	1224.91
429.45	1214.86
429.66	1227.65
429.87	1222.82
430.08	1220.41
430.29	1221.20
430.50	1221.88
430.70	1215.04
430.91	1224.79
431.12	1218.75
431.33	1228.39
431.54	1218.81
431.75	1233.16
431.96	1221.41
432.16	1232.92
432.37	1220.32
432.58	1222.31
432.79	1214.59
433.00	1225.52
433.21	1218.68
433.41	1224.11
433.62	1215.88
433.83	1221.00
434.04	1219.38
434.25	1222.21
434.46	1211.41
434.66	1225.26
434.87	1217.80
435.08	1228.95
435.29	1215.43
435.50	1229.33
435.71	1212.38
435.91	1227.35
436.12	1218.91
436.33	1219.83
436.54	1220.79
436.75	1228.72
436.95	1215.67
437.16	1226.10
437.37	1218.87
437.58	1222.39
437.79	1221.67
438.00	1223.91
438.20	1214.06
438.41	1227.41
438.62	1221.02
438.83	1224.95
439.04	1216.00
439.24	1223.80
439.45	1221.84
439.66	1225.24
439.87	1218.54
440.08	1226.96
440.28	1222.68
440.49	1223.15
440.70	1222.82
440.91	1227.27
441.12	1224.58
441.32	1227.33
441.53	1218.19
441.74	1224.05
441.95	1219.79
442.16	1226.02
442.36	1214.94
442.57	1223.58
442.78	1214.67
442.99	1226.94
443.20	1223.07
443.40	1229.13
443.61	1209.67
443.82	1227.65
444.03	1224.60
444.24	1228.72
444.44	1218.05
444.65	1231.75
444.86	1225.01
445.07	1228.86
445.27	1220.98
445.48	1226.65
445.69	1219.69
445.90	1219.07
446.11	1220.79
446.31	1223.72
446.52	1212.83
446.73	1230.21
446.94	1214.12
447.14	1226.75
447.35	1220.73
447.56	1228.04
447.77	1223.01
447.97	1226.34
448.18	1219.54
448.39	1221.10
448.60	1208.63
448.81	1225.42
449.01	1215.16
449.22	1233.96
449.43	1213.91
449.64	1222.02
449.84	1222.35
450.05	1232.14
450.26	1214.75
450.47	1226.49
450.67	1216.35
450.88	1221.45
451.09	1222.80
451.30	1224.64
451.50	1227.43
451.71	1229.68
451.92	1213.38
452.13	1221.24
452.33	1224.85
452.54	1226.84
452.75	1226.16
452.96	1232.47
453.16	1222.19
453.37	1227.29
453.58	1215.49
453.79	1225.30
453.99	1220.65
454.20	1219.91
454.41	1218.97
454.61	1227.59
454.82	1216.19
455.03	1224.46
455.24	1216.74
455.44	1226.49
455.65	1227.33
455.86	1223.03
456.07	1218.50
456.27	1225.79
456.48	1225.61
456.69	1219.01
456.90	1218.36
457.10	1226.16
457.31	1213.32
457.52	1224.03
457.72	1219.57
457.93	1227.82
458.14	1221.92
458.35	1228.11
458.55	1225.73
458.76	1223.70
458.97	1214.69
459.17	1218.71
459.38	1220.96
459.59	1227.49
459.80	1217.85
460.00	1227.41
460.21	1219.16
460.42	1225.30
460.62	1220.47
460.83	1222.86
461.04	1221.76
461.25	1222.00
461.45	1223.27
461.66	1224.64
461.87	1221.06
462.07	1222.17
462.28	1217.99
462.49	1223.68
462.69	1218.03
462.90	1227.63
463.11	1218.77
463.31	1227.68
463.52	1226.00
463.73	1223.97
463.94	1217.64
464.14	1214.20
464.35	1218.56
464.56	1216.96
464.76	1225.40
464.97	1222.76
465.18	1217.95
465.38	1222.53
465.59	1223.70
465.80	1226.18
466.00	1222.78
466.21	1218.46
466.42	1227.57
466.62	1215.69
466.83	1226.77
467.04	1223.33
467.24	1220.14
467.45	1231.69
467.66	1218.79
467.86	1229.33
468.07	1219.38
468.28	1220.90
468.48	1214.94
468.69	1230.58
468.90	1219.52
469.10	1222.60
469.31	1215.76
469.52	1229.93
469.72	1218.32
469.93	1229.72
470.14	1217.05
470.34	1225.05
470.55	1218.42
470.76	1225.67
470.96	1219.48
471.17	1225.40
471.38	1219.50
471.58	1222.78
471.79	1220.43
472.00	1228.04
472.20	1217.56
472.41	1227.20
472.62	1218.87
472.82	1222.60
473.03	1222.10
473.24	1224.38
473.44	1220.36
473.65	1225.03
473.85	1218.07
474.06	1219.93
474.27	1222.35
474.47	1220.63
474.68	1218.83
474.89	1230.71
475.09	1215.04
475.30	1225.46
475.51	1223.78
475.71	1228.95
475.92	1218.07
476.12	1225.71
476.33	1218.60
476.54	1226.30
476.74	1221.22
476.95	1224.91
477.16	1217.13
477.36	1227.00
477.57	1215.14
477.77	1226.47
477.98	1211.00
478.19	1225.61
478.39	1213.07
478.60	1227.18
478.81	1220.36
479.01	1229.70
479.22	1217.97
479.42	1226.22
479.63	1222.21
479.84	1224.32
480.04	1224.05
480.25	1226.90
480.45	1221.80
480.66	1221.80
480.87	1225.32
481.07	1223.15
481.28	1226.73
481.48	1227.57
481.69	1217.66
481.90	1224.32
482.10	1219.24
482.31	1222.76
482.51	1223.44
482.72	1224.83
482.93	1219.34
483.13	1225.42
483.34	1221.63
483.54	1224.91
483.75	1219.14
483.96	1225.57
484.16	1216.37
484.37	1231.59
484.57	1218.99
484.78	1232.67
484.99	1216.12
485.19	1222.76
485.40	1224.30
485.60	1225.77
485.81	1215.74
486.01	1222.70
486.22	1229.31
486.43	1224.36
486.63	1223.74
486.84	1228.88
487.04	1221.12
487.25	1223.93
487.46	1222.80
487.66	1219.69
487.87	1218.99
488.07	1226.39
488.28	1218.60
488.48	1226.82
488.69	1222.86
488.89	1225.75
489.10	1217.17
489.31	1217.99
489.51	1216.51
489.72	1228.95
489.92	1218.07
490.13	1224.17
490.33	1224.07
490.54	1222.53
490.75	1217.37
490.95	1219.20
491.16	1223.68
491.36	1231.36
491.57	1215.35
491.77	1219.36
491.98	1219.93
492.18	1221.57
492.39	1219.42
492.59	1226.77
492.80	1219.11
493.01	1221.61
493.21	1225.16
493.42	1227.68
493.62	1217.11
493.83	1224.01
494.03	1221.00
494.24	1227.98
494.44	1219.28
494.65	1223.33
494.85	1219.14
495.06	1224.77
495.26	1219.16
495.47	1231.61
495.68	1219.16
495.88	1226.14
496.09	1214.34
496.29	1222.68
496.50	1222.13
496.70	1228.33
496.91	1223.23
497.11	1224.71
497.32	1220.61
497.52	1228.39
497.73	1221.24
497.93	1223.42
498.14	1220.14
498.34	1227.76
498.55	1223.91
498.75	1224.32
498.96	1216.70
499.16	1225.52
499.37	1213.87
499.57	1223.17
499.78	1218.23
499.98	1226.45
500.19	1221.84
500.39	1227.10
500.60	1220.14
500.80	1221.92
501.01	1222.43
501.21	1230.21
501.42	1218.54
501.62	1223.76
501.83	1218.38
502.03	1227.14
502.24	1223.99
502.44	1227.43
502.65	1220.22
502.85	1232.57
503.06	1214.67
503.26	1228.72
503.47	1223.89
503.67	1224.79
503.88	1227.16
504.08	1230.05
504.29	1214.18
504.49	1220.59
504.70	1222.68
504.90	1225.38
505.11	1222.97
505.31	1222.29
505.52	1219.22
505.72	1225.93
505.93	1220.73
506.13	1221.78
506.34	1220.28
506.54	1225.40
506.75	1225.81
506.95	1222.62
507.16	1221.12
507.36	1222.49
507.56	1217.33
507.77	1223.44
507.97	1215.08
508.18	1222.15
508.38	1222.53
508.59	1219.24
508.79	1222.82
509.00	1228.86
509.20	1215.20
509.41	1226.90
509.61	1221.02
509.82	1223.76
510.02	1224.69
510.22	1222.06
510.43	1220.92
510.63	1224.64
510.84	1216.74
511.04	1223.40
511.25	1222.88
511.45	1222.15
511.66	1210.62
511.86	1224.64
512.06	1220.14
512.27	1226.00
512.47	1208.42
512.68	1219.63
512.88	1221.20
513.09	1222.37
513.29	1219.40
513.50	1222.99
513.70	1219.36
513.90	1221.57
514.11	1212.34
514.31	1225.26
514.52	1223.58
514.72	1226.30
514.93	1221.14
515.13	1221.74
515.33	1218.73
515.54	1223.62
515.74	1217.56
515.95	1222.27
516.15	1217.93
516.36	1234.84
516.56	1214.53
516.76	1223.33
516.97	1218.77
517.17	1224.60
517.38	1217.85
517.58	1221.59
517.78	1214.22
517.99	1227.98
518.19	1223.13
518.40	1220.77
518.60	1218.01
518.81	1223.70
519.01	1214.59
519.21	1224.87
519.42	1212.81
519.62	1225.81
519.83	1221.18
520.03	1229.60
520.23	1222.53
520.44	1229.99
520.64	1224.79
520.85	1227.10
521.05	1217.44
521.25	1229.42
521.46	1220.20
521.66	1228.02
521.86	1217.68
522.07	1224.71
522.27	1217.21
522.48	1220.41
522.68	1216.82
522.88	1218.38
523.09	1219.24
523.29	1228.64
523.50	1219.91
523.70	1224.52
523.90	1212.95
524.11	1226.90
524.31	1222.80
524.51	1224.69
524.72	1217.93
524.92	1224.77
525.13	1219.07
525.33	1216.92
525.53	1224.13
525.74	1226.61
525.94	1214.30
526.14	1226.30
526.35	1224.91
526.55	1230.69
526.76	1220.14
526.96	1228.27
527.16	1211.62
527.37	1219.91
527.57	1222.68
527.77	1222.70
527.98	1223.37
528.18	1215.55
528.38	1210.31
528.59	1225.28
528.79	1221.90
528.99	1225.01
529.20	1216.33
529.40	1224.99
529.61	1221.16
529.81	1229.95
530.01	1219.61
530.22	1232.24
530.42	1213.18
530.62	1222.88
530.83	1221.02
531.03	1220.61
531.23	1221.84
531.44	1221.65
531.64	1224.89
531.84	1225.07
532.05	1217.13
532.25	1221.74
532.45	1219.26
532.66	1233.04
532.86	1217.99
533.06	1223.48
533.27	1220.65
533.47	1226.49
533.67	1217.11
533.88	1224.05
534.08	1216.10
534.28	1225.63
534.49	1222.47
534.69	1224.85
534.89	1220.26
535.09	1223.72
535.30	1219.24
535.50	1214.24
535.70	1224.89
535.91	1227.29
536.11	1219.44
536.31	1221.88
536.52	1216.92
536.72	1221.06
536.92	1215.08
537.13	1226.96
537.33	1216.66
537.53	1231.63
537.74	1218.01
537.94	1223.19
538.14	1219.75
538.34	1228.41
538.55	1217.05
538.75	1233.41
538.95	1218.99
539.16	1223.05
539.36	1220.90
539.56	1221.12
539.77	1219.11
539.97	1225.61
540.17	1212.81
540.37	1232.18
540.58	1219.97
540.78	1228.08
540.98	1213.63
541.19	1217.29
541.39	1226.06
541.59	1223.60
541.79	1221.45
542.00	1226.32
542.20	1224.83
542.40	1225.38
542.60	1220.08
542.81	1224.46
543.01	1217.11
543.21	1218.58
543.42	1214.22
543.62	1223.91
543.82	1229.56
544.02	1224.79
544.23	1224.23
544.43	1222.25
544.63	1216.66
544.83	1223.07
545.04	1228.00
545.24	1225.96
545.44	1215.84
545.64	1225.73
545.85	1213.28
546.05	1223.13
546.25	1219.65
546.45	1224.73
546.66	1219.34
546.86	1229.78
547.06	1222.68
547.27	1222.74
547.47	1214.88
547.67	1224.56
547.87	1222.29
548.07	1222.51
548.28	1216.29
548.48	1230.50
548.68	1221.70
548.88	1226.32
549.09	1223.17
549.29	1216.68
549.49	1215.55
549.69	1230.28
549.90	1224.48
550.10	1228.62
550.30	1219.44
550.50	1226.08
550.71	1226.24
550.91	1228.11
551.11	1218.56
551.31	1218.01
551.51	1218.25
551.72	1225.22
551.92	1220.16
552.12	1225.42
552.32	1217.39
552.53	1220.79
552.73	1213.95
552.93	1226.57
553.13	1221.20
553.33	1228.31
553.54	1215.57
553.74	1230.05
553.94	1222.99
554.14	1221.94
554.35	1216.06
554.55	1225.69
554.75	1217.25
554.95	1225.09
555.15	1222.62
555.36	1233.14
555.56	1222.49
555.76	1224.15
555.96	1222.99
556.16	1233.78
556.37	1221.96
556.57	1220.38
556.77	1220.10
556.97	1221.31
557.17	1212.19
557.38	1224.62
557.58	1226.06
557.78	1227.51
557.98	1217.05
558.18	1225.61
558.38	1213.65
558.59	1222.49
558.79	1218.32
558.99	1223.93
559.19	1219.97
559.39	1228.52
559.60	1212.15
559.80	1224.13
560.00	1226.02
560.20	1228.92
560.40	1213.81
560.60	1223.35
560.81	1217.01
561.01	1222.86
561.21	1220.61
561.41	1231.10
561.61	1220.57
561.81	1229.91
562.02	1226.10
562.22	1220.26
562.42	1220.69
562.62	1220.18
562.82	1214.73
563.02	1218.25
563.23	1220.45
563.43	1221.04
563.63	1224.05
563.83	1226.43
564.03	1221.06
564.23	1225.81
564.43	1221.78
564.64	1227.18
564.84	1220.28
565.04	1223.17
565.24	1214.65
565.44	1223.60
565.64	1207.77
565.85	1226.84
566.05	1213.65
566.25	1229.81
566.45	1216.78
566.65	1226.18
566.85	1211.37
567.05	1218.77
567.25	1223.89
567.46	1228.76
567.66	1217.80
567.86	1225.24
568.06	1219.97
568.26	1221.27
568.46	1218.15
568.66	1225.22
568.86	1226.55
569.07	1229.40
569.27	1208.12
569.47	1222.62
569.67	1221.84
569.87	1230.15
570.07	1215.55
570.27	1228.82
570.47	1209.06
570.68	1219.89
570.88	1219.22
571.08	1230.19
571.28	1220.86
571.48	1229.11
571.68	1219.07
571.88	1228.17
572.08	1222.58
572.28	1225.26
572.49	1219.89
572.69	1229.56
572.89	1216.02
573.09	1224.26
573.29	1224.05
573.49	1222.72
573.69	1219.01
573.89	1229.78
574.09	1221.76
574.29	1218.93
574.50	1218.38
574.70	1227.61
574.90	1221.86
575.10	1220.18
575.30	1220.65
575.50	1220.24
575.70	1213.52
575.90	1218.19
576.10	1223.17
576.30	1223.91
576.50	1216.72
576.70	1218.85
576.91	1222.92
577.11	1226.63
577.31	1221.10
577.51	1229.09
577.71	1217.50
577.91	1223.54
578.11	1223.60
578.31	1217.80
578.51	1221.12
578.71	1219.69
578.91	1222.10
579.11	1228.90
579.31	1221.57
579.51	1226.08
579.71	1209.65
579.92	1226.30
580.12	1211.97
580.32	1226.55
580.52	1222.39
580.72	1221.31
580.92	1214.02
581.12	1223.27
581.32	1217.70
581.52	1225.63
581.72	1213.91
581.92	1230.89
582.12	1222.76
582.32	1225.28
582.52	1228.56
582.72	1230.52
582.92	1209.35
583.12	1227.92
583.32	1218.40
583.52	1220.30
583.72	1215.35
583.92	1222.00
584.12	1214.28
584.33	1227.22
584.53	1216.90
584.73	1224.30
584.93	1222.56
585.13	1223.64
585.33	1214.73
585.53	1227.84
585.73	1218.99
585.93	1223.25
586.13	1214.22
586.33	1226.14
586.53	1215.33
586.73	1219.14
586.93	1218.79
587.13	1225.40
587.33	1218.60
587.53	1225.09
587.73	1215.16
587.93	1218.81
588.13	1217.52
588.33	1224.56
588.53	1217.66
588.73	1222.27
588.93	1216.90
589.13	1227.31
589.33	1218.28
589.53	1220.73
589.73	1223.03
589.93	1221.92
590.13	1216.51
590.33	1226.04
590.53	1216.41
590.73	1230.11
590.93	1212.93
591.13	1220.67
591.33	1223.80
591.53	1226.36
591.73	1218.87
591.93	1221.55
592.13	1217.87
592.33	1229.93
592.53	1219.24
592.73	1225.01
592.93	1213.89
593.13	1224.36
593.33	1212.83
593.53	1224.13
593.73	1215.72
593.93	1219.97
594.13	1216.47
594.33	1230.09
594.53	1217.33
594.73	1224.75
594.92	1219.26
595.12	1226.79
595.32	1215.04
595.52	1225.01
595.72	1215.74
595.92	1217.39
596.12	1218.75
596.32	1226.61
596.52	1218.85
596.72	1227.78
596.92	1218.13
597.12	1219.85
597.32	1214.59
597.52	1223.80
597.72	1210.90
597.92	1227.86
598.12	1218.38
598.32	1219.22
598.52	1220.00
598.72	1226.57
598.92	1215.00
599.12	1225.79
599.31	1216.31
599.51	1227.10
599.71	1221.18
599.91	1216.86
600.11	1217.09
600.31	1221.94
600.51	1218.89
600.71	1221.53
600.91	1217.21
601.11	1228.99
601.31	1211.72
601.51	1227.06
601.71	1214.90
601.91	1218.17
602.10	1218.46
602.30	1226.18
602.50	1218.91
602.70	1228.78
602.90	1224.07
603.10	1229.99
603.30	1226.75
603.50	1226.90
603.70	1223.40
603.90	1224.09
604.10	1224.23
604.30	1224.44
604.49	1223.35
604.69	1219.65
604.89	1213.97
605.09	1231.14
605.29	1219.63
605.49	1220.24
605.69	1215.29
605.89	1223.03
606.09	1221.12
606.29	1227.53
606.48	1218.19
606.68	1225.30
606.88	1223.54
607.08	1225.44
607.28	1217.01
607.48	1223.42
607.68	1213.81
607.88	1222.51
608.08	1218.75
608.27	1225.38
608.47	1217.17
608.67	1219.83
608.87	1214.26
609.07	1229.56
609.27	1218.09
609.47	1226.28
609.67	1222.17
609.87	1233.63
610.06	1211.76
610.26	1232.37
610.46	1217.89
610.66	1222.45
610.86	1221.41
611.06	1221.43
611.26	1213.13
611.45	1227.98
611.65	1219.65
611.85	1222.92
612.05	1218.36
612.25	1221.65
612.45	1217.15
612.65	1222.99
612.84	1210.21
613.04	1224.73
613.24	1219.24
613.44	1222.19
613.64	1217.44
613.84	1231.65
614.04	1222.51
614.23	1227.31
614.43	1214.12
614.63	1232.84
614.83	1214.42
615.03	1229.03
615.23	1225.40
615.42	1220.92
615.62	1216.23
615.82	1222.97
616.02	1212.36
616.22	1232.69
616.42	1223.15
616.61	1228.56
616.81	1211.25
617.01	1224.48
617.21	1216.33
617.41	1223.68
617.61	1219.20
617.80	1224.91
618.00	1218.11
618.20	1220.81
618.40	1217.74
618.60	1223.95
618.80	1217.97
618.99	1223.64
619.19	1215.92
619.39	1222.70
619.59	1221.37
619.79	1224.09
619.98	1216.21
620.18	1226.43
620.38	1214.73
620.58	1223.89
620.78	1216.68
620.97	1221.47
621.17	1217.85
621.37	1219.67
621.57	1220.28
621.77	1227.76
621.96	1223.13
622.16	1231.07
622.36	1219.16
622.56	1225.36
622.76	1217.50
622.95	1218.73
623.15	1217.07
623.35	1220.22
623.55	1215.16
623.75	1228.66
623.94	1219.36
624.14	1226.67
624.34	1216.90
624.54	1223.70
624.73	1218.71
624.93	1230.64
625.13	1212.60
625.33	1227.02
625.53	1216.82
625.72	1221.63
625.92	1217.89
626.12	1224.91
626.32	1220.28
626.51	1229.46
626.71	1215.53
626.91	1231.53
627.11	1217.13
627.30	1222.70
627.50	1217.15
627.70	1228.88
627.90	1219.95
628.10	1226.45
628.29	1215.20
628.49	1227.55
628.69	1222.29
628.89	1223.17
629.08	1226.94
629.28	1228.21
629.48	1217.99
629.68	1218.25
629.87	1220.06
630.07	1226.65
630.27	1217.74
630.47	1227.70
630.66	1222.47
630.86	1226.14
631.06	1219.24
631.25	1223.48
631.45	1213.85
631.65	1232.14
631.85	1211.48
632.04	1224.03
632.24	1217.74
632.44	1227.68
632.64	1224.17
632.83	1223.83
633.03	1224.28
633.23	1224.77
633.42	1218.42
633.62	1226.30
633.82	1216.31
634.02	1224.44
634.21	1222.74
634.41	1222.41
634.61	1220.10
634.81	1225.83
635.00	1213.97
635.20	1218.54
635.40	1221.29
635.59	1223.25
635.79	1217.56
635.99	1228.47
636.18	1218.23
636.38	1227.61
636.58	1222.64
636.78	1220.73
636.97	1211.11
637.17	1226.00
637.37	1224.64
637.56	1222.27
637.76	1225.09
637.96	1223.72
638.15	1224.97
638.35	1225.07
638.55	1221.55
638.74	1229.29
638.94	1218.09
639.14	1221.47
639.34	1210.96
639.53	1226.92
639.73	1215.80
639.93	1223.17
640.12	1217.58
640.32	1222.19
640.52	1223.15
640.71	1217.56
640.91	1217.31
641.11	1225.48
641.30	1214.45
641.50	1225.34
641.70	1221.96
641.89	1221.20
642.09	1210.86
642.29	1223.19
642.48	1216.51
642.68	1224.77
642.88	1216.23
643.07	1229.50
643.27	1218.95
643.47	1226.12
643.66	1211.72
643.86	1220.34
644.06	1221.10
644.25	1224.11
644.45	1216.70
644.65	1220.34
644.84	1221.92
645.04	1223.21
645.23	1220.98
645.43	1225.77
645.63	1217.11
645.82	1227.22
646.02	1222.70
646.22	1219.71
646.41	1212.99
646.61	1223.70
646.81	1218.36
647.00	1226.28
647.20	1225.85
647.39	1221.94
647.59	1222.06
647.79	1221.12
647.98	1213.99
648.18	1230.24
648.38	1217.21
648.57	1228.11
648.77	1219.79
648.96	1219.16
649.16	1215.51
649.36	1227.37
649.55	1221.12
649.75	1225.16
649.95	1215.65
650.14	1219.97
650.34	1223.40
650.53	1220.75
650.73	1214.63
650.93	1222.86
651.12	1217.66
651.32	1228.29
651.51	1223.99
651.71	1226.08
651.91	1217.78
652.10	1224.81
652.30	1220.43
652.49	1232.18
652.69	1225.40
652.89	1221.18
653.08	1219.77
653.28	1228.92
653.47	1214.47
653.67	1228.70
653.86	1214.02
654.06	1221.65
654.26	1218.09
654.45	1225.50
654.65	1224.95
654.84	1228.54
655.04	1224.89
655.24	1219.91
655.43	1218.73
655.63	1226.75
655.82	1224.40
656.02	1223.76
656.21	1221.10
656.41	1224.87
656.61	1220.02
656.80	1224.01
657.00	1218.95
657.19	1221.00
657.39	1213.67
657.58	1222.49
657.78	1224.07
657.97	1224.66
658.17	1217.99
658.37	1225.77
658.56	1218.46
658.76	1224.69
658.95	1217.82
659.15	1223.97
659.34	1216.90
659.54	1230.34
659.73	1213.46
659.93	1222.84
660.13	1224.03
660.32	1217.64
660.52	1219.09
660.71	1223.91
660.91	1215.31
661.10	1223.83
661.30	1221.90
661.49	1216.96
661.69	1216.86
661.88	1232.02
662.08	1214.30
662.27	1228.13
662.47	1217.27
662.66	1223.68
662.86	1213.87
663.06	1225.71
663.25	1222.37
663.45	1226.49
663.64	1213.13
663.84	1228.39
664.03	1220.84
664.23	1229.11
664.42	1217.11
664.62	1221.65
664.81	1219.61
665.01	1226.16
665.20	1216.76
665.40	1221.33
665.59	1221.45
665.79	1228.62
665.98	1217.19
666.18	1225.96
666.37	1214.55
666.57	1211.48
666.76	1219.30
666.96	1225.38
667.15	1218.97
667.35	1223.70
667.54	1227.33
667.74	1231.24
667.93	1220.43
668.13	1227.33
668.32	1218.87
668.52	1227.06
668.71	1224.21
668.91	1227.61
669.10	1221.78
669.30	1214.40
669.49	1216.19
669.68	1231.48
669.88	1213.61
670.07	1233.12
670.27	1222.99
670.46	1221.61
670.66	1221.16
670.85	1231.55
671.05	1222.82
671.24	1220.20
671.44	1210.76
671.63	1222.64
671.83	1217.58
672.02	1225.63
672.22	1212.27
672.41	1223.29
672.60	1215.00
672.80	1226.16
672.99	1218.75
673.19	1223.19
673.38	1214.12
673.58	1229.91
673.77	1219.67
673.97	1223.85
674.16	1220.55
674.36	1231.89
674.55	1225.61
674.74	1223.37
674.94	1215.80
675.13	1222.17
675.33	1216.43
675.52	1232.47
675.72	1222.84
675.91	1222.84
676.10	1216.88
676.30	1225.50
676.49	1216.49
676.69	1224.66
676.88	1219.03
677.08	1224.52
677.27	1221.43
677.46	1230.46
677.66	1214.88
677.85	1222.45
678.05	1215.67
678.24	1224.62
678.44	1219.89
678.63	1216.55
678.82	1215.63
679.02	1220.65
679.21	1218.95
679.41	1222.33
679.60	1221.94
679.79	1229.05
679.99	1220.20
680.18	1221.37
680.38	1218.38
680.57	1224.73
680.76	1217.03
680.96	1218.05
681.15	1223.23
681.35	1221.82
681.54	1220.08
681.73	1222.68
681.93	1219.05
682.12	1223.11
682.32	1217.72
682.51	1227.98
682.70	1213.63
682.90	1224.40
683.09	1222.02
683.29	1222.88
683.48	1217.07
683.67	1220.12
683.87	1218.81
684.06	1226.06
684.25	1216.41
684.45	1227.88
684.64	1221.53
684.84	1224.58
685.03	1220.02
685.22	1223.87
685.42	1224.09
685.61	1225.79
685.80	1218.11
686.00	1228.82
686.19	1220.94
686.38	1227.76
686.58	1215.65
686.77	1223.87
686.96	1225.79
687.16	1227.59
687.35	1219.63
687.55	1224.36
687.74	1214.28
687.93	1227.06
688.13	1221.02
688.32	1228.56
688.51	1214.10
688.71	1222.76
688.90	1224.50
689.09	1216.15
689.29	1218.52
689.48	1224.58
689.67	1223.70
689.87	1218.58
690.06	1225.57
690.25	1219.34
690.45	1216.06
690.64	1225.07
690.83	1215.94
691.03	1223.97
691.22	1220.86
691.41	1224.52
691.61	1219.93
691.80	1229.68
691.99	1216.49
692.19	1224.93
692.38	1213.69
692.57	1229.35
692.76	1220.69
692.96	1225.52
693.15	1216.35
693.34	1226.45
693.54	1217.25
693.73	1229.56
693.92	1225.59
694.12	1224.58
694.31	1221.53
694.50	1222.06
694.70	1221.94
694.89	1226.36
695.08	1215.33
695.27	1229.64
695.47	1220.67
695.66	1224.07
695.85	1225.93
696.05	1229.23
696.24	1218.42
696.43	1233.41
696.62	1216.76
696.82	1231.24
697.01	1217.37
697.20	1222.29
697.40	1215.31
697.59	1223.29
697.78	1215.90
697.97	1228.06
698.17	1222.04
698.36	1230.83
698.55	1218.44
698.74	1222.35
698.94	1218.25
699.13	1227.00
699.32	1217.68
699.52	1229.15
699.71	1214.26
699.90	1228.08
700.09	1214.57
700.29	1228.35
700.48	1219.89
700.67	1226.12
700.86	1214.61
701.06	1231.81
701.25	1220.92
701.44	1231.12
701.63	1220.63
701.83	1233.45
702.02	1214.02
702.21	1228.29
702.40	1222.99
702.60	1231.71
702.79	1224.64
702.98	1226.26
703.17	1213.30
703.37	1220.38
703.56	1222.66
703.75	1220.96
703.94	1215.57
704.13	1227.70
704.33	1215.06
704.52	1220.84
704.71	1219.63
704.90	1227.76
705.10	1219.07
705.29	1229.89
705.48	1219.01
705.67	1221.96
705.86	1221.94
706.06	1228.06
706.25	1215.33
706.44	1228.21
706.63	1215.49
706.83	1225.01
707.02	1222.99
707.21	1222.66
707.40	1211.31
707.59	1221.41
707.79	1223.58
707.98	1220.81
708.17	1217.25
708.36	1230.36
708.55	1212.23
708.75	1226.90
708.94	1218.23
709.13	1222.64
709.32	1216.10
709.51	1217.99
709.71	1220.36
709.90	1221.37
710.09	1228.37
710.28	1223.05
710.47	1212.73
710.66	1221.39
710.86	1213.97
711.05	1225.69
711.24	1220.04
711.43	1227.35
711.62	1218.48
711.82	1218.73
712.01	1215.55
712.20	1232.14
712.39	1220.65
712.58	1227.29
712.77	1219.93
712.97	1229.95
713.16	1212.09
713.35	1217.97
713.54	1221.31
713.73	1229.50
713.92	1223.80
714.11	1224.73
714.31	1226.30
714.50	1221.51
714.69	1212.60
714.88	1222.51
715.07	1221.10
715.26	1227.55
715.46	1219.03
715.65	1223.15
715.84	1220.71
716.03	1229.64
716.22	1214.18
716.41	1227.43
716.60	1223.54
716.80	1221.55
716.99	1216.17
717.18	1216.27
717.37	1219.97
717.56	1229.44
717.75	1220.77
717.94	1224.66
718.13	1219.59
718.33	1224.40
718.52	1220.04
718.71	1223.74
718.90	1216.21
719.09	1219.40
719.28	1209.82
719.47	1225.30
719.66	1220.84
719.85	1225.28
720.05	1221.72
720.24	1222.00
720.43	1226.36
720.62	1225.93
720.81	1221.16
721.00	1226.28
721.19	1217.52
721.38	1226.47
721.57	1218.46
721.77	1221.63
721.96	1216.37
722.15	1223.58
722.34	1225.67
722.53	1226.41
722.72	1217.95
722.91	1229.35
723.10	1218.15
723.29	1233.76
723.48	1220.55
723.67	1221.51
723.87	1223.15
724.06	1230.83
724.25	1219.93
724.44	1220.81
724.63	1219.03
724.82	1222.88
725.01	1225.83
725.20	1222.06
725.39	1218.01
725.58	1223.56
725.77	1225.79
725.96	1226.08
726.15	1220.86
726.34	1224.58
726.54	1220.47
726.73	1227.65
726.92	1216.49
727.11	1228.06
727.30	1223.42
727.49	1222.64
727.68	1212.62
727.87	1222.41
728.06	1223.33
728.25	1222.99
728.44	1225.32
728.63	1231.07
728.82	1226.65
729.01	1228.49
729.20	1221.96
729.39	1225.32
729.58	1216.76
729.77	1216.47
729.96	1214.08
730.15	1227.70
730.34	1219.44
730.53	1225.79
730.73	1220.81
730.92	1225.50
731.11	1219.32
731.30	1220.49
731.49	1216.15
731.68	1226.22
731.87	1220.10
732.06	1225.52
732.25	1218.19
732.44	1225.77
732.63	1218.89
732.82	1227.12
733.01	1222.19
733.20	1225.63
733.39	1210.33
733.58	1228.33
733.77	1220.30
733.96	1224.19
734.15	1217.89
734.34	1231.87
734.53	1220.10
734.72	1227.47
734.91	1218.62
735.10	1221.59
735.29	1214.92
735.48	1225.52
735.67	1215.37
735.86	1229.05
736.05	1214.75
736.24	1220.14
736.43	1220.86
736.62	1226.82
736.81	1219.97
737.00	1244.49
737.19	1211.70
737.38	1223.85
737.57	1216.90
737.76	1227.94
737.95	1220.28
738.14	1227.04
738.33	1221.65
738.51	1230.05
738.70	1218.40
738.89	1228.82
739.08	1228.13
739.27	1224.64
739.46	1218.13
739.65	1223.37
739.84	1219.09
740.03	1222.84
740.22	1218.56
740.41	1232.49
740.60	1213.59
740.79	1218.79
740.98	1218.25
741.17	1227.55
741.36	1217.17
741.55	1226.65
741.74	1217.64
741.93	1224.28
742.12	1223.68
742.31	1219.14
742.50	1220.77
742.68	1218.38
742.87	1221.39
743.06	1229.50
743.25	1220.41
743.44	1227.94
743.63	1214.04
743.82	1218.44
744.01	1219.24
744.20	1216.94
744.39	1216.21
744.58	1225.77
744.77	1228.41
744.96	1223.48
745.14	1223.52
745.33	1215.69
745.52	1224.38
745.71	1221.65
745.90	1215.10
746.09	1222.23
746.28	1215.33
746.47	1226.75
746.66	1213.69
746.85	1220.61
747.04	1215.35
747.22	1224.50
747.41	1218.25
747.60	1228.72
747.79	1215.63
747.98	1226.55
748.17	1219.11
748.36	1227.65
748.55	1218.77
748.74	1221.12
748.93	1217.50
749.11	1226.73
749.30	1218.42
749.49	1224.95
749.68	1220.86
749.87	1218.85
750.06	1216.27
750.25	1220.71
750.44	1210.37
750.62	1223.58
750.81	1220.04
751.00	1223.40
751.19	1215.82
751.38	1222.58
751.57	1215.06
751.76	1223.25
751.95	1216.74
752.13	1229.42
752.32	1221.59
752.51	1223.25
752.70	1217.72
752.89	1231.01
753.08	1221.16
753.27	1224.17
753.45	1221.63
753.64	1230.97
753.83	1219.40
754.02	1221.12
754.21	1224.62
754.40	1224.50
754.58	1223.97
754.77	1222.39
754.96	1219.54
755.15	1221.37
755.34	1211.54
755.53	1229.54
755.71	1218.99
755.90	1225.87
756.09	1220.90
756.28	1220.96
756.47	1215.12
756.66	1229.66
756.84	1217.35
757.03	1225.57
757.22	1217.85
757.41	1221.12
757.60	1223.95
757.79	1234.31
757.97	1221.67
758.16	1220.69
758.35	1216.53
758.54	1230.87
758.73	1216.76
758.91	1224.93
759.10	1223.37
759.29	1225.16
759.48	1219.38
759.67	1225.79
759.85	1223.33
760.04	1217.03
760.23	1221.18
760.42	1224.52
760.61	1214.98
760.79	1228.33
760.98	1215.16
761.17	1227.86
761.36	1220.49
761.55	1221.51
761.73	1216.62
761.92	1218.68
762.11	1221.31
762.30	1227.25
762.49	1220.51
762.67	1224.85
762.86	1214.88
763.05	1221.41
763.24	1221.59
763.42	1228.90
763.61	1225.18
763.80	1229.68
763.99	1213.07
764.17	1217.01
764.36	1220.45
764.55	1230.69
764.74	1210.37
764.92	1227.25
765.11	1216.82
765.30	1219.77
765.49	1219.32
765.68	1228.00
765.86	1220.55
766.05	1221.59
766.24	1218.81
766.43	1225.48
766.61	1215.92
766.80	1224.87
766.99	1212.62
767.17	1221.49
767.36	1224.15
767.55	1225.52
767.74	1216.70
767.92	1224.69
768.11	1214.77
768.30	1227.25
768.49	1223.78
768.67	1223.95
768.86	1213.99
769.05	1226.36
769.24	1220.81
769.42	1220.14
769.61	1224.93
769.80	1224.77
769.98	1221.33
770.17	1224.07
770.36	1215.84
770.55	1218.07
770.73	1216.29
770.92	1229.13
771.11	1217.25
771.29	1217.52
771.48	1226.16
771.67	1220.73
771.86	1218.11
772.04	1221.63
772.23	1215.53
772.42	1223.40
772.60	1212.32
772.79	1228.43
772.98	1219.24
773.16	1231.75
773.35	1222.86
773.54	1225.32
773.72	1213.73
773.91	1221.43
774.10	1219.69
774.29	1228.47
774.47	1212.19
774.66	1221.63
774.85	1227.72
775.03	1230.54
775.22	1221.24
775.41	1221.24
775.59	1223.17
775.78	1224.83
775.97	1216.80
776.15	1218.54
776.34	1216.74
776.53	1220.51
776.71	1217.52
776.90	1218.83
777.09	1214.06
777.27	1226.39
777.46	1222.68
777.65	1217.01
777.83	1213.71
778.02	1225.52
778.21	1214.06
778.39	1217.97
778.58	1218.97
778.76	1225.20
778.95	1222.23
779.14	1221.51
779.32	1214.18
779.51	1224.01
779.70	1211.78
779.88	1226.14
780.07	1218.73
780.26	1221.82
780.44	1217.62
780.63	1233.68
780.81	1210.17
781.00	1224.58
781.19	1225.61
781.37	1225.93
781.56	1213.46
781.75	1223.60
781.93	1213.77
782.12	1226.55
782.30	1222.62
782.49	1220.34
782.68	1218.89
782.86	1226.67
783.05	1220.81
783.23	1220.02
783.42	1213.75
783.61	1222.64
783.79	1214.24
783.98	1226.41
784.16	1222.13
784.35	1226.61
784.54	1226.24
784.72	1219.69
784.91	1215.14
785.09	1224.73
785.28	1221.45
785.47	1220.06
785.65	1224.03
785.84	1222.76
786.02	1220.06
786.21	1226.32
786.40	1220.43
786.58	1222.17
786.77	1220.81
786.95	1218.62
787.14	1221.80
787.32	1229.76
787.51	1224.91
787.70	1222.80
787.88	1221.96
788.07	1225.48
788.25	1221.39
788.44	1221.86
788.62	1218.77
788.81	1233.04
789.00	1219.89
789.18	1221.29
789.37	1221.45
789.55	1225.05
789.74	1218.36
789.92	1224.91
790.11	1215.59
790.29	1220.57
790.48	1220.92
790.67	1224.69
790.85	1216.33
791.04	1223.33
791.22	1219.22
791.41	1224.36
791.59	1217.35
791.78	1222.15
791.96	1220.38
792.15	1225.40
792.33	1218.85
792.52	1220.86
792.70	1214.96
792.89	1221.59
793.07	1222.53
793.26	1226.49
793.45	1217.31
793.63	1233.08
793.82	1215.14
794.00	1227.18
794.19	1220.45
794.37	1221.20
794.56	1219.54
794.74	1219.63
794.93	1215.45
795.11	1230.19
795.30	1218.95
795.48	1224.91
795.67	1220.32
795.85	1221.63
796.04	1214.26
796.22	1220.71
796.41	1216.02
796.59	1218.95
796.78	1222.19
796.96	1222.84
797.15	1215.29
797.33	1225.22
797.52	1217.03
797.70	1226.34
797.89	1213.97
798.07	1223.58
798.26	1214.22
798.44	1228.99
798.63	1224.71
798.81	1233.35
798.99	1217.07
799.18	1221.59
799.36	1216.66
799.55	1224.83
799.73	1222.92
799.92	1228.54
800.10	1216.92
800.29	1222.82
800.47	1211.84
800.66	1226.55
800.84	1213.48
801.03	1223.07
801.21	1213.48
801.39	1232.55
801.58	1211.25
801.76	1215.92
801.95	1216.02
802.13	1221.92
802.32	1215.92
802.50	1216.62
802.69	1212.70
802.87	1227.18
803.06	1222.02
803.24	1225.93
803.42	1213.05
803.61	1221.90
803.79	1216.10
803.98	1228.17
804.16	1225.79
804.35	1223.78
804.53	1218.03
804.71	1227.06
804.90	1209.92
805.08	1224.23
805.27	1213.91
805.45	1226.51
805.63	1225.28
805.82	1224.40
806.00	1218.28
806.19	1220.61
806.37	1215.43
806.56	1221.74
806.74	1213.05
806.92	1220.30
807.11	1217.37
807.29	1222.74
807.48	1221.76
807.66	1221.00
807.84	1221.86
808.03	1225.24
808.21	1219.75
808.40	1231.61
808.58	1215.02
808.76	1222.02
808.95	1220.57
809.13	1224.69
809.32	1217.95
809.50	1228.86
809.68	1222.58
809.87	1221.61
810.05	1215.39
810.23	1219.87
810.42	1220.79
810.60	1227.88
810.79	1221.65
810.97	1228.15
811.15	1222.88
811.34	1219.83
811.52	1219.20
811.70	1219.26
811.89	1217.01
812.07	1218.64
812.25	1212.97
812.44	1225.50
812.62	1215.90
812.81	1220.22
812.99	1215.55
813.17	1221.74
813.36	1214.90
813.54	1223.19
813.72	1216.21
813.91	1222.84
814.09	1218.17
814.27	1224.99
814.46	1217.85
814.64	1225.14
814.82	1216.98
815.01	1218.56
815.19	1217.27
815.37	1226.45
815.56	1219.83
815.74	1222.13
815.92	1220.53
816.11	1225.77
816.29	1227.10
816.47	1218.46
816.66	1226.69
816.84	1222.86
817.02	1220.61
817.21	1216.70
817.39	1219.69
817.57	1220.51
817.76	1214.06
817.94	1225.77
818.12	1211.54
818.30	1223.70
818.49	1226.24
818.67	1231.10
818.85	1218.75
819.04	1233.08
819.22	1222.56
819.40	1219.77
819.59	1219.09
819.77	1223.68
819.95	1217.52
820.13	1221.78
820.32	1215.72
820.50	1217.62
820.68	1218.44
820.87	1228.86
821.05	1221.55
821.23	1219.09
821.41	1213.83
821.60	1223.95
821.78	1216.00
821.96	1220.18
822.14	1219.44
822.33	1228.80
822.51	1215.04
822.69	1225.05
822.88	1220.86
823.06	1223.42
823.24	1215.88
823.42	1217.19
823.61	1218.09
823.79	1227.94
823.97	1224.93
824.15	1225.59
824.34	1216.08
824.52	1223.74
824.70	1217.39
824.88	1224.03
825.07	1212.19
825.25	1224.32
825.43	1217.72
825.61	1222.31
825.80	1223.42
825.98	1228.19
826.16	1217.33
826.34	1223.97
826.53	1218.77
826.71	1228.88
826.89	1222.39
827.07	1227.20
827.25	1219.77
827.44	1233.16
827.62	1211.66
827.80	1227.18
827.98	1212.09
828.17	1221.35
828.35	1214.02
828.53	1227.90
828.71	1223.07
828.89	1227.12
829.08	1220.32
829.26	1224.11
829.44	1218.50
829.62	1228.35
829.80	1217.29
829.99	1224.23
830.17	1219.69
830.35	1224.03
830.53	1216.74
830.71	1224.87
830.90	1217.78
831.08	1219.63
831.26	1215.02
831.44	1226.24
831.62	1218.77
831.81	1222.97
831.99	1221.41
832.17	1224.38
832.35	1218.32
832.53	1225.46
832.71	1217.82
832.90	1228.49
833.08	1221.61
833.26	1214.08
833.44	1221.06
833.62	1221.18
833.81	1216.43
833.99	1222.82
834.17	1215.31
834.35	1221.76
834.53	1218.99
834.71	1224.40
834.89	1216.47
835.08	1224.26
835.26	1216.45
835.44	1219.65
835.62	1215.61
835.80	1223.13
835.98	1225.38
836.17	1219.05
836.35	1216.04
836.53	1221.31
836.71	1216.04
836.89	1225.46
837.07	1211.13
837.25	1224.60
837.44	1222.25
837.62	1225.18
837.80	1218.73
837.98	1226.28
838.16	1218.77
838.34	1216.58
838.52	1217.44
838.70	1223.56
838.89	1219.73
839.07	1223.03
839.25	1209.94
839.43	1228.39
839.61	1222.70
839.79	1228.66
839.97	1224.17
840.15	1225.16
840.33	1223.72
840.52	1232.84
840.70	1221.06
840.88	1224.34
841.06	1216.84
841.24	1228.54
841.42	1222.35
841.60	1232.08
841.78	1216.49
841.96	1225.59
842.14	1218.28
842.33	1222.80
842.51	1216.58
842.69	1223.33
842.87	1219.14
843.05	1224.99
843.23	1217.72
843.41	1230.75
843.59	1217.56
843.77	1226.14
843.95	1219.73
844.13	1223.05
844.31	1222.25
844.49	1221.08
844.68	1219.28
844.86	1223.15
845.04	1220.18
845.22	1219.77
845.40	1217.87
845.58	1224.83
845.76	1218.62
845.94	1232.24
846.12	1219.59
846.30	1221.59
846.48	1219.22
846.66	1221.29
846.84	1218.42
847.02	1226.82
847.20	1217.31
847.38	1224.17
847.56	1216.74
847.74	1225.63
847.92	1218.87
848.11	1225.42
848.29	1223.83
848.47	1223.95
848.65	1215.82
848.83	1223.76
849.01	1219.95
849.19	1224.46
849.37	1216.37
849.55	1232.67
849.73	1224.58
849.91	1223.42
850.09	1219.38
850.27	1228.47
850.45	1221.37
850.63	1226.57
850.81	1218.38
850.99	1216.86
851.17	1222.10
851.35	1228.04
851.53	1215.41
851.71	1227.12
851.89	1221.14
852.07	1217.60
852.25	1222.51
852.43	1218.83
852.61	1222.00
852.79	1230.42
852.97	1218.03
853.15	1230.46
853.33	1221.41
853.51	1225.96
853.69	1217.95
853.87	1224.99
854.05	1220.67
854.23	1231.34
854.41	1229.46
854.59	1223.48
854.77	1226.12
854.95	1221.86
855.13	1215.16
855.31	1228.27
855.49	1210.23
855.67	1226.10
855.84	1221.10
856.02	1217.85
856.20	1221.63
856.38	1221.08
856.56	1219.03
856.74	1223.13
856.92	1214.79
857.10	1233.16
857.28	1215.49
857.46	1218.87
857.64	1212.77
857.82	1227.43
858.00	1218.15
858.18	1226.45
858.36	1217.21
858.54	1221.04
858.72	1219.54
858.90	1219.93
859.08	1220.77
859.25	1218.83
859.43	1219.32
859.61	1231.30
859.79	1216.35
859.97	1225.61
860.15	1215.98
860.33	1229.35
860.51	1224.62
860.69	1218.48
860.87	1219.36
861.05	1224.79
861.23	1222.94
861.41	1224.36
861.58	1211.17
861.76	1226.47
861.94	1222.25
862.12	1227.70
862.30	1219.81
862.48	1226.14
862.66	1222.08
862.84	1220.73
863.02	1221.41
863.20	1223.68
863.37	1212.77
863.55	1224.36
863.73	1224.99
863.91	1225.69
864.09	1221.49
864.27	1227.41
864.45	1214.02
864.63	1219.57
864.80	1210.90
864.98	1220.88
865.16	1228.06
865.34	1226.22
865.52	1222.29
865.70	1222.94
865.88	1221.98
866.06	1224.50
866.23	1222.19
866.41	1227.47
866.59	1214.57
866.77	1230.19
866.95	1225.59
867.13	1223.54
867.31	1223.37
867.48	1223.25
867.66	1213.85
867.84	1227.41
868.02	1222.06
868.20	1223.44
868.38	1219.05
868.56	1219.59
868.73	1214.61
868.91	1222.64
869.09	1223.66
869.27	1225.57
869.45	1221.67
869.63	1225.16
869.80	1221.45
869.98	1225.46
870.16	1217.05
870.34	1228.27
870.52	1223.99
870.70	1224.71
870.87	1220.10
871.05	1221.45
871.23	1214.79
871.41	1233.84
871.59	1210.80
871.76	1225.57
871.94	1223.56
872.12	1226.10
872.30	1215.88
872.48	1228.00
872.65	1220.86
872.83	1231.77
873.01	1223.35
873.19	1227.20
873.37	1223.97
873.54	1227.57
873.72	1212.27
873.90	1224.15
874.08	1219.81
874.26	1225.09
874.43	1223.11
874.61	1228.04
874.79	1218.25
874.97	1225.05
875.15	1222.13
875.32	1231.55
875.50	1211.48
875.68	1229.91
875.86	1222.51
876.03	1230.44
876.21	1219.34
876.39	1225.77
876.57	1223.87
876.74	1231.30
876.92	1220.43
877.10	1227.04
877.28	1215.86
877.45	1226.43
877.63	1214.47
877.81	1224.93
877.99	1223.87
878.17	1229.48
878.34	1218.28
878.52	1232.39
878.70	1222.33
878.87	1230.46
879.05	1217.44
879.23	1232.53
879.41	1223.01
879.58	1223.46
879.76	1223.25
879.94	1225.12
880.12	1226.47
880.29	1228.08
880.47	1220.65
880.65	1230.54
880.83	1221.22
881.00	1234.07
881.18	1229.19
881.36	1237.79
881.53	1226.04
881.71	1228.97
881.89	1222.90
882.07	1227.59
882.24	1223.09
882.42	1233.39
882.60	1223.13
882.77	1228.19
882.95	1226.16
883.13	1217.62
883.30	1224.36
883.48	1222.86
883.66	1219.95
883.84	1225.52
884.01	1223.01
884.19	1226.43
884.37	1218.32
884.54	1232.39
884.72	1222.25
884.90	1229.87
885.07	1225.09
885.25	1230.52
885.43	1220.96
885.60	1232.47
885.78	1224.11
885.96	1237.14
886.13	1228.11
886.31	1232.63
886.49	1229.23
886.66	1227.72
886.84	1226.12
887.02	1234.86
887.19	1216.76
887.37	1232.92
887.55	1225.91
887.72	1235.70
887.90	1224.28
888.08	1238.02
888.25	1224.87
888.43	1231.18
888.61	1227.78
888.78	1235.60
888.96	1226.30
889.14	1245.66
889.31	1228.27
889.49	1231.81
889.67	1224.48
889.84	1235.99
890.02	1235.19
890.19	1239.18
890.37	1234.95
890.55	1242.32
890.72	1232.32
890.90	1236.19
891.08	1236.19
891.25	1242.50
891.43	1234.25
891.60	1236.65
891.78	1236.26
891.96	1238.71
892.13	1236.19
892.31	1245.12
892.48	1237.18
892.66	1249.26
892.84	1240.39
893.01	1246.89
893.19	1245.53
893.36	1244.18
893.54	1241.91
893.72	1241.50
893.89	1242.56
894.07	1241.36
894.24	1246.41
894.42	1266.83
894.60	1240.99
894.77	1253.05
894.95	1237.79
895.12	1247.68
895.30	1243.26
895.48	1248.46
895.65	1247.72
895.83	1247.11
896.00	1245.19
896.18	1251.33
896.35	1246.05
896.53	1256.06
896.71	1247.77
896.88	1257.17
897.06	1251.76
897.23	1250.16
897.41	1253.17
897.58	1254.67
897.76	1242.63
897.93	1251.31
898.11	1244.96
898.29	1252.54
898.46	1249.22
898.64	1261.53
898.81	1248.71
898.99	1252.37
899.16	1245.43
899.34	1250.49
899.51	1259.34
899.69	1265.71
899.86	1255.18
900.04	1271.32
900.21	1261.16
900.39	1269.99
900.57	1268.23
900.74	1279.22
900.92	1282.29
901.09	1296.65
901.27	1297.39
901.44	1304.23
901.62	1311.83
901.79	1331.00
901.97	1355.06
902.14	1405.25
902.32	1468.02
902.49	1569.28
902.67	1683.18
902.84	1845.90
903.02	2021.00
903.19	2233.27
903.37	2450.46
903.54	2657.55
903.72	2894.19
903.89	3126.37
904.07	3346.16
904.24	3537.23
904.42	3746.02
904.59	3914.12
904.77	4069.48
904.94	4217.38
905.12	4407.15
905.29	4513.33
905.47	4675.31
905.64	4780.92
905.82	4879.92
905.99	4988.97
906.16	5082.40
906.34	5163.71
906.51	5205.40
906.69	5299.49
906.86	5372.05
907.04	5435.60
907.21	5508.28
907.39	5503.16
907.56	5535.95
907.74	5526.63
907.91	5485.46
908.09	5404.47
908.26	5290.44
908.43	5138.62
908.61	4957.29
908.78	4751.12
908.96	4509.14
909.13	4276.71
909.31	4019.32
909.48	3799.60
909.65	3534.96
909.83	3350.03
910.00	3128.40
910.18	2964.21
910.35	2796.30
910.53	2664.82
910.70	2526.27
910.87	2429.01
911.05	2314.49
911.22	2252.21
911.40	2163.66
911.57	2114.10
911.75	2063.49
911.92	2018.87
912.09	1969.57
912.27	1944.75
912.44	1911.04
912.62	1867.73
912.79	1844.58
912.96	1833.83
913.14	1801.19
913.31	1788.35
913.49	1763.24
913.66	1751.93
913.83	1728.49
914.01	1695.80
914.18	1686.22
914.36	1675.42
914.53	1635.06
914.70	1635.34
914.88	1607.82
915.05	1610.77
915.22	1580.40
915.40	1563.64
915.57	1556.03
915.75	1552.91
915.92	1522.46
916.09	1520.74
916.27	1508.78
916.44	1501.69
916.61	1483.65
916.79	1481.46
916.96	1452.89
917.13	1466.92
917.31	1446.32
917.48	1440.46
917.66	1435.79
917.83	1433.56
918.00	1420.63
918.18	1425.16
918.35	1426.74
918.52	1425.53
918.70	1418.71
918.87	1432.74
919.04	1434.75
919.22	1459.98
919.39	1451.83
919.56	1477.40
919.74	1483.43
919.91	1496.08
920.08	1493.77
920.26	1497.15
920.43	1497.70
920.60	1505.36
920.78	1494.79
920.95	1498.38
921.12	1478.37
921.29	1484.18
921.47	1476.46
921.64	1470.67
921.81	1450.80
921.99	1453.89
922.16	1444.15
922.33	1440.91
922.51	1412.05
922.68	1411.91
922.85	1399.34
923.03	1388.05
923.20	1375.40
923.37	1380.15
923.54	1360.55
923.72	1360.98
923.89	1341.13
924.06	1343.20
924.24	1325.22
924.41	1326.12
924.58	1312.73
924.75	1314.53
924.93	1300.30
925.10	1296.65
925.27	1290.86
925.44	1305.89
925.62	1292.60
925.79	1290.98
925.96	1278.32
926.14	1282.66
926.31	1267.84
926.48	1281.17
926.65	1267.32
926.83	1273.59
927.00	1259.62
927.17	1267.36
927.34	1248.34
927.52	1250.69
927.69	1243.10
927.86	1251.27
928.03	1238.71
928.21	1235.58
928.38	1229.62
928.55	1240.07
928.72	1227.39
928.89	1236.13
929.07	1237.59
929.24	1238.53
929.41	1230.91
929.58	1234.64
929.76	1229.15
929.93	1231.05
930.10	1229.54
930.27	1237.26
930.44	1233.39
930.62	1234.50
930.79	1219.57
930.96	1234.52
931.13	1232.14
931.31	1232.86
931.48	1229.70
931.65	1232.75
931.82	1229.40
931.99	1225.38
932.17	1224.09
932.34	1234.64
932.51	1220.41
932.68	1236.17
932.85	1231.87
933.03	1232.55
933.20	1224.85
933.37	1236.67
933.54	1232.45
933.71	1233.43
933.88	1231.34
934.06	1234.64
934.23	1227.53
934.40	1233.31
934.57	1228.31
934.74	1235.99
934.91	1228.39
935.09	1228.33
935.26	1225.52
935.43	1243.18
935.60	1228.86
935.77	1226.92
935.94	1225.50
936.12	1232.02
936.29	1226.41
936.46	1230.32
936.63	1226.98
936.80	1230.42
936.97	1226.57
937.14	1230.71
937.32	1227.25
937.49	1227.55
937.66	1226.61
937.83	1230.40
938.00	1220.26
938.17	1229.50
938.34	1222.74
938.52	1230.67
938.69	1222.70
938.86	1235.99
939.03	1222.62
939.20	1231.40
939.37	1220.77
939.54	1228.82
939.71	1219.81
939.89	1232.32
940.06	1226.69
940.23	1225.57
940.40	1222.35
940.57	1235.27
940.74	1220.65
940.91	1228.88
941.08	1223.19
941.25	1219.73
941.43	1218.56
941.60	1224.85
941.77	1224.30
941.94	1228.06
942.11	1222.21
942.28	1226.34
942.45	1216.94
942.62	1221.88
942.79	1216.21
942.96	1229.52
943.13	1219.65
943.30	1228.25
943.48	1228.37
943.65	1228.31
943.82	1228.33
943.99	1225.34
944.16	1219.75
944.33	1232.84
944.50	1222.99
944.67	1225.32
944.84	1218.73
945.01	1230.17
945.18	1223.13
945.35	1230.52
945.52	1226.45
945.69	1225.61
945.86	1225.24
946.03	1235.19
946.21	1224.19
946.38	1229.17
946.55	1218.25
946.72	1224.95
946.89	1223.44
947.06	1225.32
947.23	1225.87
947.40	1230.97
947.57	1213.03
947.74	1230.05
947.91	1223.42
948.08	1231.85
948.25	1225.16
948.42	1226.08
948.59	1224.62
948.76	1227.41
948.93	1217.99
949.10	1228.88
949.27	1223.60
949.44	1231.22
949.61	1223.80
949.78	1230.09
949.95	1227.08
950.12	1230.36
950.29	1223.17
950.46	1224.09
950.63	1222.94
950.80	1228.54
950.97	1224.83
951.14	1233.63
951.31	1225.01
951.48	1228.47
951.65	1226.32
951.82	1224.73
951.99	1213.30
952.16	1232.08
952.33	1217.42
952.50	1230.99
952.67	1223.68
952.84	1228.37
953.01	1222.00
953.18	1225.63
953.35	1225.55
953.52	1231.24
953.69	1221.70
953.86	1227.68
954.03	1216.82
954.20	1220.08
954.37	1234.45
954.54	1222.62
954.70	1227.04
954.87	1226.59
955.04	1221.67
955.21	1220.51
955.38	1222.56
955.55	1225.46
955.72	1220.18
955.89	1227.16
956.06	1221.35
956.23	1225.34
956.40	1219.95
956.57	1227.55
956.74	1221.24
956.91	1230.11
957.08	1217.17
957.25	1224.73
957.41	1222.53
957.58	1222.58
957.75	1214.53
957.92	1224.77
958.09	1219.95
958.26	1225.18
958.43	1222.33
958.60	1223.40
958.77	1221.10
958.94	1230.05
959.11	1222.00
959.27	1224.79
959.44	1219.07
959.61	1221.49
959.78	1220.94
959.95	1224.28
960.12	1217.44
960.29	1230.87
960.46	1219.03
960.63	1229.66
960.80	1218.36
960.96	1229.15
961.13	1218.48
961.30	1221.63
961.47	1212.93
961.64	1219.93
961.81	1219.73
961.98	1229.68
962.15	1221.84
962.31	1225.42
962.48	1220.69
962.65	1228.49
962.82	1221.22
962.99	1229.21
963.16	1218.44
963.33	1228.70
963.49	1217.31
963.66	1229.15
963.83	1224.54
964.00	1228.27
964.17	1216.53
964.34	1225.93
964.51	1213.32
964.67	1229.74
964.84	1227.14
965.01	1241.07
965.18	1218.99
965.35	1227.29
965.52	1228.74
965.68	1226.36
965.85	1221.92
966.02	1232.73
966.19	1224.38
966.36	1225.42
966.52	1216.74
966.69	1221.92
966.86	1220.65
967.03	1220.06
967.20	1215.65
967.37	1224.69
967.53	1218.44
967.70	1228.23
967.87	1219.20
968.04	1225.44
968.21	1216.19
968.37	1225.26
968.54	1215.43
968.71	1225.85
968.88	1214.30
969.05	1224.93
969.21	1217.46
969.38	1222.17
969.55	1218.54
969.72	1227.80
969.89	1222.02
970.05	1227.70
970.22	1220.73
970.39	1231.98
970.56	1218.91
970.72	1220.55
970.89	1225.07
971.06	1225.75
971.23	1220.59
971.39	1226.90
971.56	1216.92
971.73	1224.42
971.90	1217.60
972.07	1219.05
972.23	1213.91
972.40	1229.95
972.57	1222.35
972.74	1219.36
972.90	1218.30
973.07	1218.21
973.24	1218.28
973.40	1217.01
973.57	1218.11
973.74	1227.04
973.91	1220.12
974.07	1231.77
974.24	1215.39
974.41	1223.48
974.58	1220.63
974.74	1232.51
974.91	1219.05
975.08	1219.75
975.25	1216.53
975.41	1226.61
975.58	1212.99
975.75	1226.45
975.91	1218.36
976.08	1224.21
976.25	1214.45
976.42	1222.53
976.58	1221.31
976.75	1223.31
976.92	1218.79
977.08	1226.55
977.25	1214.10
977.42	1230.38
977.58	1216.12
977.75	1227.37
977.92	1217.07
978.08	1221.39
978.25	1223.64
978.42	1221.88
978.59	1220.73
978.75	1228.80
978.92	1222.39
979.09	1229.66
979.25	1220.04
979.42	1234.60
979.59	1221.14
979.75	1225.42
979.92	1219.73
980.09	1224.21
980.25	1217.56
980.42	1218.21
980.59	1214.45
980.75	1219.77
980.92	1221.80
981.09	1228.78
981.25	1214.49
981.42	1223.70
981.59	1222.04
981.75	1235.31
981.92	1219.81
982.08	1218.87
982.25	1217.15
982.42	1226.43
982.58	1217.85
982.75	1225.38
982.92	1211.56
983.08	1222.70
983.25	1216.78
983.42	1217.66
983.58	1219.73
983.75	1220.55
983.91	1220.41
984.08	1227.63
984.25	1225.03
984.41	1223.15
984.58	1213.30
984.74	1221.27
984.91	1218.36
985.08	1224.42
985.24	1223.68
985.41	1213.32
985.57	1221.74
985.74	1223.21
985.91	1216.76
986.07	1221.76
986.24	1221.53
986.40	1229.93
986.57	1219.50
986.74	1224.28
986.90	1223.29
987.07	1223.70
987.23	1219.57
987.40	1221.24
987.57	1227.20
987.73	1222.62
987.90	1218.58
988.06	1228.45
988.23	1217.21
988.39	1229.54
988.56	1215.04
988.73	1218.01
988.89	1219.59
989.06	1226.98
989.22	1222.15
989.39	1228.00
989.55	1213.83
989.72	1225.79
989.88	1210.92
990.05	1228.76
990.22	1220.16
990.38	1223.89
990.55	1210.51
990.71	1218.30
990.88	1220.12
991.04	1222.08
991.21	1219.24
991.37	1227.82
991.54	1223.74
991.70	1221.35
991.87	1226.61
992.03	1220.14
992.20	1222.94
992.36	1225.73
992.53	1221.76
992.69	1220.57
992.86	1216.66
993.03	1221.39
993.19	1220.08
993.36	1230.95
993.52	1225.28
993.69	1229.81
993.85	1213.63
994.02	1225.01
994.18	1215.57
994.35	1225.34
994.51	1215.74
994.68	1225.05
994.84	1217.85
995.01	1218.44
995.17	1220.30
995.34	1227.86
995.50	1213.61
995.66	1223.85
995.83	1214.04
995.99	1222.33
996.16	1215.04
996.32	1223.31
996.49	1216.10
996.65	1212.73
996.82	1220.53
996.98	1226.53
997.15	1224.30
997.31	1232.96
997.48	1219.11
997.64	1225.63
997.81	1217.82
997.97	1227.06
998.13	1216.17
998.30	1227.47
998.46	1217.35
998.63	1219.42
998.79	1224.58
998.96	1224.69
999.12	1218.07
999.29	1229.85
999.45	1219.93
999.61	1224.77
999.78	1213.65
999.94	1227.27
1000.11	1219.67
1000.27	1225.81
1000.44	1221.47
1000.60	1227.72
1000.76	1222.04
1000.93	1229.89
1001.09	1225.09
1001.26	1221.65
1001.42	1222.94
1001.59	1226.43
1001.75	1218.66
1001.91	1213.99
1002.08	1218.25
1002.24	1225.46
1002.41	1217.76
1002.57	1226.55
1002.73	1217.15
1002.90	1224.44
1003.06	1217.05
1003.23	1226.24
1003.39	1213.85
1003.55	1225.07
1003.72	1221.92
1003.88	1221.90
1004.04	1221.43
1004.21	1221.67
1004.37	1221.31
1004.54	1225.05
1004.70	1213.44
1004.86	1230.85
1005.03	1215.72
1005.19	1219.57
1005.35	1226.92
1005.52	1225.52
1005.68	1213.01
1005.85	1227.45
1006.01	1220.26
1006.17	1225.36
1006.34	1220.63
1006.50	1223.42
1006.66	1222.06
1006.83	1224.17
1006.99	1219.36
1007.15	1217.64
1007.32	1219.30
1007.48	1224.69
1007.64	1221.72
1007.81	1229.85
1007.97	1221.80
1008.13	1229.31
1008.30	1217.62
1008.46	1221.39
1008.62	1216.94
1008.79	1221.96
1008.95	1218.85
1009.11	1225.20
1009.28	1227.22
1009.44	1239.21
1009.60	1218.62
1009.77	1224.48
1009.93	1228.49
1010.09	1226.32
1010.25	1219.22
1010.42	1226.26
1010.58	1222.25
1010.74	1226.55
1010.91	1217.68
1011.07	1222.51
1011.23	1232.22
1011.40	1226.02
1011.56	1222.99
1011.72	1220.75
1011.88	1220.08
1012.05	1232.00
1012.21	1220.86
1012.37	1226.06
1012.54	1218.73
1012.70	1229.87
1012.86	1224.36
1013.02	1222.00
1013.19	1223.46
1013.35	1227.04
1013.51	1222.02
1013.67	1230.95
1013.84	1219.03
1014.00	1233.92
1014.16	1233.74
1014.33	1225.71
1014.49	1223.05
1014.65	1228.56
1014.81	1222.13
1014.98	1234.02
1015.14	1227.29
1015.30	1231.12
1015.46	1225.40
1015.62	1231.46
1015.79	1222.17
1015.95	1229.70
1016.11	1228.80
1016.27	1234.52
1016.44	1221.02
1016.60	1228.00
1016.76	1222.19
1016.92	1230.79
1017.09	1220.77
1017.25	1229.38
1017.41	1220.71
1017.57	1224.50
1017.73	1218.11
1017.90	1228.43
1018.06	1221.18
1018.22	1226.49
1018.38	1220.94
1018.54	1225.34
1018.71	1215.74
1018.87	1227.45
1019.03	1224.77
1019.19	1229.27
1019.35	1229.62
1019.52	1227.25
1019.68	1223.15
1019.84	1231.01
1020.00	1223.83
1020.16	1225.73
1020.33	1222.92
1020.49	1230.50
1020.65	1224.97
1020.81	1224.83
1020.97	1224.50
1021.13	1232.04
1021.30	1224.34
1021.46	1226.32
1021.62	1222.25
1021.78	1228.56
1021.94	1219.20
1022.10	1223.62
1022.27	1226.22
1022.43	1228.11
1022.59	1223.56
1022.75	1231.05
1022.91	1222.02
1023.07	1230.11
1023.24	1221.96
1023.40	1229.83
1023.56	1227.86
1023.72	1231.16
1023.88	1228.95
1024.04	1230.56
1024.20	1220.86
1024.36	1227.14
1024.53	1220.10
1024.69	1228.45
1024.85	1217.29
1025.01	1227.63
1025.17	1224.71
1025.33	1222.66
1025.49	1220.96
1025.65	1232.02
1025.82	1219.63
1025.98	1232.98
1026.14	1218.15
1026.30	1226.98
1026.46	1225.24
1026.62	1226.36
1026.78	1218.48
1026.94	1228.43
1027.10	1212.87
1027.26	1233.35
1027.43	1219.61
1027.59	1218.01
1027.75	1219.40
1027.91	1231.10
1028.07	1221.47
1028.23	1228.25
1028.39	1219.30
1028.55	1233.43
1028.71	1228.17
1028.87	1221.35
1029.03	1229.40
1029.19	1231.30
1029.36	1222.88
1029.52	1220.49
1029.68	1221.47
1029.84	1231.94
1030.00	1222.58
1030.16	1237.06
1030.32	1226.65
1030.48	1230.85
1030.64	1226.22
1030.80	1237.28
1030.96	1217.66
1031.12	1225.73
1031.28	1227.92
1031.44	1230.89
1031.60	1219.01
1031.76	1230.28
1031.92	1220.14
1032.08	1247.42
1032.24	1219.79
1032.40	1232.39
1032.56	1221.35
1032.73	1228.70
1032.89	1218.01
1033.05	1227.16
1033.21	1215.67
1033.37	1226.88
1033.53	1219.54
1033.69	1227.08
1033.85	1217.03
1034.01	1227.65
1034.17	1218.28
1034.33	1229.29
1034.49	1213.11
1034.65	1231.79
1034.81	1214.98
1034.97	1225.22
1035.13	1222.21
1035.29	1223.50
1035.45	1215.00
1035.61	1236.38
1035.77	1222.90
1035.93	1229.60
1036.09	1216.19
1036.25	1228.27
1036.41	1224.46
1036.57	1225.34
1036.73	1211.41
1036.88	1227.88
1037.04	1222.56
