345.52	1217.46
345.73	1217.46
345.94	1217.46
346.16	1206.03
346.37	1211.89
346.58	1210.92
346.79	1220.32
347.00	1206.62
347.22	1218.34
347.43	1205.39
347.64	1217.23
347.85	1208.36
348.06	1217.56
348.28	1215.74
348.49	1217.37
348.70	1210.02
348.91	1214.61
349.12	1206.21
349.34	1218.19
349.55	1211.13
349.76	1213.07
349.97	1215.39
350.18	1220.02
350.40	1209.18
350.61	1221.63
350.82	1214.30
351.03	1220.51
351.24	1210.94
351.46	1218.48
351.67	1213.48
351.88	1224.77
352.09	1206.50
352.30	1218.60
352.51	1214.10
352.73	1219.93
352.94	1207.99
353.15	1226.79
353.36	1219.57
353.57	1224.23
353.79	1214.86
354.00	1222.68
354.21	1218.56
354.42	1222.00
354.63	1209.39
354.84	1217.15
355.06	1212.34
355.27	1219.87
355.48	1221.31
355.69	1226.43
355.90	1211.84
356.11	1223.44
356.33	1213.85
356.54	1225.22
356.75	1218.83
356.96	1219.36
357.17	1224.19
357.38	1213.46
357.60	1207.15
357.81	1224.64
358.02	1215.57
358.23	1225.18
358.44	1211.03
358.65	1211.43
358.87	1211.46
359.08	1211.89
359.29	1212.44
359.50	1222.97
359.71	1213.40
359.92	1222.23
360.13	1212.95
360.35	1222.17
360.56	1211.91
360.77	1220.53
360.98	1210.92
361.19	1220.30
361.40	1215.96
361.62	1221.67
361.83	1212.97
362.04	1219.95
362.25	1219.01
362.46	1221.43
362.67	1206.38
362.88	1217.58
363.10	1215.02
363.31	1213.50
363.52	1213.95
363.73	1222.06
363.94	1209.69
364.15	1224.46
364.36	1215.10
364.57	1220.73
364.79	1210.21
365.00	1219.71
365.21	1214.55
365.42	1221.90
365.63	1216.72
365.84	1222.41
366.05	1213.73
366.27	1212.91
366.48	1212.54
366.69	1225.20
366.90	1216.51
367.11	1222.99
367.32	1214.42
367.53	1216.33
367.74	1215.86
367.95	1211.27
368.17	1212.66
368.38	1219.75
368.59	1208.42
368.80	1219.09
369.01	1210.78
369.22	1216.35
369.43	1214.26
369.64	1222.06
369.86	1220.18
370.07	1222.45
370.28	1211.05
370.49	1224.89
370.70	1222.90
370.91	1227.94
371.12	1210.10
371.33	1218.30
371.54	1210.21
371.76	1219.65
371.97	1213.13
372.18	1211.82
372.39	1216.19
372.60	1220.55
372.81	1212.64
373.02	1222.19
373.23	1209.94
373.44	1220.06
373.65	1217.72
373.87	1213.79
374.08	1218.30
374.29	1215.92
374.50	1214.71
374.71	1217.80
374.92	1216.70
375.13	1223.01
375.34	1210.55
375.55	1216.53
375.76	1217.52
375.97	1224.91
376.19	1219.28
376.40	1223.13
376.61	1218.01
376.82	1225.75
377.03	1213.16
377.24	1224.62
377.45	1223.52
377.66	1216.96
377.87	1218.28
378.08	1222.49
378.29	1220.10
378.50	1227.31
378.71	1212.75
378.93	1220.88
379.14	1207.13
379.35	1219.07
379.56	1223.70
379.77	1217.52
379.98	1218.17
380.19	1220.57
380.40	1205.66
380.61	1218.62
380.82	1220.88
381.03	1229.74
381.24	1213.24
381.45	1228.72
381.66	1217.33
381.88	1221.06
382.09	1212.09
382.30	1225.20
382.51	1221.59
382.72	1219.26
382.93	1213.52
383.14	1223.15
383.35	1224.28
383.56	1225.16
383.77	1219.05
383.98	1218.97
384.19	1217.09
384.40	1223.68
384.61	1208.44
384.82	1226.45
385.03	1213.65
385.24	1224.62
385.45	1212.09
385.67	1222.21
385.88	1215.51
386.09	1217.99
386.30	1217.42
386.51	1219.79
386.72	1213.03
386.93	1224.26
387.14	1217.35
387.35	1220.94
387.56	1219.65
387.77	1221.82
387.98	1208.94
388.19	1222.35
388.40	1214.24
388.61	1224.42
388.82	1216.98
389.03	1225.38
389.24	1219.85
389.45	1229.89
389.66	1210.47
389.87	1220.30
390.08	1215.33
390.29	1222.90
390.50	1212.66
390.71	1219.03
390.92	1218.01
391.13	1225.75
391.34	1207.73
391.55	1227.88
391.76	1213.95
391.98	1223.91
392.19	1215.88
392.40	1227.20
392.61	1218.09
392.82	1226.02
393.03	1216.90
393.24	1221.31
393.45	1216.62
393.66	1229.50
393.87	1214.30
394.08	1220.55
394.29	1215.18
394.50	1222.72
394.71	1213.01
394.92	1218.60
395.13	1215.84
395.34	1218.05
395.55	1216.15
395.76	1224.42
395.97	1211.39
396.18	1223.42
396.39	1213.93
396.60	1218.52
396.81	1220.28
397.02	1224.36
397.23	1213.85
397.44	1226.63
397.65	1220.24
397.86	1218.56
398.07	1216.49
398.28	1225.28
398.49	1214.86
398.70	1216.51
398.91	1230.52
399.12	1222.66
399.33	1215.88
399.54	1223.78
399.75	1215.45
399.96	1221.37
400.17	1219.89
400.38	1224.89
400.59	1213.48
400.80	1214.71
401.01	1210.10
401.22	1220.26
401.42	1215.14
401.63	1222.37
401.84	1217.25
402.05	1215.39
402.26	1214.47
402.47	1222.13
402.68	1213.95
402.89	1222.97
403.10	1215.84
403.31	1222.70
403.52	1217.78
403.73	1216.04
403.94	1218.46
404.15	1220.32
404.36	1213.59
404.57	1226.88
404.78	1212.85
404.99	1222.39
405.20	1217.03
405.41	1226.24
405.62	1222.86
405.83	1226.32
406.04	1219.28
406.25	1222.29
406.46	1220.38
406.67	1221.08
406.88	1216.19
407.09	1228.13
407.30	1225.20
407.50	1226.12
407.71	1217.54
407.92	1225.50
408.13	1212.89
408.34	1221.35
408.55	1225.57
408.76	1217.35
408.97	1220.49
409.18	1223.56
409.39	1221.74
409.60	1225.48
409.81	1213.24
410.02	1220.55
410.23	1212.62
410.44	1226.51
410.65	1215.20
410.86	1217.93
411.07	1214.86
411.27	1225.14
411.48	1216.25
411.69	1224.54
411.90	1212.83
412.11	1221.39
412.32	1220.69
412.53	1220.34
412.74	1219.14
412.95	1221.27
413.16	1215.88
413.37	1223.19
413.58	1218.21
413.79	1218.62
414.00	1218.79
414.20	1224.71
414.41	1214.59
414.62	1219.26
414.83	1218.38
415.04	1225.85
415.25	1218.38
415.46	1221.31
415.67	1213.99
415.88	1228.23
416.09	1216.78
416.30	1222.51
416.51	1226.24
416.71	1222.13
416.92	1216.45
417.13	1219.30
417.34	1218.01
417.55	1225.83
417.76	1209.88
417.97	1217.76
418.18	1213.63
418.39	1220.14
418.60	1215.98
418.81	1222.62
419.01	1216.92
419.22	1225.77
419.43	1215.37
419.64	1222.41
419.85	1215.26
420.06	1215.39
420.27	1213.65
420.48	1226.55
420.69	1214.59
420.90	1216.55
421.10	1210.72
421.31	1221.84
421.52	1219.01
421.73	1225.26
421.94	1217.82
422.15	1223.29
422.36	1217.72
422.57	1218.13
422.78	1208.63
422.98	1221.24
423.19	1216.82
423.40	1223.72
423.61	1217.42
423.82	1217.95
424.03	1224.30
424.24	1215.59
424.45	1209.63
424.65	1227.39
424.86	1212.38
425.07	1224.38
425.28	1213.07
425.49	1219.28
425.70	1215.39
425.91	1224.17
426.12	1212.15
426.32	1229.76
426.53	1210.57
426.74	1220.16
426.95	1212.05
427.16	1221.24
427.37	1216.53
427.58	1223.83
427.78	1211.43
427.99	1224.69
428.20	1213.85
428.41	1220.45
428.62	1219.57
428.83	1219.09
429.04	1215.31
429.24	1226.88
429.45	1220.14
429.66	1224.52
429.87	1210.55
430.08	1224.75
430.29	1215.98
430.50	1217.66
430.70	1219.77
430.91	1218.28
431.12	1218.13
431.33	1224.56
431.54	1207.67
431.75	1228.64
431.96	1218.95
432.16	1223.70
432.37	1209.69
432.58	1220.30
432.79	1218.34
433.00	1220.00
433.21	1217.25
433.41	1221.37
433.62	1215.16
433.83	1218.58
434.04	1215.24
434.25	1218.50
434.46	1209.67
434.66	1220.47
434.87	1221.70
435.08	1224.79
435.29	1216.00
435.50	1219.61
435.71	1220.41
435.91	1223.17
436.12	1217.37
436.33	1218.46
436.54	1218.83
436.75	1218.79
436.95	1213.26
437.16	1217.21
437.37	1219.91
437.58	1225.01
437.79	1214.22
438.00	1222.97
438.20	1213.87
438.41	1223.37
438.62	1220.59
438.83	1221.88
439.04	1215.88
439.24	1222.82
439.45	1216.76
439.66	1221.92
439.87	1216.12
440.08	1219.89
440.28	1215.57
440.49	1215.26
440.70	1218.09
440.91	1216.68
441.12	1218.17
441.32	1220.47
441.53	1204.16
441.74	1220.73
441.95	1220.88
442.16	1222.33
442.36	1208.53
442.57	1217.33
442.78	1213.48
442.99	1223.50
443.20	1212.60
443.40	1225.91
443.61	1211.74
443.82	1218.99
444.03	1211.58
444.24	1224.62
444.44	1217.13
444.65	1218.32
444.86	1223.35
445.07	1221.53
445.27	1218.68
445.48	1218.85
445.69	1222.80
445.90	1226.82
446.11	1203.84
446.31	1221.45
446.52	1209.49
446.73	1219.95
446.94	1219.77
447.14	1220.55
447.35	1213.93
447.56	1224.07
447.77	1216.35
447.97	1227.88
448.18	1213.28
448.39	1221.90
448.60	1208.36
448.81	1221.67
449.01	1213.22
449.22	1222.47
449.43	1216.70
449.64	1226.06
449.84	1213.24
450.05	1223.76
450.26	1219.73
450.47	1221.72
450.67	1218.28
450.88	1224.09
451.09	1210.57
451.30	1217.58
451.50	1212.81
451.71	1216.80
451.92	1221.10
452.13	1225.01
452.33	1219.42
452.54	1224.79
452.75	1214.14
452.96	1217.13
453.16	1212.30
453.37	1217.68
453.58	1210.39
453.79	1223.31
453.99	1218.62
454.20	1220.22
454.41	1216.37
454.61	1224.23
454.82	1217.35
455.03	1217.39
455.24	1222.37
455.44	1212.81
455.65	1217.05
455.86	1218.56
456.07	1215.76
456.27	1226.53
456.48	1211.89
456.69	1227.18
456.90	1217.58
457.10	1217.58
457.31	1211.56
457.52	1224.11
457.72	1217.66
457.93	1218.81
458.14	1220.41
458.35	1221.63
458.55	1211.52
458.76	1223.66
458.97	1208.77
459.17	1223.64
459.38	1216.27
459.59	1219.85
459.80	1216.62
460.00	1217.74
460.21	1213.03
460.42	1224.19
460.62	1205.37
460.83	1222.27
461.04	1219.34
461.25	1225.26
461.45	1214.30
461.66	1220.94
461.87	1217.54
462.07	1225.93
462.28	1211.37
462.49	1221.12
462.69	1217.54
462.90	1221.18
463.11	1217.39
463.31	1222.23
463.52	1216.51
463.73	1217.37
463.94	1217.19
464.14	1224.85
464.35	1214.18
464.56	1220.88
464.76	1219.93
464.97	1231.36
465.18	1215.22
465.38	1218.21
465.59	1221.18
465.80	1225.77
466.00	1221.74
466.21	1217.42
466.42	1211.31
466.62	1222.41
466.83	1211.78
467.04	1219.61
467.24	1227.53
467.45	1219.05
467.66	1212.05
467.86	1224.40
468.07	1219.71
468.28	1220.10
468.48	1214.79
468.69	1223.13
468.90	1210.82
469.10	1219.46
469.31	1214.75
469.52	1221.65
469.72	1214.18
469.93	1229.56
470.14	1218.81
470.34	1221.14
470.55	1211.50
470.76	1228.47
470.96	1219.18
471.17	1214.81
471.38	1215.06
471.58	1229.19
471.79	1218.09
472.00	1219.48
472.20	1211.43
472.41	1222.23
472.62	1220.63
472.82	1223.29
473.03	1215.43
473.24	1218.87
473.44	1221.86
473.65	1224.52
473.85	1212.19
474.06	1222.82
474.27	1213.93
474.47	1223.66
474.68	1219.40
474.89	1222.66
475.09	1220.30
475.30	1225.38
475.51	1222.33
475.71	1222.41
475.92	1205.97
476.12	1217.78
476.33	1210.51
476.54	1219.44
476.74	1217.35
476.95	1221.94
477.16	1213.46
477.36	1217.25
477.57	1215.72
477.77	1215.02
477.98	1217.56
478.19	1213.77
478.39	1221.37
478.60	1228.99
478.81	1219.75
479.01	1219.36
479.22	1218.60
479.42	1225.26
479.63	1213.42
479.84	1222.49
480.04	1212.32
480.25	1219.89
480.45	1211.03
480.66	1223.19
480.87	1214.65
481.07	1223.99
481.28	1212.21
481.48	1230.48
481.69	1222.39
481.90	1223.80
482.10	1213.18
482.31	1225.73
482.51	1215.49
482.72	1219.73
482.93	1215.02
483.13	1220.81
483.34	1215.69
483.54	1221.22
483.75	1215.26
483.96	1219.44
484.16	1215.67
484.37	1221.78
484.57	1212.01
484.78	1222.74
484.99	1218.73
485.19	1218.23
485.40	1214.83
485.60	1221.31
485.81	1212.07
486.01	1223.72
486.22	1231.22
486.43	1227.57
486.63	1219.44
486.84	1226.79
487.04	1214.86
487.25	1231.59
487.46	1212.79
487.66	1220.98
487.87	1221.31
488.07	1221.37
488.28	1211.80
488.48	1226.96
488.69	1222.68
488.89	1224.21
489.10	1224.71
489.31	1216.33
489.51	1214.45
489.72	1221.14
489.92	1211.07
490.13	1225.71
490.33	1207.87
490.54	1219.36
490.75	1215.80
490.95	1226.82
491.16	1213.42
491.36	1216.49
491.57	1219.42
491.77	1226.16
491.98	1218.17
492.18	1221.00
492.39	1217.09
492.59	1221.43
492.80	1209.61
493.01	1225.52
493.21	1219.79
493.42	1222.70
493.62	1220.59
493.83	1216.62
494.03	1215.33
494.24	1219.50
494.44	1210.90
494.65	1223.76
494.85	1216.90
495.06	1217.74
495.26	1215.10
495.47	1222.94
495.68	1221.65
495.88	1222.76
496.09	1217.27
496.29	1219.75
496.50	1214.45
496.70	1225.36
496.91	1213.75
497.11	1220.22
497.32	1217.82
497.52	1225.24
497.73	1220.14
497.93	1225.63
498.14	1220.32
498.34	1222.47
498.55	1213.93
498.75	1224.52
498.96	1213.18
499.16	1220.90
499.37	1207.46
499.57	1225.40
499.78	1214.57
499.98	1219.50
500.19	1223.70
500.39	1219.79
500.60	1215.86
500.80	1220.14
501.01	1219.22
501.21	1222.80
501.42	1220.69
501.62	1216.51
501.83	1222.94
502.03	1228.00
502.24	1219.22
502.44	1231.40
502.65	1203.86
502.85	1227.61
503.06	1214.26
503.26	1216.31
503.47	1215.10
503.67	1223.54
503.88	1212.42
504.08	1221.12
504.29	1213.01
504.49	1229.19
504.70	1210.33
504.90	1227.08
505.11	1216.12
505.31	1225.24
505.52	1215.26
505.72	1226.75
505.93	1215.04
506.13	1220.24
506.34	1215.31
506.54	1224.62
506.75	1209.78
506.95	1218.66
507.16	1222.78
507.36	1215.16
507.56	1209.80
507.77	1221.20
507.97	1218.15
508.18	1226.20
508.38	1209.00
508.59	1222.43
508.79	1218.34
509.00	1220.36
509.20	1219.71
509.41	1226.67
509.61	1215.65
509.82	1219.91
510.02	1216.86
510.22	1218.56
510.43	1218.36
510.63	1221.88
510.84	1219.75
511.04	1220.92
511.25	1220.24
511.45	1223.48
511.66	1216.45
511.86	1227.37
512.06	1212.30
512.27	1220.63
512.47	1214.26
512.68	1221.51
512.88	1214.61
513.09	1222.31
513.29	1214.12
513.50	1220.92
513.70	1214.16
513.90	1218.71
514.11	1213.50
514.31	1226.77
514.52	1214.18
514.72	1225.34
514.93	1221.31
515.13	1215.69
515.33	1214.81
515.54	1217.50
515.74	1214.86
515.95	1216.70
516.15	1215.65
516.36	1225.81
516.56	1212.50
516.76	1224.23
516.97	1215.20
517.17	1221.67
517.38	1219.26
517.58	1222.88
517.78	1219.46
517.99	1220.61
518.19	1209.41
518.40	1221.98
518.60	1214.38
518.81	1224.62
519.01	1214.30
519.21	1215.00
519.42	1218.79
519.62	1223.87
519.83	1212.03
520.03	1222.13
520.23	1213.44
520.44	1224.95
520.64	1214.96
520.85	1219.95
521.05	1216.00
521.25	1226.75
521.46	1213.28
521.66	1226.06
521.86	1220.00
522.07	1220.28
522.27	1216.82
522.48	1221.12
522.68	1217.09
522.88	1217.15
523.09	1217.01
523.29	1220.84
523.50	1213.16
523.70	1215.86
523.90	1217.11
524.11	1216.68
524.31	1216.02
524.51	1220.16
524.72	1214.40
524.92	1231.63
525.13	1206.09
525.33	1223.76
525.53	1220.18
525.74	1224.58
525.94	1202.65
526.14	1223.03
526.35	1221.70
526.55	1216.60
526.76	1220.59
526.96	1221.72
527.16	1215.59
527.37	1218.66
527.57	1213.48
527.77	1225.87
527.98	1219.42
528.18	1218.46
528.38	1218.79
528.59	1219.89
528.79	1221.53
528.99	1225.55
529.20	1215.41
529.40	1222.88
529.61	1224.73
529.81	1213.13
530.01	1214.75
530.22	1218.62
530.42	1215.04
530.62	1217.76
530.83	1221.82
531.03	1214.75
531.23	1212.62
531.44	1218.40
531.64	1219.71
531.84	1227.94
532.05	1213.71
532.25	1220.94
532.45	1217.27
532.66	1220.81
532.86	1212.70
533.06	1227.41
533.27	1215.31
533.47	1225.83
533.67	1221.59
533.88	1219.44
534.08	1220.08
534.28	1224.81
534.49	1212.09
534.69	1221.82
534.89	1218.28
535.09	1223.89
535.30	1206.32
535.50	1224.34
535.70	1224.83
535.91	1218.21
536.11	1213.63
536.31	1220.84
536.52	1226.53
536.72	1222.97
536.92	1211.66
537.13	1223.19
537.33	1214.69
537.53	1218.46
537.74	1207.71
537.94	1225.22
538.14	1216.39
538.34	1220.53
538.55	1218.71
538.75	1229.72
538.95	1226.92
539.16	1222.68
539.36	1216.41
539.56	1221.22
539.77	1215.26
539.97	1223.01
540.17	1212.73
540.37	1217.97
540.58	1219.11
540.78	1225.34
540.98	1222.45
541.19	1221.29
541.39	1217.21
541.59	1222.94
541.79	1217.46
542.00	1223.42
542.20	1220.10
542.40	1226.28
542.60	1217.87
542.81	1221.78
543.01	1216.72
543.21	1220.55
543.42	1212.50
543.62	1219.05
543.82	1218.89
544.02	1222.97
544.23	1215.00
544.43	1220.77
544.63	1219.05
544.83	1221.35
545.04	1217.95
545.24	1221.80
545.44	1215.35
545.64	1222.86
545.85	1214.49
546.05	1217.27
546.25	1218.56
546.45	1216.00
546.66	1217.54
546.86	1224.23
547.06	1214.40
547.27	1223.27
547.47	1213.97
547.67	1219.18
547.87	1215.43
548.07	1223.78
548.28	1215.39
548.48	1224.79
548.68	1215.80
548.88	1222.04
549.09	1215.10
549.29	1218.66
549.49	1203.39
549.69	1228.70
549.90	1220.81
550.10	1220.06
550.30	1216.55
550.50	1236.44
550.71	1222.74
550.91	1223.01
551.11	1212.87
551.31	1219.83
551.51	1217.54
551.72	1215.16
551.92	1221.92
552.12	1219.36
552.32	1218.99
552.53	1219.65
552.73	1217.39
552.93	1218.93
553.13	1212.48
553.33	1217.95
553.54	1215.88
553.74	1223.80
553.94	1217.62
554.14	1218.38
554.35	1214.34
554.55	1230.28
554.75	1214.63
554.95	1213.36
555.15	1215.72
555.36	1222.76
555.56	1216.31
555.76	1221.72
555.96	1220.92
556.16	1223.40
556.37	1222.39
556.57	1220.38
556.77	1219.42
556.97	1223.64
557.17	1215.06
557.38	1226.02
557.58	1210.51
557.78	1223.54
557.98	1215.80
558.18	1222.39
558.38	1221.57
558.59	1219.87
558.79	1221.59
558.99	1219.93
559.19	1211.91
559.39	1218.50
559.60	1212.83
559.80	1222.08
560.00	1211.11
560.20	1217.11
560.40	1207.87
560.60	1222.37
560.81	1217.31
561.01	1216.92
561.21	1216.33
561.41	1225.26
561.61	1217.54
561.81	1227.02
562.02	1215.41
562.22	1221.29
562.42	1215.96
562.62	1222.00
562.82	1210.06
563.02	1222.88
563.23	1217.68
563.43	1218.85
563.63	1220.12
563.83	1219.46
564.03	1221.02
564.23	1218.73
564.43	1216.62
564.64	1217.74
564.84	1222.66
565.04	1223.05
565.24	1214.10
565.44	1216.23
565.64	1214.12
565.85	1221.33
566.05	1212.99
566.25	1216.00
566.45	1214.86
566.65	1221.74
566.85	1218.32
567.05	1217.91
567.25	1213.48
567.46	1229.56
567.66	1213.52
567.86	1216.72
568.06	1215.78
568.26	1214.79
568.46	1211.66
568.66	1224.99
568.86	1217.85
569.07	1223.09
569.27	1213.01
569.47	1221.45
569.67	1216.27
569.87	1227.41
570.07	1214.20
570.27	1223.83
570.47	1211.41
570.68	1223.78
570.88	1220.51
571.08	1220.79
571.28	1217.21
571.48	1210.96
571.68	1208.10
571.88	1226.39
572.08	1220.59
572.28	1221.57
572.49	1219.65
572.69	1216.23
572.89	1213.03
573.09	1223.09
573.29	1223.83
573.49	1227.12
573.69	1217.39
573.89	1221.88
574.09	1221.74
574.29	1230.97
574.50	1213.40
574.70	1220.65
574.90	1218.03
575.10	1222.74
575.30	1209.45
575.50	1223.15
575.70	1210.37
575.90	1224.32
576.10	1216.27
576.30	1218.95
576.50	1217.72
576.70	1225.38
576.91	1211.93
577.11	1212.95
577.31	1211.93
577.51	1219.57
577.71	1214.53
577.91	1217.42
578.11	1209.04
578.31	1219.81
578.51	1214.30
578.71	1217.97
578.91	1216.70
579.11	1221.08
579.31	1217.25
579.51	1223.62
579.71	1216.74
579.92	1219.59
580.12	1212.91
580.32	1219.77
580.52	1215.00
580.72	1218.36
580.92	1212.54
581.12	1222.43
581.32	1213.75
581.52	1221.70
581.72	1213.07
581.92	1219.01
582.12	1216.43
582.32	1218.50
582.52	1209.53
582.72	1230.44
582.92	1212.54
583.12	1220.32
583.32	1214.59
583.52	1223.78
583.72	1214.69
583.92	1217.19
584.12	1216.92
584.33	1223.42
584.53	1215.35
584.73	1225.48
584.93	1217.31
585.13	1225.40
585.33	1217.17
585.53	1218.48
585.73	1214.24
585.93	1223.29
586.13	1220.79
586.33	1218.75
586.53	1217.31
586.73	1222.74
586.93	1217.37
587.13	1224.28
587.33	1209.74
587.53	1218.25
587.73	1216.33
587.93	1217.39
588.13	1219.83
588.33	1220.55
588.53	1216.15
588.73	1219.71
588.93	1214.94
589.13	1222.92
589.33	1211.56
589.53	1221.88
589.73	1215.35
589.93	1213.56
590.13	1221.00
590.33	1218.52
590.53	1208.87
590.73	1220.24
590.93	1219.22
591.13	1225.93
591.33	1213.69
591.53	1225.03
591.73	1216.47
591.93	1217.97
592.13	1209.35
592.33	1224.60
592.53	1219.52
592.73	1225.46
592.93	1215.20
593.13	1220.24
593.33	1211.80
593.53	1217.29
593.73	1216.47
593.93	1216.35
594.13	1218.46
594.33	1226.16
594.53	1214.57
594.73	1224.40
594.92	1207.54
595.12	1222.35
595.32	1210.33
595.52	1223.70
595.72	1215.90
595.92	1213.67
596.12	1212.58
596.32	1221.67
596.52	1211.60
596.72	1221.86
596.92	1212.30
597.12	1218.09
597.32	1215.69
597.52	1221.94
597.72	1217.42
597.92	1222.97
598.12	1213.99
598.32	1222.33
598.52	1220.16
598.72	1215.39
598.92	1217.07
599.12	1219.69
599.31	1216.49
599.51	1219.83
599.71	1213.42
599.91	1217.93
600.11	1215.14
600.31	1218.17
600.51	1221.88
600.71	1224.87
600.91	1218.52
601.11	1222.33
601.31	1216.37
601.51	1220.55
601.71	1217.21
601.91	1217.44
602.10	1220.06
602.30	1223.19
602.50	1219.71
602.70	1223.03
602.90	1218.99
603.10	1212.46
603.30	1214.88
603.50	1224.56
603.70	1217.23
603.90	1218.91
604.10	1213.77
604.30	1225.89
604.49	1212.75
604.69	1224.15
604.89	1225.73
605.09	1221.08
605.29	1212.54
605.49	1223.50
605.69	1214.47
605.89	1219.40
606.09	1214.83
606.29	1225.22
606.48	1215.65
606.68	1220.92
606.88	1213.16
607.08	1212.83
607.28	1224.99
607.48	1217.52
607.68	1222.39
607.88	1223.70
608.08	1218.93
608.27	1224.48
608.47	1214.69
608.67	1220.18
608.87	1209.22
609.07	1222.58
609.27	1214.96
609.47	1219.22
609.67	1221.67
609.87	1218.73
610.06	1213.85
610.26	1217.93
610.46	1207.77
610.66	1218.79
610.86	1220.36
611.06	1227.92
611.26	1212.97
611.45	1219.85
611.65	1208.38
611.85	1216.12
612.05	1218.79
612.25	1219.89
612.45	1218.03
612.65	1225.40
612.84	1209.84
613.04	1221.92
613.24	1221.57
613.44	1217.03
613.64	1216.58
613.84	1217.39
614.04	1219.54
614.23	1221.98
614.43	1216.06
614.63	1216.66
614.83	1218.48
615.03	1225.91
615.23	1223.72
615.42	1224.81
615.62	1215.14
615.82	1216.72
616.02	1217.13
616.22	1218.36
616.42	1208.26
616.61	1218.48
616.81	1213.46
617.01	1224.95
617.21	1212.05
617.41	1218.97
617.61	1213.61
617.80	1219.24
618.00	1220.00
618.20	1217.56
618.40	1217.37
618.60	1217.09
618.80	1215.86
618.99	1208.83
619.19	1214.12
619.39	1222.17
619.59	1212.75
619.79	1222.92
619.98	1217.01
620.18	1217.46
620.38	1216.27
620.58	1223.50
620.78	1206.54
620.97	1219.03
621.17	1214.02
621.37	1225.87
621.57	1216.47
621.77	1217.35
621.96	1212.68
622.16	1217.01
622.36	1218.79
622.56	1214.04
622.76	1219.89
622.95	1224.19
623.15	1220.96
623.35	1219.81
623.55	1213.69
623.75	1221.61
623.94	1215.82
624.14	1215.33
624.34	1214.61
624.54	1217.56
624.73	1218.89
624.93	1224.01
625.13	1210.41
625.33	1223.91
625.53	1215.29
625.72	1216.41
625.92	1215.96
626.12	1222.62
626.32	1219.48
626.51	1224.19
626.71	1217.25
626.91	1223.80
627.11	1210.70
627.30	1220.51
627.50	1219.05
627.70	1225.89
627.90	1214.81
628.10	1220.06
628.29	1217.89
628.49	1218.83
628.69	1216.98
628.89	1228.29
629.08	1207.20
629.28	1213.77
629.48	1214.59
629.68	1220.75
629.87	1211.41
630.07	1213.16
630.27	1211.43
630.47	1220.61
630.66	1209.74
630.86	1216.76
631.06	1211.35
631.25	1220.94
631.45	1220.86
631.65	1212.42
631.85	1216.76
632.04	1225.44
632.24	1215.00
632.44	1219.24
632.64	1213.73
632.83	1220.59
633.03	1219.85
633.23	1218.36
633.42	1222.00
633.62	1221.00
633.82	1214.81
634.02	1220.16
634.21	1214.94
634.41	1224.69
634.61	1209.24
634.81	1223.91
635.00	1210.06
635.20	1228.08
635.40	1219.57
635.59	1214.59
635.79	1216.47
635.99	1225.61
636.18	1220.53
636.38	1223.35
636.58	1213.38
636.78	1218.60
636.97	1210.45
637.17	1217.05
637.37	1213.75
637.56	1217.48
637.76	1215.06
637.96	1219.61
638.15	1218.17
638.35	1218.54
638.55	1215.02
638.74	1222.43
638.94	1218.50
639.14	1221.55
639.34	1214.90
639.53	1222.37
639.73	1213.32
639.93	1216.27
640.12	1214.88
640.32	1227.25
640.52	1213.38
640.71	1214.81
640.91	1209.10
641.11	1224.32
641.30	1213.42
641.50	1223.74
641.70	1210.25
641.89	1219.63
642.09	1222.08
642.29	1233.53
642.48	1212.77
642.68	1218.64
642.88	1214.16
643.07	1222.68
643.27	1212.03
643.47	1221.80
643.66	1210.60
643.86	1217.03
644.06	1212.77
644.25	1224.32
644.45	1210.49
644.65	1217.50
644.84	1221.31
645.04	1210.55
645.23	1211.27
645.43	1221.72
645.63	1212.03
645.82	1221.14
646.02	1219.93
646.22	1225.61
646.41	1220.57
646.61	1223.74
646.81	1217.58
647.00	1219.26
647.20	1215.96
647.39	1225.07
647.59	1214.47
647.79	1218.07
647.98	1217.29
648.18	1216.45
648.38	1213.63
648.57	1218.19
648.77	1212.62
648.96	1220.51
649.16	1211.21
649.36	1225.65
649.55	1211.56
649.75	1225.32
649.95	1211.25
650.14	1217.58
650.34	1216.98
650.53	1224.93
650.73	1216.00
650.93	1218.03
651.12	1211.56
651.32	1220.73
651.51	1220.38
651.71	1219.77
651.91	1218.46
652.10	1221.80
652.30	1220.47
652.49	1216.84
652.69	1212.23
652.89	1223.78
653.08	1213.44
653.28	1223.72
653.47	1217.15
653.67	1221.39
653.86	1216.35
654.06	1216.37
654.26	1214.08
654.45	1216.68
654.65	1214.16
654.84	1223.68
655.04	1215.14
655.24	1225.55
655.43	1213.73
655.63	1220.79
655.82	1217.13
656.02	1217.66
656.21	1210.66
656.41	1220.38
656.61	1213.89
656.80	1220.43
657.00	1216.12
657.19	1210.08
657.39	1215.51
657.58	1227.06
657.78	1213.01
657.97	1221.98
658.17	1213.40
658.37	1221.43
658.56	1211.07
658.76	1219.30
658.95	1212.62
659.15	1222.49
659.34	1212.07
659.54	1219.79
659.73	1218.09
659.93	1219.67
660.13	1216.62
660.32	1216.49
660.52	1220.32
660.71	1219.01
660.91	1222.94
661.10	1219.28
661.30	1213.34
661.49	1217.89
661.69	1209.90
661.88	1218.09
662.08	1217.31
662.27	1223.64
662.47	1218.58
662.66	1222.53
662.86	1217.09
663.06	1221.72
663.25	1214.30
663.45	1220.28
663.64	1215.26
663.84	1219.18
664.03	1220.36
664.23	1222.06
664.42	1216.86
664.62	1215.20
664.81	1207.44
665.01	1219.93
665.20	1212.81
665.40	1216.92
665.59	1218.30
665.79	1221.74
665.98	1212.44
666.18	1218.75
666.37	1211.62
666.57	1217.50
666.76	1216.64
666.96	1232.61
667.15	1211.89
667.35	1218.34
667.54	1212.56
667.74	1232.14
667.93	1213.07
668.13	1222.99
668.32	1211.46
668.52	1223.44
668.71	1216.82
668.91	1224.17
669.10	1218.83
669.30	1226.88
669.49	1217.66
669.68	1224.07
669.88	1217.07
670.07	1223.46
670.27	1211.70
670.46	1224.69
670.66	1217.37
670.85	1218.99
671.05	1217.42
671.24	1220.30
671.44	1216.06
671.63	1227.27
671.83	1219.79
672.02	1227.98
672.22	1209.78
672.41	1221.04
672.60	1213.28
672.80	1221.63
672.99	1214.22
673.19	1220.65
673.38	1215.06
673.58	1232.10
673.77	1213.69
673.97	1223.68
674.16	1214.08
674.36	1220.79
674.55	1217.33
674.74	1221.24
674.94	1219.20
675.13	1217.25
675.33	1214.28
675.52	1224.97
675.72	1219.52
675.91	1226.82
676.10	1216.29
676.30	1221.94
676.49	1211.74
676.69	1217.56
676.88	1220.04
677.08	1223.13
677.27	1221.33
677.46	1218.36
677.66	1214.22
677.85	1225.42
678.05	1209.53
678.24	1224.40
678.44	1218.87
678.63	1223.42
678.82	1214.96
679.02	1219.44
679.21	1216.66
679.41	1220.28
679.60	1220.77
679.79	1221.55
679.99	1223.80
680.18	1223.68
680.38	1209.41
680.57	1221.86
680.76	1222.76
680.96	1220.98
681.15	1213.87
681.35	1220.08
681.54	1217.52
681.73	1219.97
681.93	1214.98
682.12	1221.49
682.32	1212.25
682.51	1221.80
682.70	1219.50
682.90	1222.64
683.09	1210.43
683.29	1222.13
683.48	1211.74
683.67	1221.22
683.87	1219.16
684.06	1223.95
684.25	1207.97
684.45	1225.44
684.64	1220.18
684.84	1222.88
685.03	1213.99
685.22	1222.70
685.42	1215.04
685.61	1229.09
685.80	1219.57
686.00	1218.66
686.19	1218.07
686.38	1220.92
686.58	1205.66
686.77	1220.43
686.96	1217.19
687.16	1222.78
687.35	1212.93
687.55	1227.20
687.74	1217.03
687.93	1229.35
688.13	1214.98
688.32	1225.63
688.51	1218.36
688.71	1218.42
688.90	1217.85
689.09	1222.68
689.29	1212.05
689.48	1219.26
689.67	1216.82
689.87	1228.27
690.06	1219.01
690.25	1221.70
690.45	1212.81
690.64	1226.77
690.83	1216.08
691.03	1225.61
691.22	1210.10
691.41	1219.83
691.61	1214.73
691.80	1222.29
691.99	1220.77
692.19	1228.02
692.38	1215.39
692.57	1220.04
692.76	1221.74
692.96	1219.07
693.15	1214.67
693.34	1223.35
693.54	1223.46
693.73	1232.67
693.92	1219.48
694.12	1221.22
694.31	1216.17
694.50	1216.43
694.70	1212.44
694.89	1215.90
695.08	1216.15
695.27	1227.86
695.47	1219.95
695.66	1224.54
695.85	1214.12
696.05	1225.55
696.24	1212.19
696.43	1215.39
696.62	1210.47
696.82	1222.43
697.01	1217.95
697.20	1218.01
697.40	1213.01
697.59	1218.87
697.78	1215.24
697.97	1220.67
698.17	1217.19
698.36	1221.49
698.55	1217.89
698.74	1222.80
698.94	1214.77
699.13	1222.49
699.32	1218.87
699.52	1222.41
699.71	1221.04
699.90	1222.94
700.09	1215.69
700.29	1224.44
700.48	1219.46
700.67	1227.41
700.86	1217.39
701.06	1220.08
701.25	1220.20
701.44	1222.58
701.63	1218.81
701.83	1219.75
702.02	1214.24
702.21	1228.84
702.40	1213.20
702.60	1226.24
702.79	1214.92
702.98	1221.29
703.17	1216.70
703.37	1226.92
703.56	1214.73
703.75	1224.60
703.94	1210.51
704.13	1222.88
704.33	1211.48
704.52	1216.29
704.71	1213.77
704.90	1215.96
705.10	1218.17
705.29	1226.86
705.48	1215.02
705.67	1218.87
705.86	1221.96
706.06	1223.50
706.25	1215.57
706.44	1228.45
706.63	1217.54
706.83	1221.53
707.02	1213.69
707.21	1222.99
707.40	1216.94
707.59	1218.42
707.79	1210.31
707.98	1219.63
708.17	1218.56
708.36	1224.11
708.55	1210.39
708.75	1222.53
708.94	1215.90
709.13	1219.03
709.32	1219.42
709.51	1219.07
709.71	1214.08
709.90	1225.20
710.09	1216.76
710.28	1219.01
710.47	1212.09
710.66	1219.73
710.86	1205.93
711.05	1227.59
711.24	1213.69
711.43	1220.71
711.62	1215.98
711.82	1224.19
712.01	1224.87
712.20	1222.15
712.39	1214.83
712.58	1223.23
712.77	1216.53
712.97	1215.82
713.16	1217.31
713.35	1213.22
713.54	1212.95
713.73	1230.24
713.92	1220.94
714.11	1220.71
714.31	1216.15
714.50	1218.34
714.69	1213.11
714.88	1218.77
715.07	1214.55
715.26	1216.53
715.46	1219.59
715.65	1219.97
715.84	1218.05
716.03	1225.28
716.22	1217.52
716.41	1227.12
716.60	1216.43
716.80	1219.01
716.99	1216.08
717.18	1219.40
717.37	1207.03
717.56	1224.36
717.75	1213.40
717.94	1223.91
718.13	1215.90
718.33	1219.14
718.52	1213.87
718.71	1216.64
718.90	1219.05
719.09	1232.80
719.28	1217.54
719.47	1217.72
719.66	1215.61
719.85	1224.77
720.05	1215.12
720.24	1222.64
720.43	1218.73
720.62	1217.85
720.81	1213.09
721.00	1219.65
721.19	1217.07
721.38	1224.40
721.57	1218.46
721.77	1226.77
721.96	1217.44
722.15	1218.81
722.34	1219.93
722.53	1223.93
722.72	1206.03
722.91	1227.25
723.10	1208.38
723.29	1222.64
723.48	1208.63
723.67	1221.06
723.87	1217.82
724.06	1217.91
724.25	1220.49
724.44	1224.01
724.63	1212.40
724.82	1216.29
725.01	1216.39
725.20	1214.49
725.39	1216.45
725.58	1226.82
725.77	1215.45
725.96	1220.59
726.15	1211.60
726.34	1227.51
726.54	1216.29
726.73	1225.81
726.92	1218.32
727.11	1223.89
727.30	1220.12
727.49	1217.01
727.68	1220.57
727.87	1224.26
728.06	1225.36
728.25	1220.67
728.44	1209.65
728.63	1221.33
728.82	1217.97
729.01	1219.42
729.20	1218.91
729.39	1222.10
729.58	1213.18
729.77	1229.72
729.96	1211.56
730.15	1223.07
730.34	1215.26
730.53	1225.09
730.73	1219.11
730.92	1217.87
731.11	1216.98
731.30	1226.04
731.49	1216.60
731.68	1219.20
731.87	1218.60
732.06	1217.58
732.25	1219.61
732.44	1224.99
732.63	1206.11
732.82	1224.93
733.01	1214.59
733.20	1221.41
733.39	1212.85
733.58	1220.57
733.77	1212.87
733.96	1221.18
734.15	1218.30
734.34	1221.02
734.53	1219.14
734.72	1229.35
734.91	1206.58
735.10	1219.77
735.29	1210.02
735.48	1227.27
735.67	1210.10
735.86	1218.48
736.05	1215.31
736.24	1218.23
736.43	1222.31
736.62	1218.17
736.81	1209.31
737.00	1232.26
737.19	1214.34
737.38	1227.37
737.57	1213.54
737.76	1218.05
737.95	1217.44
738.14	1219.57
738.33	1216.70
738.51	1217.48
738.70	1220.38
738.89	1217.70
739.08	1219.01
739.27	1222.35
739.46	1212.77
739.65	1213.91
739.84	1213.93
740.03	1221.59
740.22	1217.50
740.41	1225.30
740.60	1210.86
740.79	1219.03
740.98	1217.23
741.17	1221.84
741.36	1214.79
741.55	1220.36
741.74	1217.85
741.93	1217.85
742.12	1218.50
742.31	1222.78
742.50	1212.91
742.68	1219.05
742.87	1215.26
743.06	1221.18
743.25	1213.73
743.44	1217.50
743.63	1216.86
743.82	1218.46
744.01	1215.39
744.20	1218.68
744.39	1220.59
744.58	1218.62
744.77	1213.22
744.96	1221.76
745.14	1214.69
745.33	1224.99
745.52	1209.06
745.71	1217.25
745.90	1219.48
746.09	1218.83
746.28	1208.55
746.47	1218.36
746.66	1219.79
746.85	1223.35
747.04	1217.11
747.22	1218.30
747.41	1216.25
747.60	1222.49
747.79	1224.40
747.98	1223.01
748.17	1217.50
748.36	1219.95
748.55	1215.63
748.74	1222.47
748.93	1214.61
749.11	1220.12
749.30	1212.11
749.49	1218.05
749.68	1221.96
749.87	1222.00
750.06	1216.47
750.25	1215.02
750.44	1219.48
750.62	1227.31
750.81	1213.40
751.00	1215.94
751.19	1211.56
751.38	1215.47
751.57	1212.15
751.76	1226.34
751.95	1215.86
752.13	1222.82
752.32	1221.67
752.51	1223.35
752.70	1215.69
752.89	1224.71
753.08	1221.49
753.27	1222.64
753.45	1222.23
753.64	1218.28
753.83	1220.00
754.02	1222.17
754.21	1217.85
754.40	1219.28
754.58	1217.87
754.77	1228.33
754.96	1210.14
755.15	1222.43
755.34	1222.78
755.53	1232.43
755.71	1211.27
755.90	1219.79
756.09	1218.81
756.28	1221.24
756.47	1212.54
756.66	1224.85
756.84	1219.67
757.03	1225.96
757.22	1216.70
757.41	1228.43
757.60	1218.11
757.79	1227.63
757.97	1224.38
758.16	1223.42
758.35	1225.32
758.54	1220.47
758.73	1214.14
758.91	1221.33
759.10	1209.22
759.29	1224.54
759.48	1217.33
759.67	1218.66
759.85	1215.76
760.04	1225.89
760.23	1215.04
760.42	1221.53
760.61	1213.93
760.79	1222.21
760.98	1215.39
761.17	1222.10
761.36	1219.93
761.55	1220.28
761.73	1216.82
761.92	1221.16
762.11	1216.02
762.30	1225.12
762.49	1227.90
762.67	1223.44
762.86	1215.26
763.05	1224.89
763.24	1217.66
763.42	1218.81
763.61	1219.03
763.80	1219.54
763.99	1214.96
764.17	1218.85
764.36	1215.33
764.55	1227.53
764.74	1214.94
764.92	1228.60
765.11	1218.30
765.30	1221.92
765.49	1219.28
765.68	1224.56
765.86	1218.73
766.05	1224.26
766.24	1221.59
766.43	1228.21
766.61	1212.03
766.80	1228.04
766.99	1221.65
767.17	1221.63
767.36	1221.82
767.55	1223.64
767.74	1217.76
767.92	1219.67
768.11	1218.11
768.30	1227.20
768.49	1218.36
768.67	1225.46
768.86	1220.41
769.05	1223.46
769.24	1213.59
769.42	1221.86
769.61	1216.64
769.80	1226.47
769.98	1217.74
770.17	1217.17
770.36	1217.37
770.55	1221.29
770.73	1223.42
770.92	1222.19
771.11	1223.85
771.29	1225.38
771.48	1217.76
771.67	1223.42
771.86	1226.82
772.04	1229.23
772.23	1211.52
772.42	1219.77
772.60	1219.73
772.79	1226.39
772.98	1212.64
773.16	1222.41
773.35	1214.73
773.54	1223.62
773.72	1222.04
773.91	1227.02
774.10	1219.85
774.29	1223.87
774.47	1227.70
774.66	1230.91
774.85	1221.16
775.03	1222.21
775.22	1219.26
775.41	1225.32
775.59	1216.62
775.78	1220.04
775.97	1221.06
776.15	1222.51
776.34	1224.46
776.53	1228.43
776.71	1227.02
776.90	1227.51
777.09	1216.53
777.27	1221.70
777.46	1216.80
777.65	1230.05
777.83	1224.34
778.02	1223.58
778.21	1217.42
778.39	1227.49
778.58	1216.23
778.76	1230.03
778.95	1221.41
779.14	1229.99
779.32	1217.74
779.51	1233.04
779.70	1217.21
779.88	1224.66
780.07	1225.61
780.26	1226.06
780.44	1222.13
780.63	1227.94
780.81	1218.36
781.00	1227.16
781.19	1218.58
781.37	1232.57
781.56	1225.67
781.75	1228.11
781.93	1218.68
782.12	1226.63
782.30	1217.50
782.49	1227.41
782.68	1219.67
782.86	1231.91
783.05	1219.05
783.23	1233.43
783.42	1217.70
783.61	1229.52
783.79	1224.32
783.98	1234.72
784.16	1226.43
784.35	1231.59
784.54	1222.29
784.72	1226.86
784.91	1223.17
785.09	1230.73
785.28	1225.01
785.47	1236.97
785.65	1231.53
785.84	1237.12
786.02	1230.38
786.21	1234.35
786.40	1228.47
786.58	1227.96
786.77	1235.91
786.95	1229.17
787.14	1234.23
787.32	1246.07
787.51	1233.27
787.70	1245.60
787.88	1237.51
788.07	1240.56
788.25	1236.60
788.44	1238.43
788.62	1237.81
788.81	1242.89
789.00	1229.72
789.18	1246.37
789.37	1238.00
789.55	1244.20
789.74	1236.17
789.92	1238.20
790.11	1234.95
790.29	1248.09
790.48	1246.19
790.67	1249.28
790.85	1242.63
791.04	1246.56
791.22	1241.07
791.41	1248.05
791.59	1243.71
791.78	1255.16
791.96	1236.93
792.15	1251.27
792.33	1249.92
792.52	1244.73
792.70	1241.56
792.89	1253.25
793.07	1246.99
793.26	1245.80
793.45	1249.22
793.63	1255.69
793.82	1252.29
794.00	1261.32
794.19	1255.06
794.37	1259.62
794.56	1256.51
794.74	1262.33
794.93	1258.05
795.11	1260.16
795.30	1248.46
795.48	1259.13
795.67	1251.43
795.85	1258.48
796.04	1253.44
796.22	1257.31
796.41	1247.09
796.59	1251.88
796.78	1258.19
796.96	1244.43
797.15	1243.06
797.33	1257.31
797.52	1251.17
797.70	1250.96
797.89	1248.79
798.07	1253.11
798.26	1253.13
798.44	1248.50
798.63	1250.10
798.81	1252.21
798.99	1242.24
799.18	1251.55
799.36	1252.31
799.55	1252.87
799.73	1247.75
799.92	1265.03
800.10	1260.05
800.29	1265.89
800.47	1265.50
800.66	1276.52
800.84	1273.14
801.03	1287.39
801.21	1285.20
801.39	1299.37
801.58	1302.18
801.76	1312.54
801.95	1312.34
802.13	1327.88
802.32	1335.50
802.50	1353.05
802.69	1367.98
802.87	1409.04
803.06	1454.80
803.24	1536.80
803.42	1641.73
803.61	1798.40
803.79	1997.24
803.98	2249.30
804.16	2554.21
804.35	2906.76
804.53	3283.20
804.71	3660.15
804.90	4034.01
805.08	4370.22
805.27	4723.82
805.45	5030.10
805.63	5318.94
805.82	5585.94
806.00	5825.49
806.19	6075.85
806.37	6294.72
806.56	6476.95
806.74	6634.44
806.92	6841.12
807.11	6968.81
807.29	7135.82
807.48	7302.32
807.66	7420.20
807.84	7541.44
808.03	7627.31
808.21	7731.10
808.40	7823.40
808.58	7910.05
808.76	7970.61
808.95	7989.04
809.13	7990.38
809.32	7963.90
809.50	7845.52
809.68	7677.57
809.87	7475.13
810.05	7145.69
810.23	6833.52
810.42	6427.04
810.60	6074.23
810.79	5641.27
810.97	5208.50
811.15	4784.55
811.34	4401.00
811.52	4060.28
811.70	3748.58
811.89	3432.33
812.07	3202.61
812.25	2980.12
812.44	2813.66
812.62	2663.36
812.81	2571.78
812.99	2454.70
813.17	2398.83
813.36	2337.14
813.54	2290.63
813.72	2243.34
813.91	2207.77
814.09	2156.47
814.27	2114.94
814.46	2078.18
814.64	2049.30
814.82	2008.12
815.01	1984.69
815.19	1946.61
815.37	1932.24
815.56	1891.77
815.74	1866.62
815.92	1835.84
816.11	1816.26
816.29	1782.63
816.47	1760.90
816.66	1736.00
816.84	1723.78
817.02	1698.63
817.21	1681.38
817.39	1645.79
817.57	1636.65
817.76	1611.38
817.94	1607.02
818.12	1586.77
818.30	1571.22
818.49	1559.69
818.67	1549.43
818.85	1537.45
819.04	1528.85
819.22	1513.18
819.40	1513.53
819.59	1495.04
819.77	1504.79
819.95	1491.15
820.13	1514.94
820.32	1509.58
820.50	1527.33
820.68	1544.60
820.87	1578.06
821.05	1595.08
821.23	1624.72
821.41	1635.47
821.60	1666.31
821.78	1672.47
821.96	1685.29
822.14	1676.92
822.33	1694.00
822.51	1684.54
822.69	1688.06
822.88	1675.42
823.06	1664.88
823.24	1651.83
823.42	1635.57
823.61	1629.38
823.79	1605.18
823.97	1576.94
824.15	1562.42
824.34	1532.25
824.52	1529.14
824.70	1497.58
824.88	1486.44
825.07	1458.95
825.25	1453.61
825.43	1430.77
825.61	1427.93
825.80	1407.94
825.98	1397.10
826.16	1373.90
826.34	1371.98
826.53	1357.25
826.71	1347.79
826.89	1343.75
827.07	1336.71
827.25	1323.09
827.44	1331.12
827.62	1306.69
827.80	1318.52
827.98	1306.81
828.17	1309.23
828.35	1296.51
828.53	1302.43
828.71	1289.07
828.89	1283.56
829.08	1259.21
829.26	1271.28
829.44	1259.56
829.62	1253.83
829.80	1239.96
829.99	1242.42
830.17	1236.26
830.35	1243.51
830.53	1236.54
830.71	1245.23
830.90	1233.08
831.08	1234.23
831.26	1227.96
831.44	1237.14
831.62	1226.59
831.81	1232.06
831.99	1223.25
832.17	1231.85
832.35	1227.61
832.53	1235.09
832.71	1229.44
832.90	1234.41
833.08	1232.80
833.26	1230.19
833.44	1226.39
833.62	1231.83
833.81	1223.21
833.99	1232.61
834.17	1227.39
834.35	1238.96
834.53	1223.64
834.71	1228.62
834.89	1225.03
835.08	1230.73
835.26	1221.57
835.44	1242.36
835.62	1223.83
835.80	1235.58
835.98	1225.73
836.17	1238.37
836.35	1233.63
836.53	1234.15
836.71	1229.91
836.89	1235.27
837.07	1233.33
837.25	1238.37
837.44	1226.79
837.62	1231.42
837.80	1230.38
837.98	1233.63
838.16	1222.84
838.34	1229.46
838.52	1225.71
838.70	1229.66
838.89	1232.20
839.07	1227.02
839.25	1226.30
839.43	1229.15
839.61	1220.26
839.79	1233.35
839.97	1224.60
840.15	1228.17
840.33	1226.65
840.52	1229.05
840.70	1220.16
840.88	1224.97
841.06	1219.01
841.24	1232.96
841.42	1230.42
841.60	1232.71
841.78	1223.85
841.96	1223.80
842.14	1222.53
842.33	1223.60
842.51	1216.82
842.69	1227.68
842.87	1216.55
843.05	1232.45
843.23	1214.88
843.41	1229.35
843.59	1220.47
843.77	1217.76
843.95	1221.90
844.13	1225.52
844.31	1226.06
844.49	1225.18
844.68	1222.29
844.86	1226.08
845.04	1219.65
845.22	1222.53
845.40	1223.93
845.58	1230.50
845.76	1229.42
845.94	1228.62
846.12	1214.92
846.30	1225.91
846.48	1217.89
846.66	1229.23
846.84	1216.88
847.02	1226.59
847.20	1219.14
847.38	1229.23
847.56	1223.35
847.74	1230.85
847.92	1223.58
848.11	1224.87
848.29	1220.61
848.47	1227.82
848.65	1227.96
848.83	1230.91
849.01	1231.22
849.19	1228.49
849.37	1217.82
849.55	1225.71
849.73	1224.40
849.91	1228.15
850.09	1231.46
850.27	1228.88
850.45	1222.21
850.63	1233.29
850.81	1219.16
850.99	1229.23
851.17	1220.32
851.35	1222.72
851.53	1223.89
851.71	1223.31
851.89	1231.71
852.07	1230.85
852.25	1221.86
852.43	1228.08
852.61	1224.46
852.79	1233.29
852.97	1223.70
853.15	1230.93
853.33	1217.91
853.51	1227.59
853.69	1219.77
853.87	1233.45
854.05	1220.88
854.23	1231.48
854.41	1226.65
854.59	1230.73
854.77	1222.78
854.95	1226.51
855.13	1224.19
855.31	1226.63
855.49	1220.92
855.67	1225.75
855.84	1221.45
856.02	1228.90
856.20	1216.45
856.38	1229.05
856.56	1215.80
856.74	1223.66
856.92	1222.25
857.10	1221.37
857.28	1219.16
857.46	1230.24
857.64	1212.21
857.82	1220.32
858.00	1218.62
858.18	1224.69
858.36	1213.93
858.54	1222.80
858.72	1215.12
858.90	1220.24
859.08	1217.97
859.25	1225.32
859.43	1216.25
859.61	1222.51
859.79	1209.59
859.97	1218.46
860.15	1213.42
860.33	1224.56
860.51	1214.16
860.69	1222.76
860.87	1211.09
861.05	1222.51
861.23	1210.78
861.41	1225.65
861.58	1214.59
861.76	1224.66
861.94	1218.87
862.12	1226.90
862.30	1228.13
862.48	1218.81
862.66	1214.12
862.84	1222.99
863.02	1216.45
863.20	1214.77
863.37	1209.00
863.55	1221.72
863.73	1212.89
863.91	1226.96
864.09	1217.39
864.27	1221.33
864.45	1213.54
864.63	1222.00
864.80	1215.12
864.98	1225.61
865.16	1221.65
865.34	1223.33
865.52	1224.03
865.70	1223.66
865.88	1215.78
866.06	1225.93
866.23	1216.27
866.41	1218.83
866.59	1213.97
866.77	1220.49
866.95	1222.10
867.13	1222.37
867.31	1219.75
867.48	1221.80
867.66	1212.19
867.84	1222.62
868.02	1216.74
868.20	1227.12
868.38	1217.58
868.56	1226.84
868.73	1214.20
868.91	1220.51
869.09	1212.83
869.27	1225.22
869.45	1209.82
869.63	1218.73
869.80	1217.29
869.98	1218.28
870.16	1210.53
870.34	1216.08
870.52	1217.48
870.70	1224.66
870.87	1210.14
871.05	1219.52
871.23	1211.07
871.41	1225.57
871.59	1208.63
871.76	1223.15
871.94	1214.26
872.12	1220.36
872.30	1214.77
872.48	1215.37
872.65	1214.88
872.83	1226.34
873.01	1220.02
873.19	1225.67
873.37	1213.26
873.54	1221.92
873.72	1214.04
873.90	1215.72
874.08	1218.60
874.26	1220.88
874.43	1216.90
874.61	1225.93
874.79	1213.26
874.97	1221.90
875.15	1212.58
875.32	1223.15
875.50	1213.87
875.68	1222.82
875.86	1216.35
876.03	1215.78
876.21	1213.99
876.39	1227.84
876.57	1217.91
876.74	1230.46
876.92	1219.85
877.10	1217.25
877.28	1215.49
877.45	1230.85
877.63	1220.88
877.81	1224.11
877.99	1213.38
878.17	1226.45
878.34	1211.66
878.52	1222.23
878.70	1213.03
878.87	1227.31
879.05	1206.77
879.23	1223.17
879.41	1210.76
879.58	1219.22
879.76	1224.01
879.94	1225.89
880.12	1212.46
880.29	1222.00
880.47	1207.20
880.65	1220.79
880.83	1213.54
881.00	1217.87
881.18	1215.33
881.36	1221.16
881.53	1212.75
881.71	1220.16
881.89	1215.69
882.07	1217.25
882.24	1213.63
882.42	1225.20
882.60	1214.83
882.77	1221.08
882.95	1213.50
883.13	1217.52
883.30	1210.45
883.48	1209.49
883.66	1215.31
883.84	1219.16
884.01	1216.72
884.19	1221.82
884.37	1208.16
884.54	1223.78
884.72	1215.98
884.90	1224.60
885.07	1210.17
885.25	1220.79
885.43	1216.35
885.60	1220.73
885.78	1212.13
885.96	1228.41
886.13	1212.44
886.31	1215.90
886.49	1213.32
886.66	1223.40
886.84	1221.78
887.02	1218.15
887.19	1212.30
887.37	1220.16
887.55	1212.56
887.72	1221.63
887.90	1212.81
888.08	1217.39
888.25	1216.92
888.43	1224.69
888.61	1215.82
888.78	1222.60
888.96	1216.94
889.14	1218.77
889.31	1214.45
889.49	1225.61
889.67	1214.04
889.84	1225.57
890.02	1213.77
890.19	1226.12
890.37	1215.29
890.55	1223.78
890.72	1225.22
890.90	1227.90
891.08	1213.65
891.25	1220.24
891.43	1212.32
891.60	1219.09
891.78	1219.65
891.96	1217.62
892.13	1208.53
892.31	1226.67
892.48	1208.18
892.66	1224.42
892.84	1217.01
893.01	1226.67
893.19	1215.90
893.36	1222.53
893.54	1219.75
893.72	1219.32
893.89	1212.27
894.07	1219.42
894.24	1212.64
894.42	1233.82
894.60	1216.62
894.77	1221.12
894.95	1217.62
895.12	1221.88
895.30	1215.53
895.48	1224.50
895.65	1215.20
895.83	1221.57
896.00	1215.26
896.18	1221.70
896.35	1215.10
896.53	1230.34
896.71	1215.20
896.88	1223.01
897.06	1213.48
897.23	1222.43
897.41	1215.24
897.58	1223.33
897.76	1215.74
897.93	1227.06
898.11	1213.89
898.29	1224.17
898.46	1219.18
898.64	1227.27
898.81	1220.22
898.99	1218.97
899.16	1218.95
899.34	1219.54
899.51	1221.88
899.69	1225.65
899.86	1209.59
900.04	1226.22
900.21	1215.67
900.39	1219.87
900.57	1217.27
900.74	1218.71
900.92	1215.02
901.09	1226.55
901.27	1226.41
901.44	1226.30
901.62	1212.79
901.79	1224.83
901.97	1217.93
902.14	1224.01
902.32	1215.74
902.49	1221.24
902.67	1211.66
902.84	1223.46
903.02	1214.67
903.19	1224.07
903.37	1212.87
903.54	1219.01
903.72	1214.75
903.89	1222.35
904.07	1212.19
904.24	1223.40
904.42	1215.94
904.59	1214.61
904.77	1220.47
904.94	1223.62
905.12	1218.81
905.29	1221.80
905.47	1213.05
905.64	1219.36
905.82	1214.61
905.99	1216.68
906.16	1218.46
906.34	1221.88
906.51	1216.68
906.69	1222.60
906.86	1208.36
907.04	1215.18
907.21	1217.95
907.39	1221.49
907.56	1215.67
907.74	1218.13
907.91	1221.29
908.09	1223.56
908.26	1216.45
908.43	1223.13
908.61	1215.57
908.78	1221.43
908.96	1217.46
909.13	1221.67
909.31	1215.98
909.48	1218.73
909.65	1212.75
909.83	1224.58
910.00	1213.40
910.18	1217.91
910.35	1212.73
910.53	1223.85
910.70	1213.13
910.87	1223.54
911.05	1217.54
911.22	1225.61
911.40	1216.47
911.57	1220.81
911.75	1212.64
911.92	1225.03
912.09	1210.70
912.27	1217.50
912.44	1210.10
912.62	1221.59
912.79	1218.38
912.96	1224.23
913.14	1215.43
913.31	1224.77
913.49	1219.67
913.66	1222.60
913.83	1207.73
914.01	1219.54
914.18	1216.88
914.36	1224.66
914.53	1210.21
914.70	1216.72
914.88	1217.95
915.05	1225.89
915.22	1207.61
915.40	1219.52
915.57	1218.73
915.75	1219.81
915.92	1212.25
916.09	1219.22
916.27	1219.09
916.44	1217.56
916.61	1216.02
916.79	1225.87
916.96	1217.60
917.13	1218.58
917.31	1215.57
917.48	1228.52
917.66	1216.08
917.83	1222.74
918.00	1214.10
918.18	1220.30
918.35	1217.01
918.52	1219.18
918.70	1215.90
918.87	1227.04
919.04	1211.99
919.22	1220.16
919.39	1213.32
919.56	1230.60
919.74	1218.11
919.91	1227.02
920.08	1219.30
920.26	1223.56
920.43	1212.79
920.60	1226.47
920.78	1210.35
920.95	1222.27
921.12	1216.92
921.29	1215.22
921.47	1215.80
921.64	1218.75
921.81	1213.54
921.99	1219.63
922.16	1217.31
922.33	1218.68
922.51	1215.26
922.68	1217.80
922.85	1220.43
923.03	1218.56
923.20	1211.82
923.37	1225.26
923.54	1215.59
923.72	1224.91
923.89	1215.53
924.06	1219.38
924.24	1216.53
924.41	1227.12
924.58	1211.74
924.75	1216.53
924.93	1217.23
925.10	1222.29
925.27	1215.14
925.44	1221.22
925.62	1214.98
925.79	1214.51
925.96	1214.22
926.14	1221.84
926.31	1212.30
926.48	1221.96
926.65	1213.11
926.83	1215.39
927.00	1216.12
927.17	1222.27
927.34	1211.68
927.52	1224.66
927.69	1213.24
927.86	1224.34
928.03	1215.86
928.21	1223.93
928.38	1215.57
928.55	1225.87
928.72	1216.53
928.89	1226.92
929.07	1215.67
929.24	1217.31
929.41	1219.48
929.58	1222.00
929.76	1209.26
929.93	1217.46
930.10	1214.10
930.27	1219.14
930.44	1215.29
930.62	1219.09
930.79	1208.98
930.96	1228.23
931.13	1212.75
931.31	1223.87
931.48	1218.17
931.65	1217.64
931.82	1210.12
931.99	1215.76
932.17	1211.41
932.34	1219.44
932.51	1214.92
932.68	1225.71
932.85	1218.97
933.03	1222.13
933.20	1215.20
933.37	1223.33
933.54	1211.60
933.71	1221.14
933.88	1210.43
934.06	1219.85
934.23	1209.06
934.40	1223.03
934.57	1211.07
934.74	1224.83
934.91	1205.52
935.09	1219.48
935.26	1211.48
935.43	1221.43
935.60	1215.96
935.77	1223.83
935.94	1213.75
936.12	1229.52
936.29	1209.94
936.46	1212.13
936.63	1207.71
936.80	1220.47
936.97	1218.42
937.14	1221.41
937.32	1213.95
937.49	1219.09
937.66	1219.77
937.83	1219.18
938.00	1219.89
938.17	1226.12
938.34	1211.21
938.52	1219.79
938.69	1213.69
938.86	1218.34
939.03	1213.73
939.20	1215.41
939.37	1211.39
939.54	1220.71
939.71	1213.93
939.89	1224.60
940.06	1213.11
940.23	1226.34
940.40	1211.43
940.57	1224.52
940.74	1218.93
940.91	1217.15
941.08	1218.09
941.25	1218.19
941.43	1227.90
941.60	1219.77
941.77	1218.95
941.94	1221.31
942.11	1216.29
942.28	1222.13
942.45	1212.87
942.62	1223.91
942.79	1215.82
942.96	1220.67
943.13	1214.32
943.30	1217.39
943.48	1214.90
943.65	1223.66
943.82	1217.76
943.99	1219.91
944.16	1224.28
944.33	1215.43
944.50	1205.88
944.67	1230.52
944.84	1216.15
945.01	1223.17
945.18	1214.57
945.35	1222.13
945.52	1220.98
945.69	1225.09
945.86	1224.73
946.03	1225.77
946.21	1219.44
946.38	1223.42
946.55	1219.09
946.72	1224.54
946.89	1216.41
947.06	1219.54
947.23	1211.41
947.40	1218.66
947.57	1211.43
947.74	1223.78
947.91	1215.94
948.08	1231.61
948.25	1215.86
948.42	1212.64
948.59	1218.58
948.76	1221.16
948.93	1213.93
949.10	1219.42
949.27	1214.59
949.44	1219.69
949.61	1214.16
949.78	1220.16
949.95	1214.69
950.12	1222.45
950.29	1213.42
950.46	1225.81
950.63	1215.47
950.80	1220.32
950.97	1208.12
951.14	1224.73
951.31	1219.46
951.48	1216.51
951.65	1215.76
951.82	1219.38
951.99	1218.25
952.16	1223.35
952.33	1214.47
952.50	1219.71
952.67	1217.54
952.84	1217.31
953.01	1218.48
953.18	1221.51
953.35	1221.72
953.52	1222.15
953.69	1216.31
953.86	1222.94
954.03	1213.48
954.20	1227.37
954.37	1220.22
954.54	1216.06
954.70	1220.96
954.87	1219.09
955.04	1212.52
955.21	1220.79
955.38	1213.40
955.55	1218.81
955.72	1223.80
955.89	1219.22
956.06	1216.86
956.23	1215.08
956.40	1203.57
956.57	1220.38
956.74	1217.95
956.91	1224.91
957.08	1215.24
957.25	1225.61
957.41	1208.53
957.58	1226.84
957.75	1210.47
957.92	1217.44
958.09	1216.62
958.26	1221.20
958.43	1216.19
958.60	1218.38
958.77	1219.28
958.94	1218.66
959.11	1217.25
959.27	1231.77
959.44	1218.97
959.61	1224.69
959.78	1211.05
959.95	1216.49
960.12	1213.46
960.29	1225.38
960.46	1210.80
960.63	1218.64
960.80	1215.18
960.96	1222.15
961.13	1214.26
961.30	1224.42
961.47	1211.03
961.64	1224.54
961.81	1214.69
961.98	1224.89
962.15	1211.60
962.31	1220.55
962.48	1211.39
962.65	1217.50
962.82	1219.24
962.99	1219.97
963.16	1211.03
963.33	1218.44
963.49	1216.10
963.66	1219.38
963.83	1218.13
964.00	1217.99
964.17	1216.10
964.34	1221.59
964.51	1205.76
964.67	1219.07
964.84	1221.51
965.01	1227.80
965.18	1216.51
965.35	1218.73
965.52	1217.17
965.68	1223.50
965.85	1211.66
966.02	1217.13
966.19	1212.15
966.36	1221.33
966.52	1216.10
966.69	1224.75
966.86	1211.87
967.03	1223.50
967.20	1218.07
967.37	1227.51
967.53	1222.86
967.70	1216.29
967.87	1211.78
968.04	1222.21
968.21	1210.64
968.37	1223.76
968.54	1212.36
968.71	1228.56
968.88	1217.09
969.05	1220.90
969.21	1209.94
969.38	1223.05
969.55	1210.72
969.72	1227.22
969.89	1217.78
970.05	1219.50
970.22	1204.31
970.39	1219.34
970.56	1216.92
970.72	1220.71
970.89	1217.11
971.06	1224.30
971.23	1212.01
971.39	1221.08
971.56	1219.73
971.73	1214.28
971.90	1214.53
972.07	1219.83
972.23	1208.44
972.40	1216.41
972.57	1215.51
972.74	1224.81
972.90	1221.12
973.07	1218.30
973.24	1212.05
973.40	1215.96
973.57	1217.97
973.74	1217.89
973.91	1212.03
974.07	1225.57
974.24	1210.02
974.41	1221.49
974.58	1216.90
974.74	1223.31
974.91	1213.16
975.08	1217.72
975.25	1219.69
975.41	1219.65
975.58	1214.14
975.75	1224.38
975.91	1215.45
976.08	1217.56
976.25	1208.61
976.42	1221.47
976.58	1219.16
976.75	1224.87
976.92	1215.24
977.08	1223.31
977.25	1207.97
977.42	1221.22
977.58	1213.95
977.75	1222.72
977.92	1213.20
978.08	1224.52
978.25	1220.36
978.42	1217.46
978.59	1213.32
978.75	1215.08
978.92	1220.55
979.09	1224.46
979.25	1213.99
979.42	1219.95
979.59	1219.22
979.75	1219.32
979.92	1212.97
980.09	1221.70
980.25	1212.83
980.42	1214.28
980.59	1208.51
980.75	1223.01
980.92	1216.78
981.09	1222.39
981.25	1214.38
981.42	1218.58
981.59	1218.66
981.75	1218.21
981.92	1213.56
982.08	1218.38
982.25	1216.08
982.42	1223.37
982.58	1213.32
982.75	1209.02
982.92	1214.16
983.08	1215.65
983.25	1214.73
983.42	1211.23
983.58	1213.85
983.75	1221.31
983.91	1213.75
984.08	1216.21
984.25	1217.19
984.41	1221.41
984.58	1218.99
984.74	1225.34
984.91	1211.66
985.08	1221.27
985.24	1218.83
985.41	1215.55
985.57	1218.09
985.74	1224.58
985.91	1218.19
986.07	1222.25
986.24	1213.40
986.40	1223.52
986.57	1212.79
986.74	1217.87
986.90	1218.34
987.07	1219.34
987.23	1207.97
987.40	1220.22
987.57	1212.83
987.73	1220.16
987.90	1215.16
988.06	1221.82
988.23	1219.81
988.39	1219.61
988.56	1214.24
988.73	1222.47
988.89	1211.68
989.06	1216.31
989.22	1221.31
989.39	1222.04
989.55	1212.13
989.72	1220.67
989.88	1214.38
990.05	1218.28
990.22	1215.16
990.38	1223.66
990.55	1215.18
990.71	1223.70
990.88	1223.70
991.04	1219.20
991.21	1216.02
991.37	1221.04
991.54	1219.22
991.70	1224.87
991.87	1219.18
992.03	1227.47
992.20	1215.51
992.36	1217.07
992.53	1216.27
992.69	1221.18
992.86	1217.76
993.03	1218.85
993.19	1218.07
993.36	1226.30
993.52	1210.29
993.69	1226.00
993.85	1209.71
994.02	1208.85
994.18	1216.55
994.35	1226.43
994.51	1217.89
994.68	1212.19
994.84	1218.66
995.01	1219.22
995.17	1214.40
995.34	1220.00
995.50	1215.24
995.66	1217.97
995.83	1214.98
995.99	1215.31
996.16	1213.11
996.32	1218.23
996.49	1213.93
996.65	1216.12
996.82	1205.82
996.98	1227.10
997.15	1211.09
997.31	1225.18
997.48	1211.89
997.64	1223.27
997.81	1223.62
997.97	1216.82
998.13	1220.20
998.30	1226.10
998.46	1212.11
998.63	1217.50
998.79	1217.27
998.96	1220.84
999.12	1211.41
999.29	1223.64
999.45	1221.14
999.61	1219.11
999.78	1213.26
999.94	1220.34
1000.11	1216.98
1000.27	1219.48
1000.44	1212.73
1000.60	1225.93
1000.76	1214.06
1000.93	1227.57
1001.09	1217.15
1001.26	1217.48
1001.42	1209.94
1001.59	1223.97
1001.75	1215.55
1001.91	1217.05
1002.08	1214.45
1002.24	1224.75
1002.41	1214.22
1002.57	1221.27
1002.73	1212.30
1002.90	1220.26
1003.06	1217.44
1003.23	1214.42
1003.39	1218.01
1003.55	1228.11
1003.72	1219.71
1003.88	1216.64
1004.04	1217.89
1004.21	1227.90
1004.37	1214.71
1004.54	1224.62
1004.70	1212.15
1004.86	1230.11
1005.03	1208.01
1005.19	1221.78
1005.35	1216.51
1005.52	1224.15
1005.68	1214.38
1005.85	1221.88
1006.01	1209.86
1006.17	1221.86
1006.34	1215.98
1006.50	1231.79
1006.66	1212.13
1006.83	1225.83
1006.99	1212.83
1007.15	1219.95
1007.32	1216.25
1007.48	1220.94
1007.64	1212.15
1007.81	1215.67
1007.97	1213.91
1008.13	1225.01
1008.30	1214.04
1008.46	1223.15
1008.62	1217.97
1008.79	1220.14
1008.95	1216.86
1009.11	1218.91
1009.28	1213.18
1009.44	1224.46
1009.60	1213.32
1009.77	1223.52
1009.93	1214.12
1010.09	1222.94
1010.25	1222.27
1010.42	1216.06
1010.58	1215.49
1010.74	1216.15
1010.91	1213.54
1011.07	1223.95
1011.23	1217.74
1011.40	1222.58
1011.56	1218.95
1011.72	1223.19
1011.88	1219.05
1012.05	1223.93
1012.21	1215.53
1012.37	1216.78
1012.54	1218.89
1012.70	1217.95
1012.86	1218.58
1013.02	1219.81
1013.19	1219.01
1013.35	1219.67
1013.51	1218.38
1013.67	1219.87
1013.84	1214.22
1014.00	1221.88
1014.16	1215.00
1014.33	1222.72
1014.49	1219.89
1014.65	1224.21
1014.81	1209.20
1014.98	1221.74
1015.14	1213.81
1015.30	1216.82
1015.46	1213.20
1015.62	1219.07
1015.79	1218.87
1015.95	1228.76
1016.11	1206.13
1016.27	1219.18
1016.44	1217.23
1016.60	1219.24
1016.76	1213.99
1016.92	1224.60
1017.09	1215.86
1017.25	1219.36
1017.41	1215.53
1017.57	1222.47
1017.73	1210.55
1017.90	1218.99
1018.06	1211.15
1018.22	1215.29
1018.38	1212.01
1018.54	1213.67
1018.71	1214.42
1018.87	1216.08
1019.03	1218.07
1019.19	1222.53
1019.35	1217.13
1019.52	1221.80
1019.68	1216.92
1019.84	1219.67
1020.00	1221.53
1020.16	1219.61
1020.33	1220.86
1020.49	1227.27
1020.65	1210.78
1020.81	1216.12
1020.97	1210.00
1021.13	1220.75
1021.30	1216.25
1021.46	1223.37
1021.62	1215.37
1021.78	1217.09
1021.94	1217.52
1022.10	1214.26
1022.27	1219.65
1022.43	1218.44
1022.59	1214.57
1022.75	1220.12
1022.91	1214.61
1023.07	1218.01
1023.24	1220.49
1023.40	1214.88
1023.56	1212.19
1023.72	1218.44
1023.88	1211.52
1024.04	1220.59
1024.20	1219.67
1024.36	1225.03
1024.53	1214.96
1024.69	1219.05
1024.85	1207.93
1025.01	1215.51
1025.17	1220.75
1025.33	1225.12
1025.49	1212.50
1025.65	1222.08
1025.82	1212.52
1025.98	1218.54
1026.14	1208.94
1026.30	1221.96
1026.46	1215.94
1026.62	1224.87
1026.78	1212.50
1026.94	1222.08
1027.10	1210.17
1027.26	1226.88
1027.43	1215.45
1027.59	1221.94
1027.75	1216.66
1027.91	1221.22
1028.07	1211.89
1028.23	1221.82
1028.39	1211.74
1028.55	1234.25
1028.71	1211.54
1028.87	1224.28
1029.03	1214.28
1029.19	1217.33
1029.36	1215.96
1029.52	1227.76
1029.68	1211.46
1029.84	1215.53
1030.00	1214.36
1030.16	1224.89
1030.32	1227.02
1030.48	1219.77
1030.64	1220.02
1030.80	1223.07
1030.96	1209.61
1031.12	1217.35
1031.28	1216.47
1031.44	1223.05
1031.60	1213.99
1031.76	1222.49
1031.92	1220.67
1032.08	1233.25
1032.24	1211.21
1032.40	1223.50
1032.56	1218.46
1032.73	1226.24
1032.89	1220.10
1033.05	1220.55
1033.21	1211.84
1033.37	1220.16
1033.53	1217.13
1033.69	1221.20
1033.85	1216.62
1034.01	1224.66
1034.17	1219.71
1034.33	1227.84
1034.49	1215.92
1034.65	1223.44
1034.81	1215.26
1034.97	1222.86
1035.13	1216.21
1035.29	1220.53
1035.45	1210.62
1035.61	1224.09
1035.77	1214.06
1035.93	1217.46
1036.09	1212.38
1036.25	1219.24
1036.41	1212.30
1036.57	1216.82
1036.73	1211.39
1036.88	1224.30
1037.04	1219.71
