345.52	1210.70
345.73	1210.70
345.94	1210.70
346.16	1197.59
346.37	1205.97
346.58	1207.28
346.79	1211.48
347.00	1203.90
347.22	1215.69
347.43	1207.13
347.64	1207.63
347.85	1207.46
348.06	1214.57
348.28	1210.45
348.49	1219.61
348.70	1212.50
348.91	1211.87
349.12	1206.17
349.34	1216.96
349.55	1210.76
349.76	1215.49
349.97	1208.08
350.18	1216.47
350.40	1208.44
350.61	1212.68
350.82	1213.24
351.03	1219.89
351.24	1209.65
351.46	1219.03
351.67	1204.64
351.88	1212.85
352.09	1207.22
352.30	1215.51
352.51	1209.43
352.73	1217.85
352.94	1210.70
353.15	1214.79
353.36	1211.48
353.57	1217.13
353.79	1210.96
354.00	1216.45
354.21	1211.74
354.42	1218.11
354.63	1211.72
354.84	1210.10
355.06	1207.28
355.27	1222.68
355.48	1210.51
355.69	1218.11
355.90	1206.48
356.11	1222.41
356.33	1206.46
356.54	1218.75
356.75	1213.46
356.96	1219.69
357.17	1209.33
357.38	1216.82
357.60	1210.55
357.81	1219.05
358.02	1208.77
358.23	1213.48
358.44	1210.76
358.65	1215.78
358.87	1217.15
359.08	1214.57
359.29	1209.12
359.50	1211.78
359.71	1210.19
359.92	1223.19
360.13	1214.24
360.35	1214.83
360.56	1214.86
360.77	1219.01
360.98	1212.79
361.19	1221.39
361.40	1212.48
361.62	1215.47
361.83	1206.66
362.04	1210.19
362.25	1212.73
362.46	1220.88
362.67	1209.92
362.88	1213.61
363.10	1211.72
363.31	1220.81
363.52	1216.96
363.73	1219.30
363.94	1215.74
364.15	1219.05
364.36	1209.71
364.57	1218.99
364.79	1210.70
365.00	1217.99
365.21	1209.02
365.42	1218.19
365.63	1208.83
365.84	1217.89
366.05	1208.90
366.27	1220.04
366.48	1214.49
366.69	1219.16
366.90	1203.73
367.11	1214.30
367.32	1216.29
367.53	1215.72
367.74	1212.77
367.95	1218.99
368.17	1213.30
368.38	1218.99
368.59	1214.36
368.80	1212.50
369.01	1210.49
369.22	1213.75
369.43	1205.17
369.64	1213.48
369.86	1217.17
370.07	1216.72
370.28	1209.74
370.49	1216.04
370.70	1210.76
370.91	1222.00
371.12	1211.19
371.33	1217.44
371.54	1216.21
371.76	1218.81
371.97	1216.27
372.18	1213.97
372.39	1211.09
372.60	1210.60
372.81	1212.17
373.02	1219.57
373.23	1207.93
373.44	1219.81
373.65	1203.55
373.87	1217.87
374.08	1213.07
374.29	1219.65
374.50	1209.20
374.71	1218.07
374.92	1213.73
375.13	1213.54
375.34	1209.90
375.55	1225.44
375.76	1217.66
375.97	1225.48
376.19	1210.49
376.40	1225.01
376.61	1208.18
376.82	1220.59
377.03	1215.84
377.24	1215.10
377.45	1216.25
377.66	1217.42
377.87	1220.79
378.08	1221.74
378.29	1213.81
378.50	1217.09
378.71	1209.35
378.93	1216.33
379.14	1211.68
379.35	1222.88
379.56	1205.76
379.77	1217.66
379.98	1208.14
380.19	1220.14
380.40	1203.88
380.61	1216.84
380.82	1216.70
381.03	1219.22
381.24	1210.12
381.45	1216.25
381.66	1206.03
381.88	1222.72
382.09	1213.11
382.30	1218.91
382.51	1209.67
382.72	1215.55
382.93	1210.27
383.14	1220.81
383.35	1214.88
383.56	1218.46
383.77	1211.46
383.98	1225.91
384.19	1208.08
384.40	1214.42
384.61	1208.73
384.82	1211.97
385.03	1211.97
385.24	1215.39
385.45	1208.22
385.67	1216.15
385.88	1210.10
386.09	1226.63
386.30	1202.94
386.51	1217.64
386.72	1205.48
386.93	1215.22
387.14	1208.79
387.35	1217.23
387.56	1222.60
387.77	1214.49
387.98	1211.31
388.19	1209.35
388.40	1211.33
388.61	1225.44
388.82	1213.34
389.03	1219.03
389.24	1215.16
389.45	1219.61
389.66	1208.28
389.87	1210.45
390.08	1212.23
390.29	1219.18
390.50	1216.41
390.71	1216.23
390.92	1214.83
391.13	1219.42
391.34	1210.08
391.55	1226.69
391.76	1208.59
391.98	1212.89
392.19	1217.89
392.40	1219.28
392.61	1211.60
392.82	1224.91
393.03	1219.05
393.24	1218.23
393.45	1211.60
393.66	1220.61
393.87	1212.03
394.08	1216.78
394.29	1213.56
394.50	1221.72
394.71	1213.44
394.92	1216.66
395.13	1214.47
395.34	1220.06
395.55	1216.02
395.76	1221.59
395.97	1218.11
396.18	1220.61
396.39	1214.79
396.60	1223.78
396.81	1217.21
397.02	1220.06
397.23	1216.51
397.44	1218.09
397.65	1212.54
397.86	1215.41
398.07	1215.41
398.28	1211.70
398.49	1213.87
398.70	1213.16
398.91	1212.32
399.12	1216.41
399.33	1210.66
399.54	1219.11
399.75	1218.66
399.96	1222.27
400.17	1214.18
400.38	1220.90
400.59	1210.94
400.80	1216.96
401.01	1214.55
401.22	1218.25
401.42	1213.75
401.63	1215.59
401.84	1213.28
402.05	1209.59
402.26	1217.74
402.47	1222.80
402.68	1215.49
402.89	1217.09
403.10	1211.17
403.31	1216.53
403.52	1217.72
403.73	1222.13
403.94	1219.34
404.15	1218.64
404.36	1211.60
404.57	1222.51
404.78	1211.52
404.99	1216.37
405.20	1209.43
405.41	1226.24
405.62	1217.33
405.83	1218.38
406.04	1214.53
406.25	1219.09
406.46	1211.62
406.67	1223.25
406.88	1208.87
407.09	1217.80
407.30	1219.85
407.50	1221.78
407.71	1217.19
407.92	1219.07
408.13	1215.00
408.34	1214.14
408.55	1212.34
408.76	1219.22
408.97	1216.58
409.18	1218.95
409.39	1213.18
409.60	1223.87
409.81	1214.12
410.02	1221.04
410.23	1205.95
410.44	1222.68
410.65	1211.05
410.86	1219.30
411.07	1212.81
411.27	1218.21
411.48	1210.86
411.69	1223.19
411.90	1215.69
412.11	1212.62
412.32	1212.38
412.53	1221.65
412.74	1212.03
412.95	1222.94
413.16	1211.48
413.37	1222.90
413.58	1217.21
413.79	1218.99
414.00	1214.51
414.20	1221.41
414.41	1209.63
414.62	1214.71
414.83	1217.64
415.04	1219.40
415.25	1214.24
415.46	1224.13
415.67	1215.53
415.88	1219.65
416.09	1208.47
416.30	1223.01
416.51	1215.37
416.71	1218.95
416.92	1212.73
417.13	1224.66
417.34	1214.57
417.55	1216.66
417.76	1209.45
417.97	1227.51
418.18	1213.36
418.39	1212.64
418.60	1217.35
418.81	1223.13
419.01	1211.89
419.22	1224.83
419.43	1209.20
419.64	1223.87
419.85	1211.11
420.06	1213.40
420.27	1216.60
420.48	1222.99
420.69	1212.38
420.90	1219.79
421.10	1212.01
421.31	1227.20
421.52	1208.40
421.73	1215.69
421.94	1209.12
422.15	1220.59
422.36	1213.28
422.57	1220.45
422.78	1214.92
422.98	1216.25
423.19	1211.84
423.40	1228.21
423.61	1216.41
423.82	1222.10
424.03	1211.52
424.24	1215.78
424.45	1209.94
424.65	1219.89
424.86	1214.47
425.07	1211.31
425.28	1211.35
425.49	1217.82
425.70	1206.75
425.91	1220.43
426.12	1215.94
426.32	1220.90
426.53	1214.26
426.74	1221.78
426.95	1208.26
427.16	1218.77
427.37	1212.46
427.58	1213.75
427.78	1209.39
427.99	1222.86
428.20	1210.37
428.41	1218.85
428.62	1207.20
428.83	1215.18
429.04	1213.24
429.24	1225.24
429.45	1211.05
429.66	1215.96
429.87	1216.27
430.08	1221.55
430.29	1203.80
430.50	1219.89
430.70	1209.53
430.91	1211.37
431.12	1213.18
431.33	1217.33
431.54	1212.21
431.75	1220.30
431.96	1217.15
432.16	1218.81
432.37	1216.74
432.58	1215.31
432.79	1213.26
433.00	1214.16
433.21	1212.95
433.41	1221.86
433.62	1210.12
433.83	1216.86
434.04	1212.11
434.25	1221.37
434.46	1210.04
434.66	1219.89
434.87	1220.43
435.08	1223.27
435.29	1218.21
435.50	1222.41
435.71	1216.94
435.91	1215.04
436.12	1215.06
436.33	1219.07
436.54	1214.04
436.75	1217.09
436.95	1218.73
437.16	1212.42
437.37	1219.48
437.58	1218.91
437.79	1211.64
438.00	1224.09
438.20	1214.10
438.41	1217.62
438.62	1209.55
438.83	1219.11
439.04	1214.86
439.24	1220.06
439.45	1218.83
439.66	1219.42
439.87	1208.65
440.08	1211.68
440.28	1209.84
440.49	1217.70
440.70	1213.67
440.91	1224.15
441.12	1212.56
441.32	1219.59
441.53	1213.40
441.74	1215.88
441.95	1218.38
442.16	1220.55
442.36	1214.04
442.57	1218.66
442.78	1208.57
442.99	1220.73
443.20	1214.96
443.40	1222.08
443.61	1211.89
443.82	1219.09
444.03	1218.15
444.24	1214.51
444.44	1208.38
444.65	1220.41
444.86	1209.98
445.07	1219.38
445.27	1216.06
445.48	1217.39
445.69	1218.07
445.90	1220.77
446.11	1211.46
446.31	1216.23
446.52	1216.76
446.73	1220.88
446.94	1206.05
447.14	1220.98
447.35	1222.88
447.56	1224.34
447.77	1207.24
447.97	1223.27
448.18	1217.35
448.39	1218.56
448.60	1214.79
448.81	1215.37
449.01	1207.01
449.22	1220.10
449.43	1220.32
449.64	1219.69
449.84	1208.42
450.05	1226.84
450.26	1215.67
450.47	1218.99
450.67	1213.28
450.88	1218.83
451.09	1213.42
451.30	1220.86
451.50	1212.66
451.71	1218.19
451.92	1209.33
452.13	1221.14
452.33	1213.05
452.54	1219.46
452.75	1210.66
452.96	1225.42
453.16	1212.03
453.37	1215.41
453.58	1212.81
453.79	1224.81
453.99	1215.10
454.20	1212.99
454.41	1214.30
454.61	1223.19
454.82	1216.33
455.03	1216.15
455.24	1216.27
455.44	1215.92
455.65	1206.58
455.86	1225.81
456.07	1212.03
456.27	1223.42
456.48	1207.58
456.69	1215.63
456.90	1214.36
457.10	1221.16
457.31	1219.20
457.52	1218.77
457.72	1213.20
457.93	1218.97
458.14	1214.36
458.35	1218.34
458.55	1213.73
458.76	1217.11
458.97	1213.89
459.17	1217.74
459.38	1214.42
459.59	1220.34
459.80	1214.45
460.00	1214.20
460.21	1217.25
460.42	1217.31
460.62	1206.97
460.83	1218.54
461.04	1212.97
461.25	1218.54
461.45	1212.03
461.66	1220.16
461.87	1209.71
462.07	1228.66
462.28	1211.11
462.49	1213.18
462.69	1217.17
462.90	1220.49
463.11	1210.47
463.31	1222.53
463.52	1222.21
463.73	1222.70
463.94	1211.68
464.14	1216.37
464.35	1208.38
464.56	1215.49
464.76	1217.29
464.97	1222.10
465.18	1213.09
465.38	1212.62
465.59	1211.19
465.80	1224.42
466.00	1211.41
466.21	1222.29
466.42	1211.07
466.62	1224.03
466.83	1203.53
467.04	1220.00
467.24	1213.05
467.45	1217.64
467.66	1203.82
467.86	1222.45
468.07	1213.83
468.28	1217.58
468.48	1213.95
468.69	1212.46
468.90	1210.80
469.10	1216.58
469.31	1215.35
469.52	1214.98
469.72	1208.59
469.93	1218.30
470.14	1209.06
470.34	1220.59
470.55	1214.04
470.76	1218.99
470.96	1216.19
471.17	1217.87
471.38	1210.78
471.58	1220.94
471.79	1215.37
472.00	1217.76
472.20	1210.08
472.41	1222.23
472.62	1209.86
472.82	1222.90
473.03	1214.34
473.24	1220.32
473.44	1212.66
473.65	1221.00
473.85	1216.64
474.06	1214.47
474.27	1212.83
474.47	1215.41
474.68	1214.47
474.89	1221.31
475.09	1218.13
475.30	1216.23
475.51	1212.01
475.71	1226.08
475.92	1212.15
476.12	1216.68
476.33	1208.87
476.54	1229.83
476.74	1214.90
476.95	1219.77
477.16	1210.23
477.36	1225.73
477.57	1217.52
477.77	1217.76
477.98	1210.39
478.19	1218.21
478.39	1205.45
478.60	1223.56
478.81	1208.26
479.01	1216.37
479.22	1216.60
479.42	1220.75
479.63	1219.11
479.84	1222.70
480.04	1201.99
480.25	1218.11
480.45	1207.01
480.66	1221.55
480.87	1208.67
481.07	1216.12
481.28	1216.35
481.48	1219.38
481.69	1213.54
481.90	1211.66
482.10	1211.31
482.31	1217.85
482.51	1217.07
482.72	1225.16
482.93	1215.72
483.13	1220.90
483.34	1216.94
483.54	1214.42
483.75	1216.37
483.96	1219.67
484.16	1218.19
484.37	1212.36
484.57	1207.93
484.78	1214.49
484.99	1218.30
485.19	1219.38
485.40	1213.11
485.60	1216.55
485.81	1216.55
486.01	1220.65
486.22	1221.16
486.43	1218.40
486.63	1210.00
486.84	1215.49
487.04	1209.41
487.25	1217.70
487.46	1212.13
487.66	1217.13
487.87	1209.96
488.07	1220.06
488.28	1210.57
488.48	1217.29
488.69	1215.29
488.89	1219.30
489.10	1217.19
489.31	1226.02
489.51	1211.39
489.72	1223.09
489.92	1215.02
490.13	1218.79
490.33	1210.68
490.54	1224.62
490.75	1216.33
490.95	1220.90
491.16	1213.54
491.36	1211.80
491.57	1219.71
491.77	1214.45
491.98	1207.71
492.18	1221.37
492.39	1214.24
492.59	1219.42
492.80	1217.35
493.01	1213.67
493.21	1215.80
493.42	1216.53
493.62	1218.89
493.83	1215.53
494.03	1206.91
494.24	1223.74
494.44	1219.52
494.65	1220.38
494.85	1215.72
495.06	1213.32
495.26	1211.52
495.47	1221.63
495.68	1217.33
495.88	1216.06
496.09	1207.32
496.29	1214.22
496.50	1209.53
496.70	1213.36
496.91	1214.61
497.11	1222.64
497.32	1213.95
497.52	1224.50
497.73	1215.84
497.93	1217.42
498.14	1215.33
498.34	1218.54
498.55	1210.76
498.75	1213.30
498.96	1216.06
499.16	1215.43
499.37	1219.28
499.57	1221.65
499.78	1215.45
499.98	1218.89
500.19	1219.89
500.39	1219.28
500.60	1213.56
500.80	1221.51
501.01	1204.57
501.21	1219.59
501.42	1212.64
501.62	1218.50
501.83	1211.33
502.03	1217.21
502.24	1218.07
502.44	1216.00
502.65	1221.55
502.85	1218.95
503.06	1215.92
503.26	1227.74
503.47	1212.58
503.67	1213.07
503.88	1213.03
504.08	1216.55
504.29	1218.73
504.49	1217.05
504.70	1212.34
504.90	1215.39
505.11	1213.16
505.31	1217.91
505.52	1208.73
505.72	1220.43
505.93	1210.10
506.13	1221.10
506.34	1208.69
506.54	1214.30
506.75	1210.17
506.95	1215.39
507.16	1219.93
507.36	1215.90
507.56	1211.05
507.77	1213.42
507.97	1215.45
508.18	1215.86
508.38	1209.61
508.59	1214.59
508.79	1213.73
509.00	1223.99
509.20	1211.13
509.41	1217.87
509.61	1211.13
509.82	1219.26
510.02	1211.35
510.22	1220.04
510.43	1215.00
510.63	1208.44
510.84	1211.99
511.04	1219.52
511.25	1209.43
511.45	1215.76
511.66	1212.89
511.86	1220.43
512.06	1216.06
512.27	1220.61
512.47	1219.30
512.68	1225.85
512.88	1212.81
513.09	1225.98
513.29	1218.83
513.50	1217.56
513.70	1215.16
513.90	1220.59
514.11	1213.61
514.31	1217.52
514.52	1216.51
514.72	1214.69
514.93	1214.92
515.13	1213.42
515.33	1211.84
515.54	1215.67
515.74	1214.81
515.95	1219.50
516.15	1211.93
516.36	1217.80
516.56	1208.83
516.76	1222.66
516.97	1216.45
517.17	1220.77
517.38	1214.42
517.58	1220.24
517.78	1212.70
517.99	1223.03
518.19	1219.75
518.40	1221.27
518.60	1218.66
518.81	1218.15
519.01	1216.45
519.21	1216.90
519.42	1218.17
519.62	1221.08
519.83	1207.18
520.03	1225.67
520.23	1214.71
520.44	1211.82
520.64	1213.73
520.85	1220.81
521.05	1207.71
521.25	1221.76
521.46	1206.64
521.66	1214.98
521.86	1217.76
522.07	1221.02
522.27	1213.54
522.48	1223.01
522.68	1217.15
522.88	1214.96
523.09	1213.73
523.29	1222.31
523.50	1205.82
523.70	1223.62
523.90	1211.33
524.11	1208.92
524.31	1213.81
524.51	1217.09
524.72	1209.74
524.92	1214.75
525.13	1216.49
525.33	1219.09
525.53	1217.68
525.74	1208.77
525.94	1210.02
526.14	1215.31
526.35	1211.50
526.55	1217.48
526.76	1207.42
526.96	1215.98
527.16	1217.23
527.37	1223.72
527.57	1210.19
527.77	1209.88
527.98	1214.02
528.18	1229.05
528.38	1219.57
528.59	1217.01
528.79	1213.54
528.99	1214.94
529.20	1213.56
529.40	1224.91
529.61	1212.19
529.81	1220.04
530.01	1215.33
530.22	1218.48
530.42	1207.30
530.62	1219.26
530.83	1215.76
531.03	1221.74
531.23	1210.04
531.44	1213.26
531.64	1214.90
531.84	1218.89
532.05	1210.80
532.25	1221.86
532.45	1211.97
532.66	1219.30
532.86	1216.19
533.06	1224.73
533.27	1219.59
533.47	1218.60
533.67	1215.80
533.88	1223.52
534.08	1212.01
534.28	1223.80
534.49	1219.77
534.69	1216.12
534.89	1212.32
535.09	1221.18
535.30	1210.57
535.50	1216.10
535.70	1214.83
535.91	1221.76
536.11	1210.04
536.31	1218.17
536.52	1212.58
536.72	1218.11
536.92	1209.94
537.13	1223.29
537.33	1219.71
537.53	1215.45
537.74	1215.39
537.94	1212.15
538.14	1212.56
538.34	1219.93
538.55	1216.23
538.75	1222.90
538.95	1207.18
539.16	1225.12
539.36	1214.34
539.56	1220.98
539.77	1209.76
539.97	1218.85
540.17	1207.73
540.37	1221.20
540.58	1214.42
540.78	1220.34
540.98	1215.12
541.19	1212.79
541.39	1212.30
541.59	1224.62
541.79	1210.08
542.00	1217.37
542.20	1214.96
542.40	1216.31
542.60	1208.77
542.81	1219.16
543.01	1213.48
543.21	1219.38
543.42	1213.59
543.62	1220.96
543.82	1220.77
544.02	1220.02
544.23	1215.47
544.43	1216.23
544.63	1213.38
544.83	1215.90
545.04	1211.09
545.24	1219.40
545.44	1206.95
545.64	1220.73
545.85	1214.86
546.05	1223.17
546.25	1216.47
546.45	1217.11
546.66	1215.18
546.86	1216.37
547.06	1211.80
547.27	1211.15
547.47	1207.46
547.67	1211.23
547.87	1212.38
548.07	1217.52
548.28	1205.09
548.48	1218.99
548.68	1210.39
548.88	1219.77
549.09	1208.26
549.29	1215.55
549.49	1207.71
549.69	1219.57
549.90	1207.75
550.10	1225.09
550.30	1217.54
550.50	1222.35
550.71	1213.89
550.91	1216.06
551.11	1211.62
551.31	1222.17
551.51	1208.92
551.72	1218.52
551.92	1209.53
552.12	1217.87
552.32	1211.19
552.53	1220.84
552.73	1211.35
552.93	1216.78
553.13	1208.90
553.33	1224.30
553.54	1214.61
553.74	1222.15
553.94	1210.98
554.14	1217.99
554.35	1206.03
554.55	1216.06
554.75	1217.35
554.95	1220.57
555.15	1216.17
555.36	1221.96
555.56	1206.23
555.76	1216.94
555.96	1217.15
556.16	1216.66
556.37	1213.79
556.57	1216.43
556.77	1209.69
556.97	1217.48
557.17	1209.98
557.38	1219.81
557.58	1213.95
557.78	1217.44
557.98	1206.52
558.18	1223.89
558.38	1211.43
558.59	1217.48
558.79	1207.93
558.99	1225.83
559.19	1213.18
559.39	1218.01
559.60	1207.44
559.80	1223.91
560.00	1217.25
560.20	1213.01
560.40	1217.70
560.60	1216.35
560.81	1218.30
561.01	1222.66
561.21	1217.56
561.41	1215.96
561.61	1205.78
561.81	1221.02
562.02	1209.65
562.22	1213.79
562.42	1216.88
562.62	1218.46
562.82	1212.99
563.02	1222.19
563.23	1211.15
563.43	1220.90
563.63	1211.80
563.83	1216.53
564.03	1216.15
564.23	1217.99
564.43	1218.34
564.64	1218.23
564.84	1215.55
565.04	1218.36
565.24	1215.37
565.44	1219.87
565.64	1211.50
565.85	1226.90
566.05	1211.95
566.25	1221.43
566.45	1211.91
566.65	1217.70
566.85	1215.57
567.05	1217.68
567.25	1211.25
567.46	1218.97
567.66	1213.56
567.86	1218.66
568.06	1210.57
568.26	1222.82
568.46	1213.42
568.66	1218.77
568.86	1214.73
569.07	1218.64
569.27	1214.90
569.47	1216.47
569.67	1212.85
569.87	1215.26
570.07	1215.65
570.27	1221.16
570.47	1212.48
570.68	1224.34
570.88	1214.57
571.08	1220.55
571.28	1211.43
571.48	1217.78
571.68	1215.84
571.88	1222.17
572.08	1216.06
572.28	1216.19
572.49	1215.63
572.69	1219.89
572.89	1211.72
573.09	1211.99
573.29	1207.20
573.49	1215.37
573.69	1209.39
573.89	1222.51
574.09	1219.32
574.29	1222.33
574.50	1208.24
574.70	1220.88
574.90	1218.07
575.10	1211.03
575.30	1216.84
575.50	1218.40
575.70	1217.17
575.90	1212.11
576.10	1210.49
576.30	1221.55
576.50	1212.89
576.70	1218.15
576.91	1217.19
577.11	1216.68
577.31	1213.93
577.51	1221.53
577.71	1213.77
577.91	1217.42
578.11	1210.04
578.31	1222.13
578.51	1216.76
578.71	1223.80
578.91	1203.59
579.11	1217.19
579.31	1217.95
579.51	1222.19
579.71	1214.83
579.92	1215.74
580.12	1208.18
580.32	1213.61
580.52	1206.01
580.72	1221.16
580.92	1215.14
581.12	1217.37
581.32	1213.09
581.52	1212.03
581.72	1211.70
581.92	1218.34
582.12	1213.48
582.32	1218.46
582.52	1217.91
582.72	1209.22
582.92	1210.04
583.12	1222.19
583.32	1213.61
583.52	1217.07
583.72	1210.14
583.92	1222.76
584.12	1213.40
584.33	1223.13
584.53	1210.00
584.73	1215.61
584.93	1214.14
585.13	1218.34
585.33	1209.51
585.53	1222.49
585.73	1213.03
585.93	1215.69
586.13	1216.82
586.33	1218.95
586.53	1216.74
586.73	1212.52
586.93	1219.32
587.13	1224.56
587.33	1208.34
587.53	1222.94
587.73	1208.06
587.93	1220.16
588.13	1214.20
588.33	1225.24
588.53	1208.36
588.73	1216.33
588.93	1215.37
589.13	1216.86
589.33	1217.62
589.53	1218.28
589.73	1215.65
589.93	1223.09
590.13	1205.31
590.33	1216.82
590.53	1214.55
590.73	1219.52
590.93	1214.06
591.13	1218.66
591.33	1213.36
591.53	1222.04
591.73	1218.42
591.93	1218.15
592.13	1208.92
592.33	1217.70
592.53	1211.84
592.73	1217.66
592.93	1214.10
593.13	1218.44
593.33	1210.33
593.53	1215.00
593.73	1208.16
593.93	1218.75
594.13	1212.30
594.33	1226.84
594.53	1214.49
594.73	1219.01
594.92	1211.17
595.12	1215.12
595.32	1210.66
595.52	1222.45
595.72	1216.70
595.92	1225.65
596.12	1212.30
596.32	1220.22
596.52	1207.44
596.72	1221.65
596.92	1214.38
597.12	1222.84
597.32	1217.85
597.52	1215.88
597.72	1212.07
597.92	1221.92
598.12	1212.85
598.32	1219.24
598.52	1211.84
598.72	1220.02
598.92	1212.70
599.12	1219.40
599.31	1214.38
599.51	1215.20
599.71	1204.74
599.91	1218.05
600.11	1216.33
600.31	1215.16
600.51	1214.63
600.71	1232.12
600.91	1215.63
601.11	1215.94
601.31	1208.26
601.51	1213.73
601.71	1209.61
601.91	1217.93
602.10	1209.57
602.30	1217.29
602.50	1219.22
602.70	1219.67
602.90	1210.12
603.10	1213.87
603.30	1208.59
603.50	1224.97
603.70	1214.04
603.90	1219.69
604.10	1214.49
604.30	1219.77
604.49	1210.90
604.69	1216.86
604.89	1217.50
605.09	1226.75
605.29	1208.47
605.49	1210.49
605.69	1209.94
605.89	1210.86
606.09	1215.12
606.29	1220.53
606.48	1208.44
606.68	1217.80
606.88	1214.28
607.08	1222.37
607.28	1210.37
607.48	1218.21
607.68	1214.34
607.88	1216.23
608.08	1214.20
608.27	1223.62
608.47	1209.53
608.67	1221.86
608.87	1211.66
609.07	1221.00
609.27	1213.75
609.47	1218.68
609.67	1206.03
609.87	1217.17
610.06	1214.81
610.26	1215.57
610.46	1215.57
610.66	1219.22
610.86	1213.93
611.06	1214.65
611.26	1213.36
611.45	1222.15
611.65	1212.97
611.85	1209.16
612.05	1212.52
612.25	1213.20
612.45	1217.05
612.65	1219.83
612.84	1211.84
613.04	1216.88
613.24	1206.13
613.44	1222.23
613.64	1216.21
613.84	1221.41
614.04	1213.85
614.23	1224.62
614.43	1210.57
614.63	1222.66
614.83	1210.49
615.03	1224.54
615.23	1211.62
615.42	1217.85
615.62	1221.67
615.82	1222.49
616.02	1215.69
616.22	1221.04
616.42	1213.07
616.61	1224.09
616.81	1211.99
617.01	1224.73
617.21	1207.07
617.41	1226.88
617.61	1216.58
617.80	1213.71
618.00	1212.85
618.20	1217.64
618.40	1212.27
618.60	1213.13
618.80	1214.45
618.99	1225.93
619.19	1211.21
619.39	1214.69
619.59	1211.56
619.79	1211.54
619.98	1211.93
620.18	1223.19
620.38	1207.85
620.58	1216.92
620.78	1209.61
620.97	1221.49
621.17	1209.63
621.37	1218.21
621.57	1219.16
621.77	1218.66
621.96	1215.98
622.16	1214.32
622.36	1208.34
622.56	1224.81
622.76	1213.97
622.95	1219.40
623.15	1210.10
623.35	1217.39
623.55	1212.81
623.75	1221.61
623.94	1209.37
624.14	1215.26
624.34	1207.65
624.54	1218.48
624.73	1210.66
624.93	1222.86
625.13	1220.81
625.33	1213.93
625.53	1214.14
625.72	1212.58
625.92	1213.97
626.12	1214.28
626.32	1211.07
626.51	1221.12
626.71	1219.18
626.91	1222.72
627.11	1214.28
627.30	1211.07
627.50	1214.63
627.70	1224.99
627.90	1215.41
628.10	1211.33
628.29	1213.38
628.49	1224.13
628.69	1213.36
628.89	1212.46
629.08	1210.43
629.28	1213.67
629.48	1206.99
629.68	1217.85
629.87	1214.06
630.07	1217.31
630.27	1206.17
630.47	1212.64
630.66	1207.18
630.86	1218.73
631.06	1210.37
631.25	1211.80
631.45	1215.92
631.65	1215.26
631.85	1210.02
632.04	1216.70
632.24	1213.50
632.44	1221.86
632.64	1211.76
632.83	1219.44
633.03	1212.91
633.23	1218.38
633.42	1214.53
633.62	1210.14
633.82	1210.66
634.02	1215.10
634.21	1212.60
634.41	1222.64
634.61	1216.68
634.81	1221.41
635.00	1206.56
635.20	1214.40
635.40	1210.88
635.59	1216.92
635.79	1213.59
635.99	1213.77
636.18	1208.81
636.38	1224.03
636.58	1214.32
636.78	1213.16
636.97	1209.65
637.17	1219.81
637.37	1206.85
637.56	1221.55
637.76	1210.25
637.96	1213.85
638.15	1213.50
638.35	1223.54
638.55	1214.88
638.74	1214.69
638.94	1211.11
639.14	1216.53
639.34	1213.75
639.53	1218.09
639.73	1212.68
639.93	1224.52
640.12	1209.16
640.32	1217.44
640.52	1207.09
640.71	1217.07
640.91	1211.74
641.11	1213.46
641.30	1210.27
641.50	1215.90
641.70	1218.30
641.89	1217.85
642.09	1215.12
642.29	1218.95
642.48	1208.67
642.68	1213.36
642.88	1217.95
643.07	1216.15
643.27	1215.12
643.47	1216.02
643.66	1214.42
643.86	1218.01
644.06	1210.72
644.25	1214.06
644.45	1214.34
644.65	1214.96
644.84	1210.19
645.04	1208.63
645.23	1213.65
645.43	1218.40
645.63	1216.45
645.82	1216.02
646.02	1221.96
646.22	1212.95
646.41	1205.21
646.61	1224.07
646.81	1209.63
647.00	1209.86
647.20	1216.08
647.39	1217.31
647.59	1214.18
647.79	1217.48
647.98	1214.20
648.18	1215.45
648.38	1219.93
648.57	1215.67
648.77	1213.67
648.96	1217.25
649.16	1208.83
649.36	1217.74
649.55	1209.00
649.75	1214.81
649.95	1212.42
650.14	1219.79
650.34	1217.17
650.53	1215.78
650.73	1209.26
650.93	1224.32
651.12	1212.25
651.32	1219.22
651.51	1210.19
651.71	1214.20
651.91	1203.39
652.10	1220.45
652.30	1206.66
652.49	1213.85
652.69	1213.48
652.89	1224.40
653.08	1211.23
653.28	1219.95
653.47	1207.07
653.67	1221.72
653.86	1213.61
654.06	1213.54
654.26	1216.33
654.45	1219.97
654.65	1208.30
654.84	1222.66
655.04	1210.60
655.24	1219.79
655.43	1213.65
655.63	1217.72
655.82	1213.18
656.02	1214.98
656.21	1210.96
656.41	1226.51
656.61	1211.91
656.80	1218.93
657.00	1211.25
657.19	1216.49
657.39	1216.88
657.58	1222.43
657.78	1202.38
657.97	1221.61
658.17	1211.70
658.37	1222.02
658.56	1212.38
658.76	1221.43
658.95	1220.22
659.15	1224.34
659.34	1214.36
659.54	1223.80
659.73	1212.66
659.93	1214.51
660.13	1206.52
660.32	1220.90
660.52	1210.17
660.71	1223.89
660.91	1219.95
661.10	1213.09
661.30	1214.26
661.49	1218.73
661.69	1213.38
661.88	1223.21
662.08	1209.80
662.27	1219.03
662.47	1215.59
662.66	1213.73
662.86	1210.31
663.06	1218.68
663.25	1209.41
663.45	1222.99
663.64	1215.18
663.84	1216.45
664.03	1206.07
664.23	1214.38
664.42	1211.54
664.62	1218.56
664.81	1215.12
665.01	1216.41
665.20	1207.99
665.40	1219.05
665.59	1205.37
665.79	1218.62
665.98	1215.53
666.18	1220.71
666.37	1209.61
666.57	1213.81
666.76	1200.89
666.96	1217.64
667.15	1216.43
667.35	1221.78
667.54	1209.39
667.74	1216.72
667.93	1209.49
668.13	1222.15
668.32	1213.73
668.52	1214.86
668.71	1214.40
668.91	1217.87
669.10	1207.61
669.30	1216.64
669.49	1209.41
669.68	1217.03
669.88	1208.24
670.07	1211.13
670.27	1211.76
670.46	1221.31
670.66	1198.27
670.85	1217.52
671.05	1210.06
671.24	1216.43
671.44	1212.79
671.63	1215.96
671.83	1207.46
672.02	1212.52
672.22	1211.54
672.41	1220.18
672.60	1214.83
672.80	1221.20
672.99	1213.18
673.19	1213.67
673.38	1217.91
673.58	1220.24
673.77	1205.95
673.97	1219.71
674.16	1213.81
674.36	1218.52
674.55	1211.56
674.74	1221.39
674.94	1208.18
675.13	1215.45
675.33	1212.85
675.52	1214.65
675.72	1215.82
675.91	1218.44
676.10	1209.39
676.30	1218.93
676.49	1209.57
676.69	1211.72
676.88	1212.93
677.08	1217.52
677.27	1207.15
677.46	1216.27
677.66	1213.59
677.85	1223.27
678.05	1210.08
678.24	1219.07
678.44	1213.95
678.63	1214.28
678.82	1212.40
679.02	1215.67
679.21	1218.91
679.41	1215.24
679.60	1211.29
679.79	1210.84
679.99	1206.07
680.18	1224.71
680.38	1213.54
680.57	1214.40
680.76	1220.22
680.96	1215.96
681.15	1210.82
681.35	1223.76
681.54	1215.55
681.73	1227.31
681.93	1214.53
682.12	1214.12
682.32	1213.85
682.51	1216.98
682.70	1213.40
682.90	1215.98
683.09	1217.56
683.29	1223.99
683.48	1215.22
683.67	1220.49
683.87	1209.39
684.06	1227.61
684.25	1211.62
684.45	1217.46
684.64	1211.82
684.84	1213.09
685.03	1209.78
685.22	1214.40
685.42	1205.76
685.61	1221.96
685.80	1211.39
686.00	1215.20
686.19	1220.41
686.38	1222.62
686.58	1207.28
686.77	1217.95
686.96	1216.68
687.16	1221.88
687.35	1210.82
687.55	1223.07
687.74	1213.87
687.93	1217.25
688.13	1209.71
688.32	1221.33
688.51	1213.89
688.71	1220.41
688.90	1213.59
689.09	1214.45
689.29	1215.94
689.48	1218.17
689.67	1207.87
689.87	1219.91
690.06	1210.80
690.25	1217.64
690.45	1215.78
690.64	1220.00
690.83	1218.73
691.03	1214.65
691.22	1213.93
691.41	1212.62
691.61	1216.82
691.80	1223.58
691.99	1210.72
692.19	1221.39
692.38	1209.24
692.57	1226.65
692.76	1206.29
692.96	1217.95
693.15	1218.50
693.34	1219.65
693.54	1212.46
693.73	1218.54
693.92	1217.95
694.12	1216.76
694.31	1214.49
694.50	1219.07
694.70	1211.54
694.89	1221.43
695.08	1209.78
695.27	1218.01
695.47	1217.93
695.66	1216.43
695.85	1209.90
696.05	1230.24
696.24	1214.45
696.43	1219.18
696.62	1215.76
696.82	1220.94
697.01	1217.72
697.20	1219.61
697.40	1211.74
697.59	1221.53
697.78	1215.24
697.97	1213.34
698.17	1213.71
698.36	1219.48
698.55	1211.17
698.74	1213.67
698.94	1211.41
699.13	1223.17
699.32	1211.93
699.52	1219.05
699.71	1211.09
699.90	1224.58
700.09	1209.80
700.29	1225.69
700.48	1221.51
700.67	1218.81
700.86	1219.24
701.06	1218.93
701.25	1209.71
701.44	1219.36
701.63	1213.67
701.83	1219.50
702.02	1216.47
702.21	1218.81
702.40	1211.21
702.60	1218.52
702.79	1213.69
702.98	1223.37
703.17	1205.35
703.37	1223.27
703.56	1216.08
703.75	1219.48
703.94	1209.65
704.13	1220.65
704.33	1215.06
704.52	1219.40
704.71	1214.57
704.90	1223.01
705.10	1210.60
705.29	1225.28
705.48	1212.95
705.67	1221.49
705.86	1211.31
706.06	1217.99
706.25	1207.93
706.44	1221.55
706.63	1215.94
706.83	1219.40
707.02	1212.54
707.21	1212.56
707.40	1217.99
707.59	1218.89
707.79	1217.17
707.98	1216.23
708.17	1213.28
708.36	1219.38
708.55	1209.28
708.75	1228.06
708.94	1209.80
709.13	1216.15
709.32	1214.51
709.51	1222.66
709.71	1218.89
709.90	1221.59
710.09	1213.73
710.28	1213.81
710.47	1215.94
710.66	1220.94
710.86	1207.75
711.05	1215.08
711.24	1209.63
711.43	1220.16
711.62	1215.47
711.82	1215.26
712.01	1215.33
712.20	1214.51
712.39	1209.59
712.58	1221.65
712.77	1214.61
712.97	1219.89
713.16	1220.18
713.35	1225.46
713.54	1212.44
713.73	1222.66
713.92	1207.58
714.11	1220.98
714.31	1221.22
714.50	1218.38
714.69	1209.74
714.88	1224.13
715.07	1212.50
715.26	1227.43
715.46	1208.20
715.65	1217.52
715.84	1212.85
716.03	1224.62
716.22	1208.38
716.41	1220.06
716.60	1208.81
716.80	1213.87
716.99	1214.42
717.18	1213.79
717.37	1216.72
717.56	1217.54
717.75	1215.67
717.94	1222.06
718.13	1213.87
718.33	1218.58
718.52	1215.53
718.71	1222.19
718.90	1212.93
719.09	1226.57
719.28	1217.58
719.47	1218.36
719.66	1216.49
719.85	1220.12
720.05	1218.09
720.24	1218.60
720.43	1214.38
720.62	1221.65
720.81	1215.82
721.00	1230.30
721.19	1211.21
721.38	1219.44
721.57	1212.68
721.77	1224.95
721.96	1212.87
722.15	1211.35
722.34	1214.24
722.53	1216.17
722.72	1209.04
722.91	1223.37
723.10	1214.40
723.29	1235.48
723.48	1216.86
723.67	1219.54
723.87	1220.53
724.06	1221.84
724.25	1206.77
724.44	1219.36
724.63	1210.51
724.82	1221.67
725.01	1218.38
725.20	1213.07
725.39	1212.52
725.58	1215.53
725.77	1215.24
725.96	1224.69
726.15	1217.54
726.34	1212.93
726.54	1216.23
726.73	1220.22
726.92	1212.23
727.11	1221.24
727.30	1210.74
727.49	1221.27
727.68	1213.99
727.87	1224.28
728.06	1212.85
728.25	1217.76
728.44	1217.89
728.63	1217.91
728.82	1213.11
729.01	1223.50
729.20	1211.13
729.39	1220.12
729.58	1213.50
729.77	1224.91
729.96	1216.68
730.15	1224.91
730.34	1212.15
730.53	1217.68
730.73	1210.66
730.92	1225.61
731.11	1218.89
731.30	1222.21
731.49	1218.97
731.68	1219.54
731.87	1223.80
732.06	1215.45
732.25	1217.27
732.44	1220.65
732.63	1217.97
732.82	1223.62
733.01	1218.21
733.20	1226.39
733.39	1220.10
733.58	1219.14
733.77	1215.49
733.96	1222.27
734.15	1221.67
734.34	1223.74
734.53	1221.84
734.72	1225.40
734.91	1218.07
735.10	1213.03
735.29	1213.03
735.48	1222.37
735.67	1218.07
735.86	1220.34
736.05	1214.45
736.24	1220.96
736.43	1220.73
736.62	1222.23
736.81	1212.15
737.00	1231.42
737.19	1214.75
737.38	1224.54
737.57	1219.65
737.76	1223.50
737.95	1216.84
738.14	1228.92
738.33	1218.66
738.51	1228.29
738.70	1214.86
738.89	1224.50
739.08	1219.01
739.27	1228.02
739.46	1216.94
739.65	1221.80
739.84	1217.35
740.03	1226.53
740.22	1217.68
740.41	1228.64
740.60	1214.90
740.79	1224.75
740.98	1219.75
741.17	1229.09
741.36	1217.58
741.55	1226.49
741.74	1222.64
741.93	1226.77
742.12	1220.57
742.31	1219.97
742.50	1225.16
742.68	1226.32
742.87	1223.70
743.06	1229.31
743.25	1217.05
743.44	1232.32
743.63	1221.74
743.82	1229.05
744.01	1228.60
744.20	1227.51
744.39	1224.81
744.58	1237.49
744.77	1226.10
744.96	1232.39
745.14	1225.12
745.33	1234.76
745.52	1230.69
745.71	1236.77
745.90	1229.23
746.09	1235.29
746.28	1238.04
746.47	1237.79
746.66	1224.01
746.85	1243.20
747.04	1229.54
747.22	1239.31
747.41	1232.51
747.60	1238.26
747.79	1228.66
747.98	1247.58
748.17	1234.31
748.36	1246.23
748.55	1242.87
748.74	1242.28
748.93	1240.93
749.11	1249.06
749.30	1240.33
749.49	1247.17
749.68	1238.82
749.87	1252.03
750.06	1245.39
750.25	1250.61
750.44	1250.98
750.62	1243.81
750.81	1243.90
751.00	1259.62
751.19	1247.27
751.38	1253.19
751.57	1248.01
751.76	1260.05
751.95	1248.09
752.13	1261.49
752.32	1253.56
752.51	1258.66
752.70	1256.20
752.89	1266.36
753.08	1263.13
753.27	1261.04
753.45	1254.73
753.64	1264.48
753.83	1260.77
754.02	1273.98
754.21	1258.33
754.40	1266.61
754.58	1263.43
754.77	1273.53
754.96	1265.50
755.15	1268.18
755.34	1271.15
755.53	1268.49
755.71	1269.02
755.90	1269.49
756.09	1266.30
756.28	1266.87
756.47	1258.85
756.66	1269.19
756.84	1251.58
757.03	1267.90
757.22	1261.26
757.41	1265.64
757.60	1251.76
757.79	1268.66
757.97	1257.78
758.16	1265.44
758.35	1256.53
758.54	1265.89
758.73	1263.82
758.91	1256.61
759.10	1250.98
759.29	1267.36
759.48	1252.54
759.67	1259.97
759.85	1254.79
760.04	1262.00
760.23	1263.25
760.42	1270.64
760.61	1258.21
760.79	1275.47
760.98	1258.56
761.17	1275.27
761.36	1266.07
761.55	1276.62
761.73	1272.48
761.92	1297.82
762.11	1288.87
762.30	1303.39
762.49	1306.77
762.67	1318.01
762.86	1321.72
763.05	1342.38
763.24	1349.49
763.42	1367.18
763.61	1379.29
763.80	1399.97
763.99	1415.56
764.17	1456.49
764.36	1504.21
764.55	1591.05
764.74	1702.78
764.92	1871.47
765.11	2085.02
765.30	2383.39
765.49	2740.14
765.68	3150.47
765.86	3588.53
766.05	4036.26
766.24	4515.87
766.43	4940.54
766.61	5371.72
766.80	5795.46
766.99	6202.40
767.17	6527.43
767.36	6873.88
767.55	7118.47
767.74	7413.09
767.92	7692.23
768.11	7900.04
768.30	8075.04
768.49	8228.74
768.67	8410.35
768.86	8622.93
769.05	8756.52
769.24	8841.72
769.42	8975.12
769.61	9019.36
769.80	9132.55
769.98	9113.50
770.17	9155.16
770.36	9186.61
770.55	9180.47
770.73	9024.97
770.92	8929.80
771.11	8708.60
771.29	8419.40
771.48	8064.43
771.67	7691.90
771.86	7227.08
772.04	6709.51
772.23	6231.25
772.42	5740.83
772.60	5222.01
772.79	4793.15
772.98	4358.63
773.16	3993.19
773.35	3692.16
773.54	3426.74
773.72	3180.45
773.91	3011.46
774.10	2833.84
774.29	2737.29
774.47	2626.85
774.66	2564.71
774.85	2493.12
775.03	2423.16
775.22	2366.22
775.41	2329.89
775.59	2271.69
775.78	2243.71
775.97	2175.45
776.15	2144.53
776.34	2102.55
776.53	2082.11
776.71	2029.31
776.90	2001.60
777.09	1955.01
777.27	1937.11
777.46	1887.86
777.65	1877.97
777.83	1845.69
778.02	1823.04
778.21	1788.16
778.39	1772.76
778.58	1740.49
778.76	1729.28
778.95	1691.34
779.14	1682.59
779.32	1645.65
779.51	1642.96
779.70	1624.45
779.88	1611.61
780.07	1591.66
780.26	1580.83
780.44	1563.91
780.63	1559.75
780.81	1545.29
781.00	1544.29
781.19	1536.10
781.37	1548.69
781.56	1539.89
781.75	1547.92
781.93	1562.15
782.12	1600.12
782.30	1622.16
782.49	1659.02
782.68	1690.64
782.86	1716.83
783.05	1745.26
783.23	1777.23
783.42	1782.53
783.61	1805.86
783.79	1806.76
783.98	1814.32
784.16	1808.34
784.35	1804.94
784.54	1777.04
784.72	1763.71
784.91	1745.85
785.09	1725.64
785.28	1698.28
785.47	1678.97
785.65	1644.31
785.84	1619.14
786.02	1594.94
786.21	1569.07
786.40	1541.71
786.58	1527.85
786.77	1495.10
786.95	1477.40
787.14	1461.64
787.32	1446.23
787.51	1435.20
787.70	1418.42
787.88	1397.39
788.07	1391.06
788.25	1371.52
788.44	1370.07
788.62	1346.17
788.81	1343.53
789.00	1340.42
789.18	1333.43
789.37	1332.65
789.55	1334.76
789.74	1332.12
789.92	1319.79
790.11	1306.30
790.29	1301.24
790.48	1286.12
790.67	1274.45
790.85	1257.90
791.04	1259.32
791.22	1248.16
791.41	1245.82
791.59	1238.22
791.78	1237.32
791.96	1229.19
792.15	1235.62
792.33	1234.31
792.52	1237.38
792.70	1226.96
792.89	1237.77
793.07	1227.94
793.26	1241.91
793.45	1223.58
793.63	1236.67
793.82	1226.36
794.00	1242.73
794.19	1231.12
794.37	1234.70
794.56	1224.93
794.74	1229.05
794.93	1227.41
795.11	1239.25
795.30	1224.95
795.48	1232.82
795.67	1220.96
795.85	1231.24
796.04	1230.24
796.22	1233.39
796.41	1236.32
796.59	1227.45
796.78	1232.14
796.96	1233.16
797.15	1235.68
797.33	1233.47
797.52	1230.99
797.70	1234.56
797.89	1225.52
798.07	1232.49
798.26	1229.54
798.44	1229.31
798.63	1224.85
798.81	1228.95
798.99	1229.76
799.18	1228.17
799.36	1225.55
799.55	1232.71
799.73	1227.51
799.92	1233.80
800.10	1219.85
800.29	1229.05
800.47	1230.24
800.66	1224.21
800.84	1225.09
801.03	1225.85
801.21	1217.58
801.39	1225.30
801.58	1223.76
801.76	1229.60
801.95	1218.01
802.13	1231.51
802.32	1219.69
802.50	1229.44
802.69	1223.54
802.87	1218.03
803.06	1226.10
803.24	1225.75
803.42	1221.06
803.61	1219.75
803.79	1222.68
803.98	1226.36
804.16	1213.59
804.35	1220.06
804.53	1219.57
804.71	1224.44
804.90	1222.68
805.08	1227.12
805.27	1217.64
805.45	1227.51
805.63	1220.20
805.82	1223.85
806.00	1218.99
806.19	1221.90
806.37	1217.56
806.56	1233.57
806.74	1216.04
806.92	1227.20
807.11	1215.72
807.29	1223.46
807.48	1225.87
807.66	1226.82
807.84	1220.73
808.03	1221.18
808.21	1222.97
808.40	1223.05
808.58	1220.65
808.76	1222.60
808.95	1226.28
809.13	1221.43
809.32	1222.86
809.50	1231.67
809.68	1216.90
809.87	1226.98
810.05	1222.06
810.23	1228.04
810.42	1222.15
810.60	1231.44
810.79	1218.11
810.97	1234.13
811.15	1223.09
811.34	1229.60
811.52	1217.54
811.70	1226.63
811.89	1223.48
812.07	1238.63
812.25	1224.83
812.44	1228.58
812.62	1230.17
812.81	1235.46
812.99	1225.14
813.17	1231.28
813.36	1220.12
813.54	1235.27
813.72	1222.94
813.91	1231.91
814.09	1226.36
814.27	1226.24
814.46	1224.32
814.64	1229.19
814.82	1228.29
815.01	1231.75
815.19	1224.05
815.37	1231.96
815.56	1230.34
815.74	1227.57
815.92	1223.97
816.11	1230.32
816.29	1219.46
816.47	1230.09
816.66	1222.41
816.84	1221.63
817.02	1217.95
817.21	1224.64
817.39	1228.49
817.57	1224.40
817.76	1216.55
817.94	1223.31
818.12	1219.63
818.30	1218.77
818.49	1220.51
818.67	1218.19
818.85	1218.48
819.04	1223.44
819.22	1211.19
819.40	1222.64
819.59	1209.76
819.77	1222.33
819.95	1222.49
820.13	1224.56
820.32	1214.14
820.50	1219.11
820.68	1213.50
820.87	1216.74
821.05	1217.68
821.23	1222.35
821.41	1212.07
821.60	1224.21
821.78	1209.26
821.96	1215.72
822.14	1210.43
822.33	1223.62
822.51	1211.43
822.69	1213.61
822.88	1212.36
823.06	1215.86
823.24	1212.42
823.42	1218.42
823.61	1217.56
823.79	1225.03
823.97	1217.31
824.15	1220.16
824.34	1210.88
824.52	1222.53
824.70	1208.61
824.88	1220.79
825.07	1206.62
825.25	1222.47
825.43	1209.08
825.61	1214.18
825.80	1213.46
825.98	1222.53
826.16	1215.65
826.34	1219.75
826.53	1213.85
826.71	1218.54
826.89	1218.89
827.07	1213.07
827.25	1214.20
827.44	1220.59
827.62	1209.28
827.80	1212.52
827.98	1211.50
828.17	1217.64
828.35	1215.63
828.53	1223.93
828.71	1211.25
828.89	1223.01
829.08	1217.25
829.26	1214.77
829.44	1211.80
829.62	1221.65
829.80	1211.82
829.99	1218.75
830.17	1208.94
830.35	1218.17
830.53	1211.93
830.71	1214.28
830.90	1211.91
831.08	1217.25
831.26	1206.83
831.44	1218.15
831.62	1212.85
831.81	1217.72
831.99	1215.12
832.17	1218.68
832.35	1207.81
832.53	1222.56
832.71	1209.47
832.90	1217.76
833.08	1217.11
833.26	1221.00
833.44	1214.36
833.62	1214.08
833.81	1218.13
833.99	1212.60
834.17	1217.15
834.35	1215.41
834.53	1209.41
834.71	1218.79
834.89	1214.42
835.08	1214.79
835.26	1213.24
835.44	1221.00
835.62	1211.97
835.80	1219.03
835.98	1214.63
836.17	1223.31
836.35	1205.00
836.53	1221.57
836.71	1209.71
836.89	1215.92
837.07	1208.28
837.25	1220.67
837.44	1212.13
837.62	1216.74
837.80	1213.03
837.98	1218.56
838.16	1215.41
838.34	1215.72
838.52	1216.94
838.70	1218.89
838.89	1215.72
839.07	1228.00
839.25	1211.64
839.43	1222.02
839.61	1205.35
839.79	1223.31
839.97	1217.21
840.15	1219.30
840.33	1209.69
840.52	1221.80
840.70	1213.38
840.88	1216.55
841.06	1214.81
841.24	1220.45
841.42	1210.06
841.60	1216.90
841.78	1214.42
841.96	1215.06
842.14	1216.49
842.33	1218.44
842.51	1209.63
842.69	1220.51
842.87	1211.09
843.05	1219.95
843.23	1206.89
843.41	1221.14
843.59	1212.66
843.77	1213.87
843.95	1212.40
844.13	1215.41
844.31	1215.67
844.49	1216.04
844.68	1212.36
844.86	1212.30
845.04	1216.49
845.22	1219.85
845.40	1214.36
845.58	1219.30
845.76	1211.41
845.94	1218.62
846.12	1206.25
846.30	1224.69
846.48	1210.31
846.66	1218.32
846.84	1205.76
847.02	1217.27
847.20	1215.14
847.38	1213.61
847.56	1208.06
847.74	1219.22
847.92	1215.96
848.11	1222.88
848.29	1221.96
848.47	1210.45
848.65	1210.21
848.83	1212.70
849.01	1209.24
849.19	1215.18
849.37	1207.73
849.55	1222.35
849.73	1208.26
849.91	1216.76
850.09	1214.59
850.27	1219.32
850.45	1217.89
850.63	1217.66
850.81	1215.88
850.99	1218.17
851.17	1217.66
851.35	1218.09
851.53	1210.62
851.71	1221.65
851.89	1207.65
852.07	1218.64
852.25	1215.20
852.43	1221.20
852.61	1218.46
852.79	1213.97
852.97	1206.99
853.15	1220.30
853.33	1213.48
853.51	1214.40
853.69	1203.49
853.87	1222.43
854.05	1211.17
854.23	1210.64
854.41	1213.75
854.59	1227.53
854.77	1214.73
854.95	1222.66
855.13	1208.30
855.31	1224.56
855.49	1211.19
855.67	1217.25
855.84	1210.82
856.02	1217.62
856.20	1216.88
856.38	1215.72
856.56	1211.84
856.74	1217.39
856.92	1207.36
857.10	1222.78
857.28	1207.93
857.46	1222.76
857.64	1212.77
857.82	1222.45
858.00	1207.58
858.18	1217.62
858.36	1212.19
858.54	1226.63
858.72	1212.68
858.90	1217.33
859.08	1211.52
859.25	1219.36
859.43	1210.04
859.61	1225.96
859.79	1206.21
859.97	1217.56
860.15	1219.11
860.33	1223.44
860.51	1209.12
860.69	1212.25
860.87	1209.28
861.05	1220.53
861.23	1211.52
861.41	1220.38
861.58	1209.69
861.76	1218.73
861.94	1216.64
862.12	1212.62
862.30	1210.55
862.48	1212.73
862.66	1206.60
862.84	1217.31
863.02	1206.36
863.20	1217.89
863.37	1216.64
863.55	1214.90
863.73	1214.86
863.91	1218.52
864.09	1211.39
864.27	1218.52
864.45	1209.88
864.63	1219.61
864.80	1209.49
864.98	1220.22
865.16	1209.88
865.34	1220.67
865.52	1213.01
865.70	1213.65
865.88	1207.20
866.06	1221.74
866.23	1222.97
866.41	1214.28
866.59	1213.65
866.77	1217.97
866.95	1215.96
867.13	1217.58
867.31	1214.92
867.48	1213.05
867.66	1213.26
867.84	1218.48
868.02	1212.99
868.20	1216.43
868.38	1214.86
868.56	1219.18
868.73	1213.81
868.91	1218.46
869.09	1215.31
869.27	1214.77
869.45	1216.02
869.63	1212.95
869.80	1215.51
869.98	1216.27
870.16	1210.66
870.34	1216.12
870.52	1221.14
870.70	1211.31
870.87	1204.57
871.05	1213.93
871.23	1216.17
871.41	1220.79
871.59	1210.90
871.76	1218.62
871.94	1215.26
872.12	1218.68
872.30	1208.59
872.48	1217.35
872.65	1204.57
872.83	1216.43
873.01	1209.94
873.19	1213.91
873.37	1214.86
873.54	1221.53
873.72	1212.40
873.90	1220.92
874.08	1211.70
874.26	1218.97
874.43	1213.93
874.61	1215.92
874.79	1211.31
874.97	1212.68
875.15	1215.33
875.32	1222.70
875.50	1213.03
875.68	1214.77
875.86	1218.07
876.03	1220.88
876.21	1204.86
876.39	1223.46
876.57	1213.18
876.74	1221.29
876.92	1209.37
877.10	1218.62
877.28	1209.39
877.45	1218.79
877.63	1206.93
877.81	1218.50
877.99	1215.61
878.17	1217.60
878.34	1209.71
878.52	1220.63
878.70	1212.75
878.87	1216.70
879.05	1209.26
879.23	1217.93
879.41	1211.43
879.58	1218.30
879.76	1210.60
879.94	1218.01
880.12	1213.48
880.29	1218.09
880.47	1214.08
880.65	1216.98
880.83	1213.81
881.00	1219.73
881.18	1212.13
881.36	1214.10
881.53	1213.20
881.71	1218.01
881.89	1208.96
882.07	1217.15
882.24	1211.89
882.42	1216.29
882.60	1210.70
882.77	1212.23
882.95	1211.07
883.13	1208.96
883.30	1209.84
883.48	1218.25
883.66	1210.72
883.84	1225.61
884.01	1213.99
884.19	1211.99
884.37	1210.74
884.54	1225.52
884.72	1205.37
884.90	1216.78
885.07	1209.80
885.25	1218.56
885.43	1211.72
885.60	1225.77
885.78	1213.63
885.96	1217.17
886.13	1207.30
886.31	1224.79
886.49	1205.43
886.66	1212.52
886.84	1219.48
887.02	1221.43
887.19	1201.83
887.37	1217.17
887.55	1212.83
887.72	1214.04
887.90	1208.14
888.08	1221.47
888.25	1209.55
888.43	1212.99
888.61	1213.46
888.78	1217.11
888.96	1206.25
889.14	1215.06
889.31	1209.88
889.49	1216.74
889.67	1208.01
889.84	1219.87
890.02	1214.49
890.19	1214.94
890.37	1212.83
890.55	1221.18
890.72	1208.85
890.90	1215.74
891.08	1214.65
891.25	1220.20
891.43	1217.95
891.60	1216.58
891.78	1212.34
891.96	1222.76
892.13	1215.67
892.31	1222.53
892.48	1210.84
892.66	1224.42
892.84	1214.10
893.01	1218.91
893.19	1210.53
893.36	1222.00
893.54	1217.19
893.72	1217.23
893.89	1219.18
894.07	1217.27
894.24	1215.33
894.42	1236.75
894.60	1216.76
894.77	1223.37
894.95	1209.82
895.12	1221.55
895.30	1205.39
895.48	1214.69
895.65	1209.69
895.83	1215.61
896.00	1211.56
896.18	1218.03
896.35	1206.29
896.53	1220.34
896.71	1213.89
896.88	1218.46
897.06	1214.20
897.23	1211.93
897.41	1213.36
897.58	1217.44
897.76	1210.41
897.93	1219.16
898.11	1210.92
898.29	1217.01
898.46	1212.27
898.64	1220.65
898.81	1213.32
898.99	1224.34
899.16	1211.43
899.34	1214.96
899.51	1208.06
899.69	1221.90
899.86	1213.79
900.04	1215.00
900.21	1209.51
900.39	1216.76
900.57	1202.94
900.74	1218.56
900.92	1215.69
901.09	1214.28
901.27	1209.55
901.44	1216.37
901.62	1210.94
901.79	1220.63
901.97	1213.46
902.14	1216.15
902.32	1212.07
902.49	1216.49
902.67	1210.37
902.84	1217.01
903.02	1214.18
903.19	1225.30
903.37	1212.46
903.54	1214.86
903.72	1219.34
903.89	1218.32
904.07	1213.75
904.24	1219.34
904.42	1216.37
904.59	1222.86
904.77	1215.84
904.94	1224.03
905.12	1211.19
905.29	1218.28
905.47	1205.41
905.64	1215.80
905.82	1208.61
905.99	1216.10
906.16	1220.10
906.34	1219.69
906.51	1213.56
906.69	1214.45
906.86	1224.46
907.04	1210.17
907.21	1205.91
907.39	1214.86
907.56	1206.95
907.74	1219.81
907.91	1207.81
908.09	1216.19
908.26	1212.52
908.43	1218.09
908.61	1212.30
908.78	1222.86
908.96	1216.33
909.13	1218.93
909.31	1205.48
909.48	1218.25
909.65	1207.20
909.83	1212.75
910.00	1213.63
910.18	1220.32
910.35	1211.48
910.53	1218.05
910.70	1209.12
910.87	1223.62
911.05	1208.90
911.22	1214.22
911.40	1210.27
911.57	1222.33
911.75	1210.72
911.92	1218.68
912.09	1206.46
912.27	1213.20
912.44	1211.31
912.62	1221.22
912.79	1210.60
912.96	1216.53
913.14	1208.90
913.31	1214.12
913.49	1215.94
913.66	1219.40
913.83	1208.01
914.01	1219.40
914.18	1208.77
914.36	1224.95
914.53	1212.68
914.70	1216.84
914.88	1213.30
915.05	1223.56
915.22	1206.50
915.40	1218.81
915.57	1212.81
915.75	1220.38
915.92	1206.40
916.09	1219.75
916.27	1214.10
916.44	1218.79
916.61	1212.89
916.79	1213.46
916.96	1216.02
917.13	1217.21
917.31	1211.58
917.48	1216.10
917.66	1213.38
917.83	1221.04
918.00	1217.64
918.18	1218.07
918.35	1215.92
918.52	1223.15
918.70	1210.96
918.87	1219.52
919.04	1204.84
919.22	1218.95
919.39	1210.14
919.56	1220.88
919.74	1212.17
919.91	1220.32
920.08	1213.44
920.26	1215.00
920.43	1215.18
920.60	1225.20
920.78	1214.18
920.95	1223.09
921.12	1211.97
921.29	1221.88
921.47	1211.89
921.64	1213.20
921.81	1202.32
921.99	1223.78
922.16	1216.02
922.33	1219.18
922.51	1213.36
922.68	1218.89
922.85	1211.15
923.03	1225.40
923.20	1214.02
923.37	1213.65
923.54	1216.33
923.72	1218.85
923.89	1214.53
924.06	1219.73
924.24	1212.11
924.41	1215.76
924.58	1210.45
924.75	1217.09
924.93	1213.26
925.10	1216.55
925.27	1209.43
925.44	1219.28
925.62	1211.11
925.79	1219.61
925.96	1208.34
926.14	1225.12
926.31	1211.27
926.48	1215.39
926.65	1210.60
926.83	1223.80
927.00	1214.32
927.17	1221.29
927.34	1210.90
927.52	1217.97
927.69	1215.26
927.86	1220.22
928.03	1210.57
928.21	1218.87
928.38	1211.11
928.55	1218.32
928.72	1216.74
928.89	1222.47
929.07	1210.45
929.24	1219.28
929.41	1210.19
929.58	1213.22
929.76	1209.33
929.93	1214.49
930.10	1210.49
930.27	1222.47
930.44	1211.66
930.62	1224.38
930.79	1210.47
930.96	1225.22
931.13	1205.23
931.31	1212.64
931.48	1214.40
931.65	1216.19
931.82	1215.43
931.99	1216.19
932.17	1208.10
932.34	1211.23
932.51	1214.86
932.68	1212.52
932.85	1218.62
933.03	1218.83
933.20	1207.85
933.37	1221.51
933.54	1212.95
933.71	1224.09
933.88	1210.31
934.06	1221.33
934.23	1218.60
934.40	1220.08
934.57	1206.46
934.74	1220.43
934.91	1210.92
935.09	1220.02
935.26	1213.01
935.43	1221.31
935.60	1213.18
935.77	1219.42
935.94	1213.65
936.12	1216.70
936.29	1209.37
936.46	1215.24
936.63	1201.50
936.80	1209.59
936.97	1219.65
937.14	1219.44
937.32	1211.27
937.49	1222.45
937.66	1212.32
937.83	1210.74
938.00	1209.39
938.17	1216.66
938.34	1207.67
938.52	1215.31
938.69	1211.93
938.86	1220.53
939.03	1220.61
939.20	1217.39
939.37	1208.57
939.54	1214.94
939.71	1209.78
939.89	1225.12
940.06	1204.80
940.23	1219.14
940.40	1207.09
940.57	1215.76
940.74	1219.93
940.91	1218.99
941.08	1209.20
941.25	1214.75
941.43	1218.28
941.60	1215.45
941.77	1212.89
941.94	1221.31
942.11	1213.03
942.28	1221.80
942.45	1207.67
942.62	1215.29
942.79	1221.74
942.96	1226.92
943.13	1208.04
943.30	1219.40
943.48	1216.60
943.65	1217.13
943.82	1210.35
943.99	1223.15
944.16	1214.90
944.33	1219.71
944.50	1212.46
944.67	1213.71
944.84	1210.35
945.01	1211.89
945.18	1214.49
945.35	1221.65
945.52	1219.77
945.69	1222.35
945.86	1213.87
946.03	1220.81
946.21	1208.01
946.38	1216.86
946.55	1214.53
946.72	1218.13
946.89	1210.37
947.06	1222.39
947.23	1210.04
947.40	1216.15
947.57	1213.13
947.74	1219.85
947.91	1212.52
948.08	1223.66
948.25	1200.77
948.42	1213.93
948.59	1210.43
948.76	1216.51
948.93	1207.73
949.10	1216.25
949.27	1214.53
949.44	1222.76
949.61	1211.99
949.78	1215.94
949.95	1207.61
950.12	1225.36
950.29	1210.39
950.46	1220.51
950.63	1215.20
950.80	1220.69
950.97	1208.26
951.14	1219.48
951.31	1211.84
951.48	1219.36
951.65	1209.71
951.82	1220.38
951.99	1203.30
952.16	1221.67
952.33	1215.04
952.50	1215.22
952.67	1211.89
952.84	1224.73
953.01	1204.27
953.18	1217.21
953.35	1217.76
953.52	1219.69
953.69	1205.56
953.86	1221.49
954.03	1203.67
954.20	1214.57
954.37	1213.79
954.54	1220.49
954.70	1205.31
954.87	1213.95
955.04	1209.59
955.21	1212.44
955.38	1215.08
955.55	1220.69
955.72	1213.50
955.89	1218.42
956.06	1213.85
956.23	1221.65
956.40	1206.58
956.57	1213.83
956.74	1216.10
956.91	1216.98
957.08	1212.62
957.25	1219.85
957.41	1214.42
957.58	1211.33
957.75	1210.68
957.92	1221.27
958.09	1215.33
958.26	1219.32
958.43	1213.40
958.60	1226.30
958.77	1209.74
958.94	1216.82
959.11	1205.56
959.27	1218.17
959.44	1215.16
959.61	1222.72
959.78	1210.43
959.95	1219.22
960.12	1222.21
960.29	1217.64
960.46	1211.13
960.63	1226.26
960.80	1210.70
960.96	1220.14
961.13	1211.72
961.30	1219.09
961.47	1215.26
961.64	1223.29
961.81	1207.75
961.98	1215.51
962.15	1209.92
962.31	1224.19
962.48	1210.47
962.65	1221.08
962.82	1207.95
962.99	1220.10
963.16	1209.49
963.33	1221.39
963.49	1215.29
963.66	1212.70
963.83	1217.01
964.00	1208.59
964.17	1211.66
964.34	1222.56
964.51	1207.67
964.67	1214.14
964.84	1219.81
965.01	1243.14
965.18	1205.82
965.35	1222.76
965.52	1208.69
965.68	1223.21
965.85	1208.79
966.02	1213.97
966.19	1216.43
966.36	1219.09
966.52	1212.32
966.69	1216.45
966.86	1210.55
967.03	1217.95
967.20	1210.60
967.37	1218.07
967.53	1212.64
967.70	1217.54
967.87	1214.81
968.04	1212.60
968.21	1212.97
968.37	1211.52
968.54	1203.78
968.71	1220.06
968.88	1215.49
969.05	1219.24
969.21	1214.38
969.38	1216.74
969.55	1215.10
969.72	1213.16
969.89	1217.01
970.05	1221.49
970.22	1208.06
970.39	1216.02
970.56	1210.74
970.72	1215.08
970.89	1208.61
971.06	1219.32
971.23	1214.90
971.39	1220.65
971.56	1213.28
971.73	1219.11
971.90	1217.21
972.07	1213.38
972.23	1206.64
972.40	1219.26
972.57	1215.00
972.74	1218.52
972.90	1211.97
973.07	1219.01
973.24	1214.55
973.40	1219.77
973.57	1217.72
973.74	1215.41
973.91	1216.00
974.07	1220.65
974.24	1212.95
974.41	1224.15
974.58	1215.82
974.74	1224.19
974.91	1206.77
975.08	1215.92
975.25	1212.09
975.41	1211.78
975.58	1214.04
975.75	1221.65
975.91	1203.67
976.08	1214.08
976.25	1212.83
976.42	1218.11
976.58	1207.40
976.75	1215.51
976.92	1214.36
977.08	1214.83
977.25	1212.77
977.42	1215.47
977.58	1204.70
977.75	1213.09
977.92	1213.40
978.08	1213.83
978.25	1214.47
978.42	1221.88
978.59	1212.17
978.75	1215.10
978.92	1206.85
979.09	1221.76
979.25	1212.97
979.42	1222.66
979.59	1217.35
979.75	1215.72
979.92	1218.52
980.09	1218.62
980.25	1217.78
980.42	1216.19
980.59	1208.92
980.75	1217.93
980.92	1205.91
981.09	1213.24
981.25	1208.32
981.42	1214.53
981.59	1208.53
981.75	1214.22
981.92	1210.06
982.08	1218.48
982.25	1213.24
982.42	1217.89
982.58	1212.36
982.75	1215.39
982.92	1209.88
983.08	1219.71
983.25	1210.25
983.42	1216.21
983.58	1213.18
983.75	1205.35
983.91	1211.31
984.08	1216.04
984.25	1211.72
984.41	1218.64
984.58	1207.15
984.74	1215.78
984.91	1209.51
985.08	1220.84
985.24	1207.69
985.41	1224.03
985.57	1210.66
985.74	1215.90
985.91	1215.55
986.07	1217.52
986.24	1214.30
986.40	1217.74
986.57	1211.48
986.74	1217.23
986.90	1211.23
987.07	1215.16
987.23	1209.98
987.40	1216.94
987.57	1212.30
987.73	1214.34
987.90	1208.42
988.06	1219.73
988.23	1206.60
988.39	1214.75
988.56	1205.37
988.73	1216.62
988.89	1203.76
989.06	1216.00
989.22	1213.46
989.39	1216.49
989.55	1212.42
989.72	1211.13
989.88	1211.54
990.05	1215.76
990.22	1209.74
990.38	1224.19
990.55	1211.64
990.71	1221.02
990.88	1218.34
991.04	1223.60
991.21	1210.08
991.37	1221.84
991.54	1210.06
991.70	1215.94
991.87	1214.71
992.03	1214.96
992.20	1216.12
992.36	1222.51
992.53	1209.45
992.69	1213.67
992.86	1214.24
993.03	1219.14
993.19	1212.73
993.36	1227.74
993.52	1217.54
993.69	1216.82
993.85	1206.99
994.02	1215.37
994.18	1210.43
994.35	1215.41
994.51	1214.94
994.68	1224.79
994.84	1216.88
995.01	1221.51
995.17	1212.52
995.34	1218.87
995.50	1202.44
995.66	1224.36
995.83	1210.76
995.99	1221.18
996.16	1211.27
996.32	1216.43
996.49	1206.83
996.65	1217.95
996.82	1210.43
996.98	1214.26
997.15	1210.82
997.31	1223.85
997.48	1215.31
997.64	1218.40
997.81	1211.58
997.97	1217.39
998.13	1207.89
998.30	1224.79
998.46	1211.43
998.63	1217.78
998.79	1214.45
998.96	1212.01
999.12	1211.64
999.29	1216.51
999.45	1216.23
999.61	1217.66
999.78	1212.83
999.94	1221.12
1000.11	1209.31
1000.27	1218.46
1000.44	1211.19
1000.60	1214.14
1000.76	1216.88
1000.93	1223.85
1001.09	1214.90
1001.26	1219.89
1001.42	1207.83
1001.59	1211.60
1001.75	1204.74
1001.91	1219.50
1002.08	1210.12
1002.24	1212.56
1002.41	1216.39
1002.57	1220.86
1002.73	1213.61
1002.90	1222.39
1003.06	1205.07
1003.23	1218.64
1003.39	1208.32
1003.55	1213.44
1003.72	1217.13
1003.88	1218.62
1004.04	1206.85
1004.21	1215.88
1004.37	1221.14
1004.54	1214.53
1004.70	1210.02
1004.86	1223.42
1005.03	1212.03
1005.19	1216.90
1005.35	1208.10
1005.52	1209.47
1005.68	1210.43
1005.85	1216.96
1006.01	1207.69
1006.17	1219.11
1006.34	1205.74
1006.50	1220.36
1006.66	1204.55
1006.83	1214.57
1006.99	1210.92
1007.15	1219.32
1007.32	1211.03
1007.48	1215.92
1007.64	1204.41
1007.81	1218.60
1007.97	1214.86
1008.13	1212.91
1008.30	1207.75
1008.46	1213.52
1008.62	1209.47
1008.79	1219.97
1008.95	1218.01
1009.11	1220.04
1009.28	1215.57
1009.44	1220.90
1009.60	1208.04
1009.77	1217.85
1009.93	1211.89
1010.09	1219.03
1010.25	1213.83
1010.42	1215.35
1010.58	1212.66
1010.74	1211.54
1010.91	1212.48
1011.07	1224.62
1011.23	1204.00
1011.40	1216.84
1011.56	1209.33
1011.72	1214.22
1011.88	1209.65
1012.05	1217.42
1012.21	1213.13
1012.37	1212.64
1012.54	1210.57
1012.70	1216.41
1012.86	1211.97
1013.02	1221.63
1013.19	1210.33
1013.35	1216.12
1013.51	1214.10
1013.67	1218.99
1013.84	1219.79
1014.00	1213.97
1014.16	1210.02
1014.33	1213.91
1014.49	1204.08
1014.65	1217.19
1014.81	1204.76
1014.98	1223.01
1015.14	1213.48
1015.30	1211.39
1015.46	1213.52
1015.62	1215.65
1015.79	1202.03
1015.95	1221.55
1016.11	1211.19
1016.27	1213.77
1016.44	1217.89
1016.60	1216.60
1016.76	1208.55
1016.92	1218.99
1017.09	1208.08
1017.25	1212.38
1017.41	1215.41
1017.57	1228.47
1017.73	1210.08
1017.90	1212.58
1018.06	1214.55
1018.22	1215.98
1018.38	1208.63
1018.54	1209.28
1018.71	1206.66
1018.87	1213.46
1019.03	1214.34
1019.19	1213.38
1019.35	1217.58
1019.52	1219.22
1019.68	1214.57
1019.84	1223.03
1020.00	1212.38
1020.16	1218.83
1020.33	1209.51
1020.49	1220.98
1020.65	1212.07
1020.81	1205.72
1020.97	1209.00
1021.13	1218.68
1021.30	1212.17
1021.46	1221.72
1021.62	1212.23
1021.78	1223.40
1021.94	1214.12
1022.10	1215.92
1022.27	1211.43
1022.43	1219.07
1022.59	1215.29
1022.75	1214.81
1022.91	1209.94
1023.07	1217.74
1023.24	1216.43
1023.40	1215.53
1023.56	1207.81
1023.72	1217.66
1023.88	1214.24
1024.04	1214.47
1024.20	1209.08
1024.36	1219.91
1024.53	1202.96
1024.69	1222.41
1024.85	1208.38
1025.01	1224.60
1025.17	1208.59
1025.33	1221.67
1025.49	1204.78
1025.65	1222.10
1025.82	1208.94
1025.98	1218.66
1026.14	1217.52
1026.30	1220.36
1026.46	1214.92
1026.62	1218.60
1026.78	1216.68
1026.94	1220.02
1027.10	1211.35
1027.26	1222.74
1027.43	1208.67
1027.59	1215.45
1027.75	1214.04
1027.91	1220.71
1028.07	1214.47
1028.23	1223.78
1028.39	1210.88
1028.55	1220.22
1028.71	1211.56
1028.87	1213.91
1029.03	1213.09
1029.19	1218.48
1029.36	1219.57
1029.52	1218.73
1029.68	1213.38
1029.84	1216.10
1030.00	1207.30
1030.16	1216.17
1030.32	1214.14
1030.48	1220.92
1030.64	1205.74
1030.80	1222.06
1030.96	1213.07
1031.12	1224.07
1031.28	1208.06
1031.44	1210.82
1031.60	1206.56
1031.76	1217.52
1031.92	1217.33
1032.08	1229.44
1032.24	1209.10
1032.40	1218.81
1032.56	1211.13
1032.73	1215.94
1032.89	1209.08
1033.05	1216.70
1033.21	1207.83
1033.37	1219.46
1033.53	1207.28
1033.69	1228.54
1033.85	1206.68
1034.01	1220.69
1034.17	1209.90
1034.33	1218.03
1034.49	1213.89
1034.65	1216.27
1034.81	1213.24
1034.97	1206.64
1035.13	1217.99
1035.29	1221.76
1035.45	1205.82
1035.61	1219.38
1035.77	1215.80
1035.93	1216.47
1036.09	1211.58
1036.25	1216.43
1036.41	1218.79
1036.57	1218.66
1036.73	1205.91
1036.88	1216.98
1037.04	1218.32
