345.52	1207.01
345.73	1207.01
345.94	1207.01
346.16	1202.79
346.37	1206.85
346.58	1209.71
346.79	1218.54
347.00	1208.79
347.22	1217.62
347.43	1208.38
347.64	1217.89
347.85	1207.50
348.06	1214.22
348.28	1213.61
348.49	1212.60
348.70	1214.61
348.91	1218.54
349.12	1210.37
349.34	1219.77
349.55	1215.16
349.76	1222.13
349.97	1215.39
350.18	1211.52
350.40	1213.59
350.61	1221.94
350.82	1216.35
351.03	1223.03
351.24	1211.76
351.46	1223.40
351.67	1218.05
351.88	1214.96
352.09	1219.42
352.30	1214.26
352.51	1218.87
352.73	1220.22
352.94	1213.99
353.15	1226.69
353.36	1205.45
353.57	1223.74
353.79	1215.69
354.00	1220.51
354.21	1215.53
354.42	1218.83
354.63	1215.35
354.84	1218.25
355.06	1215.18
355.27	1215.47
355.48	1213.85
355.69	1206.70
355.90	1218.48
356.11	1222.94
356.33	1212.52
356.54	1227.45
356.75	1218.25
356.96	1222.21
357.17	1209.49
357.38	1219.75
357.60	1215.72
357.81	1216.00
358.02	1215.14
358.23	1215.82
358.44	1208.49
358.65	1215.51
358.87	1210.53
359.08	1225.22
359.29	1209.82
359.50	1219.61
359.71	1214.49
359.92	1223.44
360.13	1216.53
360.35	1217.80
360.56	1212.75
360.77	1212.11
360.98	1207.75
361.19	1221.98
361.40	1211.99
361.62	1213.83
361.83	1214.73
362.04	1221.00
362.25	1217.01
362.46	1219.73
362.67	1216.29
362.88	1224.03
363.10	1216.27
363.31	1217.48
363.52	1211.72
363.73	1215.04
363.94	1215.63
364.15	1223.70
364.36	1215.22
364.57	1220.73
364.79	1215.00
365.00	1212.85
365.21	1218.64
365.42	1223.09
365.63	1222.08
365.84	1221.53
366.05	1222.19
366.27	1222.31
366.48	1217.95
366.69	1222.99
366.90	1216.62
367.11	1218.05
367.32	1222.94
367.53	1220.22
367.74	1217.60
367.95	1220.96
368.17	1218.32
368.38	1222.76
368.59	1220.20
368.80	1221.70
369.01	1213.32
369.22	1216.17
369.43	1213.52
369.64	1228.56
369.86	1212.83
370.07	1223.15
370.28	1214.71
370.49	1224.48
370.70	1216.66
370.91	1214.73
371.12	1208.18
371.33	1228.72
371.54	1211.84
371.76	1223.72
371.97	1211.23
372.18	1218.19
372.39	1216.35
372.60	1223.91
372.81	1226.43
373.02	1214.86
373.23	1220.20
373.44	1221.06
373.65	1209.84
373.87	1229.52
374.08	1210.70
374.29	1224.17
374.50	1216.00
374.71	1219.65
374.92	1225.71
375.13	1218.62
375.34	1212.70
375.55	1218.13
375.76	1213.32
375.97	1218.17
376.19	1217.62
376.40	1220.90
376.61	1219.44
376.82	1224.69
377.03	1213.34
377.24	1221.74
377.45	1217.37
377.66	1220.43
377.87	1215.20
378.08	1223.40
378.29	1216.04
378.50	1222.60
378.71	1216.41
378.93	1221.67
379.14	1215.35
379.35	1228.43
379.56	1217.37
379.77	1220.10
379.98	1215.61
380.19	1227.47
380.40	1213.77
380.61	1216.02
380.82	1215.65
381.03	1221.10
381.24	1217.03
381.45	1224.42
381.66	1222.80
381.88	1225.89
382.09	1214.71
382.30	1226.86
382.51	1220.14
382.72	1222.78
382.93	1210.39
383.14	1221.65
383.35	1215.92
383.56	1227.22
383.77	1223.21
383.98	1221.61
384.19	1211.29
384.40	1216.55
384.61	1212.25
384.82	1223.87
385.03	1209.84
385.24	1220.36
385.45	1217.48
385.67	1226.39
385.88	1213.48
386.09	1221.78
386.30	1205.91
386.51	1214.81
386.72	1218.25
386.93	1226.41
387.14	1213.56
387.35	1226.65
387.56	1221.59
387.77	1221.72
387.98	1217.91
388.19	1224.60
388.40	1219.87
388.61	1219.22
388.82	1208.34
389.03	1219.38
389.24	1210.29
389.45	1225.73
389.66	1213.42
389.87	1227.06
390.08	1216.94
390.29	1224.44
390.50	1218.95
390.71	1221.84
390.92	1213.18
391.13	1223.50
391.34	1210.55
391.55	1225.52
391.76	1214.04
391.98	1220.47
392.19	1211.35
392.40	1222.45
392.61	1214.38
392.82	1221.02
393.03	1210.25
393.24	1227.72
393.45	1219.26
393.66	1217.37
393.87	1212.66
394.08	1228.02
394.29	1214.49
394.50	1228.31
394.71	1209.37
394.92	1221.84
395.13	1217.01
395.34	1219.42
395.55	1215.10
395.76	1217.05
395.97	1218.03
396.18	1220.86
396.39	1212.50
396.60	1226.73
396.81	1226.94
397.02	1218.42
397.23	1215.67
397.44	1222.90
397.65	1215.67
397.86	1215.39
398.07	1219.09
398.28	1221.33
398.49	1224.77
398.70	1219.14
398.91	1215.76
399.12	1217.74
399.33	1211.72
399.54	1227.92
399.75	1217.46
399.96	1220.57
400.17	1211.62
400.38	1222.49
400.59	1209.98
400.80	1225.09
401.01	1217.74
401.22	1221.51
401.42	1214.92
401.63	1222.37
401.84	1215.06
402.05	1221.80
402.26	1210.62
402.47	1228.13
402.68	1219.46
402.89	1222.21
403.10	1216.51
403.31	1222.02
403.52	1220.49
403.73	1219.40
403.94	1218.68
404.15	1231.98
404.36	1217.87
404.57	1219.75
404.78	1210.78
404.99	1223.60
405.20	1213.69
405.41	1225.28
405.62	1222.10
405.83	1221.20
406.04	1220.49
406.25	1223.91
406.46	1221.70
406.67	1223.54
406.88	1217.66
407.09	1219.40
407.30	1214.86
407.50	1225.32
407.71	1218.56
407.92	1226.12
408.13	1221.27
408.34	1226.20
408.55	1220.59
408.76	1221.90
408.97	1224.71
409.18	1224.09
409.39	1219.65
409.60	1223.31
409.81	1222.41
410.02	1222.29
410.23	1216.33
410.44	1221.02
410.65	1214.67
410.86	1218.36
411.07	1211.66
411.27	1228.66
411.48	1215.04
411.69	1223.58
411.90	1218.91
412.11	1222.49
412.32	1219.65
412.53	1220.65
412.74	1218.46
412.95	1227.20
413.16	1218.07
413.37	1220.49
413.58	1221.22
413.79	1221.57
414.00	1214.57
414.20	1217.48
414.41	1216.82
414.62	1218.46
414.83	1216.84
415.04	1220.79
415.25	1230.30
415.46	1219.54
415.67	1213.71
415.88	1221.27
416.09	1212.54
416.30	1219.38
416.51	1214.32
416.71	1229.25
416.92	1213.87
417.13	1221.67
417.34	1215.82
417.55	1224.26
417.76	1216.19
417.97	1223.60
418.18	1216.98
418.39	1229.01
418.60	1216.19
418.81	1218.44
419.01	1221.90
419.22	1221.08
419.43	1211.97
419.64	1220.84
419.85	1211.89
420.06	1229.29
420.27	1215.31
420.48	1223.66
420.69	1210.47
420.90	1227.63
421.10	1210.55
421.31	1222.72
421.52	1216.53
421.73	1213.79
421.94	1215.76
422.15	1222.37
422.36	1207.32
422.57	1225.34
422.78	1216.84
422.98	1225.96
423.19	1222.10
423.40	1231.40
423.61	1219.03
423.82	1223.42
424.03	1213.42
424.24	1222.94
424.45	1209.24
424.65	1222.08
424.86	1213.93
425.07	1217.50
425.28	1216.15
425.49	1218.32
425.70	1213.77
425.91	1224.60
426.12	1216.15
426.32	1227.43
426.53	1216.78
426.74	1221.39
426.95	1224.09
427.16	1226.79
427.37	1212.58
427.58	1226.90
427.78	1217.91
427.99	1223.05
428.20	1212.19
428.41	1214.26
428.62	1209.51
428.83	1219.97
429.04	1221.57
429.24	1217.23
429.45	1213.38
429.66	1224.93
429.87	1216.12
430.08	1221.92
430.29	1221.41
430.50	1217.25
430.70	1215.12
430.91	1222.33
431.12	1215.04
431.33	1225.38
431.54	1221.80
431.75	1225.38
431.96	1222.94
432.16	1230.11
432.37	1215.47
432.58	1221.37
432.79	1217.95
433.00	1227.94
433.21	1213.46
433.41	1222.08
433.62	1218.09
433.83	1219.18
434.04	1218.34
434.25	1216.35
434.46	1212.77
434.66	1221.16
434.87	1222.06
435.08	1222.78
435.29	1221.08
435.50	1223.23
435.71	1222.60
435.91	1221.70
436.12	1213.95
436.33	1223.62
436.54	1217.66
436.75	1227.70
436.95	1221.41
437.16	1227.39
437.37	1217.50
437.58	1226.08
437.79	1214.65
438.00	1220.67
438.20	1216.06
438.41	1218.58
438.62	1217.19
438.83	1222.00
439.04	1219.61
439.24	1219.36
439.45	1215.80
439.66	1222.76
439.87	1207.36
440.08	1218.89
440.28	1214.63
440.49	1218.68
440.70	1218.68
440.91	1227.06
441.12	1218.01
441.32	1226.20
441.53	1214.22
441.74	1225.69
441.95	1222.25
442.16	1221.00
442.36	1211.78
442.57	1228.13
442.78	1212.58
442.99	1224.85
443.20	1219.11
443.40	1219.89
443.61	1217.62
443.82	1219.07
444.03	1216.88
444.24	1221.02
444.44	1216.96
444.65	1222.66
444.86	1217.05
445.07	1223.48
445.27	1215.22
445.48	1224.17
445.69	1216.04
445.90	1224.93
446.11	1209.84
446.31	1219.71
446.52	1215.08
446.73	1227.70
446.94	1214.81
447.14	1228.54
447.35	1219.07
447.56	1219.30
447.77	1217.52
447.97	1220.41
448.18	1211.03
448.39	1218.91
448.60	1217.39
448.81	1214.90
449.01	1220.65
449.22	1220.38
449.43	1214.90
449.64	1222.27
449.84	1219.81
450.05	1224.81
450.26	1217.95
450.47	1225.01
450.67	1211.43
450.88	1222.39
451.09	1214.57
451.30	1225.71
451.50	1217.19
451.71	1218.48
451.92	1206.91
452.13	1219.95
452.33	1215.08
452.54	1219.81
452.75	1214.67
452.96	1230.44
453.16	1213.61
453.37	1223.93
453.58	1216.17
453.79	1221.92
453.99	1219.28
454.20	1219.59
454.41	1210.60
454.61	1218.13
454.82	1215.94
455.03	1227.80
455.24	1214.96
455.44	1223.33
455.65	1213.09
455.86	1223.64
456.07	1222.37
456.27	1215.29
456.48	1215.12
456.69	1222.06
456.90	1216.41
457.10	1221.37
457.31	1221.02
457.52	1227.18
457.72	1213.77
457.93	1220.65
458.14	1220.57
458.35	1228.27
458.55	1213.44
458.76	1225.87
458.97	1217.19
459.17	1226.34
459.38	1220.24
459.59	1227.41
459.80	1214.40
460.00	1219.03
460.21	1218.81
460.42	1220.20
460.62	1216.68
460.83	1220.67
461.04	1224.19
461.25	1225.07
461.45	1224.60
461.66	1223.56
461.87	1218.52
462.07	1227.76
462.28	1212.99
462.49	1220.81
462.69	1223.68
462.90	1228.74
463.11	1220.67
463.31	1225.46
463.52	1212.93
463.73	1217.50
463.94	1220.49
464.14	1227.00
464.35	1220.73
464.56	1219.73
464.76	1224.52
464.97	1228.68
465.18	1220.08
465.38	1218.54
465.59	1220.47
465.80	1225.40
466.00	1211.62
466.21	1221.12
466.42	1216.15
466.62	1219.87
466.83	1212.97
467.04	1225.30
467.24	1219.18
467.45	1218.68
467.66	1209.04
467.86	1222.33
468.07	1210.84
468.28	1223.78
468.48	1218.62
468.69	1218.75
468.90	1227.51
469.10	1228.41
469.31	1221.67
469.52	1223.42
469.72	1219.16
469.93	1226.59
470.14	1215.22
470.34	1226.88
470.55	1221.84
470.76	1226.69
470.96	1216.00
471.17	1218.91
471.38	1216.96
471.58	1227.78
471.79	1217.48
472.00	1212.93
472.20	1213.01
472.41	1227.39
472.62	1219.67
472.82	1221.88
473.03	1214.59
473.24	1216.53
473.44	1219.38
473.65	1218.91
473.85	1211.60
474.06	1223.89
474.27	1211.70
474.47	1217.42
474.68	1218.93
474.89	1231.34
475.09	1216.10
475.30	1218.85
475.51	1216.66
475.71	1229.48
475.92	1217.39
476.12	1225.14
476.33	1215.78
476.54	1219.77
476.74	1218.32
476.95	1221.27
477.16	1212.60
477.36	1221.00
477.57	1214.83
477.77	1219.91
477.98	1215.80
478.19	1219.75
478.39	1214.51
478.60	1224.36
478.81	1216.10
479.01	1222.35
479.22	1210.90
479.42	1228.21
479.63	1209.53
479.84	1219.61
480.04	1216.84
480.25	1218.15
480.45	1213.65
480.66	1219.05
480.87	1217.99
481.07	1220.84
481.28	1217.52
481.48	1214.71
481.69	1214.63
481.90	1221.14
482.10	1216.08
482.31	1227.90
482.51	1218.36
482.72	1223.76
482.93	1213.75
483.13	1221.33
483.34	1214.94
483.54	1216.53
483.75	1215.84
483.96	1224.23
484.16	1210.88
484.37	1223.93
484.57	1208.53
484.78	1220.12
484.99	1216.82
485.19	1223.31
485.40	1217.07
485.60	1225.59
485.81	1214.28
486.01	1226.59
486.22	1224.77
486.43	1224.11
486.63	1214.26
486.84	1225.26
487.04	1216.31
487.25	1222.06
487.46	1214.77
487.66	1215.86
487.87	1226.43
488.07	1218.79
488.28	1215.45
488.48	1222.74
488.69	1219.59
488.89	1232.02
489.10	1212.21
489.31	1222.43
489.51	1212.48
489.72	1219.30
489.92	1218.42
490.13	1225.65
490.33	1211.39
490.54	1221.47
490.75	1219.42
490.95	1210.00
491.16	1222.25
491.36	1215.92
491.57	1215.82
491.77	1218.87
491.98	1224.07
492.18	1230.36
492.39	1218.75
492.59	1225.22
492.80	1212.27
493.01	1223.50
493.21	1216.12
493.42	1226.02
493.62	1221.88
493.83	1217.11
494.03	1214.26
494.24	1225.07
494.44	1213.22
494.65	1222.74
494.85	1211.39
495.06	1215.65
495.26	1216.78
495.47	1222.19
495.68	1212.34
495.88	1228.64
496.09	1218.99
496.29	1223.64
496.50	1217.05
496.70	1220.28
496.91	1214.55
497.11	1223.48
497.32	1219.61
497.52	1226.53
497.73	1216.64
497.93	1226.12
498.14	1221.61
498.34	1220.81
498.55	1217.82
498.75	1223.25
498.96	1222.37
499.16	1220.34
499.37	1217.76
499.57	1222.04
499.78	1213.34
499.98	1226.67
500.19	1217.09
500.39	1230.95
500.60	1213.93
500.80	1221.00
501.01	1218.30
501.21	1216.84
501.42	1211.78
501.62	1219.26
501.83	1215.02
502.03	1219.05
502.24	1225.91
502.44	1224.34
502.65	1217.05
502.85	1236.38
503.06	1208.96
503.26	1222.82
503.47	1215.04
503.67	1224.64
503.88	1213.97
504.08	1222.15
504.29	1212.95
504.49	1218.64
504.70	1217.50
504.90	1224.42
505.11	1219.57
505.31	1228.47
505.52	1218.21
505.72	1223.37
505.93	1223.01
506.13	1221.61
506.34	1217.85
506.54	1225.55
506.75	1213.65
506.95	1216.58
507.16	1220.32
507.36	1219.18
507.56	1212.62
507.77	1221.96
507.97	1216.68
508.18	1217.89
508.38	1214.69
508.59	1223.52
508.79	1224.13
509.00	1224.69
509.20	1215.24
509.41	1222.97
509.61	1214.63
509.82	1218.66
510.02	1214.38
510.22	1227.45
510.43	1212.48
510.63	1223.83
510.84	1216.17
511.04	1224.89
511.25	1212.42
511.45	1227.61
511.66	1215.94
511.86	1217.99
512.06	1215.86
512.27	1225.07
512.47	1208.81
512.68	1220.24
512.88	1216.76
513.09	1221.82
513.29	1215.41
513.50	1219.03
513.70	1217.97
513.90	1219.65
514.11	1217.31
514.31	1224.23
514.52	1215.65
514.72	1219.95
514.93	1218.11
515.13	1220.00
515.33	1216.55
515.54	1215.08
515.74	1214.26
515.95	1221.80
516.15	1207.91
516.36	1224.13
516.56	1216.62
516.76	1226.32
516.97	1216.02
517.17	1225.30
517.38	1210.39
517.58	1221.51
517.78	1214.12
517.99	1216.84
518.19	1216.53
518.40	1215.57
518.60	1218.46
518.81	1227.57
519.01	1209.33
519.21	1221.98
519.42	1217.80
519.62	1221.45
519.83	1221.78
520.03	1224.60
520.23	1217.01
520.44	1224.97
520.64	1216.39
520.85	1218.48
521.05	1214.49
521.25	1223.29
521.46	1213.91
521.66	1220.81
521.86	1215.69
522.07	1226.84
522.27	1218.46
522.48	1219.69
522.68	1211.72
522.88	1217.50
523.09	1210.57
523.29	1226.82
523.50	1216.96
523.70	1221.16
523.90	1219.52
524.11	1216.19
524.31	1222.19
524.51	1223.37
524.72	1211.48
524.92	1227.12
525.13	1209.69
525.33	1222.60
525.53	1218.73
525.74	1221.06
525.94	1216.35
526.14	1222.74
526.35	1216.15
526.55	1224.85
526.76	1214.96
526.96	1218.79
527.16	1216.74
527.37	1227.02
527.57	1214.96
527.77	1226.26
527.98	1224.79
528.18	1216.66
528.38	1215.51
528.59	1220.86
528.79	1214.63
528.99	1222.41
529.20	1211.84
529.40	1215.00
529.61	1212.85
529.81	1223.83
530.01	1225.32
530.22	1217.27
530.42	1213.52
530.62	1222.47
530.83	1217.62
531.03	1228.08
531.23	1217.72
531.44	1218.71
531.64	1217.31
531.84	1221.94
532.05	1213.99
532.25	1219.97
532.45	1214.96
532.66	1228.52
532.86	1216.84
533.06	1216.88
533.27	1210.21
533.47	1222.76
533.67	1215.74
533.88	1227.43
534.08	1219.71
534.28	1226.61
534.49	1218.42
534.69	1219.75
534.89	1215.72
535.09	1222.78
535.30	1213.83
535.50	1222.47
535.70	1210.51
535.91	1229.03
536.11	1214.34
536.31	1226.14
536.52	1211.82
536.72	1228.60
536.92	1214.90
537.13	1223.83
537.33	1215.12
537.53	1218.83
537.74	1216.35
537.94	1215.47
538.14	1215.65
538.34	1223.19
538.55	1220.08
538.75	1227.72
538.95	1219.11
539.16	1216.47
539.36	1216.04
539.56	1227.00
539.77	1218.34
539.97	1231.44
540.17	1215.16
540.37	1226.43
540.58	1218.32
540.78	1228.78
540.98	1222.68
541.19	1218.93
541.39	1217.82
541.59	1224.07
541.79	1218.52
542.00	1223.97
542.20	1216.10
542.40	1218.75
542.60	1215.16
542.81	1219.44
543.01	1220.38
543.21	1211.66
543.42	1215.33
543.62	1222.68
543.82	1214.65
544.02	1218.23
544.23	1217.97
544.43	1222.92
544.63	1216.10
544.83	1226.06
545.04	1221.35
545.24	1228.99
545.44	1209.90
545.64	1215.33
545.85	1213.77
546.05	1220.38
546.25	1221.63
546.45	1224.17
546.66	1219.22
546.86	1215.02
547.06	1203.76
547.27	1218.15
547.47	1212.75
547.67	1222.90
547.87	1220.65
548.07	1223.80
548.28	1215.59
548.48	1221.82
548.68	1213.20
548.88	1223.80
549.09	1213.24
549.29	1216.96
549.49	1215.67
549.69	1223.33
549.90	1215.00
550.10	1221.04
550.30	1219.93
550.50	1223.99
550.71	1219.89
550.91	1210.80
551.11	1216.70
551.31	1221.37
551.51	1221.49
551.72	1222.10
551.92	1215.90
552.12	1214.57
552.32	1214.49
552.53	1221.27
552.73	1211.48
552.93	1219.01
553.13	1213.61
553.33	1223.74
553.54	1211.37
553.74	1223.97
553.94	1222.99
554.14	1217.87
554.35	1213.34
554.55	1221.22
554.75	1219.38
554.95	1216.17
555.15	1218.87
555.36	1225.85
555.56	1216.94
555.76	1224.46
555.96	1219.36
556.16	1223.05
556.37	1215.63
556.57	1217.42
556.77	1212.19
556.97	1223.09
557.17	1210.86
557.38	1224.56
557.58	1217.70
557.78	1221.51
557.98	1219.34
558.18	1218.58
558.38	1214.51
558.59	1219.77
558.79	1216.25
558.99	1219.54
559.19	1218.38
559.39	1221.08
559.60	1212.68
559.80	1220.22
560.00	1222.21
560.20	1222.47
560.40	1212.40
560.60	1220.94
560.81	1209.59
561.01	1224.77
561.21	1221.35
561.41	1231.46
561.61	1211.07
561.81	1222.97
562.02	1219.03
562.22	1223.85
562.42	1214.92
562.62	1224.60
562.82	1213.16
563.02	1220.90
563.23	1219.85
563.43	1222.84
563.63	1218.07
563.83	1217.99
564.03	1218.56
564.23	1220.49
564.43	1206.13
564.64	1226.88
564.84	1211.74
565.04	1217.11
565.24	1211.23
565.44	1217.76
565.64	1214.67
565.85	1221.65
566.05	1211.48
566.25	1219.54
566.45	1215.47
566.65	1224.30
566.85	1221.82
567.05	1219.83
567.25	1212.54
567.46	1226.61
567.66	1211.17
567.86	1222.74
568.06	1216.98
568.26	1215.88
568.46	1210.92
568.66	1218.56
568.86	1218.32
569.07	1221.90
569.27	1217.91
569.47	1217.09
569.67	1220.18
569.87	1223.03
570.07	1219.61
570.27	1222.10
570.47	1209.04
570.68	1226.71
570.88	1214.34
571.08	1220.30
571.28	1220.59
571.48	1213.87
571.68	1212.79
571.88	1226.39
572.08	1215.61
572.28	1221.02
572.49	1221.61
572.69	1218.81
572.89	1215.65
573.09	1218.71
573.29	1219.61
573.49	1220.94
573.69	1221.22
573.89	1215.22
574.09	1226.84
574.29	1221.74
574.50	1213.50
574.70	1223.46
574.90	1217.13
575.10	1221.41
575.30	1216.29
575.50	1224.97
575.70	1231.26
575.90	1221.63
576.10	1212.44
576.30	1221.00
576.50	1209.24
576.70	1216.86
576.91	1211.41
577.11	1224.32
577.31	1216.19
577.51	1222.53
577.71	1218.05
577.91	1215.47
578.11	1217.58
578.31	1218.77
578.51	1217.97
578.71	1217.68
578.91	1214.67
579.11	1225.32
579.31	1220.30
579.51	1220.06
579.71	1214.08
579.92	1228.25
580.12	1213.67
580.32	1226.10
580.52	1213.03
580.72	1226.53
580.92	1211.52
581.12	1220.18
581.32	1223.76
581.52	1217.80
581.72	1219.57
581.92	1220.69
582.12	1212.54
582.32	1220.86
582.52	1225.42
582.72	1225.63
582.92	1214.47
583.12	1223.17
583.32	1222.31
583.52	1227.63
583.72	1216.74
583.92	1225.12
584.12	1218.03
584.33	1215.53
584.53	1212.62
584.73	1226.55
584.93	1221.18
585.13	1217.95
585.33	1212.21
585.53	1222.62
585.73	1216.00
585.93	1221.70
586.13	1209.45
586.33	1219.40
586.53	1214.90
586.73	1221.98
586.93	1210.47
587.13	1225.65
587.33	1215.04
587.53	1228.11
587.73	1211.39
587.93	1220.71
588.13	1219.63
588.33	1223.54
588.53	1216.21
588.73	1226.47
588.93	1210.45
589.13	1220.16
589.33	1211.11
589.53	1221.45
589.73	1218.48
589.93	1223.01
590.13	1215.04
590.33	1219.54
590.53	1214.69
590.73	1217.39
590.93	1215.67
591.13	1217.13
591.33	1216.92
591.53	1224.13
591.73	1214.38
591.93	1224.87
592.13	1220.57
592.33	1226.02
592.53	1216.29
592.73	1218.38
592.93	1218.09
593.13	1222.27
593.33	1213.67
593.53	1221.80
593.73	1214.90
593.93	1221.55
594.13	1220.88
594.33	1226.43
594.53	1218.40
594.73	1218.77
594.92	1213.24
595.12	1219.77
595.32	1221.70
595.52	1220.57
595.72	1220.02
595.92	1220.69
596.12	1224.01
596.32	1219.85
596.52	1219.85
596.72	1222.19
596.92	1218.34
597.12	1220.32
597.32	1219.81
597.52	1225.61
597.72	1208.90
597.92	1220.08
598.12	1213.87
598.32	1222.97
598.52	1220.14
598.72	1220.69
598.92	1216.21
599.12	1221.08
599.31	1208.14
599.51	1218.05
599.71	1214.40
599.91	1216.55
600.11	1213.54
600.31	1221.24
600.51	1219.34
600.71	1222.21
600.91	1216.62
601.11	1214.12
601.31	1218.91
601.51	1213.69
601.71	1222.04
601.91	1220.59
602.10	1218.52
602.30	1220.45
602.50	1221.20
602.70	1228.80
602.90	1213.89
603.10	1224.23
603.30	1221.31
603.50	1225.73
603.70	1217.93
603.90	1221.55
604.10	1222.41
604.30	1220.65
604.49	1216.76
604.69	1223.07
604.89	1214.61
605.09	1220.41
605.29	1215.41
605.49	1224.11
605.69	1209.90
605.89	1216.74
606.09	1211.27
606.29	1217.78
606.48	1214.98
606.68	1226.86
606.88	1219.07
607.08	1226.77
607.28	1216.02
607.48	1224.36
607.68	1212.83
607.88	1219.57
608.08	1214.90
608.27	1230.34
608.47	1217.74
608.67	1220.71
608.87	1217.91
609.07	1220.67
609.27	1211.78
609.47	1220.73
609.67	1217.15
609.87	1228.52
610.06	1214.75
610.26	1220.00
610.46	1207.83
610.66	1217.50
610.86	1219.48
611.06	1220.77
611.26	1211.27
611.45	1230.26
611.65	1220.34
611.85	1216.72
612.05	1211.54
612.25	1220.16
612.45	1213.13
612.65	1230.28
612.84	1210.06
613.04	1221.88
613.24	1218.30
613.44	1215.69
613.64	1218.19
613.84	1222.76
614.04	1223.17
614.23	1226.39
614.43	1218.17
614.63	1230.50
614.83	1214.98
615.03	1229.31
615.23	1215.53
615.42	1225.16
615.62	1212.54
615.82	1220.65
616.02	1220.22
616.22	1219.77
616.42	1216.23
616.61	1221.53
616.81	1212.25
617.01	1223.54
617.21	1214.30
617.41	1223.56
617.61	1211.11
617.80	1221.20
618.00	1211.72
618.20	1216.64
618.40	1213.48
618.60	1219.89
618.80	1213.03
618.99	1217.33
619.19	1215.57
619.39	1223.33
619.59	1216.29
619.79	1223.93
619.98	1212.23
620.18	1220.98
620.38	1212.95
620.58	1221.94
620.78	1214.53
620.97	1224.71
621.17	1215.84
621.37	1214.98
621.57	1214.57
621.77	1213.61
621.96	1208.08
622.16	1218.48
622.36	1220.41
622.56	1225.75
622.76	1210.96
622.95	1217.76
623.15	1214.24
623.35	1221.18
623.55	1219.34
623.75	1222.53
623.94	1217.25
624.14	1221.57
624.34	1220.73
624.54	1218.34
624.73	1211.33
624.93	1220.36
625.13	1217.76
625.33	1214.02
625.53	1214.06
625.72	1225.40
625.92	1220.24
626.12	1223.40
626.32	1209.59
626.51	1223.21
626.71	1215.08
626.91	1233.23
627.11	1210.39
627.30	1222.70
627.50	1217.89
627.70	1227.22
627.90	1218.52
628.10	1221.47
628.29	1216.84
628.49	1223.80
628.69	1222.88
628.89	1224.09
629.08	1226.02
629.28	1219.40
629.48	1218.99
629.68	1222.19
629.87	1217.68
630.07	1219.36
630.27	1215.04
630.47	1225.09
630.66	1218.44
630.86	1223.58
631.06	1209.74
631.25	1214.04
631.45	1208.94
631.65	1220.51
631.85	1215.45
632.04	1222.66
632.24	1212.54
632.44	1227.53
632.64	1210.90
632.83	1220.00
633.03	1214.42
633.23	1226.88
633.42	1213.26
633.62	1218.73
633.82	1220.12
634.02	1216.90
634.21	1213.36
634.41	1225.24
634.61	1215.86
634.81	1219.67
635.00	1207.61
635.20	1221.70
635.40	1212.01
635.59	1219.28
635.79	1218.05
635.99	1222.70
636.18	1219.36
636.38	1223.52
636.58	1218.50
636.78	1217.74
636.97	1218.34
637.17	1215.65
637.37	1218.03
637.56	1220.94
637.76	1216.74
637.96	1220.26
638.15	1214.67
638.35	1216.86
638.55	1214.14
638.74	1217.97
638.94	1218.66
639.14	1221.57
639.34	1215.67
639.53	1219.93
639.73	1217.17
639.93	1218.83
640.12	1217.42
640.32	1218.03
640.52	1215.18
640.71	1212.11
640.91	1213.99
641.11	1227.29
641.30	1213.01
641.50	1227.10
641.70	1217.29
641.89	1216.94
642.09	1216.45
642.29	1218.77
642.48	1215.00
642.68	1222.66
642.88	1215.14
643.07	1224.77
643.27	1223.78
643.47	1218.38
643.66	1212.48
643.86	1220.28
644.06	1215.41
644.25	1226.96
644.45	1214.90
644.65	1222.60
644.84	1216.76
645.04	1220.79
645.23	1210.43
645.43	1218.54
645.63	1215.90
645.82	1220.79
646.02	1212.05
646.22	1227.29
646.41	1216.33
646.61	1223.03
646.81	1210.49
647.00	1224.54
647.20	1216.02
647.39	1214.63
647.59	1212.54
647.79	1223.31
647.98	1213.79
648.18	1220.92
648.38	1214.92
648.57	1224.89
648.77	1217.60
648.96	1216.64
649.16	1210.21
649.36	1223.17
649.55	1214.61
649.75	1220.75
649.95	1215.59
650.14	1217.58
650.34	1218.15
650.53	1226.18
650.73	1209.57
650.93	1221.08
651.12	1211.37
651.32	1217.74
651.51	1209.63
651.71	1221.55
651.91	1213.13
652.10	1221.31
652.30	1215.67
652.49	1224.01
652.69	1215.26
652.89	1221.31
653.08	1210.82
653.28	1223.23
653.47	1216.49
653.67	1221.67
653.86	1215.63
654.06	1220.90
654.26	1219.38
654.45	1218.93
654.65	1211.54
654.84	1230.62
655.04	1216.45
655.24	1223.11
655.43	1222.13
655.63	1216.47
655.82	1210.70
656.02	1222.39
656.21	1224.93
656.41	1220.24
656.61	1214.08
656.80	1224.05
657.00	1214.61
657.19	1227.00
657.39	1209.43
657.58	1212.30
657.78	1213.38
657.97	1221.08
658.17	1217.27
658.37	1217.95
658.56	1218.79
658.76	1220.71
658.95	1210.70
659.15	1231.10
659.34	1221.37
659.54	1225.98
659.73	1212.91
659.93	1221.88
660.13	1222.15
660.32	1220.30
660.52	1215.16
660.71	1219.65
660.91	1212.97
661.10	1220.90
661.30	1220.10
661.49	1213.93
661.69	1216.51
661.88	1223.76
662.08	1216.82
662.27	1220.12
662.47	1221.08
662.66	1222.45
662.86	1215.90
663.06	1217.97
663.25	1220.86
663.45	1224.71
663.64	1210.00
663.84	1226.79
664.03	1208.36
664.23	1219.93
664.42	1223.76
664.62	1224.66
664.81	1216.43
665.01	1224.26
665.20	1216.33
665.40	1224.69
665.59	1217.89
665.79	1215.26
665.98	1223.70
666.18	1217.87
666.37	1215.12
666.57	1224.64
666.76	1215.08
666.96	1219.81
667.15	1214.92
667.35	1223.52
667.54	1221.00
667.74	1224.19
667.93	1216.04
668.13	1223.60
668.32	1212.89
668.52	1220.32
668.71	1213.38
668.91	1212.73
669.10	1218.44
669.30	1224.83
669.49	1214.49
669.68	1217.11
669.88	1208.98
670.07	1220.49
670.27	1213.79
670.46	1226.14
670.66	1209.18
670.85	1220.16
671.05	1218.42
671.24	1225.63
671.44	1212.44
671.63	1222.99
671.83	1222.82
672.02	1221.96
672.22	1210.08
672.41	1225.20
672.60	1211.93
672.80	1225.98
672.99	1212.50
673.19	1226.14
673.38	1210.60
673.58	1223.05
673.77	1213.38
673.97	1220.10
674.16	1223.64
674.36	1220.18
674.55	1213.34
674.74	1216.53
674.94	1212.97
675.13	1216.92
675.33	1213.67
675.52	1232.14
675.72	1221.92
675.91	1226.53
676.10	1210.23
676.30	1224.50
676.49	1207.87
676.69	1230.79
676.88	1220.71
677.08	1224.34
677.27	1214.24
677.46	1223.31
677.66	1218.75
677.85	1220.96
678.05	1212.40
678.24	1219.11
678.44	1210.53
678.63	1213.89
678.82	1217.27
679.02	1220.02
679.21	1213.52
679.41	1220.38
679.60	1211.41
679.79	1218.75
679.99	1205.70
680.18	1226.75
680.38	1217.76
680.57	1221.98
680.76	1219.14
680.96	1225.48
681.15	1214.38
681.35	1220.86
681.54	1216.76
681.73	1219.54
681.93	1213.63
682.12	1226.22
682.32	1220.04
682.51	1220.55
682.70	1220.55
682.90	1223.80
683.09	1214.08
683.29	1218.89
683.48	1216.27
683.67	1230.15
683.87	1224.17
684.06	1223.91
684.25	1214.14
684.45	1226.90
684.64	1218.99
684.84	1225.89
685.03	1213.48
685.22	1219.87
685.42	1213.99
685.61	1222.21
685.80	1221.04
686.00	1223.62
686.19	1218.15
686.38	1225.46
686.58	1216.68
686.77	1222.21
686.96	1222.78
687.16	1217.64
687.35	1215.92
687.55	1219.87
687.74	1216.33
687.93	1218.60
688.13	1217.09
688.32	1220.75
688.51	1214.81
688.71	1221.61
688.90	1212.62
689.09	1219.52
689.29	1213.87
689.48	1217.25
689.67	1217.07
689.87	1223.85
690.06	1213.79
690.25	1221.31
690.45	1215.86
690.64	1220.75
690.83	1221.86
691.03	1224.93
691.22	1215.53
691.41	1216.23
691.61	1215.53
691.80	1227.45
691.99	1216.10
692.19	1229.68
692.38	1212.11
692.57	1223.35
692.76	1214.69
692.96	1220.88
693.15	1216.80
693.34	1214.22
693.54	1215.53
693.73	1227.29
693.92	1219.77
694.12	1221.86
694.31	1217.54
694.50	1216.55
694.70	1216.41
694.89	1224.87
695.08	1209.71
695.27	1222.74
695.47	1221.61
695.66	1223.23
695.85	1221.18
696.05	1222.25
696.24	1210.25
696.43	1221.76
696.62	1217.64
696.82	1228.35
697.01	1217.39
697.20	1221.49
697.40	1216.68
697.59	1227.74
697.78	1219.28
697.97	1220.77
698.17	1214.79
698.36	1225.93
698.55	1218.11
698.74	1219.48
698.94	1220.06
699.13	1222.62
699.32	1221.90
699.52	1225.55
699.71	1218.46
699.90	1220.43
700.09	1221.49
700.29	1221.57
700.48	1215.53
700.67	1223.97
700.86	1213.34
701.06	1223.48
701.25	1216.39
701.44	1222.51
701.63	1221.59
701.83	1215.94
702.02	1211.13
702.21	1221.51
702.40	1211.11
702.60	1221.90
702.79	1213.87
702.98	1221.88
703.17	1212.70
703.37	1222.66
703.56	1212.99
703.75	1221.14
703.94	1216.06
704.13	1216.12
704.33	1218.03
704.52	1219.59
704.71	1217.82
704.90	1225.28
705.10	1214.73
705.29	1219.69
705.48	1211.76
705.67	1222.29
705.86	1215.39
706.06	1223.35
706.25	1212.48
706.44	1221.14
706.63	1213.83
706.83	1223.44
707.02	1215.35
707.21	1218.03
707.40	1222.27
707.59	1217.80
707.79	1222.21
707.98	1219.77
708.17	1213.34
708.36	1222.08
708.55	1221.84
708.75	1222.27
708.94	1221.65
709.13	1221.35
709.32	1216.29
709.51	1222.17
709.71	1219.75
709.90	1225.34
710.09	1213.11
710.28	1225.14
710.47	1221.57
710.66	1220.49
710.86	1212.79
711.05	1221.20
711.24	1211.31
711.43	1216.92
711.62	1212.85
711.82	1223.64
712.01	1214.30
712.20	1222.17
712.39	1217.07
712.58	1226.10
712.77	1215.14
712.97	1225.07
713.16	1214.81
713.35	1213.34
713.54	1216.47
713.73	1228.76
713.92	1214.16
714.11	1226.18
714.31	1218.56
714.50	1215.76
714.69	1220.43
714.88	1218.52
715.07	1213.07
715.26	1223.66
715.46	1216.19
715.65	1222.66
715.84	1221.43
716.03	1228.29
716.22	1216.45
716.41	1219.93
716.60	1216.76
716.80	1215.20
716.99	1218.97
717.18	1217.95
717.37	1214.02
717.56	1214.90
717.75	1217.66
717.94	1226.47
718.13	1216.29
718.33	1213.52
718.52	1211.05
718.71	1220.88
718.90	1221.51
719.09	1224.48
719.28	1218.62
719.47	1226.26
719.66	1219.18
719.85	1220.20
720.05	1216.88
720.24	1216.39
720.43	1220.53
720.62	1221.33
720.81	1212.23
721.00	1221.27
721.19	1211.99
721.38	1220.30
721.57	1213.52
721.77	1219.26
721.96	1219.97
722.15	1219.83
722.34	1219.42
722.53	1226.49
722.72	1215.18
722.91	1215.53
723.10	1213.07
723.29	1231.18
723.48	1214.57
723.67	1223.11
723.87	1222.84
724.06	1224.46
724.25	1219.44
724.44	1218.87
724.63	1212.23
724.82	1222.82
725.01	1218.40
725.20	1219.85
725.39	1212.52
725.58	1225.20
725.77	1217.72
725.96	1217.31
726.15	1211.46
726.34	1222.17
726.54	1223.97
726.73	1219.69
726.92	1217.80
727.11	1220.94
727.30	1212.81
727.49	1220.06
727.68	1217.07
727.87	1218.36
728.06	1215.90
728.25	1227.16
728.44	1218.91
728.63	1220.32
728.82	1215.18
729.01	1220.84
729.20	1207.85
729.39	1228.95
729.58	1216.45
729.77	1224.83
729.96	1216.96
730.15	1221.08
730.34	1216.04
730.53	1226.79
730.73	1210.33
730.92	1216.39
731.11	1213.79
731.30	1219.46
731.49	1212.87
731.68	1221.80
731.87	1219.50
732.06	1221.86
732.25	1216.62
732.44	1225.24
732.63	1213.40
732.82	1225.16
733.01	1215.10
733.20	1221.39
733.39	1215.55
733.58	1219.54
733.77	1219.11
733.96	1226.16
734.15	1218.15
734.34	1224.97
734.53	1214.02
734.72	1222.72
734.91	1213.42
735.10	1224.95
735.29	1214.49
735.48	1225.73
735.67	1214.59
735.86	1228.25
736.05	1212.52
736.24	1225.65
736.43	1218.09
736.62	1216.21
736.81	1220.75
737.00	1226.86
737.19	1218.68
737.38	1221.65
737.57	1214.36
737.76	1217.35
737.95	1212.81
738.14	1218.42
738.33	1215.51
738.51	1221.74
738.70	1215.63
738.89	1227.20
739.08	1213.05
739.27	1218.15
739.46	1219.36
739.65	1219.67
739.84	1215.74
740.03	1222.70
740.22	1215.18
740.41	1222.10
740.60	1211.29
740.79	1224.03
740.98	1223.97
741.17	1222.02
741.36	1218.66
741.55	1224.11
741.74	1216.64
741.93	1227.86
742.12	1216.21
742.31	1225.81
742.50	1215.88
742.68	1221.31
742.87	1221.00
743.06	1229.46
743.25	1216.23
743.44	1215.47
743.63	1216.06
743.82	1216.80
744.01	1212.66
744.20	1222.27
744.39	1212.23
744.58	1217.76
744.77	1222.84
744.96	1218.66
745.14	1216.06
745.33	1221.29
745.52	1222.17
745.71	1221.24
745.90	1217.91
746.09	1217.85
746.28	1218.52
746.47	1221.18
746.66	1213.13
746.85	1220.81
747.04	1213.81
747.22	1223.11
747.41	1213.32
747.60	1221.14
747.79	1218.52
747.98	1223.74
748.17	1211.89
748.36	1220.28
748.55	1211.89
748.74	1223.21
748.93	1216.31
749.11	1223.80
749.30	1211.41
749.49	1226.43
749.68	1212.30
749.87	1222.60
750.06	1217.68
750.25	1226.51
750.44	1215.80
750.62	1218.81
750.81	1217.60
751.00	1229.46
751.19	1212.70
751.38	1217.91
751.57	1218.42
751.76	1221.72
751.95	1217.39
752.13	1224.13
752.32	1212.68
752.51	1220.65
752.70	1215.88
752.89	1229.74
753.08	1221.65
753.27	1219.44
753.45	1218.73
753.64	1215.90
753.83	1215.90
754.02	1231.10
754.21	1216.29
754.40	1219.63
754.58	1213.56
754.77	1228.21
754.96	1216.82
755.15	1230.03
755.34	1218.66
755.53	1221.63
755.71	1218.32
755.90	1221.72
756.09	1211.09
756.28	1224.19
756.47	1216.70
756.66	1230.30
756.84	1217.91
757.03	1222.80
757.22	1212.42
757.41	1219.30
757.60	1222.29
757.79	1224.89
757.97	1217.46
758.16	1219.77
758.35	1212.40
758.54	1222.43
758.73	1217.05
758.91	1223.66
759.10	1221.08
759.29	1227.43
759.48	1213.71
759.67	1228.33
759.85	1216.82
760.04	1227.08
760.23	1217.68
760.42	1225.89
760.61	1222.80
760.79	1217.60
760.98	1214.94
761.17	1220.90
761.36	1213.11
761.55	1221.39
761.73	1214.55
761.92	1225.79
762.11	1216.06
762.30	1223.35
762.49	1216.88
762.67	1222.21
762.86	1218.38
763.05	1221.14
763.24	1212.91
763.42	1223.37
763.61	1209.94
763.80	1224.73
763.99	1220.49
764.17	1222.08
764.36	1220.55
764.55	1218.19
764.74	1220.81
764.92	1230.46
765.11	1212.89
765.30	1222.97
765.49	1223.91
765.68	1216.51
765.86	1221.51
766.05	1217.31
766.24	1209.59
766.43	1218.42
766.61	1207.95
766.80	1230.64
766.99	1219.16
767.17	1229.07
767.36	1220.06
767.55	1221.63
767.74	1213.05
767.92	1226.63
768.11	1223.58
768.30	1225.07
768.49	1219.42
768.67	1228.78
768.86	1220.38
769.05	1227.86
769.24	1212.44
769.42	1218.87
769.61	1217.60
769.80	1223.64
769.98	1220.51
770.17	1220.81
770.36	1216.35
770.55	1224.87
770.73	1215.86
770.92	1221.49
771.11	1213.09
771.29	1226.12
771.48	1217.03
771.67	1218.77
771.86	1219.79
772.04	1221.43
772.23	1225.07
772.42	1230.48
772.60	1223.31
772.79	1224.77
772.98	1213.73
773.16	1217.91
773.35	1218.21
773.54	1230.85
773.72	1218.15
773.91	1219.34
774.10	1216.29
774.29	1224.95
774.47	1220.94
774.66	1226.36
774.85	1221.02
775.03	1228.19
775.22	1213.28
775.41	1229.95
775.59	1221.88
775.78	1227.47
775.97	1214.79
776.15	1230.75
776.34	1216.88
776.53	1229.95
776.71	1221.08
776.90	1224.23
777.09	1220.34
777.27	1232.88
777.46	1213.69
777.65	1230.62
777.83	1218.34
778.02	1225.26
778.21	1218.68
778.39	1228.92
778.58	1218.97
778.76	1230.42
778.95	1213.83
779.14	1227.63
779.32	1225.91
779.51	1225.46
779.70	1215.92
779.88	1227.47
780.07	1224.95
780.26	1224.52
780.44	1218.11
780.63	1228.41
780.81	1224.40
781.00	1226.43
781.19	1222.31
781.37	1228.25
781.56	1220.14
781.75	1227.59
781.93	1218.91
782.12	1230.99
782.30	1218.73
782.49	1226.55
782.68	1224.66
782.86	1229.03
783.05	1221.16
783.23	1231.91
783.42	1223.23
783.61	1229.83
783.79	1220.22
783.98	1228.06
784.16	1232.10
784.35	1233.16
784.54	1231.34
784.72	1230.56
784.91	1223.66
785.09	1229.42
785.28	1225.42
785.47	1229.97
785.65	1226.51
785.84	1230.21
786.02	1221.96
786.21	1231.63
786.40	1224.62
786.58	1227.18
786.77	1222.21
786.95	1227.45
787.14	1225.87
787.32	1234.90
787.51	1234.35
787.70	1228.43
787.88	1233.78
788.07	1236.30
788.25	1234.70
788.44	1242.58
788.62	1238.88
788.81	1232.43
789.00	1227.49
789.18	1243.92
789.37	1232.92
789.55	1242.42
789.74	1230.64
789.92	1242.20
790.11	1235.07
790.29	1241.03
790.48	1233.94
790.67	1242.79
790.85	1234.70
791.04	1240.93
791.22	1234.64
791.41	1240.72
791.59	1237.71
791.78	1242.05
791.96	1242.20
792.15	1242.73
792.33	1236.87
792.52	1247.85
792.70	1239.49
792.89	1242.67
793.07	1246.52
793.26	1246.76
793.45	1233.66
793.63	1251.23
793.82	1251.37
794.00	1253.15
794.19	1249.61
794.37	1249.85
794.56	1244.53
794.74	1255.61
794.93	1248.44
795.11	1255.04
795.30	1255.34
795.48	1249.90
795.67	1247.95
795.85	1262.47
796.04	1246.19
796.22	1262.35
796.41	1244.49
796.59	1258.23
796.78	1256.57
796.96	1253.54
797.15	1254.01
797.33	1255.57
797.52	1243.10
797.70	1261.34
797.89	1246.89
798.07	1255.38
798.26	1245.06
798.44	1250.86
798.63	1261.06
798.81	1252.21
798.99	1249.73
799.18	1243.69
799.36	1244.26
799.55	1250.16
799.73	1251.21
799.92	1254.87
800.10	1248.79
800.29	1255.98
800.47	1254.18
800.66	1252.21
800.84	1242.93
801.03	1246.19
801.21	1253.93
801.39	1257.17
801.58	1257.99
801.76	1268.92
801.95	1253.05
802.13	1266.30
802.32	1266.85
802.50	1271.19
802.69	1265.91
802.87	1277.42
803.06	1279.88
803.24	1292.31
803.42	1299.70
803.61	1308.92
803.79	1305.25
803.98	1330.71
804.16	1331.34
804.35	1351.52
804.53	1368.80
804.71	1402.61
804.90	1436.47
805.08	1515.60
805.27	1609.95
805.45	1765.29
805.63	1965.54
805.82	2208.94
806.00	2491.39
806.19	2830.46
806.37	3180.54
806.56	3542.17
806.74	3910.41
806.92	4273.17
807.11	4623.08
807.29	4941.97
807.48	5286.09
807.66	5548.28
807.84	5823.01
808.03	6044.56
808.21	6245.65
808.40	6461.98
808.58	6639.76
808.76	6848.69
808.95	7003.19
809.13	7152.33
809.32	7322.90
809.50	7418.91
809.68	7574.70
809.87	7676.73
810.05	7734.17
810.23	7819.04
810.42	7862.19
810.60	7926.11
810.79	7926.85
810.97	7885.03
811.15	7837.02
811.34	7717.81
811.52	7580.70
811.70	7397.67
811.89	7042.29
812.07	6778.45
812.25	6384.77
812.44	6014.64
812.62	5603.20
812.81	5221.09
812.99	4786.78
813.17	4476.92
813.36	4104.72
813.54	3800.29
813.72	3505.41
813.91	3245.62
814.09	3025.85
814.27	2852.57
814.46	2695.23
814.64	2586.91
814.82	2478.76
815.01	2401.41
815.19	2317.32
815.37	2291.74
815.56	2227.92
815.74	2196.77
815.92	2142.18
816.11	2123.50
816.29	2071.03
816.47	2031.28
816.66	2008.91
816.84	1981.80
817.02	1951.55
817.21	1921.20
817.39	1881.41
817.57	1866.35
817.76	1831.91
817.94	1815.32
818.12	1773.36
818.30	1767.46
818.49	1739.87
818.67	1721.40
818.85	1685.54
819.04	1677.92
819.22	1642.41
819.40	1634.65
819.59	1614.41
819.77	1603.38
819.95	1576.28
820.13	1580.50
820.32	1554.98
820.50	1548.78
820.68	1529.32
820.87	1522.56
821.05	1504.27
821.23	1511.26
821.41	1493.85
821.60	1497.82
821.78	1488.24
821.96	1505.22
822.14	1499.85
822.33	1520.37
822.51	1533.27
822.69	1564.59
822.88	1587.91
823.06	1607.33
823.24	1615.56
823.42	1650.46
823.61	1660.55
823.79	1678.29
823.97	1674.03
824.15	1682.28
824.34	1673.01
824.52	1685.83
824.70	1670.18
824.88	1669.61
825.07	1642.06
825.25	1641.84
825.43	1612.12
825.61	1606.00
825.80	1573.02
825.98	1564.22
826.16	1529.10
826.34	1522.56
826.53	1500.87
826.71	1480.91
826.89	1472.88
827.07	1453.44
827.25	1432.27
827.44	1422.60
827.62	1406.50
827.80	1403.80
827.98	1373.57
828.17	1371.34
828.35	1358.77
828.53	1355.78
828.71	1340.91
828.89	1338.02
829.08	1322.89
829.26	1330.20
829.44	1312.83
829.62	1319.90
829.80	1306.58
829.99	1312.73
830.17	1299.23
830.35	1306.91
830.53	1295.05
830.71	1286.96
830.90	1267.00
831.08	1272.38
831.26	1249.02
831.44	1259.15
831.62	1245.49
831.81	1248.73
831.99	1245.31
832.17	1245.57
832.35	1233.86
832.53	1242.11
832.71	1234.25
832.90	1241.50
833.08	1226.10
833.26	1233.61
833.44	1227.53
833.62	1237.08
833.81	1228.04
833.99	1229.15
834.17	1224.23
834.35	1233.94
834.53	1226.36
834.71	1229.21
834.89	1227.27
835.08	1237.69
835.26	1219.61
835.44	1245.43
835.62	1223.60
835.80	1229.38
835.98	1225.57
836.17	1240.74
836.35	1220.65
836.53	1236.40
836.71	1219.32
836.89	1235.11
837.07	1228.29
837.25	1237.12
837.44	1227.47
837.62	1231.85
837.80	1225.30
837.98	1242.24
838.16	1233.82
838.34	1236.01
838.52	1229.87
838.70	1231.79
838.89	1227.51
839.07	1231.79
839.25	1222.58
839.43	1237.44
839.61	1222.10
839.79	1234.13
839.97	1228.47
840.15	1234.60
840.33	1228.76
840.52	1228.88
840.70	1226.39
840.88	1232.77
841.06	1221.57
841.24	1235.09
841.42	1224.38
841.60	1231.42
841.78	1225.16
841.96	1224.66
842.14	1232.53
842.33	1237.06
842.51	1224.48
842.69	1231.94
842.87	1220.98
843.05	1228.17
843.23	1220.04
843.41	1228.80
843.59	1215.94
843.77	1221.16
843.95	1221.08
844.13	1231.69
844.31	1221.45
844.49	1224.19
844.68	1221.67
844.86	1226.30
845.04	1224.58
845.22	1227.12
845.40	1219.11
845.58	1233.31
845.76	1220.34
845.94	1230.21
846.12	1219.69
846.30	1227.88
846.48	1227.88
846.66	1229.13
846.84	1220.43
847.02	1217.46
847.20	1220.08
847.38	1224.13
847.56	1214.59
847.74	1237.38
847.92	1224.99
848.11	1226.88
848.29	1225.09
848.47	1226.69
848.65	1225.38
848.83	1228.54
849.01	1225.07
849.19	1228.37
849.37	1221.59
849.55	1223.40
849.73	1228.33
849.91	1230.60
850.09	1223.74
850.27	1232.24
850.45	1228.17
850.63	1223.13
850.81	1223.17
850.99	1222.37
851.17	1235.13
851.35	1223.60
851.53	1226.92
851.71	1230.99
851.89	1229.78
852.07	1227.20
852.25	1229.89
852.43	1227.78
852.61	1225.91
852.79	1232.53
852.97	1217.66
853.15	1239.94
853.33	1224.99
853.51	1226.10
853.69	1218.34
853.87	1230.48
854.05	1230.24
854.23	1231.34
854.41	1222.90
854.59	1224.23
854.77	1232.12
854.95	1230.32
855.13	1224.95
855.31	1228.45
855.49	1229.07
855.67	1233.29
855.84	1219.07
856.02	1227.47
856.20	1221.47
856.38	1225.98
856.56	1220.73
856.74	1229.13
856.92	1223.93
857.10	1226.26
857.28	1220.69
857.46	1224.23
857.64	1216.43
857.82	1225.89
858.00	1219.11
858.18	1224.38
858.36	1221.49
858.54	1212.99
858.72	1230.48
858.90	1221.47
859.08	1214.06
859.25	1228.66
859.43	1217.72
859.61	1223.21
859.79	1211.46
859.97	1220.49
860.15	1213.71
860.33	1219.67
860.51	1216.04
860.69	1225.79
860.87	1220.36
861.05	1222.60
861.23	1218.91
861.41	1224.97
861.58	1209.69
861.76	1222.06
861.94	1216.29
862.12	1221.45
862.30	1216.23
862.48	1220.77
862.66	1216.29
862.84	1219.42
863.02	1218.21
863.20	1218.95
863.37	1213.73
863.55	1220.71
863.73	1223.83
863.91	1217.46
864.09	1211.58
864.27	1226.88
864.45	1209.94
864.63	1220.10
864.80	1212.09
864.98	1223.66
865.16	1214.26
865.34	1226.90
865.52	1213.07
865.70	1217.99
865.88	1217.25
866.06	1219.40
866.23	1219.14
866.41	1224.32
866.59	1211.60
866.77	1222.25
866.95	1220.26
867.13	1222.19
867.31	1218.89
867.48	1225.07
867.66	1222.74
867.84	1217.27
868.02	1213.75
868.20	1223.37
868.38	1218.60
868.56	1226.63
868.73	1209.98
868.91	1221.82
869.09	1213.63
869.27	1222.02
869.45	1212.60
869.63	1224.87
869.80	1221.06
869.98	1222.37
870.16	1217.76
870.34	1224.46
870.52	1212.95
870.70	1218.71
870.87	1221.61
871.05	1222.15
871.23	1215.45
871.41	1227.18
871.59	1215.20
871.76	1223.89
871.94	1214.96
872.12	1222.39
872.30	1213.03
872.48	1215.92
872.65	1208.36
872.83	1225.24
873.01	1217.97
873.19	1228.47
873.37	1214.88
873.54	1220.41
873.72	1214.08
873.90	1223.15
874.08	1217.74
874.26	1218.99
874.43	1214.34
874.61	1226.41
874.79	1213.67
874.97	1222.64
875.15	1220.90
875.32	1223.70
875.50	1215.00
875.68	1230.79
875.86	1217.82
876.03	1219.34
876.21	1216.12
876.39	1227.68
876.57	1213.97
876.74	1227.45
876.92	1211.74
877.10	1226.43
877.28	1217.13
877.45	1227.18
877.63	1214.69
877.81	1222.56
877.99	1216.68
878.17	1220.59
878.34	1217.95
878.52	1222.64
878.70	1219.26
878.87	1224.64
879.05	1211.50
879.23	1224.40
879.41	1214.96
879.58	1219.16
879.76	1216.51
879.94	1224.11
880.12	1221.08
880.29	1226.39
880.47	1212.54
880.65	1221.08
880.83	1215.08
881.00	1219.61
881.18	1212.46
881.36	1222.66
881.53	1211.17
881.71	1224.23
881.89	1205.74
882.07	1218.99
882.24	1210.53
882.42	1223.72
882.60	1213.28
882.77	1218.01
882.95	1211.68
883.13	1218.79
883.30	1212.60
883.48	1222.02
883.66	1211.93
883.84	1222.99
884.01	1220.88
884.19	1217.60
884.37	1216.82
884.54	1221.20
884.72	1220.28
884.90	1221.14
885.07	1214.22
885.25	1225.44
885.43	1218.89
885.60	1220.49
885.78	1213.69
885.96	1226.30
886.13	1214.98
886.31	1225.71
886.49	1215.49
886.66	1219.75
886.84	1221.31
887.02	1217.60
887.19	1211.99
887.37	1218.13
887.55	1219.05
887.72	1226.59
887.90	1218.99
888.08	1220.65
888.25	1219.63
888.43	1216.76
888.61	1221.27
888.78	1224.36
888.96	1212.81
889.14	1213.73
889.31	1218.64
889.49	1225.16
889.67	1217.66
889.84	1223.78
890.02	1218.93
890.19	1221.20
890.37	1216.37
890.55	1229.44
890.72	1216.60
890.90	1219.48
891.08	1209.49
891.25	1222.06
891.43	1218.52
891.60	1221.41
891.78	1212.36
891.96	1224.36
892.13	1220.02
892.31	1223.93
892.48	1221.90
892.66	1223.46
892.84	1214.55
893.01	1228.11
893.19	1211.99
893.36	1221.14
893.54	1224.07
893.72	1219.24
893.89	1220.63
894.07	1225.67
894.24	1221.22
894.42	1232.41
894.60	1214.63
894.77	1220.61
894.95	1219.75
895.12	1220.49
895.30	1214.59
895.48	1218.54
895.65	1214.12
895.83	1221.63
896.00	1216.00
896.18	1225.01
896.35	1211.64
896.53	1227.35
896.71	1210.84
896.88	1222.53
897.06	1213.11
897.23	1219.89
897.41	1211.99
897.58	1226.30
897.76	1218.85
897.93	1220.63
898.11	1216.06
898.29	1215.26
898.46	1215.47
898.64	1214.90
898.81	1216.58
898.99	1220.73
899.16	1215.86
899.34	1217.46
899.51	1215.86
899.69	1222.86
899.86	1210.98
900.04	1218.68
900.21	1216.62
900.39	1227.55
900.57	1219.14
900.74	1220.47
900.92	1214.65
901.09	1219.57
901.27	1216.96
901.44	1230.13
901.62	1220.02
901.79	1220.08
901.97	1210.33
902.14	1217.64
902.32	1216.10
902.49	1230.97
902.67	1209.59
902.84	1223.97
903.02	1219.87
903.19	1224.28
903.37	1219.75
903.54	1221.53
903.72	1225.91
903.89	1220.30
904.07	1207.91
904.24	1222.47
904.42	1221.41
904.59	1223.83
904.77	1214.12
904.94	1228.37
905.12	1219.05
905.29	1221.49
905.47	1221.35
905.64	1215.41
905.82	1218.85
905.99	1216.53
906.16	1221.29
906.34	1223.97
906.51	1210.35
906.69	1221.63
906.86	1220.63
907.04	1222.00
907.21	1215.10
907.39	1222.23
907.56	1218.07
907.74	1218.40
907.91	1212.97
908.09	1216.80
908.26	1210.39
908.43	1213.63
908.61	1212.87
908.78	1218.81
908.96	1212.25
909.13	1220.73
909.31	1206.13
909.48	1222.13
909.65	1210.12
909.83	1230.89
910.00	1221.39
910.18	1219.30
910.35	1223.42
910.53	1220.04
910.70	1219.42
910.87	1223.56
911.05	1221.02
911.22	1218.36
911.40	1217.48
911.57	1231.30
911.75	1218.13
911.92	1215.94
912.09	1210.04
912.27	1215.90
912.44	1216.49
912.62	1221.67
912.79	1216.51
912.96	1225.38
913.14	1218.38
913.31	1217.58
913.49	1209.00
913.66	1220.28
913.83	1222.74
914.01	1218.79
914.18	1212.34
914.36	1222.92
914.53	1217.35
914.70	1226.43
914.88	1220.75
915.05	1225.52
915.22	1212.27
915.40	1219.48
915.57	1217.39
915.75	1221.90
915.92	1222.80
916.09	1218.19
916.27	1222.33
916.44	1215.88
916.61	1215.12
916.79	1219.03
916.96	1213.28
917.13	1224.83
917.31	1219.83
917.48	1216.35
917.66	1213.83
917.83	1220.94
918.00	1215.10
918.18	1223.11
918.35	1219.54
918.52	1228.04
918.70	1213.83
918.87	1217.48
919.04	1210.57
919.22	1223.83
919.39	1211.68
919.56	1226.79
919.74	1220.10
919.91	1216.45
920.08	1211.50
920.26	1227.70
920.43	1221.37
920.60	1223.54
920.78	1216.00
920.95	1216.76
921.12	1218.42
921.29	1220.43
921.47	1211.17
921.64	1220.08
921.81	1211.68
921.99	1226.53
922.16	1214.06
922.33	1223.52
922.51	1220.94
922.68	1217.27
922.85	1210.39
923.03	1228.25
923.20	1218.11
923.37	1223.40
923.54	1210.57
923.72	1220.96
923.89	1212.58
924.06	1226.28
924.24	1209.55
924.41	1222.00
924.58	1215.86
924.75	1221.33
924.93	1216.92
925.10	1223.13
925.27	1215.35
925.44	1222.02
925.62	1219.77
925.79	1222.13
925.96	1226.41
926.14	1220.61
926.31	1215.61
926.48	1224.46
926.65	1215.29
926.83	1220.71
927.00	1220.96
927.17	1221.72
927.34	1217.21
927.52	1220.98
927.69	1212.91
927.86	1219.01
928.03	1219.18
928.21	1221.55
928.38	1216.33
928.55	1218.73
928.72	1213.65
928.89	1218.64
929.07	1221.55
929.24	1216.74
929.41	1216.47
929.58	1222.53
929.76	1216.25
929.93	1220.57
930.10	1214.79
930.27	1223.95
930.44	1211.56
930.62	1225.59
930.79	1217.78
930.96	1225.28
931.13	1215.16
931.31	1230.09
931.48	1212.93
931.65	1218.56
931.82	1213.44
931.99	1220.79
932.17	1211.13
932.34	1226.77
932.51	1210.62
932.68	1220.59
932.85	1214.45
933.03	1224.69
933.20	1221.76
933.37	1225.71
933.54	1213.34
933.71	1227.49
933.88	1211.60
934.06	1216.55
934.23	1211.17
934.40	1221.24
934.57	1218.09
934.74	1218.75
934.91	1222.58
935.09	1217.03
935.26	1214.86
935.43	1226.69
935.60	1209.53
935.77	1226.20
935.94	1218.07
936.12	1223.46
936.29	1215.74
936.46	1214.08
936.63	1215.88
936.80	1228.37
936.97	1217.76
937.14	1221.94
937.32	1218.99
937.49	1213.48
937.66	1215.98
937.83	1213.20
938.00	1211.46
938.17	1218.32
938.34	1215.47
938.52	1218.97
938.69	1208.30
938.86	1225.55
939.03	1209.71
939.20	1225.44
939.37	1210.53
939.54	1223.01
939.71	1215.39
939.89	1219.91
940.06	1223.83
940.23	1220.75
940.40	1212.75
940.57	1215.37
940.74	1207.67
940.91	1224.42
941.08	1216.25
941.25	1215.84
941.43	1218.56
941.60	1226.92
941.77	1214.20
941.94	1227.41
942.11	1214.08
942.28	1223.54
942.45	1219.77
942.62	1219.09
942.79	1214.63
942.96	1221.65
943.13	1215.51
943.30	1225.18
943.48	1218.05
943.65	1215.61
943.82	1217.72
943.99	1223.54
944.16	1215.55
944.33	1212.89
944.50	1217.74
944.67	1220.94
944.84	1211.68
945.01	1217.82
945.18	1225.07
945.35	1219.52
945.52	1214.88
945.69	1222.17
945.86	1215.96
946.03	1222.53
946.21	1216.51
946.38	1220.81
946.55	1218.91
946.72	1216.35
946.89	1218.05
947.06	1218.36
947.23	1218.89
947.40	1221.08
947.57	1209.96
947.74	1215.55
947.91	1215.76
948.08	1220.88
948.25	1216.08
948.42	1220.90
948.59	1215.41
948.76	1216.98
948.93	1217.44
949.10	1220.02
949.27	1218.01
949.44	1228.62
949.61	1213.09
949.78	1218.50
949.95	1216.78
950.12	1221.82
950.29	1207.15
950.46	1224.71
950.63	1213.40
950.80	1221.74
950.97	1206.56
951.14	1227.06
951.31	1221.55
951.48	1224.91
951.65	1219.14
951.82	1217.91
951.99	1206.89
952.16	1216.25
952.33	1222.21
952.50	1218.83
952.67	1216.94
952.84	1220.71
953.01	1212.38
953.18	1217.05
953.35	1214.55
953.52	1217.68
953.69	1216.53
953.86	1221.33
954.03	1219.01
954.20	1214.10
954.37	1212.03
954.54	1223.37
954.70	1214.67
954.87	1219.11
955.04	1218.07
955.21	1215.02
955.38	1211.27
955.55	1222.13
955.72	1217.93
955.89	1224.50
956.06	1212.70
956.23	1220.00
956.40	1217.95
956.57	1226.82
956.74	1225.16
956.91	1224.79
957.08	1213.18
957.25	1221.96
957.41	1210.60
957.58	1220.38
957.75	1206.93
957.92	1216.02
958.09	1221.94
958.26	1221.12
958.43	1219.73
958.60	1227.94
958.77	1214.36
958.94	1215.61
959.11	1220.94
959.27	1224.36
959.44	1214.59
959.61	1226.79
959.78	1215.82
959.95	1218.03
960.12	1217.25
960.29	1220.94
960.46	1214.22
960.63	1223.29
960.80	1209.59
960.96	1232.26
961.13	1212.42
961.30	1226.53
961.47	1214.10
961.64	1223.13
961.81	1218.07
961.98	1224.58
962.15	1212.91
962.31	1228.62
962.48	1216.98
962.65	1222.43
962.82	1216.98
962.99	1227.14
963.16	1206.83
963.33	1220.79
963.49	1213.13
963.66	1222.99
963.83	1221.57
964.00	1216.39
964.17	1217.56
964.34	1219.52
964.51	1213.26
964.67	1226.12
964.84	1215.80
965.01	1236.69
965.18	1213.13
965.35	1221.53
965.52	1216.00
965.68	1221.27
965.85	1210.51
966.02	1221.88
966.19	1218.58
966.36	1223.83
966.52	1212.52
966.69	1218.73
966.86	1208.51
967.03	1220.90
967.20	1214.65
967.37	1225.83
967.53	1213.77
967.70	1223.17
967.87	1213.46
968.04	1224.01
968.21	1216.04
968.37	1219.79
968.54	1215.20
968.71	1220.45
968.88	1218.23
969.05	1225.96
969.21	1216.62
969.38	1222.43
969.55	1217.21
969.72	1219.28
969.89	1213.09
970.05	1218.68
970.22	1213.13
970.39	1220.49
970.56	1217.58
970.72	1221.59
970.89	1219.67
971.06	1226.51
971.23	1215.29
971.39	1222.02
971.56	1212.19
971.73	1225.22
971.90	1212.85
972.07	1222.88
972.23	1216.62
972.40	1225.28
972.57	1213.34
972.74	1222.68
972.90	1213.89
973.07	1223.01
973.24	1212.44
973.40	1221.06
973.57	1218.60
973.74	1227.35
973.91	1221.72
974.07	1224.21
974.24	1211.21
974.41	1225.12
974.58	1214.51
974.74	1230.58
974.91	1221.63
975.08	1222.39
975.25	1216.37
975.41	1224.01
975.58	1211.33
975.75	1220.24
975.91	1214.75
976.08	1220.98
976.25	1211.21
976.42	1215.53
976.58	1211.29
976.75	1218.32
976.92	1212.85
977.08	1216.51
977.25	1205.60
977.42	1224.21
977.58	1215.31
977.75	1212.64
977.92	1210.14
978.08	1224.05
978.25	1215.00
978.42	1213.65
978.59	1214.02
978.75	1229.09
978.92	1224.87
979.09	1221.31
979.25	1209.12
979.42	1218.01
979.59	1215.84
979.75	1226.30
979.92	1220.71
980.09	1221.65
980.25	1215.69
980.42	1221.20
980.59	1213.46
980.75	1218.93
980.92	1206.44
981.09	1218.91
981.25	1217.25
981.42	1222.04
981.59	1212.34
981.75	1225.42
981.92	1215.76
982.08	1222.68
982.25	1207.42
982.42	1220.41
982.58	1217.25
982.75	1220.43
982.92	1215.06
983.08	1223.31
983.25	1215.53
983.42	1219.83
983.58	1208.87
983.75	1214.71
983.91	1216.25
984.08	1219.22
984.25	1217.62
984.41	1219.54
984.58	1216.43
984.74	1219.87
984.91	1212.97
985.08	1225.52
985.24	1218.38
985.41	1224.01
985.57	1218.17
985.74	1220.43
985.91	1221.82
986.07	1229.31
986.24	1212.97
986.40	1217.62
986.57	1211.29
986.74	1220.36
986.90	1219.65
987.07	1222.60
987.23	1214.83
987.40	1224.32
987.57	1211.46
987.73	1219.42
987.90	1214.28
988.06	1216.15
988.23	1214.98
988.39	1221.08
988.56	1217.48
988.73	1220.12
988.89	1218.17
989.06	1221.92
989.22	1213.09
989.39	1222.25
989.55	1212.05
989.72	1220.75
989.88	1214.18
990.05	1218.81
990.22	1216.23
990.38	1225.30
990.55	1212.97
990.71	1219.83
990.88	1218.19
991.04	1221.00
991.21	1214.90
991.37	1211.13
991.54	1218.09
991.70	1223.05
991.87	1225.18
992.03	1212.91
992.20	1225.38
992.36	1218.28
992.53	1215.98
992.69	1214.47
992.86	1220.63
993.03	1224.21
993.19	1212.36
993.36	1218.83
993.52	1219.20
993.69	1229.23
993.85	1218.91
994.02	1223.56
994.18	1211.11
994.35	1221.16
994.51	1214.63
994.68	1219.46
994.84	1218.09
995.01	1221.08
995.17	1219.14
995.34	1220.36
995.50	1207.20
995.66	1221.20
995.83	1211.58
995.99	1220.96
996.16	1218.01
996.32	1221.84
996.49	1211.74
996.65	1218.46
996.82	1220.61
996.98	1216.37
997.15	1211.35
997.31	1221.27
997.48	1215.16
997.64	1226.28
997.81	1209.74
997.97	1224.66
998.13	1216.08
998.30	1221.80
998.46	1213.22
998.63	1219.36
998.79	1219.91
998.96	1223.13
999.12	1212.07
999.29	1221.37
999.45	1213.03
999.61	1221.27
999.78	1213.18
999.94	1220.96
1000.11	1212.05
1000.27	1221.12
1000.44	1215.92
1000.60	1218.81
1000.76	1214.45
1000.93	1222.08
1001.09	1216.98
1001.26	1225.91
1001.42	1220.04
1001.59	1219.57
1001.75	1220.10
1001.91	1220.77
1002.08	1216.43
1002.24	1217.11
1002.41	1219.81
1002.57	1223.76
1002.73	1214.81
1002.90	1219.09
1003.06	1215.61
1003.23	1220.16
1003.39	1212.99
1003.55	1219.18
1003.72	1219.36
1003.88	1220.43
1004.04	1214.63
1004.21	1219.14
1004.37	1222.23
1004.54	1222.45
1004.70	1211.52
1004.86	1225.26
1005.03	1213.09
1005.19	1220.77
1005.35	1219.67
1005.52	1215.94
1005.68	1217.97
1005.85	1224.54
1006.01	1210.78
1006.17	1224.09
1006.34	1215.18
1006.50	1221.94
1006.66	1218.44
1006.83	1216.27
1006.99	1216.51
1007.15	1221.67
1007.32	1213.77
1007.48	1222.60
1007.64	1214.49
1007.81	1222.02
1007.97	1221.16
1008.13	1226.10
1008.30	1213.79
1008.46	1224.91
1008.62	1221.57
1008.79	1222.99
1008.95	1216.35
1009.11	1218.68
1009.28	1215.39
1009.44	1218.05
1009.60	1215.06
1009.77	1223.83
1009.93	1213.32
1010.09	1215.49
1010.25	1215.65
1010.42	1220.69
1010.58	1217.07
1010.74	1222.86
1010.91	1210.06
1011.07	1217.07
1011.23	1214.30
1011.40	1230.83
1011.56	1218.91
1011.72	1221.43
1011.88	1213.13
1012.05	1223.78
1012.21	1215.76
1012.37	1216.64
1012.54	1221.41
1012.70	1222.13
1012.86	1213.18
1013.02	1222.53
1013.19	1210.06
1013.35	1218.66
1013.51	1219.18
1013.67	1218.07
1013.84	1216.55
1014.00	1221.08
1014.16	1217.44
1014.33	1212.34
1014.49	1217.95
1014.65	1219.57
1014.81	1210.94
1014.98	1222.66
1015.14	1211.74
1015.30	1223.66
1015.46	1214.94
1015.62	1220.43
1015.79	1211.19
1015.95	1229.40
1016.11	1222.19
1016.27	1228.95
1016.44	1213.77
1016.60	1220.36
1016.76	1219.40
1016.92	1221.70
1017.09	1220.10
1017.25	1225.46
1017.41	1215.96
1017.57	1230.46
1017.73	1212.60
1017.90	1222.41
1018.06	1215.82
1018.22	1222.53
1018.38	1216.70
1018.54	1225.34
1018.71	1218.77
1018.87	1217.15
1019.03	1215.26
1019.19	1217.19
1019.35	1220.53
1019.52	1222.23
1019.68	1217.48
1019.84	1226.98
1020.00	1204.80
1020.16	1216.88
1020.33	1216.17
1020.49	1218.28
1020.65	1216.49
1020.81	1222.47
1020.97	1222.74
1021.13	1222.27
1021.30	1226.39
1021.46	1227.45
1021.62	1215.90
1021.78	1224.17
1021.94	1206.60
1022.10	1220.86
1022.27	1213.36
1022.43	1219.40
1022.59	1220.84
1022.75	1231.79
1022.91	1213.24
1023.07	1217.13
1023.24	1207.01
1023.40	1224.01
1023.56	1212.38
1023.72	1220.51
1023.88	1215.29
1024.04	1221.49
1024.20	1215.53
1024.36	1227.88
1024.53	1210.76
1024.69	1216.17
1024.85	1211.35
1025.01	1214.86
1025.17	1215.55
1025.33	1223.54
1025.49	1209.67
1025.65	1220.12
1025.82	1212.83
1025.98	1223.56
1026.14	1212.56
1026.30	1223.40
1026.46	1214.57
1026.62	1223.62
1026.78	1223.07
1026.94	1227.29
1027.10	1214.71
1027.26	1226.10
1027.43	1214.92
1027.59	1224.07
1027.75	1213.13
1027.91	1223.15
1028.07	1219.42
1028.23	1219.03
1028.39	1213.18
1028.55	1226.47
1028.71	1216.94
1028.87	1221.80
1029.03	1213.26
1029.19	1222.13
1029.36	1215.47
1029.52	1224.01
1029.68	1213.07
1029.84	1229.97
1030.00	1217.68
1030.16	1222.99
1030.32	1215.45
1030.48	1226.04
1030.64	1216.43
1030.80	1230.40
1030.96	1212.81
1031.12	1222.74
1031.28	1219.57
1031.44	1215.98
1031.60	1214.16
1031.76	1218.13
1031.92	1214.45
1032.08	1241.29
1032.24	1214.86
1032.40	1221.33
1032.56	1211.03
1032.73	1224.11
1032.89	1211.97
1033.05	1221.02
1033.21	1214.88
1033.37	1214.92
1033.53	1211.66
1033.69	1223.35
1033.85	1216.02
1034.01	1224.23
1034.17	1214.20
1034.33	1219.07
1034.49	1215.59
1034.65	1224.05
1034.81	1217.27
1034.97	1218.05
1035.13	1220.61
1035.29	1221.92
1035.45	1216.33
1035.61	1221.63
1035.77	1211.25
1035.93	1219.95
1036.09	1216.76
1036.25	1222.68
1036.41	1215.59
1036.57	1222.04
1036.73	1219.01
1036.88	1216.62
1037.04	1218.54
