345.52	1214.53
345.73	1214.53
345.94	1214.53
346.16	1205.00
346.37	1217.52
346.58	1214.59
346.79	1218.75
347.00	1215.45
347.22	1220.47
347.43	1210.92
347.64	1217.01
347.85	1213.18
348.06	1218.66
348.28	1205.00
348.49	1226.82
348.70	1207.87
348.91	1215.55
349.12	1206.66
349.34	1222.82
349.55	1212.66
349.76	1218.54
349.97	1211.25
350.18	1222.58
350.40	1212.93
350.61	1220.26
350.82	1212.54
351.03	1224.21
351.24	1213.56
351.46	1216.55
351.67	1212.56
351.88	1216.49
352.09	1211.82
352.30	1227.37
352.51	1213.61
352.73	1226.06
352.94	1214.98
353.15	1224.97
353.36	1215.26
353.57	1218.91
353.79	1215.31
354.00	1217.99
354.21	1216.37
354.42	1226.12
354.63	1213.56
354.84	1219.48
355.06	1214.40
355.27	1223.91
355.48	1210.84
355.69	1217.39
355.90	1220.57
356.11	1214.12
356.33	1220.36
356.54	1227.49
356.75	1211.62
356.96	1216.25
357.17	1217.62
357.38	1220.45
357.60	1212.54
357.81	1222.39
358.02	1216.55
358.23	1227.55
358.44	1214.04
358.65	1222.90
358.87	1224.58
359.08	1215.43
359.29	1210.29
359.50	1231.40
359.71	1209.78
359.92	1220.32
360.13	1224.89
360.35	1215.98
360.56	1218.13
360.77	1220.14
360.98	1215.49
361.19	1219.79
361.40	1217.52
361.62	1217.95
361.83	1212.38
362.04	1218.83
362.25	1211.95
362.46	1224.58
362.67	1214.26
362.88	1224.11
363.10	1217.50
363.31	1216.64
363.52	1213.61
363.73	1219.34
363.94	1216.25
364.15	1227.00
364.36	1220.32
364.57	1216.94
364.79	1214.98
365.00	1223.40
365.21	1212.36
365.42	1217.52
365.63	1221.45
365.84	1227.22
366.05	1218.68
366.27	1223.42
366.48	1205.48
366.69	1216.90
366.90	1217.03
367.11	1220.10
367.32	1217.72
367.53	1222.43
367.74	1210.10
367.95	1219.79
368.17	1217.21
368.38	1221.08
368.59	1223.42
368.80	1222.53
369.01	1212.83
369.22	1219.20
369.43	1214.47
369.64	1217.01
369.86	1217.44
370.07	1226.18
370.28	1209.43
370.49	1229.64
370.70	1213.95
370.91	1225.79
371.12	1212.89
371.33	1224.60
371.54	1216.39
371.76	1216.96
371.97	1215.02
372.18	1214.10
372.39	1212.23
372.60	1222.25
372.81	1216.33
373.02	1214.42
373.23	1212.93
373.44	1224.17
373.65	1217.39
373.87	1228.17
374.08	1214.20
374.29	1221.70
374.50	1217.99
374.71	1224.93
374.92	1222.51
375.13	1224.01
375.34	1211.56
375.55	1215.61
375.76	1218.99
375.97	1222.10
376.19	1215.22
376.40	1227.80
376.61	1213.63
376.82	1226.06
377.03	1213.95
377.24	1220.94
377.45	1214.59
377.66	1219.44
377.87	1218.15
378.08	1225.46
378.29	1216.27
378.50	1221.59
378.71	1217.87
378.93	1223.95
379.14	1211.23
379.35	1216.64
379.56	1216.10
379.77	1217.60
379.98	1214.18
380.19	1224.73
380.40	1220.26
380.61	1224.05
380.82	1215.63
381.03	1220.84
381.24	1216.62
381.45	1224.42
381.66	1213.93
381.88	1227.08
382.09	1221.67
382.30	1224.42
382.51	1219.44
382.72	1221.14
382.93	1212.95
383.14	1213.48
383.35	1218.64
383.56	1228.31
383.77	1222.66
383.98	1217.35
384.19	1216.29
384.40	1221.04
384.61	1213.26
384.82	1223.13
385.03	1218.64
385.24	1227.96
385.45	1220.22
385.67	1217.05
385.88	1221.57
386.09	1219.89
386.30	1217.85
386.51	1222.74
386.72	1216.84
386.93	1218.13
387.14	1219.09
387.35	1221.65
387.56	1212.97
387.77	1225.40
387.98	1212.66
388.19	1215.45
388.40	1222.41
388.61	1227.43
388.82	1217.09
389.03	1217.64
389.24	1223.60
389.45	1223.72
389.66	1212.83
389.87	1231.55
390.08	1217.35
390.29	1221.57
390.50	1213.75
390.71	1215.74
390.92	1224.95
391.13	1221.12
391.34	1209.08
391.55	1218.99
391.76	1220.98
391.98	1218.87
392.19	1210.82
392.40	1225.59
392.61	1223.29
392.82	1223.23
393.03	1215.80
393.24	1221.18
393.45	1220.04
393.66	1219.11
393.87	1215.35
394.08	1226.69
394.29	1213.63
394.50	1219.46
394.71	1219.59
394.92	1226.16
395.13	1211.80
395.34	1222.99
395.55	1215.20
395.76	1231.20
395.97	1222.84
396.18	1226.82
396.39	1215.74
396.60	1230.77
396.81	1220.28
397.02	1221.12
397.23	1215.31
397.44	1220.10
397.65	1213.16
397.86	1217.62
398.07	1216.80
398.28	1223.15
398.49	1211.23
398.70	1219.22
398.91	1217.09
399.12	1219.24
399.33	1218.09
399.54	1221.41
399.75	1213.73
399.96	1230.38
400.17	1215.82
400.38	1219.28
400.59	1214.75
400.80	1223.52
401.01	1212.91
401.22	1228.37
401.42	1219.48
401.63	1224.26
401.84	1218.73
402.05	1221.49
402.26	1219.38
402.47	1218.95
402.68	1219.79
402.89	1218.42
403.10	1219.69
403.31	1224.93
403.52	1219.22
403.73	1224.56
403.94	1216.66
404.15	1224.91
404.36	1218.19
404.57	1219.30
404.78	1219.48
404.99	1217.62
405.20	1214.51
405.41	1223.62
405.62	1214.22
405.83	1221.53
406.04	1216.78
406.25	1229.09
406.46	1218.09
406.67	1229.66
406.88	1211.00
407.09	1228.82
407.30	1219.61
407.50	1224.52
407.71	1215.57
407.92	1219.20
408.13	1213.52
408.34	1227.74
408.55	1219.18
408.76	1223.97
408.97	1212.62
409.18	1224.83
409.39	1217.48
409.60	1226.18
409.81	1221.86
410.02	1224.79
410.23	1222.39
410.44	1214.24
410.65	1211.74
410.86	1225.16
411.07	1209.04
411.27	1222.92
411.48	1216.41
411.69	1223.78
411.90	1218.56
412.11	1217.15
412.32	1221.16
412.53	1219.46
412.74	1219.42
412.95	1221.86
413.16	1214.32
413.37	1226.32
413.58	1220.26
413.79	1216.82
414.00	1217.29
414.20	1225.63
414.41	1206.64
414.62	1222.00
414.83	1221.43
415.04	1222.15
415.25	1220.90
415.46	1223.76
415.67	1217.17
415.88	1226.55
416.09	1211.35
416.30	1226.71
416.51	1220.88
416.71	1228.86
416.92	1209.65
417.13	1227.70
417.34	1225.34
417.55	1230.89
417.76	1212.44
417.97	1222.66
418.18	1215.94
418.39	1227.33
418.60	1219.95
418.81	1224.13
419.01	1217.89
419.22	1225.93
419.43	1216.21
419.64	1229.95
419.85	1217.23
420.06	1228.41
420.27	1220.12
420.48	1220.36
420.69	1215.24
420.90	1221.74
421.10	1220.38
421.31	1219.87
421.52	1214.57
421.73	1224.81
421.94	1214.51
422.15	1224.89
422.36	1226.00
422.57	1223.99
422.78	1214.06
422.98	1222.33
423.19	1214.30
423.40	1221.24
423.61	1217.25
423.82	1222.04
424.03	1218.25
424.24	1222.62
424.45	1214.12
424.65	1229.97
424.86	1219.26
425.07	1227.22
425.28	1223.89
425.49	1226.39
425.70	1219.09
425.91	1223.56
426.12	1220.73
426.32	1225.73
426.53	1215.08
426.74	1222.25
426.95	1223.19
427.16	1220.71
427.37	1207.79
427.58	1223.68
427.78	1215.67
427.99	1222.08
428.20	1215.08
428.41	1224.75
428.62	1217.91
428.83	1225.89
429.04	1215.20
429.24	1229.15
429.45	1218.03
429.66	1228.33
429.87	1214.22
430.08	1220.12
430.29	1218.81
430.50	1223.85
430.70	1216.80
430.91	1219.38
431.12	1217.80
431.33	1226.22
431.54	1218.62
431.75	1224.03
431.96	1225.22
432.16	1216.45
432.37	1211.33
432.58	1223.11
432.79	1208.51
433.00	1219.18
433.21	1216.17
433.41	1224.83
433.62	1216.15
433.83	1222.19
434.04	1206.48
434.25	1228.31
434.46	1215.76
434.66	1222.17
434.87	1217.66
435.08	1224.89
435.29	1215.94
435.50	1222.88
435.71	1217.80
435.91	1220.22
436.12	1217.74
436.33	1222.29
436.54	1217.09
436.75	1227.47
436.95	1220.63
437.16	1215.37
437.37	1217.09
437.58	1225.69
437.79	1212.64
438.00	1222.49
438.20	1222.33
438.41	1226.75
438.62	1218.71
438.83	1218.13
439.04	1223.48
439.24	1227.37
439.45	1217.21
439.66	1217.37
439.87	1214.69
440.08	1224.48
440.28	1212.36
440.49	1226.88
440.70	1217.54
440.91	1218.28
441.12	1218.68
441.32	1222.82
441.53	1215.22
441.74	1222.64
441.95	1217.74
442.16	1227.43
442.36	1210.12
442.57	1221.59
442.78	1220.32
442.99	1219.03
443.20	1215.18
443.40	1220.45
443.61	1219.50
443.82	1224.09
444.03	1216.37
444.24	1223.13
444.44	1215.26
444.65	1221.80
444.86	1213.81
445.07	1221.04
445.27	1225.50
445.48	1222.45
445.69	1213.48
445.90	1221.88
446.11	1216.12
446.31	1222.04
446.52	1220.18
446.73	1226.02
446.94	1219.05
447.14	1227.16
447.35	1218.28
447.56	1228.11
447.77	1212.77
447.97	1228.02
448.18	1220.32
448.39	1227.78
448.60	1214.65
448.81	1213.81
449.01	1224.05
449.22	1218.73
449.43	1208.30
449.64	1231.94
449.84	1218.62
450.05	1227.55
450.26	1225.40
450.47	1223.95
450.67	1217.37
450.88	1230.32
451.09	1218.32
451.30	1224.07
451.50	1219.67
451.71	1231.59
451.92	1213.99
452.13	1220.92
452.33	1217.31
452.54	1225.14
452.75	1216.49
452.96	1228.47
453.16	1218.93
453.37	1224.71
453.58	1225.09
453.79	1229.42
453.99	1220.08
454.20	1219.03
454.41	1223.56
454.61	1224.44
454.82	1222.43
455.03	1220.53
455.24	1218.46
455.44	1223.93
455.65	1218.58
455.86	1220.00
456.07	1221.35
456.27	1220.02
456.48	1220.45
456.69	1227.22
456.90	1217.97
457.10	1225.59
457.31	1212.79
457.52	1225.30
457.72	1222.76
457.93	1220.88
458.14	1212.48
458.35	1223.58
458.55	1220.10
458.76	1228.80
458.97	1214.53
459.17	1224.13
459.38	1213.95
459.59	1229.60
459.80	1217.50
460.00	1215.88
460.21	1219.28
460.42	1215.33
460.62	1213.11
460.83	1222.76
461.04	1215.76
461.25	1224.44
461.45	1212.79
461.66	1223.72
461.87	1214.51
462.07	1223.42
462.28	1224.32
462.49	1221.76
462.69	1217.99
462.90	1219.11
463.11	1227.29
463.31	1224.60
463.52	1216.43
463.73	1221.61
463.94	1216.74
464.14	1222.41
464.35	1212.34
464.56	1219.65
464.76	1224.52
464.97	1224.17
465.18	1209.90
465.38	1224.97
465.59	1222.13
465.80	1227.41
466.00	1219.87
466.21	1226.36
466.42	1214.38
466.62	1223.99
466.83	1220.08
467.04	1223.44
467.24	1218.73
467.45	1219.46
467.66	1211.58
467.86	1221.49
468.07	1216.23
468.28	1220.36
468.48	1223.29
468.69	1223.87
468.90	1217.01
469.10	1216.80
469.31	1220.24
469.52	1220.10
469.72	1215.16
469.93	1230.97
470.14	1213.32
470.34	1221.86
470.55	1212.77
470.76	1219.63
470.96	1223.48
471.17	1219.01
471.38	1214.83
471.58	1223.64
471.79	1214.65
472.00	1220.84
472.20	1212.54
472.41	1219.09
472.62	1216.45
472.82	1227.96
473.03	1215.59
473.24	1219.79
473.44	1214.90
473.65	1225.79
473.85	1215.12
474.06	1222.43
474.27	1215.31
474.47	1221.02
474.68	1215.67
474.89	1221.33
475.09	1210.12
475.30	1227.82
475.51	1220.08
475.71	1226.73
475.92	1215.04
476.12	1225.79
476.33	1212.68
476.54	1228.31
476.74	1219.36
476.95	1226.34
477.16	1216.94
477.36	1231.96
477.57	1216.68
477.77	1215.26
477.98	1216.64
478.19	1227.76
478.39	1209.06
478.60	1226.04
478.81	1217.76
479.01	1221.96
479.22	1212.30
479.42	1229.21
479.63	1210.29
479.84	1223.70
480.04	1220.08
480.25	1221.96
480.45	1216.04
480.66	1224.11
480.87	1219.30
481.07	1223.68
481.28	1216.27
481.48	1223.44
481.69	1220.59
481.90	1223.17
482.10	1220.34
482.31	1223.74
482.51	1222.33
482.72	1224.73
482.93	1219.16
483.13	1226.41
483.34	1220.65
483.54	1222.88
483.75	1216.64
483.96	1226.71
484.16	1214.38
484.37	1221.88
484.57	1221.57
484.78	1222.43
484.99	1213.81
485.19	1221.76
485.40	1217.11
485.60	1225.59
485.81	1214.57
486.01	1219.91
486.22	1224.62
486.43	1225.65
486.63	1219.79
486.84	1220.32
487.04	1213.11
487.25	1221.29
487.46	1211.97
487.66	1223.01
487.87	1224.93
488.07	1217.76
488.28	1220.38
488.48	1223.03
488.69	1222.82
488.89	1224.64
489.10	1213.22
489.31	1226.18
489.51	1211.82
489.72	1222.45
489.92	1214.83
490.13	1226.88
490.33	1219.52
490.54	1220.49
490.75	1210.60
490.95	1222.60
491.16	1219.32
491.36	1221.57
491.57	1219.63
491.77	1221.96
491.98	1213.67
492.18	1224.97
492.39	1223.72
492.59	1218.13
492.80	1212.89
493.01	1227.27
493.21	1223.40
493.42	1219.42
493.62	1223.05
493.83	1225.63
494.03	1218.58
494.24	1218.11
494.44	1217.52
494.65	1221.94
494.85	1214.67
495.06	1225.69
495.26	1216.68
495.47	1218.44
495.68	1213.03
495.88	1218.68
496.09	1219.52
496.29	1222.49
496.50	1218.05
496.70	1215.06
496.91	1214.40
497.11	1221.61
497.32	1224.01
497.52	1229.17
497.73	1220.41
497.93	1219.87
498.14	1223.66
498.34	1226.65
498.55	1221.59
498.75	1219.69
498.96	1222.58
499.16	1218.66
499.37	1219.44
499.57	1225.03
499.78	1220.75
499.98	1226.00
500.19	1217.72
500.39	1221.92
500.60	1225.24
500.80	1210.47
501.01	1218.28
501.21	1220.88
501.42	1212.99
501.62	1221.76
501.83	1214.67
502.03	1220.63
502.24	1225.14
502.44	1221.80
502.65	1215.88
502.85	1223.11
503.06	1219.81
503.26	1226.77
503.47	1210.04
503.67	1225.26
503.88	1212.85
504.08	1217.52
504.29	1216.64
504.49	1226.82
504.70	1219.28
504.90	1225.01
505.11	1216.35
505.31	1223.62
505.52	1211.52
505.72	1215.96
505.93	1219.22
506.13	1226.30
506.34	1220.32
506.54	1216.49
506.75	1216.43
506.95	1215.02
507.16	1224.71
507.36	1214.59
507.56	1213.44
507.77	1218.99
507.97	1213.05
508.18	1220.75
508.38	1213.59
508.59	1223.44
508.79	1217.89
509.00	1219.03
509.20	1212.81
509.41	1225.28
509.61	1222.74
509.82	1222.41
510.02	1215.86
510.22	1217.54
510.43	1220.28
510.63	1223.89
510.84	1215.90
511.04	1225.44
511.25	1218.15
511.45	1223.50
511.66	1217.17
511.86	1216.82
512.06	1215.43
512.27	1218.66
512.47	1212.07
512.68	1215.69
512.88	1217.64
513.09	1222.49
513.29	1212.03
513.50	1223.09
513.70	1218.25
513.90	1218.36
514.11	1219.28
514.31	1219.95
514.52	1230.81
514.72	1217.54
514.93	1218.48
515.13	1226.20
515.33	1210.94
515.54	1224.58
515.74	1222.51
515.95	1220.73
516.15	1220.88
516.36	1216.00
516.56	1215.65
516.76	1223.37
516.97	1219.54
517.17	1225.61
517.38	1211.89
517.58	1223.33
517.78	1218.28
517.99	1220.69
518.19	1222.60
518.40	1222.97
518.60	1222.27
518.81	1221.53
519.01	1212.42
519.21	1223.58
519.42	1215.10
519.62	1221.59
519.83	1214.88
520.03	1235.81
520.23	1218.48
520.44	1216.92
520.64	1223.29
520.85	1217.54
521.05	1216.15
521.25	1227.53
521.46	1219.18
521.66	1225.65
521.86	1218.09
522.07	1219.83
522.27	1211.87
522.48	1221.70
522.68	1212.07
522.88	1220.59
523.09	1217.74
523.29	1224.50
523.50	1216.80
523.70	1220.67
523.90	1221.53
524.11	1217.42
524.31	1219.91
524.51	1223.35
524.72	1212.36
524.92	1218.77
525.13	1212.32
525.33	1231.01
525.53	1215.02
525.74	1220.53
525.94	1211.41
526.14	1227.20
526.35	1220.61
526.55	1220.41
526.76	1220.71
526.96	1227.70
527.16	1210.86
527.37	1226.36
527.57	1221.24
527.77	1219.65
527.98	1214.73
528.18	1224.87
528.38	1221.53
528.59	1225.28
528.79	1218.05
528.99	1216.41
529.20	1217.35
529.40	1217.60
529.61	1217.52
529.81	1224.64
530.01	1217.35
530.22	1222.47
530.42	1216.06
530.62	1225.79
530.83	1217.54
531.03	1223.23
531.23	1218.46
531.44	1227.80
531.64	1212.07
531.84	1217.95
532.05	1213.54
532.25	1224.07
532.45	1209.86
532.66	1226.67
532.86	1216.76
533.06	1224.28
533.27	1219.77
533.47	1229.01
533.67	1214.96
533.88	1219.59
534.08	1210.98
534.28	1219.05
534.49	1218.79
534.69	1226.82
534.89	1218.68
535.09	1224.75
535.30	1223.19
535.50	1219.07
535.70	1208.40
535.91	1218.73
536.11	1218.23
536.31	1215.31
536.52	1219.59
536.72	1223.29
536.92	1221.02
537.13	1225.75
537.33	1215.90
537.53	1220.79
537.74	1222.43
537.94	1213.95
538.14	1217.05
538.34	1219.50
538.55	1215.92
538.75	1233.08
538.95	1222.29
539.16	1222.88
539.36	1220.94
539.56	1219.05
539.77	1218.28
539.97	1224.83
540.17	1216.41
540.37	1224.71
540.58	1218.54
540.78	1228.86
540.98	1214.14
541.19	1226.47
541.39	1217.95
541.59	1224.28
541.79	1214.86
542.00	1227.35
542.20	1212.62
542.40	1218.62
542.60	1215.41
542.81	1223.13
543.01	1217.64
543.21	1217.72
543.42	1214.24
543.62	1220.14
543.82	1220.63
544.02	1226.79
544.23	1220.26
544.43	1222.78
544.63	1214.63
544.83	1217.31
545.04	1225.59
545.24	1218.38
545.44	1215.16
545.64	1214.51
545.85	1216.41
546.05	1221.92
546.25	1214.20
546.45	1228.49
546.66	1221.59
546.86	1217.29
547.06	1213.38
547.27	1224.75
547.47	1214.36
547.67	1226.65
547.87	1213.07
548.07	1223.21
548.28	1214.42
548.48	1213.50
548.68	1220.12
548.88	1221.49
549.09	1218.36
549.29	1215.02
549.49	1212.83
549.69	1229.66
549.90	1215.82
550.10	1227.14
550.30	1212.40
550.50	1220.49
550.71	1212.87
550.91	1226.34
551.11	1212.11
551.31	1223.66
551.51	1216.62
551.72	1220.38
551.92	1218.64
552.12	1223.54
552.32	1218.28
552.53	1221.14
552.73	1221.53
552.93	1219.93
553.13	1222.17
553.33	1230.99
553.54	1212.07
553.74	1226.14
553.94	1219.63
554.14	1225.07
554.35	1219.14
554.55	1224.97
554.75	1213.73
554.95	1219.07
555.15	1215.98
555.36	1219.81
555.56	1215.80
555.76	1229.21
555.96	1222.08
556.16	1218.34
556.37	1222.10
556.57	1222.47
556.77	1218.40
556.97	1220.53
557.17	1211.43
557.38	1231.69
557.58	1217.52
557.78	1230.11
557.98	1211.72
558.18	1224.13
558.38	1217.99
558.59	1222.13
558.79	1213.32
558.99	1227.37
559.19	1214.36
559.39	1228.21
559.60	1217.54
559.80	1224.05
560.00	1215.16
560.20	1230.58
560.40	1214.32
560.60	1233.25
560.81	1229.15
561.01	1222.84
561.21	1214.63
561.41	1224.21
561.61	1209.51
561.81	1220.18
562.02	1212.40
562.22	1222.29
562.42	1217.31
562.62	1222.68
562.82	1221.82
563.02	1218.42
563.23	1219.97
563.43	1223.13
563.63	1213.71
563.83	1221.90
564.03	1209.45
564.23	1225.81
564.43	1224.01
564.64	1223.35
564.84	1209.12
565.04	1224.01
565.24	1218.21
565.44	1223.03
565.64	1218.93
565.85	1226.10
566.05	1211.37
566.25	1231.73
566.45	1216.17
566.65	1218.05
566.85	1216.02
567.05	1226.20
567.25	1216.86
567.46	1231.44
567.66	1213.99
567.86	1226.61
568.06	1215.18
568.26	1228.25
568.46	1222.06
568.66	1224.58
568.86	1214.08
569.07	1222.62
569.27	1212.85
569.47	1219.57
569.67	1216.19
569.87	1228.43
570.07	1216.27
570.27	1221.16
570.47	1220.20
570.68	1226.22
570.88	1211.76
571.08	1221.78
571.28	1211.93
571.48	1224.17
571.68	1213.05
571.88	1221.04
572.08	1219.03
572.28	1225.85
572.49	1214.49
572.69	1223.56
572.89	1216.35
573.09	1227.74
573.29	1213.79
573.49	1223.35
573.69	1216.90
573.89	1215.53
574.09	1217.46
574.29	1224.05
574.50	1215.61
574.70	1222.84
574.90	1220.12
575.10	1228.66
575.30	1210.08
575.50	1226.75
575.70	1218.95
575.90	1222.72
576.10	1220.12
576.30	1223.85
576.50	1210.86
576.70	1223.99
576.91	1219.16
577.11	1225.79
577.31	1218.19
577.51	1219.59
577.71	1221.47
577.91	1224.87
578.11	1215.33
578.31	1220.59
578.51	1217.19
578.71	1222.23
578.91	1217.07
579.11	1218.50
579.31	1222.51
579.51	1223.42
579.71	1218.71
579.92	1224.17
580.12	1215.82
580.32	1227.55
580.52	1220.51
580.72	1217.64
580.92	1216.86
581.12	1222.99
581.32	1217.09
581.52	1219.61
581.72	1215.10
581.92	1220.69
582.12	1218.64
582.32	1228.39
582.52	1211.13
582.72	1226.86
582.92	1214.67
583.12	1223.76
583.32	1221.49
583.52	1218.42
583.72	1218.93
583.92	1224.99
584.12	1211.09
584.33	1215.51
584.53	1214.20
584.73	1220.84
584.93	1216.45
585.13	1221.51
585.33	1207.50
585.53	1219.83
585.73	1222.41
585.93	1221.92
586.13	1214.73
586.33	1218.71
586.53	1213.20
586.73	1224.03
586.93	1214.10
587.13	1223.62
587.33	1214.28
587.53	1228.23
587.73	1218.30
587.93	1219.34
588.13	1204.41
588.33	1226.45
588.53	1211.70
588.73	1219.16
588.93	1219.01
589.13	1222.37
589.33	1215.08
589.53	1225.52
589.73	1215.67
589.93	1231.53
590.13	1209.78
590.33	1224.73
590.53	1214.12
590.73	1222.10
590.93	1221.74
591.13	1226.63
591.33	1217.56
591.53	1224.60
591.73	1219.05
591.93	1215.06
592.13	1204.57
592.33	1224.13
592.53	1214.38
592.73	1225.34
592.93	1209.06
593.13	1225.98
593.33	1219.42
593.53	1219.44
593.73	1217.33
593.93	1224.40
594.13	1215.12
594.33	1227.96
594.53	1212.42
594.73	1226.22
594.92	1215.22
595.12	1222.02
595.32	1215.92
595.52	1216.80
595.72	1218.38
595.92	1218.60
596.12	1216.15
596.32	1231.16
596.52	1219.46
596.72	1218.38
596.92	1213.20
597.12	1221.02
597.32	1216.29
597.52	1215.43
597.72	1210.10
597.92	1220.00
598.12	1213.63
598.32	1230.54
598.52	1216.60
598.72	1221.00
598.92	1214.08
599.12	1226.96
599.31	1217.03
599.51	1221.51
599.71	1220.36
599.91	1228.68
600.11	1224.62
600.31	1220.57
600.51	1216.98
600.71	1220.36
600.91	1212.58
601.11	1222.99
601.31	1216.86
601.51	1214.67
601.71	1221.86
601.91	1222.21
602.10	1216.10
602.30	1216.62
602.50	1211.87
602.70	1221.96
602.90	1215.90
603.10	1229.11
603.30	1214.24
603.50	1226.94
603.70	1213.28
603.90	1223.74
604.10	1225.93
604.30	1218.11
604.49	1218.23
604.69	1220.04
604.89	1217.70
605.09	1216.66
605.29	1216.33
605.49	1224.44
605.69	1216.25
605.89	1218.50
606.09	1217.15
606.29	1221.90
606.48	1214.04
606.68	1215.33
606.88	1205.35
607.08	1208.73
607.28	1218.89
607.48	1223.91
607.68	1220.22
607.88	1226.24
608.08	1212.13
608.27	1225.96
608.47	1218.66
608.67	1224.26
608.87	1214.51
609.07	1224.36
609.27	1213.11
609.47	1220.79
609.67	1217.60
609.87	1220.67
610.06	1211.72
610.26	1227.02
610.46	1221.18
610.66	1224.17
610.86	1221.43
611.06	1223.01
611.26	1219.36
611.45	1223.25
611.65	1214.63
611.85	1222.21
612.05	1215.31
612.25	1221.76
612.45	1214.06
612.65	1234.97
612.84	1214.90
613.04	1222.88
613.24	1216.62
613.44	1219.42
613.64	1214.49
613.84	1227.18
614.04	1220.36
614.23	1223.87
614.43	1212.17
614.63	1227.57
614.83	1211.33
615.03	1223.52
615.23	1218.87
615.42	1221.29
615.62	1217.80
615.82	1226.51
616.02	1216.55
616.22	1221.12
616.42	1215.37
616.61	1226.02
616.81	1215.33
617.01	1224.69
617.21	1216.53
617.41	1212.85
617.61	1215.06
617.80	1222.21
618.00	1220.16
618.20	1218.23
618.40	1216.45
618.60	1227.55
618.80	1208.77
618.99	1224.60
619.19	1212.15
619.39	1222.66
619.59	1219.79
619.79	1225.44
619.98	1209.53
620.18	1225.20
620.38	1221.16
620.58	1218.50
620.78	1215.69
620.97	1218.03
621.17	1220.55
621.37	1227.18
621.57	1215.82
621.77	1227.08
621.96	1217.60
622.16	1223.42
622.36	1223.60
622.56	1222.29
622.76	1216.84
622.95	1219.32
623.15	1219.20
623.35	1218.95
623.55	1211.72
623.75	1213.34
623.94	1222.92
624.14	1213.99
624.34	1216.92
624.54	1221.29
624.73	1212.36
624.93	1219.65
625.13	1218.54
625.33	1228.90
625.53	1215.63
625.72	1221.67
625.92	1217.35
626.12	1220.77
626.32	1216.78
626.51	1224.28
626.71	1215.72
626.91	1226.00
627.11	1219.28
627.30	1227.25
627.50	1218.64
627.70	1226.59
627.90	1218.25
628.10	1219.75
628.29	1209.55
628.49	1224.09
628.69	1219.95
628.89	1231.75
629.08	1213.38
629.28	1224.28
629.48	1216.29
629.68	1221.74
629.87	1219.75
630.07	1225.98
630.27	1216.88
630.47	1223.93
630.66	1214.94
630.86	1223.03
631.06	1213.75
631.25	1227.82
631.45	1215.59
631.65	1221.84
631.85	1215.98
632.04	1219.77
632.24	1218.03
632.44	1219.44
632.64	1214.26
632.83	1223.76
633.03	1215.43
633.23	1222.02
633.42	1216.84
633.62	1222.06
633.82	1213.73
634.02	1222.04
634.21	1226.41
634.41	1223.29
634.61	1216.19
634.81	1217.54
635.00	1216.39
635.20	1219.91
635.40	1220.84
635.59	1228.35
635.79	1219.05
635.99	1218.17
636.18	1219.16
636.38	1224.44
636.58	1222.76
636.78	1219.18
636.97	1214.06
637.17	1223.44
637.37	1214.65
637.56	1217.95
637.76	1219.36
637.96	1217.33
638.15	1218.05
638.35	1224.46
638.55	1216.04
638.74	1215.02
638.94	1217.93
639.14	1218.36
639.34	1217.27
639.53	1218.07
639.73	1212.75
639.93	1218.32
640.12	1213.42
640.32	1223.13
640.52	1218.05
640.71	1215.55
640.91	1217.01
641.11	1220.88
641.30	1210.35
641.50	1218.19
641.70	1216.17
641.89	1223.05
642.09	1215.41
642.29	1224.48
642.48	1220.94
642.68	1219.14
642.88	1218.19
643.07	1221.20
643.27	1222.43
643.47	1225.14
643.66	1218.34
643.86	1216.10
644.06	1222.13
644.25	1223.27
644.45	1220.61
644.65	1223.83
644.84	1217.42
645.04	1220.59
645.23	1215.41
645.43	1217.85
645.63	1213.40
645.82	1225.73
646.02	1220.24
646.22	1225.57
646.41	1216.27
646.61	1224.26
646.81	1214.86
647.00	1226.86
647.20	1221.55
647.39	1218.89
647.59	1216.06
647.79	1218.25
647.98	1222.35
648.18	1218.56
648.38	1219.01
648.57	1227.27
648.77	1216.68
648.96	1221.37
649.16	1212.70
649.36	1227.02
649.55	1215.33
649.75	1220.73
649.95	1216.06
650.14	1220.98
650.34	1212.87
650.53	1220.24
650.73	1217.35
650.93	1225.09
651.12	1218.03
651.32	1227.74
651.51	1219.40
651.71	1222.49
651.91	1211.37
652.10	1225.81
652.30	1210.55
652.49	1231.36
652.69	1220.49
652.89	1225.93
653.08	1216.62
653.28	1223.62
653.47	1212.54
653.67	1219.42
653.86	1217.82
654.06	1220.12
654.26	1222.60
654.45	1225.34
654.65	1211.21
654.84	1224.85
655.04	1215.08
655.24	1225.30
655.43	1218.17
655.63	1221.74
655.82	1214.90
656.02	1213.85
656.21	1218.13
656.41	1226.36
656.61	1215.04
656.80	1218.36
657.00	1216.53
657.19	1225.01
657.39	1218.66
657.58	1216.10
657.78	1219.69
657.97	1218.85
658.17	1217.93
658.37	1224.87
658.56	1208.12
658.76	1221.98
658.95	1214.42
659.15	1222.13
659.34	1210.35
659.54	1224.15
659.73	1218.50
659.93	1222.49
660.13	1211.23
660.32	1216.51
660.52	1219.42
660.71	1220.84
660.91	1222.10
661.10	1229.17
661.30	1218.30
661.49	1218.73
661.69	1216.47
661.88	1221.00
662.08	1217.01
662.27	1221.59
662.47	1217.01
662.66	1219.69
662.86	1213.87
663.06	1218.11
663.25	1216.15
663.45	1227.22
663.64	1216.96
663.84	1224.95
664.03	1215.45
664.23	1218.95
664.42	1211.19
664.62	1221.41
664.81	1218.44
665.01	1213.89
665.20	1215.35
665.40	1215.37
665.59	1223.93
665.79	1226.08
665.98	1218.75
666.18	1216.64
666.37	1224.66
666.57	1222.74
666.76	1212.93
666.96	1221.88
667.15	1215.96
667.35	1222.92
667.54	1214.02
667.74	1218.56
667.93	1225.81
668.13	1221.08
668.32	1218.46
668.52	1222.90
668.71	1223.09
668.91	1221.39
669.10	1219.81
669.30	1220.84
669.49	1220.34
669.68	1221.53
669.88	1211.58
670.07	1221.16
670.27	1217.72
670.46	1221.84
670.66	1213.22
670.85	1221.27
671.05	1218.75
671.24	1219.71
671.44	1221.27
671.63	1219.32
671.83	1219.09
672.02	1222.99
672.22	1210.12
672.41	1218.42
672.60	1220.77
672.80	1228.60
672.99	1214.53
673.19	1221.22
673.38	1210.84
673.58	1229.60
673.77	1219.57
673.97	1218.93
674.16	1216.80
674.36	1219.54
674.55	1214.57
674.74	1218.58
674.94	1218.28
675.13	1223.56
675.33	1215.12
675.52	1221.45
675.72	1212.36
675.91	1224.17
676.10	1218.66
676.30	1219.93
676.49	1211.91
676.69	1223.74
676.88	1221.80
677.08	1223.29
677.27	1215.86
677.46	1224.30
677.66	1218.54
677.85	1223.07
678.05	1223.23
678.24	1219.95
678.44	1212.85
678.63	1217.72
678.82	1212.62
679.02	1221.63
679.21	1219.36
679.41	1221.47
679.60	1219.32
679.79	1225.77
679.99	1214.61
680.18	1227.10
680.38	1220.18
680.57	1225.85
680.76	1219.07
680.96	1220.88
681.15	1212.66
681.35	1231.91
681.54	1214.42
681.73	1222.17
681.93	1217.78
682.12	1226.08
682.32	1215.57
682.51	1222.31
682.70	1213.54
682.90	1223.80
683.09	1220.10
683.29	1218.48
683.48	1216.70
683.67	1228.54
683.87	1221.16
684.06	1228.97
684.25	1218.95
684.45	1232.73
684.64	1215.96
684.84	1220.57
685.03	1216.80
685.22	1219.85
685.42	1221.39
685.61	1225.55
685.80	1215.96
686.00	1218.60
686.19	1221.55
686.38	1225.44
686.58	1215.74
686.77	1220.90
686.96	1216.37
687.16	1220.55
687.35	1216.53
687.55	1229.99
687.74	1216.96
687.93	1226.28
688.13	1204.68
688.32	1224.13
688.51	1220.49
688.71	1227.04
688.90	1216.94
689.09	1226.32
689.29	1219.34
689.48	1214.22
689.67	1220.43
689.87	1221.31
690.06	1220.14
690.25	1227.41
690.45	1218.36
690.64	1222.58
690.83	1217.39
691.03	1220.71
691.22	1208.65
691.41	1211.17
691.61	1218.89
691.80	1223.03
691.99	1216.00
692.19	1227.00
692.38	1209.59
692.57	1219.97
692.76	1218.71
692.96	1219.97
693.15	1218.01
693.34	1226.92
693.54	1220.06
693.73	1226.94
693.92	1216.39
694.12	1218.66
694.31	1220.14
694.50	1226.45
694.70	1216.64
694.89	1217.82
695.08	1212.17
695.27	1216.68
695.47	1217.52
695.66	1228.88
695.85	1220.47
696.05	1226.67
696.24	1211.70
696.43	1222.41
696.62	1212.30
696.82	1223.27
697.01	1224.34
697.20	1219.30
697.40	1218.25
697.59	1226.24
697.78	1218.09
697.97	1220.16
698.17	1216.25
698.36	1224.81
698.55	1226.41
698.74	1227.80
698.94	1219.11
699.13	1223.89
699.32	1220.98
699.52	1221.22
699.71	1217.82
699.90	1222.70
700.09	1215.02
700.29	1224.81
700.48	1212.66
700.67	1229.58
700.86	1219.54
701.06	1227.72
701.25	1221.57
701.44	1226.02
701.63	1221.35
701.83	1224.73
702.02	1223.42
702.21	1222.35
702.40	1218.30
702.60	1224.34
702.79	1221.12
702.98	1216.68
703.17	1215.55
703.37	1220.86
703.56	1216.31
703.75	1223.60
703.94	1216.33
704.13	1227.31
704.33	1210.57
704.52	1222.64
704.71	1219.26
704.90	1227.37
705.10	1209.47
705.29	1220.18
705.48	1212.34
705.67	1224.99
705.86	1218.40
706.06	1215.88
706.25	1216.88
706.44	1223.76
706.63	1221.94
706.83	1227.37
707.02	1219.05
707.21	1215.57
707.40	1216.29
707.59	1223.80
707.79	1216.37
707.98	1222.23
708.17	1216.74
708.36	1229.74
708.55	1218.89
708.75	1229.07
708.94	1217.39
709.13	1223.52
709.32	1218.32
709.51	1216.80
709.71	1217.15
709.90	1222.43
710.09	1220.20
710.28	1232.06
710.47	1216.04
710.66	1218.17
710.86	1218.17
711.05	1228.02
711.24	1214.40
711.43	1220.92
711.62	1213.54
711.82	1223.29
712.01	1216.21
712.20	1222.19
712.39	1214.69
712.58	1219.24
712.77	1226.63
712.97	1220.55
713.16	1214.08
713.35	1211.80
713.54	1214.26
713.73	1224.71
713.92	1218.50
714.11	1220.43
714.31	1216.92
714.50	1224.54
714.69	1207.71
714.88	1225.75
715.07	1216.49
715.26	1230.93
715.46	1220.16
715.65	1221.08
715.84	1216.86
716.03	1226.51
716.22	1216.96
716.41	1227.22
716.60	1216.17
716.80	1229.42
716.99	1224.01
717.18	1217.48
717.37	1214.30
717.56	1227.78
717.75	1220.38
717.94	1229.31
718.13	1213.38
718.33	1219.46
718.52	1215.63
718.71	1221.59
718.90	1218.62
719.09	1223.01
719.28	1212.48
719.47	1226.84
719.66	1218.93
719.85	1217.25
720.05	1220.75
720.24	1214.73
720.43	1219.79
720.62	1219.65
720.81	1217.56
721.00	1224.46
721.19	1222.29
721.38	1227.14
721.57	1217.39
721.77	1220.59
721.96	1218.36
722.15	1216.78
722.34	1218.28
722.53	1226.12
722.72	1218.46
722.91	1213.36
723.10	1216.49
723.29	1229.99
723.48	1218.50
723.67	1222.60
723.87	1219.63
724.06	1225.32
724.25	1214.98
724.44	1222.02
724.63	1214.96
724.82	1219.59
725.01	1224.38
725.20	1222.33
725.39	1219.05
725.58	1224.79
725.77	1218.48
725.96	1227.45
726.15	1215.26
726.34	1219.75
726.54	1213.71
726.73	1228.43
726.92	1212.79
727.11	1227.45
727.30	1214.90
727.49	1219.36
727.68	1216.64
727.87	1217.23
728.06	1223.05
728.25	1219.30
728.44	1213.83
728.63	1222.29
728.82	1211.29
729.01	1220.79
729.20	1217.23
729.39	1228.02
729.58	1217.21
729.77	1225.05
729.96	1212.19
730.15	1222.21
730.34	1221.24
730.53	1226.30
730.73	1214.92
730.92	1227.35
731.11	1215.41
731.30	1222.39
731.49	1216.92
731.68	1223.56
731.87	1216.98
732.06	1222.47
732.25	1229.11
732.44	1221.10
732.63	1220.98
732.82	1222.00
733.01	1222.97
733.20	1221.53
733.39	1218.28
733.58	1225.30
733.77	1214.38
733.96	1221.04
734.15	1216.90
734.34	1223.76
734.53	1219.26
734.72	1220.30
734.91	1215.08
735.10	1223.44
735.29	1217.85
735.48	1227.22
735.67	1214.38
735.86	1222.58
736.05	1217.13
736.24	1228.29
736.43	1210.55
736.62	1227.08
736.81	1220.51
737.00	1233.08
737.19	1217.66
737.38	1220.32
737.57	1216.76
737.76	1217.97
737.95	1218.54
738.14	1218.91
738.33	1214.77
738.51	1226.96
738.70	1210.17
738.89	1219.61
739.08	1215.55
739.27	1224.83
739.46	1207.85
739.65	1212.95
739.84	1215.86
740.03	1218.44
740.22	1216.94
740.41	1225.48
740.60	1220.51
740.79	1227.59
740.98	1213.05
741.17	1228.37
741.36	1214.75
741.55	1221.92
741.74	1220.49
741.93	1226.71
742.12	1213.16
742.31	1218.89
742.50	1210.04
742.68	1217.89
742.87	1217.56
743.06	1225.61
743.25	1222.80
743.44	1220.06
743.63	1213.75
743.82	1224.13
744.01	1217.13
744.20	1218.99
744.39	1217.42
744.58	1231.03
744.77	1223.66
744.96	1222.56
745.14	1207.93
745.33	1218.42
745.52	1216.00
745.71	1220.51
745.90	1215.29
746.09	1221.90
746.28	1214.40
746.47	1226.77
746.66	1216.86
746.85	1226.45
747.04	1219.89
747.22	1221.12
747.41	1214.67
747.60	1215.55
747.79	1219.20
747.98	1218.01
748.17	1212.60
748.36	1219.83
748.55	1219.71
748.74	1216.60
748.93	1221.20
749.11	1225.46
749.30	1213.81
749.49	1222.82
749.68	1218.15
749.87	1222.76
750.06	1212.01
750.25	1219.91
750.44	1212.40
750.62	1221.43
750.81	1213.30
751.00	1221.61
751.19	1215.78
751.38	1218.85
751.57	1215.96
751.76	1216.88
751.95	1209.90
752.13	1223.15
752.32	1223.48
752.51	1228.84
752.70	1214.55
752.89	1214.67
753.08	1208.36
753.27	1216.64
753.45	1214.63
753.64	1226.75
753.83	1217.39
754.02	1223.15
754.21	1215.00
754.40	1224.34
754.58	1221.29
754.77	1219.50
754.96	1219.61
755.15	1228.41
755.34	1207.26
755.53	1214.40
755.71	1221.98
755.90	1226.08
756.09	1217.37
756.28	1219.01
756.47	1218.25
756.66	1225.16
756.84	1219.50
757.03	1219.01
757.22	1217.15
757.41	1221.74
757.60	1213.89
757.79	1223.58
757.97	1211.21
758.16	1217.03
758.35	1218.13
758.54	1227.29
758.73	1213.03
758.91	1220.94
759.10	1214.34
759.29	1221.72
759.48	1212.19
759.67	1226.69
759.85	1216.98
760.04	1225.24
760.23	1214.98
760.42	1226.69
760.61	1216.04
760.79	1216.78
760.98	1212.27
761.17	1228.58
761.36	1210.29
761.55	1218.05
761.73	1219.71
761.92	1223.72
762.11	1217.56
762.30	1226.34
762.49	1223.74
762.67	1219.11
762.86	1219.67
763.05	1223.62
763.24	1210.00
763.42	1219.73
763.61	1219.75
763.80	1226.82
763.99	1220.88
764.17	1228.97
764.36	1212.99
764.55	1220.63
764.74	1211.58
764.92	1220.49
765.11	1216.12
765.30	1227.76
765.49	1216.88
765.68	1219.03
765.86	1221.20
766.05	1218.34
766.24	1210.82
766.43	1220.10
766.61	1207.97
766.80	1224.21
766.99	1220.34
767.17	1233.08
767.36	1217.72
767.55	1228.19
767.74	1214.61
767.92	1225.93
768.11	1213.93
768.30	1222.97
768.49	1210.33
768.67	1221.61
768.86	1214.30
769.05	1220.73
769.24	1221.57
769.42	1219.79
769.61	1222.60
769.80	1221.08
769.98	1219.50
770.17	1223.35
770.36	1215.98
770.55	1224.13
770.73	1210.10
770.92	1221.82
771.11	1218.17
771.29	1219.87
771.48	1210.96
771.67	1223.93
771.86	1216.49
772.04	1221.06
772.23	1212.15
772.42	1225.50
772.60	1216.04
772.79	1224.93
772.98	1212.93
773.16	1222.60
773.35	1217.19
773.54	1234.47
773.72	1222.00
773.91	1220.71
774.10	1215.57
774.29	1224.56
774.47	1215.08
774.66	1225.61
774.85	1209.12
775.03	1226.00
775.22	1219.40
775.41	1217.80
775.59	1221.57
775.78	1220.32
775.97	1216.35
776.15	1226.10
776.34	1214.88
776.53	1222.74
776.71	1215.74
776.90	1219.40
777.09	1221.88
777.27	1229.64
777.46	1214.28
777.65	1219.48
777.83	1218.87
778.02	1220.06
778.21	1218.07
778.39	1220.49
778.58	1217.39
778.76	1229.64
778.95	1214.77
779.14	1221.16
779.32	1217.76
779.51	1219.57
779.70	1216.19
779.88	1218.09
780.07	1217.54
780.26	1219.18
780.44	1209.80
780.63	1223.07
780.81	1215.20
781.00	1219.65
781.19	1217.05
781.37	1219.32
781.56	1222.25
781.75	1224.09
781.93	1219.36
782.12	1226.43
782.30	1216.53
782.49	1224.26
782.68	1214.34
782.86	1222.31
783.05	1217.29
783.23	1224.97
783.42	1214.75
783.61	1217.21
783.79	1221.49
783.98	1215.18
784.16	1217.13
784.35	1221.82
784.54	1222.43
784.72	1229.31
784.91	1213.09
785.09	1221.08
785.28	1218.95
785.47	1227.61
785.65	1221.33
785.84	1221.16
786.02	1219.46
786.21	1229.17
786.40	1223.80
786.58	1226.18
786.77	1220.20
786.95	1221.22
787.14	1221.18
787.32	1232.80
787.51	1224.21
787.70	1228.00
787.88	1221.37
788.07	1226.20
788.25	1211.84
788.44	1226.73
788.62	1221.78
788.81	1223.72
789.00	1218.46
789.18	1226.45
789.37	1217.09
789.55	1226.67
789.74	1215.16
789.92	1220.98
790.11	1214.96
790.29	1220.84
790.48	1214.22
790.67	1220.55
790.85	1209.69
791.04	1223.56
791.22	1216.62
791.41	1216.62
791.59	1217.17
791.78	1229.70
791.96	1230.50
792.15	1223.80
792.33	1217.85
792.52	1225.67
792.70	1210.92
792.89	1225.55
793.07	1218.99
793.26	1228.17
793.45	1212.32
793.63	1222.74
793.82	1214.94
794.00	1226.88
794.19	1217.74
794.37	1223.27
794.56	1218.07
794.74	1230.62
794.93	1211.33
795.11	1220.92
795.30	1211.50
795.48	1218.60
795.67	1215.49
795.85	1217.21
796.04	1212.64
796.22	1227.31
796.41	1220.45
796.59	1220.34
796.78	1221.98
796.96	1219.24
797.15	1222.13
797.33	1225.03
797.52	1226.69
797.70	1228.11
797.89	1214.10
798.07	1218.19
798.26	1214.88
798.44	1219.95
798.63	1215.12
798.81	1219.36
798.99	1218.48
799.18	1219.77
799.36	1215.37
799.55	1221.78
799.73	1218.62
799.92	1227.43
800.10	1217.66
800.29	1227.80
800.47	1222.80
800.66	1218.91
800.84	1227.04
801.03	1225.16
801.21	1213.52
801.39	1225.48
801.58	1217.93
801.76	1226.57
801.95	1222.35
802.13	1228.74
802.32	1213.30
802.50	1225.07
802.69	1224.46
802.87	1223.21
803.06	1217.33
803.24	1220.67
803.42	1221.61
803.61	1220.22
803.79	1217.68
803.98	1228.66
804.16	1224.11
804.35	1230.75
804.53	1216.33
804.71	1219.63
804.90	1217.23
805.08	1219.54
805.27	1226.26
805.45	1223.05
805.63	1217.52
805.82	1224.93
806.00	1216.12
806.19	1228.54
806.37	1214.71
806.56	1230.01
806.74	1220.98
806.92	1222.92
807.11	1218.58
807.29	1222.68
807.48	1221.33
807.66	1226.51
807.84	1224.40
808.03	1226.43
808.21	1226.75
808.40	1220.94
808.58	1221.31
808.76	1223.07
808.95	1220.79
809.13	1223.42
809.32	1224.15
809.50	1230.46
809.68	1219.71
809.87	1227.61
810.05	1219.83
810.23	1227.02
810.42	1220.10
810.60	1227.51
810.79	1220.10
810.97	1232.08
811.15	1222.68
811.34	1227.27
811.52	1225.09
811.70	1228.60
811.89	1220.06
812.07	1221.35
812.25	1229.13
812.44	1233.41
812.62	1223.42
812.81	1230.17
812.99	1224.54
813.17	1230.83
813.36	1220.04
813.54	1233.16
813.72	1227.88
813.91	1234.82
814.09	1223.11
814.27	1232.16
814.46	1226.61
814.64	1233.78
814.82	1219.77
815.01	1230.07
815.19	1220.38
815.37	1228.19
815.56	1233.29
815.74	1234.70
815.92	1232.69
816.11	1238.75
816.29	1228.27
816.47	1228.68
816.66	1228.45
816.84	1228.47
817.02	1227.08
817.21	1229.42
817.39	1227.06
817.57	1232.14
817.76	1235.50
817.94	1232.69
818.12	1228.25
818.30	1230.09
818.49	1225.73
818.67	1235.93
818.85	1226.00
819.04	1233.39
819.22	1235.05
819.40	1236.69
819.59	1243.20
819.77	1240.45
819.95	1228.35
820.13	1242.97
820.32	1239.06
820.50	1242.91
820.68	1228.62
820.87	1251.29
821.05	1233.27
821.23	1237.59
821.41	1233.55
821.60	1249.53
821.78	1236.77
821.96	1241.13
822.14	1245.16
822.33	1243.20
822.51	1235.40
822.69	1240.70
822.88	1242.28
823.06	1248.48
823.24	1235.50
823.42	1246.86
823.61	1243.59
823.79	1248.91
823.97	1241.09
824.15	1244.43
824.34	1240.64
824.52	1246.19
824.70	1244.18
824.88	1249.22
825.07	1243.44
825.25	1247.87
825.43	1237.59
825.61	1242.56
825.80	1236.22
825.98	1253.01
826.16	1238.04
826.34	1245.29
826.53	1246.39
826.71	1248.20
826.89	1244.43
827.07	1246.64
827.25	1238.04
827.44	1250.74
827.62	1240.80
827.80	1250.82
827.98	1238.30
828.17	1245.43
828.35	1239.14
828.53	1242.99
828.71	1236.83
828.89	1257.78
829.08	1247.34
829.26	1253.09
829.44	1248.38
829.62	1250.55
829.80	1254.28
829.99	1263.21
830.17	1259.42
830.35	1275.09
830.53	1269.23
830.71	1285.92
830.90	1283.13
831.08	1292.62
831.26	1294.99
831.44	1313.38
831.62	1321.74
831.81	1343.18
831.99	1364.95
832.17	1402.08
832.35	1472.94
832.53	1562.21
832.71	1684.09
832.90	1876.68
833.08	2086.00
833.26	2351.29
833.44	2634.18
833.62	2945.98
833.81	3248.69
833.99	3566.17
834.17	3816.29
834.35	4084.33
834.53	4348.60
834.71	4612.46
834.89	4830.69
835.08	5075.54
835.26	5216.38
835.44	5473.20
835.62	5598.51
835.80	5715.33
835.98	5868.17
836.17	6005.46
836.35	6166.17
836.53	6232.89
836.71	6376.97
836.89	6521.78
837.07	6624.79
837.25	6717.24
837.44	6795.14
837.62	6912.45
837.80	6921.64
837.98	6902.54
838.16	6873.33
838.34	6772.76
838.52	6680.21
838.70	6477.38
838.89	6275.39
839.07	6148.90
839.25	5814.27
839.43	5563.63
839.61	5252.16
839.79	4974.09
839.97	4648.21
840.15	4312.28
840.33	3997.45
840.52	3712.86
840.70	3418.90
840.88	3187.95
841.06	2940.56
841.24	2755.95
841.42	2608.09
841.60	2466.43
841.78	2344.64
841.96	2274.62
842.14	2203.37
842.33	2155.61
842.51	2088.23
842.69	2057.96
842.87	1999.10
843.05	1980.55
843.23	1946.41
843.41	1933.90
843.59	1898.92
843.77	1875.26
843.95	1844.87
844.13	1826.30
844.31	1810.24
844.49	1789.90
844.68	1758.75
844.86	1740.81
845.04	1719.88
845.22	1696.21
845.40	1678.47
845.58	1656.56
845.76	1629.90
845.94	1622.26
846.12	1600.08
846.30	1593.16
846.48	1566.39
846.66	1570.01
846.84	1545.13
847.02	1535.49
847.20	1521.48
847.38	1511.99
847.56	1488.89
847.74	1487.62
847.92	1472.41
848.11	1469.40
848.29	1460.59
848.47	1457.21
848.65	1450.41
848.83	1446.83
849.01	1446.81
849.19	1461.72
849.37	1452.46
849.55	1473.92
849.73	1476.87
849.91	1500.69
850.09	1503.60
850.27	1538.15
850.45	1542.86
850.63	1561.99
850.81	1557.54
850.99	1571.37
851.17	1574.93
851.35	1570.96
851.53	1569.56
851.71	1557.69
851.89	1545.46
852.07	1547.22
852.25	1530.04
852.43	1533.38
852.61	1512.81
852.79	1502.29
852.97	1482.79
853.15	1472.31
853.33	1456.62
853.51	1450.11
853.69	1424.16
853.87	1417.64
854.05	1405.97
854.23	1402.26
854.41	1384.63
854.59	1374.86
854.77	1357.17
854.95	1362.76
855.13	1339.86
855.31	1337.77
855.49	1322.41
855.67	1324.71
855.84	1307.30
856.02	1307.91
856.20	1292.15
856.38	1303.06
856.56	1289.91
856.74	1294.89
856.92	1287.25
857.10	1293.07
857.28	1274.80
857.46	1277.50
857.64	1274.70
857.82	1272.69
858.00	1256.90
858.18	1265.13
858.36	1242.05
858.54	1249.08
858.72	1238.02
858.90	1239.04
859.08	1234.02
859.25	1230.77
859.43	1225.32
859.61	1241.54
859.79	1226.20
859.97	1234.25
860.15	1229.23
860.33	1230.81
860.51	1229.33
860.69	1232.00
860.87	1225.09
861.05	1232.02
861.23	1226.61
861.41	1232.14
861.58	1222.49
861.76	1225.83
861.94	1229.91
862.12	1230.07
862.30	1229.19
862.48	1228.99
862.66	1223.72
862.84	1233.12
863.02	1228.17
863.20	1226.59
863.37	1226.26
863.55	1229.60
863.73	1221.33
863.91	1233.49
864.09	1227.51
864.27	1231.63
864.45	1228.78
864.63	1224.17
864.80	1225.98
864.98	1236.83
865.16	1233.39
865.34	1231.30
865.52	1229.17
865.70	1227.74
865.88	1230.73
866.06	1234.45
866.23	1223.19
866.41	1232.37
866.59	1232.80
866.77	1227.92
866.95	1228.56
867.13	1232.65
867.31	1224.56
867.48	1230.54
867.66	1224.71
867.84	1232.37
868.02	1222.60
868.20	1228.35
868.38	1218.81
868.56	1225.46
868.73	1231.22
868.91	1230.30
869.09	1221.06
869.27	1231.16
869.45	1215.12
869.63	1231.12
869.80	1221.51
869.98	1227.00
870.16	1222.15
870.34	1221.18
870.52	1224.79
870.70	1226.82
870.87	1225.65
871.05	1224.36
871.23	1216.47
871.41	1220.20
871.59	1223.23
871.76	1224.71
871.94	1220.20
872.12	1225.01
872.30	1225.16
872.48	1228.72
872.65	1217.54
872.83	1227.78
873.01	1220.51
873.19	1222.33
873.37	1225.89
873.54	1228.78
873.72	1213.83
873.90	1229.19
874.08	1215.49
874.26	1230.79
874.43	1221.39
874.61	1231.81
874.79	1224.03
874.97	1222.45
875.15	1216.43
875.32	1235.72
875.50	1227.16
875.68	1218.97
875.86	1224.38
876.03	1224.21
876.21	1225.73
876.39	1236.69
876.57	1217.60
876.74	1232.41
876.92	1226.20
877.10	1234.29
877.28	1222.41
877.45	1231.79
877.63	1219.22
877.81	1220.94
877.99	1222.56
878.17	1232.43
878.34	1226.96
878.52	1231.28
878.70	1216.39
878.87	1233.98
879.05	1220.47
879.23	1231.77
879.41	1222.33
879.58	1234.86
879.76	1224.54
879.94	1227.84
880.12	1231.40
880.29	1234.58
880.47	1223.37
880.65	1231.38
880.83	1222.10
881.00	1225.85
881.18	1224.42
881.36	1229.64
881.53	1225.71
881.71	1227.08
881.89	1224.77
882.07	1227.51
882.24	1219.91
882.42	1227.41
882.60	1216.72
882.77	1227.22
882.95	1218.89
883.13	1227.12
883.30	1229.25
883.48	1219.81
883.66	1221.35
883.84	1228.84
884.01	1220.12
884.19	1228.17
884.37	1226.26
884.54	1225.67
884.72	1223.56
884.90	1231.53
885.07	1215.84
885.25	1228.23
885.43	1215.61
885.60	1223.60
885.78	1220.45
885.96	1226.77
886.13	1216.12
886.31	1223.42
886.49	1222.90
886.66	1227.72
886.84	1218.68
887.02	1223.40
887.19	1210.10
887.37	1223.17
887.55	1211.72
887.72	1224.52
887.90	1222.08
888.08	1223.83
888.25	1215.39
888.43	1223.66
888.61	1220.34
888.78	1216.06
888.96	1219.30
889.14	1225.48
889.31	1218.46
889.49	1224.81
889.67	1215.94
889.84	1227.39
890.02	1214.16
890.19	1224.79
890.37	1219.11
890.55	1216.41
890.72	1213.91
890.90	1225.98
891.08	1216.88
891.25	1223.01
891.43	1218.66
891.60	1222.25
891.78	1222.53
891.96	1226.00
892.13	1220.10
892.31	1219.50
892.48	1212.42
892.66	1234.21
892.84	1213.42
893.01	1224.48
893.19	1221.67
893.36	1222.90
893.54	1216.90
893.72	1220.84
893.89	1219.16
894.07	1223.01
894.24	1219.61
894.42	1242.46
894.60	1217.27
894.77	1224.01
894.95	1208.32
895.12	1222.60
895.30	1212.25
895.48	1226.30
895.65	1220.10
895.83	1224.73
896.00	1214.69
896.18	1221.59
896.35	1223.33
896.53	1223.95
896.71	1217.58
896.88	1223.78
897.06	1213.59
897.23	1222.92
897.41	1220.81
897.58	1224.50
897.76	1220.30
897.93	1223.83
898.11	1213.42
898.29	1226.77
898.46	1214.98
898.64	1220.92
898.81	1222.37
898.99	1229.74
899.16	1221.14
899.34	1216.58
899.51	1213.01
899.69	1220.90
899.86	1215.12
900.04	1217.82
900.21	1219.81
900.39	1223.95
900.57	1215.61
900.74	1219.71
900.92	1216.55
901.09	1221.41
901.27	1215.63
901.44	1223.01
901.62	1217.91
901.79	1225.85
901.97	1220.96
902.14	1219.14
902.32	1215.43
902.49	1221.16
902.67	1212.17
902.84	1224.81
903.02	1217.48
903.19	1220.36
903.37	1210.53
903.54	1227.92
903.72	1219.95
903.89	1216.17
904.07	1214.38
904.24	1229.64
904.42	1213.03
904.59	1220.71
904.77	1212.32
904.94	1218.42
905.12	1221.88
905.29	1228.08
905.47	1214.45
905.64	1218.23
905.82	1221.57
905.99	1221.76
906.16	1212.81
906.34	1226.20
906.51	1216.15
906.69	1226.12
906.86	1214.10
907.04	1220.16
907.21	1218.17
907.39	1226.90
907.56	1212.01
907.74	1221.78
907.91	1217.52
908.09	1220.57
908.26	1214.32
908.43	1226.04
908.61	1215.82
908.78	1222.84
908.96	1213.59
909.13	1222.60
909.31	1213.44
909.48	1230.81
909.65	1217.66
909.83	1225.34
910.00	1220.20
910.18	1223.56
910.35	1215.20
910.53	1220.51
910.70	1214.61
910.87	1221.16
911.05	1210.33
911.22	1225.36
911.40	1213.65
911.57	1219.44
911.75	1211.46
911.92	1223.66
912.09	1220.86
912.27	1221.31
912.44	1211.68
912.62	1223.40
912.79	1215.63
912.96	1231.85
913.14	1212.89
913.31	1224.66
913.49	1211.41
913.66	1234.52
913.83	1220.28
914.01	1223.23
914.18	1222.82
914.36	1220.10
914.53	1213.38
914.70	1225.55
914.88	1218.89
915.05	1216.19
915.22	1215.24
915.40	1217.87
915.57	1213.81
915.75	1221.29
915.92	1211.46
916.09	1225.96
916.27	1222.06
916.44	1221.08
916.61	1218.89
916.79	1219.63
916.96	1220.20
917.13	1222.45
917.31	1220.94
917.48	1224.62
917.66	1211.99
917.83	1226.79
918.00	1223.01
918.18	1229.05
918.35	1215.02
918.52	1225.18
918.70	1214.65
918.87	1220.65
919.04	1213.77
919.22	1228.99
919.39	1222.41
919.56	1230.85
919.74	1222.56
919.91	1220.69
920.08	1216.78
920.26	1222.80
920.43	1217.64
920.60	1221.98
920.78	1218.99
920.95	1225.42
921.12	1221.57
921.29	1217.42
921.47	1217.60
921.64	1227.39
921.81	1215.69
921.99	1227.74
922.16	1212.79
922.33	1221.72
922.51	1218.97
922.68	1221.45
922.85	1219.42
923.03	1224.03
923.20	1213.85
923.37	1224.95
923.54	1215.12
923.72	1218.44
923.89	1213.07
924.06	1220.18
924.24	1218.71
924.41	1220.77
924.58	1208.18
924.75	1228.80
924.93	1210.78
925.10	1223.48
925.27	1212.87
925.44	1222.86
925.62	1218.01
925.79	1216.31
925.96	1217.17
926.14	1219.05
926.31	1219.81
926.48	1226.28
926.65	1217.54
926.83	1232.53
927.00	1215.78
927.17	1227.37
927.34	1218.79
927.52	1220.20
927.69	1220.00
927.86	1228.21
928.03	1218.15
928.21	1228.64
928.38	1218.15
928.55	1209.98
928.72	1217.11
928.89	1225.67
929.07	1216.96
929.24	1218.52
929.41	1215.35
929.58	1219.83
929.76	1210.84
929.93	1223.95
930.10	1216.86
930.27	1228.04
930.44	1215.61
930.62	1216.92
930.79	1218.19
930.96	1219.75
931.13	1219.59
931.31	1217.35
931.48	1216.41
931.65	1220.75
931.82	1223.58
931.99	1219.42
932.17	1210.92
932.34	1222.74
932.51	1210.19
932.68	1222.70
932.85	1216.29
933.03	1220.08
933.20	1218.50
933.37	1222.13
933.54	1214.40
933.71	1221.76
933.88	1211.91
934.06	1224.48
934.23	1214.04
934.40	1232.06
934.57	1210.23
934.74	1215.04
934.91	1219.75
935.09	1220.55
935.26	1221.35
935.43	1226.06
935.60	1214.94
935.77	1225.22
935.94	1218.13
936.12	1217.78
936.29	1213.65
936.46	1220.75
936.63	1215.20
936.80	1217.91
936.97	1215.74
937.14	1221.86
937.32	1214.96
937.49	1224.75
937.66	1212.19
937.83	1222.58
938.00	1216.29
938.17	1223.13
938.34	1217.27
938.52	1224.87
938.69	1214.30
938.86	1215.84
939.03	1221.88
939.20	1225.24
939.37	1224.42
939.54	1223.33
939.71	1217.97
939.89	1228.84
940.06	1216.33
940.23	1212.19
940.40	1218.23
940.57	1219.16
940.74	1207.46
940.91	1222.45
941.08	1216.64
941.25	1219.14
941.43	1213.93
941.60	1219.16
941.77	1219.42
941.94	1220.67
942.11	1212.38
942.28	1224.30
942.45	1215.08
942.62	1225.83
942.79	1221.35
942.96	1218.54
943.13	1218.85
943.30	1217.68
943.48	1216.84
943.65	1218.62
943.82	1216.66
943.99	1218.71
944.16	1220.04
944.33	1222.10
944.50	1223.48
944.67	1226.20
944.84	1221.20
945.01	1222.41
945.18	1214.67
945.35	1229.19
945.52	1210.60
945.69	1226.67
945.86	1224.64
946.03	1225.34
946.21	1218.01
946.38	1218.75
946.55	1213.61
946.72	1225.67
946.89	1216.88
947.06	1219.61
947.23	1224.75
947.40	1222.72
947.57	1216.37
947.74	1220.32
947.91	1215.14
948.08	1225.50
948.25	1219.87
948.42	1221.76
948.59	1222.51
948.76	1222.74
948.93	1216.98
949.10	1211.43
949.27	1220.24
949.44	1217.80
949.61	1209.20
949.78	1218.99
949.95	1217.91
950.12	1224.42
950.29	1218.56
950.46	1229.50
950.63	1213.18
950.80	1224.73
950.97	1213.20
951.14	1222.94
951.31	1217.74
951.48	1228.88
951.65	1214.75
951.82	1225.59
951.99	1224.83
952.16	1219.71
952.33	1211.93
952.50	1226.02
952.67	1212.95
952.84	1218.44
953.01	1215.72
953.18	1218.89
953.35	1223.01
953.52	1221.96
953.69	1213.81
953.86	1219.93
954.03	1209.90
954.20	1227.04
954.37	1219.32
954.54	1211.48
954.70	1220.43
954.87	1215.31
955.04	1216.94
955.21	1224.89
955.38	1218.56
955.55	1219.81
955.72	1213.79
955.89	1217.74
956.06	1215.96
956.23	1221.00
956.40	1218.03
956.57	1219.61
956.74	1217.44
956.91	1223.70
957.08	1214.10
957.25	1225.67
957.41	1212.85
957.58	1228.49
957.75	1214.30
957.92	1223.91
958.09	1218.73
958.26	1220.67
958.43	1218.21
958.60	1222.99
958.77	1210.35
958.94	1222.70
959.11	1213.59
959.27	1227.57
959.44	1217.27
959.61	1225.59
959.78	1208.87
959.95	1223.91
960.12	1217.89
960.29	1219.65
960.46	1210.88
960.63	1228.72
960.80	1209.71
960.96	1225.40
961.13	1214.14
961.30	1225.42
961.47	1218.93
961.64	1228.84
961.81	1209.39
961.98	1217.37
962.15	1209.02
962.31	1224.46
962.48	1210.43
962.65	1222.06
962.82	1216.04
962.99	1223.76
963.16	1215.59
963.33	1221.14
963.49	1216.68
963.66	1228.27
963.83	1219.44
964.00	1219.16
964.17	1221.51
964.34	1219.93
964.51	1216.47
964.67	1219.11
964.84	1217.99
965.01	1236.99
965.18	1223.03
965.35	1225.09
965.52	1214.98
965.68	1220.45
965.85	1212.01
966.02	1220.53
966.19	1217.11
966.36	1223.97
966.52	1205.72
966.69	1219.79
966.86	1215.33
967.03	1227.06
967.20	1220.41
967.37	1219.57
967.53	1211.52
967.70	1218.34
967.87	1218.30
968.04	1225.05
968.21	1211.09
968.37	1225.14
968.54	1214.92
968.71	1222.17
968.88	1215.63
969.05	1219.57
969.21	1219.05
969.38	1218.03
969.55	1213.65
969.72	1226.51
969.89	1217.78
970.05	1226.06
970.22	1222.17
970.39	1223.17
970.56	1214.14
970.72	1220.59
970.89	1212.21
971.06	1221.47
971.23	1221.47
971.39	1221.65
971.56	1217.54
971.73	1221.61
971.90	1216.21
972.07	1218.58
972.23	1215.47
972.40	1224.11
972.57	1214.92
972.74	1219.65
972.90	1211.95
973.07	1226.26
973.24	1212.13
973.40	1220.16
973.57	1219.07
973.74	1218.32
973.91	1218.50
974.07	1225.75
974.24	1208.40
974.41	1228.39
974.58	1213.22
974.74	1225.48
974.91	1211.39
975.08	1222.90
975.25	1214.45
975.41	1223.23
975.58	1213.05
975.75	1215.45
975.91	1210.84
976.08	1222.08
976.25	1218.68
976.42	1228.86
976.58	1213.36
976.75	1222.10
976.92	1212.91
977.08	1220.34
977.25	1209.24
977.42	1218.13
977.58	1220.94
977.75	1225.16
977.92	1216.35
978.08	1220.43
978.25	1220.26
978.42	1225.59
978.59	1220.94
978.75	1221.78
978.92	1216.33
979.09	1224.15
979.25	1211.72
979.42	1220.79
979.59	1213.79
979.75	1219.61
979.92	1226.26
980.09	1221.98
980.25	1216.74
980.42	1216.39
980.59	1217.70
980.75	1226.12
980.92	1219.20
981.09	1220.90
981.25	1213.18
981.42	1227.57
981.59	1215.78
981.75	1220.34
981.92	1215.61
982.08	1221.16
982.25	1219.24
982.42	1224.38
982.58	1212.85
982.75	1219.18
982.92	1217.54
983.08	1223.27
983.25	1214.22
983.42	1217.35
983.58	1217.80
983.75	1219.28
983.91	1217.29
984.08	1226.53
984.25	1222.00
984.41	1229.70
984.58	1207.73
984.74	1226.04
984.91	1214.14
985.08	1221.49
985.24	1218.23
985.41	1224.58
985.57	1221.22
985.74	1210.80
985.91	1213.59
986.07	1221.08
986.24	1218.09
986.40	1217.19
986.57	1215.02
986.74	1226.71
986.90	1217.33
987.07	1227.16
987.23	1210.90
987.40	1225.38
987.57	1223.54
987.73	1226.92
987.90	1213.26
988.06	1229.72
988.23	1214.55
988.39	1219.77
988.56	1215.67
988.73	1227.59
988.89	1223.85
989.06	1224.62
989.22	1213.85
989.39	1221.49
989.55	1215.39
989.72	1233.55
989.88	1209.82
990.05	1223.66
990.22	1211.27
990.38	1229.15
990.55	1220.36
990.71	1227.27
990.88	1217.89
991.04	1224.69
991.21	1212.77
991.37	1221.27
991.54	1225.09
991.70	1222.84
991.87	1218.85
992.03	1218.50
992.20	1216.23
992.36	1219.40
992.53	1213.56
992.69	1214.20
992.86	1220.55
993.03	1223.21
993.19	1223.40
993.36	1225.87
993.52	1218.21
993.69	1215.47
993.85	1215.37
994.02	1221.41
994.18	1216.47
994.35	1223.70
994.51	1219.22
994.68	1222.39
994.84	1216.76
995.01	1222.08
995.17	1212.23
995.34	1223.07
995.50	1209.63
995.66	1223.48
995.83	1209.12
995.99	1216.55
996.16	1218.64
996.32	1221.43
996.49	1214.42
996.65	1214.08
996.82	1211.27
996.98	1224.13
997.15	1213.65
997.31	1222.23
997.48	1213.63
997.64	1222.70
997.81	1218.68
997.97	1220.02
998.13	1219.32
998.30	1229.23
998.46	1215.20
998.63	1218.83
998.79	1212.89
998.96	1222.08
999.12	1214.92
999.29	1217.21
999.45	1216.02
999.61	1217.46
999.78	1219.97
999.94	1227.63
1000.11	1218.71
1000.27	1219.28
1000.44	1214.55
1000.60	1219.89
1000.76	1208.98
1000.93	1228.68
1001.09	1215.65
1001.26	1219.18
1001.42	1216.37
1001.59	1218.50
1001.75	1215.37
1001.91	1222.74
1002.08	1210.25
1002.24	1224.34
1002.41	1222.04
1002.57	1225.18
1002.73	1216.58
1002.90	1217.66
1003.06	1215.49
1003.23	1219.97
1003.39	1219.57
1003.55	1226.43
1003.72	1211.80
1003.88	1219.83
1004.04	1206.25
1004.21	1219.79
1004.37	1216.41
1004.54	1226.96
1004.70	1214.40
1004.86	1225.71
1005.03	1212.36
1005.19	1219.38
1005.35	1220.61
1005.52	1220.36
1005.68	1215.37
1005.85	1220.06
1006.01	1219.03
1006.17	1222.78
1006.34	1215.65
1006.50	1226.30
1006.66	1209.47
1006.83	1221.94
1006.99	1207.56
1007.15	1227.45
1007.32	1217.21
1007.48	1219.54
1007.64	1211.56
1007.81	1216.74
1007.97	1218.56
1008.13	1225.91
1008.30	1218.91
1008.46	1220.53
1008.62	1218.50
1008.79	1222.51
1008.95	1216.62
1009.11	1217.48
1009.28	1213.65
1009.44	1220.81
1009.60	1213.59
1009.77	1224.71
1009.93	1219.63
1010.09	1221.04
1010.25	1213.83
1010.42	1219.05
1010.58	1215.82
1010.74	1227.10
1010.91	1215.43
1011.07	1218.50
1011.23	1216.43
1011.40	1217.25
1011.56	1214.16
1011.72	1221.20
1011.88	1217.54
1012.05	1221.02
1012.21	1214.86
1012.37	1218.89
1012.54	1222.80
1012.70	1223.09
1012.86	1216.47
1013.02	1221.57
1013.19	1213.61
1013.35	1225.28
1013.51	1213.85
1013.67	1218.99
1013.84	1215.55
1014.00	1224.91
1014.16	1215.47
1014.33	1224.36
1014.49	1210.74
1014.65	1218.44
1014.81	1214.69
1014.98	1227.29
1015.14	1216.06
1015.30	1217.07
1015.46	1221.51
1015.62	1223.52
1015.79	1221.55
1015.95	1223.19
1016.11	1218.73
1016.27	1223.72
1016.44	1214.08
1016.60	1225.75
1016.76	1211.23
1016.92	1224.50
1017.09	1217.70
1017.25	1230.36
1017.41	1221.53
1017.57	1223.83
1017.73	1215.39
1017.90	1233.23
1018.06	1216.39
1018.22	1226.98
1018.38	1213.91
1018.54	1218.97
1018.71	1222.47
1018.87	1222.78
1019.03	1219.85
1019.19	1222.56
1019.35	1218.01
1019.52	1221.49
1019.68	1213.11
1019.84	1219.63
1020.00	1218.71
1020.16	1230.77
1020.33	1219.32
1020.49	1219.95
1020.65	1216.84
1020.81	1221.76
1020.97	1213.48
1021.13	1219.05
1021.30	1211.76
1021.46	1219.34
1021.62	1219.32
1021.78	1217.01
1021.94	1215.67
1022.10	1224.23
1022.27	1212.62
1022.43	1228.31
1022.59	1213.09
1022.75	1219.18
1022.91	1220.12
1023.07	1221.47
1023.24	1209.37
1023.40	1215.88
1023.56	1217.68
1023.72	1226.49
1023.88	1215.86
1024.04	1219.95
1024.20	1213.75
1024.36	1230.81
1024.53	1213.38
1024.69	1227.06
1024.85	1215.98
1025.01	1225.93
1025.17	1216.66
1025.33	1221.88
1025.49	1220.55
1025.65	1224.48
1025.82	1213.50
1025.98	1221.37
1026.14	1216.08
1026.30	1222.82
1026.46	1216.82
1026.62	1223.19
1026.78	1216.12
1026.94	1218.13
1027.10	1215.80
1027.26	1221.59
1027.43	1217.62
1027.59	1223.05
1027.75	1219.07
1027.91	1221.57
1028.07	1215.80
1028.23	1224.32
1028.39	1211.87
1028.55	1220.51
1028.71	1216.86
1028.87	1221.63
1029.03	1214.83
1029.19	1220.06
1029.36	1217.78
1029.52	1216.00
1029.68	1209.57
1029.84	1226.34
1030.00	1208.24
1030.16	1224.40
1030.32	1217.01
1030.48	1219.77
1030.64	1216.31
1030.80	1222.62
1030.96	1218.56
1031.12	1226.57
1031.28	1213.77
1031.44	1221.67
1031.60	1223.83
1031.76	1219.38
1031.92	1220.26
1032.08	1228.43
1032.24	1214.96
1032.40	1221.29
1032.56	1220.18
1032.73	1225.22
1032.89	1214.83
1033.05	1219.79
1033.21	1211.72
1033.37	1226.69
1033.53	1214.92
1033.69	1225.77
1033.85	1219.03
1034.01	1219.89
1034.17	1212.03
1034.33	1225.01
1034.49	1218.15
1034.65	1219.79
1034.81	1211.41
1034.97	1228.82
1035.13	1223.60
1035.29	1217.35
1035.45	1216.08
1035.61	1223.54
1035.77	1217.25
1035.93	1221.33
1036.09	1219.44
1036.25	1219.97
1036.41	1218.44
1036.57	1225.07
1036.73	1217.01
1036.88	1224.83
1037.04	1207.99
