345.52	1207.07
345.73	1207.07
345.94	1207.07
346.16	1206.21
346.37	1205.48
346.58	1211.21
346.79	1213.54
347.00	1212.99
347.22	1217.78
347.43	1202.14
347.64	1215.16
347.85	1208.26
348.06	1217.54
348.28	1208.18
348.49	1213.75
348.70	1210.84
348.91	1223.93
349.12	1206.77
349.34	1224.38
349.55	1201.54
349.76	1213.16
349.97	1212.13
350.18	1217.99
350.40	1212.03
350.61	1211.62
350.82	1213.56
351.03	1217.48
351.24	1206.42
351.46	1208.75
351.67	1205.95
351.88	1209.67
352.09	1205.78
352.30	1216.98
352.51	1212.56
352.73	1206.54
352.94	1213.28
353.15	1216.43
353.36	1216.21
353.57	1222.21
353.79	1204.33
354.00	1213.79
354.21	1213.59
354.42	1222.02
354.63	1210.62
354.84	1217.19
355.06	1213.63
355.27	1213.85
355.48	1212.66
355.69	1213.11
355.90	1208.59
356.11	1215.69
356.33	1209.24
356.54	1222.78
356.75	1204.82
356.96	1220.36
357.17	1205.05
357.38	1218.40
357.60	1207.30
357.81	1214.12
358.02	1214.83
358.23	1217.58
358.44	1214.69
358.65	1219.26
358.87	1211.58
359.08	1218.09
359.29	1217.66
359.50	1219.01
359.71	1213.95
359.92	1209.06
360.13	1212.15
360.35	1213.87
360.56	1214.77
360.77	1216.68
360.98	1217.85
361.19	1221.55
361.40	1210.51
361.62	1217.97
361.83	1209.28
362.04	1215.76
362.25	1211.52
362.46	1218.66
362.67	1213.83
362.88	1215.06
363.10	1215.57
363.31	1222.06
363.52	1212.97
363.73	1222.80
363.94	1218.21
364.15	1218.48
364.36	1218.32
364.57	1219.93
364.79	1215.18
365.00	1218.44
365.21	1215.72
365.42	1223.72
365.63	1208.01
365.84	1219.71
366.05	1211.87
366.27	1212.54
366.48	1210.84
366.69	1227.80
366.90	1215.02
367.11	1229.23
367.32	1211.07
367.53	1221.80
367.74	1211.74
367.95	1220.71
368.17	1214.73
368.38	1218.30
368.59	1219.05
368.80	1214.90
369.01	1208.01
369.22	1215.61
369.43	1217.31
369.64	1218.73
369.86	1213.32
370.07	1223.03
370.28	1210.74
370.49	1217.19
370.70	1214.08
370.91	1222.60
371.12	1217.74
371.33	1217.85
371.54	1216.12
371.76	1214.34
371.97	1214.59
372.18	1217.74
372.39	1212.40
372.60	1219.87
372.81	1217.21
373.02	1218.62
373.23	1215.12
373.44	1222.35
373.65	1213.63
373.87	1218.05
374.08	1212.09
374.29	1214.34
374.50	1212.07
374.71	1220.04
374.92	1218.99
375.13	1216.64
375.34	1216.86
375.55	1214.83
375.76	1216.41
375.97	1223.64
376.19	1207.42
376.40	1230.01
376.61	1211.41
376.82	1223.52
377.03	1211.76
377.24	1230.05
377.45	1212.42
377.66	1218.56
377.87	1217.44
378.08	1227.12
378.29	1210.41
378.50	1225.22
378.71	1212.48
378.93	1218.64
379.14	1207.52
379.35	1226.75
379.56	1215.61
379.77	1226.96
379.98	1213.56
380.19	1218.71
380.40	1213.95
380.61	1221.29
380.82	1208.42
381.03	1219.69
381.24	1205.41
381.45	1215.67
381.66	1209.20
381.88	1223.78
382.09	1214.36
382.30	1225.93
382.51	1211.68
382.72	1215.45
382.93	1210.39
383.14	1218.46
383.35	1212.83
383.56	1226.00
383.77	1205.93
383.98	1216.41
384.19	1211.60
384.40	1213.93
384.61	1215.20
384.82	1222.25
385.03	1217.19
385.24	1216.96
385.45	1213.83
385.67	1215.04
385.88	1208.18
386.09	1223.37
386.30	1212.19
386.51	1218.91
386.72	1215.35
386.93	1217.01
387.14	1210.94
387.35	1227.02
387.56	1214.57
387.77	1219.97
387.98	1214.30
388.19	1218.52
388.40	1218.13
388.61	1226.51
388.82	1209.35
389.03	1221.31
389.24	1216.02
389.45	1221.74
389.66	1207.05
389.87	1227.53
390.08	1220.38
390.29	1221.29
390.50	1215.72
390.71	1221.65
390.92	1214.96
391.13	1221.18
391.34	1218.54
391.55	1214.65
391.76	1212.95
391.98	1221.29
392.19	1213.42
392.40	1218.36
392.61	1216.41
392.82	1219.91
393.03	1213.32
393.24	1217.54
393.45	1218.36
393.66	1215.55
393.87	1213.93
394.08	1218.48
394.29	1211.58
394.50	1218.89
394.71	1213.56
394.92	1219.69
395.13	1216.00
395.34	1218.01
395.55	1210.78
395.76	1220.51
395.97	1216.58
396.18	1223.01
396.39	1209.82
396.60	1218.40
396.81	1219.20
397.02	1220.00
397.23	1216.23
397.44	1223.33
397.65	1211.72
397.86	1220.75
398.07	1210.10
398.28	1219.14
398.49	1221.04
398.70	1213.09
398.91	1220.06
399.12	1224.44
399.33	1213.85
399.54	1220.94
399.75	1209.59
399.96	1218.09
400.17	1214.18
400.38	1221.63
400.59	1212.58
400.80	1220.08
401.01	1213.34
401.22	1218.60
401.42	1212.07
401.63	1215.90
401.84	1219.95
402.05	1214.28
402.26	1220.22
402.47	1220.06
402.68	1218.21
402.89	1216.29
403.10	1220.96
403.31	1225.77
403.52	1210.17
403.73	1220.77
403.94	1207.52
404.15	1221.84
404.36	1217.27
404.57	1227.08
404.78	1204.62
404.99	1223.68
405.20	1216.98
405.41	1219.46
405.62	1216.43
405.83	1215.47
406.04	1217.03
406.25	1221.78
406.46	1217.82
406.67	1224.03
406.88	1216.17
407.09	1217.42
407.30	1215.26
407.50	1219.57
407.71	1209.37
407.92	1226.32
408.13	1218.34
408.34	1217.89
408.55	1221.04
408.76	1221.20
408.97	1215.45
409.18	1223.66
409.39	1217.17
409.60	1215.41
409.81	1219.34
410.02	1220.14
410.23	1219.03
410.44	1226.49
410.65	1207.40
410.86	1221.76
411.07	1213.71
411.27	1226.24
411.48	1211.03
411.69	1218.58
411.90	1213.13
412.11	1222.70
412.32	1215.94
412.53	1223.23
412.74	1212.36
412.95	1225.07
413.16	1213.18
413.37	1221.04
413.58	1211.35
413.79	1215.94
414.00	1217.03
414.20	1217.80
414.41	1208.47
414.62	1224.36
414.83	1214.51
415.04	1217.13
415.25	1217.50
415.46	1224.05
415.67	1207.13
415.88	1221.80
416.09	1210.45
416.30	1216.74
416.51	1211.72
416.71	1215.12
416.92	1215.18
417.13	1218.19
417.34	1213.59
417.55	1219.09
417.76	1208.75
417.97	1219.83
418.18	1209.22
418.39	1219.69
418.60	1215.04
418.81	1222.78
419.01	1214.12
419.22	1222.62
419.43	1207.03
419.64	1220.90
419.85	1211.70
420.06	1218.71
420.27	1208.24
420.48	1219.01
420.69	1213.65
420.90	1226.65
421.10	1209.80
421.31	1215.72
421.52	1217.35
421.73	1218.52
421.94	1211.54
422.15	1212.81
422.36	1220.84
422.57	1216.82
422.78	1216.82
422.98	1218.03
423.19	1213.20
423.40	1219.34
423.61	1217.19
423.82	1217.09
424.03	1212.83
424.24	1218.32
424.45	1217.23
424.65	1215.96
424.86	1217.19
425.07	1216.78
425.28	1214.94
425.49	1227.41
425.70	1211.17
425.91	1223.56
426.12	1209.84
426.32	1220.34
426.53	1214.75
426.74	1220.16
426.95	1215.16
427.16	1218.09
427.37	1205.74
427.58	1224.81
427.78	1214.77
427.99	1224.11
428.20	1215.10
428.41	1223.74
428.62	1210.64
428.83	1220.81
429.04	1220.34
429.24	1225.79
429.45	1214.10
429.66	1218.15
429.87	1213.46
430.08	1210.39
430.29	1210.47
430.50	1217.15
430.70	1207.18
430.91	1222.76
431.12	1221.92
431.33	1223.21
431.54	1216.86
431.75	1221.55
431.96	1213.85
432.16	1223.78
432.37	1211.15
432.58	1217.97
432.79	1215.67
433.00	1222.76
433.21	1211.54
433.41	1216.94
433.62	1207.20
433.83	1217.21
434.04	1209.82
434.25	1225.65
434.46	1212.60
434.66	1219.32
434.87	1214.69
435.08	1219.59
435.29	1213.07
435.50	1219.22
435.71	1217.68
435.91	1222.35
436.12	1212.40
436.33	1217.93
436.54	1213.46
436.75	1218.48
436.95	1209.86
437.16	1221.08
437.37	1210.37
437.58	1219.85
437.79	1222.08
438.00	1215.88
438.20	1214.26
438.41	1224.54
438.62	1214.36
438.83	1219.22
439.04	1210.70
439.24	1221.24
439.45	1217.29
439.66	1221.78
439.87	1206.70
440.08	1220.02
440.28	1209.74
440.49	1219.38
440.70	1220.59
440.91	1221.84
441.12	1212.85
441.32	1223.70
441.53	1215.22
441.74	1215.41
441.95	1214.98
442.16	1217.33
442.36	1211.80
442.57	1218.75
442.78	1210.27
442.99	1218.07
443.20	1211.66
443.40	1224.07
443.61	1215.63
443.82	1216.86
444.03	1209.96
444.24	1216.70
444.44	1219.52
444.65	1218.79
444.86	1227.68
445.07	1221.55
445.27	1211.46
445.48	1215.67
445.69	1213.22
445.90	1224.97
446.11	1207.83
446.31	1224.99
446.52	1214.59
446.73	1216.78
446.94	1216.70
447.14	1222.45
447.35	1208.44
447.56	1221.10
447.77	1214.73
447.97	1225.30
448.18	1217.82
448.39	1222.56
448.60	1212.70
448.81	1223.56
449.01	1213.79
449.22	1224.93
449.43	1220.16
449.64	1218.03
449.84	1213.61
450.05	1221.49
450.26	1213.89
450.47	1211.41
450.67	1214.69
450.88	1220.49
451.09	1214.49
451.30	1218.68
451.50	1224.21
451.71	1223.40
451.92	1210.57
452.13	1219.40
452.33	1209.88
452.54	1220.65
452.75	1211.21
452.96	1220.75
453.16	1211.78
453.37	1222.70
453.58	1208.85
453.79	1222.60
453.99	1216.41
454.20	1214.63
454.41	1215.35
454.61	1217.89
454.82	1208.24
455.03	1213.28
455.24	1213.50
455.44	1210.49
455.65	1219.71
455.86	1215.39
456.07	1214.24
456.27	1220.81
456.48	1206.58
456.69	1222.80
456.90	1213.65
457.10	1223.09
457.31	1215.80
457.52	1222.29
457.72	1217.11
457.93	1214.26
458.14	1215.96
458.35	1215.16
458.55	1213.32
458.76	1218.83
458.97	1206.05
459.17	1227.35
459.38	1210.35
459.59	1217.58
459.80	1216.60
460.00	1223.33
460.21	1219.05
460.42	1218.54
460.62	1215.90
460.83	1220.88
461.04	1215.06
461.25	1227.86
461.45	1216.19
461.66	1219.93
461.87	1216.31
462.07	1226.57
462.28	1218.99
462.49	1227.12
462.69	1214.61
462.90	1217.93
463.11	1212.60
463.31	1218.15
463.52	1213.83
463.73	1221.47
463.94	1212.23
464.14	1221.51
464.35	1219.22
464.56	1223.25
464.76	1220.96
464.97	1223.46
465.18	1209.49
465.38	1220.51
465.59	1218.50
465.80	1221.84
466.00	1217.58
466.21	1222.72
466.42	1216.17
466.62	1213.03
466.83	1219.91
467.04	1218.60
467.24	1212.21
467.45	1218.09
467.66	1206.64
467.86	1219.54
468.07	1211.35
468.28	1222.02
468.48	1209.35
468.69	1224.79
468.90	1219.38
469.10	1222.99
469.31	1221.94
469.52	1224.13
469.72	1217.09
469.93	1217.48
470.14	1214.02
470.34	1220.26
470.55	1215.61
470.76	1217.91
470.96	1215.57
471.17	1217.62
471.38	1207.36
471.58	1221.70
471.79	1208.71
472.00	1223.44
472.20	1210.88
472.41	1217.27
472.62	1221.70
472.82	1220.96
473.03	1221.98
473.24	1222.39
473.44	1214.32
473.65	1213.77
473.85	1211.25
474.06	1214.71
474.27	1214.88
474.47	1225.44
474.68	1217.85
474.89	1219.48
475.09	1206.93
475.30	1220.51
475.51	1215.26
475.71	1220.20
475.92	1212.36
476.12	1221.90
476.33	1210.55
476.54	1222.78
476.74	1214.65
476.95	1222.31
477.16	1206.01
477.36	1215.10
477.57	1212.42
477.77	1212.44
477.98	1220.36
478.19	1215.84
478.39	1209.69
478.60	1221.94
478.81	1209.98
479.01	1227.59
479.22	1211.39
479.42	1219.87
479.63	1208.01
479.84	1220.24
480.04	1214.75
480.25	1220.67
480.45	1212.62
480.66	1213.38
480.87	1219.61
481.07	1219.83
481.28	1213.65
481.48	1219.87
481.69	1213.85
481.90	1216.78
482.10	1210.90
482.31	1222.51
482.51	1212.09
482.72	1218.13
482.93	1213.87
483.13	1223.35
483.34	1216.04
483.54	1220.86
483.75	1212.75
483.96	1226.45
484.16	1215.53
484.37	1224.09
484.57	1210.53
484.78	1218.32
484.99	1212.99
485.19	1223.48
485.40	1206.70
485.60	1225.12
485.81	1209.92
486.01	1217.62
486.22	1222.88
486.43	1218.19
486.63	1209.39
486.84	1226.77
487.04	1219.65
487.25	1223.17
487.46	1215.10
487.66	1225.63
487.87	1224.38
488.07	1218.48
488.28	1212.38
488.48	1221.78
488.69	1221.88
488.89	1214.47
489.10	1208.28
489.31	1212.75
489.51	1213.83
489.72	1220.10
489.92	1212.91
490.13	1221.02
490.33	1212.15
490.54	1217.80
490.75	1218.58
490.95	1229.74
491.16	1208.79
491.36	1213.38
491.57	1217.03
491.77	1213.85
491.98	1215.00
492.18	1220.12
492.39	1210.78
492.59	1217.58
492.80	1209.45
493.01	1219.67
493.21	1214.92
493.42	1220.32
493.62	1213.01
493.83	1217.42
494.03	1218.73
494.24	1212.30
494.44	1212.66
494.65	1221.37
494.85	1206.83
495.06	1219.03
495.26	1216.06
495.47	1225.71
495.68	1212.48
495.88	1220.08
496.09	1214.94
496.29	1220.30
496.50	1218.66
496.70	1224.28
496.91	1222.00
497.11	1218.32
497.32	1204.29
497.52	1222.04
497.73	1215.57
497.93	1220.71
498.14	1214.92
498.34	1219.52
498.55	1210.94
498.75	1220.69
498.96	1215.84
499.16	1221.61
499.37	1216.19
499.57	1224.26
499.78	1219.61
499.98	1216.68
500.19	1216.82
500.39	1224.95
500.60	1212.93
500.80	1221.47
501.01	1215.37
501.21	1219.22
501.42	1211.64
501.62	1216.37
501.83	1210.41
502.03	1218.40
502.24	1230.07
502.44	1222.10
502.65	1213.20
502.85	1218.91
503.06	1215.39
503.26	1226.79
503.47	1214.53
503.67	1223.33
503.88	1209.57
504.08	1219.71
504.29	1214.36
504.49	1218.34
504.70	1216.08
504.90	1217.93
505.11	1210.80
505.31	1221.20
505.52	1212.17
505.72	1211.91
505.93	1213.89
506.13	1213.87
506.34	1217.25
506.54	1217.97
506.75	1208.20
506.95	1226.12
507.16	1215.49
507.36	1220.88
507.56	1212.54
507.77	1212.91
507.97	1214.94
508.18	1223.76
508.38	1209.76
508.59	1220.43
508.79	1218.87
509.00	1228.23
509.20	1215.45
509.41	1226.36
509.61	1207.09
509.82	1215.61
510.02	1211.25
510.22	1217.44
510.43	1222.74
510.63	1218.79
510.84	1214.98
511.04	1225.59
511.25	1208.77
511.45	1219.34
511.66	1212.68
511.86	1221.84
512.06	1213.28
512.27	1218.75
512.47	1211.19
512.68	1221.80
512.88	1220.30
513.09	1218.68
513.29	1207.07
513.50	1222.66
513.70	1211.37
513.90	1217.85
514.11	1220.55
514.31	1221.98
514.52	1212.91
514.72	1221.55
514.93	1211.56
515.13	1218.38
515.33	1207.24
515.54	1223.37
515.74	1211.39
515.95	1222.78
516.15	1214.71
516.36	1226.77
516.56	1213.91
516.76	1224.46
516.97	1212.99
517.17	1212.05
517.38	1216.86
517.58	1220.49
517.78	1210.86
517.99	1217.95
518.19	1218.01
518.40	1221.10
518.60	1213.22
518.81	1213.83
519.01	1221.86
519.21	1207.91
519.42	1214.67
519.62	1225.79
519.83	1211.41
520.03	1222.86
520.23	1214.30
520.44	1224.58
520.64	1221.98
520.85	1217.62
521.05	1212.40
521.25	1219.05
521.46	1213.30
521.66	1218.75
521.86	1207.34
522.07	1215.76
522.27	1207.09
522.48	1226.69
522.68	1219.81
522.88	1217.89
523.09	1219.16
523.29	1218.56
523.50	1209.61
523.70	1221.16
523.90	1210.82
524.11	1222.88
524.31	1215.94
524.51	1224.77
524.72	1209.37
524.92	1216.06
525.13	1210.76
525.33	1218.34
525.53	1211.33
525.74	1211.35
525.94	1217.97
526.14	1215.61
526.35	1211.97
526.55	1221.18
526.76	1211.48
526.96	1222.10
527.16	1211.56
527.37	1216.43
527.57	1215.29
527.77	1218.91
527.98	1219.03
528.18	1218.89
528.38	1219.32
528.59	1217.58
528.79	1217.33
528.99	1213.38
529.20	1222.82
529.40	1219.28
529.61	1206.46
529.81	1220.90
530.01	1216.94
530.22	1219.75
530.42	1216.43
530.62	1222.72
530.83	1211.11
531.03	1211.52
531.23	1218.46
531.44	1225.24
531.64	1212.85
531.84	1215.55
532.05	1213.59
532.25	1222.68
532.45	1223.05
532.66	1214.67
532.86	1220.71
533.06	1221.57
533.27	1223.48
533.47	1220.30
533.67	1211.09
533.88	1225.16
534.08	1220.41
534.28	1217.80
534.49	1211.15
534.69	1217.25
534.89	1212.03
535.09	1218.05
535.30	1216.33
535.50	1213.59
535.70	1215.63
535.91	1233.14
536.11	1218.48
536.31	1216.76
536.52	1213.61
536.72	1220.57
536.92	1216.17
537.13	1218.21
537.33	1212.73
537.53	1220.22
537.74	1215.12
537.94	1218.34
538.14	1212.44
538.34	1215.29
538.55	1214.53
538.75	1230.52
538.95	1217.56
539.16	1217.39
539.36	1217.31
539.56	1213.71
539.77	1210.62
539.97	1219.61
540.17	1214.81
540.37	1214.04
540.58	1217.33
540.78	1216.51
540.98	1213.07
541.19	1221.18
541.39	1218.93
541.59	1222.99
541.79	1206.85
542.00	1219.48
542.20	1216.29
542.40	1214.53
542.60	1212.75
542.81	1217.62
543.01	1218.62
543.21	1214.65
543.42	1199.35
543.62	1222.97
543.82	1218.13
544.02	1222.82
544.23	1210.47
544.43	1217.27
544.63	1220.63
544.83	1218.54
545.04	1221.43
545.24	1217.97
545.44	1212.87
545.64	1218.91
545.85	1211.37
546.05	1219.22
546.25	1214.18
546.45	1221.31
546.66	1219.44
546.86	1215.59
547.06	1214.92
547.27	1219.63
547.47	1213.26
547.67	1222.29
547.87	1219.77
548.07	1214.79
548.28	1218.71
548.48	1216.06
548.68	1204.43
548.88	1218.52
549.09	1214.08
549.29	1220.14
549.49	1206.81
549.69	1219.14
549.90	1216.15
550.10	1214.32
550.30	1213.34
550.50	1219.50
550.71	1212.64
550.91	1220.30
551.11	1213.97
551.31	1215.57
551.51	1214.69
551.72	1223.70
551.92	1219.30
552.12	1210.47
552.32	1213.52
552.53	1225.05
552.73	1216.25
552.93	1220.59
553.13	1214.06
553.33	1222.39
553.54	1222.70
553.74	1215.82
553.94	1209.04
554.14	1217.07
554.35	1209.10
554.55	1221.72
554.75	1215.82
554.95	1214.53
555.15	1217.15
555.36	1219.65
555.56	1210.29
555.76	1226.73
555.96	1208.20
556.16	1223.01
556.37	1216.45
556.57	1216.43
556.77	1211.62
556.97	1215.39
557.17	1212.42
557.38	1221.45
557.58	1213.50
557.78	1216.12
557.98	1209.35
558.18	1219.85
558.38	1213.77
558.59	1227.82
558.79	1215.22
558.99	1220.98
559.19	1212.87
559.39	1216.37
559.60	1213.95
559.80	1211.58
560.00	1213.63
560.20	1213.56
560.40	1217.58
560.60	1220.08
560.81	1212.81
561.01	1219.03
561.21	1213.48
561.41	1225.50
561.61	1211.05
561.81	1225.46
562.02	1210.78
562.22	1223.31
562.42	1215.33
562.62	1215.84
562.82	1212.50
563.02	1222.37
563.23	1222.62
563.43	1219.73
563.63	1217.78
563.83	1219.01
564.03	1213.36
564.23	1218.05
564.43	1219.73
564.64	1216.55
564.84	1216.51
565.04	1217.29
565.24	1210.74
565.44	1219.40
565.64	1215.80
565.85	1223.27
566.05	1217.97
566.25	1215.96
566.45	1214.86
566.65	1218.46
566.85	1215.84
567.05	1224.13
567.25	1215.06
567.46	1216.00
567.66	1217.25
567.86	1221.24
568.06	1214.81
568.26	1221.35
568.46	1212.62
568.66	1218.19
568.86	1211.21
569.07	1219.46
569.27	1211.05
569.47	1219.73
569.67	1213.01
569.87	1218.99
570.07	1211.95
570.27	1214.28
570.47	1210.90
570.68	1220.12
570.88	1208.32
571.08	1228.43
571.28	1215.76
571.48	1215.86
571.68	1210.29
571.88	1217.39
572.08	1205.88
572.28	1219.97
572.49	1211.33
572.69	1223.42
572.89	1208.57
573.09	1218.66
573.29	1216.27
573.49	1221.70
573.69	1213.83
573.89	1218.07
574.09	1221.06
574.29	1216.58
574.50	1213.77
574.70	1221.27
574.90	1221.65
575.10	1218.23
575.30	1219.69
575.50	1217.58
575.70	1220.26
575.90	1219.93
576.10	1211.25
576.30	1218.83
576.50	1207.83
576.70	1223.91
576.91	1209.84
577.11	1216.31
577.31	1209.08
577.51	1218.56
577.71	1219.03
577.91	1226.10
578.11	1217.39
578.31	1221.22
578.51	1211.76
578.71	1216.94
578.91	1218.36
579.11	1217.23
579.31	1219.91
579.51	1220.36
579.71	1212.70
579.92	1216.08
580.12	1209.88
580.32	1224.23
580.52	1213.71
580.72	1214.30
580.92	1212.68
581.12	1222.06
581.32	1218.75
581.52	1212.60
581.72	1216.47
581.92	1216.08
582.12	1219.01
582.32	1225.65
582.52	1216.15
582.72	1225.38
582.92	1212.30
583.12	1219.79
583.32	1211.43
583.52	1215.98
583.72	1212.99
583.92	1220.86
584.12	1214.06
584.33	1225.44
584.53	1207.97
584.73	1222.21
584.93	1212.42
585.13	1214.49
585.33	1212.79
585.53	1222.80
585.73	1212.93
585.93	1220.47
586.13	1211.54
586.33	1212.66
586.53	1212.62
586.73	1215.69
586.93	1214.71
587.13	1221.41
587.33	1213.01
587.53	1222.25
587.73	1206.81
587.93	1221.59
588.13	1218.87
588.33	1214.81
588.53	1216.33
588.73	1217.42
588.93	1213.71
589.13	1221.47
589.33	1216.04
589.53	1217.54
589.73	1209.65
589.93	1221.53
590.13	1211.66
590.33	1220.65
590.53	1211.80
590.73	1211.21
590.93	1214.08
591.13	1221.72
591.33	1221.98
591.53	1215.37
591.73	1215.76
591.93	1219.32
592.13	1208.47
592.33	1218.62
592.53	1214.61
592.73	1220.08
592.93	1206.68
593.13	1224.01
593.33	1210.90
593.53	1217.87
593.73	1215.76
593.93	1218.56
594.13	1218.03
594.33	1213.99
594.53	1212.34
594.73	1223.33
594.92	1209.47
595.12	1211.48
595.32	1216.33
595.52	1213.26
595.72	1210.33
595.92	1221.22
596.12	1211.37
596.32	1217.72
596.52	1209.53
596.72	1215.14
596.92	1214.20
597.12	1220.02
597.32	1212.73
597.52	1218.48
597.72	1216.78
597.92	1215.18
598.12	1209.04
598.32	1219.40
598.52	1220.22
598.72	1214.26
598.92	1213.95
599.12	1219.36
599.31	1214.49
599.51	1217.62
599.71	1209.18
599.91	1218.71
600.11	1225.81
600.31	1223.40
600.51	1216.51
600.71	1218.79
600.91	1199.17
601.11	1218.05
601.31	1213.34
601.51	1211.91
601.71	1216.88
601.91	1218.58
602.10	1207.63
602.30	1215.49
602.50	1210.14
602.70	1218.91
602.90	1211.52
603.10	1221.53
603.30	1216.55
603.50	1220.77
603.70	1212.17
603.90	1221.08
604.10	1214.38
604.30	1218.97
604.49	1211.21
604.69	1218.91
604.89	1210.14
605.09	1227.59
605.29	1211.17
605.49	1214.67
605.69	1209.86
605.89	1218.83
606.09	1219.95
606.29	1215.67
606.48	1211.76
606.68	1211.29
606.88	1219.16
607.08	1219.50
607.28	1216.33
607.48	1221.35
607.68	1213.95
607.88	1221.18
608.08	1214.55
608.27	1220.38
608.47	1210.31
608.67	1215.10
608.87	1215.35
609.07	1220.02
609.27	1214.63
609.47	1216.76
609.67	1211.82
609.87	1214.57
610.06	1214.69
610.26	1212.97
610.46	1219.48
610.66	1213.73
610.86	1219.36
611.06	1218.25
611.26	1209.31
611.45	1224.83
611.65	1207.77
611.85	1224.46
612.05	1211.52
612.25	1217.23
612.45	1216.25
612.65	1228.08
612.84	1215.94
613.04	1215.08
613.24	1211.50
613.44	1219.24
613.64	1212.93
613.84	1220.75
614.04	1215.78
614.23	1220.18
614.43	1219.30
614.63	1220.67
614.83	1214.59
615.03	1228.88
615.23	1204.78
615.42	1212.60
615.62	1212.83
615.82	1221.57
616.02	1206.91
616.22	1215.08
616.42	1214.69
616.61	1219.28
616.81	1211.66
617.01	1215.98
617.21	1211.95
617.41	1219.46
617.61	1213.59
617.80	1214.94
618.00	1217.52
618.20	1221.82
618.40	1211.41
618.60	1225.57
618.80	1211.68
618.99	1214.49
619.19	1210.98
619.39	1228.74
619.59	1212.62
619.79	1216.53
619.98	1208.85
620.18	1220.63
620.38	1216.12
620.58	1213.46
620.78	1215.57
620.97	1222.68
621.17	1212.83
621.37	1222.80
621.57	1213.93
621.77	1217.35
621.96	1211.82
622.16	1221.43
622.36	1212.17
622.56	1221.33
622.76	1212.99
622.95	1218.89
623.15	1203.65
623.35	1215.02
623.55	1201.85
623.75	1216.90
623.94	1215.33
624.14	1216.86
624.34	1211.17
624.54	1218.32
624.73	1215.37
624.93	1220.18
625.13	1214.73
625.33	1217.78
625.53	1208.12
625.72	1219.63
625.92	1205.70
626.12	1222.00
626.32	1218.79
626.51	1215.98
626.71	1216.94
626.91	1218.34
627.11	1215.57
627.30	1214.71
627.50	1213.48
627.70	1219.59
627.90	1210.86
628.10	1221.18
628.29	1216.92
628.49	1214.67
628.69	1211.80
628.89	1216.66
629.08	1216.08
629.28	1221.37
629.48	1214.32
629.68	1220.84
629.87	1206.23
630.07	1214.81
630.27	1217.68
630.47	1213.38
630.66	1211.29
630.86	1213.50
631.06	1215.06
631.25	1219.81
631.45	1208.34
631.65	1220.73
631.85	1209.69
632.04	1218.48
632.24	1212.68
632.44	1222.41
632.64	1210.31
632.83	1218.38
633.03	1214.34
633.23	1225.69
633.42	1211.33
633.62	1215.02
633.82	1208.63
634.02	1213.13
634.21	1219.22
634.41	1216.80
634.61	1215.51
634.81	1217.13
635.00	1215.90
635.20	1222.17
635.40	1214.75
635.59	1221.65
635.79	1213.05
635.99	1224.26
636.18	1211.58
636.38	1215.41
636.58	1217.76
636.78	1217.50
636.97	1219.61
637.17	1222.90
637.37	1210.82
637.56	1218.28
637.76	1210.12
637.96	1218.07
638.15	1218.28
638.35	1222.23
638.55	1208.90
638.74	1213.30
638.94	1216.06
639.14	1220.38
639.34	1212.81
639.53	1216.31
639.73	1210.96
639.93	1221.29
640.12	1213.48
640.32	1217.58
640.52	1216.00
640.71	1219.75
640.91	1210.98
641.11	1221.47
641.30	1211.41
641.50	1221.86
641.70	1211.56
641.89	1214.18
642.09	1210.53
642.29	1212.40
642.48	1215.29
642.68	1217.66
642.88	1207.09
643.07	1226.30
643.27	1218.79
643.47	1217.72
643.66	1211.13
643.86	1217.39
644.06	1212.44
644.25	1221.04
644.45	1210.74
644.65	1218.62
644.84	1216.04
645.04	1217.13
645.23	1214.86
645.43	1214.10
645.63	1208.67
645.82	1213.83
646.02	1213.59
646.22	1222.94
646.41	1217.37
646.61	1214.55
646.81	1208.40
647.00	1216.72
647.20	1211.15
647.39	1213.42
647.59	1208.51
647.79	1217.15
647.98	1210.60
648.18	1217.09
648.38	1211.64
648.57	1213.22
648.77	1211.72
648.96	1216.19
649.16	1210.62
649.36	1222.15
649.55	1205.91
649.75	1218.32
649.95	1208.71
650.14	1221.41
650.34	1213.93
650.53	1222.13
650.73	1211.46
650.93	1215.35
651.12	1221.67
651.32	1221.82
651.51	1214.42
651.71	1227.02
651.91	1212.95
652.10	1222.29
652.30	1213.50
652.49	1220.92
652.69	1207.83
652.89	1220.71
653.08	1212.15
653.28	1223.91
653.47	1207.13
653.67	1220.69
653.86	1215.86
654.06	1211.50
654.26	1217.29
654.45	1222.31
654.65	1213.77
654.84	1225.14
655.04	1209.71
655.24	1220.45
655.43	1214.08
655.63	1214.28
655.82	1217.17
656.02	1216.06
656.21	1211.76
656.41	1219.79
656.61	1214.90
656.80	1221.76
657.00	1212.46
657.19	1213.50
657.39	1213.48
657.58	1215.69
657.78	1213.87
657.97	1220.96
658.17	1212.64
658.37	1209.37
658.56	1219.26
658.76	1230.91
658.95	1207.24
659.15	1224.52
659.34	1215.08
659.54	1215.14
659.73	1209.18
659.93	1218.21
660.13	1206.15
660.32	1217.31
660.52	1218.15
660.71	1220.22
660.91	1214.63
661.10	1224.66
661.30	1217.89
661.49	1221.06
661.69	1210.88
661.88	1215.04
662.08	1219.16
662.27	1221.88
662.47	1219.44
662.66	1218.50
662.86	1212.85
663.06	1221.43
663.25	1215.78
663.45	1223.17
663.64	1212.46
663.84	1220.02
664.03	1215.04
664.23	1216.86
664.42	1215.98
664.62	1210.94
664.81	1210.12
665.01	1224.89
665.20	1215.08
665.40	1217.66
665.59	1211.72
665.79	1220.02
665.98	1218.87
666.18	1221.47
666.37	1209.41
666.57	1213.56
666.76	1209.92
666.96	1223.37
667.15	1211.50
667.35	1227.55
667.54	1214.16
667.74	1222.27
667.93	1212.30
668.13	1224.38
668.32	1216.25
668.52	1218.71
668.71	1210.25
668.91	1217.70
669.10	1214.34
669.30	1213.93
669.49	1220.06
669.68	1220.49
669.88	1205.95
670.07	1216.76
670.27	1210.47
670.46	1220.36
670.66	1210.49
670.85	1217.56
671.05	1211.37
671.24	1223.15
671.44	1217.60
671.63	1215.02
671.83	1210.96
672.02	1217.48
672.22	1210.82
672.41	1222.66
672.60	1210.33
672.80	1216.02
672.99	1211.46
673.19	1222.33
673.38	1218.38
673.58	1217.03
673.77	1214.04
673.97	1224.73
674.16	1213.40
674.36	1217.01
674.55	1214.86
674.74	1222.64
674.94	1209.63
675.13	1217.27
675.33	1210.27
675.52	1219.89
675.72	1213.20
675.91	1215.72
676.10	1214.18
676.30	1221.06
676.49	1209.76
676.69	1214.49
676.88	1213.91
677.08	1212.44
677.27	1209.63
677.46	1221.14
677.66	1213.99
677.85	1215.41
678.05	1209.82
678.24	1222.19
678.44	1208.81
678.63	1212.89
678.82	1210.68
679.02	1211.25
679.21	1212.50
679.41	1219.67
679.60	1220.75
679.79	1215.74
679.99	1211.33
680.18	1223.99
680.38	1206.66
680.57	1219.63
680.76	1213.32
680.96	1218.15
681.15	1210.84
681.35	1228.66
681.54	1217.33
681.73	1215.86
681.93	1211.89
682.12	1218.62
682.32	1213.07
682.51	1223.27
682.70	1213.95
682.90	1223.89
683.09	1206.42
683.29	1225.28
683.48	1208.18
683.67	1217.70
683.87	1215.94
684.06	1226.98
684.25	1209.45
684.45	1227.65
684.64	1209.18
684.84	1216.80
685.03	1213.32
685.22	1222.53
685.42	1211.41
685.61	1220.18
685.80	1213.50
686.00	1221.55
686.19	1216.02
686.38	1221.20
686.58	1206.85
686.77	1220.34
686.96	1215.29
687.16	1217.13
687.35	1217.13
687.55	1223.37
687.74	1213.05
687.93	1219.40
688.13	1211.23
688.32	1215.65
688.51	1214.24
688.71	1218.11
688.90	1213.11
689.09	1216.39
689.29	1216.10
689.48	1223.89
689.67	1211.87
689.87	1217.68
690.06	1212.27
690.25	1217.62
690.45	1214.06
690.64	1218.07
690.83	1219.28
691.03	1219.73
691.22	1214.28
691.41	1213.44
691.61	1211.50
691.80	1224.07
691.99	1210.49
692.19	1227.94
692.38	1215.98
692.57	1214.96
692.76	1217.46
692.96	1218.15
693.15	1217.44
693.34	1224.19
693.54	1219.40
693.73	1219.61
693.92	1218.30
694.12	1218.52
694.31	1211.03
694.50	1217.78
694.70	1211.09
694.89	1221.63
695.08	1215.63
695.27	1227.70
695.47	1218.56
695.66	1216.41
695.85	1217.68
696.05	1224.44
696.24	1213.65
696.43	1226.67
696.62	1208.16
696.82	1222.74
697.01	1216.35
697.20	1218.48
697.40	1218.62
697.59	1215.90
697.78	1214.71
697.97	1220.94
698.17	1217.48
698.36	1215.55
698.55	1215.41
698.74	1214.34
698.94	1213.71
699.13	1225.48
699.32	1218.68
699.52	1216.33
699.71	1217.74
699.90	1230.36
700.09	1217.80
700.29	1220.34
700.48	1209.33
700.67	1224.28
700.86	1213.67
701.06	1221.12
701.25	1226.04
701.44	1228.70
701.63	1217.93
701.83	1219.22
702.02	1215.57
702.21	1220.38
702.40	1213.59
702.60	1219.30
702.79	1214.63
702.98	1218.64
703.17	1214.02
703.37	1218.30
703.56	1213.48
703.75	1219.01
703.94	1213.01
704.13	1216.55
704.33	1214.32
704.52	1218.03
704.71	1218.91
704.90	1221.41
705.10	1217.91
705.29	1221.74
705.48	1212.99
705.67	1216.51
705.86	1213.32
706.06	1220.00
706.25	1210.98
706.44	1216.43
706.63	1213.30
706.83	1221.16
707.02	1218.07
707.21	1218.64
707.40	1213.18
707.59	1218.38
707.79	1214.10
707.98	1214.08
708.17	1216.41
708.36	1228.23
708.55	1214.16
708.75	1222.25
708.94	1209.06
709.13	1223.13
709.32	1211.87
709.51	1218.73
709.71	1217.42
709.90	1229.11
710.09	1205.99
710.28	1226.45
710.47	1210.94
710.66	1220.88
710.86	1205.78
711.05	1218.36
711.24	1210.51
711.43	1217.68
711.62	1219.14
711.82	1220.08
712.01	1216.04
712.20	1217.76
712.39	1210.25
712.58	1222.78
712.77	1218.46
712.97	1218.17
713.16	1212.38
713.35	1215.88
713.54	1212.85
713.73	1217.56
713.92	1218.30
714.11	1227.29
714.31	1210.43
714.50	1217.87
714.69	1219.46
714.88	1229.76
715.07	1220.10
715.26	1223.91
715.46	1215.47
715.65	1224.85
715.84	1212.75
716.03	1219.32
716.22	1208.06
716.41	1214.04
716.60	1219.18
716.80	1225.14
716.99	1213.32
717.18	1218.19
717.37	1218.66
717.56	1222.66
717.75	1215.76
717.94	1223.66
718.13	1216.92
718.33	1222.04
718.52	1214.04
718.71	1210.45
718.90	1219.24
719.09	1224.30
719.28	1213.99
719.47	1216.98
719.66	1219.26
719.85	1223.54
720.05	1214.73
720.24	1224.40
720.43	1215.51
720.62	1217.39
720.81	1216.04
721.00	1217.33
721.19	1220.30
721.38	1225.61
721.57	1217.44
721.77	1222.33
721.96	1211.89
722.15	1218.32
722.34	1217.66
722.53	1220.47
722.72	1205.66
722.91	1228.04
723.10	1215.92
723.29	1221.06
723.48	1213.16
723.67	1215.69
723.87	1212.62
724.06	1225.50
724.25	1220.49
724.44	1218.30
724.63	1213.26
724.82	1226.63
725.01	1215.37
725.20	1221.43
725.39	1212.46
725.58	1220.51
725.77	1215.41
725.96	1223.89
726.15	1221.08
726.34	1222.82
726.54	1213.59
726.73	1226.26
726.92	1213.75
727.11	1225.55
727.30	1217.74
727.49	1219.97
727.68	1208.53
727.87	1217.62
728.06	1219.44
728.25	1223.64
728.44	1217.37
728.63	1220.86
728.82	1211.82
729.01	1226.77
729.20	1214.86
729.39	1225.40
729.58	1208.04
729.77	1228.02
729.96	1225.40
730.15	1223.93
730.34	1222.58
730.53	1225.73
730.73	1216.76
730.92	1222.76
731.11	1212.44
731.30	1219.28
731.49	1217.17
731.68	1229.56
731.87	1218.73
732.06	1230.28
732.25	1213.44
732.44	1220.16
732.63	1213.54
732.82	1220.61
733.01	1218.48
733.20	1223.01
733.39	1215.35
733.58	1227.16
733.77	1223.66
733.96	1230.71
734.15	1221.84
734.34	1224.42
734.53	1219.26
734.72	1218.44
734.91	1215.04
735.10	1222.97
735.29	1212.58
735.48	1228.90
735.67	1219.28
735.86	1232.49
736.05	1222.25
736.24	1221.88
736.43	1211.66
736.62	1225.73
736.81	1212.48
737.00	1238.35
737.19	1218.38
737.38	1228.78
737.57	1218.46
737.76	1224.93
737.95	1211.21
738.14	1225.09
738.33	1221.29
738.51	1226.71
738.70	1224.99
738.89	1225.42
739.08	1217.11
739.27	1228.29
739.46	1213.05
739.65	1230.79
739.84	1212.81
740.03	1225.59
740.22	1216.96
740.41	1229.54
740.60	1221.02
740.79	1218.71
740.98	1221.00
741.17	1231.63
741.36	1220.96
741.55	1227.78
741.74	1217.72
741.93	1230.67
742.12	1214.45
742.31	1226.82
742.50	1221.45
742.68	1226.45
742.87	1223.31
743.06	1227.04
743.25	1217.46
743.44	1225.83
743.63	1221.39
743.82	1224.56
744.01	1216.68
744.20	1227.80
744.39	1221.14
744.58	1226.55
744.77	1224.09
744.96	1225.57
745.14	1217.82
745.33	1233.29
745.52	1218.28
745.71	1231.36
745.90	1226.06
746.09	1235.01
746.28	1228.56
746.47	1231.73
746.66	1225.36
746.85	1230.05
747.04	1226.77
747.22	1226.34
747.41	1229.68
747.60	1233.88
747.79	1226.39
747.98	1231.59
748.17	1230.21
748.36	1238.75
748.55	1235.17
748.74	1238.41
748.93	1231.55
749.11	1240.74
749.30	1230.24
749.49	1239.49
749.68	1228.35
749.87	1245.57
750.06	1229.09
750.25	1241.66
750.44	1235.21
750.62	1245.21
750.81	1243.04
751.00	1240.31
751.19	1239.90
751.38	1245.17
751.57	1242.34
751.76	1258.70
751.95	1230.54
752.13	1249.04
752.32	1241.56
752.51	1249.96
752.70	1244.51
752.89	1248.85
753.08	1245.74
753.27	1249.04
753.45	1249.98
753.64	1257.37
753.83	1245.74
754.02	1250.82
754.21	1253.15
754.40	1252.17
754.58	1254.14
754.77	1255.24
754.96	1258.05
755.15	1263.33
755.34	1253.46
755.53	1265.60
755.71	1257.33
755.90	1270.76
756.09	1261.30
756.28	1265.67
756.47	1259.15
756.66	1273.22
756.84	1264.42
757.03	1272.32
757.22	1259.93
757.41	1277.65
757.60	1263.33
757.79	1268.29
757.97	1265.73
758.16	1275.04
758.35	1268.92
758.54	1275.09
758.73	1268.70
758.91	1265.95
759.10	1269.23
759.29	1270.72
759.48	1256.61
759.67	1263.43
759.85	1266.65
760.04	1270.93
760.23	1266.24
760.42	1263.97
760.61	1261.61
760.79	1261.63
760.98	1249.47
761.17	1264.76
761.36	1262.47
761.55	1259.97
761.73	1255.96
761.92	1270.62
762.11	1255.06
762.30	1267.32
762.49	1264.85
762.67	1263.31
762.86	1263.27
763.05	1269.78
763.24	1257.06
763.42	1270.76
763.61	1261.88
763.80	1264.60
763.99	1260.98
764.17	1273.26
764.36	1268.61
764.55	1274.49
764.74	1278.67
764.92	1298.08
765.11	1292.74
765.30	1307.24
765.49	1308.63
765.68	1319.98
765.86	1325.28
766.05	1344.06
766.24	1350.33
766.43	1369.87
766.61	1382.15
766.80	1414.10
766.99	1442.88
767.17	1491.45
767.36	1555.45
767.55	1668.34
767.74	1816.06
767.92	2029.80
768.11	2311.50
768.30	2652.02
768.49	3041.19
768.67	3477.47
768.86	3946.31
769.05	4392.18
769.24	4828.97
769.42	5246.24
769.61	5647.40
769.80	6020.68
769.98	6350.69
770.17	6647.50
770.36	6955.27
770.55	7226.50
770.73	7418.83
770.92	7633.09
771.11	7810.65
771.29	7972.82
771.48	8137.99
771.67	8312.25
771.86	8446.42
772.04	8499.42
772.23	8643.27
772.42	8759.31
772.60	8749.66
772.79	8798.40
772.98	8869.08
773.16	8819.07
773.35	8917.08
773.54	8833.32
773.72	8692.99
773.91	8550.70
774.10	8215.53
774.29	7962.71
774.47	7560.38
774.66	7163.98
774.85	6702.84
775.03	6202.95
775.22	5725.90
775.41	5286.44
775.59	4809.78
775.78	4431.50
775.97	4011.01
776.15	3699.00
776.34	3428.14
776.53	3214.51
776.71	2997.43
776.90	2855.69
777.09	2702.99
777.27	2634.57
777.46	2523.63
777.65	2483.55
777.83	2407.08
778.02	2352.65
778.21	2294.44
778.39	2255.90
778.58	2201.01
778.76	2173.14
778.95	2119.40
779.14	2102.06
779.32	2054.67
779.51	2028.51
779.70	1983.62
779.88	1956.40
780.07	1921.36
780.26	1894.84
780.44	1870.10
780.63	1843.77
780.81	1801.09
781.00	1788.51
781.19	1759.55
781.37	1742.51
781.56	1716.36
781.75	1697.99
781.93	1676.02
782.12	1661.07
782.30	1628.73
782.49	1617.51
782.68	1612.14
782.86	1605.83
783.05	1570.48
783.23	1580.03
783.42	1548.51
783.61	1550.95
783.79	1535.73
783.98	1533.97
784.16	1532.70
784.35	1536.67
784.54	1534.65
784.72	1563.67
784.91	1570.20
785.09	1598.95
785.28	1637.02
785.47	1665.86
785.65	1696.00
785.84	1730.74
786.02	1744.56
786.21	1771.49
786.40	1777.35
786.58	1786.53
786.77	1788.84
786.95	1791.62
787.14	1780.36
787.32	1774.81
787.51	1760.07
787.70	1738.83
787.88	1722.28
788.07	1699.40
788.25	1672.21
788.44	1641.92
788.62	1619.45
788.81	1599.20
789.00	1564.81
789.18	1546.73
789.37	1521.83
789.55	1505.65
789.74	1487.42
789.92	1471.57
790.11	1459.10
790.29	1436.53
790.48	1417.44
790.67	1412.67
790.85	1384.94
791.04	1378.34
791.22	1362.82
791.41	1360.73
791.59	1344.23
791.78	1340.78
791.96	1333.53
792.15	1335.19
792.33	1325.67
792.52	1330.42
792.70	1314.61
792.89	1313.94
793.07	1295.01
793.26	1292.78
793.45	1272.01
793.63	1275.50
793.82	1263.70
794.00	1259.03
794.19	1245.80
794.37	1242.73
794.56	1242.20
794.74	1245.53
794.93	1233.41
795.11	1240.17
795.30	1233.53
795.48	1240.25
795.67	1235.01
795.85	1233.39
796.04	1236.83
796.22	1231.34
796.41	1232.84
796.59	1229.11
796.78	1229.09
796.96	1235.21
797.15	1229.44
797.33	1241.56
797.52	1226.69
797.70	1235.19
797.89	1230.58
798.07	1227.88
798.26	1223.17
798.44	1231.10
798.63	1228.62
798.81	1235.68
798.99	1224.50
799.18	1231.30
799.36	1231.14
799.55	1236.85
799.73	1230.09
799.92	1240.56
800.10	1230.60
800.29	1236.60
800.47	1229.95
800.66	1234.62
800.84	1233.72
801.03	1239.27
801.21	1230.60
801.39	1235.74
801.58	1227.18
801.76	1235.68
801.95	1227.65
802.13	1237.51
802.32	1218.87
802.50	1231.57
802.69	1227.59
802.87	1228.52
803.06	1221.78
803.24	1229.76
803.42	1223.21
803.61	1229.07
803.79	1223.56
803.98	1230.87
804.16	1229.89
804.35	1224.11
804.53	1225.79
804.71	1227.98
804.90	1220.22
805.08	1228.13
805.27	1221.94
805.45	1228.84
805.63	1224.03
805.82	1230.85
806.00	1220.47
806.19	1221.74
806.37	1216.80
806.56	1220.32
806.74	1223.72
806.92	1220.67
807.11	1223.15
807.29	1230.75
807.48	1219.26
807.66	1226.12
807.84	1224.01
808.03	1226.98
808.21	1216.19
808.40	1224.40
808.58	1216.80
808.76	1226.22
808.95	1215.33
809.13	1221.94
809.32	1217.25
809.50	1226.61
809.68	1218.71
809.87	1230.28
810.05	1222.68
810.23	1222.51
810.42	1223.33
810.60	1225.18
810.79	1219.16
810.97	1224.89
811.15	1222.49
811.34	1232.02
811.52	1223.66
811.70	1231.28
811.89	1223.99
812.07	1230.50
812.25	1221.06
812.44	1237.83
812.62	1222.19
812.81	1231.24
812.99	1224.26
813.17	1233.02
813.36	1222.74
813.54	1231.91
813.72	1222.31
813.91	1228.08
814.09	1225.67
814.27	1230.87
814.46	1221.49
814.64	1229.66
814.82	1226.30
815.01	1223.78
815.19	1228.21
815.37	1232.98
815.56	1226.00
815.74	1232.49
815.92	1230.13
816.11	1232.88
816.29	1229.05
816.47	1223.64
816.66	1224.44
816.84	1232.26
817.02	1225.05
817.21	1225.05
817.39	1220.98
817.57	1228.64
817.76	1224.26
817.94	1229.44
818.12	1228.86
818.30	1223.50
818.49	1224.26
818.67	1230.79
818.85	1225.20
819.04	1226.41
819.22	1226.63
819.40	1225.46
819.59	1220.59
819.77	1230.81
819.95	1215.61
820.13	1228.04
820.32	1218.03
820.50	1221.86
820.68	1216.21
820.87	1223.54
821.05	1219.01
821.23	1222.53
821.41	1217.42
821.60	1220.53
821.78	1211.74
821.96	1213.87
822.14	1212.44
822.33	1215.63
822.51	1212.87
822.69	1219.75
822.88	1216.25
823.06	1221.65
823.24	1215.00
823.42	1225.93
823.61	1216.98
823.79	1221.12
823.97	1215.14
824.15	1217.99
824.34	1217.74
824.52	1218.60
824.70	1213.22
824.88	1227.98
825.07	1215.39
825.25	1218.64
825.43	1208.63
825.61	1221.86
825.80	1217.09
825.98	1217.01
826.16	1209.74
826.34	1220.79
826.53	1213.71
826.71	1226.55
826.89	1219.50
827.07	1218.11
827.25	1214.20
827.44	1229.83
827.62	1215.72
827.80	1209.28
827.98	1218.64
828.17	1221.08
828.35	1214.88
828.53	1225.67
828.71	1213.18
828.89	1220.55
829.08	1214.88
829.26	1221.88
829.44	1210.08
829.62	1219.50
829.80	1205.78
829.99	1216.82
830.17	1209.96
830.35	1218.89
830.53	1215.26
830.71	1221.39
830.90	1213.95
831.08	1225.07
831.26	1211.52
831.44	1215.92
831.62	1219.97
831.81	1212.34
831.99	1211.50
832.17	1215.96
832.35	1209.53
832.53	1222.17
832.71	1217.33
832.90	1217.42
833.08	1214.86
833.26	1217.91
833.44	1217.76
833.62	1223.23
833.81	1211.29
833.99	1220.63
834.17	1215.49
834.35	1214.77
834.53	1219.77
834.71	1216.27
834.89	1205.78
835.08	1222.43
835.26	1211.52
835.44	1221.00
835.62	1210.80
835.80	1211.60
835.98	1214.26
836.17	1230.11
836.35	1210.02
836.53	1218.62
836.71	1211.95
836.89	1222.25
837.07	1216.72
837.25	1221.96
837.44	1211.52
837.62	1219.32
837.80	1214.49
837.98	1219.75
838.16	1219.89
838.34	1222.62
838.52	1215.53
838.70	1220.18
838.89	1215.00
839.07	1222.97
839.25	1211.41
839.43	1218.25
839.61	1218.48
839.79	1222.04
839.97	1222.23
840.15	1222.72
840.33	1217.72
840.52	1221.35
840.70	1213.05
840.88	1216.76
841.06	1209.02
841.24	1216.58
841.42	1213.40
841.60	1226.65
841.78	1208.16
841.96	1218.28
842.14	1224.09
842.33	1220.69
842.51	1216.98
842.69	1228.02
842.87	1218.77
843.05	1219.42
843.23	1211.21
843.41	1222.92
843.59	1206.21
843.77	1215.18
843.95	1207.91
844.13	1218.32
844.31	1215.78
844.49	1217.44
844.68	1210.45
844.86	1216.04
845.04	1215.90
845.22	1216.55
845.40	1213.79
845.58	1213.67
845.76	1213.59
845.94	1212.05
846.12	1207.48
846.30	1213.05
846.48	1211.62
846.66	1219.26
846.84	1208.69
847.02	1219.03
847.20	1210.78
847.38	1221.55
847.56	1209.35
847.74	1220.57
847.92	1216.68
848.11	1219.16
848.29	1218.87
848.47	1222.21
848.65	1215.18
848.83	1219.89
849.01	1213.11
849.19	1219.01
849.37	1210.53
849.55	1216.82
849.73	1218.21
849.91	1215.67
850.09	1213.95
850.27	1223.09
850.45	1207.73
850.63	1217.52
850.81	1211.13
850.99	1221.37
851.17	1216.21
851.35	1214.63
851.53	1210.92
851.71	1220.88
851.89	1219.48
852.07	1219.03
852.25	1216.17
852.43	1227.90
852.61	1207.95
852.79	1220.65
852.97	1216.33
853.15	1223.27
853.33	1213.67
853.51	1218.11
853.69	1218.01
853.87	1218.30
854.05	1219.01
854.23	1215.24
854.41	1215.49
854.59	1222.72
854.77	1214.24
854.95	1223.17
855.13	1217.46
855.31	1222.94
855.49	1216.45
855.67	1222.64
855.84	1214.12
856.02	1213.28
856.20	1208.49
856.38	1221.53
856.56	1210.31
856.74	1221.70
856.92	1216.06
857.10	1214.55
857.28	1206.27
857.46	1218.71
857.64	1217.39
857.82	1219.26
858.00	1216.15
858.18	1223.37
858.36	1207.20
858.54	1219.65
858.72	1210.02
858.90	1223.62
859.08	1216.80
859.25	1220.47
859.43	1216.29
859.61	1218.23
859.79	1217.91
859.97	1218.83
860.15	1218.23
860.33	1221.02
860.51	1216.76
860.69	1219.65
860.87	1205.05
861.05	1216.21
861.23	1222.86
861.41	1218.46
861.58	1212.77
861.76	1212.97
861.94	1224.44
862.12	1227.39
862.30	1209.31
862.48	1221.74
862.66	1209.43
862.84	1215.16
863.02	1215.78
863.20	1220.98
863.37	1207.40
863.55	1221.18
863.73	1214.86
863.91	1222.80
864.09	1212.81
864.27	1216.19
864.45	1218.25
864.63	1222.27
864.80	1212.38
864.98	1216.19
865.16	1216.04
865.34	1216.33
865.52	1210.06
865.70	1222.74
865.88	1206.77
866.06	1218.71
866.23	1211.84
866.41	1219.40
866.59	1212.60
866.77	1221.80
866.95	1208.96
867.13	1220.73
867.31	1215.84
867.48	1213.34
867.66	1216.94
867.84	1221.55
868.02	1214.88
868.20	1218.01
868.38	1212.75
868.56	1218.60
868.73	1216.78
868.91	1222.72
869.09	1207.46
869.27	1219.34
869.45	1213.38
869.63	1224.15
869.80	1220.32
869.98	1214.14
870.16	1216.55
870.34	1211.72
870.52	1213.28
870.70	1213.56
870.87	1214.53
871.05	1222.19
871.23	1208.87
871.41	1217.07
871.59	1216.66
871.76	1225.40
871.94	1218.48
872.12	1214.98
872.30	1212.40
872.48	1214.49
872.65	1211.03
872.83	1219.46
873.01	1207.11
873.19	1222.70
873.37	1211.80
873.54	1216.55
873.72	1214.73
873.90	1223.25
874.08	1209.57
874.26	1220.69
874.43	1211.39
874.61	1225.16
874.79	1210.82
874.97	1223.23
875.15	1217.19
875.32	1219.85
875.50	1218.25
875.68	1223.83
875.86	1213.63
876.03	1213.16
876.21	1208.51
876.39	1217.11
876.57	1215.53
876.74	1222.17
876.92	1215.35
877.10	1216.00
877.28	1213.20
877.45	1224.54
877.63	1215.37
877.81	1216.21
877.99	1205.52
878.17	1223.83
878.34	1213.01
878.52	1226.30
878.70	1215.96
878.87	1219.16
879.05	1210.29
879.23	1221.04
879.41	1216.29
879.58	1220.22
879.76	1218.09
879.94	1217.07
880.12	1215.76
880.29	1215.98
880.47	1217.95
880.65	1213.48
880.83	1215.24
881.00	1215.55
881.18	1213.63
881.36	1223.78
881.53	1212.44
881.71	1217.50
881.89	1211.35
882.07	1217.21
882.24	1217.99
882.42	1220.12
882.60	1213.42
882.77	1218.97
882.95	1219.65
883.13	1226.10
883.30	1207.65
883.48	1217.74
883.66	1213.52
883.84	1219.46
884.01	1213.22
884.19	1216.27
884.37	1212.73
884.54	1218.21
884.72	1212.87
884.90	1218.40
885.07	1213.22
885.25	1221.47
885.43	1217.95
885.60	1221.88
885.78	1219.87
885.96	1226.55
886.13	1212.58
886.31	1220.88
886.49	1215.02
886.66	1218.81
886.84	1218.91
887.02	1219.79
887.19	1203.59
887.37	1218.44
887.55	1215.61
887.72	1213.44
887.90	1212.21
888.08	1218.52
888.25	1214.77
888.43	1219.32
888.61	1214.96
888.78	1215.59
888.96	1211.23
889.14	1222.99
889.31	1210.72
889.49	1220.38
889.67	1213.26
889.84	1220.14
890.02	1211.95
890.19	1218.19
890.37	1217.03
890.55	1216.78
890.72	1210.57
890.90	1219.63
891.08	1210.57
891.25	1218.66
891.43	1211.68
891.60	1216.00
891.78	1219.24
891.96	1216.27
892.13	1211.39
892.31	1224.62
892.48	1212.05
892.66	1220.88
892.84	1210.12
893.01	1222.27
893.19	1210.62
893.36	1222.78
893.54	1215.08
893.72	1213.85
893.89	1212.66
894.07	1223.83
894.24	1213.05
894.42	1240.25
894.60	1212.99
894.77	1222.72
894.95	1205.43
895.12	1215.63
895.30	1214.45
895.48	1217.03
895.65	1208.67
895.83	1215.41
896.00	1214.86
896.18	1221.41
896.35	1213.46
896.53	1221.55
896.71	1214.06
896.88	1214.26
897.06	1206.60
897.23	1226.28
897.41	1212.62
897.58	1216.51
897.76	1208.34
897.93	1221.59
898.11	1212.09
898.29	1210.62
898.46	1214.69
898.64	1223.19
898.81	1208.08
898.99	1226.82
899.16	1209.69
899.34	1224.03
899.51	1211.39
899.69	1221.57
899.86	1214.06
900.04	1216.47
900.21	1215.43
900.39	1221.35
900.57	1218.11
900.74	1220.20
900.92	1211.31
901.09	1223.95
901.27	1217.31
901.44	1224.38
901.62	1211.48
901.79	1218.87
901.97	1214.83
902.14	1207.28
902.32	1216.78
902.49	1220.43
902.67	1211.21
902.84	1220.18
903.02	1213.28
903.19	1220.32
903.37	1205.13
903.54	1217.97
903.72	1217.19
903.89	1215.92
904.07	1212.13
904.24	1225.73
904.42	1216.45
904.59	1217.29
904.77	1215.96
904.94	1222.06
905.12	1214.67
905.29	1215.08
905.47	1215.08
905.64	1218.77
905.82	1210.17
905.99	1210.49
906.16	1211.78
906.34	1216.41
906.51	1218.62
906.69	1216.76
906.86	1210.12
907.04	1217.93
907.21	1206.50
907.39	1217.66
907.56	1212.27
907.74	1216.04
907.91	1215.24
908.09	1219.97
908.26	1217.76
908.43	1219.18
908.61	1215.45
908.78	1218.75
908.96	1208.71
909.13	1215.69
909.31	1208.61
909.48	1220.16
909.65	1208.71
909.83	1225.34
910.00	1213.65
910.18	1221.18
910.35	1216.90
910.53	1218.42
910.70	1209.69
910.87	1225.48
911.05	1214.40
911.22	1217.70
911.40	1211.48
911.57	1225.20
911.75	1213.42
911.92	1223.29
912.09	1215.45
912.27	1218.66
912.44	1214.16
912.62	1221.04
912.79	1214.10
912.96	1221.70
913.14	1217.46
913.31	1210.55
913.49	1212.38
913.66	1220.38
913.83	1212.83
914.01	1214.40
914.18	1211.80
914.36	1222.31
914.53	1209.84
914.70	1221.04
914.88	1214.86
915.05	1220.34
915.22	1211.11
915.40	1218.95
915.57	1211.25
915.75	1222.97
915.92	1214.20
916.09	1220.02
916.27	1214.51
916.44	1213.36
916.61	1214.86
916.79	1212.30
916.96	1213.13
917.13	1218.25
917.31	1211.19
917.48	1225.34
917.66	1214.75
917.83	1211.91
918.00	1215.10
918.18	1220.96
918.35	1208.59
918.52	1217.37
918.70	1217.60
918.87	1216.78
919.04	1215.31
919.22	1216.55
919.39	1212.19
919.56	1215.55
919.74	1215.47
919.91	1218.01
920.08	1214.49
920.26	1214.38
920.43	1213.38
920.60	1213.26
920.78	1214.20
920.95	1215.96
921.12	1215.55
921.29	1215.06
921.47	1216.47
921.64	1213.61
921.81	1213.38
921.99	1215.78
922.16	1211.97
922.33	1215.43
922.51	1208.22
922.68	1215.47
922.85	1209.18
923.03	1221.18
923.20	1212.23
923.37	1220.57
923.54	1215.31
923.72	1219.46
923.89	1216.25
924.06	1217.66
924.24	1214.47
924.41	1217.48
924.58	1208.75
924.75	1219.97
924.93	1213.87
925.10	1218.15
925.27	1211.39
925.44	1218.28
925.62	1218.42
925.79	1217.99
925.96	1208.77
926.14	1217.85
926.31	1217.21
926.48	1217.39
926.65	1218.36
926.83	1214.77
927.00	1222.21
927.17	1220.98
927.34	1209.35
927.52	1223.78
927.69	1207.61
927.86	1213.24
928.03	1210.12
928.21	1219.07
928.38	1216.74
928.55	1219.26
928.72	1212.07
928.89	1220.28
929.07	1216.08
929.24	1222.47
929.41	1214.65
929.58	1222.31
929.76	1210.23
929.93	1214.22
930.10	1213.73
930.27	1217.29
930.44	1211.93
930.62	1215.16
930.79	1214.67
930.96	1218.28
931.13	1210.55
931.31	1212.64
931.48	1211.48
931.65	1220.98
931.82	1214.24
931.99	1221.53
932.17	1209.49
932.34	1217.27
932.51	1213.18
932.68	1217.01
932.85	1212.36
933.03	1221.45
933.20	1208.73
933.37	1221.35
933.54	1212.09
933.71	1223.01
933.88	1206.77
934.06	1217.80
934.23	1218.07
934.40	1220.36
934.57	1213.42
934.74	1220.57
934.91	1214.34
935.09	1225.20
935.26	1209.35
935.43	1220.69
935.60	1216.68
935.77	1219.22
935.94	1205.91
936.12	1219.87
936.29	1213.93
936.46	1215.39
936.63	1206.93
936.80	1218.93
936.97	1212.21
937.14	1216.29
937.32	1212.01
937.49	1225.20
937.66	1220.30
937.83	1222.97
938.00	1214.18
938.17	1211.97
938.34	1207.34
938.52	1221.45
938.69	1209.65
938.86	1220.73
939.03	1214.88
939.20	1220.36
939.37	1207.69
939.54	1219.61
939.71	1206.68
939.89	1225.48
940.06	1218.48
940.23	1217.78
940.40	1218.68
940.57	1216.31
940.74	1216.70
940.91	1214.32
941.08	1215.53
941.25	1218.40
941.43	1208.87
941.60	1224.71
941.77	1210.96
941.94	1219.73
942.11	1206.46
942.28	1227.68
942.45	1210.45
942.62	1216.58
942.79	1204.04
942.96	1220.71
943.13	1215.37
943.30	1218.52
943.48	1216.90
943.65	1216.39
943.82	1219.05
943.99	1222.00
944.16	1214.79
944.33	1222.82
944.50	1217.76
944.67	1219.01
944.84	1213.05
945.01	1215.04
945.18	1213.32
945.35	1221.14
945.52	1207.40
945.69	1216.06
945.86	1217.56
946.03	1217.85
946.21	1215.31
946.38	1218.99
946.55	1215.76
946.72	1220.30
946.89	1218.89
947.06	1219.67
947.23	1213.89
947.40	1212.19
947.57	1213.40
947.74	1216.35
947.91	1218.30
948.08	1216.53
948.25	1211.43
948.42	1220.04
948.59	1214.49
948.76	1210.53
948.93	1211.95
949.10	1217.33
949.27	1214.32
949.44	1216.08
949.61	1214.75
949.78	1221.92
949.95	1214.20
950.12	1216.74
950.29	1208.30
950.46	1221.00
950.63	1209.59
950.80	1212.97
950.97	1213.91
951.14	1217.70
951.31	1211.09
951.48	1215.96
951.65	1210.43
951.82	1218.95
951.99	1212.62
952.16	1219.81
952.33	1211.74
952.50	1216.31
952.67	1210.86
952.84	1217.89
953.01	1206.25
953.18	1214.61
953.35	1215.35
953.52	1219.87
953.69	1212.64
953.86	1220.49
954.03	1211.31
954.20	1219.52
954.37	1213.99
954.54	1219.05
954.70	1211.13
954.87	1221.49
955.04	1211.48
955.21	1212.44
955.38	1209.86
955.55	1227.90
955.72	1213.38
955.89	1217.48
956.06	1216.62
956.23	1223.60
956.40	1204.72
956.57	1217.19
956.74	1215.06
956.91	1230.01
957.08	1215.76
957.25	1211.15
957.41	1213.52
957.58	1221.70
957.75	1209.31
957.92	1217.93
958.09	1210.35
958.26	1216.94
958.43	1215.00
958.60	1221.98
958.77	1217.93
958.94	1217.95
959.11	1216.90
959.27	1225.75
959.44	1212.15
959.61	1215.35
959.78	1217.80
959.95	1218.38
960.12	1211.70
960.29	1218.09
960.46	1207.32
960.63	1223.70
960.80	1217.11
960.96	1225.22
961.13	1213.46
961.30	1223.95
961.47	1214.42
961.64	1215.57
961.81	1217.58
961.98	1217.82
962.15	1211.95
962.31	1221.18
962.48	1225.22
962.65	1219.97
962.82	1215.92
962.99	1222.33
963.16	1218.38
963.33	1217.07
963.49	1214.55
963.66	1223.83
963.83	1214.88
964.00	1221.33
964.17	1212.68
964.34	1226.67
964.51	1210.53
964.67	1217.13
964.84	1215.53
965.01	1231.14
965.18	1208.08
965.35	1220.90
965.52	1218.30
965.68	1224.30
965.85	1214.06
966.02	1214.92
966.19	1216.29
966.36	1218.58
966.52	1211.21
966.69	1224.19
966.86	1208.81
967.03	1214.96
967.20	1212.62
967.37	1223.76
967.53	1216.10
967.70	1219.34
967.87	1210.76
968.04	1217.97
968.21	1216.82
968.37	1215.55
968.54	1212.46
968.71	1218.05
968.88	1210.90
969.05	1218.95
969.21	1212.17
969.38	1217.48
969.55	1214.06
969.72	1224.62
969.89	1214.55
970.05	1221.35
970.22	1212.89
970.39	1218.81
970.56	1212.15
970.72	1222.62
970.89	1211.11
971.06	1224.75
971.23	1207.75
971.39	1212.66
971.56	1209.06
971.73	1217.76
971.90	1210.29
972.07	1217.58
972.23	1214.57
972.40	1221.96
972.57	1213.46
972.74	1225.18
972.90	1212.48
973.07	1218.17
973.24	1213.61
973.40	1214.42
973.57	1213.75
973.74	1222.06
973.91	1212.62
974.07	1218.81
974.24	1214.14
974.41	1224.28
974.58	1209.86
974.74	1223.76
974.91	1216.55
975.08	1219.34
975.25	1210.62
975.41	1215.90
975.58	1210.74
975.75	1207.56
975.91	1210.29
976.08	1215.04
976.25	1206.62
976.42	1223.99
976.58	1203.86
976.75	1216.33
976.92	1211.78
977.08	1214.63
977.25	1211.84
977.42	1222.17
977.58	1211.89
977.75	1216.33
977.92	1216.45
978.08	1215.41
978.25	1223.64
978.42	1216.29
978.59	1209.04
978.75	1221.29
978.92	1211.33
979.09	1220.45
979.25	1210.57
979.42	1219.46
979.59	1212.85
979.75	1213.03
979.92	1219.46
980.09	1222.08
980.25	1208.44
980.42	1218.77
980.59	1210.19
980.75	1219.57
980.92	1212.05
981.09	1225.12
981.25	1213.61
981.42	1219.73
981.59	1221.57
981.75	1216.21
981.92	1216.41
982.08	1215.88
982.25	1211.11
982.42	1215.67
982.58	1213.38
982.75	1220.22
982.92	1214.83
983.08	1219.44
983.25	1213.52
983.42	1214.34
983.58	1210.10
983.75	1214.20
983.91	1217.42
984.08	1219.42
984.25	1212.42
984.41	1220.16
984.58	1210.21
984.74	1216.33
984.91	1210.64
985.08	1220.86
985.24	1206.32
985.41	1216.51
985.57	1210.92
985.74	1223.11
985.91	1218.50
986.07	1216.55
986.24	1211.97
986.40	1223.07
986.57	1208.57
986.74	1214.32
986.90	1216.92
987.07	1223.46
987.23	1211.00
987.40	1219.50
987.57	1216.00
987.73	1220.61
987.90	1206.66
988.06	1214.08
988.23	1213.26
988.39	1219.24
988.56	1208.83
988.73	1217.80
988.89	1211.52
989.06	1214.42
989.22	1216.41
989.39	1216.25
989.55	1210.00
989.72	1218.62
989.88	1212.56
990.05	1215.02
990.22	1213.36
990.38	1211.78
990.55	1220.22
990.71	1220.06
990.88	1210.55
991.04	1213.50
991.21	1216.15
991.37	1213.75
991.54	1214.90
991.70	1212.91
991.87	1211.97
992.03	1215.18
992.20	1211.19
992.36	1216.98
992.53	1209.47
992.69	1217.01
992.86	1210.62
993.03	1217.13
993.19	1215.16
993.36	1227.65
993.52	1211.99
993.69	1223.35
993.85	1211.37
994.02	1220.67
994.18	1210.90
994.35	1218.77
994.51	1213.36
994.68	1219.57
994.84	1220.88
995.01	1223.46
995.17	1216.88
995.34	1221.74
995.50	1208.85
995.66	1227.65
995.83	1212.91
995.99	1224.15
996.16	1215.59
996.32	1212.15
996.49	1208.04
996.65	1218.42
996.82	1214.51
996.98	1211.09
997.15	1212.79
997.31	1219.38
997.48	1208.22
997.64	1218.07
997.81	1213.36
997.97	1212.40
998.13	1209.63
998.30	1216.86
998.46	1208.79
998.63	1219.85
998.79	1214.96
998.96	1221.65
999.12	1208.51
999.29	1211.93
999.45	1215.26
999.61	1221.41
999.78	1211.43
999.94	1219.36
1000.11	1211.48
1000.27	1216.02
1000.44	1214.71
1000.60	1220.67
1000.76	1212.23
1000.93	1224.19
1001.09	1218.07
1001.26	1213.16
1001.42	1214.36
1001.59	1219.95
1001.75	1212.87
1001.91	1222.97
1002.08	1204.78
1002.24	1217.60
1002.41	1216.60
1002.57	1221.65
1002.73	1215.86
1002.90	1211.87
1003.06	1211.03
1003.23	1220.79
1003.39	1216.49
1003.55	1215.92
1003.72	1217.76
1003.88	1219.03
1004.04	1207.73
1004.21	1217.46
1004.37	1213.24
1004.54	1216.49
1004.70	1221.47
1004.86	1223.54
1005.03	1208.98
1005.19	1217.39
1005.35	1214.73
1005.52	1225.03
1005.68	1215.31
1005.85	1216.37
1006.01	1215.65
1006.17	1215.14
1006.34	1207.67
1006.50	1222.04
1006.66	1211.13
1006.83	1219.77
1006.99	1213.75
1007.15	1222.88
1007.32	1216.64
1007.48	1223.29
1007.64	1209.33
1007.81	1223.52
1007.97	1215.86
1008.13	1217.01
1008.30	1214.26
1008.46	1225.34
1008.62	1217.35
1008.79	1211.64
1008.95	1208.51
1009.11	1224.50
1009.28	1206.38
1009.44	1216.47
1009.60	1213.56
1009.77	1219.67
1009.93	1215.37
1010.09	1220.28
1010.25	1210.45
1010.42	1211.78
1010.58	1209.80
1010.74	1214.10
1010.91	1215.04
1011.07	1220.34
1011.23	1212.64
1011.40	1213.69
1011.56	1209.57
1011.72	1215.88
1011.88	1218.85
1012.05	1215.88
1012.21	1210.45
1012.37	1217.52
1012.54	1212.32
1012.70	1221.92
1012.86	1213.83
1013.02	1214.67
1013.19	1209.43
1013.35	1215.86
1013.51	1216.12
1013.67	1219.77
1013.84	1214.49
1014.00	1225.50
1014.16	1211.50
1014.33	1211.74
1014.49	1214.75
1014.65	1214.47
1014.81	1212.11
1014.98	1219.28
1015.14	1210.21
1015.30	1217.85
1015.46	1214.77
1015.62	1219.83
1015.79	1211.60
1015.95	1218.64
1016.11	1215.61
1016.27	1216.74
1016.44	1210.37
1016.60	1215.61
1016.76	1207.18
1016.92	1217.66
1017.09	1217.11
1017.25	1215.47
1017.41	1208.40
1017.57	1224.11
1017.73	1212.42
1017.90	1214.06
1018.06	1211.84
1018.22	1222.00
1018.38	1209.80
1018.54	1224.89
1018.71	1216.78
1018.87	1216.19
1019.03	1211.33
1019.19	1219.36
1019.35	1213.01
1019.52	1221.98
1019.68	1211.58
1019.84	1215.04
1020.00	1222.47
1020.16	1220.08
1020.33	1215.24
1020.49	1222.80
1020.65	1210.64
1020.81	1214.36
1020.97	1205.58
1021.13	1217.80
1021.30	1218.66
1021.46	1221.96
1021.62	1215.55
1021.78	1221.51
1021.94	1213.52
1022.10	1221.02
1022.27	1207.87
1022.43	1226.67
1022.59	1211.82
1022.75	1209.18
1022.91	1221.72
1023.07	1210.19
1023.24	1210.33
1023.40	1215.14
1023.56	1209.49
1023.72	1210.76
1023.88	1208.49
1024.04	1223.68
1024.20	1214.98
1024.36	1219.95
1024.53	1222.33
1024.69	1213.85
1024.85	1214.55
1025.01	1221.57
1025.17	1215.37
1025.33	1223.01
1025.49	1213.13
1025.65	1219.69
1025.82	1216.02
1025.98	1225.14
1026.14	1208.75
1026.30	1217.62
1026.46	1214.67
1026.62	1218.50
1026.78	1214.06
1026.94	1221.98
1027.10	1209.04
1027.26	1218.44
1027.43	1211.03
1027.59	1219.65
1027.75	1212.68
1027.91	1213.22
1028.07	1208.01
1028.23	1224.36
1028.39	1209.78
1028.55	1220.81
1028.71	1210.00
1028.87	1218.75
1029.03	1213.05
1029.19	1213.59
1029.36	1213.91
1029.52	1220.38
1029.68	1214.45
1029.84	1223.33
1030.00	1214.86
1030.16	1226.16
1030.32	1214.53
1030.48	1220.73
1030.64	1211.39
1030.80	1226.51
1030.96	1206.75
1031.12	1222.62
1031.28	1209.43
1031.44	1223.42
1031.60	1215.33
1031.76	1217.93
1031.92	1210.17
1032.08	1230.67
1032.24	1218.36
1032.40	1221.47
1032.56	1213.67
1032.73	1221.27
1032.89	1211.66
1033.05	1216.96
1033.21	1213.77
1033.37	1215.39
1033.53	1217.70
1033.69	1220.24
1033.85	1214.86
1034.01	1216.35
1034.17	1211.21
1034.33	1221.29
1034.49	1215.74
1034.65	1223.48
1034.81	1204.39
1034.97	1218.64
1035.13	1218.91
1035.29	1219.63
1035.45	1212.27
1035.61	1220.69
1035.77	1217.23
1035.93	1218.77
1036.09	1208.06
1036.25	1214.57
1036.41	1220.06
1036.57	1218.87
1036.73	1208.94
1036.88	1220.36
1037.04	1207.24
