345.52	1211.07
345.73	1211.07
345.94	1211.07
346.16	1203.28
346.37	1213.50
346.58	1216.10
346.79	1224.28
347.00	1210.92
347.22	1223.01
347.43	1207.54
347.64	1220.49
347.85	1209.74
348.06	1220.90
348.28	1218.38
348.49	1224.38
348.70	1212.23
348.91	1221.63
349.12	1212.93
349.34	1223.09
349.55	1223.21
349.76	1219.91
349.97	1215.20
350.18	1220.20
350.40	1212.40
350.61	1225.16
350.82	1213.93
351.03	1221.96
351.24	1212.21
351.46	1216.04
351.67	1217.35
351.88	1213.59
352.09	1220.59
352.30	1221.22
352.51	1215.39
352.73	1219.95
352.94	1215.82
353.15	1225.81
353.36	1214.12
353.57	1224.71
353.79	1220.14
354.00	1215.90
354.21	1224.01
354.42	1223.35
354.63	1210.33
354.84	1224.34
355.06	1218.15
355.27	1219.18
355.48	1218.34
355.69	1219.52
355.90	1216.45
356.11	1231.75
356.33	1224.48
356.54	1231.96
356.75	1218.68
356.96	1222.08
357.17	1216.33
357.38	1220.81
357.60	1215.98
357.81	1224.38
358.02	1216.39
358.23	1225.38
358.44	1219.24
358.65	1228.13
358.87	1216.41
359.08	1219.22
359.29	1214.75
359.50	1221.33
359.71	1218.34
359.92	1222.99
360.13	1219.01
360.35	1220.20
360.56	1217.68
360.77	1224.17
360.98	1216.78
361.19	1221.20
361.40	1216.12
361.62	1220.47
361.83	1210.70
362.04	1227.29
362.25	1215.24
362.46	1227.16
362.67	1211.23
362.88	1224.60
363.10	1216.04
363.31	1223.72
363.52	1217.37
363.73	1217.78
363.94	1216.53
364.15	1226.90
364.36	1218.36
364.57	1222.88
364.79	1221.20
365.00	1220.08
365.21	1214.79
365.42	1225.42
365.63	1215.59
365.84	1223.64
366.05	1213.44
366.27	1221.61
366.48	1217.21
366.69	1228.17
366.90	1218.66
367.11	1224.03
367.32	1220.77
367.53	1229.01
367.74	1217.17
367.95	1222.62
368.17	1228.04
368.38	1216.43
368.59	1219.50
368.80	1223.37
369.01	1225.20
369.22	1219.81
369.43	1216.60
369.64	1224.60
369.86	1221.45
370.07	1220.84
370.28	1215.55
370.49	1224.66
370.70	1222.97
370.91	1224.44
371.12	1217.19
371.33	1223.17
371.54	1216.66
371.76	1228.66
371.97	1217.11
372.18	1221.72
372.39	1221.33
372.60	1224.77
372.81	1216.43
373.02	1218.64
373.23	1219.44
373.44	1228.74
373.65	1224.95
373.87	1220.16
374.08	1213.24
374.29	1220.55
374.50	1222.31
374.71	1223.31
374.92	1223.78
375.13	1223.70
375.34	1215.35
375.55	1220.30
375.76	1222.58
375.97	1225.07
376.19	1215.24
376.40	1220.28
376.61	1216.17
376.82	1232.77
377.03	1217.46
377.24	1224.93
377.45	1213.97
377.66	1228.88
377.87	1221.14
378.08	1222.45
378.29	1220.47
378.50	1227.90
378.71	1215.08
378.93	1228.08
379.14	1213.48
379.35	1225.05
379.56	1230.97
379.77	1221.39
379.98	1221.04
380.19	1224.64
380.40	1214.20
380.61	1218.97
380.82	1215.67
381.03	1220.92
381.24	1222.13
381.45	1225.63
381.66	1213.95
381.88	1231.75
382.09	1219.42
382.30	1225.28
382.51	1228.78
382.72	1224.73
382.93	1214.49
383.14	1222.74
383.35	1219.89
383.56	1231.53
383.77	1216.15
383.98	1220.04
384.19	1219.61
384.40	1221.94
384.61	1220.18
384.82	1231.46
385.03	1217.48
385.24	1226.51
385.45	1221.47
385.67	1225.96
385.88	1218.36
386.09	1225.52
386.30	1219.93
386.51	1220.79
386.72	1226.14
386.93	1223.21
387.14	1213.42
387.35	1222.90
387.56	1226.18
387.77	1224.54
387.98	1225.96
388.19	1221.82
388.40	1224.91
388.61	1226.10
388.82	1215.61
389.03	1221.92
389.24	1224.42
389.45	1221.61
389.66	1220.16
389.87	1228.70
390.08	1219.46
390.29	1220.77
390.50	1222.06
390.71	1217.93
390.92	1212.95
391.13	1222.66
391.34	1213.40
391.55	1218.81
391.76	1221.45
391.98	1227.65
392.19	1218.85
392.40	1221.10
392.61	1230.58
392.82	1226.02
393.03	1217.58
393.24	1223.58
393.45	1218.23
393.66	1227.63
393.87	1209.22
394.08	1222.92
394.29	1217.85
394.50	1225.12
394.71	1207.87
394.92	1226.43
395.13	1219.87
395.34	1225.52
395.55	1220.98
395.76	1221.51
395.97	1218.95
396.18	1221.24
396.39	1218.64
396.60	1223.42
396.81	1216.98
397.02	1226.06
397.23	1217.09
397.44	1222.99
397.65	1222.45
397.86	1230.97
398.07	1218.99
398.28	1217.80
398.49	1223.50
398.70	1222.27
398.91	1216.88
399.12	1225.34
399.33	1217.48
399.54	1217.74
399.75	1212.50
399.96	1232.12
400.17	1214.10
400.38	1225.98
400.59	1216.66
400.80	1228.35
401.01	1216.08
401.22	1223.70
401.42	1217.35
401.63	1222.19
401.84	1220.81
402.05	1218.71
402.26	1228.00
402.47	1229.91
402.68	1221.20
402.89	1231.26
403.10	1220.90
403.31	1225.22
403.52	1216.80
403.73	1225.12
403.94	1218.58
404.15	1231.59
404.36	1220.51
404.57	1226.47
404.78	1214.98
404.99	1219.09
405.20	1212.54
405.41	1229.78
405.62	1216.06
405.83	1231.98
406.04	1218.46
406.25	1227.31
406.46	1219.26
406.67	1230.15
406.88	1215.88
407.09	1226.65
407.30	1217.74
407.50	1230.91
407.71	1220.45
407.92	1229.25
408.13	1224.73
408.34	1227.51
408.55	1224.62
408.76	1223.03
408.97	1218.62
409.18	1236.93
409.39	1221.70
409.60	1225.57
409.81	1218.81
410.02	1222.13
410.23	1219.77
410.44	1227.25
410.65	1213.75
410.86	1225.59
411.07	1220.34
411.27	1227.41
411.48	1219.09
411.69	1224.75
411.90	1215.53
412.11	1221.47
412.32	1218.42
412.53	1225.42
412.74	1218.89
412.95	1225.12
413.16	1220.16
413.37	1226.06
413.58	1221.72
413.79	1230.87
414.00	1211.52
414.20	1233.04
414.41	1217.82
414.62	1223.93
414.83	1216.35
415.04	1216.08
415.25	1225.34
415.46	1225.48
415.67	1220.18
415.88	1227.10
416.09	1217.46
416.30	1223.64
416.51	1219.63
416.71	1229.62
416.92	1219.48
417.13	1223.52
417.34	1222.17
417.55	1229.54
417.76	1209.67
417.97	1234.74
418.18	1216.53
418.39	1229.93
418.60	1219.65
418.81	1224.89
419.01	1219.34
419.22	1226.49
419.43	1223.74
419.64	1222.92
419.85	1213.79
420.06	1227.33
420.27	1219.18
420.48	1226.71
420.69	1214.14
420.90	1224.44
421.10	1225.07
421.31	1229.68
421.52	1217.85
421.73	1220.41
421.94	1217.31
422.15	1224.38
422.36	1218.50
422.57	1224.50
422.78	1220.71
422.98	1224.75
423.19	1220.75
423.40	1220.94
423.61	1216.00
423.82	1221.51
424.03	1218.17
424.24	1221.72
424.45	1216.49
424.65	1224.79
424.86	1218.01
425.07	1226.55
425.28	1211.41
425.49	1226.98
425.70	1226.43
425.91	1231.48
426.12	1218.52
426.32	1221.55
426.53	1218.25
426.74	1228.19
426.95	1217.21
427.16	1224.50
427.37	1217.09
427.58	1225.07
427.78	1226.30
427.99	1231.22
428.20	1219.42
428.41	1224.89
428.62	1220.14
428.83	1220.49
429.04	1221.14
429.24	1223.31
429.45	1227.94
429.66	1230.54
429.87	1221.31
430.08	1224.89
430.29	1215.14
430.50	1226.10
430.70	1211.84
430.91	1218.17
431.12	1220.75
431.33	1226.43
431.54	1222.43
431.75	1230.58
431.96	1216.37
432.16	1236.42
432.37	1216.96
432.58	1226.34
432.79	1219.65
433.00	1224.01
433.21	1211.62
433.41	1227.82
433.62	1222.08
433.83	1220.16
434.04	1223.52
434.25	1223.85
434.46	1218.19
434.66	1233.18
434.87	1227.41
435.08	1217.42
435.29	1220.88
435.50	1226.51
435.71	1220.94
435.91	1218.05
436.12	1227.98
436.33	1225.98
436.54	1221.55
436.75	1224.71
436.95	1209.88
437.16	1231.51
437.37	1227.49
437.58	1225.67
437.79	1221.65
438.00	1227.70
438.20	1217.21
438.41	1225.22
438.62	1219.54
438.83	1224.89
439.04	1213.26
439.24	1224.15
439.45	1222.15
439.66	1223.78
439.87	1217.09
440.08	1220.51
440.28	1219.30
440.49	1220.36
440.70	1226.08
440.91	1224.01
441.12	1220.61
441.32	1226.32
441.53	1221.22
441.74	1214.77
441.95	1217.95
442.16	1225.36
442.36	1215.82
442.57	1223.58
442.78	1218.05
442.99	1228.35
443.20	1218.56
443.40	1226.12
443.61	1213.95
443.82	1230.15
444.03	1214.63
444.24	1226.06
444.44	1210.29
444.65	1228.04
444.86	1227.78
445.07	1229.31
445.27	1222.76
445.48	1223.66
445.69	1222.60
445.90	1220.43
446.11	1221.53
446.31	1221.98
446.52	1216.86
446.73	1221.27
446.94	1220.32
447.14	1226.73
447.35	1225.24
447.56	1222.62
447.77	1220.81
447.97	1226.14
448.18	1223.09
448.39	1221.61
448.60	1219.83
448.81	1219.07
449.01	1214.57
449.22	1220.63
449.43	1216.02
449.64	1231.71
449.84	1218.32
450.05	1222.47
450.26	1222.45
450.47	1225.65
450.67	1222.04
450.88	1222.10
451.09	1220.49
451.30	1226.43
451.50	1216.02
451.71	1222.86
451.92	1219.50
452.13	1226.77
452.33	1219.11
452.54	1220.57
452.75	1227.49
452.96	1227.20
453.16	1219.50
453.37	1222.68
453.58	1212.23
453.79	1230.99
453.99	1218.95
454.20	1225.07
454.41	1223.35
454.61	1223.91
454.82	1222.56
455.03	1232.92
455.24	1218.07
455.44	1223.56
455.65	1222.58
455.86	1231.16
456.07	1210.68
456.27	1227.72
456.48	1215.57
456.69	1230.46
456.90	1220.47
457.10	1227.63
457.31	1214.32
457.52	1227.55
457.72	1215.43
457.93	1220.10
458.14	1220.88
458.35	1229.70
458.55	1220.81
458.76	1224.77
458.97	1216.27
459.17	1227.61
459.38	1222.78
459.59	1225.03
459.80	1218.28
460.00	1232.49
460.21	1222.37
460.42	1222.35
460.62	1210.90
460.83	1228.41
461.04	1218.56
461.25	1222.39
461.45	1220.00
461.66	1225.36
461.87	1225.09
462.07	1228.15
462.28	1216.37
462.49	1220.04
462.69	1219.42
462.90	1222.15
463.11	1215.43
463.31	1228.11
463.52	1221.10
463.73	1234.15
463.94	1216.00
464.14	1221.08
464.35	1219.38
464.56	1227.10
464.76	1219.42
464.97	1232.04
465.18	1212.07
465.38	1224.91
465.59	1223.80
465.80	1230.26
466.00	1219.05
466.21	1221.06
466.42	1218.05
466.62	1223.50
466.83	1216.41
467.04	1226.51
467.24	1224.21
467.45	1223.64
467.66	1215.63
467.86	1232.80
468.07	1218.81
468.28	1221.35
468.48	1221.70
468.69	1223.07
468.90	1219.77
469.10	1231.57
469.31	1218.44
469.52	1230.05
469.72	1218.19
469.93	1228.25
470.14	1225.09
470.34	1226.82
470.55	1210.92
470.76	1227.70
470.96	1221.31
471.17	1220.12
471.38	1210.76
471.58	1226.10
471.79	1221.72
472.00	1224.66
472.20	1217.85
472.41	1223.54
472.62	1223.97
472.82	1231.07
473.03	1218.17
473.24	1222.74
473.44	1220.51
473.65	1225.57
473.85	1222.45
474.06	1227.02
474.27	1215.37
474.47	1222.19
474.68	1221.33
474.89	1227.57
475.09	1208.57
475.30	1222.76
475.51	1214.79
475.71	1229.89
475.92	1222.00
476.12	1226.26
476.33	1215.92
476.54	1224.50
476.74	1218.73
476.95	1230.46
477.16	1221.98
477.36	1225.63
477.57	1217.27
477.77	1228.13
477.98	1216.47
478.19	1229.87
478.39	1216.29
478.60	1223.25
478.81	1216.96
479.01	1233.00
479.22	1219.40
479.42	1222.72
479.63	1218.40
479.84	1227.00
480.04	1217.91
480.25	1214.67
480.45	1222.64
480.66	1229.31
480.87	1211.50
481.07	1231.67
481.28	1223.25
481.48	1223.58
481.69	1220.14
481.90	1229.42
482.10	1223.91
482.31	1228.02
482.51	1222.10
482.72	1227.88
482.93	1218.87
483.13	1222.92
483.34	1223.09
483.54	1220.24
483.75	1219.50
483.96	1223.66
484.16	1220.30
484.37	1234.41
484.57	1217.87
484.78	1227.72
484.99	1210.33
485.19	1226.65
485.40	1221.49
485.60	1220.32
485.81	1214.20
486.01	1233.53
486.22	1223.64
486.43	1226.77
486.63	1219.69
486.84	1225.30
487.04	1213.01
487.25	1221.31
487.46	1220.61
487.66	1227.55
487.87	1220.84
488.07	1224.46
488.28	1218.75
488.48	1227.43
488.69	1219.36
488.89	1226.28
489.10	1223.93
489.31	1219.93
489.51	1218.58
489.72	1227.00
489.92	1218.93
490.13	1227.04
490.33	1221.18
490.54	1215.59
490.75	1221.80
490.95	1225.18
491.16	1218.01
491.36	1224.73
491.57	1218.77
491.77	1221.76
491.98	1227.27
492.18	1220.49
492.39	1215.49
492.59	1224.28
492.80	1217.99
493.01	1228.00
493.21	1218.91
493.42	1228.06
493.62	1220.26
493.83	1221.90
494.03	1217.60
494.24	1222.86
494.44	1211.39
494.65	1225.30
494.85	1223.60
495.06	1221.61
495.26	1216.27
495.47	1225.85
495.68	1220.10
495.88	1226.06
496.09	1220.08
496.29	1231.94
496.50	1220.36
496.70	1223.11
496.91	1220.69
497.11	1222.04
497.32	1221.53
497.52	1227.74
497.73	1214.75
497.93	1223.60
498.14	1218.52
498.34	1232.26
498.55	1226.02
498.75	1228.97
498.96	1220.63
499.16	1219.46
499.37	1215.08
499.57	1225.83
499.78	1223.15
499.98	1222.60
500.19	1221.84
500.39	1228.41
500.60	1221.82
500.80	1217.21
501.01	1224.60
501.21	1226.10
501.42	1220.53
501.62	1226.24
501.83	1222.70
502.03	1225.44
502.24	1220.02
502.44	1231.87
502.65	1216.58
502.85	1226.02
503.06	1218.30
503.26	1218.73
503.47	1217.37
503.67	1221.43
503.88	1218.38
504.08	1220.16
504.29	1212.62
504.49	1227.22
504.70	1217.82
504.90	1220.36
505.11	1213.22
505.31	1229.97
505.52	1216.82
505.72	1222.23
505.93	1213.89
506.13	1225.38
506.34	1216.04
506.54	1226.34
506.75	1214.47
506.95	1224.32
507.16	1218.32
507.36	1221.70
507.56	1216.33
507.77	1228.31
507.97	1215.92
508.18	1224.64
508.38	1213.59
508.59	1230.03
508.79	1221.43
509.00	1223.70
509.20	1219.42
509.41	1223.99
509.61	1216.41
509.82	1224.75
510.02	1221.86
510.22	1223.37
510.43	1221.43
510.63	1219.75
510.84	1217.72
511.04	1224.64
511.25	1219.40
511.45	1228.68
511.66	1218.48
511.86	1223.80
512.06	1222.76
512.27	1229.46
512.47	1219.11
512.68	1231.46
512.88	1216.55
513.09	1227.82
513.29	1221.20
513.50	1221.98
513.70	1215.08
513.90	1223.01
514.11	1222.60
514.31	1221.10
514.52	1225.55
514.72	1219.05
514.93	1221.96
515.13	1218.87
515.33	1216.74
515.54	1223.56
515.74	1214.59
515.95	1220.30
516.15	1210.31
516.36	1229.93
516.56	1220.98
516.76	1218.25
516.97	1211.97
517.17	1228.72
517.38	1220.08
517.58	1226.49
517.78	1219.20
517.99	1232.08
518.19	1218.34
518.40	1218.09
518.60	1215.80
518.81	1226.49
519.01	1218.50
519.21	1219.50
519.42	1219.50
519.62	1227.45
519.83	1222.35
520.03	1226.73
520.23	1213.56
520.44	1224.21
520.64	1223.68
520.85	1227.74
521.05	1219.61
521.25	1221.80
521.46	1210.80
521.66	1230.36
521.86	1220.34
522.07	1220.26
522.27	1215.43
522.48	1229.35
522.68	1218.56
522.88	1223.54
523.09	1216.72
523.29	1227.49
523.50	1215.74
523.70	1231.28
523.90	1220.75
524.11	1218.38
524.31	1219.34
524.51	1225.01
524.72	1213.28
524.92	1224.05
525.13	1222.29
525.33	1222.70
525.53	1220.32
525.74	1226.94
525.94	1223.93
526.14	1228.74
526.35	1226.00
526.55	1230.58
526.76	1218.62
526.96	1223.78
527.16	1216.35
527.37	1224.85
527.57	1221.80
527.77	1229.27
527.98	1221.31
528.18	1225.14
528.38	1219.16
528.59	1228.25
528.79	1219.81
528.99	1227.59
529.20	1221.47
529.40	1226.16
529.61	1221.61
529.81	1223.95
530.01	1214.18
530.22	1229.70
530.42	1214.79
530.62	1215.18
530.83	1222.27
531.03	1227.10
531.23	1215.45
531.44	1222.68
531.64	1214.55
531.84	1225.20
532.05	1218.60
532.25	1223.11
532.45	1219.89
532.66	1232.22
532.86	1211.93
533.06	1222.43
533.27	1221.12
533.47	1227.27
533.67	1216.37
533.88	1226.96
534.08	1217.80
534.28	1227.53
534.49	1222.97
534.69	1233.23
534.89	1217.42
535.09	1226.47
535.30	1217.29
535.50	1225.96
535.70	1218.60
535.91	1223.56
536.11	1220.30
536.31	1230.58
536.52	1222.21
536.72	1224.11
536.92	1218.28
537.13	1220.43
537.33	1217.09
537.53	1221.31
537.74	1219.69
537.94	1225.61
538.14	1217.03
538.34	1225.24
538.55	1219.69
538.75	1234.13
538.95	1228.47
539.16	1232.18
539.36	1217.39
539.56	1226.30
539.77	1212.60
539.97	1225.52
540.17	1220.49
540.37	1227.98
540.58	1215.37
540.78	1219.95
540.98	1224.13
541.19	1227.74
541.39	1221.20
541.59	1232.22
541.79	1221.20
542.00	1218.21
542.20	1221.47
542.40	1221.06
542.60	1218.97
542.81	1221.39
543.01	1219.01
543.21	1220.61
543.42	1213.56
543.62	1227.80
543.82	1225.61
544.02	1224.91
544.23	1216.66
544.43	1224.71
544.63	1217.72
544.83	1220.75
545.04	1223.21
545.24	1225.91
545.44	1214.88
545.64	1225.83
545.85	1214.92
546.05	1225.52
546.25	1216.35
546.45	1225.14
546.66	1227.27
546.86	1227.65
547.06	1211.97
547.27	1228.86
547.47	1209.84
547.67	1217.50
547.87	1218.50
548.07	1226.43
548.28	1217.52
548.48	1228.06
548.68	1212.13
548.88	1225.65
549.09	1219.18
549.29	1218.11
549.49	1213.44
549.69	1226.61
549.90	1221.08
550.10	1222.68
550.30	1226.39
550.50	1224.52
550.71	1216.55
550.91	1223.99
551.11	1220.43
551.31	1226.08
551.51	1222.76
551.72	1223.35
551.92	1216.47
552.12	1223.05
552.32	1219.44
552.53	1223.58
552.73	1213.59
552.93	1226.00
553.13	1215.86
553.33	1229.33
553.54	1218.28
553.74	1228.19
553.94	1218.09
554.14	1228.84
554.35	1210.57
554.55	1232.69
554.75	1214.88
554.95	1219.03
555.15	1219.91
555.36	1224.17
555.56	1216.78
555.76	1221.92
555.96	1223.11
556.16	1227.63
556.37	1213.01
556.57	1223.01
556.77	1217.27
556.97	1233.18
557.17	1220.47
557.38	1226.24
557.58	1219.48
557.78	1225.05
557.98	1213.36
558.18	1224.97
558.38	1220.49
558.59	1222.92
558.79	1220.88
558.99	1226.65
559.19	1216.84
559.39	1220.41
559.60	1212.52
559.80	1224.71
560.00	1220.06
560.20	1224.97
560.40	1219.30
560.60	1224.17
560.81	1215.47
561.01	1219.30
561.21	1224.48
561.41	1227.72
561.61	1216.27
561.81	1226.98
562.02	1219.65
562.22	1226.45
562.42	1219.59
562.62	1225.83
562.82	1218.87
563.02	1214.22
563.23	1214.86
563.43	1225.36
563.63	1210.53
563.83	1223.80
564.03	1222.53
564.23	1224.56
564.43	1219.61
564.64	1225.96
564.84	1217.62
565.04	1228.27
565.24	1215.92
565.44	1227.59
565.64	1222.62
565.85	1223.80
566.05	1219.63
566.25	1221.18
566.45	1218.77
566.65	1214.59
566.85	1218.28
567.05	1225.71
567.25	1217.46
567.46	1224.69
567.66	1228.11
567.86	1227.02
568.06	1214.69
568.26	1226.08
568.46	1216.39
568.66	1221.59
568.86	1214.34
569.07	1221.78
569.27	1219.48
569.47	1221.72
569.67	1219.81
569.87	1215.98
570.07	1224.34
570.27	1219.20
570.47	1211.33
570.68	1227.16
570.88	1219.89
571.08	1219.81
571.28	1217.05
571.48	1219.20
571.68	1216.90
571.88	1229.33
572.08	1221.98
572.28	1228.60
572.49	1216.53
572.69	1228.82
572.89	1223.19
573.09	1220.86
573.29	1217.89
573.49	1228.04
573.69	1220.96
573.89	1227.63
574.09	1225.09
574.29	1220.28
574.50	1215.90
574.70	1227.65
574.90	1220.32
575.10	1227.39
575.30	1220.65
575.50	1228.62
575.70	1216.82
575.90	1230.54
576.10	1217.70
576.30	1224.66
576.50	1218.97
576.70	1233.18
576.91	1222.88
577.11	1217.93
577.31	1216.58
577.51	1223.17
577.71	1212.73
577.91	1223.64
578.11	1220.71
578.31	1227.65
578.51	1221.22
578.71	1218.54
578.91	1211.66
579.11	1223.87
579.31	1217.19
579.51	1227.29
579.71	1212.91
579.92	1231.44
580.12	1217.80
580.32	1224.62
580.52	1221.59
580.72	1224.87
580.92	1216.72
581.12	1220.75
581.32	1224.54
581.52	1221.41
581.72	1223.72
581.92	1225.46
582.12	1211.74
582.32	1221.08
582.52	1213.32
582.72	1220.59
582.92	1220.32
583.12	1222.68
583.32	1217.23
583.52	1221.70
583.72	1214.26
583.92	1223.46
584.12	1213.20
584.33	1221.04
584.53	1216.86
584.73	1227.22
584.93	1218.79
585.13	1221.04
585.33	1213.42
585.53	1220.96
585.73	1223.03
585.93	1224.44
586.13	1214.75
586.33	1221.45
586.53	1219.09
586.73	1228.17
586.93	1224.32
587.13	1231.44
587.33	1219.81
587.53	1223.78
587.73	1218.13
587.93	1220.16
588.13	1219.73
588.33	1220.51
588.53	1219.44
588.73	1226.43
588.93	1212.66
589.13	1229.93
589.33	1208.83
589.53	1227.86
589.73	1218.44
589.93	1228.43
590.13	1218.91
590.33	1220.24
590.53	1219.69
590.73	1219.36
590.93	1211.48
591.13	1224.97
591.33	1218.73
591.53	1230.87
591.73	1218.83
591.93	1225.40
592.13	1221.51
592.33	1221.67
592.53	1216.94
592.73	1228.37
592.93	1222.70
593.13	1224.07
593.33	1223.15
593.53	1220.16
593.73	1219.77
593.93	1225.87
594.13	1225.96
594.33	1222.25
594.53	1218.07
594.73	1226.10
594.92	1218.30
595.12	1225.79
595.32	1214.81
595.52	1227.49
595.72	1220.75
595.92	1221.14
596.12	1221.51
596.32	1223.03
596.52	1221.72
596.72	1227.18
596.92	1220.71
597.12	1225.20
597.32	1219.71
597.52	1224.46
597.72	1220.12
597.92	1223.27
598.12	1210.68
598.32	1226.65
598.52	1218.11
598.72	1222.68
598.92	1222.60
599.12	1228.80
599.31	1218.93
599.51	1227.80
599.71	1220.14
599.91	1224.15
600.11	1216.74
600.31	1230.50
600.51	1225.83
600.71	1215.39
600.91	1220.49
601.11	1227.02
601.31	1216.39
601.51	1225.48
601.71	1217.23
601.91	1211.68
602.10	1220.02
602.30	1219.77
602.50	1219.38
602.70	1227.27
602.90	1217.17
603.10	1221.55
603.30	1220.71
603.50	1226.14
603.70	1219.50
603.90	1220.41
604.10	1224.28
604.30	1216.90
604.49	1215.33
604.69	1228.66
604.89	1214.73
605.09	1228.33
605.29	1219.44
605.49	1229.42
605.69	1213.03
605.89	1227.12
606.09	1218.13
606.29	1221.31
606.48	1220.53
606.68	1226.92
606.88	1215.94
607.08	1229.09
607.28	1215.69
607.48	1218.81
607.68	1221.41
607.88	1221.39
608.08	1218.23
608.27	1231.85
608.47	1224.60
608.67	1226.94
608.87	1217.21
609.07	1228.99
609.27	1225.20
609.47	1218.44
609.67	1222.02
609.87	1227.39
610.06	1217.72
610.26	1223.35
610.46	1224.52
610.66	1226.20
610.86	1222.82
611.06	1222.31
611.26	1214.18
611.45	1222.35
611.65	1222.45
611.85	1221.29
612.05	1216.98
612.25	1224.89
612.45	1219.44
612.65	1233.33
612.84	1219.89
613.04	1229.72
613.24	1218.36
613.44	1222.37
613.64	1219.44
613.84	1226.36
614.04	1216.00
614.23	1223.68
614.43	1219.07
614.63	1224.32
614.83	1212.01
615.03	1224.11
615.23	1217.03
615.42	1221.39
615.62	1223.48
615.82	1228.88
616.02	1214.18
616.22	1227.45
616.42	1225.89
616.61	1221.14
616.81	1215.33
617.01	1226.67
617.21	1210.84
617.41	1224.15
617.61	1214.18
617.80	1220.75
618.00	1214.79
618.20	1221.35
618.40	1213.18
618.60	1225.71
618.80	1208.85
618.99	1225.96
619.19	1217.82
619.39	1228.68
619.59	1213.61
619.79	1225.89
619.98	1212.81
620.18	1227.37
620.38	1215.65
620.58	1222.60
620.78	1217.01
620.97	1218.60
621.17	1215.96
621.37	1222.17
621.57	1219.83
621.77	1224.91
621.96	1216.39
622.16	1224.26
622.36	1217.78
622.56	1221.59
622.76	1216.62
622.95	1227.53
623.15	1219.95
623.35	1227.80
623.55	1213.63
623.75	1226.61
623.94	1218.30
624.14	1223.74
624.34	1218.68
624.54	1226.43
624.73	1221.00
624.93	1231.40
625.13	1218.09
625.33	1227.10
625.53	1218.79
625.72	1224.34
625.92	1217.87
626.12	1228.19
626.32	1216.17
626.51	1221.43
626.71	1220.98
626.91	1231.34
627.11	1219.22
627.30	1221.37
627.50	1219.59
627.70	1221.76
627.90	1212.15
628.10	1224.99
628.29	1216.37
628.49	1223.44
628.69	1231.83
628.89	1225.40
629.08	1221.33
629.28	1221.72
629.48	1217.35
629.68	1228.21
629.87	1219.85
630.07	1230.40
630.27	1220.55
630.47	1225.30
630.66	1215.53
630.86	1228.88
631.06	1220.16
631.25	1234.07
631.45	1216.96
631.65	1229.29
631.85	1220.32
632.04	1222.80
632.24	1215.55
632.44	1233.37
632.64	1212.36
632.83	1219.61
633.03	1217.76
633.23	1220.51
633.42	1215.26
633.62	1228.80
633.82	1218.71
634.02	1220.73
634.21	1218.93
634.41	1228.23
634.61	1218.52
634.81	1221.67
635.00	1212.19
635.20	1221.92
635.40	1218.44
635.59	1225.14
635.79	1215.90
635.99	1225.01
636.18	1215.88
636.38	1231.44
636.58	1215.84
636.78	1221.76
636.97	1223.29
637.17	1228.43
637.37	1214.10
637.56	1223.48
637.76	1224.42
637.96	1227.43
638.15	1223.29
638.35	1218.91
638.55	1218.99
638.74	1225.96
638.94	1217.76
639.14	1227.65
639.34	1219.67
639.53	1228.17
639.73	1216.84
639.93	1228.06
640.12	1217.31
640.32	1228.58
640.52	1221.08
640.71	1219.57
640.91	1226.06
641.11	1225.61
641.30	1211.93
641.50	1222.43
641.70	1214.45
641.89	1225.67
642.09	1223.83
642.29	1225.24
642.48	1215.94
642.68	1221.86
642.88	1222.02
643.07	1218.17
643.27	1216.02
643.47	1220.94
643.66	1210.27
643.86	1221.10
644.06	1219.09
644.25	1226.77
644.45	1219.26
644.65	1223.62
644.84	1218.46
645.04	1219.91
645.23	1215.02
645.43	1218.09
645.63	1221.57
645.82	1222.00
646.02	1214.94
646.22	1228.49
646.41	1217.82
646.61	1231.36
646.81	1210.17
647.00	1225.55
647.20	1215.31
647.39	1227.14
647.59	1216.78
647.79	1225.67
647.98	1205.31
648.18	1226.84
648.38	1217.19
648.57	1219.73
648.77	1225.16
648.96	1220.18
649.16	1214.55
649.36	1224.73
649.55	1215.92
649.75	1218.62
649.95	1216.82
650.14	1222.31
650.34	1222.97
650.53	1222.06
650.73	1217.42
650.93	1220.71
651.12	1221.24
651.32	1223.97
651.51	1216.68
651.71	1220.98
651.91	1221.20
652.10	1229.76
652.30	1219.91
652.49	1222.82
652.69	1218.23
652.89	1228.64
653.08	1213.26
653.28	1219.48
653.47	1216.82
653.67	1231.26
653.86	1222.19
654.06	1225.26
654.26	1215.02
654.45	1231.42
654.65	1212.73
654.84	1224.09
655.04	1215.35
655.24	1224.85
655.43	1223.58
655.63	1217.78
655.82	1216.60
656.02	1222.35
656.21	1220.65
656.41	1226.43
656.61	1224.93
656.80	1226.32
657.00	1220.06
657.19	1223.23
657.39	1220.02
657.58	1224.54
657.78	1220.65
657.97	1222.19
658.17	1218.34
658.37	1224.69
658.56	1217.19
658.76	1219.73
658.95	1217.21
659.15	1226.49
659.34	1214.81
659.54	1223.42
659.73	1216.00
659.93	1215.49
660.13	1210.53
660.32	1222.41
660.52	1223.85
660.71	1227.94
660.91	1219.16
661.10	1227.92
661.30	1213.32
661.49	1220.63
661.69	1222.10
661.88	1220.88
662.08	1218.17
662.27	1217.46
662.47	1221.57
662.66	1219.52
662.86	1224.01
663.06	1222.74
663.25	1214.92
663.45	1224.93
663.64	1217.23
663.84	1228.00
664.03	1215.84
664.23	1224.38
664.42	1215.22
664.62	1220.69
664.81	1217.87
665.01	1225.55
665.20	1213.50
665.40	1225.09
665.59	1213.59
665.79	1224.79
665.98	1220.59
666.18	1224.36
666.37	1221.12
666.57	1224.73
666.76	1212.15
666.96	1227.20
667.15	1220.22
667.35	1221.76
667.54	1215.24
667.74	1224.83
667.93	1214.36
668.13	1230.89
668.32	1220.51
668.52	1223.11
668.71	1216.74
668.91	1228.33
669.10	1220.12
669.30	1223.85
669.49	1223.15
669.68	1222.51
669.88	1214.32
670.07	1223.89
670.27	1215.20
670.46	1221.65
670.66	1215.82
670.85	1224.69
671.05	1220.28
671.24	1221.08
671.44	1218.38
671.63	1228.76
671.83	1214.45
672.02	1223.23
672.22	1214.92
672.41	1233.59
672.60	1213.65
672.80	1229.78
672.99	1219.54
673.19	1223.54
673.38	1220.30
673.58	1229.48
673.77	1220.16
673.97	1216.86
674.16	1219.52
674.36	1229.44
674.55	1218.75
674.74	1224.09
674.94	1222.74
675.13	1224.71
675.33	1213.05
675.52	1217.62
675.72	1215.57
675.91	1221.06
676.10	1217.89
676.30	1219.20
676.49	1215.76
676.69	1222.27
676.88	1221.86
677.08	1226.16
677.27	1224.32
677.46	1227.94
677.66	1214.42
677.85	1219.36
678.05	1218.19
678.24	1232.90
678.44	1217.05
678.63	1218.25
678.82	1218.75
679.02	1222.27
679.21	1226.47
679.41	1228.52
679.60	1223.52
679.79	1225.01
679.99	1217.33
680.18	1223.52
680.38	1216.31
680.57	1226.20
680.76	1223.52
680.96	1229.81
681.15	1216.86
681.35	1220.12
681.54	1224.38
681.73	1221.61
681.93	1220.90
682.12	1219.63
682.32	1218.32
682.51	1229.93
682.70	1212.56
682.90	1222.17
683.09	1223.13
683.29	1228.33
683.48	1222.99
683.67	1222.70
683.87	1223.29
684.06	1230.73
684.25	1216.98
684.45	1229.54
684.64	1221.70
684.84	1222.13
685.03	1219.67
685.22	1222.82
685.42	1213.71
685.61	1225.59
685.80	1219.54
686.00	1223.01
686.19	1222.02
686.38	1229.50
686.58	1212.44
686.77	1218.73
686.96	1222.47
687.16	1228.74
687.35	1219.18
687.55	1227.04
687.74	1217.52
687.93	1227.92
688.13	1219.20
688.32	1221.86
688.51	1216.06
688.71	1224.81
688.90	1216.12
689.09	1221.63
689.29	1219.18
689.48	1218.89
689.67	1215.29
689.87	1222.43
690.06	1217.66
690.25	1221.22
690.45	1220.59
690.64	1228.99
690.83	1218.23
691.03	1231.12
691.22	1222.41
691.41	1226.16
691.61	1224.26
691.80	1225.71
691.99	1223.74
692.19	1225.81
692.38	1213.77
692.57	1229.91
692.76	1215.00
692.96	1224.73
693.15	1218.71
693.34	1224.40
693.54	1215.96
693.73	1229.54
693.92	1223.25
694.12	1217.33
694.31	1221.29
694.50	1217.09
694.70	1214.24
694.89	1220.12
695.08	1215.41
695.27	1222.29
695.47	1222.00
695.66	1227.33
695.85	1223.97
696.05	1228.35
696.24	1213.24
696.43	1219.63
696.62	1210.76
696.82	1222.17
697.01	1221.14
697.20	1221.33
697.40	1224.09
697.59	1215.49
697.78	1218.30
697.97	1228.88
698.17	1218.46
698.36	1227.74
698.55	1219.30
698.74	1227.82
698.94	1220.96
699.13	1223.11
699.32	1221.18
699.52	1219.54
699.71	1222.82
699.90	1220.51
700.09	1218.03
700.29	1229.70
700.48	1215.22
700.67	1225.34
700.86	1219.52
701.06	1225.59
701.25	1216.82
701.44	1226.22
701.63	1223.09
701.83	1227.51
702.02	1218.52
702.21	1222.78
702.40	1221.31
702.60	1230.03
702.79	1226.61
702.98	1218.64
703.17	1211.43
703.37	1219.85
703.56	1227.25
703.75	1227.80
703.94	1218.15
704.13	1227.43
704.33	1220.86
704.52	1219.40
704.71	1213.56
704.90	1224.01
705.10	1222.15
705.29	1226.82
705.48	1221.04
705.67	1224.93
705.86	1217.50
706.06	1228.23
706.25	1212.75
706.44	1218.50
706.63	1222.72
706.83	1220.28
707.02	1217.97
707.21	1224.79
707.40	1226.79
707.59	1221.88
707.79	1218.68
707.98	1225.30
708.17	1213.11
708.36	1215.59
708.55	1216.17
708.75	1227.82
708.94	1219.42
709.13	1230.54
709.32	1217.89
709.51	1226.14
709.71	1221.31
709.90	1224.28
710.09	1221.06
710.28	1222.25
710.47	1220.84
710.66	1222.10
710.86	1217.89
711.05	1220.06
711.24	1219.54
711.43	1216.55
711.62	1221.12
711.82	1227.98
712.01	1212.81
712.20	1222.00
712.39	1217.58
712.58	1225.87
712.77	1219.42
712.97	1223.48
713.16	1218.89
713.35	1229.01
713.54	1219.89
713.73	1223.99
713.92	1221.41
714.11	1222.33
714.31	1213.40
714.50	1224.28
714.69	1214.06
714.88	1225.96
715.07	1212.95
715.26	1225.91
715.46	1219.95
715.65	1225.22
715.84	1217.25
716.03	1226.00
716.22	1219.52
716.41	1224.42
716.60	1221.22
716.80	1227.20
716.99	1220.59
717.18	1226.16
717.37	1214.55
717.56	1228.33
717.75	1221.35
717.94	1221.96
718.13	1222.43
718.33	1224.62
718.52	1214.04
718.71	1228.82
718.90	1219.18
719.09	1224.38
719.28	1218.77
719.47	1227.92
719.66	1219.40
719.85	1220.41
720.05	1216.60
720.24	1223.70
720.43	1217.48
720.62	1225.87
720.81	1208.63
721.00	1223.62
721.19	1219.48
721.38	1222.70
721.57	1218.40
721.77	1223.62
721.96	1219.81
722.15	1224.75
722.34	1223.19
722.53	1228.78
722.72	1214.06
722.91	1224.73
723.10	1217.95
723.29	1233.78
723.48	1212.38
723.67	1219.38
723.87	1221.76
724.06	1227.65
724.25	1226.14
724.44	1222.64
724.63	1216.19
724.82	1223.66
725.01	1217.17
725.20	1223.85
725.39	1220.28
725.58	1225.34
725.77	1216.23
725.96	1224.44
726.15	1227.55
726.34	1228.21
726.54	1216.80
726.73	1227.76
726.92	1219.03
727.11	1228.49
727.30	1222.70
727.49	1226.16
727.68	1211.66
727.87	1220.45
728.06	1219.07
728.25	1223.62
728.44	1216.58
728.63	1226.43
728.82	1221.98
729.01	1223.46
729.20	1218.07
729.39	1230.97
729.58	1212.52
729.77	1222.62
729.96	1216.51
730.15	1222.88
730.34	1218.68
730.53	1225.59
730.73	1222.43
730.92	1226.22
731.11	1216.90
731.30	1227.51
731.49	1220.36
731.68	1229.27
731.87	1218.28
732.06	1233.41
732.25	1217.31
732.44	1228.11
732.63	1218.28
732.82	1226.24
733.01	1219.50
733.20	1222.49
733.39	1218.77
733.58	1217.97
733.77	1223.42
733.96	1226.43
734.15	1216.86
734.34	1224.01
734.53	1217.87
734.72	1224.46
734.91	1214.83
735.10	1230.09
735.29	1209.33
735.48	1225.55
735.67	1215.53
735.86	1225.52
736.05	1217.35
736.24	1227.68
736.43	1218.91
736.62	1224.03
736.81	1218.68
737.00	1238.35
737.19	1211.80
737.38	1226.14
737.57	1213.87
737.76	1224.03
737.95	1217.54
738.14	1226.26
738.33	1219.79
738.51	1232.69
738.70	1219.24
738.89	1220.06
739.08	1221.00
739.27	1221.06
739.46	1223.60
739.65	1221.02
739.84	1217.93
740.03	1218.42
740.22	1221.16
740.41	1225.65
740.60	1217.23
740.79	1224.34
740.98	1223.42
741.17	1228.47
741.36	1212.11
741.55	1225.44
741.74	1224.66
741.93	1225.32
742.12	1223.42
742.31	1223.74
742.50	1214.92
742.68	1222.88
742.87	1219.14
743.06	1224.71
743.25	1219.89
743.44	1225.75
743.63	1220.49
743.82	1223.19
744.01	1220.47
744.20	1220.02
744.39	1216.39
744.58	1221.29
744.77	1221.47
744.96	1225.34
745.14	1216.72
745.33	1224.09
745.52	1211.00
745.71	1221.16
745.90	1221.43
746.09	1221.27
746.28	1210.27
746.47	1225.20
746.66	1212.85
746.85	1222.19
747.04	1224.42
747.22	1218.71
747.41	1223.42
747.60	1224.13
747.79	1226.08
747.98	1225.85
748.17	1218.15
748.36	1223.52
748.55	1220.47
748.74	1226.26
748.93	1217.87
749.11	1229.64
749.30	1213.91
749.49	1224.26
749.68	1218.05
749.87	1219.01
750.06	1214.92
750.25	1221.82
750.44	1218.87
750.62	1224.62
750.81	1212.56
751.00	1227.74
751.19	1219.57
751.38	1223.66
751.57	1215.06
751.76	1225.03
751.95	1213.22
752.13	1224.79
752.32	1221.06
752.51	1221.65
752.70	1222.58
752.89	1224.95
753.08	1221.02
753.27	1222.56
753.45	1215.98
753.64	1219.48
753.83	1218.64
754.02	1223.03
754.21	1218.40
754.40	1223.56
754.58	1218.54
754.77	1221.10
754.96	1215.47
755.15	1220.43
755.34	1210.96
755.53	1222.99
755.71	1223.72
755.90	1224.97
756.09	1213.81
756.28	1221.82
756.47	1215.84
756.66	1224.17
756.84	1217.93
757.03	1227.65
757.22	1215.90
757.41	1225.75
757.60	1218.13
757.79	1221.33
757.97	1218.23
758.16	1221.70
758.35	1214.47
758.54	1228.04
758.73	1219.75
758.91	1216.92
759.10	1223.68
759.29	1221.76
759.48	1224.56
759.67	1227.94
759.85	1220.10
760.04	1219.75
760.23	1221.27
760.42	1222.88
760.61	1218.89
760.79	1226.16
760.98	1217.99
761.17	1228.54
761.36	1224.46
761.55	1220.96
761.73	1219.65
761.92	1224.44
762.11	1209.71
762.30	1222.21
762.49	1224.79
762.67	1226.24
762.86	1215.74
763.05	1224.40
763.24	1215.51
763.42	1220.73
763.61	1224.73
763.80	1224.83
763.99	1223.44
764.17	1214.71
764.36	1220.08
764.55	1219.61
764.74	1219.54
764.92	1225.98
765.11	1221.22
765.30	1222.35
765.49	1223.35
765.68	1224.93
765.86	1220.20
766.05	1220.08
766.24	1217.68
766.43	1218.60
766.61	1222.53
766.80	1222.94
766.99	1213.26
767.17	1220.47
767.36	1220.73
767.55	1226.30
767.74	1215.86
767.92	1226.12
768.11	1219.59
768.30	1223.48
768.49	1218.68
768.67	1225.42
768.86	1226.82
769.05	1227.06
769.24	1211.60
769.42	1218.81
769.61	1220.04
769.80	1224.91
769.98	1218.46
770.17	1214.94
770.36	1219.24
770.55	1219.65
770.73	1212.05
770.92	1224.91
771.11	1214.36
771.29	1224.75
771.48	1216.35
771.67	1228.68
771.86	1212.56
772.04	1221.90
772.23	1223.72
772.42	1229.97
772.60	1219.01
772.79	1223.40
772.98	1220.92
773.16	1223.62
773.35	1218.42
773.54	1215.74
773.72	1218.87
773.91	1225.12
774.10	1219.73
774.29	1227.90
774.47	1219.77
774.66	1231.20
774.85	1217.50
775.03	1227.27
775.22	1225.24
775.41	1230.52
775.59	1216.29
775.78	1225.18
775.97	1223.58
776.15	1220.47
776.34	1221.08
776.53	1222.08
776.71	1212.46
776.90	1221.14
777.09	1219.63
777.27	1233.53
777.46	1217.95
777.65	1228.37
777.83	1211.72
778.02	1219.97
778.21	1214.65
778.39	1225.77
778.58	1208.22
778.76	1218.11
778.95	1217.01
779.14	1226.92
779.32	1222.27
779.51	1225.40
779.70	1216.92
779.88	1228.56
780.07	1220.75
780.26	1223.44
780.44	1219.42
780.63	1222.15
780.81	1216.08
781.00	1222.82
781.19	1216.51
781.37	1225.26
781.56	1218.58
781.75	1216.39
781.93	1223.15
782.12	1223.07
782.30	1219.16
782.49	1226.32
782.68	1217.82
782.86	1228.49
783.05	1218.54
783.23	1225.89
783.42	1213.93
783.61	1223.42
783.79	1215.63
783.98	1224.62
784.16	1222.72
784.35	1224.05
784.54	1215.06
784.72	1220.49
784.91	1211.25
785.09	1223.80
785.28	1217.09
785.47	1224.73
785.65	1217.87
785.84	1224.85
786.02	1217.01
786.21	1224.48
786.40	1220.96
786.58	1218.77
786.77	1220.92
786.95	1218.58
787.14	1221.24
787.32	1224.32
787.51	1218.83
787.70	1219.42
787.88	1221.90
788.07	1222.19
788.25	1217.95
788.44	1225.34
788.62	1225.50
788.81	1222.99
789.00	1220.12
789.18	1222.17
789.37	1217.07
789.55	1227.68
789.74	1219.71
789.92	1223.62
790.11	1219.40
790.29	1221.31
790.48	1225.01
790.67	1221.49
790.85	1224.83
791.04	1222.88
791.22	1208.87
791.41	1225.96
791.59	1216.86
791.78	1220.20
791.96	1222.13
792.15	1223.97
792.33	1216.45
792.52	1231.01
792.70	1214.59
792.89	1225.03
793.07	1212.70
793.26	1220.10
793.45	1224.28
793.63	1217.91
793.82	1216.60
794.00	1230.73
794.19	1224.52
794.37	1225.65
794.56	1218.36
794.74	1227.39
794.93	1217.70
795.11	1232.65
795.30	1211.84
795.48	1226.06
795.67	1217.64
795.85	1228.68
796.04	1224.17
796.22	1235.17
796.41	1219.11
796.59	1225.22
796.78	1218.44
796.96	1221.96
797.15	1221.33
797.33	1220.84
797.52	1215.53
797.70	1219.63
797.89	1215.37
798.07	1215.84
798.26	1221.35
798.44	1227.12
798.63	1220.67
798.81	1226.30
798.99	1213.09
799.18	1225.91
799.36	1215.57
799.55	1224.32
799.73	1216.94
799.92	1227.08
800.10	1221.65
800.29	1223.15
800.47	1214.73
800.66	1226.14
800.84	1224.34
801.03	1227.86
801.21	1213.61
801.39	1229.03
801.58	1222.37
801.76	1225.85
801.95	1222.58
802.13	1221.24
802.32	1220.65
802.50	1222.53
802.69	1213.24
802.87	1218.91
803.06	1217.07
803.24	1228.13
803.42	1215.08
803.61	1223.66
803.79	1214.02
803.98	1229.13
804.16	1215.45
804.35	1217.58
804.53	1215.76
804.71	1219.50
804.90	1218.97
805.08	1223.89
805.27	1219.85
805.45	1220.98
805.63	1219.28
805.82	1223.76
806.00	1221.86
806.19	1222.21
806.37	1218.44
806.56	1221.82
806.74	1226.12
806.92	1226.47
807.11	1215.02
807.29	1221.33
807.48	1214.75
807.66	1229.58
807.84	1210.33
808.03	1223.56
808.21	1215.24
808.40	1219.59
808.58	1221.10
808.76	1225.03
808.95	1220.69
809.13	1224.93
809.32	1216.96
809.50	1227.82
809.68	1218.58
809.87	1222.27
810.05	1220.65
810.23	1225.52
810.42	1218.46
810.60	1227.31
810.79	1219.14
810.97	1227.76
811.15	1215.29
811.34	1224.15
811.52	1218.23
811.70	1228.68
811.89	1216.10
812.07	1229.54
812.25	1221.53
812.44	1225.09
812.62	1223.29
812.81	1223.95
812.99	1216.94
813.17	1223.31
813.36	1214.55
813.54	1223.70
813.72	1212.79
813.91	1219.63
814.09	1223.21
814.27	1228.52
814.46	1217.33
814.64	1222.80
814.82	1211.17
815.01	1221.92
815.19	1229.72
815.37	1223.66
815.56	1223.03
815.74	1230.95
815.92	1221.12
816.11	1229.25
816.29	1220.45
816.47	1221.53
816.66	1220.75
816.84	1220.61
817.02	1217.03
817.21	1225.05
817.39	1224.28
817.57	1220.34
817.76	1218.46
817.94	1225.93
818.12	1209.51
818.30	1220.16
818.49	1215.76
818.67	1223.17
818.85	1219.89
819.04	1232.34
819.22	1216.78
819.40	1221.08
819.59	1217.85
819.77	1224.99
819.95	1218.11
820.13	1218.46
820.32	1219.83
820.50	1218.48
820.68	1221.82
820.87	1226.39
821.05	1219.71
821.23	1225.30
821.41	1218.15
821.60	1222.21
821.78	1221.65
821.96	1226.20
822.14	1221.08
822.33	1222.90
822.51	1217.87
822.69	1227.74
822.88	1220.10
823.06	1218.89
823.24	1216.33
823.42	1220.79
823.61	1218.01
823.79	1218.40
823.97	1223.25
824.15	1224.23
824.34	1218.85
824.52	1225.46
824.70	1221.14
824.88	1218.97
825.07	1216.72
825.25	1224.42
825.43	1223.56
825.61	1220.73
825.80	1217.01
825.98	1231.34
826.16	1221.63
826.34	1224.44
826.53	1223.09
826.71	1225.67
826.89	1225.98
827.07	1215.51
827.25	1221.72
827.44	1221.98
827.62	1213.85
827.80	1225.26
827.98	1216.02
828.17	1219.07
828.35	1219.28
828.53	1223.48
828.71	1224.11
828.89	1216.84
829.08	1217.89
829.26	1230.34
829.44	1217.11
829.62	1224.21
829.80	1215.96
829.99	1226.43
830.17	1209.20
830.35	1230.93
830.53	1216.00
830.71	1220.32
830.90	1224.21
831.08	1220.43
831.26	1216.21
831.44	1218.50
831.62	1221.88
831.81	1227.14
831.99	1219.71
832.17	1231.40
832.35	1215.53
832.53	1226.65
832.71	1217.11
832.90	1227.68
833.08	1215.96
833.26	1222.04
833.44	1214.90
833.62	1223.64
833.81	1221.61
833.99	1226.00
834.17	1215.41
834.35	1223.99
834.53	1216.90
834.71	1228.60
834.89	1222.53
835.08	1218.42
835.26	1218.32
835.44	1225.81
835.62	1215.67
835.80	1222.86
835.98	1218.99
836.17	1226.92
836.35	1213.85
836.53	1228.92
836.71	1214.90
836.89	1226.14
837.07	1213.87
837.25	1225.61
837.44	1222.19
837.62	1221.18
837.80	1218.28
837.98	1218.64
838.16	1225.59
838.34	1229.15
838.52	1218.46
838.70	1221.76
838.89	1217.82
839.07	1226.94
839.25	1218.64
839.43	1223.97
839.61	1210.25
839.79	1228.49
839.97	1226.49
840.15	1231.07
840.33	1227.41
840.52	1230.67
840.70	1216.70
840.88	1224.42
841.06	1215.69
841.24	1219.07
841.42	1221.86
841.60	1227.88
841.78	1214.77
841.96	1223.83
842.14	1221.04
842.33	1227.96
842.51	1222.13
842.69	1216.02
842.87	1213.40
843.05	1227.94
843.23	1221.24
843.41	1228.74
843.59	1223.37
843.77	1226.45
843.95	1216.35
844.13	1224.01
844.31	1227.41
844.49	1224.73
844.68	1219.91
844.86	1223.31
845.04	1229.62
845.22	1217.60
845.40	1218.09
845.58	1219.16
845.76	1220.14
845.94	1225.38
846.12	1217.01
846.30	1224.17
846.48	1214.26
846.66	1223.97
846.84	1218.77
847.02	1230.32
847.20	1228.86
847.38	1220.45
847.56	1213.99
847.74	1219.22
847.92	1219.71
848.11	1224.89
848.29	1228.06
848.47	1222.41
848.65	1216.21
848.83	1227.39
849.01	1218.89
849.19	1225.16
849.37	1219.11
849.55	1224.58
849.73	1217.31
849.91	1217.01
850.09	1225.46
850.27	1229.42
850.45	1219.36
850.63	1225.67
850.81	1217.05
850.99	1228.02
851.17	1220.49
851.35	1226.20
851.53	1221.51
851.71	1220.41
851.89	1221.90
852.07	1224.71
852.25	1223.27
852.43	1223.78
852.61	1211.25
852.79	1223.66
852.97	1214.16
853.15	1228.76
853.33	1219.69
853.51	1227.68
853.69	1222.45
853.87	1226.57
854.05	1218.99
854.23	1222.70
854.41	1227.37
854.59	1228.60
854.77	1218.11
854.95	1226.94
855.13	1217.64
855.31	1228.80
855.49	1217.42
855.67	1228.47
855.84	1216.00
856.02	1221.47
856.20	1217.39
856.38	1222.19
856.56	1216.58
856.74	1221.86
856.92	1225.05
857.10	1222.47
857.28	1220.51
857.46	1225.87
857.64	1214.40
857.82	1223.15
858.00	1222.94
858.18	1228.78
858.36	1219.32
858.54	1223.56
858.72	1214.34
858.90	1225.63
859.08	1223.99
859.25	1231.05
859.43	1220.55
859.61	1226.34
859.79	1214.26
859.97	1220.59
860.15	1221.24
860.33	1225.07
860.51	1224.13
860.69	1220.18
860.87	1218.66
861.05	1226.36
861.23	1220.63
861.41	1227.94
861.58	1218.52
861.76	1225.30
861.94	1217.13
862.12	1227.86
862.30	1228.37
862.48	1232.55
862.66	1222.68
862.84	1221.35
863.02	1226.82
863.20	1222.62
863.37	1218.97
863.55	1223.21
863.73	1215.37
863.91	1227.43
864.09	1226.22
864.27	1233.27
864.45	1221.78
864.63	1225.09
864.80	1219.57
864.98	1225.20
865.16	1222.23
865.34	1222.84
865.52	1222.66
865.70	1228.97
865.88	1221.24
866.06	1233.88
866.23	1221.00
866.41	1224.42
866.59	1221.76
866.77	1229.54
866.95	1222.97
867.13	1234.11
867.31	1217.35
867.48	1229.44
867.66	1225.67
867.84	1227.68
868.02	1220.30
868.20	1239.02
868.38	1224.99
868.56	1228.99
868.73	1222.53
868.91	1230.95
869.09	1227.29
869.27	1227.47
869.45	1226.39
869.63	1233.02
869.80	1223.42
869.98	1226.41
870.16	1228.56
870.34	1234.86
870.52	1227.25
870.70	1233.68
870.87	1221.12
871.05	1225.07
871.23	1234.09
871.41	1240.15
871.59	1223.37
871.76	1235.09
871.94	1225.61
872.12	1232.32
872.30	1221.70
872.48	1240.62
872.65	1230.69
872.83	1237.01
873.01	1223.35
873.19	1236.65
873.37	1233.74
873.54	1241.40
873.72	1228.84
873.90	1240.52
874.08	1235.09
874.26	1242.38
874.43	1238.24
874.61	1242.32
874.79	1239.59
874.97	1244.61
875.15	1238.30
875.32	1245.23
875.50	1237.89
875.68	1242.93
875.86	1246.23
876.03	1240.88
876.21	1238.80
876.39	1248.03
876.57	1245.12
876.74	1241.83
876.92	1239.18
877.10	1240.86
877.28	1242.71
877.45	1253.85
877.63	1242.77
877.81	1242.38
877.99	1243.04
878.17	1252.44
878.34	1239.92
878.52	1240.07
878.70	1239.53
878.87	1250.22
879.05	1241.66
879.23	1245.21
879.41	1244.37
879.58	1254.50
879.76	1239.00
879.94	1254.42
880.12	1243.04
880.29	1256.72
880.47	1246.52
880.65	1249.73
880.83	1242.81
881.00	1249.49
881.18	1244.86
881.36	1255.10
881.53	1244.12
881.71	1249.92
881.89	1248.01
882.07	1245.39
882.24	1245.60
882.42	1249.10
882.60	1246.68
882.77	1251.17
882.95	1252.56
883.13	1257.02
883.30	1250.22
883.48	1255.63
883.66	1258.42
883.84	1263.37
884.01	1261.67
884.19	1271.32
884.37	1274.74
884.54	1285.51
884.72	1280.43
884.90	1296.69
885.07	1301.20
885.25	1325.24
885.43	1337.59
885.60	1377.75
885.78	1412.93
885.96	1493.11
886.13	1570.48
886.31	1705.22
886.49	1840.41
886.66	2031.52
886.84	2210.52
887.02	2415.78
887.19	2618.18
887.37	2834.51
887.55	3046.70
887.72	3218.96
887.90	3443.62
888.08	3643.38
888.25	3807.03
888.43	3976.52
888.61	4159.32
888.78	4260.02
888.96	4414.72
889.14	4504.38
889.31	4664.90
889.49	4777.44
889.67	4877.81
889.84	4973.27
890.02	5033.95
890.19	5126.50
890.37	5196.31
890.55	5220.19
890.72	5351.04
890.90	5378.33
891.08	5416.53
891.25	5443.91
891.43	5444.81
891.60	5427.83
891.78	5367.75
891.96	5307.47
892.13	5143.56
892.31	5011.07
892.48	4793.48
892.66	4549.19
892.84	4328.36
893.01	4106.96
893.19	3819.79
893.36	3605.24
893.54	3380.56
893.72	3163.46
893.89	2959.52
894.07	2794.19
894.24	2639.67
894.42	2515.77
894.60	2370.34
894.77	2282.65
894.95	2199.83
895.12	2130.52
895.30	2054.26
895.48	2010.61
895.65	1950.46
895.83	1939.10
896.00	1904.14
896.18	1865.58
896.35	1850.63
896.53	1827.40
896.71	1805.16
896.88	1804.96
897.06	1782.41
897.23	1758.53
897.41	1721.15
897.58	1727.56
897.76	1704.40
897.93	1693.26
898.11	1660.35
898.29	1661.03
898.46	1627.95
898.64	1626.76
898.81	1596.80
898.99	1586.48
899.16	1564.26
899.34	1551.87
899.51	1534.38
899.69	1528.17
899.86	1509.56
900.04	1500.34
900.21	1489.06
900.39	1486.13
900.57	1480.48
900.74	1477.55
900.92	1467.06
901.09	1462.80
901.27	1449.74
901.44	1445.82
901.62	1436.40
901.79	1444.08
901.97	1430.04
902.14	1446.26
902.32	1440.40
902.49	1457.11
902.67	1455.76
902.84	1483.00
903.02	1480.64
903.19	1496.88
903.37	1497.47
903.54	1515.97
903.72	1516.05
903.89	1523.77
904.07	1520.90
904.24	1530.00
904.42	1523.09
904.59	1530.86
904.77	1523.09
904.94	1522.64
905.12	1510.68
905.29	1499.87
905.47	1487.89
905.64	1485.88
905.82	1468.07
905.99	1470.69
906.16	1451.56
906.34	1451.21
906.51	1433.48
906.69	1425.51
906.86	1401.49
907.04	1385.29
907.21	1381.42
907.39	1372.04
907.56	1362.27
907.74	1354.28
907.91	1334.37
908.09	1343.86
908.26	1324.75
908.43	1317.85
908.61	1312.83
908.78	1304.58
908.96	1294.52
909.13	1303.31
909.31	1293.62
909.48	1303.53
909.65	1291.49
909.83	1294.38
910.00	1283.93
910.18	1288.23
910.35	1283.36
910.53	1281.91
910.70	1271.22
910.87	1267.59
911.05	1259.89
911.22	1256.55
911.40	1246.78
911.57	1245.76
911.75	1234.41
911.92	1243.40
912.09	1227.51
912.27	1242.87
912.44	1234.56
912.62	1241.25
912.79	1229.31
912.96	1237.24
913.14	1228.29
913.31	1235.64
913.49	1228.82
913.66	1238.12
913.83	1232.08
914.01	1238.71
914.18	1230.32
914.36	1231.38
914.53	1226.94
914.70	1235.60
914.88	1223.78
915.05	1230.58
915.22	1225.67
915.40	1233.86
915.57	1235.01
915.75	1238.32
915.92	1219.20
916.09	1227.63
916.27	1235.25
916.44	1235.72
916.61	1233.12
916.79	1234.80
916.96	1225.85
917.13	1227.27
917.31	1222.04
917.48	1232.43
917.66	1223.87
917.83	1235.60
918.00	1230.42
918.18	1236.26
918.35	1230.56
918.52	1239.74
918.70	1225.89
918.87	1233.02
919.04	1223.07
919.22	1239.06
919.39	1227.14
919.56	1235.44
919.74	1219.26
919.91	1229.93
920.08	1224.89
920.26	1234.07
920.43	1223.62
920.60	1233.27
920.78	1226.96
920.95	1226.63
921.12	1220.98
921.29	1230.56
921.47	1219.40
921.64	1232.10
921.81	1219.36
921.99	1228.84
922.16	1217.44
922.33	1233.23
922.51	1227.94
922.68	1228.52
922.85	1229.58
923.03	1227.72
923.20	1224.03
923.37	1225.44
923.54	1224.56
923.72	1229.50
923.89	1221.94
924.06	1228.13
924.24	1224.77
924.41	1236.91
924.58	1221.39
924.75	1233.74
924.93	1226.92
925.10	1226.39
925.27	1217.99
925.44	1225.59
925.62	1228.11
925.79	1228.04
925.96	1228.68
926.14	1224.48
926.31	1224.71
926.48	1223.54
926.65	1227.14
926.83	1228.84
927.00	1223.52
927.17	1234.62
927.34	1223.27
927.52	1223.35
927.69	1221.10
927.86	1231.12
928.03	1225.65
928.21	1229.33
928.38	1225.71
928.55	1221.59
928.72	1230.62
928.89	1221.88
929.07	1222.06
929.24	1226.43
929.41	1223.23
929.58	1236.26
929.76	1224.93
929.93	1225.42
930.10	1212.91
930.27	1231.98
930.44	1222.90
930.62	1228.21
930.79	1224.52
930.96	1233.43
931.13	1223.54
931.31	1221.65
931.48	1219.11
931.65	1231.73
931.82	1224.54
931.99	1230.85
932.17	1214.26
932.34	1234.78
932.51	1222.80
932.68	1231.28
932.85	1226.24
933.03	1227.27
933.20	1223.52
933.37	1230.93
933.54	1218.50
933.71	1232.10
933.88	1222.31
934.06	1225.93
934.23	1222.10
934.40	1234.23
934.57	1228.62
934.74	1227.20
934.91	1225.50
935.09	1238.16
935.26	1226.39
935.43	1229.09
935.60	1217.70
935.77	1232.34
935.94	1222.06
936.12	1229.68
936.29	1220.75
936.46	1227.68
936.63	1220.26
936.80	1229.25
936.97	1221.80
937.14	1225.73
937.32	1226.28
937.49	1228.70
937.66	1226.02
937.83	1222.80
938.00	1226.57
938.17	1228.25
938.34	1209.69
938.52	1226.82
938.69	1224.97
938.86	1230.93
939.03	1220.51
939.20	1223.48
939.37	1220.43
939.54	1222.00
939.71	1219.79
939.89	1225.28
940.06	1214.71
940.23	1232.47
940.40	1219.87
940.57	1224.03
940.74	1215.39
940.91	1225.24
941.08	1217.27
941.25	1217.33
941.43	1221.98
941.60	1223.27
941.77	1218.38
941.94	1226.61
942.11	1221.80
942.28	1230.26
942.45	1218.05
942.62	1222.82
942.79	1215.18
942.96	1227.06
943.13	1214.86
943.30	1219.54
943.48	1223.03
943.65	1220.38
943.82	1218.19
943.99	1222.43
944.16	1218.85
944.33	1222.88
944.50	1215.84
944.67	1211.05
944.84	1215.37
945.01	1218.03
945.18	1217.42
945.35	1228.39
945.52	1208.22
945.69	1222.64
945.86	1226.20
946.03	1221.74
946.21	1219.28
946.38	1227.37
946.55	1220.20
946.72	1221.16
946.89	1223.31
947.06	1224.87
947.23	1224.46
947.40	1224.32
947.57	1216.66
947.74	1224.66
947.91	1215.96
948.08	1227.00
948.25	1221.53
948.42	1220.51
948.59	1214.38
948.76	1216.92
948.93	1220.84
949.10	1227.27
949.27	1226.28
949.44	1228.27
949.61	1216.43
949.78	1219.71
949.95	1216.86
950.12	1219.95
950.29	1213.54
950.46	1224.52
950.63	1218.46
950.80	1224.83
950.97	1219.44
951.14	1230.38
951.31	1219.42
951.48	1226.18
951.65	1224.09
951.82	1219.97
951.99	1212.58
952.16	1224.87
952.33	1221.92
952.50	1230.34
952.67	1221.49
952.84	1215.41
953.01	1216.12
953.18	1223.99
953.35	1223.50
953.52	1219.42
953.69	1215.49
953.86	1222.74
954.03	1223.95
954.20	1222.90
954.37	1218.44
954.54	1230.26
954.70	1223.85
954.87	1230.50
955.04	1218.71
955.21	1226.02
955.38	1219.52
955.55	1223.85
955.72	1222.13
955.89	1221.78
956.06	1225.01
956.23	1226.22
956.40	1213.38
956.57	1223.91
956.74	1218.81
956.91	1232.96
957.08	1217.91
957.25	1224.95
957.41	1215.78
957.58	1220.73
957.75	1215.78
957.92	1221.29
958.09	1219.63
958.26	1227.57
958.43	1216.68
958.60	1228.80
958.77	1214.96
958.94	1228.90
959.11	1216.84
959.27	1231.96
959.44	1219.83
959.61	1224.56
959.78	1222.08
959.95	1229.03
960.12	1218.46
960.29	1231.96
960.46	1210.23
960.63	1216.51
960.80	1219.07
960.96	1226.06
961.13	1223.11
961.30	1232.90
961.47	1219.89
961.64	1224.34
961.81	1212.52
961.98	1223.48
962.15	1215.39
962.31	1222.37
962.48	1218.34
962.65	1227.49
962.82	1219.32
962.99	1228.84
963.16	1213.95
963.33	1226.00
963.49	1221.98
963.66	1231.51
963.83	1218.60
964.00	1236.83
964.17	1218.23
964.34	1222.06
964.51	1216.78
964.67	1224.95
964.84	1214.86
965.01	1242.52
965.18	1214.51
965.35	1221.29
965.52	1218.38
965.68	1223.21
965.85	1214.83
966.02	1225.52
966.19	1221.57
966.36	1219.81
966.52	1217.95
966.69	1229.66
966.86	1218.11
967.03	1225.24
967.20	1218.28
967.37	1226.94
967.53	1222.43
967.70	1221.72
967.87	1220.00
968.04	1220.81
968.21	1213.65
968.37	1221.78
968.54	1212.48
968.71	1225.07
968.88	1219.26
969.05	1229.89
969.21	1222.58
969.38	1228.41
969.55	1222.13
969.72	1226.00
969.89	1218.11
970.05	1222.70
970.22	1219.69
970.39	1228.37
970.56	1221.78
970.72	1227.82
970.89	1220.20
971.06	1227.65
971.23	1219.57
971.39	1227.02
971.56	1224.19
971.73	1224.03
971.90	1216.82
972.07	1221.04
972.23	1219.22
972.40	1222.94
972.57	1218.01
972.74	1225.03
972.90	1218.09
973.07	1224.19
973.24	1218.17
973.40	1226.14
973.57	1218.83
973.74	1221.31
973.91	1216.21
974.07	1226.22
974.24	1212.87
974.41	1228.33
974.58	1219.61
974.74	1222.19
974.91	1219.14
975.08	1220.59
975.25	1212.32
975.41	1230.93
975.58	1218.50
975.75	1228.21
975.91	1215.04
976.08	1222.31
976.25	1222.35
976.42	1219.95
976.58	1222.53
976.75	1223.09
976.92	1217.50
977.08	1222.41
977.25	1221.45
977.42	1227.35
977.58	1214.61
977.75	1218.30
977.92	1224.54
978.08	1229.50
978.25	1220.71
978.42	1217.97
978.59	1225.52
978.75	1230.28
978.92	1225.01
979.09	1226.18
979.25	1218.05
979.42	1219.20
979.59	1217.33
979.75	1222.68
979.92	1222.29
980.09	1225.34
980.25	1217.23
980.42	1223.40
980.59	1219.40
980.75	1219.40
980.92	1221.55
981.09	1223.99
981.25	1219.05
981.42	1220.59
981.59	1224.85
981.75	1220.34
981.92	1221.53
982.08	1226.24
982.25	1221.51
982.42	1225.34
982.58	1214.67
982.75	1226.00
982.92	1220.10
983.08	1222.41
983.25	1219.91
983.42	1216.00
983.58	1213.28
983.75	1221.61
983.91	1221.24
984.08	1231.63
984.25	1223.52
984.41	1214.61
984.58	1221.98
984.74	1219.97
984.91	1219.16
985.08	1224.05
985.24	1219.34
985.41	1232.04
985.57	1219.52
985.74	1227.20
985.91	1218.87
986.07	1219.50
986.24	1220.86
986.40	1216.72
986.57	1219.30
986.74	1221.59
986.90	1220.02
987.07	1223.62
987.23	1212.85
987.40	1222.62
987.57	1223.91
987.73	1223.11
987.90	1214.79
988.06	1222.45
988.23	1222.72
988.39	1222.27
988.56	1215.65
988.73	1233.33
988.89	1212.83
989.06	1227.59
989.22	1223.31
989.39	1224.64
989.55	1224.05
989.72	1220.96
989.88	1216.68
990.05	1223.01
990.22	1220.00
990.38	1227.08
990.55	1217.82
990.71	1228.23
990.88	1221.33
991.04	1218.91
991.21	1212.54
991.37	1226.34
991.54	1218.44
991.70	1219.81
991.87	1223.15
992.03	1229.23
992.20	1220.18
992.36	1229.15
992.53	1220.96
992.69	1224.93
992.86	1228.43
993.03	1211.15
993.19	1214.12
993.36	1231.22
993.52	1219.26
993.69	1228.84
993.85	1216.37
994.02	1224.58
994.18	1219.85
994.35	1232.00
994.51	1222.86
994.68	1227.88
994.84	1219.32
995.01	1225.85
995.17	1216.98
995.34	1226.47
995.50	1211.70
995.66	1229.38
995.83	1211.52
995.99	1225.24
996.16	1221.18
996.32	1217.70
996.49	1216.68
996.65	1215.90
996.82	1218.21
996.98	1225.12
997.15	1222.76
997.31	1225.20
997.48	1220.96
997.64	1223.56
997.81	1220.55
997.97	1219.69
998.13	1216.45
998.30	1226.30
998.46	1217.11
998.63	1225.01
998.79	1216.84
998.96	1220.94
999.12	1219.91
999.29	1220.36
999.45	1220.53
999.61	1225.55
999.78	1216.27
999.94	1226.71
1000.11	1219.67
1000.27	1228.68
1000.44	1222.04
1000.60	1226.92
1000.76	1220.14
1000.93	1228.21
1001.09	1221.53
1001.26	1223.13
1001.42	1221.86
1001.59	1230.62
1001.75	1215.78
1001.91	1216.17
1002.08	1218.19
1002.24	1221.29
1002.41	1220.18
1002.57	1224.15
1002.73	1211.35
1002.90	1224.21
1003.06	1215.20
1003.23	1226.14
1003.39	1219.81
1003.55	1227.92
1003.72	1215.45
1003.88	1223.46
1004.04	1215.31
1004.21	1228.54
1004.37	1217.62
1004.54	1219.71
1004.70	1220.92
1004.86	1229.89
1005.03	1219.81
1005.19	1227.45
1005.35	1220.59
1005.52	1222.88
1005.68	1215.02
1005.85	1230.17
1006.01	1218.64
1006.17	1218.75
1006.34	1221.76
1006.50	1228.41
1006.66	1216.74
1006.83	1219.81
1006.99	1212.75
1007.15	1227.72
1007.32	1221.04
1007.48	1220.43
1007.64	1218.13
1007.81	1222.23
1007.97	1221.04
1008.13	1226.16
1008.30	1217.21
1008.46	1219.24
1008.62	1219.40
1008.79	1223.27
1008.95	1217.95
1009.11	1228.88
1009.28	1214.77
1009.44	1217.15
1009.60	1217.37
1009.77	1232.41
1009.93	1214.83
1010.09	1221.04
1010.25	1214.71
1010.42	1214.16
1010.58	1224.44
1010.74	1225.67
1010.91	1213.30
1011.07	1224.97
1011.23	1212.91
1011.40	1222.51
1011.56	1217.52
1011.72	1227.14
1011.88	1219.30
1012.05	1226.88
1012.21	1220.79
1012.37	1220.43
1012.54	1222.43
1012.70	1227.84
1012.86	1219.18
1013.02	1222.49
1013.19	1221.41
1013.35	1221.84
1013.51	1218.21
1013.67	1232.39
1013.84	1225.30
1014.00	1225.24
1014.16	1215.29
1014.33	1225.59
1014.49	1224.07
1014.65	1229.54
1014.81	1216.19
1014.98	1226.65
1015.14	1218.38
1015.30	1227.47
1015.46	1218.30
1015.62	1221.74
1015.79	1215.37
1015.95	1223.40
1016.11	1219.26
1016.27	1221.74
1016.44	1209.98
1016.60	1228.72
1016.76	1218.71
1016.92	1219.91
1017.09	1215.59
1017.25	1228.23
1017.41	1215.69
1017.57	1222.45
1017.73	1219.44
1017.90	1231.38
1018.06	1214.36
1018.22	1221.08
1018.38	1217.64
1018.54	1221.24
1018.71	1221.16
1018.87	1228.39
1019.03	1219.14
1019.19	1222.04
1019.35	1219.07
1019.52	1233.45
1019.68	1216.82
1019.84	1229.33
1020.00	1220.43
1020.16	1225.03
1020.33	1214.24
1020.49	1227.72
1020.65	1215.98
1020.81	1225.85
1020.97	1218.19
1021.13	1225.71
1021.30	1220.71
1021.46	1229.03
1021.62	1221.55
1021.78	1227.02
1021.94	1220.63
1022.10	1225.24
1022.27	1220.38
1022.43	1224.64
1022.59	1216.10
1022.75	1227.33
1022.91	1212.11
1023.07	1221.27
1023.24	1222.84
1023.40	1227.53
1023.56	1214.67
1023.72	1228.43
1023.88	1218.42
1024.04	1221.39
1024.20	1223.50
1024.36	1220.57
1024.53	1217.87
1024.69	1227.27
1024.85	1217.76
1025.01	1224.64
1025.17	1220.94
1025.33	1221.86
1025.49	1217.87
1025.65	1227.31
1025.82	1224.03
1025.98	1222.27
1026.14	1219.11
1026.30	1226.22
1026.46	1216.62
1026.62	1232.12
1026.78	1220.32
1026.94	1224.05
1027.10	1223.07
1027.26	1225.73
1027.43	1217.35
1027.59	1220.63
1027.75	1219.50
1027.91	1221.43
1028.07	1219.50
1028.23	1225.40
1028.39	1225.03
1028.55	1221.63
1028.71	1223.89
1028.87	1226.22
1029.03	1221.35
1029.19	1226.26
1029.36	1219.22
1029.52	1219.14
1029.68	1218.25
1029.84	1233.41
1030.00	1220.38
1030.16	1220.94
1030.32	1213.48
1030.48	1221.37
1030.64	1222.62
1030.80	1221.63
1030.96	1213.83
1031.12	1222.15
1031.28	1218.95
1031.44	1219.11
1031.60	1223.13
1031.76	1218.56
1031.92	1220.16
1032.08	1243.18
1032.24	1218.42
1032.40	1222.90
1032.56	1221.43
1032.73	1224.91
1032.89	1220.55
1033.05	1228.80
1033.21	1222.49
1033.37	1228.45
1033.53	1217.93
1033.69	1238.96
1033.85	1217.68
1034.01	1224.87
1034.17	1215.86
1034.33	1220.49
1034.49	1217.85
1034.65	1226.69
1034.81	1220.84
1034.97	1221.35
1035.13	1221.76
1035.29	1223.17
1035.45	1214.92
1035.61	1222.99
1035.77	1216.23
1035.93	1221.80
1036.09	1221.02
1036.25	1222.15
1036.41	1212.97
1036.57	1224.21
1036.73	1225.69
1036.88	1225.40
1037.04	1220.10
