345.52	1214.18
345.73	1214.18
345.94	1214.18
346.16	1203.06
346.37	1213.73
346.58	1213.24
346.79	1213.01
347.00	1213.79
347.22	1219.11
347.43	1209.47
347.64	1214.81
347.85	1215.61
348.06	1222.39
348.28	1214.53
348.49	1216.76
348.70	1215.12
348.91	1220.04
349.12	1221.37
349.34	1225.50
349.55	1211.29
349.76	1222.76
349.97	1215.94
350.18	1221.61
350.40	1218.05
350.61	1218.64
350.82	1213.67
351.03	1225.61
351.24	1213.71
351.46	1219.18
351.67	1209.92
351.88	1219.69
352.09	1213.20
352.30	1219.69
352.51	1210.25
352.73	1223.85
352.94	1221.86
353.15	1218.03
353.36	1216.33
353.57	1220.65
353.79	1212.11
354.00	1219.81
354.21	1208.26
354.42	1224.26
354.63	1213.99
354.84	1218.77
355.06	1209.41
355.27	1213.75
355.48	1212.85
355.69	1225.98
355.90	1211.89
356.11	1230.17
356.33	1214.81
356.54	1227.65
356.75	1216.29
356.96	1222.72
357.17	1218.38
357.38	1223.64
357.60	1212.32
357.81	1218.32
358.02	1214.75
358.23	1229.19
358.44	1213.46
358.65	1213.13
358.87	1213.30
359.08	1226.10
359.29	1213.34
359.50	1228.13
359.71	1217.15
359.92	1216.62
360.13	1214.10
360.35	1219.36
360.56	1224.73
360.77	1222.51
360.98	1214.57
361.19	1221.82
361.40	1211.46
361.62	1226.24
361.83	1212.46
362.04	1216.84
362.25	1208.73
362.46	1219.75
362.67	1212.89
362.88	1220.69
363.10	1227.27
363.31	1223.58
363.52	1222.17
363.73	1220.98
363.94	1217.17
364.15	1225.81
364.36	1216.98
364.57	1220.73
364.79	1223.05
365.00	1225.38
365.21	1217.99
365.42	1221.00
365.63	1211.25
365.84	1227.20
366.05	1221.39
366.27	1218.95
366.48	1215.57
366.69	1219.81
366.90	1213.11
367.11	1222.92
367.32	1219.79
367.53	1222.02
367.74	1221.65
367.95	1221.76
368.17	1220.67
368.38	1218.83
368.59	1212.81
368.80	1226.20
369.01	1209.65
369.22	1220.57
369.43	1214.77
369.64	1222.39
369.86	1212.30
370.07	1222.76
370.28	1213.85
370.49	1219.11
370.70	1213.97
370.91	1217.68
371.12	1215.90
371.33	1219.14
371.54	1222.39
371.76	1217.95
371.97	1216.17
372.18	1218.17
372.39	1217.64
372.60	1225.75
372.81	1220.94
373.02	1220.79
373.23	1213.99
373.44	1229.44
373.65	1220.08
373.87	1222.70
374.08	1218.79
374.29	1224.83
374.50	1211.82
374.71	1223.89
374.92	1220.84
375.13	1225.73
375.34	1218.48
375.55	1221.96
375.76	1219.83
375.97	1221.78
376.19	1217.23
376.40	1223.15
376.61	1219.81
376.82	1229.72
377.03	1217.48
377.24	1225.44
377.45	1222.84
377.66	1219.38
377.87	1217.13
378.08	1227.02
378.29	1214.04
378.50	1225.63
378.71	1216.35
378.93	1217.48
379.14	1217.07
379.35	1225.42
379.56	1226.61
379.77	1229.46
379.98	1210.82
380.19	1222.78
380.40	1218.64
380.61	1223.05
380.82	1215.80
381.03	1234.58
381.24	1216.68
381.45	1222.13
381.66	1217.52
381.88	1218.56
382.09	1217.13
382.30	1224.83
382.51	1214.32
382.72	1217.37
382.93	1216.55
383.14	1227.82
383.35	1222.15
383.56	1226.16
383.77	1219.50
383.98	1226.55
384.19	1222.29
384.40	1221.74
384.61	1217.89
384.82	1225.52
385.03	1220.38
385.24	1226.45
385.45	1213.67
385.67	1221.37
385.88	1222.92
386.09	1228.72
386.30	1221.10
386.51	1223.97
386.72	1215.94
386.93	1226.02
387.14	1218.97
387.35	1220.96
387.56	1215.82
387.77	1224.85
387.98	1213.36
388.19	1219.85
388.40	1214.83
388.61	1227.22
388.82	1209.49
389.03	1221.43
389.24	1212.19
389.45	1220.57
389.66	1216.96
389.87	1230.46
390.08	1217.11
390.29	1224.03
390.50	1218.05
390.71	1220.96
390.92	1216.88
391.13	1222.90
391.34	1219.63
391.55	1226.51
391.76	1217.85
391.98	1223.48
392.19	1213.99
392.40	1229.46
392.61	1223.46
392.82	1223.09
393.03	1218.19
393.24	1226.36
393.45	1216.76
393.66	1220.38
393.87	1217.70
394.08	1229.64
394.29	1223.68
394.50	1217.95
394.71	1216.35
394.92	1224.58
395.13	1218.11
395.34	1221.70
395.55	1216.96
395.76	1218.87
395.97	1222.56
396.18	1222.53
396.39	1217.95
396.60	1225.63
396.81	1220.88
397.02	1221.67
397.23	1211.41
397.44	1222.56
397.65	1224.30
397.86	1221.59
398.07	1219.38
398.28	1221.65
398.49	1222.37
398.70	1225.52
398.91	1216.39
399.12	1223.83
399.33	1222.62
399.54	1223.60
399.75	1217.89
399.96	1227.78
400.17	1219.54
400.38	1220.77
400.59	1218.71
400.80	1224.85
401.01	1213.03
401.22	1219.07
401.42	1213.07
401.63	1223.27
401.84	1218.25
402.05	1223.03
402.26	1220.24
402.47	1220.88
402.68	1221.86
402.89	1229.13
403.10	1218.46
403.31	1219.59
403.52	1215.94
403.73	1221.49
403.94	1222.27
404.15	1226.94
404.36	1214.69
404.57	1227.82
404.78	1218.09
404.99	1221.00
405.20	1212.17
405.41	1224.17
405.62	1221.51
405.83	1223.97
406.04	1224.26
406.25	1219.91
406.46	1215.53
406.67	1227.78
406.88	1213.73
407.09	1219.50
407.30	1215.84
407.50	1226.69
407.71	1220.79
407.92	1225.93
408.13	1216.31
408.34	1229.11
408.55	1216.80
408.76	1226.34
408.97	1220.69
409.18	1228.23
409.39	1223.33
409.60	1225.46
409.81	1212.87
410.02	1227.61
410.23	1207.58
410.44	1221.53
410.65	1216.33
410.86	1214.86
411.07	1215.94
411.27	1224.64
411.48	1219.03
411.69	1225.01
411.90	1224.13
412.11	1223.87
412.32	1219.81
412.53	1220.06
412.74	1222.06
412.95	1223.35
413.16	1212.83
413.37	1226.28
413.58	1216.76
413.79	1221.88
414.00	1212.73
414.20	1223.44
414.41	1216.82
414.62	1225.48
414.83	1220.49
415.04	1213.61
415.25	1218.60
415.46	1221.43
415.67	1219.40
415.88	1224.19
416.09	1214.88
416.30	1224.40
416.51	1224.66
416.71	1228.11
416.92	1225.22
417.13	1218.50
417.34	1217.64
417.55	1229.48
417.76	1219.03
417.97	1226.53
418.18	1214.79
418.39	1222.10
418.60	1220.08
418.81	1227.25
419.01	1221.43
419.22	1229.23
419.43	1216.80
419.64	1223.50
419.85	1217.23
420.06	1218.54
420.27	1221.33
420.48	1224.05
420.69	1218.77
420.90	1219.30
421.10	1219.01
421.31	1225.20
421.52	1219.30
421.73	1217.50
421.94	1215.37
422.15	1218.48
422.36	1221.82
422.57	1228.35
422.78	1223.68
422.98	1223.05
423.19	1219.38
423.40	1221.74
423.61	1216.17
423.82	1219.73
424.03	1215.10
424.24	1224.54
424.45	1217.29
424.65	1219.59
424.86	1222.08
425.07	1221.76
425.28	1211.52
425.49	1222.66
425.70	1221.59
425.91	1223.74
426.12	1220.94
426.32	1228.72
426.53	1221.82
426.74	1223.66
426.95	1217.15
427.16	1222.78
427.37	1215.67
427.58	1225.50
427.78	1225.12
427.99	1223.80
428.20	1218.97
428.41	1232.43
428.62	1219.05
428.83	1225.87
429.04	1218.71
429.24	1222.94
429.45	1220.08
429.66	1225.67
429.87	1216.15
430.08	1223.72
430.29	1222.47
430.50	1216.25
430.70	1209.69
430.91	1223.09
431.12	1215.10
431.33	1226.18
431.54	1214.63
431.75	1228.60
431.96	1219.16
432.16	1226.77
432.37	1213.54
432.58	1219.63
432.79	1213.48
433.00	1222.43
433.21	1214.32
433.41	1223.78
433.62	1213.01
433.83	1219.71
434.04	1213.46
434.25	1220.53
434.46	1219.67
434.66	1226.45
434.87	1221.63
435.08	1221.43
435.29	1216.98
435.50	1219.20
435.71	1222.51
435.91	1225.87
436.12	1216.96
436.33	1224.58
436.54	1219.93
436.75	1227.31
436.95	1214.34
437.16	1222.41
437.37	1214.63
437.58	1222.97
437.79	1216.31
438.00	1227.63
438.20	1218.71
438.41	1233.27
438.62	1213.61
438.83	1226.96
439.04	1221.78
439.24	1228.64
439.45	1216.19
439.66	1223.68
439.87	1218.38
440.08	1219.42
440.28	1232.00
440.49	1221.96
440.70	1212.56
440.91	1221.29
441.12	1217.62
441.32	1218.68
441.53	1209.94
441.74	1221.45
441.95	1219.16
442.16	1218.91
442.36	1212.66
442.57	1224.83
442.78	1212.75
442.99	1223.95
443.20	1211.74
443.40	1216.12
443.61	1219.38
443.82	1224.44
444.03	1214.90
444.24	1227.74
444.44	1220.12
444.65	1228.52
444.86	1221.14
445.07	1220.79
445.27	1220.63
445.48	1230.64
445.69	1220.53
445.90	1222.33
446.11	1225.44
446.31	1222.74
446.52	1218.93
446.73	1223.15
446.94	1224.48
447.14	1225.46
447.35	1218.25
447.56	1223.37
447.77	1222.47
447.97	1230.77
448.18	1215.80
448.39	1223.29
448.60	1218.21
448.81	1222.97
449.01	1216.39
449.22	1223.97
449.43	1219.34
449.64	1224.30
449.84	1219.87
450.05	1214.96
450.26	1214.12
450.47	1229.99
450.67	1221.47
450.88	1225.05
451.09	1220.32
451.30	1222.82
451.50	1212.25
451.71	1223.29
451.92	1214.81
452.13	1222.33
452.33	1217.54
452.54	1222.82
452.75	1228.11
452.96	1223.29
453.16	1217.21
453.37	1224.77
453.58	1213.30
453.79	1225.26
453.99	1215.43
454.20	1216.72
454.41	1219.93
454.61	1218.79
454.82	1213.85
455.03	1219.87
455.24	1221.98
455.44	1219.85
455.65	1217.46
455.86	1230.30
456.07	1218.52
456.27	1225.01
456.48	1219.09
456.69	1226.69
456.90	1223.31
457.10	1229.66
457.31	1214.86
457.52	1225.24
457.72	1219.28
457.93	1223.91
458.14	1219.83
458.35	1228.31
458.55	1219.85
458.76	1220.02
458.97	1215.65
459.17	1217.91
459.38	1220.94
459.59	1223.62
459.80	1222.62
460.00	1226.65
460.21	1224.17
460.42	1227.90
460.62	1213.20
460.83	1223.97
461.04	1222.51
461.25	1225.61
461.45	1221.63
461.66	1227.53
461.87	1212.64
462.07	1229.03
462.28	1210.70
462.49	1225.98
462.69	1222.27
462.90	1227.00
463.11	1215.80
463.31	1219.85
463.52	1227.12
463.73	1220.88
463.94	1216.80
464.14	1221.70
464.35	1220.90
464.56	1226.04
464.76	1222.76
464.97	1226.84
465.18	1218.95
465.38	1218.52
465.59	1219.59
465.80	1225.07
466.00	1223.78
466.21	1218.73
466.42	1214.30
466.62	1216.49
466.83	1220.96
467.04	1223.50
467.24	1218.97
467.45	1223.85
467.66	1219.05
467.86	1216.12
468.07	1221.06
468.28	1225.22
468.48	1223.35
468.69	1220.22
468.90	1223.87
469.10	1224.54
469.31	1221.55
469.52	1223.21
469.72	1219.85
469.93	1221.27
470.14	1219.87
470.34	1226.36
470.55	1216.82
470.76	1223.52
470.96	1217.78
471.17	1223.89
471.38	1223.42
471.58	1228.04
471.79	1216.06
472.00	1224.34
472.20	1214.96
472.41	1221.12
472.62	1224.30
472.82	1228.31
473.03	1222.76
473.24	1220.75
473.44	1224.69
473.65	1224.28
473.85	1220.84
474.06	1225.52
474.27	1214.63
474.47	1218.15
474.68	1228.06
474.89	1228.56
475.09	1227.45
475.30	1227.80
475.51	1217.29
475.71	1226.96
475.92	1221.98
476.12	1225.34
476.33	1215.08
476.54	1221.24
476.74	1221.18
476.95	1228.62
477.16	1210.70
477.36	1224.40
477.57	1209.96
477.77	1221.00
477.98	1219.42
478.19	1218.05
478.39	1211.99
478.60	1226.94
478.81	1217.52
479.01	1219.16
479.22	1212.19
479.42	1220.18
479.63	1222.72
479.84	1225.22
480.04	1220.30
480.25	1221.39
480.45	1216.47
480.66	1222.27
480.87	1219.26
481.07	1222.66
481.28	1215.39
481.48	1217.70
481.69	1218.64
481.90	1228.78
482.10	1214.57
482.31	1220.34
482.51	1219.69
482.72	1226.77
482.93	1217.85
483.13	1222.94
483.34	1213.73
483.54	1218.81
483.75	1221.51
483.96	1221.51
484.16	1223.56
484.37	1220.47
484.57	1216.06
484.78	1229.17
484.99	1216.78
485.19	1215.92
485.40	1217.01
485.60	1222.23
485.81	1217.05
486.01	1225.71
486.22	1226.24
486.43	1227.22
486.63	1218.93
486.84	1223.83
487.04	1220.04
487.25	1222.56
487.46	1213.77
487.66	1224.69
487.87	1216.27
488.07	1225.91
488.28	1218.09
488.48	1225.69
488.69	1219.07
488.89	1222.74
489.10	1220.30
489.31	1226.57
489.51	1217.72
489.72	1222.15
489.92	1213.20
490.13	1221.37
490.33	1218.07
490.54	1235.60
490.75	1221.35
490.95	1224.46
491.16	1221.27
491.36	1221.27
491.57	1218.66
491.77	1232.45
491.98	1217.11
492.18	1223.78
492.39	1215.14
492.59	1217.09
492.80	1218.09
493.01	1222.56
493.21	1223.25
493.42	1222.72
493.62	1228.25
493.83	1224.54
494.03	1222.47
494.24	1220.45
494.44	1217.01
494.65	1219.54
494.85	1216.62
495.06	1222.84
495.26	1222.31
495.47	1224.13
495.68	1218.85
495.88	1216.84
496.09	1221.94
496.29	1223.17
496.50	1215.16
496.70	1225.03
496.91	1214.49
497.11	1224.19
497.32	1223.72
497.52	1226.41
497.73	1216.10
497.93	1223.01
498.14	1219.91
498.34	1228.88
498.55	1216.60
498.75	1224.01
498.96	1220.43
499.16	1217.91
499.37	1221.18
499.57	1220.55
499.78	1220.12
499.98	1222.66
500.19	1219.16
500.39	1226.77
500.60	1214.94
500.80	1220.65
501.01	1221.20
501.21	1222.53
501.42	1215.92
501.62	1223.52
501.83	1212.13
502.03	1228.35
502.24	1221.18
502.44	1219.36
502.65	1214.20
502.85	1220.41
503.06	1216.15
503.26	1224.36
503.47	1217.64
503.67	1224.32
503.88	1219.59
504.08	1226.14
504.29	1220.08
504.49	1211.41
504.70	1214.49
504.90	1217.33
505.11	1202.63
505.31	1217.64
505.52	1215.98
505.72	1219.09
505.93	1216.94
506.13	1221.84
506.34	1218.42
506.54	1222.35
506.75	1224.21
506.95	1219.28
507.16	1224.95
507.36	1218.21
507.56	1221.78
507.77	1222.31
507.97	1223.42
508.18	1217.62
508.38	1224.60
508.59	1220.45
508.79	1217.54
509.00	1225.38
509.20	1220.30
509.41	1222.35
509.61	1215.67
509.82	1222.35
510.02	1210.41
510.22	1226.32
510.43	1224.01
510.63	1220.69
510.84	1215.72
511.04	1221.88
511.25	1209.67
511.45	1228.25
511.66	1215.92
511.86	1219.46
512.06	1214.36
512.27	1225.85
512.47	1210.10
512.68	1220.90
512.88	1224.44
513.09	1222.68
513.29	1216.27
513.50	1223.35
513.70	1219.36
513.90	1223.68
514.11	1214.98
514.31	1221.02
514.52	1214.98
514.72	1224.28
514.93	1215.82
515.13	1225.63
515.33	1216.68
515.54	1213.52
515.74	1215.06
515.95	1224.13
516.15	1216.90
516.36	1218.83
516.56	1218.05
516.76	1219.01
516.97	1216.31
517.17	1223.31
517.38	1221.51
517.58	1223.11
517.78	1221.45
517.99	1229.48
518.19	1217.42
518.40	1229.42
518.60	1217.46
518.81	1226.26
519.01	1218.28
519.21	1221.18
519.42	1214.38
519.62	1225.28
519.83	1221.57
520.03	1225.79
520.23	1216.62
520.44	1224.07
520.64	1221.63
520.85	1224.03
521.05	1217.23
521.25	1227.18
521.46	1216.78
521.66	1223.25
521.86	1221.33
522.07	1219.97
522.27	1221.22
522.48	1226.90
522.68	1219.16
522.88	1223.62
523.09	1220.34
523.29	1230.13
523.50	1218.95
523.70	1224.95
523.90	1216.29
524.11	1216.41
524.31	1216.76
524.51	1224.03
524.72	1221.31
524.92	1225.20
525.13	1218.13
525.33	1223.03
525.53	1219.97
525.74	1220.22
525.94	1219.83
526.14	1216.55
526.35	1213.99
526.55	1224.26
526.76	1215.41
526.96	1230.87
527.16	1220.24
527.37	1218.81
527.57	1210.86
527.77	1221.72
527.98	1217.27
528.18	1226.24
528.38	1222.27
528.59	1225.34
528.79	1219.18
528.99	1226.36
529.20	1221.16
529.40	1223.23
529.61	1217.97
529.81	1229.91
530.01	1216.72
530.22	1221.10
530.42	1217.35
530.62	1221.63
530.83	1219.57
531.03	1218.66
531.23	1216.92
531.44	1222.43
531.64	1218.85
531.84	1221.24
532.05	1220.08
532.25	1224.56
532.45	1212.56
532.66	1231.59
532.86	1223.27
533.06	1222.25
533.27	1223.05
533.47	1227.08
533.67	1214.67
533.88	1221.61
534.08	1221.29
534.28	1224.07
534.49	1223.83
534.69	1224.03
534.89	1217.29
535.09	1224.30
535.30	1217.13
535.50	1224.69
535.70	1217.89
535.91	1227.65
536.11	1213.24
536.31	1224.03
536.52	1221.90
536.72	1223.09
536.92	1211.56
537.13	1224.09
537.33	1214.28
537.53	1228.43
537.74	1218.50
537.94	1229.29
538.14	1219.09
538.34	1225.69
538.55	1220.92
538.75	1222.25
538.95	1218.60
539.16	1220.94
539.36	1214.71
539.56	1225.75
539.77	1218.93
539.97	1223.21
540.17	1221.61
540.37	1219.14
540.58	1216.06
540.78	1229.54
540.98	1215.78
541.19	1226.24
541.39	1215.22
541.59	1221.35
541.79	1218.13
542.00	1223.37
542.20	1219.79
542.40	1221.51
542.60	1218.11
542.81	1226.14
543.01	1221.20
543.21	1215.04
543.42	1209.94
543.62	1223.78
543.82	1217.48
544.02	1233.02
544.23	1215.84
544.43	1230.19
544.63	1210.68
544.83	1217.29
545.04	1219.01
545.24	1224.99
545.44	1212.01
545.64	1221.74
545.85	1216.08
546.05	1221.20
546.25	1217.60
546.45	1221.76
546.66	1226.16
546.86	1214.83
547.06	1215.08
547.27	1227.06
547.47	1215.88
547.67	1220.75
547.87	1219.07
548.07	1219.09
548.28	1217.42
548.48	1224.28
548.68	1219.85
548.88	1221.24
549.09	1216.74
549.29	1220.69
549.49	1218.83
549.69	1228.72
549.90	1223.85
550.10	1218.23
550.30	1218.05
550.50	1224.36
550.71	1220.43
550.91	1226.16
551.11	1214.96
551.31	1221.22
551.51	1214.16
551.72	1226.06
551.92	1219.20
552.12	1219.16
552.32	1212.40
552.53	1227.12
552.73	1223.11
552.93	1219.28
553.13	1217.21
553.33	1216.88
553.54	1211.64
553.74	1223.83
553.94	1221.31
554.14	1222.49
554.35	1215.41
554.55	1222.68
554.75	1222.23
554.95	1220.32
555.15	1223.27
555.36	1218.68
555.56	1220.90
555.76	1219.95
555.96	1224.11
556.16	1226.30
556.37	1215.49
556.57	1223.95
556.77	1221.88
556.97	1221.37
557.17	1215.78
557.38	1221.55
557.58	1216.41
557.78	1222.86
557.98	1213.89
558.18	1227.82
558.38	1217.44
558.59	1217.31
558.79	1216.66
558.99	1222.84
559.19	1211.70
559.39	1224.69
559.60	1219.89
559.80	1219.67
560.00	1222.92
560.20	1225.96
560.40	1216.25
560.60	1220.02
560.81	1216.98
561.01	1226.53
561.21	1228.97
561.41	1227.10
561.61	1214.53
561.81	1224.09
562.02	1216.02
562.22	1227.14
562.42	1214.83
562.62	1227.63
562.82	1215.24
563.02	1224.09
563.23	1226.47
563.43	1225.07
563.63	1219.14
563.83	1222.74
564.03	1217.91
564.23	1224.85
564.43	1218.87
564.64	1221.24
564.84	1215.84
565.04	1228.27
565.24	1206.09
565.44	1223.97
565.64	1218.99
565.85	1222.31
566.05	1213.40
566.25	1217.93
566.45	1221.98
566.65	1225.96
566.85	1210.98
567.05	1220.00
567.25	1215.45
567.46	1214.67
567.66	1214.88
567.86	1228.06
568.06	1217.31
568.26	1224.21
568.46	1212.21
568.66	1226.16
568.86	1227.41
569.07	1228.00
569.27	1214.65
569.47	1223.80
569.67	1215.90
569.87	1225.20
570.07	1211.76
570.27	1228.54
570.47	1220.28
570.68	1225.28
570.88	1221.96
571.08	1218.11
571.28	1219.32
571.48	1228.06
571.68	1219.89
571.88	1227.20
572.08	1220.65
572.28	1225.20
572.49	1215.47
572.69	1225.20
572.89	1214.42
573.09	1226.90
573.29	1215.24
573.49	1222.31
573.69	1220.00
573.89	1221.43
574.09	1228.27
574.29	1220.26
574.50	1221.33
574.70	1228.04
574.90	1219.93
575.10	1221.08
575.30	1212.54
575.50	1227.47
575.70	1216.64
575.90	1218.05
576.10	1214.83
576.30	1217.97
576.50	1212.21
576.70	1225.34
576.91	1220.02
577.11	1228.92
577.31	1220.26
577.51	1226.47
577.71	1219.30
577.91	1223.93
578.11	1219.44
578.31	1218.93
578.51	1219.40
578.71	1222.94
578.91	1222.58
579.11	1223.62
579.31	1222.90
579.51	1224.40
579.71	1213.34
579.92	1226.10
580.12	1217.29
580.32	1219.11
580.52	1216.37
580.72	1224.34
580.92	1218.17
581.12	1226.43
581.32	1223.25
581.52	1222.29
581.72	1222.04
581.92	1224.81
582.12	1219.16
582.32	1222.88
582.52	1220.30
582.72	1225.07
582.92	1219.75
583.12	1222.68
583.32	1218.17
583.52	1219.48
583.72	1216.74
583.92	1227.10
584.12	1224.58
584.33	1217.87
584.53	1211.00
584.73	1217.97
584.93	1213.54
585.13	1221.12
585.33	1213.73
585.53	1226.08
585.73	1218.28
585.93	1220.34
586.13	1213.95
586.33	1227.86
586.53	1220.22
586.73	1222.62
586.93	1216.80
587.13	1224.73
587.33	1213.24
587.53	1225.63
587.73	1214.61
587.93	1220.51
588.13	1218.73
588.33	1224.05
588.53	1216.04
588.73	1218.46
588.93	1219.69
589.13	1226.61
589.33	1219.71
589.53	1227.49
589.73	1218.32
589.93	1225.18
590.13	1218.85
590.33	1222.49
590.53	1218.07
590.73	1227.98
590.93	1208.98
591.13	1230.26
591.33	1218.23
591.53	1223.31
591.73	1213.81
591.93	1218.93
592.13	1222.88
592.33	1227.12
592.53	1208.96
592.73	1224.50
592.93	1216.43
593.13	1219.07
593.33	1215.55
593.53	1224.23
593.73	1216.92
593.93	1225.09
594.13	1213.77
594.33	1226.12
594.53	1216.55
594.73	1217.80
594.92	1214.49
595.12	1214.65
595.32	1219.81
595.52	1222.56
595.72	1215.49
595.92	1222.10
596.12	1224.89
596.32	1221.37
596.52	1218.60
596.72	1223.29
596.92	1214.47
597.12	1225.63
597.32	1218.38
597.52	1225.69
597.72	1217.33
597.92	1225.18
598.12	1210.41
598.32	1225.20
598.52	1212.70
598.72	1225.81
598.92	1219.69
599.12	1221.88
599.31	1223.44
599.51	1221.98
599.71	1218.03
599.91	1225.93
600.11	1218.54
600.31	1222.53
600.51	1213.50
600.71	1220.67
600.91	1217.87
601.11	1222.51
601.31	1208.24
601.51	1224.36
601.71	1213.61
601.91	1227.33
602.10	1217.95
602.30	1223.19
602.50	1216.51
602.70	1221.37
602.90	1215.43
603.10	1235.21
603.30	1221.59
603.50	1224.42
603.70	1218.81
603.90	1215.72
604.10	1222.25
604.30	1217.97
604.49	1211.52
604.69	1225.98
604.89	1218.46
605.09	1228.90
605.29	1216.25
605.49	1226.71
605.69	1214.69
605.89	1223.15
606.09	1218.77
606.29	1221.92
606.48	1213.32
606.68	1217.62
606.88	1214.40
607.08	1223.40
607.28	1209.43
607.48	1221.37
607.68	1218.73
607.88	1212.83
608.08	1214.30
608.27	1225.69
608.47	1218.62
608.67	1220.45
608.87	1222.04
609.07	1219.24
609.27	1222.33
609.47	1215.02
609.67	1213.30
609.87	1225.22
610.06	1210.76
610.26	1225.57
610.46	1215.90
610.66	1219.14
610.86	1219.77
611.06	1223.78
611.26	1217.54
611.45	1226.30
611.65	1211.41
611.85	1221.04
612.05	1220.02
612.25	1226.59
612.45	1216.21
612.65	1229.33
612.84	1219.05
613.04	1227.57
613.24	1219.95
613.44	1222.27
613.64	1227.33
613.84	1217.39
614.04	1221.67
614.23	1223.78
614.43	1222.21
614.63	1228.56
614.83	1211.76
615.03	1224.07
615.23	1218.36
615.42	1227.72
615.62	1212.77
615.82	1229.23
616.02	1217.99
616.22	1220.26
616.42	1215.67
616.61	1228.25
616.81	1213.50
617.01	1225.71
617.21	1214.32
617.41	1223.03
617.61	1217.03
617.80	1223.85
618.00	1215.84
618.20	1221.63
618.40	1216.78
618.60	1227.39
618.80	1222.04
618.99	1212.95
619.19	1217.21
619.39	1229.35
619.59	1218.28
619.79	1223.54
619.98	1213.09
620.18	1221.49
620.38	1223.09
620.58	1222.78
620.78	1215.55
620.97	1221.76
621.17	1208.28
621.37	1225.77
621.57	1213.67
621.77	1215.04
621.96	1220.90
622.16	1220.24
622.36	1226.86
622.56	1217.37
622.76	1217.95
622.95	1224.85
623.15	1217.89
623.35	1217.11
623.55	1212.73
623.75	1226.34
623.94	1208.90
624.14	1221.55
624.34	1211.95
624.54	1220.55
624.73	1220.45
624.93	1230.44
625.13	1220.98
625.33	1222.86
625.53	1215.78
625.72	1225.87
625.92	1215.65
626.12	1219.63
626.32	1224.21
626.51	1223.42
626.71	1216.21
626.91	1222.35
627.11	1216.04
627.30	1231.42
627.50	1218.99
627.70	1224.17
627.90	1216.33
628.10	1224.91
628.29	1215.57
628.49	1229.40
628.69	1218.73
628.89	1232.47
629.08	1213.59
629.28	1220.57
629.48	1218.48
629.68	1225.03
629.87	1212.07
630.07	1225.69
630.27	1221.31
630.47	1218.68
630.66	1215.76
630.86	1225.18
631.06	1214.71
631.25	1223.48
631.45	1217.54
631.65	1219.85
631.85	1219.24
632.04	1231.34
632.24	1214.61
632.44	1222.37
632.64	1214.38
632.83	1224.13
633.03	1211.62
633.23	1220.08
633.42	1217.21
633.62	1225.59
633.82	1220.53
634.02	1222.10
634.21	1221.29
634.41	1225.81
634.61	1210.17
634.81	1221.98
635.00	1209.65
635.20	1222.94
635.40	1217.29
635.59	1221.49
635.79	1217.58
635.99	1221.10
636.18	1220.30
636.38	1217.58
636.58	1218.83
636.78	1219.11
636.97	1219.07
637.17	1220.88
637.37	1223.44
637.56	1224.34
637.76	1217.21
637.96	1223.50
638.15	1220.10
638.35	1218.62
638.55	1222.23
638.74	1219.01
638.94	1218.07
639.14	1226.20
639.34	1218.58
639.53	1221.51
639.73	1219.85
639.93	1220.08
640.12	1210.76
640.32	1224.48
640.52	1220.53
640.71	1216.86
640.91	1224.23
641.11	1227.65
641.30	1218.62
641.50	1223.33
641.70	1215.53
641.89	1222.64
642.09	1217.95
642.29	1227.22
642.48	1215.53
642.68	1214.12
642.88	1221.02
643.07	1226.18
643.27	1213.61
643.47	1222.41
643.66	1217.46
643.86	1222.62
644.06	1219.44
644.25	1221.86
644.45	1219.81
644.65	1218.28
644.84	1217.93
645.04	1227.41
645.23	1218.38
645.43	1222.92
645.63	1211.27
645.82	1220.34
646.02	1219.75
646.22	1223.17
646.41	1213.40
646.61	1233.80
646.81	1208.92
647.00	1224.83
647.20	1222.43
647.39	1221.90
647.59	1220.59
647.79	1222.13
647.98	1214.73
648.18	1221.39
648.38	1217.21
648.57	1217.95
648.77	1224.97
648.96	1213.83
649.16	1219.38
649.36	1221.20
649.55	1224.93
649.75	1224.23
649.95	1214.02
650.14	1213.36
650.34	1220.00
650.53	1218.83
650.73	1211.35
650.93	1223.05
651.12	1214.36
651.32	1225.65
651.51	1214.32
651.71	1222.29
651.91	1222.15
652.10	1230.44
652.30	1215.88
652.49	1226.12
652.69	1215.06
652.89	1223.25
653.08	1214.98
653.28	1218.32
653.47	1213.32
653.67	1222.49
653.86	1224.95
654.06	1219.05
654.26	1220.49
654.45	1221.18
654.65	1216.76
654.84	1225.14
655.04	1215.63
655.24	1225.85
655.43	1223.03
655.63	1224.05
655.82	1218.79
656.02	1227.65
656.21	1222.72
656.41	1227.47
656.61	1222.23
656.80	1229.44
657.00	1216.43
657.19	1219.71
657.39	1208.55
657.58	1223.64
657.78	1216.41
657.97	1225.30
658.17	1216.74
658.37	1226.65
658.56	1216.68
658.76	1223.99
658.95	1216.60
659.15	1225.14
659.34	1212.89
659.54	1222.41
659.73	1215.51
659.93	1224.21
660.13	1212.89
660.32	1229.56
660.52	1215.63
660.71	1230.64
660.91	1214.77
661.10	1224.21
661.30	1216.15
661.49	1221.53
661.69	1220.71
661.88	1225.46
662.08	1215.26
662.27	1221.84
662.47	1217.39
662.66	1219.09
662.86	1217.72
663.06	1217.99
663.25	1217.01
663.45	1226.86
663.64	1220.49
663.84	1227.63
664.03	1220.06
664.23	1223.70
664.42	1221.29
664.62	1225.85
664.81	1217.31
665.01	1221.10
665.20	1218.17
665.40	1223.23
665.59	1211.13
665.79	1223.15
665.98	1212.50
666.18	1222.51
666.37	1214.94
666.57	1220.10
666.76	1217.11
666.96	1219.75
667.15	1221.12
667.35	1220.84
667.54	1221.76
667.74	1221.94
667.93	1220.34
668.13	1225.73
668.32	1215.22
668.52	1227.16
668.71	1219.89
668.91	1221.20
669.10	1218.87
669.30	1227.37
669.49	1219.14
669.68	1223.78
669.88	1213.56
670.07	1225.96
670.27	1221.72
670.46	1227.55
670.66	1218.11
670.85	1220.79
671.05	1218.73
671.24	1227.55
671.44	1219.09
671.63	1221.98
671.83	1216.58
672.02	1227.27
672.22	1219.11
672.41	1224.42
672.60	1219.57
672.80	1224.28
672.99	1214.08
673.19	1225.30
673.38	1222.19
673.58	1227.43
673.77	1222.00
673.97	1222.86
674.16	1216.15
674.36	1222.78
674.55	1217.85
674.74	1222.82
674.94	1215.20
675.13	1223.48
675.33	1214.20
675.52	1229.07
675.72	1214.38
675.91	1222.43
676.10	1219.83
676.30	1221.70
676.49	1214.42
676.69	1221.94
676.88	1215.47
677.08	1224.38
677.27	1215.94
677.46	1226.69
677.66	1213.95
677.85	1221.20
678.05	1222.02
678.24	1217.37
678.44	1219.91
678.63	1221.49
678.82	1216.43
679.02	1225.93
679.21	1218.46
679.41	1222.08
679.60	1221.02
679.79	1221.63
679.99	1216.76
680.18	1225.71
680.38	1214.02
680.57	1217.07
680.76	1216.31
680.96	1220.69
681.15	1210.43
681.35	1227.49
681.54	1223.01
681.73	1223.33
681.93	1218.83
682.12	1222.72
682.32	1219.67
682.51	1225.32
682.70	1210.08
682.90	1219.89
683.09	1206.64
683.29	1217.95
683.48	1223.15
683.67	1216.72
683.87	1220.88
684.06	1229.78
684.25	1215.88
684.45	1223.93
684.64	1216.66
684.84	1226.34
685.03	1216.96
685.22	1222.13
685.42	1218.25
685.61	1221.00
685.80	1215.12
686.00	1222.31
686.19	1217.48
686.38	1225.09
686.58	1211.78
686.77	1225.61
686.96	1212.75
687.16	1218.91
687.35	1218.28
687.55	1229.46
687.74	1216.84
687.93	1220.28
688.13	1219.14
688.32	1221.67
688.51	1216.31
688.71	1231.67
688.90	1215.08
689.09	1225.61
689.29	1221.43
689.48	1221.53
689.67	1219.44
689.87	1225.03
690.06	1218.75
690.25	1221.14
690.45	1221.14
690.64	1227.41
690.83	1219.89
691.03	1224.83
691.22	1224.34
691.41	1219.38
691.61	1220.61
691.80	1226.18
691.99	1213.83
692.19	1231.69
692.38	1209.51
692.57	1224.97
692.76	1217.70
692.96	1216.66
693.15	1226.57
693.34	1227.51
693.54	1221.47
693.73	1224.93
693.92	1216.78
694.12	1224.09
694.31	1218.07
694.50	1224.03
694.70	1215.84
694.89	1222.04
695.08	1214.36
695.27	1226.04
695.47	1219.83
695.66	1220.26
695.85	1217.99
696.05	1224.09
696.24	1221.65
696.43	1223.83
696.62	1218.79
696.82	1222.33
697.01	1221.94
697.20	1221.84
697.40	1219.40
697.59	1225.24
697.78	1217.74
697.97	1219.95
698.17	1221.76
698.36	1221.92
698.55	1214.67
698.74	1224.93
698.94	1215.88
699.13	1230.67
699.32	1214.28
699.52	1225.03
699.71	1216.23
699.90	1227.59
700.09	1216.98
700.29	1225.20
700.48	1219.75
700.67	1220.55
700.86	1220.00
701.06	1225.91
701.25	1213.81
701.44	1227.51
701.63	1215.92
701.83	1221.16
702.02	1216.68
702.21	1224.03
702.40	1214.86
702.60	1227.45
702.79	1219.83
702.98	1224.07
703.17	1216.25
703.37	1227.57
703.56	1215.29
703.75	1227.98
703.94	1217.60
704.13	1218.60
704.33	1214.12
704.52	1218.89
704.71	1216.29
704.90	1218.85
705.10	1215.84
705.29	1227.31
705.48	1215.69
705.67	1233.55
705.86	1214.55
706.06	1224.54
706.25	1216.47
706.44	1222.94
706.63	1219.50
706.83	1226.55
707.02	1221.12
707.21	1216.96
707.40	1219.48
707.59	1219.85
707.79	1219.48
707.98	1212.56
708.17	1221.04
708.36	1227.33
708.55	1222.33
708.75	1227.74
708.94	1214.86
709.13	1223.19
709.32	1218.56
709.51	1224.23
709.71	1213.30
709.90	1224.69
710.09	1220.02
710.28	1228.56
710.47	1214.81
710.66	1219.07
710.86	1216.86
711.05	1217.56
711.24	1218.05
711.43	1226.18
711.62	1218.05
711.82	1221.47
712.01	1214.02
712.20	1219.36
712.39	1218.09
712.58	1221.43
712.77	1224.56
712.97	1227.02
713.16	1219.59
713.35	1224.28
713.54	1219.48
713.73	1221.45
713.92	1214.51
714.11	1226.96
714.31	1215.53
714.50	1223.70
714.69	1219.61
714.88	1224.50
715.07	1216.90
715.26	1228.70
715.46	1217.29
715.65	1226.51
715.84	1213.69
716.03	1226.59
716.22	1217.70
716.41	1229.62
716.60	1219.61
716.80	1224.13
716.99	1211.09
717.18	1226.10
717.37	1211.00
717.56	1216.29
717.75	1222.39
717.94	1227.41
718.13	1211.84
718.33	1222.90
718.52	1211.25
718.71	1225.40
718.90	1219.32
719.09	1224.34
719.28	1216.43
719.47	1230.36
719.66	1215.24
719.85	1219.75
720.05	1208.12
720.24	1221.14
720.43	1216.31
720.62	1225.36
720.81	1216.86
721.00	1224.56
721.19	1221.43
721.38	1223.17
721.57	1220.92
721.77	1221.31
721.96	1220.18
722.15	1221.51
722.34	1215.74
722.53	1221.08
722.72	1216.37
722.91	1213.50
723.10	1219.34
723.29	1231.81
723.48	1215.16
723.67	1220.79
723.87	1220.26
724.06	1224.01
724.25	1210.27
724.44	1218.46
724.63	1213.67
724.82	1222.92
725.01	1215.16
725.20	1221.88
725.39	1213.09
725.58	1223.89
725.77	1225.69
725.96	1222.04
726.15	1222.33
726.34	1217.97
726.54	1215.74
726.73	1221.10
726.92	1219.05
727.11	1224.56
727.30	1220.34
727.49	1217.01
727.68	1211.72
727.87	1217.37
728.06	1215.49
728.25	1229.54
728.44	1222.76
728.63	1222.60
728.82	1226.86
729.01	1222.76
729.20	1220.22
729.39	1231.81
729.58	1222.84
729.77	1225.75
729.96	1223.33
730.15	1233.20
730.34	1213.83
730.53	1220.22
730.73	1216.37
730.92	1223.09
731.11	1223.46
731.30	1226.71
731.49	1218.52
731.68	1224.95
731.87	1223.50
732.06	1218.48
732.25	1223.95
732.44	1223.87
732.63	1219.52
732.82	1222.00
733.01	1228.17
733.20	1218.48
733.39	1219.24
733.58	1227.76
733.77	1220.77
733.96	1224.95
734.15	1217.39
734.34	1225.32
734.53	1216.45
734.72	1225.48
734.91	1211.58
735.10	1218.54
735.29	1216.55
735.48	1224.34
735.67	1208.63
735.86	1229.60
736.05	1227.94
736.24	1217.89
736.43	1211.13
736.62	1222.06
736.81	1216.12
737.00	1240.00
737.19	1225.30
737.38	1227.70
737.57	1217.76
737.76	1214.06
737.95	1219.61
738.14	1227.92
738.33	1214.38
738.51	1225.28
738.70	1224.38
738.89	1228.37
739.08	1218.85
739.27	1227.22
739.46	1216.55
739.65	1221.37
739.84	1224.91
740.03	1225.63
740.22	1220.65
740.41	1221.67
740.60	1221.92
740.79	1224.73
740.98	1217.97
741.17	1229.38
741.36	1218.36
741.55	1224.40
741.74	1225.01
741.93	1226.22
742.12	1206.36
742.31	1220.55
742.50	1217.52
742.68	1219.87
742.87	1221.63
743.06	1227.08
743.25	1221.06
743.44	1222.49
743.63	1218.93
743.82	1216.86
744.01	1212.17
744.20	1221.57
744.39	1213.69
744.58	1223.01
744.77	1223.19
744.96	1229.01
745.14	1212.52
745.33	1221.57
745.52	1217.60
745.71	1223.64
745.90	1213.73
746.09	1226.55
746.28	1217.62
746.47	1225.38
746.66	1223.83
746.85	1218.97
747.04	1220.30
747.22	1227.72
747.41	1221.72
747.60	1223.66
747.79	1218.09
747.98	1224.09
748.17	1216.51
748.36	1227.82
748.55	1214.69
748.74	1224.21
748.93	1218.50
749.11	1226.67
749.30	1212.40
749.49	1217.42
749.68	1216.66
749.87	1221.20
750.06	1214.55
750.25	1222.80
750.44	1220.88
750.62	1225.65
750.81	1216.33
751.00	1225.03
751.19	1216.31
751.38	1220.49
751.57	1218.99
751.76	1226.86
751.95	1212.77
752.13	1224.79
752.32	1216.39
752.51	1215.80
752.70	1219.75
752.89	1226.41
753.08	1218.40
753.27	1220.75
753.45	1213.89
753.64	1223.74
753.83	1216.35
754.02	1220.69
754.21	1217.60
754.40	1225.07
754.58	1218.81
754.77	1223.44
754.96	1218.73
755.15	1224.11
755.34	1213.87
755.53	1221.45
755.71	1222.21
755.90	1218.60
756.09	1216.88
756.28	1222.29
756.47	1211.58
756.66	1221.12
756.84	1219.79
757.03	1218.03
757.22	1213.18
757.41	1213.44
757.60	1221.88
757.79	1222.86
757.97	1223.27
758.16	1218.85
758.35	1221.94
758.54	1223.78
758.73	1219.44
758.91	1222.13
759.10	1221.27
759.29	1222.72
759.48	1220.65
759.67	1225.61
759.85	1222.37
760.04	1232.59
760.23	1219.26
760.42	1224.60
760.61	1220.02
760.79	1222.53
760.98	1222.51
761.17	1226.45
761.36	1218.52
761.55	1226.71
761.73	1212.91
761.92	1226.69
762.11	1223.78
762.30	1219.38
762.49	1217.78
762.67	1228.66
762.86	1216.04
763.05	1224.71
763.24	1227.29
763.42	1220.08
763.61	1221.88
763.80	1222.72
763.99	1218.17
764.17	1220.28
764.36	1217.70
764.55	1225.16
764.74	1218.28
764.92	1229.27
765.11	1210.60
765.30	1226.04
765.49	1216.82
765.68	1226.00
765.86	1212.81
766.05	1224.93
766.24	1211.05
766.43	1222.80
766.61	1210.14
766.80	1217.95
766.99	1225.28
767.17	1227.04
767.36	1217.33
767.55	1228.23
767.74	1218.48
767.92	1226.34
768.11	1214.34
768.30	1220.51
768.49	1215.06
768.67	1226.36
768.86	1223.80
769.05	1223.52
769.24	1215.78
769.42	1220.32
769.61	1218.83
769.80	1228.41
769.98	1216.47
770.17	1224.93
770.36	1219.03
770.55	1218.17
770.73	1216.62
770.92	1229.78
771.11	1219.85
771.29	1220.90
771.48	1222.51
771.67	1220.06
771.86	1215.14
772.04	1222.94
772.23	1216.31
772.42	1226.45
772.60	1222.33
772.79	1222.33
772.98	1215.55
773.16	1223.97
773.35	1222.06
773.54	1219.18
773.72	1220.26
773.91	1218.32
774.10	1223.64
774.29	1226.06
774.47	1219.40
774.66	1223.23
774.85	1218.64
775.03	1218.42
775.22	1225.22
775.41	1226.14
775.59	1219.20
775.78	1222.97
775.97	1220.84
776.15	1222.60
776.34	1220.22
776.53	1224.15
776.71	1215.10
776.90	1219.30
777.09	1213.24
777.27	1228.00
777.46	1214.40
777.65	1229.11
777.83	1218.83
778.02	1224.66
778.21	1220.73
778.39	1227.84
778.58	1217.15
778.76	1221.35
778.95	1211.82
779.14	1222.92
779.32	1215.43
779.51	1224.11
779.70	1224.23
779.88	1217.03
780.07	1209.06
780.26	1220.34
780.44	1209.94
780.63	1222.04
780.81	1211.37
781.00	1215.96
781.19	1218.97
781.37	1223.33
781.56	1219.91
781.75	1224.79
781.93	1225.26
782.12	1228.06
782.30	1213.24
782.49	1224.52
782.68	1214.10
782.86	1220.08
783.05	1216.66
783.23	1221.16
783.42	1208.10
783.61	1222.00
783.79	1224.58
783.98	1220.92
784.16	1219.79
784.35	1220.47
784.54	1223.72
784.72	1222.04
784.91	1212.95
785.09	1217.91
785.28	1221.08
785.47	1216.90
785.65	1226.18
785.84	1221.49
786.02	1221.29
786.21	1227.53
786.40	1223.07
786.58	1228.35
786.77	1219.28
786.95	1222.58
787.14	1219.01
787.32	1226.32
787.51	1217.64
787.70	1222.68
787.88	1218.50
788.07	1223.09
788.25	1220.18
788.44	1223.42
788.62	1220.94
788.81	1224.07
789.00	1221.59
789.18	1224.40
789.37	1217.62
789.55	1222.99
789.74	1215.08
789.92	1225.65
790.11	1215.72
790.29	1223.85
790.48	1222.04
790.67	1223.29
790.85	1215.84
791.04	1225.81
791.22	1217.72
791.41	1221.04
791.59	1220.49
791.78	1223.17
791.96	1213.26
792.15	1222.76
792.33	1215.72
792.52	1224.11
792.70	1221.22
792.89	1223.93
793.07	1222.35
793.26	1224.64
793.45	1213.44
793.63	1229.03
793.82	1217.95
794.00	1228.45
794.19	1218.25
794.37	1219.63
794.56	1214.14
794.74	1220.86
794.93	1216.41
795.11	1229.56
795.30	1213.83
795.48	1225.75
795.67	1219.30
795.85	1222.21
796.04	1222.19
796.22	1221.61
796.41	1214.98
796.59	1221.65
796.78	1227.27
796.96	1224.36
797.15	1216.43
797.33	1219.97
797.52	1220.08
797.70	1226.10
797.89	1218.07
798.07	1222.19
798.26	1220.92
798.44	1216.92
798.63	1219.01
798.81	1225.14
798.99	1228.68
799.18	1227.76
799.36	1211.35
799.55	1219.42
799.73	1221.02
799.92	1223.35
800.10	1221.29
800.29	1228.76
800.47	1220.24
800.66	1222.58
800.84	1215.78
801.03	1223.35
801.21	1212.83
801.39	1217.78
801.58	1222.19
801.76	1219.69
801.95	1211.52
802.13	1229.19
802.32	1217.62
802.50	1226.43
802.69	1208.30
802.87	1229.87
803.06	1220.12
803.24	1220.65
803.42	1216.96
803.61	1219.83
803.79	1216.08
803.98	1226.45
804.16	1221.84
804.35	1223.60
804.53	1218.73
804.71	1216.55
804.90	1213.01
805.08	1220.71
805.27	1211.82
805.45	1225.71
805.63	1214.61
805.82	1221.43
806.00	1212.95
806.19	1222.02
806.37	1220.06
806.56	1231.01
806.74	1218.64
806.92	1226.94
807.11	1223.99
807.29	1224.99
807.48	1215.47
807.66	1227.57
807.84	1215.20
808.03	1218.46
808.21	1215.33
808.40	1227.76
808.58	1225.93
808.76	1227.84
808.95	1220.88
809.13	1216.27
809.32	1218.62
809.50	1231.81
809.68	1217.70
809.87	1229.27
810.05	1218.50
810.23	1221.76
810.42	1223.56
810.60	1230.89
810.79	1218.07
810.97	1222.74
811.15	1220.36
811.34	1219.28
811.52	1223.05
811.70	1219.07
811.89	1214.81
812.07	1222.62
812.25	1216.04
812.44	1224.73
812.62	1224.62
812.81	1223.80
812.99	1219.59
813.17	1225.83
813.36	1213.38
813.54	1227.16
813.72	1220.86
813.91	1229.44
814.09	1225.44
814.27	1226.45
814.46	1216.64
814.64	1228.04
814.82	1217.46
815.01	1225.87
815.19	1223.42
815.37	1227.41
815.56	1222.97
815.74	1220.63
815.92	1221.65
816.11	1227.80
816.29	1214.94
816.47	1219.79
816.66	1217.76
816.84	1232.51
817.02	1228.80
817.21	1224.30
817.39	1223.97
817.57	1224.36
817.76	1222.21
817.94	1225.77
818.12	1213.67
818.30	1226.90
818.49	1219.05
818.67	1230.36
818.85	1219.11
819.04	1226.55
819.22	1222.08
819.40	1225.93
819.59	1225.20
819.77	1232.18
819.95	1226.47
820.13	1233.47
820.32	1218.64
820.50	1228.39
820.68	1220.18
820.87	1237.26
821.05	1233.33
821.23	1228.64
821.41	1215.33
821.60	1230.91
821.78	1225.20
821.96	1229.25
822.14	1212.70
822.33	1232.39
822.51	1214.42
822.69	1221.72
822.88	1224.62
823.06	1223.60
823.24	1220.94
823.42	1225.85
823.61	1224.83
823.79	1227.51
823.97	1224.95
824.15	1230.17
824.34	1226.59
824.52	1232.14
824.70	1226.59
824.88	1230.44
825.07	1217.56
825.25	1236.89
825.43	1223.17
825.61	1232.28
825.80	1219.83
825.98	1232.47
826.16	1225.05
826.34	1234.29
826.53	1222.56
826.71	1236.32
826.89	1226.86
827.07	1230.81
827.25	1218.11
827.44	1241.23
827.62	1224.42
827.80	1232.63
827.98	1231.12
828.17	1232.12
828.35	1230.58
828.53	1244.35
828.71	1230.81
828.89	1238.30
829.08	1227.88
829.26	1240.21
829.44	1234.74
829.62	1235.50
829.80	1238.90
829.99	1234.93
830.17	1233.08
830.35	1244.78
830.53	1229.89
830.71	1237.59
830.90	1233.70
831.08	1239.27
831.26	1230.46
831.44	1242.11
831.62	1229.48
831.81	1236.36
831.99	1243.01
832.17	1243.90
832.35	1237.01
832.53	1244.16
832.71	1236.52
832.90	1245.57
833.08	1243.04
833.26	1250.82
833.44	1237.10
833.62	1239.37
833.81	1242.46
833.99	1239.70
834.17	1238.10
834.35	1248.48
834.53	1242.40
834.71	1250.61
834.89	1233.70
835.08	1244.61
835.26	1240.25
835.44	1249.59
835.62	1244.16
835.80	1248.87
835.98	1239.76
836.17	1248.22
836.35	1240.62
836.53	1245.64
836.71	1238.65
836.89	1251.47
837.07	1240.56
837.25	1251.02
837.44	1240.88
837.62	1242.15
837.80	1235.83
837.98	1247.91
838.16	1243.75
838.34	1245.66
838.52	1240.97
838.70	1240.80
838.89	1234.47
839.07	1247.15
839.25	1238.08
839.43	1242.22
839.61	1250.39
839.79	1256.26
839.97	1253.91
840.15	1256.43
840.33	1254.48
840.52	1259.93
840.70	1255.12
840.88	1271.17
841.06	1267.34
841.24	1281.15
841.42	1279.10
841.60	1282.81
841.78	1293.29
841.96	1304.68
842.14	1303.53
842.33	1322.43
842.51	1347.56
842.69	1384.30
842.87	1426.66
843.05	1523.30
843.23	1627.32
843.41	1804.57
843.59	2008.40
843.77	2227.96
843.95	2500.45
844.13	2774.57
844.31	3063.45
844.49	3336.49
844.68	3593.73
844.86	3860.48
845.04	4101.67
845.22	4333.11
845.40	4544.34
845.58	4734.58
845.76	4882.09
845.94	5064.16
846.12	5211.53
846.30	5346.41
846.48	5456.96
846.66	5616.94
846.84	5747.71
847.02	5852.44
847.20	5971.39
847.38	6095.25
847.56	6143.25
847.74	6281.28
847.92	6363.06
848.11	6424.52
848.29	6470.29
848.47	6486.12
848.65	6538.75
848.83	6456.32
849.01	6373.79
849.19	6316.98
849.37	6117.96
849.55	5922.23
849.73	5641.85
849.91	5357.77
850.09	5046.36
850.27	4740.99
850.45	4454.48
850.63	4146.60
850.81	3834.13
850.99	3587.73
851.17	3302.82
851.35	3083.38
851.53	2866.40
851.71	2686.12
851.89	2533.09
852.07	2397.02
852.25	2291.41
852.43	2211.07
852.61	2135.44
852.79	2091.28
852.97	2036.30
853.15	2008.77
853.33	1972.93
853.51	1946.64
853.69	1907.21
853.87	1894.10
854.05	1865.06
854.23	1840.47
854.41	1810.88
854.59	1787.22
854.77	1763.28
854.95	1744.44
855.13	1715.85
855.31	1707.94
855.49	1685.83
855.67	1674.46
855.84	1651.87
856.02	1635.30
856.20	1616.01
856.38	1601.31
856.56	1591.42
856.74	1569.17
856.92	1552.18
857.10	1548.41
857.28	1530.24
857.46	1519.06
857.64	1494.85
857.82	1493.17
858.00	1478.96
858.18	1474.23
858.36	1458.81
858.54	1459.38
858.72	1441.46
858.90	1444.68
859.08	1441.07
859.25	1437.67
859.43	1434.27
859.61	1443.06
859.79	1436.32
859.97	1457.07
860.15	1463.09
860.33	1479.47
860.51	1489.45
860.69	1503.64
860.87	1521.05
861.05	1532.02
861.23	1538.41
861.41	1553.61
861.58	1534.22
861.76	1555.21
861.94	1546.85
862.12	1539.66
862.30	1536.65
862.48	1522.83
862.66	1505.69
862.84	1509.76
863.02	1491.04
863.20	1485.68
863.37	1461.29
863.55	1460.35
863.73	1437.41
863.91	1431.65
864.09	1417.79
864.27	1413.61
864.45	1391.31
864.63	1388.05
864.80	1375.89
864.98	1374.08
865.16	1356.74
865.34	1346.09
865.52	1336.46
865.70	1334.29
865.88	1321.33
866.06	1322.27
866.23	1300.58
866.41	1307.03
866.59	1294.15
866.77	1297.47
866.95	1287.48
867.13	1290.40
867.31	1279.63
867.48	1284.63
867.66	1271.67
867.84	1283.75
868.02	1269.27
868.20	1265.21
868.38	1258.68
868.56	1258.66
868.73	1245.70
868.91	1248.28
869.09	1241.44
869.27	1248.38
869.45	1235.17
869.63	1239.78
869.80	1234.78
869.98	1230.87
870.16	1234.35
870.34	1239.14
870.52	1234.62
870.70	1228.62
870.87	1227.55
871.05	1233.66
871.23	1226.08
871.41	1235.72
871.59	1220.71
871.76	1237.49
871.94	1235.09
872.12	1234.04
872.30	1230.91
872.48	1237.22
872.65	1224.69
872.83	1233.20
873.01	1225.09
873.19	1233.39
873.37	1223.99
873.54	1233.49
873.72	1224.69
873.90	1237.30
874.08	1221.18
874.26	1228.92
874.43	1227.76
874.61	1235.31
874.79	1235.64
874.97	1225.73
875.15	1229.48
875.32	1236.85
875.50	1229.99
875.68	1231.07
875.86	1228.23
876.03	1236.36
876.21	1224.77
876.39	1234.07
876.57	1226.41
876.74	1236.28
876.92	1226.65
877.10	1233.20
877.28	1227.45
877.45	1228.49
877.63	1223.31
877.81	1227.55
877.99	1220.38
878.17	1222.88
878.34	1222.74
878.52	1232.75
878.70	1230.19
878.87	1237.79
879.05	1214.32
879.23	1226.55
879.41	1223.87
879.58	1226.06
879.76	1225.40
879.94	1225.98
880.12	1225.87
880.29	1229.09
880.47	1219.11
880.65	1230.17
880.83	1223.80
881.00	1229.25
881.18	1219.83
881.36	1234.58
881.53	1219.24
881.71	1232.63
881.89	1222.82
882.07	1228.08
882.24	1222.68
882.42	1226.26
882.60	1215.76
882.77	1226.41
882.95	1214.67
883.13	1221.96
883.30	1217.82
883.48	1221.98
883.66	1220.51
883.84	1233.45
884.01	1223.78
884.19	1226.94
884.37	1216.49
884.54	1234.76
884.72	1223.13
884.90	1226.24
885.07	1224.50
885.25	1230.21
885.43	1221.10
885.60	1228.43
885.78	1225.71
885.96	1236.28
886.13	1219.16
886.31	1227.94
886.49	1229.19
886.66	1227.35
886.84	1231.73
887.02	1233.49
887.19	1216.00
887.37	1231.73
887.55	1222.80
887.72	1230.44
887.90	1217.54
888.08	1235.01
888.25	1227.80
888.43	1228.35
888.61	1221.20
888.78	1232.98
888.96	1225.55
889.14	1232.00
889.31	1224.66
889.49	1225.40
889.67	1224.54
889.84	1232.14
890.02	1218.64
890.19	1231.30
890.37	1228.13
890.55	1231.03
890.72	1226.77
890.90	1228.23
891.08	1222.45
891.25	1234.72
891.43	1223.35
891.60	1236.24
891.78	1232.28
891.96	1234.80
892.13	1228.80
892.31	1232.63
892.48	1223.07
892.66	1236.54
892.84	1227.80
893.01	1237.59
893.19	1230.97
893.36	1227.41
893.54	1225.52
893.72	1225.22
893.89	1222.21
894.07	1226.86
894.24	1221.65
894.42	1247.34
894.60	1218.07
894.77	1230.15
894.95	1225.05
895.12	1232.28
895.30	1221.53
895.48	1229.11
895.65	1215.92
895.83	1224.97
896.00	1222.27
896.18	1225.01
896.35	1216.92
896.53	1229.74
896.71	1219.40
896.88	1229.44
897.06	1218.38
897.23	1226.36
897.41	1217.13
897.58	1225.09
897.76	1213.42
897.93	1229.44
898.11	1217.60
898.29	1235.40
898.46	1213.97
898.64	1224.66
898.81	1217.56
898.99	1229.50
899.16	1219.30
899.34	1228.90
899.51	1212.46
899.69	1221.49
899.86	1223.01
900.04	1221.45
900.21	1219.40
900.39	1223.31
900.57	1218.62
900.74	1219.01
900.92	1214.06
901.09	1220.34
901.27	1216.31
901.44	1227.74
901.62	1218.71
901.79	1232.43
901.97	1217.82
902.14	1220.41
902.32	1211.11
902.49	1228.99
902.67	1218.28
902.84	1225.52
903.02	1215.69
903.19	1221.47
903.37	1225.40
903.54	1228.39
903.72	1211.54
903.89	1230.05
904.07	1213.24
904.24	1228.82
904.42	1221.53
904.59	1227.00
904.77	1219.09
904.94	1224.54
905.12	1219.14
905.29	1225.52
905.47	1212.97
905.64	1215.98
905.82	1218.17
905.99	1230.21
906.16	1219.07
906.34	1221.70
906.51	1219.71
906.69	1227.39
906.86	1220.18
907.04	1225.98
907.21	1212.83
907.39	1218.50
907.56	1212.77
907.74	1225.07
907.91	1221.29
908.09	1224.21
908.26	1216.06
908.43	1225.85
908.61	1217.76
908.78	1224.75
908.96	1209.98
909.13	1227.78
909.31	1219.32
909.48	1221.43
909.65	1212.15
909.83	1222.82
910.00	1221.39
910.18	1222.92
910.35	1214.51
910.53	1225.09
910.70	1214.45
910.87	1228.13
911.05	1213.16
911.22	1223.23
911.40	1221.67
911.57	1217.80
911.75	1222.45
911.92	1225.03
912.09	1216.49
912.27	1229.35
912.44	1222.06
912.62	1230.73
912.79	1216.00
912.96	1231.22
913.14	1220.04
913.31	1217.62
913.49	1214.90
913.66	1227.14
913.83	1216.53
914.01	1220.32
914.18	1216.33
914.36	1219.91
914.53	1217.05
914.70	1223.44
914.88	1222.15
915.05	1229.33
915.22	1214.90
915.40	1217.33
915.57	1214.65
915.75	1218.75
915.92	1207.11
916.09	1223.13
916.27	1224.38
916.44	1219.03
916.61	1220.63
916.79	1221.59
916.96	1217.07
917.13	1224.44
917.31	1216.39
917.48	1225.79
917.66	1223.17
917.83	1227.08
918.00	1214.40
918.18	1221.27
918.35	1217.35
918.52	1219.91
918.70	1213.56
918.87	1223.85
919.04	1220.34
919.22	1221.35
919.39	1215.61
919.56	1222.78
919.74	1212.77
919.91	1219.22
920.08	1219.16
920.26	1220.57
920.43	1221.12
920.60	1219.79
920.78	1216.41
920.95	1219.20
921.12	1218.48
921.29	1219.97
921.47	1209.74
921.64	1225.16
921.81	1216.58
921.99	1227.18
922.16	1211.43
922.33	1226.82
922.51	1228.02
922.68	1227.29
922.85	1220.18
923.03	1221.88
923.20	1215.90
923.37	1219.09
923.54	1217.11
923.72	1230.81
923.89	1217.13
924.06	1224.46
924.24	1218.01
924.41	1228.31
924.58	1216.29
924.75	1225.38
924.93	1220.77
925.10	1223.37
925.27	1220.32
925.44	1220.63
925.62	1217.09
925.79	1215.47
925.96	1210.66
926.14	1224.26
926.31	1221.88
926.48	1222.99
926.65	1220.84
926.83	1221.80
927.00	1221.31
927.17	1227.31
927.34	1213.52
927.52	1220.41
927.69	1217.80
927.86	1216.37
928.03	1221.63
928.21	1223.19
928.38	1217.97
928.55	1228.43
928.72	1217.70
928.89	1220.22
929.07	1220.65
929.24	1222.43
929.41	1217.56
929.58	1222.86
929.76	1216.62
929.93	1220.10
930.10	1218.23
930.27	1224.73
930.44	1218.79
930.62	1231.63
930.79	1216.62
930.96	1218.15
931.13	1227.22
931.31	1220.57
931.48	1211.62
931.65	1227.00
931.82	1224.66
931.99	1219.81
932.17	1217.48
932.34	1221.74
932.51	1218.17
932.68	1226.39
932.85	1218.99
933.03	1225.26
933.20	1213.52
933.37	1226.14
933.54	1215.72
933.71	1226.69
933.88	1215.82
934.06	1218.44
934.23	1215.94
934.40	1227.68
934.57	1214.88
934.74	1219.46
934.91	1217.05
935.09	1223.42
935.26	1219.75
935.43	1218.75
935.60	1218.44
935.77	1222.53
935.94	1218.28
936.12	1229.54
936.29	1217.97
936.46	1223.13
936.63	1218.25
936.80	1223.97
936.97	1215.45
937.14	1221.35
937.32	1217.03
937.49	1221.74
937.66	1218.85
937.83	1216.78
938.00	1217.99
938.17	1223.80
938.34	1219.77
938.52	1219.26
938.69	1215.84
938.86	1224.79
939.03	1214.40
939.20	1224.56
939.37	1215.02
939.54	1222.99
939.71	1215.90
939.89	1228.04
940.06	1216.80
940.23	1225.05
940.40	1214.06
940.57	1218.54
940.74	1218.71
940.91	1227.92
941.08	1212.07
941.25	1218.71
941.43	1228.49
941.60	1223.70
941.77	1217.85
941.94	1221.70
942.11	1219.91
942.28	1225.91
942.45	1220.45
942.62	1221.10
942.79	1214.20
942.96	1224.93
943.13	1213.40
943.30	1222.53
943.48	1224.56
943.65	1219.63
943.82	1224.07
943.99	1223.42
944.16	1221.90
944.33	1226.88
944.50	1218.54
944.67	1223.74
944.84	1210.29
945.01	1221.02
945.18	1211.74
945.35	1227.43
945.52	1218.30
945.69	1229.85
945.86	1224.99
946.03	1227.94
946.21	1219.52
946.38	1228.17
946.55	1221.65
946.72	1225.67
946.89	1220.34
947.06	1226.63
947.23	1215.69
947.40	1219.91
947.57	1214.04
947.74	1220.73
947.91	1221.00
948.08	1224.23
948.25	1220.53
948.42	1221.37
948.59	1215.12
948.76	1228.39
948.93	1216.45
949.10	1223.09
949.27	1212.99
949.44	1222.47
949.61	1213.67
949.78	1227.57
949.95	1220.67
950.12	1224.13
950.29	1215.55
950.46	1222.53
950.63	1218.71
950.80	1228.41
950.97	1215.02
951.14	1225.57
951.31	1219.54
951.48	1227.78
951.65	1218.52
951.82	1219.54
951.99	1216.86
952.16	1220.81
952.33	1212.13
952.50	1224.62
952.67	1216.39
952.84	1224.21
953.01	1221.39
953.18	1220.49
953.35	1215.86
953.52	1223.42
953.69	1220.08
953.86	1228.95
954.03	1217.85
954.20	1219.52
954.37	1223.70
954.54	1218.62
954.70	1217.62
954.87	1225.40
955.04	1215.55
955.21	1217.97
955.38	1213.59
955.55	1219.01
955.72	1215.43
955.89	1219.73
956.06	1215.26
956.23	1219.05
956.40	1213.73
956.57	1225.75
956.74	1219.32
956.91	1220.90
957.08	1212.54
957.25	1221.27
957.41	1220.61
957.58	1219.81
957.75	1216.31
957.92	1224.99
958.09	1220.18
958.26	1223.46
958.43	1221.20
958.60	1222.39
958.77	1217.70
958.94	1228.62
959.11	1218.38
959.27	1227.47
959.44	1223.89
959.61	1227.74
959.78	1223.27
959.95	1215.08
960.12	1219.07
960.29	1223.85
960.46	1216.86
960.63	1224.77
960.80	1211.87
960.96	1225.07
961.13	1217.35
961.30	1224.95
961.47	1216.92
961.64	1226.61
961.81	1215.78
961.98	1222.84
962.15	1214.61
962.31	1222.66
962.48	1219.11
962.65	1228.90
962.82	1210.90
962.99	1223.33
963.16	1212.50
963.33	1227.39
963.49	1212.36
963.66	1224.69
963.83	1216.80
964.00	1226.36
964.17	1212.17
964.34	1220.73
964.51	1215.92
964.67	1221.63
964.84	1216.35
965.01	1237.65
965.18	1213.26
965.35	1227.22
965.52	1209.22
965.68	1222.47
965.85	1218.68
966.02	1225.65
966.19	1225.18
966.36	1218.54
966.52	1212.83
966.69	1231.38
966.86	1213.69
967.03	1219.91
967.20	1215.06
967.37	1225.61
967.53	1214.18
967.70	1223.76
967.87	1212.34
968.04	1223.35
968.21	1216.23
968.37	1227.25
968.54	1219.32
968.71	1225.59
968.88	1222.80
969.05	1223.17
969.21	1218.79
969.38	1220.69
969.55	1215.88
969.72	1229.09
969.89	1212.01
970.05	1229.09
970.22	1215.84
970.39	1227.00
970.56	1216.53
970.72	1224.97
970.89	1217.09
971.06	1223.97
971.23	1217.62
971.39	1220.65
971.56	1220.61
971.73	1222.21
971.90	1212.42
972.07	1219.07
972.23	1211.50
972.40	1220.90
972.57	1216.70
972.74	1221.33
972.90	1220.53
973.07	1219.54
973.24	1218.93
973.40	1220.20
973.57	1221.96
973.74	1225.85
973.91	1215.65
974.07	1222.29
974.24	1213.81
974.41	1232.67
974.58	1213.54
974.74	1223.19
974.91	1218.36
975.08	1225.55
975.25	1218.07
975.41	1218.38
975.58	1210.72
975.75	1224.60
975.91	1214.55
976.08	1226.08
976.25	1213.54
976.42	1225.24
976.58	1217.52
976.75	1222.56
976.92	1214.53
977.08	1223.87
977.25	1214.92
977.42	1220.67
977.58	1220.77
977.75	1219.07
977.92	1218.07
978.08	1219.81
978.25	1219.18
978.42	1225.05
978.59	1215.20
978.75	1222.60
978.92	1219.83
979.09	1223.40
979.25	1215.12
979.42	1228.56
979.59	1213.40
979.75	1222.70
979.92	1212.75
980.09	1224.91
980.25	1216.55
980.42	1223.78
980.59	1222.00
980.75	1222.53
980.92	1216.35
981.09	1229.07
981.25	1219.83
981.42	1224.11
981.59	1212.44
981.75	1224.40
981.92	1217.25
982.08	1219.01
982.25	1221.72
982.42	1222.49
982.58	1216.21
982.75	1219.52
982.92	1212.52
983.08	1216.04
983.25	1216.68
983.42	1215.90
983.58	1219.59
983.75	1216.15
983.91	1214.73
984.08	1218.77
984.25	1218.75
984.41	1221.61
984.58	1211.52
984.74	1224.83
984.91	1213.22
985.08	1214.28
985.24	1217.19
985.41	1219.69
985.57	1216.06
985.74	1223.97
985.91	1216.96
986.07	1228.62
986.24	1215.26
986.40	1226.14
986.57	1219.75
986.74	1227.00
986.90	1222.39
987.07	1223.01
987.23	1221.18
987.40	1227.12
987.57	1216.80
987.73	1224.48
987.90	1219.67
988.06	1222.84
988.23	1221.63
988.39	1222.88
988.56	1213.93
988.73	1226.36
988.89	1214.63
989.06	1226.32
989.22	1220.24
989.39	1222.49
989.55	1210.04
989.72	1227.72
989.88	1215.12
990.05	1219.11
990.22	1216.43
990.38	1223.62
990.55	1213.67
990.71	1219.85
990.88	1216.92
991.04	1227.65
991.21	1221.78
991.37	1220.63
991.54	1219.03
991.70	1223.72
991.87	1215.86
992.03	1220.00
992.20	1216.37
992.36	1226.77
992.53	1213.24
992.69	1225.05
992.86	1218.79
993.03	1221.61
993.19	1222.06
993.36	1223.37
993.52	1216.19
993.69	1224.87
993.85	1217.09
994.02	1228.62
994.18	1217.54
994.35	1222.84
994.51	1218.48
994.68	1222.68
994.84	1210.51
995.01	1225.77
995.17	1215.33
995.34	1215.29
995.50	1209.63
995.66	1225.48
995.83	1215.22
995.99	1229.95
996.16	1223.03
996.32	1221.33
996.49	1212.15
996.65	1217.52
996.82	1223.66
996.98	1217.01
997.15	1215.29
997.31	1221.74
997.48	1214.40
997.64	1223.31
997.81	1218.60
997.97	1220.67
998.13	1217.05
998.30	1225.50
998.46	1219.18
998.63	1222.47
998.79	1218.66
998.96	1222.66
999.12	1212.68
999.29	1221.45
999.45	1218.48
999.61	1230.07
999.78	1213.54
999.94	1223.33
1000.11	1213.89
1000.27	1232.34
1000.44	1220.84
1000.60	1222.41
1000.76	1218.32
1000.93	1219.28
1001.09	1215.12
1001.26	1222.43
1001.42	1214.24
1001.59	1220.02
1001.75	1214.40
1001.91	1224.79
1002.08	1221.55
1002.24	1218.81
1002.41	1228.47
1002.57	1222.82
1002.73	1214.81
1002.90	1215.94
1003.06	1215.04
1003.23	1218.99
1003.39	1219.59
1003.55	1217.78
1003.72	1218.05
1003.88	1221.04
1004.04	1211.76
1004.21	1225.22
1004.37	1220.71
1004.54	1225.05
1004.70	1213.99
1004.86	1226.24
1005.03	1214.18
1005.19	1222.62
1005.35	1213.95
1005.52	1224.83
1005.68	1220.18
1005.85	1221.55
1006.01	1218.71
1006.17	1222.21
1006.34	1219.42
1006.50	1229.09
1006.66	1211.78
1006.83	1231.55
1006.99	1216.60
1007.15	1224.77
1007.32	1216.74
1007.48	1227.92
1007.64	1213.01
1007.81	1218.58
1007.97	1213.99
1008.13	1225.59
1008.30	1214.88
1008.46	1229.09
1008.62	1216.08
1008.79	1221.37
1008.95	1223.13
1009.11	1221.31
1009.28	1216.86
1009.44	1224.50
1009.60	1213.13
1009.77	1223.11
1009.93	1223.68
1010.09	1221.98
1010.25	1217.87
1010.42	1218.89
1010.58	1224.11
1010.74	1224.95
1010.91	1211.60
1011.07	1225.38
1011.23	1218.01
1011.40	1227.49
1011.56	1212.38
1011.72	1220.20
1011.88	1226.73
1012.05	1227.43
1012.21	1216.08
1012.37	1222.64
1012.54	1222.88
1012.70	1221.65
1012.86	1217.56
1013.02	1226.04
1013.19	1214.77
1013.35	1216.04
1013.51	1216.31
1013.67	1216.80
1013.84	1220.96
1014.00	1225.42
1014.16	1219.54
1014.33	1225.18
1014.49	1217.85
1014.65	1226.88
1014.81	1207.42
1014.98	1224.75
1015.14	1212.07
1015.30	1218.71
1015.46	1218.81
1015.62	1223.25
1015.79	1213.89
1015.95	1228.90
1016.11	1217.01
1016.27	1222.86
1016.44	1218.28
1016.60	1226.36
1016.76	1214.55
1016.92	1226.73
1017.09	1215.94
1017.25	1225.28
1017.41	1217.27
1017.57	1229.05
1017.73	1217.27
1017.90	1222.62
1018.06	1214.24
1018.22	1223.23
1018.38	1223.44
1018.54	1215.67
1018.71	1217.56
1018.87	1224.93
1019.03	1216.23
1019.19	1226.98
1019.35	1217.54
1019.52	1222.53
1019.68	1213.50
1019.84	1222.92
1020.00	1219.54
1020.16	1222.60
1020.33	1221.24
1020.49	1217.48
1020.65	1212.05
1020.81	1225.69
1020.97	1214.63
1021.13	1228.06
1021.30	1220.14
1021.46	1226.36
1021.62	1209.06
1021.78	1221.33
1021.94	1224.17
1022.10	1229.70
1022.27	1214.04
1022.43	1224.19
1022.59	1218.97
1022.75	1221.67
1022.91	1223.46
1023.07	1216.72
1023.24	1219.46
1023.40	1222.60
1023.56	1210.33
1023.72	1228.68
1023.88	1212.64
1024.04	1221.51
1024.20	1214.06
1024.36	1223.40
1024.53	1219.85
1024.69	1213.52
1024.85	1214.98
1025.01	1223.80
1025.17	1214.59
1025.33	1220.43
1025.49	1213.85
1025.65	1227.94
1025.82	1214.02
1025.98	1224.73
1026.14	1215.63
1026.30	1223.21
1026.46	1224.81
1026.62	1227.08
1026.78	1215.92
1026.94	1218.07
1027.10	1218.19
1027.26	1219.46
1027.43	1216.96
1027.59	1221.98
1027.75	1216.62
1027.91	1232.34
1028.07	1222.70
1028.23	1226.39
1028.39	1218.52
1028.55	1219.85
1028.71	1212.64
1028.87	1225.07
1029.03	1219.95
1029.19	1218.83
1029.36	1213.87
1029.52	1214.83
1029.68	1215.76
1029.84	1229.87
1030.00	1218.50
1030.16	1222.19
1030.32	1222.78
1030.48	1221.20
1030.64	1214.47
1030.80	1229.35
1030.96	1218.40
1031.12	1223.97
1031.28	1218.75
1031.44	1221.43
1031.60	1216.64
1031.76	1231.98
1031.92	1222.80
1032.08	1235.52
1032.24	1212.60
1032.40	1222.19
1032.56	1219.83
1032.73	1226.22
1032.89	1209.90
1033.05	1222.04
1033.21	1215.57
1033.37	1216.15
1033.53	1224.48
1033.69	1229.87
1033.85	1217.29
1034.01	1223.42
1034.17	1214.40
1034.33	1226.71
1034.49	1218.66
1034.65	1221.00
1034.81	1217.33
1034.97	1224.28
1035.13	1217.54
1035.29	1218.46
1035.45	1221.14
1035.61	1224.71
1035.77	1215.76
1035.93	1221.00
1036.09	1214.51
1036.25	1228.39
1036.41	1223.48
1036.57	1221.43
1036.73	1212.07
1036.88	1221.53
1037.04	1224.38
