345.52	1212.83
345.73	1212.83
345.94	1212.83
346.16	1208.44
346.37	1212.44
346.58	1213.75
346.79	1215.47
347.00	1215.37
347.22	1214.34
347.43	1207.75
347.64	1218.91
347.85	1216.33
348.06	1216.45
348.28	1212.07
348.49	1223.42
348.70	1209.10
348.91	1217.85
349.12	1214.24
349.34	1220.41
349.55	1211.97
349.76	1220.47
349.97	1211.68
350.18	1218.79
350.40	1216.86
350.61	1223.13
350.82	1218.05
351.03	1219.61
351.24	1218.13
351.46	1220.30
351.67	1206.19
351.88	1219.38
352.09	1216.37
352.30	1219.95
352.51	1217.11
352.73	1223.64
352.94	1213.85
353.15	1221.22
353.36	1217.11
353.57	1221.22
353.79	1218.58
354.00	1214.06
354.21	1213.93
354.42	1220.20
354.63	1219.57
354.84	1223.76
355.06	1216.39
355.27	1219.79
355.48	1212.56
355.69	1219.61
355.90	1216.78
356.11	1225.03
356.33	1214.77
356.54	1229.68
356.75	1224.87
356.96	1223.68
357.17	1216.02
357.38	1216.58
357.60	1222.10
357.81	1230.13
358.02	1219.24
358.23	1226.00
358.44	1214.77
358.65	1213.97
358.87	1220.84
359.08	1217.82
359.29	1216.84
359.50	1219.85
359.71	1213.56
359.92	1221.63
360.13	1221.33
360.35	1224.79
360.56	1217.19
360.77	1221.33
360.98	1222.97
361.19	1224.40
361.40	1219.97
361.62	1220.04
361.83	1215.04
362.04	1219.85
362.25	1221.53
362.46	1216.45
362.67	1219.48
362.88	1224.71
363.10	1219.48
363.31	1222.27
363.52	1214.77
363.73	1217.31
363.94	1219.22
364.15	1216.49
364.36	1219.75
364.57	1220.75
364.79	1213.11
365.00	1221.63
365.21	1220.53
365.42	1221.02
365.63	1216.53
365.84	1213.56
366.05	1215.00
366.27	1223.58
366.48	1219.48
366.69	1224.36
366.90	1210.17
367.11	1213.48
367.32	1220.38
367.53	1223.13
367.74	1215.86
367.95	1227.80
368.17	1218.07
368.38	1223.44
368.59	1219.26
368.80	1228.78
369.01	1214.12
369.22	1218.93
369.43	1217.29
369.64	1221.90
369.86	1216.49
370.07	1223.91
370.28	1215.37
370.49	1225.52
370.70	1222.80
370.91	1223.93
371.12	1213.79
371.33	1224.15
371.54	1219.57
371.76	1223.70
371.97	1216.55
372.18	1221.90
372.39	1211.76
372.60	1221.88
372.81	1212.70
373.02	1226.12
373.23	1216.10
373.44	1221.27
373.65	1212.42
373.87	1218.44
374.08	1209.86
374.29	1230.03
374.50	1215.53
374.71	1222.88
374.92	1221.27
375.13	1220.59
375.34	1227.51
375.55	1226.57
375.76	1221.10
375.97	1222.23
376.19	1217.78
376.40	1223.87
376.61	1216.41
376.82	1230.75
377.03	1221.41
377.24	1217.05
377.45	1215.80
377.66	1218.38
377.87	1221.98
378.08	1219.14
378.29	1215.80
378.50	1223.09
378.71	1217.33
378.93	1222.66
379.14	1214.71
379.35	1224.62
379.56	1223.87
379.77	1223.07
379.98	1221.41
380.19	1224.97
380.40	1213.99
380.61	1221.49
380.82	1215.80
381.03	1221.12
381.24	1218.03
381.45	1226.57
381.66	1212.48
381.88	1229.95
382.09	1218.09
382.30	1224.28
382.51	1222.49
382.72	1229.76
382.93	1217.66
383.14	1225.55
383.35	1224.77
383.56	1223.21
383.77	1217.74
383.98	1223.68
384.19	1216.51
384.40	1224.81
384.61	1222.90
384.82	1227.20
385.03	1215.26
385.24	1223.25
385.45	1215.80
385.67	1225.89
385.88	1221.41
386.09	1218.68
386.30	1221.31
386.51	1223.97
386.72	1213.48
386.93	1223.01
387.14	1219.28
387.35	1224.69
387.56	1218.42
387.77	1223.87
387.98	1209.59
388.19	1220.45
388.40	1219.83
388.61	1226.30
388.82	1212.99
389.03	1220.55
389.24	1217.72
389.45	1222.92
389.66	1214.92
389.87	1223.42
390.08	1216.94
390.29	1219.30
390.50	1218.52
390.71	1219.22
390.92	1217.56
391.13	1225.40
391.34	1219.79
391.55	1222.99
391.76	1224.23
391.98	1223.09
392.19	1212.19
392.40	1225.24
392.61	1216.17
392.82	1224.40
393.03	1218.89
393.24	1222.47
393.45	1211.37
393.66	1217.35
393.87	1221.80
394.08	1223.74
394.29	1215.98
394.50	1223.91
394.71	1210.98
394.92	1217.78
395.13	1217.44
395.34	1223.37
395.55	1218.68
395.76	1230.79
395.97	1212.15
396.18	1222.31
396.39	1220.08
396.60	1226.73
396.81	1224.73
397.02	1225.83
397.23	1214.34
397.44	1226.32
397.65	1219.95
397.86	1217.76
398.07	1212.73
398.28	1227.22
398.49	1222.64
398.70	1226.32
398.91	1220.28
399.12	1218.58
399.33	1218.09
399.54	1223.70
399.75	1213.52
399.96	1220.84
400.17	1209.53
400.38	1225.05
400.59	1217.25
400.80	1218.21
401.01	1212.25
401.22	1225.91
401.42	1213.91
401.63	1223.99
401.84	1224.97
402.05	1221.35
402.26	1212.60
402.47	1226.86
402.68	1225.20
402.89	1220.92
403.10	1220.10
403.31	1228.64
403.52	1217.46
403.73	1228.82
403.94	1221.06
404.15	1225.83
404.36	1221.47
404.57	1221.33
404.78	1221.63
404.99	1219.48
405.20	1223.13
405.41	1228.21
405.62	1214.08
405.83	1216.31
406.04	1220.49
406.25	1222.66
406.46	1216.64
406.67	1226.96
406.88	1212.93
407.09	1224.93
407.30	1223.74
407.50	1225.44
407.71	1221.37
407.92	1224.87
408.13	1221.92
408.34	1217.42
408.55	1215.51
408.76	1229.27
408.97	1219.28
409.18	1222.56
409.39	1223.56
409.60	1218.85
409.81	1211.05
410.02	1218.99
410.23	1214.88
410.44	1224.32
410.65	1219.57
410.86	1219.24
411.07	1216.41
411.27	1224.89
411.48	1222.17
411.69	1221.04
411.90	1222.51
412.11	1227.39
412.32	1226.02
412.53	1229.97
412.74	1215.24
412.95	1223.87
413.16	1211.29
413.37	1222.37
413.58	1220.12
413.79	1220.41
414.00	1207.40
414.20	1220.47
414.41	1212.19
414.62	1231.87
414.83	1224.99
415.04	1228.35
415.25	1221.29
415.46	1227.55
415.67	1220.57
415.88	1224.73
416.09	1209.59
416.30	1220.16
416.51	1218.17
416.71	1220.02
416.92	1216.72
417.13	1222.15
417.34	1222.51
417.55	1226.77
417.76	1221.53
417.97	1226.41
418.18	1220.30
418.39	1221.27
418.60	1215.55
418.81	1225.40
419.01	1211.25
419.22	1225.81
419.43	1217.48
419.64	1227.74
419.85	1212.03
420.06	1217.13
420.27	1220.32
420.48	1227.43
420.69	1219.59
420.90	1222.35
421.10	1218.56
421.31	1215.84
421.52	1218.66
421.73	1225.42
421.94	1217.89
422.15	1226.28
422.36	1221.96
422.57	1222.43
422.78	1218.17
422.98	1215.78
423.19	1223.21
423.40	1229.05
423.61	1222.39
423.82	1223.68
424.03	1214.77
424.24	1230.75
424.45	1209.90
424.65	1227.29
424.86	1218.66
425.07	1225.42
425.28	1216.47
425.49	1225.03
425.70	1223.23
425.91	1223.95
426.12	1218.99
426.32	1226.45
426.53	1220.57
426.74	1226.26
426.95	1217.33
427.16	1220.77
427.37	1210.90
427.58	1222.29
427.78	1218.36
427.99	1220.65
428.20	1211.50
428.41	1224.91
428.62	1217.23
428.83	1219.75
429.04	1218.09
429.24	1231.40
429.45	1214.96
429.66	1224.64
429.87	1216.12
430.08	1225.67
430.29	1218.09
430.50	1220.90
430.70	1213.50
430.91	1218.21
431.12	1218.99
431.33	1224.99
431.54	1214.79
431.75	1224.64
431.96	1218.42
432.16	1230.52
432.37	1225.44
432.58	1224.38
432.79	1220.67
433.00	1226.26
433.21	1216.80
433.41	1221.02
433.62	1214.92
433.83	1226.82
434.04	1209.57
434.25	1220.94
434.46	1222.97
434.66	1229.52
434.87	1216.98
435.08	1234.64
435.29	1217.99
435.50	1224.07
435.71	1216.96
435.91	1217.66
436.12	1216.21
436.33	1224.34
436.54	1221.33
436.75	1228.49
436.95	1219.50
437.16	1220.43
437.37	1218.48
437.58	1217.09
437.79	1219.48
438.00	1221.04
438.20	1218.66
438.41	1226.30
438.62	1220.04
438.83	1226.18
439.04	1218.23
439.24	1222.88
439.45	1216.43
439.66	1222.41
439.87	1222.41
440.08	1225.09
440.28	1221.51
440.49	1227.29
440.70	1219.44
440.91	1223.89
441.12	1219.97
441.32	1225.14
441.53	1216.29
441.74	1226.75
441.95	1217.37
442.16	1218.30
442.36	1218.99
442.57	1223.80
442.78	1219.50
442.99	1221.76
443.20	1216.23
443.40	1220.28
443.61	1216.84
443.82	1227.61
444.03	1215.55
444.24	1225.44
444.44	1217.56
444.65	1228.19
444.86	1217.33
445.07	1224.34
445.27	1221.02
445.48	1227.51
445.69	1221.49
445.90	1223.01
446.11	1215.82
446.31	1221.12
446.52	1218.71
446.73	1224.66
446.94	1219.83
447.14	1229.52
447.35	1219.14
447.56	1221.94
447.77	1214.90
447.97	1228.86
448.18	1221.22
448.39	1226.39
448.60	1214.49
448.81	1222.15
449.01	1219.16
449.22	1226.28
449.43	1215.57
449.64	1220.69
449.84	1220.18
450.05	1223.78
450.26	1216.12
450.47	1226.53
450.67	1223.68
450.88	1223.48
451.09	1217.03
451.30	1219.11
451.50	1226.84
451.71	1222.72
451.92	1215.06
452.13	1220.90
452.33	1212.01
452.54	1220.67
452.75	1218.81
452.96	1229.54
453.16	1220.79
453.37	1224.87
453.58	1221.59
453.79	1225.91
453.99	1214.32
454.20	1223.52
454.41	1226.24
454.61	1222.49
454.82	1219.46
455.03	1218.75
455.24	1225.26
455.44	1221.84
455.65	1226.69
455.86	1226.49
456.07	1211.50
456.27	1221.24
456.48	1219.95
456.69	1225.87
456.90	1219.71
457.10	1227.45
457.31	1219.01
457.52	1225.65
457.72	1218.36
457.93	1223.33
458.14	1217.09
458.35	1225.22
458.55	1217.78
458.76	1222.94
458.97	1213.24
459.17	1220.14
459.38	1218.58
459.59	1222.97
459.80	1223.95
460.00	1219.77
460.21	1222.78
460.42	1224.23
460.62	1216.39
460.83	1227.53
461.04	1218.42
461.25	1226.26
461.45	1218.95
461.66	1223.74
461.87	1216.51
462.07	1221.92
462.28	1217.58
462.49	1218.15
462.69	1218.62
462.90	1227.61
463.11	1219.85
463.31	1226.16
463.52	1222.82
463.73	1219.85
463.94	1217.29
464.14	1220.32
464.35	1223.64
464.56	1215.92
464.76	1221.35
464.97	1228.82
465.18	1211.09
465.38	1223.48
465.59	1218.01
465.80	1221.98
466.00	1218.99
466.21	1221.98
466.42	1216.66
466.62	1221.49
466.83	1221.35
467.04	1221.20
467.24	1213.01
467.45	1224.93
467.66	1211.60
467.86	1221.90
468.07	1213.69
468.28	1222.82
468.48	1216.35
468.69	1225.55
468.90	1222.74
469.10	1224.15
469.31	1214.57
469.52	1222.43
469.72	1214.59
469.93	1224.48
470.14	1214.73
470.34	1220.10
470.55	1212.30
470.76	1215.39
470.96	1222.56
471.17	1219.63
471.38	1214.22
471.58	1218.81
471.79	1216.78
472.00	1230.07
472.20	1225.93
472.41	1217.93
472.62	1228.74
472.82	1220.96
473.03	1214.94
473.24	1227.45
473.44	1218.64
473.65	1225.89
473.85	1213.95
474.06	1223.15
474.27	1216.49
474.47	1225.83
474.68	1214.69
474.89	1219.52
475.09	1221.02
475.30	1224.32
475.51	1220.18
475.71	1222.58
475.92	1219.89
476.12	1231.98
476.33	1211.99
476.54	1224.99
476.74	1217.44
476.95	1220.16
477.16	1213.59
477.36	1224.97
477.57	1217.05
477.77	1227.31
477.98	1220.02
478.19	1225.61
478.39	1210.08
478.60	1228.39
478.81	1219.14
479.01	1225.57
479.22	1216.55
479.42	1225.42
479.63	1220.32
479.84	1221.37
480.04	1221.86
480.25	1223.68
480.45	1214.86
480.66	1215.88
480.87	1214.81
481.07	1223.27
481.28	1216.90
481.48	1224.75
481.69	1217.76
481.90	1225.34
482.10	1209.57
482.31	1226.94
482.51	1220.51
482.72	1223.13
482.93	1206.32
483.13	1223.09
483.34	1225.87
483.54	1221.06
483.75	1211.72
483.96	1225.55
484.16	1223.99
484.37	1233.37
484.57	1213.07
484.78	1225.16
484.99	1218.66
485.19	1221.78
485.40	1217.78
485.60	1232.90
485.81	1216.17
486.01	1224.87
486.22	1225.48
486.43	1226.32
486.63	1220.02
486.84	1223.31
487.04	1214.26
487.25	1219.28
487.46	1214.26
487.66	1223.03
487.87	1219.16
488.07	1227.43
488.28	1218.03
488.48	1223.23
488.69	1218.64
488.89	1218.56
489.10	1214.98
489.31	1227.37
489.51	1224.26
489.72	1219.91
489.92	1222.04
490.13	1220.57
490.33	1212.81
490.54	1216.76
490.75	1219.79
490.95	1224.79
491.16	1218.79
491.36	1225.20
491.57	1220.10
491.77	1217.25
491.98	1218.25
492.18	1215.18
492.39	1219.81
492.59	1218.99
492.80	1214.45
493.01	1219.05
493.21	1221.20
493.42	1219.61
493.62	1215.18
493.83	1224.30
494.03	1215.29
494.24	1218.75
494.44	1216.92
494.65	1220.16
494.85	1218.58
495.06	1226.43
495.26	1216.00
495.47	1222.27
495.68	1221.04
495.88	1225.98
496.09	1221.57
496.29	1226.88
496.50	1218.30
496.70	1221.47
496.91	1217.48
497.11	1219.63
497.32	1214.26
497.52	1224.50
497.73	1215.26
497.93	1225.67
498.14	1220.20
498.34	1226.90
498.55	1219.63
498.75	1215.24
498.96	1220.06
499.16	1218.42
499.37	1211.56
499.57	1229.27
499.78	1219.14
499.98	1218.46
500.19	1219.50
500.39	1228.74
500.60	1220.55
500.80	1223.66
501.01	1218.71
501.21	1221.10
501.42	1212.25
501.62	1221.49
501.83	1217.97
502.03	1220.41
502.24	1216.90
502.44	1223.66
502.65	1221.35
502.85	1224.15
503.06	1222.86
503.26	1220.30
503.47	1213.42
503.67	1229.38
503.88	1220.90
504.08	1223.76
504.29	1220.14
504.49	1225.65
504.70	1217.05
504.90	1222.43
505.11	1215.61
505.31	1212.60
505.52	1217.89
505.72	1219.69
505.93	1219.07
506.13	1222.33
506.34	1224.32
506.54	1228.31
506.75	1214.06
506.95	1226.34
507.16	1219.20
507.36	1223.95
507.56	1213.11
507.77	1222.58
507.97	1212.99
508.18	1219.46
508.38	1212.87
508.59	1221.78
508.79	1220.04
509.00	1223.80
509.20	1219.40
509.41	1227.59
509.61	1213.73
509.82	1221.88
510.02	1219.30
510.22	1219.59
510.43	1220.26
510.63	1223.54
510.84	1219.89
511.04	1228.27
511.25	1217.80
511.45	1224.66
511.66	1224.13
511.86	1224.11
512.06	1221.82
512.27	1220.53
512.47	1218.21
512.68	1219.16
512.88	1220.63
513.09	1225.89
513.29	1210.70
513.50	1226.71
513.70	1217.82
513.90	1220.06
514.11	1217.21
514.31	1227.12
514.52	1225.87
514.72	1221.74
514.93	1213.61
515.13	1229.83
515.33	1217.76
515.54	1217.99
515.74	1217.05
515.95	1224.91
516.15	1217.58
516.36	1223.68
516.56	1215.31
516.76	1221.90
516.97	1210.62
517.17	1228.25
517.38	1215.59
517.58	1224.36
517.78	1218.36
517.99	1219.03
518.19	1218.99
518.40	1223.93
518.60	1214.04
518.81	1223.23
519.01	1216.88
519.21	1218.60
519.42	1218.56
519.62	1225.52
519.83	1218.36
520.03	1222.39
520.23	1216.06
520.44	1224.73
520.64	1223.64
520.85	1226.26
521.05	1213.56
521.25	1222.74
521.46	1212.52
521.66	1235.93
521.86	1217.99
522.07	1227.80
522.27	1217.25
522.48	1220.34
522.68	1220.88
522.88	1213.42
523.09	1216.21
523.29	1225.24
523.50	1216.12
523.70	1220.92
523.90	1216.04
524.11	1226.24
524.31	1214.28
524.51	1220.22
524.72	1214.45
524.92	1224.60
525.13	1212.23
525.33	1223.70
525.53	1217.64
525.74	1229.07
525.94	1217.64
526.14	1226.45
526.35	1218.38
526.55	1224.54
526.76	1213.65
526.96	1222.00
527.16	1210.47
527.37	1231.30
527.57	1211.37
527.77	1225.18
527.98	1217.44
528.18	1221.33
528.38	1219.34
528.59	1222.37
528.79	1224.44
528.99	1223.74
529.20	1222.33
529.40	1220.55
529.61	1219.93
529.81	1220.84
530.01	1219.30
530.22	1222.76
530.42	1210.76
530.62	1228.84
530.83	1223.13
531.03	1222.25
531.23	1224.54
531.44	1227.20
531.64	1209.67
531.84	1221.61
532.05	1213.34
532.25	1220.34
532.45	1215.29
532.66	1231.63
532.86	1215.04
533.06	1211.25
533.27	1217.89
533.47	1221.24
533.67	1218.62
533.88	1226.84
534.08	1212.21
534.28	1225.71
534.49	1216.72
534.69	1220.81
534.89	1218.75
535.09	1218.01
535.30	1218.83
535.50	1217.19
535.70	1221.00
535.91	1219.16
536.11	1215.98
536.31	1229.99
536.52	1224.46
536.72	1223.23
536.92	1210.68
537.13	1217.85
537.33	1212.27
537.53	1219.34
537.74	1220.49
537.94	1219.20
538.14	1218.05
538.34	1220.86
538.55	1213.85
538.75	1225.65
538.95	1211.25
539.16	1224.91
539.36	1218.40
539.56	1220.02
539.77	1213.24
539.97	1221.02
540.17	1207.36
540.37	1222.27
540.58	1213.32
540.78	1227.92
540.98	1219.44
541.19	1224.17
541.39	1215.76
541.59	1226.92
541.79	1216.15
542.00	1225.07
542.20	1215.06
542.40	1220.22
542.60	1214.57
542.81	1222.80
543.01	1221.12
543.21	1214.34
543.42	1215.04
543.62	1228.49
543.82	1215.37
544.02	1228.21
544.23	1214.63
544.43	1226.12
544.63	1219.11
544.83	1229.23
545.04	1219.18
545.24	1225.57
545.44	1212.95
545.64	1213.67
545.85	1224.50
546.05	1218.81
546.25	1217.76
546.45	1228.11
546.66	1218.64
546.86	1226.00
547.06	1221.96
547.27	1223.68
547.47	1222.76
547.67	1222.60
547.87	1218.34
548.07	1226.12
548.28	1215.65
548.48	1222.72
548.68	1216.29
548.88	1221.39
549.09	1217.82
549.29	1216.41
549.49	1213.28
549.69	1221.14
549.90	1218.48
550.10	1221.04
550.30	1218.28
550.50	1227.37
550.71	1220.04
550.91	1223.68
551.11	1218.17
551.31	1220.20
551.51	1221.37
551.72	1217.68
551.92	1219.18
552.12	1223.13
552.32	1219.05
552.53	1226.45
552.73	1217.93
552.93	1225.65
553.13	1212.46
553.33	1223.72
553.54	1214.59
553.74	1227.39
553.94	1219.61
554.14	1219.32
554.35	1217.35
554.55	1217.95
554.75	1213.97
554.95	1226.43
555.15	1217.09
555.36	1225.32
555.56	1220.75
555.76	1225.42
555.96	1222.33
556.16	1224.71
556.37	1216.58
556.57	1215.41
556.77	1217.89
556.97	1222.27
557.17	1216.55
557.38	1217.58
557.58	1217.03
557.78	1219.69
557.98	1213.46
558.18	1213.34
558.38	1218.77
558.59	1211.87
558.79	1214.08
558.99	1219.24
559.19	1223.93
559.39	1225.46
559.60	1219.81
559.80	1228.41
560.00	1219.18
560.20	1224.52
560.40	1211.89
560.60	1225.22
560.81	1215.61
561.01	1223.23
561.21	1219.69
561.41	1225.83
561.61	1205.31
561.81	1228.97
562.02	1220.41
562.22	1221.90
562.42	1214.28
562.62	1226.96
562.82	1215.67
563.02	1216.37
563.23	1219.73
563.43	1222.58
563.63	1215.76
563.83	1224.05
564.03	1219.65
564.23	1219.63
564.43	1214.10
564.64	1228.99
564.84	1218.07
565.04	1218.48
565.24	1217.05
565.44	1225.48
565.64	1213.79
565.85	1220.55
566.05	1211.97
566.25	1216.31
566.45	1221.80
566.65	1215.41
566.85	1219.05
567.05	1223.03
567.25	1210.98
567.46	1220.26
567.66	1214.40
567.86	1221.27
568.06	1214.22
568.26	1221.51
568.46	1217.72
568.66	1217.23
568.86	1225.79
569.07	1226.49
569.27	1221.88
569.47	1217.46
569.67	1208.59
569.87	1223.66
570.07	1219.73
570.27	1216.98
570.47	1214.88
570.68	1222.99
570.88	1214.30
571.08	1219.46
571.28	1217.25
571.48	1223.48
571.68	1213.85
571.88	1224.66
572.08	1224.97
572.28	1218.21
572.49	1215.61
572.69	1223.29
572.89	1212.81
573.09	1231.36
573.29	1215.41
573.49	1228.80
573.69	1217.11
573.89	1224.36
574.09	1218.19
574.29	1212.34
574.50	1217.58
574.70	1223.15
574.90	1224.19
575.10	1224.50
575.30	1220.18
575.50	1224.83
575.70	1218.73
575.90	1221.33
576.10	1218.83
576.30	1229.83
576.50	1209.69
576.70	1222.58
576.91	1214.83
577.11	1218.54
577.31	1213.52
577.51	1226.12
577.71	1211.56
577.91	1220.73
578.11	1218.19
578.31	1224.62
578.51	1220.51
578.71	1223.83
578.91	1215.16
579.11	1226.63
579.31	1221.10
579.51	1218.48
579.71	1215.29
579.92	1225.30
580.12	1214.53
580.32	1225.28
580.52	1217.72
580.72	1215.16
580.92	1217.70
581.12	1220.96
581.32	1219.69
581.52	1221.67
581.72	1218.34
581.92	1225.87
582.12	1212.13
582.32	1221.86
582.52	1220.98
582.72	1219.48
582.92	1215.98
583.12	1221.08
583.32	1215.92
583.52	1223.13
583.72	1213.07
583.92	1218.89
584.12	1220.96
584.33	1221.20
584.53	1213.24
584.73	1219.71
584.93	1214.88
585.13	1225.26
585.33	1210.57
585.53	1225.52
585.73	1217.48
585.93	1224.89
586.13	1213.38
586.33	1224.79
586.53	1216.84
586.73	1223.95
586.93	1219.83
587.13	1226.61
587.33	1217.03
587.53	1225.69
587.73	1216.96
587.93	1222.64
588.13	1216.47
588.33	1228.06
588.53	1219.48
588.73	1227.76
588.93	1219.20
589.13	1224.32
589.33	1210.29
589.53	1215.10
589.73	1222.25
589.93	1224.01
590.13	1216.76
590.33	1221.08
590.53	1216.33
590.73	1223.80
590.93	1216.78
591.13	1222.06
591.33	1222.17
591.53	1229.21
591.73	1218.83
591.93	1227.25
592.13	1219.67
592.33	1218.21
592.53	1222.74
592.73	1226.08
592.93	1216.23
593.13	1223.93
593.33	1212.03
593.53	1220.67
593.73	1219.91
593.93	1219.05
594.13	1219.63
594.33	1224.48
594.53	1218.68
594.73	1224.54
594.92	1211.68
595.12	1218.17
595.32	1222.90
595.52	1225.48
595.72	1220.02
595.92	1222.43
596.12	1220.55
596.32	1226.47
596.52	1208.06
596.72	1224.07
596.92	1210.86
597.12	1223.42
597.32	1220.24
597.52	1224.58
597.72	1220.63
597.92	1220.61
598.12	1213.87
598.32	1222.56
598.52	1215.63
598.72	1222.99
598.92	1211.15
599.12	1216.60
599.31	1222.23
599.51	1216.74
599.71	1211.60
599.91	1221.00
600.11	1226.67
600.31	1228.84
600.51	1222.90
600.71	1230.24
600.91	1213.26
601.11	1215.90
601.31	1215.41
601.51	1224.52
601.71	1221.45
601.91	1222.10
602.10	1215.37
602.30	1218.40
602.50	1218.44
602.70	1229.76
602.90	1213.85
603.10	1226.61
603.30	1219.20
603.50	1216.02
603.70	1212.99
603.90	1219.52
604.10	1215.37
604.30	1217.76
604.49	1212.66
604.69	1228.39
604.89	1219.87
605.09	1232.75
605.29	1213.46
605.49	1227.88
605.69	1215.08
605.89	1226.77
606.09	1224.23
606.29	1217.68
606.48	1209.80
606.68	1224.73
606.88	1217.29
607.08	1224.30
607.28	1212.13
607.48	1230.19
607.68	1224.97
607.88	1223.50
608.08	1216.02
608.27	1229.74
608.47	1222.25
608.67	1225.50
608.87	1210.29
609.07	1226.18
609.27	1218.75
609.47	1218.64
609.67	1219.65
609.87	1215.18
610.06	1216.88
610.26	1227.96
610.46	1215.94
610.66	1217.39
610.86	1225.09
611.06	1221.18
611.26	1217.33
611.45	1223.17
611.65	1218.64
611.85	1223.64
612.05	1207.69
612.25	1229.44
612.45	1217.11
612.65	1223.44
612.84	1219.57
613.04	1225.32
613.24	1219.87
613.44	1217.89
613.64	1223.85
613.84	1227.00
614.04	1222.84
614.23	1226.02
614.43	1218.66
614.63	1223.74
614.83	1220.24
615.03	1224.87
615.23	1220.59
615.42	1217.52
615.62	1218.50
615.82	1221.67
616.02	1222.53
616.22	1226.20
616.42	1215.76
616.61	1226.08
616.81	1219.44
617.01	1220.08
617.21	1216.02
617.41	1223.87
617.61	1216.84
617.80	1220.16
618.00	1212.38
618.20	1221.16
618.40	1218.54
618.60	1222.45
618.80	1218.85
618.99	1221.08
619.19	1213.65
619.39	1230.28
619.59	1222.37
619.79	1223.72
619.98	1214.75
620.18	1222.74
620.38	1218.62
620.58	1213.48
620.78	1217.95
620.97	1220.04
621.17	1217.42
621.37	1222.17
621.57	1217.80
621.77	1217.13
621.96	1219.95
622.16	1213.67
622.36	1211.13
622.56	1224.15
622.76	1215.59
622.95	1223.31
623.15	1219.20
623.35	1221.39
623.55	1213.22
623.75	1222.70
623.94	1221.41
624.14	1220.96
624.34	1215.47
624.54	1217.78
624.73	1215.12
624.93	1223.60
625.13	1212.83
625.33	1226.18
625.53	1216.31
625.72	1226.92
625.92	1218.30
626.12	1220.86
626.32	1216.45
626.51	1219.65
626.71	1220.32
626.91	1229.11
627.11	1215.00
627.30	1222.04
627.50	1216.00
627.70	1226.92
627.90	1217.27
628.10	1220.43
628.29	1212.79
628.49	1219.71
628.69	1219.48
628.89	1226.36
629.08	1221.90
629.28	1221.98
629.48	1218.25
629.68	1222.47
629.87	1216.45
630.07	1222.23
630.27	1219.03
630.47	1217.03
630.66	1216.35
630.86	1219.89
631.06	1218.81
631.25	1224.46
631.45	1222.19
631.65	1220.77
631.85	1219.20
632.04	1218.03
632.24	1208.75
632.44	1224.40
632.64	1209.57
632.83	1217.01
633.03	1217.85
633.23	1221.06
633.42	1221.39
633.62	1214.59
633.82	1219.24
634.02	1226.84
634.21	1223.05
634.41	1222.43
634.61	1216.82
634.81	1219.40
635.00	1216.10
635.20	1227.31
635.40	1220.34
635.59	1223.48
635.79	1220.53
635.99	1228.29
636.18	1217.95
636.38	1219.61
636.58	1215.41
636.78	1220.00
636.97	1213.01
637.17	1217.85
637.37	1223.46
637.56	1217.99
637.76	1211.09
637.96	1216.68
638.15	1219.36
638.35	1217.62
638.55	1221.04
638.74	1218.91
638.94	1215.86
639.14	1218.64
639.34	1218.68
639.53	1223.54
639.73	1216.62
639.93	1221.27
640.12	1219.36
640.32	1229.99
640.52	1216.92
640.71	1221.35
640.91	1219.44
641.11	1226.92
641.30	1216.88
641.50	1223.68
641.70	1224.09
641.89	1225.61
642.09	1219.71
642.29	1217.15
642.48	1215.12
642.68	1220.63
642.88	1219.67
643.07	1221.63
643.27	1219.91
643.47	1225.98
643.66	1215.41
643.86	1216.31
644.06	1216.08
644.25	1221.96
644.45	1215.45
644.65	1224.13
644.84	1219.79
645.04	1218.19
645.23	1218.89
645.43	1221.74
645.63	1216.51
645.82	1227.45
646.02	1209.71
646.22	1222.17
646.41	1216.88
646.61	1219.67
646.81	1211.35
647.00	1222.53
647.20	1216.64
647.39	1225.38
647.59	1217.21
647.79	1211.91
647.98	1213.50
648.18	1226.65
648.38	1217.89
648.57	1224.95
648.77	1214.30
648.96	1215.51
649.16	1213.85
649.36	1225.69
649.55	1217.23
649.75	1223.50
649.95	1212.85
650.14	1218.73
650.34	1216.49
650.53	1221.35
650.73	1211.89
650.93	1221.24
651.12	1220.63
651.32	1222.78
651.51	1214.36
651.71	1227.14
651.91	1220.81
652.10	1226.69
652.30	1215.29
652.49	1220.32
652.69	1220.75
652.89	1217.07
653.08	1214.57
653.28	1225.36
653.47	1228.84
653.67	1225.46
653.86	1219.28
654.06	1219.07
654.26	1221.04
654.45	1223.37
654.65	1215.20
654.84	1225.26
655.04	1214.59
655.24	1227.80
655.43	1213.65
655.63	1218.40
655.82	1217.25
656.02	1225.01
656.21	1215.76
656.41	1231.07
656.61	1220.90
656.80	1219.44
657.00	1221.00
657.19	1226.90
657.39	1210.76
657.58	1218.64
657.78	1220.16
657.97	1223.27
658.17	1215.86
658.37	1220.67
658.56	1220.61
658.76	1227.51
658.95	1213.07
659.15	1222.45
659.34	1212.30
659.54	1218.75
659.73	1218.68
659.93	1221.29
660.13	1209.65
660.32	1222.25
660.52	1217.62
660.71	1217.35
660.91	1225.55
661.10	1224.11
661.30	1215.90
661.49	1226.94
661.69	1219.01
661.88	1229.33
662.08	1216.72
662.27	1223.62
662.47	1220.22
662.66	1222.13
662.86	1212.58
663.06	1226.90
663.25	1220.02
663.45	1223.11
663.64	1213.30
663.84	1225.61
664.03	1219.46
664.23	1226.00
664.42	1217.58
664.62	1223.87
664.81	1218.09
665.01	1221.72
665.20	1216.33
665.40	1226.55
665.59	1224.48
665.79	1213.26
665.98	1217.60
666.18	1220.61
666.37	1223.17
666.57	1221.67
666.76	1216.00
666.96	1222.60
667.15	1211.87
667.35	1221.02
667.54	1216.00
667.74	1226.49
667.93	1211.17
668.13	1222.76
668.32	1213.44
668.52	1218.81
668.71	1221.16
668.91	1223.93
669.10	1214.42
669.30	1224.89
669.49	1223.91
669.68	1218.50
669.88	1212.54
670.07	1214.67
670.27	1219.85
670.46	1217.19
670.66	1215.08
670.85	1220.02
671.05	1221.96
671.24	1228.74
671.44	1217.15
671.63	1226.51
671.83	1224.09
672.02	1227.76
672.22	1214.36
672.41	1223.56
672.60	1215.49
672.80	1223.56
672.99	1219.48
673.19	1223.19
673.38	1216.80
673.58	1224.13
673.77	1219.52
673.97	1221.12
674.16	1219.42
674.36	1229.95
674.55	1212.32
674.74	1214.36
674.94	1212.93
675.13	1222.72
675.33	1211.95
675.52	1223.83
675.72	1221.10
675.91	1225.03
676.10	1212.85
676.30	1222.97
676.49	1219.24
676.69	1221.06
676.88	1213.01
677.08	1223.19
677.27	1221.55
677.46	1224.81
677.66	1214.02
677.85	1225.87
678.05	1208.63
678.24	1225.12
678.44	1219.50
678.63	1221.90
678.82	1213.75
679.02	1221.00
679.21	1212.70
679.41	1220.59
679.60	1220.08
679.79	1221.84
679.99	1215.90
680.18	1226.36
680.38	1213.54
680.57	1227.47
680.76	1219.44
680.96	1222.82
681.15	1215.96
681.35	1221.04
681.54	1218.30
681.73	1227.90
681.93	1224.58
682.12	1228.13
682.32	1211.78
682.51	1217.27
682.70	1220.32
682.90	1222.64
683.09	1221.53
683.29	1224.42
683.48	1218.50
683.67	1224.87
683.87	1214.42
684.06	1226.20
684.25	1219.30
684.45	1221.98
684.64	1216.47
684.84	1216.06
685.03	1216.39
685.22	1220.18
685.42	1215.26
685.61	1230.21
685.80	1219.20
686.00	1217.11
686.19	1224.34
686.38	1228.72
686.58	1212.79
686.77	1221.24
686.96	1221.33
687.16	1219.46
687.35	1212.44
687.55	1227.78
687.74	1219.81
687.93	1229.74
688.13	1216.66
688.32	1223.76
688.51	1211.95
688.71	1225.81
688.90	1214.02
689.09	1219.32
689.29	1220.63
689.48	1215.41
689.67	1220.06
689.87	1222.37
690.06	1219.14
690.25	1226.75
690.45	1209.86
690.64	1223.95
690.83	1219.18
691.03	1226.71
691.22	1215.24
691.41	1221.35
691.61	1215.20
691.80	1228.70
691.99	1214.16
692.19	1225.63
692.38	1218.01
692.57	1223.97
692.76	1216.64
692.96	1223.91
693.15	1215.20
693.34	1224.19
693.54	1223.07
693.73	1229.19
693.92	1217.97
694.12	1218.32
694.31	1218.75
694.50	1222.31
694.70	1218.25
694.89	1223.31
695.08	1216.70
695.27	1226.45
695.47	1214.98
695.66	1226.57
695.85	1211.00
696.05	1227.29
696.24	1217.97
696.43	1229.89
696.62	1216.94
696.82	1221.82
697.01	1222.04
697.20	1219.03
697.40	1219.32
697.59	1225.65
697.78	1212.23
697.97	1225.07
698.17	1212.87
698.36	1225.44
698.55	1218.03
698.74	1224.97
698.94	1210.72
699.13	1227.53
699.32	1220.65
699.52	1222.17
699.71	1219.18
699.90	1227.45
700.09	1213.42
700.29	1228.74
700.48	1214.98
700.67	1218.40
700.86	1218.75
701.06	1228.52
701.25	1218.05
701.44	1226.39
701.63	1219.14
701.83	1219.40
702.02	1220.55
702.21	1224.54
702.40	1214.96
702.60	1227.04
702.79	1215.55
702.98	1218.56
703.17	1217.09
703.37	1220.20
703.56	1214.20
703.75	1215.67
703.94	1213.71
704.13	1224.60
704.33	1216.82
704.52	1227.37
704.71	1218.77
704.90	1227.16
705.10	1219.38
705.29	1221.63
705.48	1219.59
705.67	1219.63
705.86	1215.94
706.06	1224.28
706.25	1218.60
706.44	1222.84
706.63	1217.74
706.83	1224.48
707.02	1214.12
707.21	1218.44
707.40	1215.00
707.59	1226.02
707.79	1206.34
707.98	1222.99
708.17	1222.86
708.36	1230.26
708.55	1217.42
708.75	1228.35
708.94	1221.51
709.13	1230.24
709.32	1216.02
709.51	1230.62
709.71	1214.12
709.90	1228.47
710.09	1217.07
710.28	1225.57
710.47	1215.00
710.66	1222.49
710.86	1222.99
711.05	1219.28
711.24	1209.45
711.43	1228.37
711.62	1220.73
711.82	1228.08
712.01	1222.00
712.20	1220.16
712.39	1219.57
712.58	1225.73
712.77	1221.86
712.97	1228.35
713.16	1216.41
713.35	1226.22
713.54	1212.93
713.73	1225.85
713.92	1217.82
714.11	1220.55
714.31	1221.37
714.50	1224.77
714.69	1219.73
714.88	1228.29
715.07	1216.74
715.26	1219.65
715.46	1213.81
715.65	1225.85
715.84	1220.77
716.03	1227.68
716.22	1217.29
716.41	1220.59
716.60	1216.78
716.80	1220.20
716.99	1218.05
717.18	1229.21
717.37	1210.02
717.56	1228.41
717.75	1220.75
717.94	1225.59
718.13	1216.47
718.33	1224.15
718.52	1216.19
718.71	1215.67
718.90	1221.29
719.09	1224.77
719.28	1217.56
719.47	1224.40
719.66	1222.70
719.85	1222.39
720.05	1213.42
720.24	1221.45
720.43	1215.69
720.62	1223.64
720.81	1214.65
721.00	1220.22
721.19	1220.71
721.38	1226.00
721.57	1225.65
721.77	1230.91
721.96	1214.26
722.15	1224.62
722.34	1218.40
722.53	1219.50
722.72	1217.33
722.91	1222.43
723.10	1215.69
723.29	1225.83
723.48	1215.55
723.67	1221.61
723.87	1210.70
724.06	1227.33
724.25	1209.06
724.44	1229.38
724.63	1217.93
724.82	1220.98
725.01	1206.19
725.20	1224.58
725.39	1213.03
725.58	1220.67
725.77	1215.94
725.96	1227.37
726.15	1215.41
726.34	1220.65
726.54	1216.41
726.73	1222.92
726.92	1211.60
727.11	1222.43
727.30	1210.53
727.49	1224.46
727.68	1209.90
727.87	1221.35
728.06	1221.51
728.25	1221.12
728.44	1221.33
728.63	1230.03
728.82	1216.72
729.01	1229.03
729.20	1214.83
729.39	1221.94
729.58	1208.49
729.77	1224.99
729.96	1215.14
730.15	1210.49
730.34	1221.82
730.53	1223.72
730.73	1212.58
730.92	1226.49
731.11	1226.02
731.30	1220.90
731.49	1215.33
731.68	1226.22
731.87	1224.03
732.06	1224.89
732.25	1214.83
732.44	1225.12
732.63	1208.10
732.82	1226.59
733.01	1216.43
733.20	1220.20
733.39	1224.81
733.58	1221.43
733.77	1220.12
733.96	1227.25
734.15	1220.98
734.34	1218.58
734.53	1219.91
734.72	1231.61
734.91	1214.67
735.10	1224.36
735.29	1218.56
735.48	1227.55
735.67	1211.07
735.86	1224.71
736.05	1222.10
736.24	1220.79
736.43	1215.00
736.62	1213.97
736.81	1216.58
737.00	1235.52
737.19	1213.44
737.38	1223.46
737.57	1215.00
737.76	1225.09
737.95	1213.65
738.14	1220.88
738.33	1218.07
738.51	1223.19
738.70	1212.56
738.89	1220.67
739.08	1220.61
739.27	1224.81
739.46	1212.89
739.65	1226.18
739.84	1211.74
740.03	1224.50
740.22	1223.29
740.41	1222.47
740.60	1212.19
740.79	1221.24
740.98	1221.18
741.17	1230.99
741.36	1220.14
741.55	1222.17
741.74	1213.36
741.93	1220.67
742.12	1216.96
742.31	1221.14
742.50	1217.54
742.68	1218.71
742.87	1214.34
743.06	1227.14
743.25	1214.75
743.44	1216.31
743.63	1214.34
743.82	1221.84
744.01	1212.60
744.20	1224.75
744.39	1219.69
744.58	1219.30
744.77	1216.55
744.96	1221.90
745.14	1220.43
745.33	1224.40
745.52	1220.57
745.71	1226.47
745.90	1210.96
746.09	1223.37
746.28	1219.75
746.47	1222.92
746.66	1220.59
746.85	1224.46
747.04	1218.34
747.22	1222.17
747.41	1222.39
747.60	1220.43
747.79	1213.63
747.98	1220.08
748.17	1210.29
748.36	1222.82
748.55	1215.88
748.74	1230.40
748.93	1215.35
749.11	1222.82
749.30	1216.68
749.49	1219.54
749.68	1215.92
749.87	1218.50
750.06	1216.25
750.25	1225.77
750.44	1214.92
750.62	1224.62
750.81	1215.63
751.00	1224.89
751.19	1209.47
751.38	1216.66
751.57	1219.81
751.76	1222.41
751.95	1217.07
752.13	1219.81
752.32	1213.71
752.51	1219.32
752.70	1213.93
752.89	1219.50
753.08	1219.75
753.27	1222.19
753.45	1215.20
753.64	1219.83
753.83	1221.55
754.02	1223.95
754.21	1214.26
754.40	1216.19
754.58	1222.08
754.77	1222.78
754.96	1217.33
755.15	1224.34
755.34	1221.45
755.53	1223.72
755.71	1219.93
755.90	1220.53
756.09	1210.80
756.28	1216.70
756.47	1211.50
756.66	1222.35
756.84	1217.13
757.03	1222.76
757.22	1222.47
757.41	1220.65
757.60	1220.16
757.79	1224.56
757.97	1212.77
758.16	1218.05
758.35	1224.09
758.54	1226.84
758.73	1220.86
758.91	1224.91
759.10	1220.73
759.29	1222.76
759.48	1221.51
759.67	1219.81
759.85	1221.18
760.04	1224.44
760.23	1212.25
760.42	1222.84
760.61	1215.35
760.79	1222.43
760.98	1216.47
761.17	1230.64
761.36	1214.22
761.55	1221.29
761.73	1210.29
761.92	1220.18
762.11	1222.74
762.30	1225.28
762.49	1216.60
762.67	1224.83
762.86	1220.69
763.05	1222.60
763.24	1217.25
763.42	1218.36
763.61	1213.97
763.80	1220.63
763.99	1209.98
764.17	1215.47
764.36	1220.12
764.55	1228.62
764.74	1220.10
764.92	1220.51
765.11	1212.64
765.30	1223.35
765.49	1219.01
765.68	1223.07
765.86	1213.32
766.05	1217.29
766.24	1216.12
766.43	1218.99
766.61	1217.01
766.80	1225.91
766.99	1221.45
767.17	1231.69
767.36	1213.46
767.55	1219.11
767.74	1213.44
767.92	1221.96
768.11	1216.78
768.30	1218.15
768.49	1216.98
768.67	1227.49
768.86	1216.94
769.05	1221.06
769.24	1214.86
769.42	1220.10
769.61	1223.31
769.80	1225.07
769.98	1222.86
770.17	1224.85
770.36	1220.30
770.55	1228.80
770.73	1220.22
770.92	1224.60
771.11	1218.85
771.29	1221.14
771.48	1212.97
771.67	1220.10
771.86	1217.19
772.04	1224.30
772.23	1211.25
772.42	1213.07
772.60	1223.01
772.79	1221.92
772.98	1218.52
773.16	1216.12
773.35	1224.36
773.54	1225.26
773.72	1219.20
773.91	1218.85
774.10	1217.35
774.29	1218.66
774.47	1217.44
774.66	1226.24
774.85	1222.53
775.03	1228.17
775.22	1218.03
775.41	1221.51
775.59	1220.04
775.78	1222.19
775.97	1222.31
776.15	1219.93
776.34	1214.69
776.53	1221.33
776.71	1211.03
776.90	1223.91
777.09	1215.39
777.27	1228.45
777.46	1217.27
777.65	1227.10
777.83	1228.54
778.02	1220.69
778.21	1216.53
778.39	1220.75
778.58	1213.54
778.76	1223.80
778.95	1220.90
779.14	1225.57
779.32	1218.95
779.51	1222.53
779.70	1212.34
779.88	1221.78
780.07	1214.65
780.26	1224.60
780.44	1215.08
780.63	1226.14
780.81	1221.70
781.00	1220.55
781.19	1224.09
781.37	1220.77
781.56	1223.11
781.75	1220.26
781.93	1215.02
782.12	1223.64
782.30	1211.93
782.49	1208.85
782.68	1214.61
782.86	1226.92
783.05	1215.74
783.23	1215.92
783.42	1215.67
783.61	1219.34
783.79	1213.36
783.98	1218.42
784.16	1221.90
784.35	1216.68
784.54	1214.34
784.72	1220.18
784.91	1215.04
785.09	1224.28
785.28	1216.02
785.47	1223.99
785.65	1225.16
785.84	1231.20
786.02	1223.50
786.21	1217.66
786.40	1214.20
786.58	1222.27
786.77	1219.01
786.95	1222.39
787.14	1219.73
787.32	1220.14
787.51	1221.51
787.70	1222.00
787.88	1221.29
788.07	1223.52
788.25	1217.25
788.44	1218.15
788.62	1216.80
788.81	1225.38
789.00	1221.00
789.18	1227.04
789.37	1215.88
789.55	1226.57
789.74	1219.81
789.92	1217.07
790.11	1220.79
790.29	1224.15
790.48	1221.18
790.67	1219.81
790.85	1219.26
791.04	1217.93
791.22	1221.06
791.41	1217.89
791.59	1220.71
791.78	1219.44
791.96	1213.03
792.15	1223.17
792.33	1215.35
792.52	1216.66
792.70	1217.56
792.89	1221.12
793.07	1217.78
793.26	1221.82
793.45	1216.49
793.63	1228.02
793.82	1219.54
794.00	1221.29
794.19	1220.00
794.37	1222.64
794.56	1213.87
794.74	1219.75
794.93	1212.75
795.11	1227.27
795.30	1216.72
795.48	1226.20
795.67	1221.51
795.85	1215.33
796.04	1221.06
796.22	1223.74
796.41	1218.48
796.59	1220.41
796.78	1212.15
796.96	1219.46
797.15	1222.13
797.33	1219.83
797.52	1220.47
797.70	1221.57
797.89	1221.76
798.07	1229.17
798.26	1219.22
798.44	1224.15
798.63	1219.79
798.81	1224.85
798.99	1221.61
799.18	1220.51
799.36	1218.28
799.55	1218.83
799.73	1217.19
799.92	1227.90
800.10	1218.73
800.29	1227.57
800.47	1214.63
800.66	1225.40
800.84	1214.22
801.03	1215.53
801.21	1213.40
801.39	1226.84
801.58	1217.13
801.76	1223.80
801.95	1218.30
802.13	1227.45
802.32	1217.74
802.50	1216.92
802.69	1214.57
802.87	1219.50
803.06	1215.10
803.24	1224.42
803.42	1219.67
803.61	1218.89
803.79	1216.78
803.98	1222.94
804.16	1213.71
804.35	1235.97
804.53	1214.36
804.71	1220.53
804.90	1212.91
805.08	1219.42
805.27	1215.20
805.45	1223.78
805.63	1221.94
805.82	1219.46
806.00	1208.96
806.19	1223.95
806.37	1214.55
806.56	1229.50
806.74	1210.00
806.92	1223.95
807.11	1212.79
807.29	1221.31
807.48	1215.35
807.66	1221.88
807.84	1216.53
808.03	1228.08
808.21	1214.47
808.40	1219.67
808.58	1221.24
808.76	1226.45
808.95	1214.42
809.13	1220.45
809.32	1211.13
809.50	1230.85
809.68	1212.15
809.87	1222.80
810.05	1222.33
810.23	1216.53
810.42	1217.54
810.60	1222.41
810.79	1212.70
810.97	1222.94
811.15	1227.27
811.34	1226.16
811.52	1217.25
811.70	1227.16
811.89	1213.38
812.07	1228.70
812.25	1219.73
812.44	1231.63
812.62	1216.76
812.81	1224.79
812.99	1220.92
813.17	1220.65
813.36	1216.45
813.54	1225.01
813.72	1219.09
813.91	1227.29
814.09	1215.98
814.27	1228.72
814.46	1211.50
814.64	1225.71
814.82	1215.43
815.01	1226.51
815.19	1222.21
815.37	1231.05
815.56	1217.80
815.74	1221.92
815.92	1214.22
816.11	1230.15
816.29	1211.99
816.47	1219.71
816.66	1217.39
816.84	1227.70
817.02	1218.95
817.21	1223.23
817.39	1222.78
817.57	1228.88
817.76	1221.47
817.94	1217.72
818.12	1222.64
818.30	1223.40
818.49	1217.91
818.67	1230.73
818.85	1217.93
819.04	1227.41
819.22	1221.27
819.40	1228.80
819.59	1219.34
819.77	1226.94
819.95	1216.31
820.13	1225.71
820.32	1217.39
820.50	1217.56
820.68	1220.14
820.87	1224.34
821.05	1215.49
821.23	1221.41
821.41	1214.98
821.60	1224.28
821.78	1223.17
821.96	1221.31
822.14	1220.92
822.33	1217.48
822.51	1219.14
822.69	1214.75
822.88	1222.99
823.06	1220.45
823.24	1212.07
823.42	1230.05
823.61	1224.52
823.79	1220.73
823.97	1216.06
824.15	1221.51
824.34	1216.35
824.52	1227.35
824.70	1220.45
824.88	1221.22
825.07	1216.39
825.25	1222.39
825.43	1214.51
825.61	1220.00
825.80	1220.10
825.98	1229.64
826.16	1215.24
826.34	1222.25
826.53	1215.29
826.71	1218.11
826.89	1216.92
827.07	1223.87
827.25	1216.10
827.44	1220.00
827.62	1221.94
827.80	1224.21
827.98	1220.98
828.17	1225.14
828.35	1215.80
828.53	1228.08
828.71	1214.63
828.89	1227.02
829.08	1216.49
829.26	1227.00
829.44	1220.32
829.62	1223.11
829.80	1217.39
829.99	1222.02
830.17	1221.65
830.35	1224.60
830.53	1216.47
830.71	1226.73
830.90	1214.02
831.08	1219.95
831.26	1212.66
831.44	1220.61
831.62	1215.45
831.81	1218.44
831.99	1211.19
832.17	1224.95
832.35	1215.96
832.53	1224.15
832.71	1218.89
832.90	1225.87
833.08	1214.24
833.26	1223.15
833.44	1211.27
833.62	1225.38
833.81	1220.49
833.99	1217.29
834.17	1213.09
834.35	1223.21
834.53	1214.06
834.71	1220.88
834.89	1216.37
835.08	1221.76
835.26	1219.46
835.44	1232.14
835.62	1222.97
835.80	1218.66
835.98	1216.68
836.17	1228.84
836.35	1220.20
836.53	1226.30
836.71	1217.97
836.89	1228.02
837.07	1221.18
837.25	1229.05
837.44	1215.33
837.62	1222.64
837.80	1217.19
837.98	1234.35
838.16	1215.84
838.34	1226.20
838.52	1226.41
838.70	1224.54
838.89	1215.76
839.07	1231.53
839.25	1217.78
839.43	1226.63
839.61	1211.58
839.79	1223.89
839.97	1220.86
840.15	1229.07
840.33	1219.38
840.52	1225.03
840.70	1217.35
840.88	1230.50
841.06	1218.36
841.24	1224.30
841.42	1220.86
841.60	1224.87
841.78	1220.18
841.96	1223.89
842.14	1215.82
842.33	1214.08
842.51	1222.41
842.69	1228.97
842.87	1218.13
843.05	1221.10
843.23	1212.01
843.41	1230.03
843.59	1224.85
843.77	1226.88
843.95	1225.09
844.13	1221.47
844.31	1213.83
844.49	1225.40
844.68	1221.43
844.86	1229.25
845.04	1216.80
845.22	1221.74
845.40	1225.96
845.58	1222.02
845.76	1222.06
845.94	1218.83
846.12	1219.87
846.30	1223.13
846.48	1217.33
846.66	1231.65
846.84	1215.00
847.02	1228.76
847.20	1220.30
847.38	1230.64
847.56	1220.08
847.74	1231.69
847.92	1221.94
848.11	1229.93
848.29	1223.76
848.47	1226.92
848.65	1220.53
848.83	1227.78
849.01	1216.76
849.19	1232.12
849.37	1224.23
849.55	1232.73
849.73	1226.34
849.91	1223.29
850.09	1221.84
850.27	1233.10
850.45	1223.97
850.63	1225.44
850.81	1232.02
850.99	1236.58
851.17	1230.01
851.35	1225.01
851.53	1228.11
851.71	1229.66
851.89	1228.56
852.07	1230.81
852.25	1231.20
852.43	1234.04
852.61	1228.80
852.79	1228.99
852.97	1233.00
853.15	1236.24
853.33	1237.24
853.51	1232.26
853.69	1226.51
853.87	1235.40
854.05	1231.28
854.23	1238.65
854.41	1235.29
854.59	1243.77
854.77	1242.36
854.95	1238.96
855.13	1230.58
855.31	1244.67
855.49	1238.63
855.67	1239.35
855.84	1232.30
856.02	1236.07
856.20	1235.11
856.38	1242.20
856.56	1248.56
856.74	1247.27
856.92	1240.93
857.10	1242.26
857.28	1233.88
857.46	1250.08
857.64	1236.95
857.82	1243.81
858.00	1245.23
858.18	1253.34
858.36	1242.83
858.54	1246.68
858.72	1241.70
858.90	1249.24
859.08	1238.86
859.25	1253.23
859.43	1244.26
859.61	1248.07
859.79	1244.65
859.97	1246.52
860.15	1242.38
860.33	1256.82
860.51	1242.05
860.69	1245.66
860.87	1246.29
861.05	1250.88
861.23	1239.33
861.41	1243.08
861.58	1233.76
861.76	1242.56
861.94	1244.63
862.12	1246.74
862.30	1249.18
862.48	1246.99
862.66	1240.25
862.84	1245.04
863.02	1246.58
863.20	1248.87
863.37	1244.73
863.55	1254.59
863.73	1253.52
863.91	1255.86
864.09	1251.64
864.27	1263.72
864.45	1258.89
864.63	1270.44
864.80	1276.58
864.98	1285.49
865.16	1285.67
865.34	1294.95
865.52	1302.30
865.70	1338.41
865.88	1360.59
866.06	1425.14
866.23	1487.64
866.41	1607.68
866.59	1727.48
866.77	1902.67
866.95	2093.29
867.13	2320.78
867.31	2548.76
867.48	2797.03
867.66	3028.29
867.84	3269.38
868.02	3480.20
868.20	3688.11
868.38	3881.02
868.56	4059.16
868.73	4207.74
868.91	4382.06
869.09	4514.30
869.27	4630.81
869.45	4721.88
869.63	4870.75
869.80	4966.86
869.98	5056.35
870.16	5170.47
870.34	5266.93
870.52	5322.94
870.70	5384.56
870.87	5487.33
871.05	5539.39
871.23	5625.59
871.41	5706.91
871.59	5692.19
871.76	5713.61
871.94	5669.88
872.12	5644.96
872.30	5522.31
872.48	5367.58
872.65	5190.92
872.83	4983.42
873.01	4740.35
873.19	4495.70
873.37	4215.48
873.54	3966.73
873.72	3684.81
873.90	3467.29
874.08	3185.66
874.26	2983.97
874.43	2767.28
874.61	2611.92
874.79	2438.76
874.97	2329.44
875.15	2221.88
875.32	2144.35
875.50	2052.15
875.68	2008.57
875.86	1953.31
876.03	1929.56
876.21	1894.72
876.39	1879.22
876.57	1838.13
876.74	1824.04
876.92	1789.43
877.10	1782.47
877.28	1748.88
877.45	1735.80
877.63	1702.15
877.81	1703.62
877.99	1669.22
878.17	1670.88
878.34	1640.59
878.52	1640.34
878.70	1620.25
878.87	1602.54
879.05	1577.61
879.23	1574.05
879.41	1556.56
879.58	1554.55
879.76	1535.77
879.94	1520.92
880.12	1501.51
880.29	1502.64
880.47	1487.79
880.65	1477.28
880.83	1471.06
881.00	1454.26
881.18	1450.92
881.36	1447.52
881.53	1435.99
881.71	1439.89
881.89	1420.57
882.07	1424.20
882.24	1418.01
882.42	1418.12
882.60	1415.43
882.77	1423.19
882.95	1421.35
883.13	1444.90
883.30	1441.30
883.48	1467.06
883.66	1471.81
883.84	1493.19
884.01	1504.85
884.19	1502.53
884.37	1508.25
884.54	1514.80
884.72	1512.47
884.90	1518.02
885.07	1514.78
885.25	1513.39
885.43	1505.69
885.60	1497.68
885.78	1485.74
885.96	1481.54
886.13	1473.74
886.31	1465.59
886.49	1445.13
886.66	1447.71
886.84	1421.23
887.02	1414.76
887.19	1392.80
887.37	1397.94
887.55	1383.65
887.72	1377.65
887.90	1364.62
888.08	1356.78
888.25	1345.58
888.43	1341.19
888.61	1325.20
888.78	1330.14
888.96	1316.35
889.14	1312.42
889.31	1304.04
889.49	1299.76
889.67	1291.94
889.84	1300.89
890.02	1289.69
890.19	1285.43
890.37	1280.90
890.55	1288.38
890.72	1276.42
890.90	1279.49
891.08	1266.50
891.25	1270.62
891.43	1258.05
891.60	1258.29
891.78	1236.97
891.96	1249.40
892.13	1245.06
892.31	1248.63
892.48	1229.21
892.66	1244.33
892.84	1231.53
893.01	1241.27
893.19	1227.12
893.36	1242.42
893.54	1231.98
893.72	1230.87
893.89	1228.84
894.07	1223.74
894.24	1231.07
894.42	1253.58
894.60	1226.36
894.77	1232.57
894.95	1230.03
895.12	1228.15
895.30	1224.03
895.48	1239.02
895.65	1226.55
895.83	1222.82
896.00	1232.49
896.18	1230.34
896.35	1228.64
896.53	1229.87
896.71	1228.47
896.88	1238.75
897.06	1228.49
897.23	1229.38
897.41	1229.52
897.58	1235.29
897.76	1227.82
897.93	1236.62
898.11	1235.33
898.29	1236.44
898.46	1225.61
898.64	1234.68
898.81	1224.44
898.99	1230.79
899.16	1233.27
899.34	1228.84
899.51	1231.61
899.69	1237.24
899.86	1223.35
900.04	1225.32
900.21	1225.30
900.39	1230.21
900.57	1228.56
900.74	1233.35
900.92	1222.80
901.09	1234.68
901.27	1222.33
901.44	1235.05
901.62	1219.50
901.79	1229.31
901.97	1218.44
902.14	1222.23
902.32	1227.57
902.49	1230.69
902.67	1218.25
902.84	1230.19
903.02	1216.43
903.19	1225.28
903.37	1219.36
903.54	1226.49
903.72	1221.31
903.89	1228.78
904.07	1227.65
904.24	1227.02
904.42	1229.76
904.59	1225.63
904.77	1223.54
904.94	1232.96
905.12	1218.95
905.29	1227.84
905.47	1225.55
905.64	1224.91
905.82	1212.13
905.99	1229.83
906.16	1223.80
906.34	1232.14
906.51	1218.23
906.69	1227.27
906.86	1216.25
907.04	1227.51
907.21	1218.99
907.39	1221.31
907.56	1219.52
907.74	1231.63
907.91	1221.55
908.09	1225.75
908.26	1228.49
908.43	1227.70
908.61	1221.78
908.78	1223.05
908.96	1221.51
909.13	1236.46
909.31	1220.32
909.48	1223.62
909.65	1217.91
909.83	1234.74
910.00	1225.57
910.18	1229.56
910.35	1219.09
910.53	1227.92
910.70	1222.08
910.87	1231.34
911.05	1229.05
911.22	1229.40
911.40	1222.41
911.57	1230.62
911.75	1227.86
911.92	1229.03
912.09	1217.80
912.27	1225.20
912.44	1227.08
912.62	1235.42
912.79	1226.32
912.96	1230.75
913.14	1223.50
913.31	1233.39
913.49	1229.58
913.66	1230.79
913.83	1222.33
914.01	1233.90
914.18	1227.86
914.36	1234.02
914.53	1220.69
914.70	1230.19
914.88	1222.82
915.05	1232.34
915.22	1222.78
915.40	1233.68
915.57	1229.11
915.75	1230.83
915.92	1215.12
916.09	1231.40
916.27	1224.91
916.44	1228.49
916.61	1219.36
916.79	1220.57
916.96	1216.41
917.13	1225.34
917.31	1222.53
917.48	1233.78
917.66	1225.05
917.83	1232.61
918.00	1225.22
918.18	1222.99
918.35	1222.76
918.52	1222.47
918.70	1219.91
918.87	1225.38
919.04	1221.06
919.22	1224.56
919.39	1216.19
919.56	1221.51
919.74	1214.83
919.91	1233.92
920.08	1217.97
920.26	1224.40
920.43	1221.72
920.60	1230.44
920.78	1218.36
920.95	1217.62
921.12	1220.30
921.29	1226.73
921.47	1222.17
921.64	1222.74
921.81	1215.20
921.99	1224.17
922.16	1217.93
922.33	1218.01
922.51	1222.06
922.68	1223.37
922.85	1209.41
923.03	1221.74
923.20	1217.58
923.37	1220.14
923.54	1217.60
923.72	1224.21
923.89	1214.88
924.06	1220.77
924.24	1221.94
924.41	1223.19
924.58	1216.00
924.75	1223.78
924.93	1215.57
925.10	1217.64
925.27	1214.10
925.44	1227.22
925.62	1216.15
925.79	1221.86
925.96	1217.54
926.14	1227.98
926.31	1230.71
926.48	1216.02
926.65	1218.60
926.83	1223.58
927.00	1214.92
927.17	1230.58
927.34	1213.03
927.52	1225.20
927.69	1212.50
927.86	1224.23
928.03	1217.97
928.21	1221.98
928.38	1221.37
928.55	1225.77
928.72	1213.71
928.89	1222.68
929.07	1218.01
929.24	1223.21
929.41	1216.82
929.58	1218.34
929.76	1212.07
929.93	1231.30
930.10	1215.90
930.27	1224.64
930.44	1212.13
930.62	1222.02
930.79	1219.18
930.96	1225.09
931.13	1218.52
931.31	1219.83
931.48	1217.39
931.65	1222.47
931.82	1217.13
931.99	1220.32
932.17	1218.91
932.34	1224.54
932.51	1214.75
932.68	1222.78
932.85	1220.28
933.03	1230.85
933.20	1221.82
933.37	1227.70
933.54	1219.50
933.71	1228.41
933.88	1212.62
934.06	1219.36
934.23	1215.59
934.40	1226.86
934.57	1222.99
934.74	1229.07
934.91	1217.56
935.09	1225.12
935.26	1222.02
935.43	1226.43
935.60	1218.81
935.77	1226.59
935.94	1217.89
936.12	1233.14
936.29	1220.04
936.46	1220.65
936.63	1224.89
936.80	1221.14
936.97	1215.37
937.14	1225.77
937.32	1217.78
937.49	1223.58
937.66	1220.08
937.83	1228.29
938.00	1216.78
938.17	1220.55
938.34	1211.89
938.52	1226.90
938.69	1219.57
938.86	1221.61
939.03	1220.81
939.20	1220.65
939.37	1213.40
939.54	1223.23
939.71	1219.61
939.89	1228.86
940.06	1222.15
940.23	1223.89
940.40	1219.05
940.57	1224.71
940.74	1217.95
940.91	1224.03
941.08	1213.44
941.25	1225.36
941.43	1218.56
941.60	1228.66
941.77	1221.51
941.94	1224.50
942.11	1217.17
942.28	1225.87
942.45	1211.58
942.62	1221.12
942.79	1211.50
942.96	1220.59
943.13	1217.80
943.30	1220.53
943.48	1213.85
943.65	1229.54
943.82	1222.47
943.99	1226.65
944.16	1216.49
944.33	1222.31
944.50	1216.78
944.67	1221.31
944.84	1220.41
945.01	1216.86
945.18	1214.77
945.35	1227.16
945.52	1216.33
945.69	1217.76
945.86	1213.11
946.03	1228.99
946.21	1219.87
946.38	1222.19
946.55	1223.29
946.72	1226.32
946.89	1217.87
947.06	1222.02
947.23	1221.98
947.40	1219.97
947.57	1204.47
947.74	1226.65
947.91	1214.53
948.08	1220.36
948.25	1211.84
948.42	1224.48
948.59	1212.44
948.76	1219.42
948.93	1220.79
949.10	1217.52
949.27	1220.92
949.44	1222.60
949.61	1219.42
949.78	1220.84
949.95	1220.43
950.12	1225.71
950.29	1213.46
950.46	1219.48
950.63	1220.73
950.80	1222.58
950.97	1221.92
951.14	1225.01
951.31	1217.97
951.48	1225.12
951.65	1215.82
951.82	1219.73
951.99	1214.10
952.16	1226.73
952.33	1219.46
952.50	1220.51
952.67	1215.26
952.84	1221.49
953.01	1210.37
953.18	1222.19
953.35	1222.51
953.52	1218.52
953.69	1221.41
953.86	1217.33
954.03	1213.28
954.20	1227.74
954.37	1213.87
954.54	1221.65
954.70	1219.40
954.87	1219.32
955.04	1214.59
955.21	1223.85
955.38	1212.99
955.55	1229.25
955.72	1214.75
955.89	1222.97
956.06	1219.79
956.23	1223.27
956.40	1220.00
956.57	1226.20
956.74	1216.15
956.91	1220.59
957.08	1218.05
957.25	1226.45
957.41	1224.77
957.58	1225.42
957.75	1214.69
957.92	1220.65
958.09	1213.56
958.26	1225.50
958.43	1214.69
958.60	1233.57
958.77	1217.54
958.94	1216.62
959.11	1220.04
959.27	1228.41
959.44	1220.36
959.61	1224.64
959.78	1213.56
959.95	1227.37
960.12	1215.74
960.29	1225.20
960.46	1219.20
960.63	1222.13
960.80	1219.38
960.96	1225.83
961.13	1218.56
961.30	1221.59
961.47	1212.13
961.64	1223.35
961.81	1221.06
961.98	1223.13
962.15	1212.70
962.31	1221.16
962.48	1217.60
962.65	1226.84
962.82	1215.74
962.99	1234.07
963.16	1217.82
963.33	1221.35
963.49	1217.58
963.66	1225.98
963.83	1218.25
964.00	1216.92
964.17	1216.98
964.34	1221.14
964.51	1215.76
964.67	1218.97
964.84	1223.91
965.01	1241.15
965.18	1216.70
965.35	1227.14
965.52	1212.87
965.68	1218.13
965.85	1218.03
966.02	1223.09
966.19	1224.34
966.36	1226.59
966.52	1216.94
966.69	1226.24
966.86	1210.14
967.03	1223.91
967.20	1217.62
967.37	1220.38
967.53	1214.18
967.70	1225.03
967.87	1213.13
968.04	1216.88
968.21	1212.13
968.37	1218.07
968.54	1211.62
968.71	1222.25
968.88	1216.27
969.05	1224.50
969.21	1210.86
969.38	1225.57
969.55	1215.35
969.72	1223.54
969.89	1218.30
970.05	1228.31
970.22	1220.18
970.39	1215.20
970.56	1223.01
970.72	1222.39
970.89	1219.77
971.06	1222.68
971.23	1213.69
971.39	1222.94
971.56	1213.24
971.73	1225.36
971.90	1213.95
972.07	1217.91
972.23	1216.25
972.40	1220.86
972.57	1218.40
972.74	1225.93
972.90	1217.39
973.07	1222.80
973.24	1218.46
973.40	1221.29
973.57	1221.35
973.74	1216.98
973.91	1210.80
974.07	1227.43
974.24	1216.39
974.41	1222.08
974.58	1219.75
974.74	1230.26
974.91	1219.89
975.08	1227.00
975.25	1221.00
975.41	1231.79
975.58	1217.93
975.75	1217.74
975.91	1211.56
976.08	1221.61
976.25	1211.29
976.42	1220.16
976.58	1219.14
976.75	1226.16
976.92	1214.98
977.08	1227.25
977.25	1215.16
977.42	1222.86
977.58	1220.34
977.75	1219.14
977.92	1219.44
978.08	1227.51
978.25	1213.87
978.42	1224.85
978.59	1215.04
978.75	1225.22
978.92	1215.82
979.09	1225.65
979.25	1214.90
979.42	1223.01
979.59	1217.54
979.75	1218.83
979.92	1220.08
980.09	1222.80
980.25	1220.90
980.42	1217.23
980.59	1215.37
980.75	1223.27
980.92	1218.36
981.09	1220.61
981.25	1217.56
981.42	1218.60
981.59	1214.22
981.75	1216.76
981.92	1215.69
982.08	1215.84
982.25	1214.34
982.42	1222.66
982.58	1217.68
982.75	1227.41
982.92	1222.43
983.08	1220.30
983.25	1211.09
983.42	1224.69
983.58	1214.98
983.75	1221.33
983.91	1216.90
984.08	1221.61
984.25	1212.44
984.41	1225.07
984.58	1209.22
984.74	1224.07
984.91	1215.47
985.08	1224.19
985.24	1212.77
985.41	1223.70
985.57	1220.96
985.74	1223.64
985.91	1221.10
986.07	1221.78
986.24	1217.95
986.40	1233.88
986.57	1217.03
986.74	1220.51
986.90	1222.29
987.07	1220.06
987.23	1223.89
987.40	1220.77
987.57	1217.29
987.73	1225.30
987.90	1209.24
988.06	1223.03
988.23	1224.19
988.39	1227.08
988.56	1211.58
988.73	1224.87
988.89	1211.62
989.06	1226.92
989.22	1217.21
989.39	1229.15
989.55	1219.30
989.72	1222.00
989.88	1211.23
990.05	1217.52
990.22	1216.00
990.38	1229.09
990.55	1215.63
990.71	1226.06
990.88	1212.73
991.04	1223.58
991.21	1214.61
991.37	1224.03
991.54	1218.36
991.70	1220.32
991.87	1221.84
992.03	1224.36
992.20	1215.76
992.36	1224.50
992.53	1209.98
992.69	1231.36
992.86	1219.05
993.03	1217.64
993.19	1223.15
993.36	1226.41
993.52	1215.33
993.69	1220.51
993.85	1214.18
994.02	1222.19
994.18	1216.74
994.35	1221.18
994.51	1220.32
994.68	1214.94
994.84	1222.43
995.01	1219.40
995.17	1219.79
995.34	1221.29
995.50	1217.11
995.66	1218.79
995.83	1215.53
995.99	1221.33
996.16	1222.58
996.32	1219.77
996.49	1218.81
996.65	1219.44
996.82	1213.91
996.98	1218.81
997.15	1216.66
997.31	1226.73
997.48	1221.35
997.64	1222.68
997.81	1214.65
997.97	1222.72
998.13	1215.29
998.30	1230.07
998.46	1212.40
998.63	1222.62
998.79	1218.34
998.96	1228.41
999.12	1212.75
999.29	1221.37
999.45	1211.17
999.61	1225.03
999.78	1210.72
999.94	1224.79
1000.11	1214.92
1000.27	1222.76
1000.44	1210.68
1000.60	1223.46
1000.76	1214.81
1000.93	1223.70
1001.09	1216.31
1001.26	1225.61
1001.42	1214.71
1001.59	1228.39
1001.75	1213.81
1001.91	1215.22
1002.08	1210.70
1002.24	1226.10
1002.41	1214.77
1002.57	1231.48
1002.73	1216.41
1002.90	1227.20
1003.06	1224.56
1003.23	1218.11
1003.39	1219.40
1003.55	1222.29
1003.72	1217.64
1003.88	1224.26
1004.04	1214.40
1004.21	1217.66
1004.37	1222.70
1004.54	1226.18
1004.70	1214.98
1004.86	1224.17
1005.03	1214.67
1005.19	1219.63
1005.35	1219.26
1005.52	1221.98
1005.68	1210.70
1005.85	1222.41
1006.01	1216.62
1006.17	1222.49
1006.34	1222.17
1006.50	1232.08
1006.66	1221.59
1006.83	1230.91
1006.99	1219.05
1007.15	1226.73
1007.32	1213.40
1007.48	1229.91
1007.64	1207.89
1007.81	1226.84
1007.97	1215.02
1008.13	1231.32
1008.30	1217.91
1008.46	1222.49
1008.62	1222.64
1008.79	1221.16
1008.95	1217.31
1009.11	1218.34
1009.28	1215.08
1009.44	1222.00
1009.60	1214.73
1009.77	1228.27
1009.93	1217.39
1010.09	1217.05
1010.25	1219.97
1010.42	1224.01
1010.58	1218.95
1010.74	1224.11
1010.91	1216.55
1011.07	1216.10
1011.23	1218.81
1011.40	1221.88
1011.56	1216.17
1011.72	1218.01
1011.88	1218.91
1012.05	1228.31
1012.21	1216.80
1012.37	1224.93
1012.54	1222.29
1012.70	1222.37
1012.86	1212.93
1013.02	1228.99
1013.19	1218.40
1013.35	1228.88
1013.51	1213.54
1013.67	1224.01
1013.84	1216.25
1014.00	1226.02
1014.16	1221.84
1014.33	1219.34
1014.49	1220.67
1014.65	1220.51
1014.81	1213.07
1014.98	1225.77
1015.14	1220.41
1015.30	1221.16
1015.46	1217.44
1015.62	1222.90
1015.79	1218.97
1015.95	1227.90
1016.11	1218.97
1016.27	1222.90
1016.44	1212.34
1016.60	1223.78
1016.76	1222.43
1016.92	1218.30
1017.09	1209.51
1017.25	1224.93
1017.41	1217.37
1017.57	1224.01
1017.73	1220.81
1017.90	1221.63
1018.06	1210.57
1018.22	1218.60
1018.38	1221.78
1018.54	1223.58
1018.71	1215.37
1018.87	1216.31
1019.03	1218.03
1019.19	1224.40
1019.35	1218.48
1019.52	1226.65
1019.68	1223.21
1019.84	1216.23
1020.00	1221.04
1020.16	1224.79
1020.33	1221.22
1020.49	1226.67
1020.65	1216.39
1020.81	1226.63
1020.97	1208.79
1021.13	1227.14
1021.30	1212.66
1021.46	1224.48
1021.62	1217.23
1021.78	1220.00
1021.94	1218.50
1022.10	1219.03
1022.27	1211.50
1022.43	1237.51
1022.59	1220.24
1022.75	1224.30
1022.91	1217.54
1023.07	1223.56
1023.24	1223.35
1023.40	1225.24
1023.56	1217.39
1023.72	1229.74
1023.88	1213.99
1024.04	1220.49
1024.20	1215.39
1024.36	1224.71
1024.53	1215.24
1024.69	1223.70
1024.85	1209.94
1025.01	1221.65
1025.17	1217.66
1025.33	1220.65
1025.49	1217.52
1025.65	1223.62
1025.82	1216.25
1025.98	1218.48
1026.14	1219.42
1026.30	1231.81
1026.46	1215.00
1026.62	1219.67
1026.78	1220.59
1026.94	1231.01
1027.10	1210.02
1027.26	1232.20
1027.43	1213.20
1027.59	1226.34
1027.75	1222.23
1027.91	1228.27
1028.07	1216.74
1028.23	1227.37
1028.39	1212.27
1028.55	1238.59
1028.71	1214.51
1028.87	1219.18
1029.03	1222.27
1029.19	1221.88
1029.36	1216.96
1029.52	1220.45
1029.68	1221.29
1029.84	1214.63
1030.00	1224.75
1030.16	1224.26
1030.32	1224.48
1030.48	1228.97
1030.64	1215.74
1030.80	1225.93
1030.96	1212.97
1031.12	1224.85
1031.28	1219.54
1031.44	1223.76
1031.60	1213.36
1031.76	1225.61
1031.92	1218.28
1032.08	1230.36
1032.24	1216.96
1032.40	1222.53
1032.56	1214.47
1032.73	1226.75
1032.89	1217.44
1033.05	1218.89
1033.21	1215.47
1033.37	1223.05
1033.53	1217.80
1033.69	1225.12
1033.85	1214.40
1034.01	1217.97
1034.17	1213.85
1034.33	1222.41
1034.49	1221.94
1034.65	1225.59
1034.81	1215.47
1034.97	1220.94
1035.13	1216.33
1035.29	1226.69
1035.45	1220.57
1035.61	1227.20
1035.77	1222.35
1035.93	1223.56
1036.09	1217.80
1036.25	1219.24
1036.41	1214.92
1036.57	1227.27
1036.73	1214.20
1036.88	1227.22
1037.04	1217.01
