345.52	1203.61
345.73	1203.61
345.94	1203.61
346.16	1204.33
346.37	1214.02
346.58	1212.50
346.79	1215.65
347.00	1208.18
347.22	1219.75
347.43	1207.91
347.64	1219.89
347.85	1209.53
348.06	1220.18
348.28	1209.33
348.49	1217.72
348.70	1217.44
348.91	1218.50
349.12	1204.43
349.34	1217.27
349.55	1212.46
349.76	1222.35
349.97	1214.81
350.18	1216.15
350.40	1210.64
350.61	1218.09
350.82	1206.97
351.03	1220.18
351.24	1212.58
351.46	1218.01
351.67	1218.48
351.88	1213.24
352.09	1212.19
352.30	1214.75
352.51	1213.40
352.73	1223.09
352.94	1215.72
353.15	1221.04
353.36	1214.92
353.57	1222.06
353.79	1205.39
354.00	1213.09
354.21	1211.60
354.42	1223.91
354.63	1205.45
354.84	1219.61
355.06	1213.42
355.27	1212.03
355.48	1209.76
355.69	1216.00
355.90	1210.76
356.11	1216.49
356.33	1215.06
356.54	1224.07
356.75	1219.87
356.96	1218.11
357.17	1213.56
357.38	1207.93
357.60	1219.75
357.81	1219.81
358.02	1209.96
358.23	1220.04
358.44	1214.96
358.65	1216.43
358.87	1217.31
359.08	1216.49
359.29	1213.85
359.50	1222.45
359.71	1208.22
359.92	1226.75
360.13	1218.40
360.35	1220.92
360.56	1207.58
360.77	1217.85
360.98	1213.79
361.19	1217.23
361.40	1210.80
361.62	1220.98
361.83	1215.49
362.04	1221.96
362.25	1208.57
362.46	1221.47
362.67	1207.71
362.88	1217.03
363.10	1211.31
363.31	1218.21
363.52	1212.15
363.73	1211.66
363.94	1219.18
364.15	1220.06
364.36	1217.09
364.57	1216.33
364.79	1215.96
365.00	1219.30
365.21	1208.87
365.42	1219.05
365.63	1216.80
365.84	1223.13
366.05	1211.84
366.27	1219.83
366.48	1213.69
366.69	1221.14
366.90	1210.70
367.11	1213.69
367.32	1212.83
367.53	1222.99
367.74	1218.64
367.95	1221.90
368.17	1217.11
368.38	1221.39
368.59	1213.01
368.80	1216.60
369.01	1211.23
369.22	1218.97
369.43	1211.70
369.64	1219.11
369.86	1215.57
370.07	1217.97
370.28	1215.22
370.49	1216.70
370.70	1217.91
370.91	1214.10
371.12	1213.32
371.33	1218.25
371.54	1215.33
371.76	1215.61
371.97	1212.07
372.18	1216.51
372.39	1217.13
372.60	1224.40
372.81	1216.31
373.02	1215.57
373.23	1217.54
373.44	1224.79
373.65	1213.93
373.87	1220.02
374.08	1213.03
374.29	1221.10
374.50	1210.12
374.71	1221.47
374.92	1212.17
375.13	1215.00
375.34	1215.45
375.55	1219.24
375.76	1209.74
375.97	1217.74
376.19	1218.38
376.40	1221.18
376.61	1215.31
376.82	1212.70
377.03	1209.82
377.24	1215.00
377.45	1215.94
377.66	1219.50
377.87	1218.93
378.08	1222.58
378.29	1212.91
378.50	1224.77
378.71	1214.67
378.93	1218.42
379.14	1217.11
379.35	1224.01
379.56	1215.45
379.77	1218.83
379.98	1211.76
380.19	1222.99
380.40	1212.85
380.61	1220.57
380.82	1212.77
381.03	1221.84
381.24	1215.98
381.45	1218.87
381.66	1207.83
381.88	1220.51
382.09	1215.55
382.30	1221.98
382.51	1214.16
382.72	1215.24
382.93	1211.95
383.14	1222.64
383.35	1217.50
383.56	1219.52
383.77	1211.72
383.98	1220.43
384.19	1216.27
384.40	1221.88
384.61	1213.44
384.82	1221.86
385.03	1212.93
385.24	1225.59
385.45	1210.06
385.67	1219.03
385.88	1210.76
386.09	1221.94
386.30	1206.75
386.51	1217.23
386.72	1212.52
386.93	1215.20
387.14	1212.50
387.35	1216.31
387.56	1213.01
387.77	1215.18
387.98	1207.07
388.19	1226.84
388.40	1213.63
388.61	1223.29
388.82	1213.95
389.03	1217.27
389.24	1215.08
389.45	1216.98
389.66	1214.77
389.87	1222.84
390.08	1209.43
390.29	1226.02
390.50	1213.91
390.71	1222.37
390.92	1214.63
391.13	1216.82
391.34	1210.90
391.55	1225.09
391.76	1215.12
391.98	1219.57
392.19	1213.24
392.40	1220.22
392.61	1216.66
392.82	1224.23
393.03	1217.39
393.24	1224.48
393.45	1215.41
393.66	1220.34
393.87	1214.32
394.08	1225.91
394.29	1217.95
394.50	1217.33
394.71	1217.01
394.92	1218.05
395.13	1216.15
395.34	1218.36
395.55	1211.60
395.76	1222.82
395.97	1216.80
396.18	1221.20
396.39	1215.41
396.60	1224.62
396.81	1217.31
397.02	1222.90
397.23	1202.22
397.44	1222.82
397.65	1210.62
397.86	1218.05
398.07	1210.08
398.28	1219.73
398.49	1213.52
398.70	1214.04
398.91	1216.43
399.12	1222.64
399.33	1213.91
399.54	1217.35
399.75	1212.56
399.96	1220.18
400.17	1205.52
400.38	1215.61
400.59	1221.61
400.80	1225.03
401.01	1215.45
401.22	1219.32
401.42	1212.52
401.63	1219.30
401.84	1216.68
402.05	1218.85
402.26	1220.20
402.47	1219.20
402.68	1216.04
402.89	1226.92
403.10	1211.23
403.31	1228.99
403.52	1210.80
403.73	1213.69
403.94	1213.52
404.15	1217.66
404.36	1214.24
404.57	1222.49
404.78	1214.79
404.99	1217.76
405.20	1212.03
405.41	1222.29
405.62	1217.64
405.83	1228.08
406.04	1218.68
406.25	1217.11
406.46	1211.62
406.67	1223.97
406.88	1219.09
407.09	1223.44
407.30	1218.28
407.50	1222.41
407.71	1218.54
407.92	1221.41
408.13	1213.52
408.34	1220.96
408.55	1219.63
408.76	1223.72
408.97	1213.65
409.18	1221.78
409.39	1210.96
409.60	1217.91
409.81	1215.51
410.02	1220.94
410.23	1217.17
410.44	1223.13
410.65	1214.59
410.86	1217.87
411.07	1212.52
411.27	1214.16
411.48	1221.82
411.69	1224.56
411.90	1220.75
412.11	1223.60
412.32	1209.84
412.53	1219.69
412.74	1218.42
412.95	1222.88
413.16	1214.10
413.37	1223.07
413.58	1217.97
413.79	1220.96
414.00	1204.74
414.20	1224.28
414.41	1216.00
414.62	1222.72
414.83	1213.34
415.04	1222.76
415.25	1216.45
415.46	1224.64
415.67	1215.51
415.88	1227.08
416.09	1213.11
416.30	1215.37
416.51	1221.24
416.71	1219.09
416.92	1217.46
417.13	1218.03
417.34	1210.41
417.55	1220.06
417.76	1212.46
417.97	1219.24
418.18	1214.10
418.39	1216.25
418.60	1212.15
418.81	1216.90
419.01	1212.27
419.22	1220.61
419.43	1215.31
419.64	1222.00
419.85	1212.07
420.06	1214.69
420.27	1213.13
420.48	1221.41
420.69	1207.58
420.90	1226.88
421.10	1213.67
421.31	1224.34
421.52	1215.69
421.73	1223.29
421.94	1211.93
422.15	1226.06
422.36	1207.40
422.57	1223.83
422.78	1219.54
422.98	1218.09
423.19	1214.20
423.40	1223.13
423.61	1215.14
423.82	1217.99
424.03	1217.03
424.24	1218.01
424.45	1205.99
424.65	1215.94
424.86	1212.54
425.07	1220.28
425.28	1216.68
425.49	1220.88
425.70	1216.29
425.91	1218.85
426.12	1213.05
426.32	1224.85
426.53	1215.08
426.74	1222.43
426.95	1214.98
427.16	1219.79
427.37	1210.92
427.58	1222.39
427.78	1211.97
427.99	1220.20
428.20	1208.85
428.41	1221.02
428.62	1219.30
428.83	1220.20
429.04	1217.74
429.24	1219.38
429.45	1220.34
429.66	1220.53
429.87	1219.75
430.08	1222.68
430.29	1211.31
430.50	1217.68
430.70	1212.48
430.91	1222.29
431.12	1215.80
431.33	1220.90
431.54	1208.77
431.75	1220.38
431.96	1218.15
432.16	1223.07
432.37	1210.64
432.58	1217.19
432.79	1211.97
433.00	1219.44
433.21	1213.44
433.41	1214.88
433.62	1223.70
433.83	1222.45
434.04	1222.60
434.25	1220.63
434.46	1207.69
434.66	1222.49
434.87	1218.09
435.08	1218.36
435.29	1216.25
435.50	1218.85
435.71	1215.29
435.91	1218.75
436.12	1209.22
436.33	1212.42
436.54	1214.61
436.75	1219.18
436.95	1211.74
437.16	1220.10
437.37	1214.16
437.58	1215.78
437.79	1209.04
438.00	1217.99
438.20	1213.91
438.41	1217.15
438.62	1216.88
438.83	1222.06
439.04	1217.07
439.24	1219.73
439.45	1209.59
439.66	1215.47
439.87	1213.83
440.08	1223.17
440.28	1213.73
440.49	1216.06
440.70	1210.41
440.91	1218.58
441.12	1215.06
441.32	1218.05
441.53	1213.89
441.74	1220.94
441.95	1212.52
442.16	1222.76
442.36	1218.11
442.57	1225.85
442.78	1213.95
442.99	1213.11
443.20	1208.69
443.40	1228.84
443.61	1216.64
443.82	1220.84
444.03	1209.45
444.24	1220.16
444.44	1214.98
444.65	1222.13
444.86	1215.00
445.07	1218.44
445.27	1214.38
445.48	1222.64
445.69	1212.03
445.90	1221.16
446.11	1219.20
446.31	1217.91
446.52	1212.13
446.73	1223.50
446.94	1209.92
447.14	1214.02
447.35	1210.10
447.56	1220.77
447.77	1215.02
447.97	1218.64
448.18	1213.03
448.39	1222.60
448.60	1217.05
448.81	1220.88
449.01	1208.87
449.22	1221.74
449.43	1212.97
449.64	1226.77
449.84	1216.43
450.05	1219.57
450.26	1216.21
450.47	1227.22
450.67	1210.29
450.88	1223.19
451.09	1219.16
451.30	1220.45
451.50	1211.05
451.71	1223.68
451.92	1210.19
452.13	1218.91
452.33	1214.51
452.54	1219.75
452.75	1211.72
452.96	1226.41
453.16	1213.18
453.37	1221.02
453.58	1215.06
453.79	1224.97
453.99	1216.78
454.20	1216.12
454.41	1220.65
454.61	1223.66
454.82	1224.03
455.03	1223.91
455.24	1215.80
455.44	1216.60
455.65	1207.93
455.86	1221.49
456.07	1216.88
456.27	1221.39
456.48	1207.26
456.69	1226.63
456.90	1218.46
457.10	1221.80
457.31	1209.02
457.52	1221.70
457.72	1216.47
457.93	1220.94
458.14	1215.78
458.35	1224.87
458.55	1216.76
458.76	1218.23
458.97	1215.96
459.17	1216.98
459.38	1215.02
459.59	1220.12
459.80	1217.82
460.00	1219.73
460.21	1211.25
460.42	1219.57
460.62	1215.20
460.83	1223.64
461.04	1218.93
461.25	1223.27
461.45	1212.42
461.66	1223.09
461.87	1214.77
462.07	1227.59
462.28	1218.01
462.49	1217.19
462.69	1216.31
462.90	1218.07
463.11	1219.83
463.31	1221.98
463.52	1208.04
463.73	1224.73
463.94	1208.87
464.14	1219.93
464.35	1221.43
464.56	1225.20
464.76	1217.58
464.97	1220.47
465.18	1213.13
465.38	1214.96
465.59	1223.58
465.80	1217.27
466.00	1215.39
466.21	1211.97
466.42	1214.67
466.62	1217.72
466.83	1214.63
467.04	1223.72
467.24	1216.21
467.45	1215.16
467.66	1216.58
467.86	1219.03
468.07	1205.88
468.28	1217.37
468.48	1215.80
468.69	1218.40
468.90	1210.98
469.10	1220.10
469.31	1210.96
469.52	1227.31
469.72	1209.74
469.93	1219.38
470.14	1217.80
470.34	1216.53
470.55	1208.83
470.76	1216.70
470.96	1210.68
471.17	1221.47
471.38	1215.10
471.58	1222.80
471.79	1216.21
472.00	1221.88
472.20	1215.24
472.41	1219.87
472.62	1218.83
472.82	1226.43
473.03	1211.72
473.24	1227.57
473.44	1212.25
473.65	1221.04
473.85	1211.03
474.06	1222.56
474.27	1213.61
474.47	1221.37
474.68	1207.28
474.89	1219.71
475.09	1211.41
475.30	1223.54
475.51	1216.58
475.71	1218.87
475.92	1210.90
476.12	1216.66
476.33	1210.78
476.54	1222.08
476.74	1216.49
476.95	1225.61
477.16	1206.11
477.36	1223.87
477.57	1210.68
477.77	1221.04
477.98	1211.11
478.19	1217.56
478.39	1216.78
478.60	1225.75
478.81	1208.53
479.01	1217.72
479.22	1215.88
479.42	1222.72
479.63	1208.42
479.84	1214.18
480.04	1217.58
480.25	1220.06
480.45	1213.16
480.66	1220.73
480.87	1219.83
481.07	1228.31
481.28	1211.91
481.48	1223.25
481.69	1217.58
481.90	1216.25
482.10	1207.13
482.31	1222.35
482.51	1216.47
482.72	1226.34
482.93	1216.12
483.13	1217.15
483.34	1214.06
483.54	1217.44
483.75	1211.43
483.96	1218.71
484.16	1220.81
484.37	1222.39
484.57	1215.18
484.78	1227.27
484.99	1211.46
485.19	1221.70
485.40	1218.38
485.60	1222.68
485.81	1213.77
486.01	1218.44
486.22	1220.61
486.43	1220.75
486.63	1216.70
486.84	1216.58
487.04	1211.05
487.25	1224.71
487.46	1207.50
487.66	1218.79
487.87	1212.79
488.07	1217.15
488.28	1217.21
488.48	1221.70
488.69	1224.01
488.89	1221.33
489.10	1217.09
489.31	1218.25
489.51	1218.11
489.72	1218.77
489.92	1218.32
490.13	1219.46
490.33	1207.83
490.54	1220.61
490.75	1214.18
490.95	1226.84
491.16	1216.72
491.36	1215.80
491.57	1210.68
491.77	1218.68
491.98	1222.00
492.18	1224.03
492.39	1218.54
492.59	1221.41
492.80	1217.35
493.01	1217.56
493.21	1215.69
493.42	1222.17
493.62	1213.67
493.83	1224.56
494.03	1211.23
494.24	1215.76
494.44	1210.60
494.65	1214.94
494.85	1211.09
495.06	1215.51
495.26	1218.52
495.47	1221.98
495.68	1213.75
495.88	1212.97
496.09	1214.24
496.29	1215.98
496.50	1208.94
496.70	1220.16
496.91	1216.76
497.11	1219.75
497.32	1214.77
497.52	1221.14
497.73	1210.00
497.93	1222.35
498.14	1209.61
498.34	1210.72
498.55	1214.63
498.75	1211.64
498.96	1218.89
499.16	1222.99
499.37	1216.33
499.57	1218.40
499.78	1210.82
499.98	1222.82
500.19	1215.49
500.39	1218.87
500.60	1221.27
500.80	1220.00
501.01	1215.72
501.21	1224.46
501.42	1214.14
501.62	1218.46
501.83	1206.17
502.03	1219.32
502.24	1218.50
502.44	1221.49
502.65	1213.32
502.85	1220.14
503.06	1216.29
503.26	1222.99
503.47	1213.30
503.67	1222.19
503.88	1216.45
504.08	1219.07
504.29	1217.44
504.49	1220.34
504.70	1214.59
504.90	1223.89
505.11	1205.58
505.31	1220.20
505.52	1210.86
505.72	1227.53
505.93	1208.92
506.13	1219.48
506.34	1218.36
506.54	1221.76
506.75	1214.49
506.95	1223.11
507.16	1218.28
507.36	1220.55
507.56	1214.45
507.77	1217.50
507.97	1216.96
508.18	1219.97
508.38	1212.27
508.59	1221.22
508.79	1211.43
509.00	1215.90
509.20	1218.48
509.41	1216.00
509.61	1215.37
509.82	1225.12
510.02	1206.42
510.22	1215.74
510.43	1215.29
510.63	1219.14
510.84	1213.44
511.04	1225.22
511.25	1210.57
511.45	1222.97
511.66	1214.98
511.86	1221.06
512.06	1216.55
512.27	1218.93
512.47	1212.73
512.68	1225.30
512.88	1218.95
513.09	1226.20
513.29	1215.69
513.50	1221.94
513.70	1209.41
513.90	1223.64
514.11	1210.12
514.31	1218.77
514.52	1218.48
514.72	1222.78
514.93	1216.41
515.13	1216.74
515.33	1215.86
515.54	1214.94
515.74	1214.14
515.95	1217.33
516.15	1210.60
516.36	1222.41
516.56	1218.95
516.76	1215.35
516.97	1214.61
517.17	1220.65
517.38	1216.15
517.58	1225.67
517.78	1218.54
517.99	1220.26
518.19	1212.58
518.40	1216.68
518.60	1216.08
518.81	1216.19
519.01	1213.46
519.21	1219.20
519.42	1217.25
519.62	1220.43
519.83	1212.58
520.03	1218.79
520.23	1220.86
520.44	1231.28
520.64	1211.68
520.85	1228.27
521.05	1220.02
521.25	1225.18
521.46	1218.21
521.66	1220.88
521.86	1212.97
522.07	1220.57
522.27	1215.49
522.48	1224.19
522.68	1215.88
522.88	1218.13
523.09	1222.00
523.29	1218.58
523.50	1213.75
523.70	1223.83
523.90	1212.23
524.11	1208.87
524.31	1205.54
524.51	1220.43
524.72	1213.65
524.92	1216.92
525.13	1212.27
525.33	1226.71
525.53	1212.91
525.74	1220.71
525.94	1216.64
526.14	1218.09
526.35	1215.31
526.55	1212.05
526.76	1217.62
526.96	1216.58
527.16	1210.41
527.37	1224.05
527.57	1212.03
527.77	1222.15
527.98	1208.38
528.18	1225.48
528.38	1214.22
528.59	1219.11
528.79	1213.67
528.99	1222.02
529.20	1216.78
529.40	1214.61
529.61	1213.99
529.81	1224.09
530.01	1216.45
530.22	1223.07
530.42	1215.20
530.62	1216.94
530.83	1218.23
531.03	1213.99
531.23	1217.95
531.44	1215.92
531.64	1216.51
531.84	1222.00
532.05	1212.58
532.25	1219.89
532.45	1204.41
532.66	1219.44
532.86	1210.37
533.06	1218.87
533.27	1220.10
533.47	1222.78
533.67	1208.81
533.88	1218.44
534.08	1214.04
534.28	1219.48
534.49	1214.08
534.69	1222.51
534.89	1220.30
535.09	1222.72
535.30	1212.07
535.50	1222.35
535.70	1223.64
535.91	1218.85
536.11	1219.50
536.31	1220.26
536.52	1215.74
536.72	1222.25
536.92	1213.61
537.13	1222.31
537.33	1209.65
537.53	1224.99
537.74	1218.50
537.94	1212.13
538.14	1218.97
538.34	1217.62
538.55	1219.63
538.75	1221.90
538.95	1221.63
539.16	1212.05
539.36	1213.24
539.56	1219.34
539.77	1208.65
539.97	1221.53
540.17	1209.45
540.37	1216.29
540.58	1218.05
540.78	1222.78
540.98	1211.62
541.19	1219.59
541.39	1210.08
541.59	1220.53
541.79	1213.24
542.00	1223.62
542.20	1210.21
542.40	1214.18
542.60	1210.12
542.81	1210.29
543.01	1219.40
543.21	1217.72
543.42	1212.58
543.62	1229.52
543.82	1220.28
544.02	1218.58
544.23	1217.44
544.43	1217.35
544.63	1209.67
544.83	1215.74
545.04	1224.17
545.24	1225.69
545.44	1213.38
545.64	1220.30
545.85	1216.62
546.05	1214.61
546.25	1209.18
546.45	1224.97
546.66	1215.76
546.86	1225.30
547.06	1219.22
547.27	1220.06
547.47	1210.45
547.67	1213.77
547.87	1219.36
548.07	1220.55
548.28	1213.54
548.48	1211.00
548.68	1213.36
548.88	1217.68
549.09	1207.26
549.29	1211.19
549.49	1211.64
549.69	1222.35
549.90	1224.32
550.10	1223.19
550.30	1216.51
550.50	1221.78
550.71	1219.52
550.91	1221.29
551.11	1213.34
551.31	1218.42
551.51	1211.99
551.72	1214.83
551.92	1219.11
552.12	1218.97
552.32	1205.78
552.53	1223.19
552.73	1213.11
552.93	1214.40
553.13	1218.40
553.33	1218.75
553.54	1213.38
553.74	1229.54
553.94	1214.22
554.14	1218.01
554.35	1207.30
554.55	1218.19
554.75	1210.62
554.95	1218.81
555.15	1211.23
555.36	1219.85
555.56	1208.53
555.76	1222.25
555.96	1215.57
556.16	1223.09
556.37	1217.64
556.57	1220.57
556.77	1214.73
556.97	1215.08
557.17	1213.99
557.38	1221.20
557.58	1211.07
557.78	1223.83
557.98	1211.93
558.18	1216.35
558.38	1219.73
558.59	1216.88
558.79	1211.74
558.99	1222.02
559.19	1212.95
559.39	1220.67
559.60	1213.56
559.80	1217.09
560.00	1217.37
560.20	1227.76
560.40	1209.96
560.60	1224.87
560.81	1222.78
561.01	1216.74
561.21	1213.77
561.41	1224.73
561.61	1218.40
561.81	1223.21
562.02	1215.41
562.22	1222.53
562.42	1212.75
562.62	1220.65
562.82	1217.01
563.02	1213.40
563.23	1216.64
563.43	1223.91
563.63	1216.64
563.83	1224.54
564.03	1217.13
564.23	1223.48
564.43	1214.55
564.64	1213.03
564.84	1219.65
565.04	1221.10
565.24	1209.26
565.44	1216.70
565.64	1210.41
565.85	1226.26
566.05	1215.84
566.25	1220.43
566.45	1207.38
566.65	1221.76
566.85	1219.36
567.05	1221.37
567.25	1215.39
567.46	1218.99
567.66	1210.62
567.86	1216.64
568.06	1214.86
568.26	1217.99
568.46	1209.92
568.66	1220.57
568.86	1219.09
569.07	1216.68
569.27	1211.72
569.47	1220.28
569.67	1212.09
569.87	1225.77
570.07	1212.32
570.27	1221.10
570.47	1225.18
570.68	1216.37
570.88	1214.45
571.08	1216.86
571.28	1212.81
571.48	1219.65
571.68	1211.33
571.88	1228.90
572.08	1213.07
572.28	1218.46
572.49	1211.50
572.69	1216.23
572.89	1220.57
573.09	1215.20
573.29	1213.32
573.49	1218.93
573.69	1217.89
573.89	1215.80
574.09	1216.31
574.29	1214.40
574.50	1211.09
574.70	1222.84
574.90	1212.73
575.10	1220.06
575.30	1216.39
575.50	1228.06
575.70	1219.54
575.90	1222.86
576.10	1214.71
576.30	1219.79
576.50	1208.71
576.70	1225.79
576.91	1213.28
577.11	1217.31
577.31	1215.82
577.51	1220.69
577.71	1212.77
577.91	1219.77
578.11	1220.43
578.31	1221.88
578.51	1209.80
578.71	1221.10
578.91	1219.52
579.11	1223.31
579.31	1219.01
579.51	1224.69
579.71	1212.95
579.92	1220.79
580.12	1217.21
580.32	1231.12
580.52	1217.21
580.72	1217.13
580.92	1209.61
581.12	1219.83
581.32	1219.52
581.52	1221.49
581.72	1219.63
581.92	1220.34
582.12	1215.84
582.32	1213.63
582.52	1204.74
582.72	1216.15
582.92	1218.50
583.12	1216.94
583.32	1219.42
583.52	1218.48
583.72	1208.51
583.92	1227.02
584.12	1218.48
584.33	1217.19
584.53	1215.90
584.73	1226.57
584.93	1217.64
585.13	1220.69
585.33	1211.09
585.53	1215.67
585.73	1215.57
585.93	1220.73
586.13	1211.09
586.33	1221.45
586.53	1210.08
586.73	1216.53
586.93	1215.39
587.13	1219.28
587.33	1211.70
587.53	1219.24
587.73	1210.78
587.93	1221.08
588.13	1214.45
588.33	1220.55
588.53	1207.32
588.73	1224.32
588.93	1210.49
589.13	1221.57
589.33	1216.78
589.53	1226.63
589.73	1217.56
589.93	1217.35
590.13	1214.73
590.33	1215.74
590.53	1219.93
590.73	1217.19
590.93	1208.79
591.13	1219.77
591.33	1213.28
591.53	1225.05
591.73	1213.22
591.93	1221.67
592.13	1213.32
592.33	1232.26
592.53	1215.82
592.73	1218.07
592.93	1212.15
593.13	1217.39
593.33	1208.53
593.53	1220.77
593.73	1210.31
593.93	1220.34
594.13	1212.58
594.33	1223.25
594.53	1210.49
594.73	1219.34
594.92	1206.09
595.12	1223.44
595.32	1211.00
595.52	1222.92
595.72	1204.00
595.92	1222.78
596.12	1213.28
596.32	1224.71
596.52	1216.72
596.72	1221.35
596.92	1207.07
597.12	1223.44
597.32	1210.57
597.52	1216.27
597.72	1212.50
597.92	1217.44
598.12	1211.25
598.32	1218.85
598.52	1214.51
598.72	1221.70
598.92	1210.78
599.12	1223.19
599.31	1217.03
599.51	1218.28
599.71	1212.30
599.91	1218.75
600.11	1222.80
600.31	1219.75
600.51	1214.14
600.71	1218.46
600.91	1218.25
601.11	1224.30
601.31	1212.13
601.51	1217.78
601.71	1211.15
601.91	1222.29
602.10	1210.78
602.30	1217.78
602.50	1215.65
602.70	1221.74
602.90	1216.27
603.10	1216.66
603.30	1214.02
603.50	1219.44
603.70	1213.20
603.90	1216.64
604.10	1219.34
604.30	1217.50
604.49	1211.33
604.69	1224.62
604.89	1212.95
605.09	1227.49
605.29	1206.25
605.49	1219.71
605.69	1213.34
605.89	1224.11
606.09	1213.42
606.29	1217.80
606.48	1206.77
606.68	1224.77
606.88	1215.08
607.08	1219.71
607.28	1209.76
607.48	1219.42
607.68	1216.41
607.88	1218.91
608.08	1211.84
608.27	1221.65
608.47	1216.08
608.67	1217.42
608.87	1213.87
609.07	1220.94
609.27	1218.99
609.47	1225.59
609.67	1218.64
609.87	1217.42
610.06	1218.01
610.26	1220.41
610.46	1205.35
610.66	1218.73
610.86	1215.12
611.06	1226.28
611.26	1218.89
611.45	1221.67
611.65	1212.64
611.85	1217.64
612.05	1211.82
612.25	1218.97
612.45	1215.63
612.65	1224.42
612.84	1219.01
613.04	1221.70
613.24	1211.17
613.44	1214.20
613.64	1215.49
613.84	1223.97
614.04	1207.95
614.23	1223.13
614.43	1213.11
614.63	1222.23
614.83	1214.81
615.03	1223.05
615.23	1218.77
615.42	1212.36
615.62	1208.83
615.82	1219.85
616.02	1215.20
616.22	1220.00
616.42	1213.65
616.61	1216.82
616.81	1214.32
617.01	1214.92
617.21	1213.05
617.41	1213.83
617.61	1210.31
617.80	1217.74
618.00	1219.05
618.20	1220.65
618.40	1210.60
618.60	1221.00
618.80	1205.27
618.99	1219.69
619.19	1209.00
619.39	1218.38
619.59	1212.36
619.79	1220.88
619.98	1214.38
620.18	1214.86
620.38	1214.47
620.58	1220.77
620.78	1209.65
620.97	1214.10
621.17	1214.06
621.37	1219.61
621.57	1217.11
621.77	1216.00
621.96	1220.20
622.16	1219.48
622.36	1216.70
622.56	1220.45
622.76	1218.64
622.95	1216.49
623.15	1214.20
623.35	1216.49
623.55	1206.87
623.75	1216.76
623.94	1220.51
624.14	1217.29
624.34	1215.02
624.54	1216.66
624.73	1220.36
624.93	1229.42
625.13	1219.36
625.33	1220.10
625.53	1216.21
625.72	1219.65
625.92	1213.71
626.12	1222.74
626.32	1210.55
626.51	1221.24
626.71	1215.90
626.91	1222.88
627.11	1216.94
627.30	1221.45
627.50	1211.09
627.70	1219.42
627.90	1211.87
628.10	1217.87
628.29	1217.54
628.49	1219.28
628.69	1215.92
628.89	1223.37
629.08	1216.45
629.28	1212.38
629.48	1207.13
629.68	1226.14
629.87	1213.16
630.07	1221.98
630.27	1205.54
630.47	1216.21
630.66	1211.15
630.86	1227.00
631.06	1218.19
631.25	1215.82
631.45	1209.88
631.65	1213.50
631.85	1212.75
632.04	1223.70
632.24	1214.92
632.44	1232.02
632.64	1204.88
632.83	1222.78
633.03	1213.95
633.23	1224.23
633.42	1215.92
633.62	1223.03
633.82	1216.06
634.02	1222.37
634.21	1221.86
634.41	1213.89
634.61	1224.95
634.81	1218.89
635.00	1213.09
635.20	1221.31
635.40	1210.43
635.59	1221.78
635.79	1209.39
635.99	1223.37
636.18	1217.21
636.38	1218.71
636.58	1225.57
636.78	1212.75
636.97	1209.78
637.17	1219.14
637.37	1214.69
637.56	1221.98
637.76	1210.68
637.96	1216.84
638.15	1215.33
638.35	1221.78
638.55	1210.88
638.74	1219.03
638.94	1208.32
639.14	1222.90
639.34	1212.46
639.53	1223.93
639.73	1210.06
639.93	1223.21
640.12	1213.03
640.32	1218.40
640.52	1212.68
640.71	1217.31
640.91	1207.71
641.11	1222.47
641.30	1211.99
641.50	1222.33
641.70	1216.23
641.89	1218.34
642.09	1221.18
642.29	1220.12
642.48	1217.74
642.68	1224.26
642.88	1213.20
643.07	1219.07
643.27	1220.16
643.47	1222.19
643.66	1217.91
643.86	1226.36
644.06	1212.15
644.25	1219.75
644.45	1216.31
644.65	1213.93
644.84	1208.55
645.04	1220.71
645.23	1221.24
645.43	1228.52
645.63	1213.79
645.82	1221.72
646.02	1211.70
646.22	1227.96
646.41	1212.05
646.61	1223.62
646.81	1210.00
647.00	1225.32
647.20	1211.09
647.39	1222.88
647.59	1215.10
647.79	1219.85
647.98	1208.63
648.18	1220.02
648.38	1216.04
648.57	1218.17
648.77	1217.42
648.96	1221.06
649.16	1214.18
649.36	1224.38
649.55	1209.35
649.75	1223.50
649.95	1215.57
650.14	1224.97
650.34	1218.23
650.53	1217.50
650.73	1215.90
650.93	1220.67
651.12	1215.45
651.32	1225.77
651.51	1215.86
651.71	1223.40
651.91	1215.74
652.10	1222.35
652.30	1213.61
652.49	1219.93
652.69	1208.34
652.89	1213.44
653.08	1210.92
653.28	1217.31
653.47	1209.78
653.67	1225.77
653.86	1220.36
654.06	1219.91
654.26	1212.13
654.45	1221.55
654.65	1213.97
654.84	1228.76
655.04	1216.15
655.24	1222.68
655.43	1208.01
655.63	1217.09
655.82	1217.89
656.02	1221.00
656.21	1214.86
656.41	1220.20
656.61	1213.22
656.80	1226.20
657.00	1214.92
657.19	1218.56
657.39	1220.67
657.58	1214.10
657.78	1219.22
657.97	1219.03
658.17	1211.64
658.37	1217.74
658.56	1207.38
658.76	1214.90
658.95	1212.09
659.15	1221.63
659.34	1209.41
659.54	1218.19
659.73	1214.79
659.93	1217.09
660.13	1221.20
660.32	1226.77
660.52	1215.06
660.71	1220.26
660.91	1222.17
661.10	1222.72
661.30	1217.50
661.49	1221.59
661.69	1208.57
661.88	1219.20
662.08	1212.48
662.27	1215.10
662.47	1213.46
662.66	1219.07
662.86	1216.15
663.06	1217.91
663.25	1218.40
663.45	1227.08
663.64	1220.79
663.84	1217.64
664.03	1211.97
664.23	1215.88
664.42	1213.69
664.62	1222.47
664.81	1217.31
665.01	1215.18
665.20	1216.74
665.40	1217.89
665.59	1205.11
665.79	1218.97
665.98	1219.05
666.18	1214.73
666.37	1214.16
666.57	1222.10
666.76	1210.14
666.96	1217.95
667.15	1214.65
667.35	1222.17
667.54	1210.57
667.74	1216.00
667.93	1209.61
668.13	1222.31
668.32	1210.62
668.52	1221.18
668.71	1216.62
668.91	1218.11
669.10	1207.67
669.30	1221.70
669.49	1216.86
669.68	1222.80
669.88	1211.23
670.07	1220.53
670.27	1211.58
670.46	1221.63
670.66	1215.63
670.85	1222.15
671.05	1212.81
671.24	1224.26
671.44	1212.97
671.63	1222.17
671.83	1212.73
672.02	1225.07
672.22	1208.75
672.41	1221.70
672.60	1213.73
672.80	1225.18
672.99	1215.90
673.19	1226.04
673.38	1210.02
673.58	1223.40
673.77	1216.08
673.97	1223.52
674.16	1215.33
674.36	1218.99
674.55	1207.95
674.74	1221.39
674.94	1204.74
675.13	1219.67
675.33	1214.02
675.52	1221.59
675.72	1216.15
675.91	1221.98
676.10	1211.46
676.30	1218.32
676.49	1215.67
676.69	1221.84
676.88	1208.77
677.08	1220.79
677.27	1214.08
677.46	1221.41
677.66	1210.60
677.85	1224.75
678.05	1208.75
678.24	1224.56
678.44	1214.79
678.63	1220.32
678.82	1210.60
679.02	1215.57
679.21	1210.84
679.41	1217.91
679.60	1215.14
679.79	1221.82
679.99	1216.58
680.18	1221.78
680.38	1206.72
680.57	1222.04
680.76	1216.33
680.96	1211.78
681.15	1217.17
681.35	1221.24
681.54	1213.18
681.73	1215.39
681.93	1214.47
682.12	1221.51
682.32	1209.04
682.51	1220.59
682.70	1216.78
682.90	1218.91
683.09	1217.64
683.29	1221.59
683.48	1208.55
683.67	1219.46
683.87	1216.10
684.06	1224.97
684.25	1209.86
684.45	1227.57
684.64	1212.58
684.84	1223.13
685.03	1225.67
685.22	1218.23
685.42	1215.45
685.61	1219.48
685.80	1216.31
686.00	1227.29
686.19	1223.80
686.38	1217.68
686.58	1211.31
686.77	1219.77
686.96	1209.33
687.16	1219.69
687.35	1222.19
687.55	1225.63
687.74	1209.57
687.93	1223.27
688.13	1214.88
688.32	1217.21
688.51	1215.31
688.71	1220.43
688.90	1212.03
689.09	1221.65
689.29	1215.02
689.48	1216.15
689.67	1217.97
689.87	1222.60
690.06	1217.70
690.25	1224.54
690.45	1216.02
690.64	1224.64
690.83	1216.70
691.03	1220.32
691.22	1211.19
691.41	1221.16
691.61	1213.13
691.80	1220.26
691.99	1213.81
692.19	1223.99
692.38	1212.85
692.57	1218.07
692.76	1214.45
692.96	1213.93
693.15	1213.65
693.34	1220.94
693.54	1211.76
693.73	1225.91
693.92	1214.30
694.12	1217.31
694.31	1210.53
694.50	1222.31
694.70	1213.79
694.89	1223.35
695.08	1207.30
695.27	1219.07
695.47	1215.55
695.66	1216.37
695.85	1218.97
696.05	1221.72
696.24	1217.11
696.43	1224.79
696.62	1216.47
696.82	1225.67
697.01	1216.53
697.20	1225.79
697.40	1204.35
697.59	1220.45
697.78	1214.67
697.97	1217.23
698.17	1216.08
698.36	1218.87
698.55	1215.10
698.74	1224.97
698.94	1211.31
699.13	1226.08
699.32	1213.89
699.52	1222.80
699.71	1213.97
699.90	1219.67
700.09	1218.38
700.29	1225.77
700.48	1212.48
700.67	1220.02
700.86	1209.45
701.06	1226.34
701.25	1212.03
701.44	1232.20
701.63	1221.37
701.83	1222.88
702.02	1211.15
702.21	1212.34
702.40	1217.19
702.60	1213.83
702.79	1216.72
702.98	1217.91
703.17	1209.71
703.37	1219.07
703.56	1219.69
703.75	1219.91
703.94	1212.60
704.13	1216.94
704.33	1221.02
704.52	1215.98
704.71	1219.14
704.90	1227.49
705.10	1220.65
705.29	1218.89
705.48	1214.32
705.67	1224.03
705.86	1209.80
706.06	1223.89
706.25	1212.44
706.44	1226.02
706.63	1212.83
706.83	1219.81
707.02	1211.35
707.21	1223.56
707.40	1211.58
707.59	1216.78
707.79	1211.89
707.98	1221.86
708.17	1214.10
708.36	1213.59
708.55	1217.91
708.75	1225.01
708.94	1217.66
709.13	1221.49
709.32	1214.28
709.51	1222.25
709.71	1214.98
709.90	1223.83
710.09	1218.38
710.28	1221.82
710.47	1214.04
710.66	1219.71
710.86	1215.59
711.05	1219.93
711.24	1208.59
711.43	1221.51
711.62	1212.42
711.82	1220.88
712.01	1217.25
712.20	1217.09
712.39	1215.74
712.58	1225.32
712.77	1209.06
712.97	1219.52
713.16	1209.24
713.35	1220.43
713.54	1211.97
713.73	1224.48
713.92	1216.39
714.11	1214.06
714.31	1209.06
714.50	1220.51
714.69	1220.10
714.88	1219.89
715.07	1216.55
715.26	1219.26
715.46	1216.06
715.65	1221.80
715.84	1215.14
716.03	1223.83
716.22	1203.57
716.41	1221.67
716.60	1218.91
716.80	1222.33
716.99	1212.48
717.18	1221.67
717.37	1210.04
717.56	1215.04
717.75	1204.59
717.94	1224.34
718.13	1207.83
718.33	1219.07
718.52	1210.62
718.71	1224.21
718.90	1217.87
719.09	1222.00
719.28	1219.14
719.47	1222.37
719.66	1218.66
719.85	1222.99
720.05	1208.94
720.24	1222.31
720.43	1220.10
720.62	1219.81
720.81	1206.25
721.00	1227.31
721.19	1209.59
721.38	1222.02
721.57	1215.39
721.77	1222.97
721.96	1216.23
722.15	1222.97
722.34	1214.77
722.53	1219.03
722.72	1213.13
722.91	1225.87
723.10	1216.19
723.29	1230.44
723.48	1205.35
723.67	1221.20
723.87	1213.81
724.06	1223.68
724.25	1214.79
724.44	1219.79
724.63	1215.14
724.82	1220.18
725.01	1215.67
725.20	1215.43
725.39	1208.83
725.58	1226.79
725.77	1216.66
725.96	1220.24
726.15	1211.62
726.34	1223.89
726.54	1217.54
726.73	1214.57
726.92	1212.79
727.11	1224.32
727.30	1214.94
727.49	1223.03
727.68	1214.51
727.87	1211.09
728.06	1221.08
728.25	1215.02
728.44	1215.59
728.63	1226.98
728.82	1213.11
729.01	1225.71
729.20	1218.40
729.39	1230.81
729.58	1218.34
729.77	1219.87
729.96	1216.35
730.15	1218.87
730.34	1215.00
730.53	1218.03
730.73	1217.09
730.92	1215.26
731.11	1215.98
731.30	1216.60
731.49	1224.48
731.68	1219.07
731.87	1215.43
732.06	1224.05
732.25	1222.49
732.44	1220.71
732.63	1218.64
732.82	1224.28
733.01	1212.91
733.20	1223.27
733.39	1220.30
733.58	1222.00
733.77	1217.27
733.96	1224.48
734.15	1208.94
734.34	1225.07
734.53	1218.11
734.72	1224.83
734.91	1214.55
735.10	1214.47
735.29	1217.21
735.48	1219.83
735.67	1219.01
735.86	1220.36
736.05	1219.50
736.24	1216.58
736.43	1217.39
736.62	1218.03
736.81	1215.33
737.00	1233.74
737.19	1217.99
737.38	1224.93
737.57	1213.73
737.76	1219.44
737.95	1215.63
738.14	1221.94
738.33	1213.91
738.51	1224.36
738.70	1219.16
738.89	1223.62
739.08	1221.31
739.27	1221.67
739.46	1214.92
739.65	1211.15
739.84	1218.13
740.03	1217.09
740.22	1218.28
740.41	1229.19
740.60	1210.45
740.79	1223.80
740.98	1213.95
741.17	1222.51
741.36	1217.46
741.55	1224.52
741.74	1215.45
741.93	1227.61
742.12	1209.10
742.31	1221.37
742.50	1221.76
742.68	1218.95
742.87	1220.10
743.06	1219.97
743.25	1217.99
743.44	1222.49
743.63	1209.94
743.82	1219.61
744.01	1211.84
744.20	1216.70
744.39	1216.39
744.58	1227.00
744.77	1214.90
744.96	1225.71
745.14	1218.40
745.33	1221.39
745.52	1211.95
745.71	1217.35
745.90	1215.24
746.09	1216.25
746.28	1223.13
746.47	1223.83
746.66	1216.29
746.85	1219.97
747.04	1218.83
747.22	1223.05
747.41	1213.36
747.60	1224.54
747.79	1217.97
747.98	1221.06
748.17	1221.22
748.36	1219.93
748.55	1224.46
748.74	1225.46
748.93	1220.43
749.11	1224.03
749.30	1214.14
749.49	1226.67
749.68	1218.50
749.87	1220.61
750.06	1215.51
750.25	1222.62
750.44	1223.03
750.62	1220.18
750.81	1216.45
751.00	1223.31
751.19	1211.68
751.38	1224.64
751.57	1221.16
751.76	1227.43
751.95	1223.52
752.13	1232.69
752.32	1220.32
752.51	1227.51
752.70	1209.78
752.89	1232.14
753.08	1223.89
753.27	1224.77
753.45	1224.17
753.64	1226.88
753.83	1224.99
754.02	1225.48
754.21	1217.56
754.40	1226.75
754.58	1222.23
754.77	1231.24
754.96	1223.23
755.15	1224.97
755.34	1228.41
755.53	1228.43
755.71	1218.75
755.90	1224.77
756.09	1224.23
756.28	1228.56
756.47	1219.16
756.66	1230.56
756.84	1222.86
757.03	1225.46
757.22	1219.69
757.41	1226.39
757.60	1226.06
757.79	1237.34
757.97	1222.47
758.16	1230.07
758.35	1230.42
758.54	1232.90
758.73	1231.89
758.91	1235.48
759.10	1231.51
759.29	1233.02
759.48	1234.00
759.67	1235.99
759.85	1222.39
760.04	1236.19
760.23	1231.75
760.42	1242.28
760.61	1240.19
760.79	1240.54
760.98	1237.28
761.17	1236.34
761.36	1234.86
761.55	1239.18
761.73	1234.78
761.92	1245.90
762.11	1234.21
762.30	1245.60
762.49	1240.23
762.67	1242.65
762.86	1238.12
763.05	1246.97
763.24	1241.25
763.42	1246.31
763.61	1245.06
763.80	1248.52
763.99	1241.09
764.17	1246.99
764.36	1249.53
764.55	1250.88
764.74	1249.88
764.92	1255.94
765.11	1250.35
765.30	1253.91
765.49	1255.40
765.68	1259.62
765.86	1249.28
766.05	1259.46
766.24	1253.54
766.43	1253.27
766.61	1252.35
766.80	1253.99
766.99	1256.63
767.17	1265.89
767.36	1256.45
767.55	1262.43
767.74	1256.00
767.92	1268.68
768.11	1263.23
768.30	1265.67
768.49	1262.86
768.67	1264.60
768.86	1269.17
769.05	1267.30
769.24	1264.37
769.42	1266.67
769.61	1262.65
769.80	1263.49
769.98	1258.64
770.17	1269.41
770.36	1258.25
770.55	1261.08
770.73	1248.69
770.92	1256.96
771.11	1264.31
771.29	1258.64
771.48	1252.31
771.67	1258.58
771.86	1252.64
772.04	1261.59
772.23	1249.83
772.42	1260.09
772.60	1255.30
772.79	1264.21
772.98	1259.28
773.16	1266.48
773.35	1257.17
773.54	1258.62
773.72	1256.59
773.91	1262.55
774.10	1256.18
774.29	1268.61
774.47	1264.27
774.66	1270.74
774.85	1268.16
775.03	1276.34
775.22	1279.08
775.41	1288.99
775.59	1283.65
775.78	1302.43
775.97	1299.37
776.15	1312.44
776.34	1317.46
776.53	1334.76
776.71	1342.91
776.90	1365.75
777.09	1362.27
777.27	1398.82
777.46	1420.82
777.65	1475.83
777.83	1535.34
778.02	1642.14
778.21	1796.46
778.39	2004.00
778.58	2278.12
778.76	2598.50
778.95	2973.90
779.14	3369.50
779.32	3758.15
779.51	4154.55
779.70	4534.76
779.88	4900.69
780.07	5224.51
780.26	5582.01
780.44	5867.37
780.63	6165.02
780.81	6394.37
781.00	6606.75
781.19	6843.39
781.37	6990.11
781.56	7097.85
781.75	7272.13
781.93	7428.60
782.12	7570.52
782.30	7692.35
782.49	7815.21
782.68	7955.05
782.86	8037.13
783.05	8087.84
783.23	8197.59
783.42	8128.78
783.61	8187.82
783.79	8080.73
783.98	8100.37
784.16	7973.83
784.35	7781.28
784.54	7509.82
784.72	7178.42
784.91	6875.79
785.09	6464.07
785.28	6095.25
785.47	5650.24
785.65	5228.73
785.84	4825.79
786.02	4427.81
786.21	4081.03
786.40	3732.98
786.58	3460.47
786.77	3204.54
786.95	3009.37
787.14	2836.93
787.32	2694.84
787.51	2571.33
787.70	2493.40
787.88	2412.71
788.07	2364.83
788.25	2289.63
788.44	2252.40
788.62	2193.40
788.81	2153.66
789.00	2114.18
789.18	2083.19
789.37	2040.21
789.55	2015.39
789.74	1981.29
789.92	1948.87
790.11	1916.39
790.29	1895.37
790.48	1863.63
790.67	1835.53
790.85	1812.78
791.04	1794.20
791.22	1757.81
791.41	1749.13
791.59	1718.55
791.78	1706.16
791.96	1675.22
792.15	1665.14
792.33	1637.31
792.52	1626.21
792.70	1606.67
792.89	1606.10
793.07	1576.87
793.26	1567.47
793.45	1553.81
793.63	1545.38
793.82	1531.12
794.00	1526.33
794.19	1519.37
794.37	1510.09
794.56	1506.38
794.74	1513.12
794.93	1514.70
795.11	1547.96
795.30	1548.49
795.48	1574.09
795.67	1603.48
795.85	1646.63
796.04	1664.63
796.22	1699.10
796.41	1718.43
796.59	1736.55
796.78	1739.97
796.96	1757.36
797.15	1760.70
797.33	1754.49
797.52	1757.16
797.70	1740.59
797.89	1723.51
798.07	1708.83
798.26	1691.95
798.44	1676.39
798.63	1656.07
798.81	1620.80
798.99	1597.91
799.18	1580.40
799.36	1550.58
799.55	1535.10
799.73	1506.26
799.92	1499.30
800.10	1468.37
800.29	1459.63
800.47	1445.23
800.66	1432.62
800.84	1410.09
801.03	1403.19
801.21	1378.88
801.39	1380.72
801.58	1357.99
801.76	1359.11
801.95	1345.62
802.13	1338.90
802.32	1329.28
802.50	1338.49
802.69	1329.87
802.87	1334.01
803.06	1319.30
803.24	1306.32
803.42	1304.84
803.61	1292.66
803.79	1280.02
803.98	1277.05
804.16	1258.33
804.35	1254.36
804.53	1243.08
804.71	1251.45
804.90	1240.02
805.08	1245.57
805.27	1231.55
805.45	1235.17
805.63	1230.56
805.82	1238.59
806.00	1225.32
806.19	1234.35
806.37	1230.13
806.56	1244.20
806.74	1232.77
806.92	1227.80
807.11	1227.76
807.29	1231.73
807.48	1231.83
807.66	1237.38
807.84	1230.85
808.03	1237.87
808.21	1235.13
808.40	1239.18
808.58	1232.37
808.76	1235.40
808.95	1224.54
809.13	1229.74
809.32	1225.42
809.50	1233.80
809.68	1225.20
809.87	1236.50
810.05	1227.76
810.23	1239.31
810.42	1226.88
810.60	1226.16
810.79	1231.40
810.97	1234.15
811.15	1230.62
811.34	1236.91
811.52	1232.45
811.70	1228.92
811.89	1229.42
812.07	1230.81
812.25	1225.03
812.44	1228.49
812.62	1222.00
812.81	1233.82
812.99	1229.89
813.17	1234.23
813.36	1226.18
813.54	1230.46
813.72	1226.55
813.91	1227.78
814.09	1225.22
814.27	1228.29
814.46	1218.99
814.64	1229.17
814.82	1223.07
815.01	1225.20
815.19	1223.48
815.37	1226.28
815.56	1221.02
815.74	1231.01
815.92	1224.83
816.11	1228.21
816.29	1223.68
816.47	1225.05
816.66	1218.21
816.84	1227.37
817.02	1218.73
817.21	1219.61
817.39	1215.67
817.57	1228.88
817.76	1223.11
817.94	1226.32
818.12	1213.09
818.30	1226.55
818.49	1227.55
818.67	1231.51
818.85	1215.88
819.04	1225.89
819.22	1219.46
819.40	1226.10
819.59	1221.96
819.77	1231.14
819.95	1219.97
820.13	1227.57
820.32	1225.93
820.50	1225.34
820.68	1219.54
820.87	1226.51
821.05	1220.63
821.23	1225.40
821.41	1214.69
821.60	1222.66
821.78	1225.79
821.96	1229.78
822.14	1217.23
822.33	1220.51
822.51	1223.70
822.69	1228.08
822.88	1224.50
823.06	1231.91
823.24	1216.80
823.42	1226.61
823.61	1230.11
823.79	1228.08
823.97	1227.80
824.15	1230.60
824.34	1223.87
824.52	1229.81
824.70	1220.96
824.88	1235.70
825.07	1223.60
825.25	1233.02
825.43	1227.76
825.61	1232.57
825.80	1224.30
825.98	1237.24
826.16	1220.59
826.34	1227.20
826.53	1226.82
826.71	1231.96
826.89	1227.10
827.07	1227.12
827.25	1229.21
827.44	1231.51
827.62	1221.16
827.80	1229.33
827.98	1230.44
828.17	1221.02
828.35	1222.23
828.53	1221.37
828.71	1222.35
828.89	1223.35
829.08	1221.61
829.26	1224.69
829.44	1216.19
829.62	1227.00
829.80	1214.12
829.99	1220.73
830.17	1218.19
830.35	1228.17
830.53	1222.68
830.71	1222.86
830.90	1226.04
831.08	1224.54
831.26	1217.21
831.44	1216.74
831.62	1224.71
831.81	1226.88
831.99	1216.39
832.17	1222.45
832.35	1217.50
832.53	1225.52
832.71	1217.09
832.90	1220.94
833.08	1215.35
833.26	1222.39
833.44	1211.60
833.62	1221.33
833.81	1211.62
833.99	1225.93
834.17	1220.08
834.35	1219.59
834.53	1220.20
834.71	1216.88
834.89	1218.01
835.08	1221.74
835.26	1215.20
835.44	1216.60
835.62	1213.26
835.80	1219.67
835.98	1208.81
836.17	1223.97
836.35	1217.64
836.53	1217.56
836.71	1218.97
836.89	1220.53
837.07	1211.82
837.25	1223.15
837.44	1211.60
837.62	1216.21
837.80	1215.14
837.98	1221.16
838.16	1216.00
838.34	1225.71
838.52	1218.44
838.70	1223.23
838.89	1213.83
839.07	1223.68
839.25	1209.63
839.43	1220.06
839.61	1215.49
839.79	1223.19
839.97	1212.64
840.15	1225.77
840.33	1220.02
840.52	1226.63
840.70	1213.54
840.88	1219.85
841.06	1208.42
841.24	1220.38
841.42	1223.85
841.60	1227.92
841.78	1215.16
841.96	1222.21
842.14	1215.94
842.33	1218.28
842.51	1215.86
842.69	1222.31
842.87	1208.59
843.05	1217.31
843.23	1216.10
843.41	1223.48
843.59	1213.81
843.77	1213.77
843.95	1207.89
844.13	1216.02
844.31	1219.81
844.49	1223.68
844.68	1213.99
844.86	1217.07
845.04	1216.90
845.22	1224.23
845.40	1213.79
845.58	1222.72
845.76	1212.09
845.94	1215.29
846.12	1210.88
846.30	1220.92
846.48	1214.32
846.66	1232.16
846.84	1206.89
847.02	1223.54
847.20	1218.42
847.38	1218.23
847.56	1217.23
847.74	1222.10
847.92	1220.79
848.11	1217.13
848.29	1217.70
848.47	1219.01
848.65	1209.82
848.83	1221.51
849.01	1214.71
849.19	1221.16
849.37	1210.51
849.55	1223.91
849.73	1214.49
849.91	1222.45
850.09	1216.86
850.27	1218.71
850.45	1213.67
850.63	1218.05
850.81	1219.54
850.99	1221.10
851.17	1219.48
851.35	1213.99
851.53	1218.97
851.71	1224.11
851.89	1211.27
852.07	1222.17
852.25	1215.57
852.43	1225.07
852.61	1213.48
852.79	1215.31
852.97	1217.35
853.15	1215.16
853.33	1215.69
853.51	1216.45
853.69	1216.76
853.87	1214.83
854.05	1209.61
854.23	1220.55
854.41	1218.81
854.59	1222.29
854.77	1216.60
854.95	1220.75
855.13	1215.45
855.31	1224.03
855.49	1220.86
855.67	1224.93
855.84	1215.59
856.02	1213.73
856.20	1208.22
856.38	1214.59
856.56	1211.99
856.74	1218.93
856.92	1214.98
857.10	1212.32
857.28	1212.73
857.46	1217.72
857.64	1218.75
857.82	1221.67
858.00	1211.64
858.18	1218.07
858.36	1214.94
858.54	1222.82
858.72	1215.76
858.90	1216.39
859.08	1217.50
859.25	1217.33
859.43	1213.24
859.61	1211.11
859.79	1215.76
859.97	1219.67
860.15	1212.75
860.33	1224.48
860.51	1215.47
860.69	1219.77
860.87	1214.34
861.05	1220.06
861.23	1213.54
861.41	1221.22
861.58	1211.68
861.76	1226.65
861.94	1210.04
862.12	1221.80
862.30	1212.89
862.48	1223.91
862.66	1210.78
862.84	1223.15
863.02	1210.39
863.20	1220.77
863.37	1218.36
863.55	1214.98
863.73	1218.95
863.91	1219.93
864.09	1215.33
864.27	1220.10
864.45	1212.38
864.63	1217.85
864.80	1210.29
864.98	1219.24
865.16	1206.68
865.34	1219.69
865.52	1213.18
865.70	1214.51
865.88	1220.86
866.06	1219.57
866.23	1216.41
866.41	1223.07
866.59	1205.50
866.77	1218.38
866.95	1216.00
867.13	1223.07
867.31	1216.78
867.48	1211.50
867.66	1211.70
867.84	1214.45
868.02	1215.16
868.20	1218.34
868.38	1209.41
868.56	1219.16
868.73	1211.72
868.91	1215.33
869.09	1216.08
869.27	1223.99
869.45	1208.06
869.63	1219.30
869.80	1218.25
869.98	1220.26
870.16	1215.94
870.34	1230.89
870.52	1215.24
870.70	1217.66
870.87	1217.23
871.05	1214.57
871.23	1215.31
871.41	1225.98
871.59	1215.10
871.76	1219.32
871.94	1213.05
872.12	1219.05
872.30	1216.15
872.48	1218.83
872.65	1216.58
872.83	1225.12
873.01	1213.07
873.19	1218.81
873.37	1211.91
873.54	1220.20
873.72	1215.74
873.90	1221.76
874.08	1218.93
874.26	1215.69
874.43	1212.09
874.61	1215.49
874.79	1215.51
874.97	1220.12
875.15	1211.58
875.32	1222.37
875.50	1220.20
875.68	1220.34
875.86	1210.04
876.03	1218.66
876.21	1220.96
876.39	1224.56
876.57	1213.26
876.74	1221.27
876.92	1199.11
877.10	1214.36
877.28	1208.32
877.45	1223.97
877.63	1210.31
877.81	1215.88
877.99	1214.32
878.17	1226.43
878.34	1217.56
878.52	1213.61
878.70	1217.68
878.87	1217.78
879.05	1213.05
879.23	1217.54
879.41	1211.27
879.58	1223.54
879.76	1217.93
879.94	1216.74
880.12	1213.59
880.29	1225.59
880.47	1216.04
880.65	1223.44
880.83	1214.32
881.00	1214.47
881.18	1212.38
881.36	1219.97
881.53	1210.41
881.71	1214.57
881.89	1206.09
882.07	1223.01
882.24	1213.54
882.42	1212.97
882.60	1213.67
882.77	1215.90
882.95	1216.70
883.13	1218.48
883.30	1215.43
883.48	1215.43
883.66	1216.51
883.84	1220.08
884.01	1217.44
884.19	1218.30
884.37	1214.02
884.54	1214.40
884.72	1216.94
884.90	1214.53
885.07	1219.03
885.25	1219.97
885.43	1208.22
885.60	1222.70
885.78	1218.09
885.96	1218.91
886.13	1215.57
886.31	1221.63
886.49	1211.66
886.66	1217.54
886.84	1216.41
887.02	1225.07
887.19	1209.14
887.37	1219.22
887.55	1207.07
887.72	1221.41
887.90	1215.96
888.08	1222.13
888.25	1212.87
888.43	1225.40
888.61	1218.54
888.78	1222.60
888.96	1212.89
889.14	1223.01
889.31	1216.33
889.49	1217.97
889.67	1217.60
889.84	1217.11
890.02	1210.62
890.19	1218.21
890.37	1222.60
890.55	1221.14
890.72	1211.72
890.90	1215.74
891.08	1216.90
891.25	1222.10
891.43	1219.83
891.60	1216.84
891.78	1213.85
891.96	1213.69
892.13	1205.66
892.31	1231.16
892.48	1203.43
892.66	1226.96
892.84	1215.98
893.01	1214.65
893.19	1214.12
893.36	1223.50
893.54	1216.39
893.72	1217.03
893.89	1209.88
894.07	1223.05
894.24	1208.34
894.42	1240.66
894.60	1212.07
894.77	1216.27
894.95	1212.07
895.12	1225.07
895.30	1213.75
895.48	1216.51
895.65	1207.07
895.83	1216.49
896.00	1223.19
896.18	1227.02
896.35	1213.71
896.53	1218.17
896.71	1210.72
896.88	1223.52
897.06	1212.38
897.23	1222.60
897.41	1216.58
897.58	1225.48
897.76	1217.97
897.93	1219.67
898.11	1210.31
898.29	1214.98
898.46	1218.50
898.64	1219.40
898.81	1217.29
898.99	1217.25
899.16	1214.20
899.34	1224.56
899.51	1213.36
899.69	1222.60
899.86	1213.22
900.04	1215.76
900.21	1216.82
900.39	1227.06
900.57	1217.25
900.74	1220.45
900.92	1221.72
901.09	1217.74
901.27	1211.66
901.44	1226.75
901.62	1215.59
901.79	1221.61
901.97	1209.08
902.14	1217.87
902.32	1218.54
902.49	1220.30
902.67	1210.90
902.84	1212.64
903.02	1211.11
903.19	1228.25
903.37	1210.33
903.54	1214.10
903.72	1209.92
903.89	1217.48
904.07	1214.67
904.24	1224.46
904.42	1211.60
904.59	1219.32
904.77	1213.44
904.94	1226.57
905.12	1217.29
905.29	1221.00
905.47	1211.72
905.64	1224.19
905.82	1207.28
905.99	1212.17
906.16	1217.50
906.34	1220.94
906.51	1213.52
906.69	1215.29
906.86	1213.01
907.04	1214.81
907.21	1210.25
907.39	1221.72
907.56	1210.80
907.74	1219.42
907.91	1219.42
908.09	1220.30
908.26	1211.09
908.43	1220.38
908.61	1210.14
908.78	1219.11
908.96	1222.66
909.13	1214.57
909.31	1218.50
909.48	1216.88
909.65	1216.72
909.83	1228.84
910.00	1208.20
910.18	1220.14
910.35	1216.76
910.53	1215.20
910.70	1213.81
910.87	1219.79
911.05	1213.91
911.22	1219.87
911.40	1208.81
911.57	1225.85
911.75	1217.25
911.92	1213.59
912.09	1208.49
912.27	1219.32
912.44	1213.50
912.62	1220.94
912.79	1215.10
912.96	1223.62
913.14	1206.46
913.31	1216.25
913.49	1217.87
913.66	1222.88
913.83	1209.47
914.01	1221.65
914.18	1215.16
914.36	1226.39
914.53	1212.11
914.70	1220.43
914.88	1214.02
915.05	1216.58
915.22	1208.73
915.40	1214.12
915.57	1206.05
915.75	1216.66
915.92	1215.78
916.09	1218.05
916.27	1222.84
916.44	1217.93
916.61	1211.41
916.79	1217.66
916.96	1211.39
917.13	1216.78
917.31	1213.63
917.48	1215.67
917.66	1220.47
917.83	1216.60
918.00	1211.13
918.18	1220.28
918.35	1210.68
918.52	1226.88
918.70	1208.98
918.87	1224.48
919.04	1217.76
919.22	1212.79
919.39	1219.26
919.56	1218.15
919.74	1214.04
919.91	1222.00
920.08	1208.98
920.26	1213.20
920.43	1221.72
920.60	1216.08
920.78	1215.74
920.95	1220.16
921.12	1214.40
921.29	1222.04
921.47	1216.35
921.64	1218.46
921.81	1208.96
921.99	1225.22
922.16	1211.52
922.33	1219.48
922.51	1218.95
922.68	1223.11
922.85	1214.38
923.03	1214.20
923.20	1216.68
923.37	1215.86
923.54	1215.98
923.72	1218.19
923.89	1209.37
924.06	1219.95
924.24	1209.35
924.41	1218.85
924.58	1207.22
924.75	1218.30
924.93	1207.15
925.10	1218.73
925.27	1214.75
925.44	1224.83
925.62	1210.55
925.79	1223.07
925.96	1211.33
926.14	1215.65
926.31	1210.55
926.48	1223.01
926.65	1214.67
926.83	1211.82
927.00	1218.13
927.17	1220.08
927.34	1209.71
927.52	1218.71
927.69	1208.04
927.86	1223.87
928.03	1213.05
928.21	1219.22
928.38	1214.98
928.55	1219.77
928.72	1212.83
928.89	1221.35
929.07	1209.84
929.24	1220.10
929.41	1215.59
929.58	1224.17
929.76	1211.66
929.93	1215.74
930.10	1211.91
930.27	1220.06
930.44	1214.08
930.62	1227.12
930.79	1212.44
930.96	1221.57
931.13	1216.84
931.31	1215.82
931.48	1213.87
931.65	1217.52
931.82	1222.21
931.99	1217.31
932.17	1209.78
932.34	1222.88
932.51	1204.39
932.68	1218.56
932.85	1218.44
933.03	1217.13
933.20	1211.52
933.37	1219.34
933.54	1209.84
933.71	1222.37
933.88	1217.95
934.06	1229.72
934.23	1213.67
934.40	1222.37
934.57	1210.86
934.74	1219.87
934.91	1205.66
935.09	1220.59
935.26	1215.59
935.43	1220.51
935.60	1213.09
935.77	1220.30
935.94	1218.62
936.12	1221.00
936.29	1217.11
936.46	1217.25
936.63	1219.01
936.80	1214.79
936.97	1216.33
937.14	1226.63
937.32	1212.01
937.49	1220.59
937.66	1208.24
937.83	1217.95
938.00	1208.18
938.17	1212.32
938.34	1213.34
938.52	1219.95
938.69	1214.61
938.86	1224.95
939.03	1214.24
939.20	1217.44
939.37	1209.43
939.54	1215.06
939.71	1215.47
939.89	1218.34
940.06	1207.87
940.23	1221.43
940.40	1215.74
940.57	1220.32
940.74	1212.50
940.91	1213.71
941.08	1217.95
941.25	1220.71
941.43	1214.32
941.60	1219.52
941.77	1215.39
941.94	1224.09
942.11	1215.45
942.28	1223.31
942.45	1216.90
942.62	1217.31
942.79	1205.82
942.96	1217.66
943.13	1215.47
943.30	1219.18
943.48	1217.58
943.65	1218.62
943.82	1204.39
943.99	1216.53
944.16	1213.75
944.33	1217.87
944.50	1213.77
944.67	1213.24
944.84	1210.19
945.01	1218.68
945.18	1208.18
945.35	1220.61
945.52	1214.16
945.69	1215.47
945.86	1218.95
946.03	1226.39
946.21	1212.66
946.38	1214.79
946.55	1219.44
946.72	1219.67
946.89	1219.40
947.06	1223.23
947.23	1212.66
947.40	1218.64
947.57	1208.20
947.74	1214.67
947.91	1209.31
948.08	1223.54
948.25	1212.64
948.42	1213.65
948.59	1223.05
948.76	1220.67
948.93	1219.38
949.10	1215.82
949.27	1223.83
949.44	1211.70
949.61	1216.76
949.78	1213.87
949.95	1218.48
950.12	1220.36
950.29	1210.62
950.46	1220.34
950.63	1218.42
950.80	1216.78
950.97	1203.78
951.14	1224.42
951.31	1211.41
951.48	1221.98
951.65	1208.79
951.82	1221.18
951.99	1209.67
952.16	1225.46
952.33	1212.01
952.50	1222.74
952.67	1211.56
952.84	1216.94
953.01	1213.81
953.18	1220.53
953.35	1209.41
953.52	1220.04
953.69	1218.93
953.86	1221.86
954.03	1215.84
954.20	1211.37
954.37	1222.41
954.54	1223.52
954.70	1216.10
954.87	1220.49
955.04	1210.68
955.21	1214.16
955.38	1213.67
955.55	1218.30
955.72	1211.11
955.89	1219.59
956.06	1221.43
956.23	1220.63
956.40	1206.77
956.57	1224.71
956.74	1217.93
956.91	1217.19
957.08	1211.54
957.25	1218.66
957.41	1210.92
957.58	1217.91
957.75	1211.25
957.92	1214.98
958.09	1209.47
958.26	1216.27
958.43	1211.07
958.60	1221.90
958.77	1214.38
958.94	1217.80
959.11	1204.88
959.27	1224.30
959.44	1217.78
959.61	1221.61
959.78	1211.74
959.95	1213.54
960.12	1208.51
960.29	1225.44
960.46	1216.90
960.63	1226.00
960.80	1207.81
960.96	1225.26
961.13	1220.22
961.30	1220.92
961.47	1211.15
961.64	1216.06
961.81	1212.19
961.98	1225.01
962.15	1208.75
962.31	1220.18
962.48	1211.64
962.65	1222.72
962.82	1210.27
962.99	1228.45
963.16	1206.34
963.33	1221.24
963.49	1209.28
963.66	1218.75
963.83	1210.37
964.00	1220.18
964.17	1207.11
964.34	1218.68
964.51	1211.64
964.67	1216.72
964.84	1212.66
965.01	1232.30
965.18	1212.52
965.35	1219.71
965.52	1208.85
965.68	1216.06
965.85	1215.41
966.02	1217.99
966.19	1216.88
966.36	1216.92
966.52	1212.15
966.69	1224.81
966.86	1209.69
967.03	1220.14
967.20	1217.52
967.37	1217.07
967.53	1211.56
967.70	1219.83
967.87	1207.11
968.04	1218.85
968.21	1213.81
968.37	1220.61
968.54	1210.78
968.71	1216.84
968.88	1211.05
969.05	1216.31
969.21	1209.00
969.38	1222.19
969.55	1214.98
969.72	1231.87
969.89	1213.07
970.05	1216.86
970.22	1209.71
970.39	1222.64
970.56	1210.12
970.72	1223.56
970.89	1216.88
971.06	1218.56
971.23	1208.10
971.39	1222.23
971.56	1215.51
971.73	1214.81
971.90	1211.15
972.07	1217.07
972.23	1212.91
972.40	1216.37
972.57	1206.50
972.74	1222.99
972.90	1210.53
973.07	1222.00
973.24	1203.08
973.40	1225.61
973.57	1210.12
973.74	1219.24
973.91	1213.52
974.07	1226.22
974.24	1214.49
974.41	1219.28
974.58	1215.76
974.74	1224.15
974.91	1220.32
975.08	1218.40
975.25	1198.04
975.41	1216.02
975.58	1214.14
975.75	1220.22
975.91	1217.46
976.08	1220.24
976.25	1212.27
976.42	1218.73
976.58	1214.90
976.75	1223.25
976.92	1208.22
977.08	1216.51
977.25	1209.65
977.42	1217.64
977.58	1205.50
977.75	1223.40
977.92	1210.72
978.08	1219.69
978.25	1223.07
978.42	1214.90
978.59	1213.07
978.75	1220.12
978.92	1217.72
979.09	1220.51
979.25	1216.10
979.42	1220.34
979.59	1216.53
979.75	1213.18
979.92	1209.88
980.09	1216.29
980.25	1209.45
980.42	1224.46
980.59	1209.24
980.75	1219.07
980.92	1212.99
981.09	1221.41
981.25	1207.44
981.42	1217.64
981.59	1211.15
981.75	1214.88
981.92	1216.80
982.08	1221.00
982.25	1216.23
982.42	1220.71
982.58	1203.30
982.75	1219.87
982.92	1214.86
983.08	1213.61
983.25	1217.21
983.42	1220.14
983.58	1219.67
983.75	1215.65
983.91	1214.14
984.08	1220.47
984.25	1214.79
984.41	1217.11
984.58	1214.86
984.74	1221.33
984.91	1210.70
985.08	1217.19
985.24	1211.74
985.41	1218.97
985.57	1209.94
985.74	1212.64
985.91	1214.40
986.07	1220.45
986.24	1204.70
986.40	1220.43
986.57	1215.37
986.74	1221.04
986.90	1219.07
987.07	1224.44
987.23	1213.46
987.40	1215.74
987.57	1213.71
987.73	1223.95
987.90	1211.39
988.06	1209.78
988.23	1208.42
988.39	1224.75
988.56	1213.71
988.73	1216.98
988.89	1214.16
989.06	1215.90
989.22	1219.50
989.39	1219.07
989.55	1216.35
989.72	1217.21
989.88	1215.02
990.05	1219.40
990.22	1204.68
990.38	1216.70
990.55	1209.45
990.71	1217.03
990.88	1214.34
991.04	1215.57
991.21	1214.02
991.37	1216.29
991.54	1221.12
991.70	1216.86
991.87	1212.64
992.03	1222.66
992.20	1208.49
992.36	1225.20
992.53	1213.38
992.69	1216.00
992.86	1218.05
993.03	1216.06
993.19	1215.22
993.36	1222.76
993.52	1215.98
993.69	1222.99
993.85	1213.24
994.02	1218.46
994.18	1209.12
994.35	1222.94
994.51	1219.54
994.68	1221.49
994.84	1213.03
995.01	1217.99
995.17	1208.26
995.34	1217.95
995.50	1208.08
995.66	1219.24
995.83	1210.04
995.99	1218.05
996.16	1200.23
996.32	1218.71
996.49	1209.67
996.65	1220.24
996.82	1219.50
996.98	1220.59
997.15	1212.05
997.31	1218.25
997.48	1208.01
997.64	1224.01
997.81	1214.08
997.97	1216.08
998.13	1214.75
998.30	1218.34
998.46	1217.31
998.63	1217.87
998.79	1208.87
998.96	1218.11
999.12	1215.92
999.29	1218.17
999.45	1211.72
999.61	1221.61
999.78	1216.25
999.94	1218.54
1000.11	1214.71
1000.27	1215.35
1000.44	1213.87
1000.60	1222.80
1000.76	1213.59
1000.93	1219.97
1001.09	1215.20
1001.26	1222.66
1001.42	1209.08
1001.59	1219.79
1001.75	1206.54
1001.91	1216.29
1002.08	1214.90
1002.24	1216.29
1002.41	1214.12
1002.57	1217.97
1002.73	1209.63
1002.90	1221.53
1003.06	1212.50
1003.23	1218.34
1003.39	1205.33
1003.55	1226.14
1003.72	1210.00
1003.88	1220.94
1004.04	1211.84
1004.21	1220.06
1004.37	1219.28
1004.54	1218.77
1004.70	1211.97
1004.86	1217.93
1005.03	1218.97
1005.19	1213.83
1005.35	1215.12
1005.52	1222.82
1005.68	1204.98
1005.85	1217.50
1006.01	1212.60
1006.17	1224.66
1006.34	1214.59
1006.50	1218.30
1006.66	1212.52
1006.83	1214.63
1006.99	1216.08
1007.15	1217.29
1007.32	1212.05
1007.48	1219.89
1007.64	1207.79
1007.81	1224.69
1007.97	1214.08
1008.13	1217.11
1008.30	1208.61
1008.46	1222.02
1008.62	1213.22
1008.79	1220.24
1008.95	1218.66
1009.11	1218.91
1009.28	1210.80
1009.44	1221.88
1009.60	1208.24
1009.77	1215.84
1009.93	1217.56
1010.09	1222.78
1010.25	1211.29
1010.42	1215.84
1010.58	1211.76
1010.74	1218.01
1010.91	1212.99
1011.07	1218.42
1011.23	1214.53
1011.40	1214.04
1011.56	1212.77
1011.72	1221.04
1011.88	1221.29
1012.05	1221.24
1012.21	1216.33
1012.37	1217.85
1012.54	1212.58
1012.70	1219.14
1012.86	1215.90
1013.02	1221.92
1013.19	1219.93
1013.35	1222.27
1013.51	1211.52
1013.67	1220.38
1013.84	1214.45
1014.00	1219.59
1014.16	1209.06
1014.33	1218.13
1014.49	1215.82
1014.65	1224.73
1014.81	1204.39
1014.98	1218.58
1015.14	1211.09
1015.30	1214.14
1015.46	1214.81
1015.62	1226.18
1015.79	1211.11
1015.95	1219.01
1016.11	1215.47
1016.27	1221.63
1016.44	1217.78
1016.60	1224.30
1016.76	1211.84
1016.92	1221.18
1017.09	1217.60
1017.25	1228.62
1017.41	1212.85
1017.57	1219.11
1017.73	1212.32
1017.90	1211.91
1018.06	1218.79
1018.22	1218.25
1018.38	1214.22
1018.54	1216.00
1018.71	1213.34
1018.87	1217.05
1019.03	1209.63
1019.19	1214.14
1019.35	1215.96
1019.52	1223.37
1019.68	1214.22
1019.84	1217.74
1020.00	1219.65
1020.16	1215.80
1020.33	1215.39
1020.49	1215.74
1020.65	1214.63
1020.81	1213.67
1020.97	1213.71
1021.13	1219.54
1021.30	1210.45
1021.46	1218.87
1021.62	1212.40
1021.78	1214.10
1021.94	1211.11
1022.10	1217.76
1022.27	1215.37
1022.43	1221.33
1022.59	1210.19
1022.75	1219.22
1022.91	1215.86
1023.07	1221.65
1023.24	1209.41
1023.40	1221.31
1023.56	1208.16
1023.72	1222.66
1023.88	1214.75
1024.04	1210.39
1024.20	1214.98
1024.36	1219.05
1024.53	1210.39
1024.69	1216.39
1024.85	1208.24
1025.01	1225.40
1025.17	1213.52
1025.33	1212.64
1025.49	1205.07
1025.65	1217.50
1025.82	1215.49
1025.98	1220.86
1026.14	1213.26
1026.30	1215.43
1026.46	1216.00
1026.62	1219.91
1026.78	1203.22
1026.94	1223.60
1027.10	1208.81
1027.26	1222.90
1027.43	1209.41
1027.59	1221.96
1027.75	1214.02
1027.91	1217.29
1028.07	1211.25
1028.23	1223.89
1028.39	1214.36
1028.55	1216.94
1028.71	1212.64
1028.87	1216.33
1029.03	1212.01
1029.19	1220.69
1029.36	1219.11
1029.52	1219.44
1029.68	1213.83
1029.84	1224.17
1030.00	1210.31
1030.16	1216.60
1030.32	1227.86
1030.48	1216.76
1030.64	1217.42
1030.80	1225.34
1030.96	1216.35
1031.12	1217.54
1031.28	1216.15
1031.44	1218.64
1031.60	1224.58
1031.76	1219.79
1031.92	1212.21
1032.08	1233.06
1032.24	1215.20
1032.40	1222.02
1032.56	1205.80
1032.73	1220.71
1032.89	1214.73
1033.05	1214.47
1033.21	1213.11
1033.37	1221.84
1033.53	1214.16
1033.69	1218.09
1033.85	1213.97
1034.01	1219.48
1034.17	1217.01
1034.33	1218.23
1034.49	1214.55
1034.65	1214.79
1034.81	1212.38
1034.97	1213.93
1035.13	1217.33
1035.29	1219.91
1035.45	1209.92
1035.61	1218.21
1035.77	1210.35
1035.93	1215.47
1036.09	1210.33
1036.25	1218.11
1036.41	1213.50
1036.57	1221.47
1036.73	1213.52
1036.88	1219.28
1037.04	1211.27
