345.52	1204.70
345.73	1204.70
345.94	1204.70
346.16	1207.13
346.37	1207.79
346.58	1209.41
346.79	1210.14
347.00	1215.63
347.22	1217.15
347.43	1207.67
347.64	1214.45
347.85	1206.29
348.06	1214.20
348.28	1211.17
348.49	1212.36
348.70	1211.03
348.91	1216.76
349.12	1214.49
349.34	1218.40
349.55	1209.65
349.76	1217.21
349.97	1205.64
350.18	1223.97
350.40	1212.01
350.61	1217.87
350.82	1216.35
351.03	1215.20
351.24	1208.14
351.46	1216.62
351.67	1212.91
351.88	1217.87
352.09	1208.94
352.30	1210.88
352.51	1214.22
352.73	1219.01
352.94	1208.79
353.15	1223.29
353.36	1213.18
353.57	1217.80
353.79	1208.16
354.00	1217.37
354.21	1214.53
354.42	1224.85
354.63	1217.50
354.84	1213.65
355.06	1210.55
355.27	1206.72
355.48	1213.26
355.69	1219.54
355.90	1214.08
356.11	1218.75
356.33	1220.22
356.54	1225.38
356.75	1210.49
356.96	1217.68
357.17	1213.46
357.38	1217.72
357.60	1206.05
357.81	1218.38
358.02	1217.99
358.23	1220.65
358.44	1210.66
358.65	1209.04
358.87	1212.62
359.08	1218.54
359.29	1208.22
359.50	1222.86
359.71	1205.17
359.92	1221.14
360.13	1213.36
360.35	1220.34
360.56	1214.30
360.77	1214.81
360.98	1213.50
361.19	1218.85
361.40	1216.90
361.62	1217.54
361.83	1213.20
362.04	1208.51
362.25	1218.85
362.46	1221.29
362.67	1215.63
362.88	1215.29
363.10	1208.14
363.31	1216.37
363.52	1211.29
363.73	1221.92
363.94	1212.91
364.15	1223.72
364.36	1218.32
364.57	1217.44
364.79	1216.64
365.00	1220.88
365.21	1211.46
365.42	1217.74
365.63	1217.60
365.84	1227.22
366.05	1220.20
366.27	1219.57
366.48	1216.66
366.69	1224.93
366.90	1211.41
367.11	1219.77
367.32	1220.94
367.53	1216.04
367.74	1216.82
367.95	1217.97
368.17	1211.03
368.38	1214.55
368.59	1217.78
368.80	1215.33
369.01	1211.31
369.22	1214.38
369.43	1215.06
369.64	1217.99
369.86	1223.37
370.07	1222.02
370.28	1214.34
370.49	1224.07
370.70	1205.84
370.91	1218.95
371.12	1207.58
371.33	1215.82
371.54	1213.91
371.76	1218.30
371.97	1210.68
372.18	1222.99
372.39	1219.14
372.60	1217.44
372.81	1209.31
373.02	1216.12
373.23	1214.94
373.44	1223.46
373.65	1219.18
373.87	1214.04
374.08	1211.54
374.29	1223.01
374.50	1209.80
374.71	1215.37
374.92	1217.48
375.13	1215.24
375.34	1214.90
375.55	1220.73
375.76	1214.92
375.97	1221.94
376.19	1213.91
376.40	1220.12
376.61	1215.80
376.82	1222.21
377.03	1215.04
377.24	1222.19
377.45	1212.01
377.66	1221.57
377.87	1212.09
378.08	1220.57
378.29	1219.48
378.50	1219.34
378.71	1219.91
378.93	1217.39
379.14	1214.55
379.35	1220.84
379.56	1212.85
379.77	1222.88
379.98	1219.14
380.19	1222.74
380.40	1211.72
380.61	1219.77
380.82	1212.21
381.03	1223.46
381.24	1215.76
381.45	1220.57
381.66	1211.56
381.88	1224.32
382.09	1209.39
382.30	1224.44
382.51	1211.11
382.72	1221.04
382.93	1217.78
383.14	1222.49
383.35	1214.10
383.56	1216.74
383.77	1218.66
383.98	1218.68
384.19	1211.95
384.40	1210.66
384.61	1217.11
384.82	1226.47
385.03	1221.80
385.24	1212.11
385.45	1214.57
385.67	1218.91
385.88	1210.45
386.09	1215.02
386.30	1211.56
386.51	1217.33
386.72	1205.97
386.93	1223.95
387.14	1210.84
387.35	1214.98
387.56	1214.18
387.77	1221.16
387.98	1210.53
388.19	1218.60
388.40	1216.21
388.61	1215.53
388.82	1214.32
389.03	1222.19
389.24	1209.96
389.45	1224.73
389.66	1218.21
389.87	1215.80
390.08	1218.77
390.29	1216.39
390.50	1219.91
390.71	1222.13
390.92	1216.66
391.13	1225.83
391.34	1213.44
391.55	1222.25
391.76	1211.33
391.98	1216.37
392.19	1214.02
392.40	1219.87
392.61	1219.67
392.82	1222.66
393.03	1209.76
393.24	1228.41
393.45	1215.06
393.66	1216.17
393.87	1214.86
394.08	1223.56
394.29	1217.19
394.50	1225.61
394.71	1202.08
394.92	1224.28
395.13	1219.57
395.34	1210.62
395.55	1213.20
395.76	1223.95
395.97	1216.27
396.18	1222.60
396.39	1208.96
396.60	1222.17
396.81	1219.54
397.02	1215.33
397.23	1215.63
397.44	1228.08
397.65	1216.23
397.86	1223.29
398.07	1216.00
398.28	1227.41
398.49	1218.15
398.70	1220.75
398.91	1221.72
399.12	1218.56
399.33	1218.38
399.54	1213.24
399.75	1217.07
399.96	1219.24
400.17	1214.18
400.38	1213.38
400.59	1216.84
400.80	1225.77
401.01	1215.49
401.22	1220.45
401.42	1208.49
401.63	1220.92
401.84	1215.12
402.05	1223.13
402.26	1216.29
402.47	1223.99
402.68	1214.02
402.89	1217.91
403.10	1211.41
403.31	1221.70
403.52	1207.54
403.73	1232.37
403.94	1211.23
404.15	1222.80
404.36	1219.36
404.57	1224.23
404.78	1213.87
404.99	1225.30
405.20	1209.98
405.41	1220.47
405.62	1219.26
405.83	1219.52
406.04	1221.45
406.25	1218.58
406.46	1215.22
406.67	1224.99
406.88	1209.63
407.09	1224.36
407.30	1214.92
407.50	1221.67
407.71	1218.58
407.92	1227.20
408.13	1219.11
408.34	1219.30
408.55	1217.23
408.76	1217.95
408.97	1212.81
409.18	1228.02
409.39	1211.00
409.60	1214.36
409.81	1215.57
410.02	1213.81
410.23	1210.86
410.44	1225.57
410.65	1215.29
410.86	1224.09
411.07	1214.49
411.27	1222.04
411.48	1218.60
411.69	1217.46
411.90	1213.95
412.11	1226.45
412.32	1215.69
412.53	1220.08
412.74	1216.31
412.95	1227.45
413.16	1212.83
413.37	1217.13
413.58	1212.70
413.79	1230.01
414.00	1217.72
414.20	1225.69
414.41	1211.58
414.62	1228.29
414.83	1212.48
415.04	1218.87
415.25	1212.50
415.46	1217.89
415.67	1209.41
415.88	1227.61
416.09	1216.33
416.30	1217.95
416.51	1216.55
416.71	1218.81
416.92	1208.16
417.13	1221.18
417.34	1216.15
417.55	1231.79
417.76	1216.31
417.97	1220.43
418.18	1216.80
418.39	1214.67
418.60	1214.81
418.81	1221.12
419.01	1210.29
419.22	1226.92
419.43	1212.01
419.64	1217.35
419.85	1212.91
420.06	1222.68
420.27	1214.47
420.48	1224.91
420.69	1216.15
420.90	1218.81
421.10	1211.11
421.31	1221.10
421.52	1210.21
421.73	1221.29
421.94	1208.92
422.15	1224.46
422.36	1218.25
422.57	1224.69
422.78	1216.39
422.98	1215.31
423.19	1218.87
423.40	1224.36
423.61	1214.61
423.82	1226.92
424.03	1214.61
424.24	1215.61
424.45	1212.21
424.65	1224.09
424.86	1214.28
425.07	1227.49
425.28	1214.71
425.49	1209.04
425.70	1212.81
425.91	1224.11
426.12	1210.37
426.32	1218.99
426.53	1222.99
426.74	1219.83
426.95	1217.78
427.16	1220.71
427.37	1216.66
427.58	1228.35
427.78	1210.41
427.99	1217.89
428.20	1213.61
428.41	1228.97
428.62	1215.49
428.83	1222.19
429.04	1215.55
429.24	1223.62
429.45	1220.32
429.66	1227.74
429.87	1217.72
430.08	1221.24
430.29	1218.99
430.50	1223.89
430.70	1214.73
430.91	1219.38
431.12	1222.64
431.33	1227.41
431.54	1212.27
431.75	1222.92
431.96	1215.59
432.16	1220.49
432.37	1208.10
432.58	1221.37
432.79	1208.98
433.00	1215.51
433.21	1211.15
433.41	1220.16
433.62	1218.77
433.83	1218.87
434.04	1214.38
434.25	1217.37
434.46	1215.65
434.66	1222.64
434.87	1219.61
435.08	1232.51
435.29	1207.81
435.50	1221.41
435.71	1219.18
435.91	1220.02
436.12	1215.08
436.33	1223.91
436.54	1221.53
436.75	1219.18
436.95	1215.96
437.16	1230.54
437.37	1216.74
437.58	1220.92
437.79	1211.17
438.00	1221.29
438.20	1218.07
438.41	1217.89
438.62	1217.62
438.83	1224.11
439.04	1214.75
439.24	1223.11
439.45	1217.58
439.66	1219.44
439.87	1216.94
440.08	1217.44
440.28	1212.27
440.49	1218.68
440.70	1213.85
440.91	1222.53
441.12	1215.33
441.32	1220.30
441.53	1211.99
441.74	1221.49
441.95	1221.06
442.16	1221.59
442.36	1207.13
442.57	1219.65
442.78	1213.52
442.99	1221.67
443.20	1215.47
443.40	1223.76
443.61	1217.25
443.82	1217.13
444.03	1218.19
444.24	1224.26
444.44	1213.89
444.65	1224.23
444.86	1210.45
445.07	1220.22
445.27	1213.24
445.48	1219.28
445.69	1221.29
445.90	1224.36
446.11	1211.72
446.31	1219.69
446.52	1214.22
446.73	1217.15
446.94	1213.75
447.14	1217.21
447.35	1212.56
447.56	1221.47
447.77	1216.43
447.97	1228.11
448.18	1216.00
448.39	1225.12
448.60	1216.62
448.81	1222.58
449.01	1215.02
449.22	1214.40
449.43	1211.80
449.64	1226.10
449.84	1215.96
450.05	1224.56
450.26	1213.87
450.47	1217.56
450.67	1212.40
450.88	1222.84
451.09	1219.16
451.30	1218.30
451.50	1216.15
451.71	1227.53
451.92	1212.42
452.13	1223.54
452.33	1204.62
452.54	1221.41
452.75	1217.21
452.96	1220.86
453.16	1214.63
453.37	1226.18
453.58	1219.16
453.79	1224.38
453.99	1219.07
454.20	1222.27
454.41	1214.57
454.61	1223.76
454.82	1225.79
455.03	1226.00
455.24	1217.37
455.44	1222.62
455.65	1219.91
455.86	1225.93
456.07	1214.42
456.27	1223.52
456.48	1212.89
456.69	1219.57
456.90	1214.36
457.10	1217.80
457.31	1219.28
457.52	1223.31
457.72	1213.22
457.93	1220.77
458.14	1218.73
458.35	1213.52
458.55	1217.33
458.76	1221.35
458.97	1215.31
459.17	1221.49
459.38	1220.10
459.59	1217.27
459.80	1216.76
460.00	1219.91
460.21	1215.24
460.42	1217.15
460.62	1216.76
460.83	1220.38
461.04	1217.64
461.25	1218.60
461.45	1215.88
461.66	1219.85
461.87	1211.54
462.07	1226.41
462.28	1215.14
462.49	1224.60
462.69	1217.37
462.90	1220.55
463.11	1218.97
463.31	1222.21
463.52	1218.25
463.73	1222.15
463.94	1210.06
464.14	1231.57
464.35	1216.19
464.56	1221.27
464.76	1221.18
464.97	1222.62
465.18	1220.59
465.38	1214.65
465.59	1216.84
465.80	1228.15
466.00	1215.61
466.21	1225.26
466.42	1215.57
466.62	1214.88
466.83	1222.58
467.04	1226.32
467.24	1215.65
467.45	1220.94
467.66	1208.94
467.86	1215.84
468.07	1216.58
468.28	1219.69
468.48	1212.52
468.69	1224.85
468.90	1214.73
469.10	1217.99
469.31	1219.52
469.52	1224.48
469.72	1212.27
469.93	1223.76
470.14	1223.87
470.34	1219.75
470.55	1213.67
470.76	1222.04
470.96	1215.82
471.17	1218.58
471.38	1215.37
471.58	1220.45
471.79	1222.43
472.00	1223.72
472.20	1215.51
472.41	1221.80
472.62	1214.47
472.82	1223.05
473.03	1212.25
473.24	1222.76
473.44	1212.19
473.65	1217.48
473.85	1215.35
474.06	1219.20
474.27	1215.22
474.47	1224.36
474.68	1218.36
474.89	1225.63
475.09	1218.07
475.30	1227.90
475.51	1219.65
475.71	1226.57
475.92	1224.75
476.12	1219.24
476.33	1213.30
476.54	1224.44
476.74	1217.25
476.95	1218.91
477.16	1215.67
477.36	1221.12
477.57	1209.71
477.77	1212.70
477.98	1213.89
478.19	1219.61
478.39	1213.36
478.60	1217.46
478.81	1216.64
479.01	1220.36
479.22	1210.66
479.42	1219.38
479.63	1217.50
479.84	1216.23
480.04	1209.69
480.25	1223.42
480.45	1207.11
480.66	1212.70
480.87	1219.54
481.07	1218.44
481.28	1217.87
481.48	1219.05
481.69	1218.56
481.90	1221.18
482.10	1210.00
482.31	1221.84
482.51	1216.78
482.72	1222.62
482.93	1219.85
483.13	1215.65
483.34	1214.86
483.54	1220.45
483.75	1216.45
483.96	1214.51
484.16	1218.09
484.37	1221.10
484.57	1215.72
484.78	1224.93
484.99	1210.25
485.19	1223.78
485.40	1215.72
485.60	1219.61
485.81	1215.24
486.01	1230.42
486.22	1223.66
486.43	1221.18
486.63	1219.87
486.84	1223.62
487.04	1210.08
487.25	1217.56
487.46	1222.53
487.66	1227.70
487.87	1214.77
488.07	1215.96
488.28	1216.96
488.48	1223.11
488.69	1218.91
488.89	1222.21
489.10	1215.88
489.31	1216.53
489.51	1210.72
489.72	1220.38
489.92	1211.80
490.13	1230.83
490.33	1208.67
490.54	1218.09
490.75	1212.44
490.95	1222.70
491.16	1212.56
491.36	1220.38
491.57	1218.03
491.77	1219.59
491.98	1217.39
492.18	1215.20
492.39	1212.38
492.59	1223.35
492.80	1215.84
493.01	1224.50
493.21	1213.95
493.42	1220.04
493.62	1220.63
493.83	1221.84
494.03	1220.57
494.24	1221.41
494.44	1207.28
494.65	1217.70
494.85	1212.03
495.06	1218.11
495.26	1211.43
495.47	1219.71
495.68	1213.26
495.88	1219.14
496.09	1220.08
496.29	1218.48
496.50	1210.84
496.70	1226.51
496.91	1213.77
497.11	1220.67
497.32	1214.90
497.52	1218.15
497.73	1212.36
497.93	1217.23
498.14	1216.15
498.34	1223.62
498.55	1221.39
498.75	1213.32
498.96	1219.79
499.16	1220.86
499.37	1211.48
499.57	1222.53
499.78	1214.47
499.98	1217.29
500.19	1212.15
500.39	1220.96
500.60	1217.29
500.80	1216.76
501.01	1205.66
501.21	1214.67
501.42	1219.44
501.62	1219.81
501.83	1211.11
502.03	1219.65
502.24	1214.28
502.44	1218.73
502.65	1216.00
502.85	1222.37
503.06	1207.93
503.26	1213.69
503.47	1211.95
503.67	1220.02
503.88	1210.29
504.08	1227.14
504.29	1211.39
504.49	1226.57
504.70	1210.86
504.90	1226.88
505.11	1211.19
505.31	1218.11
505.52	1213.75
505.72	1221.80
505.93	1212.21
506.13	1219.07
506.34	1217.95
506.54	1217.50
506.75	1212.64
506.95	1222.90
507.16	1218.28
507.36	1222.29
507.56	1204.98
507.77	1218.34
507.97	1211.97
508.18	1221.82
508.38	1214.08
508.59	1224.34
508.79	1220.36
509.00	1222.99
509.20	1213.59
509.41	1222.82
509.61	1211.39
509.82	1216.55
510.02	1213.61
510.22	1221.98
510.43	1211.72
510.63	1219.40
510.84	1211.72
511.04	1223.85
511.25	1217.68
511.45	1225.05
511.66	1210.17
511.86	1225.32
512.06	1216.98
512.27	1220.41
512.47	1211.23
512.68	1219.38
512.88	1212.07
513.09	1215.06
513.29	1215.72
513.50	1223.19
513.70	1214.02
513.90	1223.54
514.11	1218.09
514.31	1220.34
514.52	1216.41
514.72	1218.87
514.93	1214.61
515.13	1218.77
515.33	1215.45
515.54	1219.77
515.74	1218.15
515.95	1210.51
516.15	1212.19
516.36	1221.63
516.56	1213.65
516.76	1224.09
516.97	1215.72
517.17	1221.24
517.38	1211.56
517.58	1214.28
517.78	1217.21
517.99	1213.87
518.19	1208.44
518.40	1219.14
518.60	1215.80
518.81	1219.16
519.01	1220.59
519.21	1222.39
519.42	1212.44
519.62	1221.08
519.83	1216.17
520.03	1226.04
520.23	1209.67
520.44	1220.12
520.64	1209.76
520.85	1222.72
521.05	1216.78
521.25	1226.88
521.46	1213.59
521.66	1221.00
521.86	1214.67
522.07	1219.40
522.27	1215.84
522.48	1219.26
522.68	1218.89
522.88	1217.99
523.09	1212.83
523.29	1222.78
523.50	1214.49
523.70	1221.22
523.90	1210.62
524.11	1218.64
524.31	1210.25
524.51	1224.36
524.72	1222.56
524.92	1219.91
525.13	1211.19
525.33	1214.36
525.53	1216.41
525.74	1213.38
525.94	1214.53
526.14	1219.75
526.35	1211.74
526.55	1219.40
526.76	1212.89
526.96	1220.18
527.16	1212.75
527.37	1223.64
527.57	1211.78
527.77	1220.20
527.98	1218.36
528.18	1216.55
528.38	1214.45
528.59	1215.63
528.79	1220.90
528.99	1225.98
529.20	1211.66
529.40	1226.49
529.61	1209.04
529.81	1224.64
530.01	1213.95
530.22	1227.72
530.42	1216.55
530.62	1218.21
530.83	1218.19
531.03	1220.47
531.23	1215.29
531.44	1216.86
531.64	1210.06
531.84	1216.33
532.05	1214.47
532.25	1223.64
532.45	1208.34
532.66	1225.59
532.86	1221.37
533.06	1217.35
533.27	1218.34
533.47	1220.49
533.67	1215.47
533.88	1222.31
534.08	1213.73
534.28	1227.14
534.49	1215.16
534.69	1218.50
534.89	1212.77
535.09	1222.62
535.30	1214.04
535.50	1219.11
535.70	1212.70
535.91	1221.80
536.11	1210.86
536.31	1226.59
536.52	1213.71
536.72	1214.32
536.92	1207.81
537.13	1217.52
537.33	1215.10
537.53	1222.60
537.74	1216.27
537.94	1217.39
538.14	1212.46
538.34	1213.87
538.55	1222.45
538.75	1229.29
538.95	1214.94
539.16	1220.65
539.36	1215.47
539.56	1222.10
539.77	1217.46
539.97	1222.88
540.17	1211.41
540.37	1222.19
540.58	1216.84
540.78	1229.01
540.98	1212.85
541.19	1215.04
541.39	1219.67
541.59	1226.69
541.79	1218.79
542.00	1222.35
542.20	1213.40
542.40	1217.27
542.60	1211.84
542.81	1218.30
543.01	1216.15
543.21	1216.15
543.42	1213.24
543.62	1218.62
543.82	1221.76
544.02	1220.30
544.23	1213.07
544.43	1219.59
544.63	1208.94
544.83	1220.69
545.04	1216.35
545.24	1218.62
545.44	1210.72
545.64	1216.10
545.85	1218.62
546.05	1216.31
546.25	1216.08
546.45	1218.54
546.66	1221.84
546.86	1214.02
547.06	1214.53
547.27	1214.51
547.47	1220.00
547.67	1211.27
547.87	1220.71
548.07	1216.70
548.28	1211.17
548.48	1220.08
548.68	1215.43
548.88	1231.01
549.09	1213.11
549.29	1222.41
549.49	1209.47
549.69	1216.10
549.90	1213.42
550.10	1220.65
550.30	1210.47
550.50	1227.12
550.71	1212.13
550.91	1223.40
551.11	1209.47
551.31	1220.67
551.51	1216.41
551.72	1225.03
551.92	1216.62
552.12	1220.14
552.32	1210.68
552.53	1224.62
552.73	1212.01
552.93	1214.32
553.13	1210.80
553.33	1222.70
553.54	1215.06
553.74	1225.12
553.94	1225.28
554.14	1222.53
554.35	1213.16
554.55	1228.19
554.75	1224.64
554.95	1217.99
555.15	1218.48
555.36	1217.29
555.56	1216.98
555.76	1223.54
555.96	1218.15
556.16	1220.51
556.37	1208.77
556.57	1217.03
556.77	1216.35
556.97	1214.24
557.17	1217.89
557.38	1226.49
557.58	1212.62
557.78	1215.12
557.98	1217.15
558.18	1221.59
558.38	1214.88
558.59	1220.53
558.79	1214.63
558.99	1228.58
559.19	1218.11
559.39	1216.88
559.60	1213.61
559.80	1224.87
560.00	1213.40
560.20	1220.10
560.40	1212.99
560.60	1218.62
560.81	1216.15
561.01	1218.01
561.21	1214.77
561.41	1228.33
561.61	1210.84
561.81	1226.90
562.02	1219.26
562.22	1222.62
562.42	1212.17
562.62	1226.49
562.82	1208.34
563.02	1212.89
563.23	1221.14
563.43	1215.53
563.63	1215.57
563.83	1211.31
564.03	1212.60
564.23	1221.35
564.43	1208.67
564.64	1215.82
564.84	1220.28
565.04	1216.70
565.24	1215.33
565.44	1214.98
565.64	1215.69
565.85	1220.30
566.05	1211.50
566.25	1212.70
566.45	1218.71
566.65	1215.57
566.85	1213.83
567.05	1222.39
567.25	1207.77
567.46	1221.27
567.66	1218.62
567.86	1223.70
568.06	1214.57
568.26	1225.55
568.46	1209.80
568.66	1222.70
568.86	1217.58
569.07	1221.59
569.27	1210.35
569.47	1219.65
569.67	1214.28
569.87	1218.48
570.07	1213.16
570.27	1224.60
570.47	1219.38
570.68	1222.99
570.88	1216.84
571.08	1222.78
571.28	1215.26
571.48	1224.09
571.68	1207.97
571.88	1230.42
572.08	1214.51
572.28	1218.01
572.49	1215.29
572.69	1219.57
572.89	1215.45
573.09	1221.65
573.29	1216.47
573.49	1225.36
573.69	1216.12
573.89	1220.04
574.09	1217.13
574.29	1214.73
574.50	1214.86
574.70	1215.72
574.90	1218.52
575.10	1218.34
575.30	1216.68
575.50	1217.35
575.70	1215.22
575.90	1215.57
576.10	1213.03
576.30	1221.12
576.50	1210.82
576.70	1214.51
576.91	1216.66
577.11	1223.99
577.31	1214.81
577.51	1225.48
577.71	1217.07
577.91	1219.89
578.11	1219.91
578.31	1225.96
578.51	1213.38
578.71	1224.23
578.91	1211.35
579.11	1217.82
579.31	1212.05
579.51	1222.15
579.71	1212.38
579.92	1223.09
580.12	1215.69
580.32	1221.80
580.52	1216.90
580.72	1218.46
580.92	1215.29
581.12	1218.71
581.32	1216.02
581.52	1223.97
581.72	1215.37
581.92	1223.11
582.12	1217.62
582.32	1222.00
582.52	1218.91
582.72	1220.75
582.92	1208.18
583.12	1222.47
583.32	1216.55
583.52	1221.51
583.72	1210.10
583.92	1218.64
584.12	1217.11
584.33	1217.52
584.53	1210.08
584.73	1221.65
584.93	1216.60
585.13	1223.11
585.33	1209.59
585.53	1219.30
585.73	1217.95
585.93	1220.65
586.13	1215.72
586.33	1227.22
586.53	1210.55
586.73	1217.13
586.93	1217.19
587.13	1221.98
587.33	1218.28
587.53	1218.40
587.73	1214.59
587.93	1219.95
588.13	1214.69
588.33	1214.49
588.53	1215.74
588.73	1217.99
588.93	1206.81
589.13	1223.48
589.33	1213.38
589.53	1221.29
589.73	1212.95
589.93	1216.23
590.13	1219.20
590.33	1219.18
590.53	1210.92
590.73	1217.66
590.93	1208.90
591.13	1219.09
591.33	1220.20
591.53	1216.43
591.73	1216.21
591.93	1217.23
592.13	1213.26
592.33	1223.25
592.53	1214.94
592.73	1221.86
592.93	1209.61
593.13	1223.03
593.33	1217.42
593.53	1223.93
593.73	1214.88
593.93	1222.70
594.13	1219.32
594.33	1217.91
594.53	1212.30
594.73	1222.35
594.92	1215.16
595.12	1224.19
595.32	1210.86
595.52	1223.31
595.72	1214.90
595.92	1218.30
596.12	1224.34
596.32	1211.25
596.52	1213.44
596.72	1216.98
596.92	1206.97
597.12	1217.03
597.32	1215.37
597.52	1222.60
597.72	1210.31
597.92	1217.31
598.12	1211.70
598.32	1222.97
598.52	1218.44
598.72	1219.85
598.92	1216.31
599.12	1219.75
599.31	1211.46
599.51	1222.15
599.71	1220.86
599.91	1220.08
600.11	1227.00
600.31	1218.93
600.51	1218.89
600.71	1223.01
600.91	1212.89
601.11	1223.09
601.31	1214.20
601.51	1215.37
601.71	1217.17
601.91	1217.70
602.10	1216.29
602.30	1224.05
602.50	1215.35
602.70	1220.59
602.90	1216.33
603.10	1218.38
603.30	1210.45
603.50	1219.52
603.70	1215.04
603.90	1222.72
604.10	1218.58
604.30	1222.04
604.49	1210.10
604.69	1221.82
604.89	1218.56
605.09	1228.47
605.29	1212.60
605.49	1224.66
605.69	1215.33
605.89	1221.84
606.09	1216.29
606.29	1216.55
606.48	1217.82
606.68	1216.33
606.88	1210.55
607.08	1217.05
607.28	1217.33
607.48	1216.31
607.68	1212.44
607.88	1214.63
608.08	1216.55
608.27	1225.83
608.47	1214.65
608.67	1225.83
608.87	1208.18
609.07	1223.68
609.27	1207.18
609.47	1223.99
609.67	1215.04
609.87	1223.25
610.06	1216.10
610.26	1218.87
610.46	1213.52
610.66	1211.35
610.86	1212.42
611.06	1225.71
611.26	1210.76
611.45	1223.83
611.65	1211.66
611.85	1219.28
612.05	1214.02
612.25	1216.29
612.45	1218.42
612.65	1229.21
612.84	1211.78
613.04	1224.46
613.24	1213.71
613.44	1214.47
613.64	1215.65
613.84	1221.57
614.04	1212.05
614.23	1222.21
614.43	1215.16
614.63	1226.96
614.83	1214.14
615.03	1226.14
615.23	1215.86
615.42	1221.80
615.62	1217.95
615.82	1218.73
616.02	1210.39
616.22	1218.95
616.42	1213.03
616.61	1217.87
616.81	1204.51
617.01	1226.65
617.21	1208.85
617.41	1217.25
617.61	1214.69
617.80	1213.30
618.00	1212.89
618.20	1219.48
618.40	1215.90
618.60	1226.22
618.80	1211.66
618.99	1218.21
619.19	1216.84
619.39	1222.64
619.59	1215.31
619.79	1218.13
619.98	1213.05
620.18	1224.48
620.38	1218.30
620.58	1225.69
620.78	1207.15
620.97	1218.54
621.17	1215.57
621.37	1214.32
621.57	1211.41
621.77	1219.50
621.96	1206.93
622.16	1221.98
622.36	1217.74
622.56	1221.27
622.76	1206.07
622.95	1224.46
623.15	1213.56
623.35	1213.38
623.55	1217.80
623.75	1213.07
623.94	1206.85
624.14	1221.45
624.34	1212.75
624.54	1225.59
624.73	1213.13
624.93	1222.27
625.13	1216.60
625.33	1226.71
625.53	1217.99
625.72	1216.68
625.92	1217.80
626.12	1210.08
626.32	1209.94
626.51	1220.28
626.71	1214.16
626.91	1222.62
627.11	1214.06
627.30	1222.78
627.50	1213.56
627.70	1225.36
627.90	1212.54
628.10	1213.99
628.29	1216.66
628.49	1221.59
628.69	1213.36
628.89	1219.87
629.08	1214.79
629.28	1220.73
629.48	1210.92
629.68	1225.73
629.87	1210.80
630.07	1219.16
630.27	1213.56
630.47	1218.36
630.66	1210.72
630.86	1220.94
631.06	1223.87
631.25	1218.13
631.45	1215.49
631.65	1216.19
631.85	1214.92
632.04	1220.22
632.24	1211.35
632.44	1216.10
632.64	1209.31
632.83	1218.05
633.03	1215.14
633.23	1225.69
633.42	1219.69
633.62	1219.65
633.82	1214.65
634.02	1220.55
634.21	1217.17
634.41	1216.80
634.61	1213.46
634.81	1216.70
635.00	1212.66
635.20	1216.31
635.40	1207.79
635.59	1218.60
635.79	1206.03
635.99	1226.22
636.18	1210.53
636.38	1225.03
636.58	1215.02
636.78	1212.13
636.97	1212.48
637.17	1224.05
637.37	1213.26
637.56	1227.45
637.76	1223.29
637.96	1219.11
638.15	1214.14
638.35	1213.77
638.55	1219.11
638.74	1217.15
638.94	1212.70
639.14	1222.49
639.34	1214.63
639.53	1219.85
639.73	1218.73
639.93	1214.94
640.12	1216.55
640.32	1222.21
640.52	1216.37
640.71	1220.96
640.91	1215.78
641.11	1218.52
641.30	1211.29
641.50	1219.81
641.70	1213.40
641.89	1220.69
642.09	1228.21
642.29	1223.66
642.48	1217.42
642.68	1211.87
642.88	1212.01
643.07	1224.23
643.27	1212.11
643.47	1217.62
643.66	1217.99
643.86	1225.77
644.06	1217.50
644.25	1229.29
644.45	1213.32
644.65	1221.12
644.84	1213.07
645.04	1222.76
645.23	1214.73
645.43	1216.76
645.63	1211.70
645.82	1218.07
646.02	1211.78
646.22	1215.33
646.41	1211.52
646.61	1219.16
646.81	1217.05
647.00	1226.53
647.20	1215.65
647.39	1217.99
647.59	1217.25
647.79	1214.81
647.98	1214.47
648.18	1218.56
648.38	1214.98
648.57	1217.03
648.77	1213.56
648.96	1212.58
649.16	1219.03
649.36	1219.03
649.55	1215.72
649.75	1212.66
649.95	1210.45
650.14	1221.27
650.34	1217.68
650.53	1222.49
650.73	1209.76
650.93	1218.60
651.12	1211.97
651.32	1221.90
651.51	1213.40
651.71	1219.34
651.91	1218.85
652.10	1211.00
652.30	1216.66
652.49	1220.14
652.69	1217.78
652.89	1218.48
653.08	1214.49
653.28	1224.83
653.47	1210.19
653.67	1224.87
653.86	1216.82
654.06	1220.71
654.26	1219.42
654.45	1216.47
654.65	1218.28
654.84	1230.54
655.04	1205.50
655.24	1225.63
655.43	1214.24
655.63	1218.15
655.82	1213.73
656.02	1218.30
656.21	1217.44
656.41	1227.84
656.61	1213.28
656.80	1220.63
657.00	1214.22
657.19	1214.81
657.39	1214.34
657.58	1213.24
657.78	1211.21
657.97	1218.30
658.17	1215.45
658.37	1221.92
658.56	1213.22
658.76	1218.62
658.95	1215.96
659.15	1223.44
659.34	1217.76
659.54	1224.56
659.73	1211.99
659.93	1221.96
660.13	1211.76
660.32	1230.21
660.52	1224.79
660.71	1222.29
660.91	1212.54
661.10	1222.99
661.30	1213.30
661.49	1220.67
661.69	1216.27
661.88	1222.82
662.08	1214.47
662.27	1216.33
662.47	1213.16
662.66	1225.46
662.86	1216.37
663.06	1220.16
663.25	1216.74
663.45	1222.47
663.64	1211.05
663.84	1224.62
664.03	1214.26
664.23	1216.62
664.42	1219.54
664.62	1220.24
664.81	1218.01
665.01	1221.92
665.20	1218.40
665.40	1223.07
665.59	1216.23
665.79	1223.40
665.98	1211.23
666.18	1215.24
666.37	1210.98
666.57	1214.22
666.76	1215.39
666.96	1212.73
667.15	1215.94
667.35	1214.42
667.54	1215.84
667.74	1225.87
667.93	1208.73
668.13	1218.75
668.32	1218.89
668.52	1218.91
668.71	1218.64
668.91	1219.40
669.10	1220.32
669.30	1217.31
669.49	1218.66
669.68	1221.18
669.88	1207.61
670.07	1225.69
670.27	1216.25
670.46	1224.42
670.66	1212.42
670.85	1223.19
671.05	1217.91
671.24	1226.00
671.44	1212.01
671.63	1213.26
671.83	1204.55
672.02	1224.28
672.22	1214.49
672.41	1221.70
672.60	1213.24
672.80	1224.73
672.99	1211.35
673.19	1222.25
673.38	1210.72
673.58	1228.78
673.77	1214.96
673.97	1216.39
674.16	1215.49
674.36	1220.36
674.55	1213.03
674.74	1223.99
674.94	1209.49
675.13	1223.87
675.33	1213.11
675.52	1216.19
675.72	1225.55
675.91	1224.07
676.10	1214.71
676.30	1215.12
676.49	1215.65
676.69	1219.81
676.88	1211.80
677.08	1218.46
677.27	1219.46
677.46	1226.12
677.66	1216.00
677.85	1218.50
678.05	1217.27
678.24	1219.44
678.44	1212.56
678.63	1219.42
678.82	1214.47
679.02	1220.81
679.21	1217.95
679.41	1214.18
679.60	1216.88
679.79	1220.00
679.99	1211.25
680.18	1228.68
680.38	1209.69
680.57	1218.36
680.76	1214.45
680.96	1216.62
681.15	1205.78
681.35	1218.77
681.54	1217.01
681.73	1217.27
681.93	1213.97
682.12	1214.10
682.32	1213.63
682.51	1217.80
682.70	1210.80
682.90	1222.58
683.09	1221.18
683.29	1225.18
683.48	1215.74
683.67	1220.59
683.87	1214.79
684.06	1224.75
684.25	1214.61
684.45	1224.28
684.64	1216.53
684.84	1221.29
685.03	1218.19
685.22	1221.63
685.42	1210.06
685.61	1219.85
685.80	1208.51
686.00	1221.61
686.19	1220.34
686.38	1222.10
686.58	1210.49
686.77	1225.12
686.96	1219.05
687.16	1224.75
687.35	1217.56
687.55	1225.34
687.74	1219.93
687.93	1221.70
688.13	1217.78
688.32	1216.10
688.51	1210.90
688.71	1222.39
688.90	1218.21
689.09	1222.58
689.29	1218.09
689.48	1218.56
689.67	1208.22
689.87	1218.87
690.06	1218.87
690.25	1225.07
690.45	1215.51
690.64	1222.88
690.83	1219.77
691.03	1222.51
691.22	1218.93
691.41	1219.48
691.61	1212.27
691.80	1216.74
691.99	1218.89
692.19	1228.84
692.38	1214.08
692.57	1219.63
692.76	1216.39
692.96	1217.68
693.15	1214.45
693.34	1221.51
693.54	1214.49
693.73	1219.79
693.92	1219.07
694.12	1218.99
694.31	1212.03
694.50	1223.09
694.70	1220.79
694.89	1218.60
695.08	1212.05
695.27	1218.07
695.47	1223.60
695.66	1219.85
695.85	1220.55
696.05	1222.82
696.24	1220.53
696.43	1221.55
696.62	1214.86
696.82	1218.17
697.01	1220.41
697.20	1221.14
697.40	1208.94
697.59	1213.40
697.78	1214.45
697.97	1221.43
698.17	1220.59
698.36	1223.40
698.55	1213.07
698.74	1217.39
698.94	1216.88
699.13	1226.47
699.32	1216.90
699.52	1224.95
699.71	1217.56
699.90	1216.49
700.09	1214.73
700.29	1220.79
700.48	1216.49
700.67	1221.24
700.86	1213.63
701.06	1219.85
701.25	1218.21
701.44	1226.49
701.63	1218.54
701.83	1223.74
702.02	1209.74
702.21	1221.18
702.40	1211.00
702.60	1223.72
702.79	1223.56
702.98	1219.40
703.17	1213.50
703.37	1221.59
703.56	1217.19
703.75	1217.76
703.94	1213.73
704.13	1220.41
704.33	1214.24
704.52	1222.90
704.71	1212.66
704.90	1225.22
705.10	1214.61
705.29	1224.50
705.48	1211.93
705.67	1225.57
705.86	1213.32
706.06	1214.86
706.25	1210.57
706.44	1217.70
706.63	1223.25
706.83	1219.30
707.02	1220.45
707.21	1216.31
707.40	1213.09
707.59	1224.21
707.79	1220.43
707.98	1222.29
708.17	1215.74
708.36	1224.32
708.55	1209.53
708.75	1223.74
708.94	1209.43
709.13	1223.54
709.32	1217.80
709.51	1221.70
709.71	1220.30
709.90	1224.26
710.09	1214.30
710.28	1225.03
710.47	1218.48
710.66	1220.92
710.86	1210.60
711.05	1222.90
711.24	1214.75
711.43	1220.84
711.62	1218.83
711.82	1218.58
712.01	1212.64
712.20	1217.91
712.39	1211.95
712.58	1222.76
712.77	1211.76
712.97	1215.86
713.16	1213.69
713.35	1220.75
713.54	1211.37
713.73	1222.33
713.92	1215.96
714.11	1222.92
714.31	1207.63
714.50	1223.52
714.69	1216.64
714.88	1218.48
715.07	1215.08
715.26	1217.87
715.46	1209.65
715.65	1224.58
715.84	1216.74
716.03	1229.46
716.22	1214.24
716.41	1224.17
716.60	1218.36
716.80	1219.14
716.99	1214.47
717.18	1220.30
717.37	1216.51
717.56	1216.55
717.75	1220.79
717.94	1214.59
718.13	1223.85
718.33	1219.73
718.52	1208.44
718.71	1218.64
718.90	1213.36
719.09	1223.37
719.28	1214.59
719.47	1223.15
719.66	1218.34
719.85	1221.00
720.05	1223.01
720.24	1221.61
720.43	1215.37
720.62	1218.46
720.81	1213.99
721.00	1224.99
721.19	1216.49
721.38	1214.08
721.57	1214.36
721.77	1219.69
721.96	1217.05
722.15	1225.55
722.34	1214.38
722.53	1222.90
722.72	1217.82
722.91	1217.99
723.10	1211.93
723.29	1229.35
723.48	1214.90
723.67	1223.72
723.87	1226.63
724.06	1227.14
724.25	1221.67
724.44	1215.14
724.63	1209.41
724.82	1226.77
725.01	1217.74
725.20	1222.27
725.39	1216.45
725.58	1221.37
725.77	1213.85
725.96	1222.99
726.15	1212.36
726.34	1226.86
726.54	1212.34
726.73	1217.21
726.92	1209.76
727.11	1222.70
727.30	1216.72
727.49	1220.67
727.68	1215.04
727.87	1220.49
728.06	1215.65
728.25	1219.44
728.44	1217.52
728.63	1219.59
728.82	1210.64
729.01	1224.66
729.20	1220.53
729.39	1224.19
729.58	1219.42
729.77	1225.26
729.96	1216.21
730.15	1223.33
730.34	1212.99
730.53	1223.87
730.73	1212.95
730.92	1228.35
731.11	1215.39
731.30	1219.97
731.49	1218.50
731.68	1224.99
731.87	1213.87
732.06	1218.42
732.25	1218.54
732.44	1222.06
732.63	1215.20
732.82	1221.90
733.01	1215.02
733.20	1225.26
733.39	1218.46
733.58	1223.66
733.77	1211.72
733.96	1217.56
734.15	1213.79
734.34	1215.67
734.53	1215.29
734.72	1226.43
734.91	1213.75
735.10	1218.52
735.29	1215.94
735.48	1215.33
735.67	1217.46
735.86	1218.64
736.05	1213.89
736.24	1216.00
736.43	1212.03
736.62	1220.28
736.81	1209.57
737.00	1236.62
737.19	1220.55
737.38	1225.30
737.57	1213.03
737.76	1217.42
737.95	1217.27
738.14	1224.38
738.33	1213.63
738.51	1222.88
738.70	1225.42
738.89	1217.05
739.08	1216.68
739.27	1219.73
739.46	1220.41
739.65	1218.97
739.84	1223.60
740.03	1213.26
740.22	1216.10
740.41	1224.58
740.60	1212.19
740.79	1218.77
740.98	1217.05
741.17	1222.31
741.36	1217.95
741.55	1219.65
741.74	1213.63
741.93	1223.13
742.12	1214.77
742.31	1223.52
742.50	1215.76
742.68	1217.56
742.87	1216.96
743.06	1228.08
743.25	1218.89
743.44	1228.45
743.63	1208.90
743.82	1220.47
744.01	1222.00
744.20	1225.75
744.39	1212.11
744.58	1226.36
744.77	1214.94
744.96	1214.14
745.14	1213.91
745.33	1216.12
745.52	1221.51
745.71	1224.79
745.90	1208.24
746.09	1222.68
746.28	1219.63
746.47	1222.33
746.66	1207.71
746.85	1225.09
747.04	1215.35
747.22	1218.13
747.41	1219.11
747.60	1221.76
747.79	1213.44
747.98	1214.36
748.17	1217.09
748.36	1225.59
748.55	1210.19
748.74	1223.74
748.93	1217.87
749.11	1222.04
749.30	1214.53
749.49	1225.87
749.68	1214.04
749.87	1223.44
750.06	1215.49
750.25	1220.96
750.44	1207.69
750.62	1219.85
750.81	1224.30
751.00	1226.26
751.19	1210.84
751.38	1227.92
751.57	1214.36
751.76	1225.42
751.95	1219.11
752.13	1227.47
752.32	1223.17
752.51	1222.70
752.70	1212.23
752.89	1218.58
753.08	1216.00
753.27	1225.48
753.45	1213.18
753.64	1223.76
753.83	1213.44
754.02	1224.99
754.21	1220.22
754.40	1217.13
754.58	1217.09
754.77	1221.39
754.96	1214.65
755.15	1221.06
755.34	1215.86
755.53	1221.67
755.71	1215.74
755.90	1224.66
756.09	1217.66
756.28	1213.13
756.47	1217.70
756.66	1227.00
756.84	1215.43
757.03	1226.59
757.22	1219.87
757.41	1229.68
757.60	1214.57
757.79	1226.18
757.97	1209.51
758.16	1227.59
758.35	1218.48
758.54	1230.19
758.73	1214.96
758.91	1227.02
759.10	1220.59
759.29	1219.85
759.48	1222.06
759.67	1223.42
759.85	1218.13
760.04	1220.94
760.23	1215.63
760.42	1225.83
760.61	1226.30
760.79	1223.19
760.98	1223.35
761.17	1229.05
761.36	1218.44
761.55	1219.09
761.73	1218.66
761.92	1220.51
762.11	1220.65
762.30	1231.75
762.49	1219.93
762.67	1222.72
762.86	1224.28
763.05	1223.33
763.24	1217.72
763.42	1229.01
763.61	1221.29
763.80	1223.13
763.99	1219.85
764.17	1229.07
764.36	1220.47
764.55	1224.75
764.74	1222.84
764.92	1237.63
765.11	1224.79
765.30	1230.85
765.49	1227.08
765.68	1233.16
765.86	1216.08
766.05	1222.99
766.24	1225.01
766.43	1223.13
766.61	1223.52
766.80	1225.32
766.99	1228.97
767.17	1228.29
767.36	1223.76
767.55	1231.83
767.74	1234.31
767.92	1227.43
768.11	1223.44
768.30	1231.10
768.49	1226.00
768.67	1239.80
768.86	1233.20
769.05	1231.24
769.24	1231.38
769.42	1235.95
769.61	1225.50
769.80	1239.64
769.98	1230.30
770.17	1237.92
770.36	1229.72
770.55	1238.61
770.73	1225.65
770.92	1241.56
771.11	1231.75
771.29	1238.20
771.48	1233.08
771.67	1238.73
771.86	1227.00
772.04	1247.91
772.23	1231.18
772.42	1240.35
772.60	1233.98
772.79	1252.27
772.98	1239.68
773.16	1243.14
773.35	1239.41
773.54	1251.06
773.72	1247.91
773.91	1251.64
774.10	1244.37
774.29	1249.69
774.47	1244.78
774.66	1253.23
774.85	1249.32
775.03	1252.15
775.22	1244.26
775.41	1255.94
775.59	1260.34
775.78	1264.09
775.97	1251.39
776.15	1254.93
776.34	1256.82
776.53	1261.59
776.71	1252.82
776.90	1262.16
777.09	1249.63
777.27	1268.94
777.46	1262.12
777.65	1263.76
777.83	1263.64
778.02	1266.57
778.21	1264.54
778.39	1265.60
778.58	1261.92
778.76	1263.29
778.95	1258.46
779.14	1266.96
779.32	1248.32
779.51	1251.08
779.70	1251.68
779.88	1257.60
780.07	1257.41
780.26	1259.01
780.44	1257.88
780.63	1255.98
780.81	1251.62
781.00	1260.28
781.19	1252.82
781.37	1249.83
781.56	1249.14
781.75	1255.14
781.93	1259.01
782.12	1259.15
782.30	1255.12
782.49	1257.82
782.68	1251.72
782.86	1260.09
783.05	1249.71
783.23	1262.04
783.42	1257.72
783.61	1263.64
783.79	1261.86
783.98	1267.30
784.16	1267.16
784.35	1271.38
784.54	1276.27
784.72	1283.18
784.91	1278.26
785.09	1295.34
785.28	1297.84
785.47	1308.00
785.65	1320.20
785.84	1331.49
786.02	1332.14
786.21	1345.17
786.40	1362.37
786.58	1390.51
786.77	1416.27
786.95	1476.63
787.14	1550.60
787.32	1667.11
787.51	1824.70
787.70	2049.81
787.88	2315.56
788.07	2622.20
788.25	2972.03
788.44	3326.17
788.62	3687.14
788.81	4047.30
789.00	4419.33
789.18	4729.58
789.37	5098.83
789.55	5367.83
789.74	5679.92
789.92	5899.65
790.11	6132.11
790.29	6283.48
790.48	6480.35
790.67	6627.68
790.85	6826.25
791.04	6937.68
791.22	7064.14
791.41	7215.10
791.59	7335.99
791.78	7417.76
791.96	7562.08
792.15	7627.93
792.33	7670.79
792.52	7808.97
792.70	7794.59
792.89	7825.29
793.07	7786.99
793.26	7708.04
793.45	7585.21
793.63	7393.00
793.82	7156.24
794.00	6852.83
794.19	6484.40
794.37	6126.64
794.56	5703.55
794.74	5322.38
794.93	4894.89
795.11	4518.06
795.30	4143.57
795.48	3818.60
795.67	3515.83
795.85	3290.66
796.04	3055.10
796.22	2879.85
796.41	2730.02
796.59	2603.93
796.78	2491.93
796.96	2427.05
797.15	2349.66
797.33	2301.53
797.52	2249.57
797.70	2204.66
797.89	2152.72
798.07	2123.07
798.26	2097.53
798.44	2059.23
798.63	2037.42
798.81	2005.02
798.99	1964.84
799.18	1942.99
799.36	1912.68
799.55	1887.49
799.73	1861.89
799.92	1846.39
800.10	1809.42
800.29	1788.41
800.47	1765.96
800.66	1740.69
800.84	1715.97
801.03	1695.92
801.21	1673.44
801.39	1668.01
801.58	1646.03
801.76	1630.82
801.95	1609.93
802.13	1590.31
802.32	1573.41
802.50	1564.61
802.69	1545.62
802.87	1551.25
803.06	1522.30
803.24	1527.11
803.42	1516.15
803.61	1522.83
803.79	1508.43
803.98	1523.34
804.16	1525.49
804.35	1549.12
804.53	1550.99
804.71	1597.37
804.90	1616.01
805.08	1651.99
805.27	1662.07
805.45	1699.49
805.63	1714.76
805.82	1736.37
806.00	1743.23
806.19	1749.78
806.37	1758.39
806.56	1749.56
806.74	1736.51
806.92	1731.48
807.11	1712.70
807.29	1695.84
807.48	1676.32
807.66	1660.64
807.84	1633.42
808.03	1615.19
808.21	1582.24
808.40	1564.69
808.58	1539.40
808.76	1531.61
808.95	1495.18
809.13	1489.92
809.32	1466.00
809.50	1463.58
809.68	1430.79
809.87	1427.19
810.05	1407.90
810.23	1401.10
810.42	1382.67
810.60	1371.52
810.79	1350.90
810.97	1352.15
811.15	1345.78
811.34	1334.83
811.52	1331.81
811.70	1331.47
811.89	1319.51
812.07	1327.82
812.25	1309.16
812.44	1309.66
812.62	1293.66
812.81	1296.69
812.99	1272.55
813.17	1274.02
813.36	1252.23
813.54	1252.23
813.72	1242.03
813.91	1240.82
814.09	1237.87
814.27	1242.99
814.46	1237.20
814.64	1236.09
814.82	1235.03
815.01	1236.48
815.19	1230.44
815.37	1240.19
815.56	1230.83
815.74	1236.83
815.92	1235.44
816.11	1232.41
816.29	1236.42
816.47	1229.52
816.66	1216.76
816.84	1233.94
817.02	1231.20
817.21	1232.28
817.39	1218.95
817.57	1228.78
817.76	1230.97
817.94	1228.88
818.12	1231.44
818.30	1238.26
818.49	1234.74
818.67	1235.42
818.85	1224.07
819.04	1238.67
819.22	1231.98
819.40	1233.70
819.59	1225.42
819.77	1236.42
819.95	1230.87
820.13	1234.90
820.32	1230.79
820.50	1231.24
820.68	1225.48
820.87	1235.99
821.05	1237.12
821.23	1231.12
821.41	1228.74
821.60	1232.14
821.78	1229.76
821.96	1228.95
822.14	1227.72
822.33	1228.56
822.51	1219.73
822.69	1232.47
822.88	1223.64
823.06	1232.06
823.24	1225.75
823.42	1235.38
823.61	1226.04
823.79	1231.46
823.97	1216.12
824.15	1225.24
824.34	1219.50
824.52	1229.99
824.70	1223.97
824.88	1231.05
825.07	1217.99
825.25	1229.70
825.43	1225.57
825.61	1227.25
825.80	1212.07
825.98	1224.83
826.16	1220.22
826.34	1229.13
826.53	1223.83
826.71	1220.79
826.89	1227.02
827.07	1222.76
827.25	1218.03
827.44	1231.38
827.62	1215.63
827.80	1230.81
827.98	1220.65
828.17	1219.44
828.35	1224.50
828.53	1227.61
828.71	1216.49
828.89	1226.77
829.08	1218.91
829.26	1228.39
829.44	1218.83
829.62	1234.31
829.80	1216.68
829.99	1224.23
830.17	1222.02
830.35	1227.65
830.53	1220.49
830.71	1230.75
830.90	1218.28
831.08	1231.12
831.26	1218.36
831.44	1228.29
831.62	1215.67
831.81	1232.30
831.99	1227.39
832.17	1222.68
832.35	1228.92
832.53	1226.88
832.71	1225.46
832.90	1229.66
833.08	1218.32
833.26	1235.85
833.44	1218.03
833.62	1225.44
833.81	1224.71
833.99	1231.98
834.17	1221.51
834.35	1226.32
834.53	1227.41
834.71	1229.85
834.89	1224.54
835.08	1230.50
835.26	1222.53
835.44	1230.40
835.62	1222.66
835.80	1235.81
835.98	1224.66
836.17	1240.95
836.35	1222.51
836.53	1224.93
836.71	1231.05
836.89	1231.61
837.07	1223.29
837.25	1233.55
837.44	1221.08
837.62	1227.27
837.80	1222.78
837.98	1227.47
838.16	1221.86
838.34	1226.69
838.52	1219.54
838.70	1222.90
838.89	1224.62
839.07	1225.69
839.25	1225.67
839.43	1228.43
839.61	1217.48
839.79	1221.24
839.97	1221.96
840.15	1224.93
840.33	1223.70
840.52	1227.96
840.70	1221.12
840.88	1230.48
841.06	1213.71
841.24	1222.64
841.42	1222.51
841.60	1225.67
841.78	1222.84
841.96	1221.88
842.14	1212.21
842.33	1218.64
842.51	1219.87
842.69	1218.60
842.87	1214.81
843.05	1229.01
843.23	1213.13
843.41	1220.81
843.59	1214.30
843.77	1224.58
843.95	1218.15
844.13	1218.62
844.31	1213.13
844.49	1217.50
844.68	1218.56
844.86	1221.65
845.04	1215.61
845.22	1220.12
845.40	1216.62
845.58	1219.03
845.76	1209.98
845.94	1225.71
846.12	1207.24
846.30	1224.21
846.48	1210.94
846.66	1223.17
846.84	1216.06
847.02	1214.28
847.20	1210.76
847.38	1225.77
847.56	1217.74
847.74	1220.28
847.92	1211.03
848.11	1219.59
848.29	1214.75
848.47	1224.17
848.65	1209.18
848.83	1226.84
849.01	1207.05
849.19	1219.95
849.37	1216.68
849.55	1221.14
849.73	1217.50
849.91	1217.85
850.09	1213.05
850.27	1220.18
850.45	1219.40
850.63	1218.91
850.81	1209.02
850.99	1220.51
851.17	1225.55
851.35	1215.98
851.53	1214.90
851.71	1222.97
851.89	1215.02
852.07	1219.09
852.25	1217.37
852.43	1223.83
852.61	1214.55
852.79	1217.91
852.97	1209.31
853.15	1218.09
853.33	1216.60
853.51	1222.31
853.69	1212.85
853.87	1222.37
854.05	1216.25
854.23	1229.56
854.41	1215.92
854.59	1219.46
854.77	1208.77
854.95	1213.71
855.13	1218.81
855.31	1223.85
855.49	1216.25
855.67	1219.97
855.84	1219.20
856.02	1222.37
856.20	1211.35
856.38	1224.89
856.56	1208.16
856.74	1220.08
856.92	1221.29
857.10	1217.46
857.28	1212.97
857.46	1217.89
857.64	1216.39
857.82	1217.70
858.00	1209.59
858.18	1211.58
858.36	1219.32
858.54	1217.46
858.72	1210.08
858.90	1224.15
859.08	1213.56
859.25	1217.13
859.43	1208.18
859.61	1226.82
859.79	1210.60
859.97	1222.17
860.15	1220.24
860.33	1218.28
860.51	1215.76
860.69	1217.72
860.87	1207.61
861.05	1222.25
861.23	1220.94
861.41	1218.66
861.58	1210.41
861.76	1222.53
861.94	1212.66
862.12	1219.52
862.30	1213.91
862.48	1216.25
862.66	1213.13
862.84	1217.25
863.02	1216.21
863.20	1223.21
863.37	1214.04
863.55	1223.58
863.73	1217.33
863.91	1221.06
864.09	1212.77
864.27	1220.10
864.45	1217.11
864.63	1217.72
864.80	1210.12
864.98	1222.62
865.16	1211.19
865.34	1219.34
865.52	1216.72
865.70	1220.08
865.88	1217.82
866.06	1217.72
866.23	1220.55
866.41	1216.06
866.59	1214.73
866.77	1218.64
866.95	1217.03
867.13	1228.11
867.31	1217.21
867.48	1219.28
867.66	1216.29
867.84	1213.83
868.02	1214.63
868.20	1216.33
868.38	1214.12
868.56	1222.47
868.73	1209.78
868.91	1216.41
869.09	1213.46
869.27	1223.99
869.45	1214.12
869.63	1216.51
869.80	1214.98
869.98	1216.96
870.16	1221.24
870.34	1220.14
870.52	1214.40
870.70	1221.98
870.87	1215.10
871.05	1221.78
871.23	1213.38
871.41	1224.30
871.59	1207.91
871.76	1222.99
871.94	1215.59
872.12	1224.17
872.30	1207.36
872.48	1214.92
872.65	1215.72
872.83	1217.46
873.01	1210.94
873.19	1222.10
873.37	1221.65
873.54	1219.44
873.72	1216.47
873.90	1219.81
874.08	1212.36
874.26	1217.85
874.43	1214.06
874.61	1211.17
874.79	1218.75
874.97	1221.70
875.15	1217.74
875.32	1223.31
875.50	1214.55
875.68	1213.26
875.86	1214.22
876.03	1213.03
876.21	1212.58
876.39	1222.02
876.57	1213.99
876.74	1218.30
876.92	1216.08
877.10	1215.47
877.28	1213.79
877.45	1214.18
877.63	1211.72
877.81	1223.27
877.99	1213.16
878.17	1215.04
878.34	1218.46
878.52	1218.46
878.70	1212.32
878.87	1224.83
879.05	1207.50
879.23	1217.39
879.41	1208.49
879.58	1216.19
879.76	1210.02
879.94	1222.51
880.12	1217.44
880.29	1221.08
880.47	1216.70
880.65	1217.13
880.83	1215.69
881.00	1219.34
881.18	1210.39
881.36	1218.44
881.53	1212.44
881.71	1217.74
881.89	1212.62
882.07	1214.61
882.24	1210.21
882.42	1214.69
882.60	1215.39
882.77	1215.53
882.95	1217.72
883.13	1214.49
883.30	1216.43
883.48	1218.89
883.66	1208.12
883.84	1215.14
884.01	1218.73
884.19	1218.03
884.37	1211.00
884.54	1217.97
884.72	1213.83
884.90	1210.12
885.07	1218.17
885.25	1217.33
885.43	1214.83
885.60	1221.04
885.78	1216.47
885.96	1224.87
886.13	1218.11
886.31	1219.32
886.49	1215.55
886.66	1223.19
886.84	1210.78
887.02	1212.99
887.19	1209.04
887.37	1217.48
887.55	1216.98
887.72	1219.50
887.90	1217.09
888.08	1216.76
888.25	1210.94
888.43	1226.28
888.61	1211.11
888.78	1221.72
888.96	1219.46
889.14	1225.85
889.31	1216.72
889.49	1221.22
889.67	1215.29
889.84	1223.03
890.02	1219.73
890.19	1222.21
890.37	1217.76
890.55	1230.24
890.72	1211.50
890.90	1222.72
891.08	1212.66
891.25	1225.36
891.43	1217.29
891.60	1212.40
891.78	1214.08
891.96	1223.31
892.13	1219.79
892.31	1222.60
892.48	1207.65
892.66	1217.66
892.84	1212.15
893.01	1229.29
893.19	1220.22
893.36	1221.74
893.54	1214.30
893.72	1217.01
893.89	1208.49
894.07	1220.12
894.24	1216.86
894.42	1237.71
894.60	1212.30
894.77	1214.55
894.95	1215.94
895.12	1223.76
895.30	1212.36
895.48	1219.01
895.65	1212.83
895.83	1221.74
896.00	1216.84
896.18	1223.01
896.35	1215.20
896.53	1214.59
896.71	1210.10
896.88	1218.23
897.06	1219.18
897.23	1223.07
897.41	1204.43
897.58	1226.77
897.76	1210.80
897.93	1218.25
898.11	1207.97
898.29	1225.42
898.46	1214.20
898.64	1220.94
898.81	1207.03
898.99	1218.11
899.16	1216.58
899.34	1215.82
899.51	1214.47
899.69	1226.39
899.86	1208.69
900.04	1217.85
900.21	1210.14
900.39	1224.09
900.57	1212.93
900.74	1222.80
900.92	1208.49
901.09	1221.37
901.27	1214.47
901.44	1220.51
901.62	1216.84
901.79	1222.99
901.97	1211.84
902.14	1223.13
902.32	1212.83
902.49	1224.81
902.67	1211.54
902.84	1214.75
903.02	1213.48
903.19	1222.88
903.37	1209.80
903.54	1215.31
903.72	1212.27
903.89	1222.35
904.07	1215.06
904.24	1221.90
904.42	1213.65
904.59	1220.71
904.77	1218.01
904.94	1228.74
905.12	1214.67
905.29	1220.45
905.47	1217.37
905.64	1214.69
905.82	1206.07
905.99	1221.10
906.16	1217.70
906.34	1216.82
906.51	1219.20
906.69	1218.52
906.86	1210.02
907.04	1217.95
907.21	1208.65
907.39	1215.57
907.56	1207.89
907.74	1218.56
907.91	1206.95
908.09	1220.22
908.26	1214.61
908.43	1220.34
908.61	1211.80
908.78	1216.06
908.96	1217.37
909.13	1217.60
909.31	1222.80
909.48	1218.52
909.65	1214.24
909.83	1215.67
910.00	1213.77
910.18	1221.96
910.35	1209.24
910.53	1218.75
910.70	1213.99
910.87	1218.79
911.05	1213.05
911.22	1216.58
911.40	1216.06
911.57	1219.52
911.75	1214.14
911.92	1216.78
912.09	1205.58
912.27	1222.92
912.44	1215.76
912.62	1220.36
912.79	1218.07
912.96	1226.20
913.14	1211.93
913.31	1223.29
913.49	1220.75
913.66	1217.13
913.83	1213.93
914.01	1220.18
914.18	1214.63
914.36	1218.48
914.53	1215.55
914.70	1224.30
914.88	1217.29
915.05	1222.15
915.22	1208.30
915.40	1225.52
915.57	1211.00
915.75	1223.68
915.92	1209.82
916.09	1217.89
916.27	1219.89
916.44	1221.98
916.61	1215.29
916.79	1219.38
916.96	1209.94
917.13	1217.78
917.31	1214.30
917.48	1213.13
917.66	1206.01
917.83	1222.47
918.00	1215.69
918.18	1219.05
918.35	1217.89
918.52	1220.02
918.70	1216.15
918.87	1221.43
919.04	1220.55
919.22	1217.72
919.39	1209.63
919.56	1221.49
919.74	1205.60
919.91	1215.43
920.08	1211.13
920.26	1225.96
920.43	1213.40
920.60	1217.68
920.78	1209.96
920.95	1225.24
921.12	1217.66
921.29	1216.31
921.47	1214.79
921.64	1224.48
921.81	1209.84
921.99	1221.84
922.16	1215.10
922.33	1223.29
922.51	1213.30
922.68	1223.74
922.85	1213.13
923.03	1217.13
923.20	1212.91
923.37	1218.52
923.54	1210.96
923.72	1224.87
923.89	1217.76
924.06	1213.54
924.24	1214.65
924.41	1218.60
924.58	1215.24
924.75	1219.46
924.93	1221.37
925.10	1214.77
925.27	1215.45
925.44	1229.42
925.62	1215.20
925.79	1219.91
925.96	1215.12
926.14	1212.91
926.31	1208.26
926.48	1223.89
926.65	1210.96
926.83	1211.60
927.00	1216.82
927.17	1217.31
927.34	1210.84
927.52	1219.73
927.69	1219.83
927.86	1222.56
928.03	1213.24
928.21	1219.40
928.38	1207.87
928.55	1216.66
928.72	1219.75
928.89	1226.06
929.07	1215.78
929.24	1221.27
929.41	1213.11
929.58	1214.96
929.76	1215.76
929.93	1219.34
930.10	1210.86
930.27	1219.26
930.44	1213.30
930.62	1216.82
930.79	1213.46
930.96	1224.09
931.13	1213.20
931.31	1211.60
931.48	1211.17
931.65	1220.61
931.82	1216.90
931.99	1217.52
932.17	1208.71
932.34	1219.22
932.51	1207.30
932.68	1222.62
932.85	1224.11
933.03	1220.73
933.20	1206.99
933.37	1221.80
933.54	1210.14
933.71	1221.49
933.88	1217.15
934.06	1220.86
934.23	1217.13
934.40	1220.67
934.57	1215.16
934.74	1218.64
934.91	1216.62
935.09	1220.49
935.26	1211.52
935.43	1222.51
935.60	1216.17
935.77	1223.33
935.94	1217.54
936.12	1228.04
936.29	1209.84
936.46	1222.62
936.63	1215.04
936.80	1219.97
936.97	1212.25
937.14	1220.38
937.32	1214.12
937.49	1227.25
937.66	1210.72
937.83	1223.15
938.00	1208.20
938.17	1226.16
938.34	1208.71
938.52	1223.07
938.69	1213.91
938.86	1224.99
939.03	1210.53
939.20	1221.29
939.37	1211.52
939.54	1222.19
939.71	1218.23
939.89	1222.62
940.06	1206.62
940.23	1222.43
940.40	1214.88
940.57	1217.50
940.74	1214.20
940.91	1223.72
941.08	1211.95
941.25	1215.47
941.43	1214.04
941.60	1217.42
941.77	1220.04
941.94	1218.85
942.11	1219.95
942.28	1224.40
942.45	1211.23
942.62	1222.31
942.79	1207.36
942.96	1214.34
943.13	1208.90
943.30	1227.18
943.48	1213.42
943.65	1217.01
943.82	1214.12
943.99	1226.00
944.16	1219.52
944.33	1225.09
944.50	1216.43
944.67	1219.87
944.84	1208.85
945.01	1217.31
945.18	1213.75
945.35	1220.47
945.52	1219.42
945.69	1220.57
945.86	1219.05
946.03	1219.91
946.21	1214.12
946.38	1218.81
946.55	1218.95
946.72	1223.64
946.89	1209.43
947.06	1216.08
947.23	1216.27
947.40	1220.96
947.57	1211.72
947.74	1222.27
947.91	1217.27
948.08	1224.54
948.25	1213.54
948.42	1210.41
948.59	1215.35
948.76	1217.44
948.93	1212.54
949.10	1225.38
949.27	1213.59
949.44	1224.28
949.61	1224.64
949.78	1214.98
949.95	1214.24
950.12	1221.61
950.29	1214.71
950.46	1221.24
950.63	1213.61
950.80	1216.39
950.97	1212.25
951.14	1212.70
951.31	1207.15
951.48	1213.28
951.65	1215.55
951.82	1224.93
951.99	1210.74
952.16	1223.66
952.33	1217.48
952.50	1215.16
952.67	1208.75
952.84	1219.69
953.01	1210.62
953.18	1218.03
953.35	1213.16
953.52	1225.42
953.69	1217.68
953.86	1218.81
954.03	1213.20
954.20	1220.06
954.37	1214.30
954.54	1220.08
954.70	1214.18
954.87	1218.52
955.04	1218.01
955.21	1225.18
955.38	1215.35
955.55	1213.16
955.72	1204.70
955.89	1221.67
956.06	1208.69
956.23	1225.46
956.40	1211.31
956.57	1220.43
956.74	1223.25
956.91	1216.72
957.08	1217.93
957.25	1212.91
957.41	1213.67
957.58	1221.57
957.75	1217.87
957.92	1221.88
958.09	1218.36
958.26	1221.08
958.43	1210.90
958.60	1223.56
958.77	1218.77
958.94	1219.26
959.11	1209.18
959.27	1218.99
959.44	1210.23
959.61	1222.39
959.78	1216.04
959.95	1214.32
960.12	1216.96
960.29	1220.49
960.46	1210.86
960.63	1221.04
960.80	1211.19
960.96	1222.56
961.13	1215.90
961.30	1223.97
961.47	1213.18
961.64	1224.07
961.81	1214.90
961.98	1222.10
962.15	1217.99
962.31	1215.31
962.48	1211.23
962.65	1226.24
962.82	1212.30
962.99	1226.02
963.16	1215.31
963.33	1215.18
963.49	1214.98
963.66	1214.22
963.83	1210.62
964.00	1221.84
964.17	1207.79
964.34	1221.55
964.51	1209.71
964.67	1218.91
964.84	1217.52
965.01	1232.73
965.18	1202.36
965.35	1216.82
965.52	1211.17
965.68	1217.99
965.85	1213.34
966.02	1220.63
966.19	1217.23
966.36	1220.61
966.52	1208.32
966.69	1227.70
966.86	1215.29
967.03	1220.00
967.20	1209.98
967.37	1220.63
967.53	1219.77
967.70	1222.43
967.87	1211.89
968.04	1220.12
968.21	1214.10
968.37	1219.24
968.54	1213.40
968.71	1215.22
968.88	1212.11
969.05	1223.33
969.21	1213.22
969.38	1220.84
969.55	1213.11
969.72	1218.79
969.89	1221.18
970.05	1218.73
970.22	1219.73
970.39	1216.47
970.56	1209.12
970.72	1227.16
970.89	1213.79
971.06	1218.95
971.23	1211.95
971.39	1220.30
971.56	1218.11
971.73	1216.66
971.90	1209.10
972.07	1218.77
972.23	1209.43
972.40	1222.68
972.57	1210.19
972.74	1220.38
972.90	1216.80
973.07	1219.54
973.24	1210.94
973.40	1216.51
973.57	1212.87
973.74	1214.40
973.91	1207.28
974.07	1220.77
974.24	1213.30
974.41	1226.69
974.58	1219.75
974.74	1223.21
974.91	1215.98
975.08	1220.45
975.25	1215.96
975.41	1220.61
975.58	1215.10
975.75	1221.61
975.91	1214.34
976.08	1216.29
976.25	1216.33
976.42	1218.73
976.58	1219.44
976.75	1215.26
976.92	1210.57
977.08	1219.38
977.25	1217.01
977.42	1214.96
977.58	1215.39
977.75	1219.05
977.92	1218.13
978.08	1221.55
978.25	1215.18
978.42	1218.73
978.59	1218.28
978.75	1219.34
978.92	1217.17
979.09	1215.06
979.25	1212.11
979.42	1224.09
979.59	1213.63
979.75	1217.01
979.92	1215.02
980.09	1226.16
980.25	1218.11
980.42	1224.17
980.59	1209.86
980.75	1213.75
980.92	1214.47
981.09	1215.26
981.25	1214.26
981.42	1220.67
981.59	1212.07
981.75	1214.69
981.92	1212.44
982.08	1220.30
982.25	1214.47
982.42	1214.79
982.58	1214.75
982.75	1221.59
982.92	1210.37
983.08	1213.71
983.25	1213.69
983.42	1217.66
983.58	1218.87
983.75	1219.95
983.91	1216.15
984.08	1219.34
984.25	1217.48
984.41	1218.58
984.58	1208.73
984.74	1217.91
984.91	1215.72
985.08	1224.75
985.24	1210.68
985.41	1220.81
985.57	1221.61
985.74	1226.28
985.91	1212.05
986.07	1220.38
986.24	1213.99
986.40	1213.73
986.57	1222.84
986.74	1218.89
986.90	1213.16
987.07	1220.90
987.23	1211.97
987.40	1223.07
987.57	1219.59
987.73	1215.29
987.90	1209.59
988.06	1217.37
988.23	1208.92
988.39	1219.83
988.56	1211.37
988.73	1217.60
988.89	1218.28
989.06	1217.68
989.22	1217.85
989.39	1218.11
989.55	1216.70
989.72	1219.77
989.88	1213.59
990.05	1224.83
990.22	1214.16
990.38	1221.47
990.55	1214.67
990.71	1220.22
990.88	1214.34
991.04	1221.41
991.21	1214.26
991.37	1220.26
991.54	1219.77
991.70	1223.15
991.87	1217.52
992.03	1221.24
992.20	1214.63
992.36	1214.06
992.53	1215.18
992.69	1218.62
992.86	1209.12
993.03	1215.06
993.19	1215.22
993.36	1225.91
993.52	1215.37
993.69	1221.43
993.85	1209.65
994.02	1216.17
994.18	1216.15
994.35	1217.44
994.51	1208.65
994.68	1220.94
994.84	1214.92
995.01	1224.52
995.17	1211.52
995.34	1221.14
995.50	1211.00
995.66	1223.19
995.83	1212.95
995.99	1218.66
996.16	1213.16
996.32	1223.99
996.49	1208.22
996.65	1218.15
996.82	1214.34
996.98	1217.35
997.15	1215.47
997.31	1217.05
997.48	1212.73
997.64	1224.54
997.81	1213.75
997.97	1223.42
998.13	1212.79
998.30	1216.19
998.46	1210.41
998.63	1217.85
998.79	1202.38
998.96	1224.26
999.12	1215.00
999.29	1217.25
999.45	1208.65
999.61	1218.68
999.78	1215.82
999.94	1214.94
1000.11	1216.43
1000.27	1224.34
1000.44	1211.09
1000.60	1222.19
1000.76	1214.49
1000.93	1219.63
1001.09	1221.20
1001.26	1221.94
1001.42	1214.42
1001.59	1219.81
1001.75	1212.58
1001.91	1215.35
1002.08	1210.23
1002.24	1224.09
1002.41	1210.00
1002.57	1228.06
1002.73	1215.37
1002.90	1216.96
1003.06	1214.20
1003.23	1218.89
1003.39	1212.68
1003.55	1221.27
1003.72	1214.14
1003.88	1222.43
1004.04	1214.40
1004.21	1217.91
1004.37	1217.82
1004.54	1215.92
1004.70	1218.05
1004.86	1220.98
1005.03	1214.45
1005.19	1223.78
1005.35	1213.09
1005.52	1219.79
1005.68	1209.82
1005.85	1224.34
1006.01	1211.58
1006.17	1224.32
1006.34	1211.37
1006.50	1228.64
1006.66	1211.39
1006.83	1223.19
1006.99	1214.45
1007.15	1222.76
1007.32	1214.42
1007.48	1222.35
1007.64	1210.31
1007.81	1220.79
1007.97	1218.42
1008.13	1225.83
1008.30	1216.23
1008.46	1214.45
1008.62	1221.61
1008.79	1211.56
1008.95	1219.20
1009.11	1228.35
1009.28	1203.88
1009.44	1223.68
1009.60	1213.24
1009.77	1221.53
1009.93	1212.73
1010.09	1220.14
1010.25	1213.77
1010.42	1222.45
1010.58	1207.73
1010.74	1224.50
1010.91	1203.65
1011.07	1220.67
1011.23	1213.75
1011.40	1217.35
1011.56	1216.06
1011.72	1218.21
1011.88	1218.36
1012.05	1223.13
1012.21	1217.60
1012.37	1214.24
1012.54	1212.68
1012.70	1222.31
1012.86	1215.35
1013.02	1219.52
1013.19	1215.20
1013.35	1220.24
1013.51	1218.71
1013.67	1218.75
1013.84	1215.63
1014.00	1223.03
1014.16	1216.86
1014.33	1222.08
1014.49	1215.37
1014.65	1221.94
1014.81	1216.60
1014.98	1221.80
1015.14	1208.79
1015.30	1220.59
1015.46	1206.95
1015.62	1216.19
1015.79	1221.70
1015.95	1228.35
1016.11	1220.22
1016.27	1216.45
1016.44	1209.53
1016.60	1219.40
1016.76	1210.84
1016.92	1221.04
1017.09	1208.36
1017.25	1221.57
1017.41	1210.88
1017.57	1221.61
1017.73	1209.76
1017.90	1219.77
1018.06	1213.11
1018.22	1224.60
1018.38	1216.45
1018.54	1212.79
1018.71	1219.87
1018.87	1218.81
1019.03	1212.93
1019.19	1225.61
1019.35	1221.74
1019.52	1218.77
1019.68	1220.47
1019.84	1220.71
1020.00	1217.62
1020.16	1214.22
1020.33	1217.44
1020.49	1219.61
1020.65	1209.71
1020.81	1219.63
1020.97	1215.98
1021.13	1227.90
1021.30	1215.53
1021.46	1224.56
1021.62	1213.05
1021.78	1217.19
1021.94	1210.19
1022.10	1217.03
1022.27	1213.77
1022.43	1220.69
1022.59	1212.66
1022.75	1218.32
1022.91	1214.57
1023.07	1220.00
1023.24	1208.98
1023.40	1217.29
1023.56	1215.63
1023.72	1225.83
1023.88	1215.26
1024.04	1218.87
1024.20	1211.17
1024.36	1215.67
1024.53	1209.41
1024.69	1221.94
1024.85	1208.63
1025.01	1221.22
1025.17	1213.11
1025.33	1220.71
1025.49	1211.60
1025.65	1224.64
1025.82	1212.75
1025.98	1219.46
1026.14	1221.20
1026.30	1223.33
1026.46	1214.81
1026.62	1222.47
1026.78	1215.20
1026.94	1227.39
1027.10	1212.70
1027.26	1220.14
1027.43	1210.27
1027.59	1220.38
1027.75	1215.82
1027.91	1217.99
1028.07	1212.36
1028.23	1220.96
1028.39	1216.96
1028.55	1218.17
1028.71	1217.70
1028.87	1220.26
1029.03	1215.49
1029.19	1220.65
1029.36	1214.08
1029.52	1222.90
1029.68	1207.01
1029.84	1221.18
1030.00	1225.30
1030.16	1225.93
1030.32	1217.85
1030.48	1222.15
1030.64	1215.18
1030.80	1224.03
1030.96	1215.16
1031.12	1218.81
1031.28	1212.17
1031.44	1214.86
1031.60	1215.92
1031.76	1221.37
1031.92	1215.98
1032.08	1233.10
1032.24	1207.97
1032.40	1216.33
1032.56	1213.24
1032.73	1221.70
1032.89	1209.57
1033.05	1218.46
1033.21	1214.26
1033.37	1225.73
1033.53	1214.22
1033.69	1218.38
1033.85	1211.48
1034.01	1217.44
1034.17	1210.25
1034.33	1219.59
1034.49	1210.23
1034.65	1220.28
1034.81	1212.66
1034.97	1213.38
1035.13	1224.01
1035.29	1213.65
1035.45	1209.82
1035.61	1214.59
1035.77	1213.79
1035.93	1216.51
1036.09	1214.73
1036.25	1218.79
1036.41	1215.00
1036.57	1220.36
1036.73	1206.13
1036.88	1218.79
1037.04	1211.37
