345.52	1204.21
345.73	1204.21
345.94	1204.21
346.16	1203.08
346.37	1202.92
346.58	1209.98
346.79	1211.19
347.00	1210.47
347.22	1209.92
347.43	1205.78
347.64	1219.34
347.85	1206.95
348.06	1208.49
348.28	1207.75
348.49	1211.72
348.70	1212.95
348.91	1208.30
349.12	1204.64
349.34	1213.48
349.55	1208.77
349.76	1220.75
349.97	1207.67
350.18	1214.38
350.40	1205.50
350.61	1224.36
350.82	1202.67
351.03	1213.30
351.24	1203.88
351.46	1212.52
351.67	1207.15
351.88	1211.35
352.09	1207.95
352.30	1208.81
352.51	1209.61
352.73	1218.46
352.94	1216.29
353.15	1214.32
353.36	1208.69
353.57	1218.17
353.79	1208.98
354.00	1210.35
354.21	1208.92
354.42	1218.50
354.63	1213.69
354.84	1217.13
355.06	1218.38
355.27	1210.41
355.48	1214.69
355.69	1216.37
355.90	1210.17
356.11	1217.21
356.33	1210.31
356.54	1217.62
356.75	1205.39
356.96	1215.96
357.17	1210.12
357.38	1204.43
357.60	1206.99
357.81	1218.48
358.02	1206.93
358.23	1213.46
358.44	1210.23
358.65	1212.91
358.87	1208.30
359.08	1217.54
359.29	1205.37
359.50	1209.59
359.71	1205.11
359.92	1214.40
360.13	1210.25
360.35	1222.72
360.56	1208.77
360.77	1210.00
360.98	1214.51
361.19	1217.42
361.40	1207.61
361.62	1215.04
361.83	1212.40
362.04	1216.80
362.25	1207.09
362.46	1218.01
362.67	1213.83
362.88	1216.08
363.10	1211.35
363.31	1206.11
363.52	1208.14
363.73	1209.41
363.94	1210.12
364.15	1221.84
364.36	1208.30
364.57	1210.68
364.79	1214.83
365.00	1214.67
365.21	1210.23
365.42	1213.38
365.63	1212.32
365.84	1218.60
366.05	1215.51
366.27	1217.50
366.48	1207.01
366.69	1220.04
366.90	1209.26
367.11	1217.66
367.32	1222.33
367.53	1212.73
367.74	1210.53
367.95	1223.83
368.17	1207.15
368.38	1217.35
368.59	1210.96
368.80	1208.83
369.01	1206.64
369.22	1214.86
369.43	1209.18
369.64	1213.79
369.86	1204.68
370.07	1215.94
370.28	1208.77
370.49	1220.57
370.70	1212.79
370.91	1210.84
371.12	1204.70
371.33	1215.49
371.54	1207.52
371.76	1220.26
371.97	1205.84
372.18	1214.16
372.39	1209.06
372.60	1221.31
372.81	1209.10
373.02	1215.12
373.23	1204.88
373.44	1221.22
373.65	1209.08
373.87	1215.53
374.08	1215.82
374.29	1217.50
374.50	1207.50
374.71	1216.45
374.92	1214.34
375.13	1216.41
375.34	1208.34
375.55	1218.38
375.76	1215.67
375.97	1217.11
376.19	1208.75
376.40	1215.92
376.61	1211.03
376.82	1219.85
377.03	1208.67
377.24	1211.87
377.45	1212.85
377.66	1208.20
377.87	1211.76
378.08	1219.42
378.29	1213.13
378.50	1212.11
378.71	1213.05
378.93	1215.72
379.14	1205.29
379.35	1217.64
379.56	1205.19
379.77	1218.15
379.98	1208.77
380.19	1217.64
380.40	1213.42
380.61	1216.02
380.82	1206.07
381.03	1223.83
381.24	1209.18
381.45	1218.56
381.66	1204.47
381.88	1222.82
382.09	1207.63
382.30	1217.11
382.51	1220.73
382.72	1211.68
382.93	1211.72
383.14	1218.89
383.35	1212.54
383.56	1209.33
383.77	1211.37
383.98	1217.13
384.19	1204.41
384.40	1215.41
384.61	1211.39
384.82	1219.91
385.03	1207.13
385.24	1221.27
385.45	1213.13
385.67	1219.40
385.88	1207.79
386.09	1222.70
386.30	1211.29
386.51	1213.16
386.72	1214.26
386.93	1219.40
387.14	1208.10
387.35	1216.80
387.56	1207.07
387.77	1219.32
387.98	1207.30
388.19	1220.32
388.40	1218.79
388.61	1218.93
388.82	1207.73
389.03	1221.41
389.24	1213.59
389.45	1210.98
389.66	1203.59
389.87	1218.42
390.08	1207.05
390.29	1213.03
390.50	1208.34
390.71	1220.10
390.92	1211.62
391.13	1216.58
391.34	1210.02
391.55	1212.42
391.76	1213.73
391.98	1203.92
392.19	1214.08
392.40	1213.97
392.61	1207.99
392.82	1221.04
393.03	1208.83
393.24	1213.32
393.45	1216.53
393.66	1217.03
393.87	1211.50
394.08	1217.01
394.29	1212.44
394.50	1213.01
394.71	1209.96
394.92	1219.91
395.13	1209.94
395.34	1209.88
395.55	1209.86
395.76	1215.43
395.97	1208.34
396.18	1226.36
396.39	1217.25
396.60	1218.81
396.81	1214.12
397.02	1219.34
397.23	1208.81
397.44	1220.94
397.65	1213.24
397.86	1221.43
398.07	1207.52
398.28	1219.09
398.49	1210.49
398.70	1214.79
398.91	1215.69
399.12	1214.55
399.33	1211.03
399.54	1219.83
399.75	1210.51
399.96	1219.20
400.17	1212.87
400.38	1216.90
400.59	1206.48
400.80	1216.76
401.01	1211.11
401.22	1214.26
401.42	1213.65
401.63	1215.35
401.84	1210.60
402.05	1213.40
402.26	1211.91
402.47	1225.61
402.68	1214.86
402.89	1217.35
403.10	1216.04
403.31	1215.33
403.52	1209.59
403.73	1224.79
403.94	1211.09
404.15	1222.33
404.36	1215.26
404.57	1224.17
404.78	1209.28
404.99	1215.33
405.20	1213.36
405.41	1218.17
405.62	1206.34
405.83	1220.69
406.04	1211.76
406.25	1222.51
406.46	1214.16
406.67	1212.40
406.88	1210.84
407.09	1218.85
407.30	1214.16
407.50	1217.76
407.71	1210.43
407.92	1217.52
408.13	1209.39
408.34	1216.90
408.55	1220.30
408.76	1212.70
408.97	1213.69
409.18	1222.41
409.39	1211.95
409.60	1220.51
409.81	1205.60
410.02	1218.28
410.23	1214.40
410.44	1216.62
410.65	1205.29
410.86	1211.78
411.07	1215.98
411.27	1215.92
411.48	1213.32
411.69	1216.68
411.90	1213.71
412.11	1212.93
412.32	1211.33
412.53	1216.96
412.74	1213.52
412.95	1212.64
413.16	1216.68
413.37	1214.16
413.58	1218.25
413.79	1219.83
414.00	1210.41
414.20	1218.44
414.41	1208.79
414.62	1214.28
414.83	1217.39
415.04	1214.42
415.25	1210.41
415.46	1213.36
415.67	1208.12
415.88	1226.53
416.09	1209.86
416.30	1212.68
416.51	1211.13
416.71	1218.97
416.92	1208.10
417.13	1216.37
417.34	1209.76
417.55	1224.36
417.76	1211.07
417.97	1217.93
418.18	1211.66
418.39	1216.90
418.60	1218.11
418.81	1215.16
419.01	1212.62
419.22	1215.51
419.43	1213.71
419.64	1214.47
419.85	1211.17
420.06	1215.20
420.27	1209.96
420.48	1220.36
420.69	1202.89
420.90	1223.89
421.10	1211.82
421.31	1207.77
421.52	1211.56
421.73	1214.26
421.94	1209.16
422.15	1220.34
422.36	1210.35
422.57	1217.27
422.78	1211.91
422.98	1217.70
423.19	1218.17
423.40	1223.85
423.61	1209.00
423.82	1217.48
424.03	1213.91
424.24	1217.85
424.45	1211.41
424.65	1210.96
424.86	1210.21
425.07	1215.47
425.28	1218.68
425.49	1218.42
425.70	1216.10
425.91	1223.19
426.12	1203.88
426.32	1218.36
426.53	1214.26
426.74	1208.75
426.95	1215.74
427.16	1219.14
427.37	1211.62
427.58	1215.37
427.78	1204.06
427.99	1216.10
428.20	1213.61
428.41	1223.74
428.62	1212.93
428.83	1216.31
429.04	1214.88
429.24	1219.34
429.45	1209.63
429.66	1218.19
429.87	1216.94
430.08	1214.12
430.29	1209.65
430.50	1218.36
430.70	1210.57
430.91	1216.00
431.12	1205.80
431.33	1216.12
431.54	1209.96
431.75	1222.43
431.96	1217.37
432.16	1223.64
432.37	1212.48
432.58	1219.32
432.79	1207.42
433.00	1222.00
433.21	1217.03
433.41	1217.19
433.62	1212.09
433.83	1209.92
434.04	1209.84
434.25	1219.65
434.46	1211.74
434.66	1218.34
434.87	1209.37
435.08	1219.46
435.29	1214.32
435.50	1218.93
435.71	1218.30
435.91	1215.86
436.12	1207.97
436.33	1215.86
436.54	1213.30
436.75	1218.66
436.95	1210.19
437.16	1210.57
437.37	1207.07
437.58	1222.10
437.79	1217.48
438.00	1214.42
438.20	1207.75
438.41	1220.12
438.62	1213.95
438.83	1212.13
439.04	1218.54
439.24	1223.97
439.45	1207.97
439.66	1209.28
439.87	1209.84
440.08	1208.55
440.28	1209.86
440.49	1214.51
440.70	1212.05
440.91	1219.05
441.12	1216.21
441.32	1213.07
441.53	1202.03
441.74	1215.67
441.95	1212.62
442.16	1217.09
442.36	1209.22
442.57	1219.36
442.78	1209.96
442.99	1215.37
443.20	1213.01
443.40	1222.06
443.61	1215.53
443.82	1215.90
444.03	1210.33
444.24	1218.85
444.44	1215.24
444.65	1218.44
444.86	1208.75
445.07	1213.44
445.27	1205.43
445.48	1221.22
445.69	1209.61
445.90	1216.66
446.11	1213.22
446.31	1220.08
446.52	1209.41
446.73	1223.97
446.94	1208.38
447.14	1222.17
447.35	1208.10
447.56	1218.17
447.77	1205.97
447.97	1220.59
448.18	1218.34
448.39	1214.77
448.60	1209.49
448.81	1215.67
449.01	1206.25
449.22	1218.77
449.43	1212.60
449.64	1215.55
449.84	1211.17
450.05	1217.07
450.26	1213.42
450.47	1214.90
450.67	1213.18
450.88	1223.17
451.09	1212.32
451.30	1212.79
451.50	1213.20
451.71	1206.87
451.92	1209.55
452.13	1215.78
452.33	1215.80
452.54	1212.03
452.75	1204.62
452.96	1226.04
453.16	1207.99
453.37	1213.56
453.58	1204.76
453.79	1215.14
453.99	1209.69
454.20	1217.56
454.41	1213.24
454.61	1220.26
454.82	1214.08
455.03	1213.03
455.24	1210.66
455.44	1217.31
455.65	1209.45
455.86	1220.96
456.07	1209.35
456.27	1223.31
456.48	1211.97
456.69	1219.28
456.90	1208.61
457.10	1225.52
457.31	1209.86
457.52	1209.14
457.72	1207.73
457.93	1220.00
458.14	1216.00
458.35	1218.89
458.55	1209.14
458.76	1223.64
458.97	1211.62
459.17	1216.72
459.38	1213.71
459.59	1218.68
459.80	1212.34
460.00	1223.15
460.21	1212.42
460.42	1219.18
460.62	1215.39
460.83	1211.64
461.04	1209.51
461.25	1225.12
461.45	1209.69
461.66	1218.07
461.87	1214.22
462.07	1219.69
462.28	1209.41
462.49	1213.46
462.69	1210.39
462.90	1217.21
463.11	1216.76
463.31	1215.31
463.52	1208.44
463.73	1217.99
463.94	1204.51
464.14	1219.93
464.35	1213.01
464.56	1218.99
464.76	1216.21
464.97	1220.65
465.18	1203.73
465.38	1222.27
465.59	1209.41
465.80	1216.70
466.00	1212.75
466.21	1214.73
466.42	1216.92
466.62	1211.35
466.83	1213.95
467.04	1219.09
467.24	1216.82
467.45	1215.84
467.66	1219.22
467.86	1215.80
468.07	1209.47
468.28	1217.37
468.48	1214.88
468.69	1215.59
468.90	1208.16
469.10	1220.98
469.31	1209.16
469.52	1218.73
469.72	1211.19
469.93	1220.28
470.14	1212.73
470.34	1216.00
470.55	1210.92
470.76	1219.32
470.96	1209.08
471.17	1223.37
471.38	1217.13
471.58	1219.07
471.79	1210.02
472.00	1214.26
472.20	1217.33
472.41	1220.47
472.62	1213.30
472.82	1220.34
473.03	1210.12
473.24	1214.94
473.44	1217.72
473.65	1228.27
473.85	1211.03
474.06	1211.60
474.27	1211.97
474.47	1215.45
474.68	1212.85
474.89	1213.54
475.09	1218.62
475.30	1209.65
475.51	1205.07
475.71	1223.91
475.92	1212.56
476.12	1215.14
476.33	1212.23
476.54	1218.03
476.74	1209.41
476.95	1212.75
477.16	1206.50
477.36	1215.16
477.57	1225.48
477.77	1212.13
477.98	1213.48
478.19	1209.69
478.39	1207.46
478.60	1220.71
478.81	1206.77
479.01	1217.27
479.22	1212.64
479.42	1214.20
479.63	1213.03
479.84	1212.07
480.04	1210.19
480.25	1216.19
480.45	1201.46
480.66	1218.99
480.87	1217.72
481.07	1216.53
481.28	1212.11
481.48	1218.73
481.69	1218.60
481.90	1206.93
482.10	1215.24
482.31	1222.82
482.51	1208.79
482.72	1220.96
482.93	1212.09
483.13	1210.25
483.34	1210.17
483.54	1217.44
483.75	1212.81
483.96	1217.39
484.16	1207.61
484.37	1220.12
484.57	1214.47
484.78	1213.89
484.99	1212.87
485.19	1214.22
485.40	1209.88
485.60	1213.81
485.81	1206.75
486.01	1217.97
486.22	1224.93
486.43	1215.51
486.63	1209.84
486.84	1220.12
487.04	1210.35
487.25	1216.25
487.46	1208.26
487.66	1217.33
487.87	1221.27
488.07	1222.68
488.28	1207.38
488.48	1217.05
488.69	1218.11
488.89	1215.90
489.10	1215.18
489.31	1215.86
489.51	1216.80
489.72	1218.91
489.92	1215.04
490.13	1221.24
490.33	1211.64
490.54	1222.80
490.75	1211.07
490.95	1210.19
491.16	1210.45
491.36	1212.01
491.57	1208.47
491.77	1219.14
491.98	1216.31
492.18	1222.31
492.39	1215.90
492.59	1215.65
492.80	1213.16
493.01	1211.50
493.21	1212.01
493.42	1213.95
493.62	1218.60
493.83	1215.41
494.03	1215.84
494.24	1214.38
494.44	1207.97
494.65	1224.46
494.85	1210.31
495.06	1214.55
495.26	1216.41
495.47	1217.68
495.68	1208.92
495.88	1220.00
496.09	1209.82
496.29	1214.79
496.50	1207.89
496.70	1209.26
496.91	1209.55
497.11	1215.18
497.32	1209.16
497.52	1211.82
497.73	1206.85
497.93	1216.23
498.14	1214.49
498.34	1215.35
498.55	1211.15
498.75	1219.18
498.96	1213.36
499.16	1215.47
499.37	1215.39
499.57	1218.09
499.78	1208.81
499.98	1216.41
500.19	1211.60
500.39	1222.66
500.60	1211.70
500.80	1207.63
501.01	1208.57
501.21	1215.69
501.42	1206.79
501.62	1219.93
501.83	1211.54
502.03	1214.67
502.24	1214.20
502.44	1219.57
502.65	1206.64
502.85	1220.81
503.06	1207.85
503.26	1220.88
503.47	1206.29
503.67	1218.05
503.88	1214.94
504.08	1218.09
504.29	1212.85
504.49	1222.47
504.70	1209.24
504.90	1217.91
505.11	1203.84
505.31	1222.21
505.52	1208.55
505.72	1220.61
505.93	1213.77
506.13	1213.97
506.34	1211.93
506.54	1216.60
506.75	1210.00
506.95	1222.00
507.16	1212.68
507.36	1217.46
507.56	1212.40
507.77	1214.49
507.97	1214.81
508.18	1215.45
508.38	1205.60
508.59	1221.41
508.79	1215.78
509.00	1226.67
509.20	1211.03
509.41	1217.91
509.61	1217.37
509.82	1218.38
510.02	1208.83
510.22	1223.62
510.43	1204.92
510.63	1224.34
510.84	1206.32
511.04	1218.30
511.25	1212.95
511.45	1217.80
511.66	1209.90
511.86	1219.36
512.06	1221.35
512.27	1213.65
512.47	1210.66
512.68	1215.41
512.88	1208.85
513.09	1210.06
513.29	1209.06
513.50	1209.06
513.70	1211.97
513.90	1215.24
514.11	1207.28
514.31	1217.52
514.52	1211.37
514.72	1221.41
514.93	1213.54
515.13	1218.11
515.33	1215.63
515.54	1214.34
515.74	1206.52
515.95	1215.55
516.15	1209.45
516.36	1218.05
516.56	1210.90
516.76	1216.08
516.97	1210.94
517.17	1216.17
517.38	1206.97
517.58	1223.95
517.78	1211.62
517.99	1217.72
518.19	1214.02
518.40	1210.51
518.60	1209.49
518.81	1208.73
519.01	1212.44
519.21	1218.40
519.42	1207.38
519.62	1217.56
519.83	1209.16
520.03	1217.93
520.23	1217.76
520.44	1213.83
520.64	1214.77
520.85	1218.44
521.05	1216.72
521.25	1219.67
521.46	1202.53
521.66	1220.38
521.86	1211.82
522.07	1215.61
522.27	1205.76
522.48	1225.40
522.68	1208.98
522.88	1217.78
523.09	1210.74
523.29	1217.44
523.50	1210.68
523.70	1219.57
523.90	1205.70
524.11	1216.29
524.31	1205.33
524.51	1225.44
524.72	1210.53
524.92	1217.01
525.13	1213.11
525.33	1218.30
525.53	1207.91
525.74	1216.60
525.94	1206.25
526.14	1211.13
526.35	1207.95
526.55	1217.64
526.76	1209.14
526.96	1215.67
527.16	1206.93
527.37	1215.20
527.57	1206.05
527.77	1209.08
527.98	1210.37
528.18	1221.02
528.38	1208.79
528.59	1216.82
528.79	1207.83
528.99	1225.46
529.20	1209.06
529.40	1217.72
529.61	1207.22
529.81	1217.56
530.01	1211.74
530.22	1212.03
530.42	1206.29
530.62	1214.92
530.83	1211.03
531.03	1220.45
531.23	1213.36
531.44	1217.05
531.64	1211.23
531.84	1218.56
532.05	1207.56
532.25	1216.19
532.45	1208.18
532.66	1218.91
532.86	1212.32
533.06	1219.81
533.27	1220.02
533.47	1212.17
533.67	1204.82
533.88	1217.25
534.08	1212.99
534.28	1222.21
534.49	1214.08
534.69	1221.72
534.89	1209.90
535.09	1221.24
535.30	1212.21
535.50	1216.70
535.70	1218.75
535.91	1219.18
536.11	1217.42
536.31	1216.94
536.52	1215.02
536.72	1222.88
536.92	1209.26
537.13	1222.72
537.33	1219.14
537.53	1215.94
537.74	1217.42
537.94	1209.80
538.14	1212.44
538.34	1217.42
538.55	1209.78
538.75	1222.90
538.95	1209.98
539.16	1211.50
539.36	1205.70
539.56	1224.85
539.77	1221.33
539.97	1219.54
540.17	1209.63
540.37	1211.23
540.58	1215.33
540.78	1215.84
540.98	1210.49
541.19	1216.72
541.39	1210.96
541.59	1219.42
541.79	1216.29
542.00	1219.65
542.20	1208.71
542.40	1218.73
542.60	1218.17
542.81	1219.32
543.01	1201.05
543.21	1221.31
543.42	1210.47
543.62	1220.92
543.82	1212.05
544.02	1217.97
544.23	1208.08
544.43	1221.59
544.63	1209.82
544.83	1218.15
545.04	1216.47
545.24	1214.40
545.44	1211.72
545.64	1217.91
545.85	1212.81
546.05	1215.47
546.25	1212.15
546.45	1217.01
546.66	1218.15
546.86	1210.08
547.06	1212.13
547.27	1216.80
547.47	1212.54
547.67	1215.65
547.87	1217.48
548.07	1214.92
548.28	1213.36
548.48	1212.95
548.68	1214.08
548.88	1215.67
549.09	1205.64
549.29	1218.03
549.49	1214.34
549.69	1215.08
549.90	1207.93
550.10	1214.51
550.30	1214.36
550.50	1221.37
550.71	1217.01
550.91	1206.21
551.11	1210.84
551.31	1216.94
551.51	1203.92
551.72	1212.60
551.92	1212.15
552.12	1216.19
552.32	1203.78
552.53	1218.56
552.73	1211.25
552.93	1213.09
553.13	1202.55
553.33	1219.42
553.54	1212.87
553.74	1212.27
553.94	1209.65
554.14	1216.92
554.35	1203.10
554.55	1213.20
554.75	1214.53
554.95	1217.48
555.15	1212.21
555.36	1210.55
555.56	1221.74
555.76	1211.99
555.96	1210.94
556.16	1220.38
556.37	1211.11
556.57	1217.99
556.77	1209.08
556.97	1214.59
557.17	1207.91
557.38	1223.07
557.58	1215.82
557.78	1219.85
557.98	1205.62
558.18	1217.07
558.38	1211.09
558.59	1210.57
558.79	1217.95
558.99	1217.82
559.19	1215.90
559.39	1218.95
559.60	1215.65
559.80	1218.30
560.00	1211.74
560.20	1223.29
560.40	1207.18
560.60	1215.02
560.81	1211.76
561.01	1223.72
561.21	1208.94
561.41	1222.19
561.61	1211.13
561.81	1217.01
562.02	1211.00
562.22	1216.84
562.42	1213.38
562.62	1218.38
562.82	1216.47
563.02	1217.80
563.23	1208.63
563.43	1219.54
563.63	1209.80
563.83	1219.26
564.03	1206.60
564.23	1222.68
564.43	1207.85
564.64	1214.45
564.84	1212.01
565.04	1216.72
565.24	1207.36
565.44	1211.84
565.64	1214.83
565.85	1224.99
566.05	1209.43
566.25	1219.61
566.45	1212.11
566.65	1214.34
566.85	1212.95
567.05	1222.47
567.25	1211.64
567.46	1224.26
567.66	1212.25
567.86	1220.34
568.06	1206.83
568.26	1214.98
568.46	1205.64
568.66	1214.88
568.86	1217.15
569.07	1222.94
569.27	1212.93
569.47	1212.95
569.67	1214.12
569.87	1214.73
570.07	1213.30
570.27	1218.01
570.47	1209.33
570.68	1213.56
570.88	1210.98
571.08	1214.63
571.28	1202.92
571.48	1223.33
571.68	1213.01
571.88	1228.99
572.08	1217.05
572.28	1215.31
572.49	1210.10
572.69	1222.13
572.89	1204.02
573.09	1217.74
573.29	1214.04
573.49	1209.71
573.69	1211.58
573.89	1214.81
574.09	1211.50
574.29	1217.42
574.50	1209.24
574.70	1218.50
574.90	1214.47
575.10	1216.47
575.30	1214.79
575.50	1218.03
575.70	1208.42
575.90	1217.60
576.10	1215.63
576.30	1222.15
576.50	1208.96
576.70	1221.96
576.91	1211.50
577.11	1216.66
577.31	1205.64
577.51	1215.33
577.71	1207.52
577.91	1217.03
578.11	1209.92
578.31	1215.65
578.51	1206.93
578.71	1212.81
578.91	1212.34
579.11	1218.52
579.31	1218.85
579.51	1227.10
579.71	1216.78
579.92	1219.50
580.12	1210.86
580.32	1219.77
580.52	1212.95
580.72	1211.25
580.92	1206.05
581.12	1216.62
581.32	1214.77
581.52	1216.45
581.72	1211.80
581.92	1216.29
582.12	1211.35
582.32	1220.18
582.52	1207.30
582.72	1220.47
582.92	1207.32
583.12	1219.44
583.32	1212.60
583.52	1214.92
583.72	1206.03
583.92	1220.43
584.12	1207.85
584.33	1222.39
584.53	1208.04
584.73	1215.29
584.93	1214.04
585.13	1217.74
585.33	1208.10
585.53	1217.27
585.73	1207.54
585.93	1215.47
586.13	1215.96
586.33	1216.84
586.53	1207.42
586.73	1208.42
586.93	1212.05
587.13	1212.75
587.33	1212.50
587.53	1219.79
587.73	1205.95
587.93	1216.23
588.13	1207.87
588.33	1217.23
588.53	1205.76
588.73	1215.47
588.93	1206.56
589.13	1209.35
589.33	1210.62
589.53	1215.80
589.73	1209.74
589.93	1214.69
590.13	1211.58
590.33	1213.95
590.53	1205.62
590.73	1212.50
590.93	1212.15
591.13	1218.58
591.33	1213.48
591.53	1211.35
591.73	1210.43
591.93	1217.27
592.13	1209.22
592.33	1220.00
592.53	1217.23
592.73	1216.49
592.93	1206.56
593.13	1221.70
593.33	1208.04
593.53	1221.53
593.73	1207.15
593.93	1217.09
594.13	1207.18
594.33	1217.78
594.53	1209.57
594.73	1216.06
594.92	1205.17
595.12	1209.94
595.32	1208.08
595.52	1211.60
595.72	1212.66
595.92	1219.65
596.12	1215.20
596.32	1217.82
596.52	1211.56
596.72	1216.88
596.92	1208.28
597.12	1211.80
597.32	1205.54
597.52	1207.69
597.72	1206.66
597.92	1218.32
598.12	1209.20
598.32	1213.18
598.52	1218.89
598.72	1214.71
598.92	1214.30
599.12	1220.36
599.31	1215.31
599.51	1218.19
599.71	1212.64
599.91	1222.15
600.11	1207.69
600.31	1205.60
600.51	1214.32
600.71	1222.35
600.91	1211.95
601.11	1210.80
601.31	1207.36
601.51	1215.00
601.71	1216.41
601.91	1215.61
602.10	1211.76
602.30	1214.36
602.50	1207.40
602.70	1218.50
602.90	1202.06
603.10	1216.76
603.30	1209.43
603.50	1218.28
603.70	1206.99
603.90	1213.48
604.10	1216.84
604.30	1222.19
604.49	1209.76
604.69	1219.44
604.89	1209.35
605.09	1223.58
605.29	1213.13
605.49	1217.05
605.69	1213.24
605.89	1217.82
606.09	1210.92
606.29	1219.30
606.48	1206.19
606.68	1216.47
606.88	1212.97
607.08	1212.56
607.28	1208.01
607.48	1219.57
607.68	1214.06
607.88	1219.59
608.08	1212.79
608.27	1210.31
608.47	1210.02
608.67	1215.47
608.87	1211.89
609.07	1218.73
609.27	1210.29
609.47	1221.16
609.67	1211.50
609.87	1217.03
610.06	1213.56
610.26	1213.05
610.46	1204.49
610.66	1221.98
610.86	1217.05
611.06	1216.60
611.26	1215.06
611.45	1222.21
611.65	1211.54
611.85	1207.61
612.05	1214.75
612.25	1220.00
612.45	1209.06
612.65	1227.86
612.84	1206.97
613.04	1218.64
613.24	1211.33
613.44	1215.55
613.64	1219.34
613.84	1218.75
614.04	1220.10
614.23	1217.09
614.43	1207.79
614.63	1216.51
614.83	1209.74
615.03	1216.06
615.23	1208.67
615.42	1217.21
615.62	1212.50
615.82	1217.19
616.02	1213.05
616.22	1216.64
616.42	1210.02
616.61	1216.43
616.81	1206.81
617.01	1216.29
617.21	1207.03
617.41	1222.17
617.61	1209.96
617.80	1212.54
618.00	1211.17
618.20	1218.25
618.40	1215.22
618.60	1219.97
618.80	1209.55
618.99	1216.96
619.19	1210.02
619.39	1219.42
619.59	1209.69
619.79	1219.34
619.98	1205.80
620.18	1210.45
620.38	1210.47
620.58	1213.89
620.78	1211.87
620.97	1218.99
621.17	1209.28
621.37	1217.01
621.57	1219.50
621.77	1213.42
621.96	1215.57
622.16	1218.58
622.36	1211.03
622.56	1224.79
622.76	1206.42
622.95	1219.65
623.15	1215.39
623.35	1211.74
623.55	1209.02
623.75	1216.33
623.94	1207.73
624.14	1215.59
624.34	1217.01
624.54	1217.46
624.73	1208.10
624.93	1211.82
625.13	1213.20
625.33	1219.75
625.53	1217.72
625.72	1215.63
625.92	1209.39
626.12	1216.51
626.32	1212.15
626.51	1215.29
626.71	1212.99
626.91	1213.54
627.11	1206.95
627.30	1216.23
627.50	1208.92
627.70	1222.39
627.90	1213.63
628.10	1214.02
628.29	1209.10
628.49	1212.89
628.69	1209.00
628.89	1221.14
629.08	1204.92
629.28	1216.84
629.48	1209.98
629.68	1216.82
629.87	1216.53
630.07	1216.08
630.27	1209.67
630.47	1219.95
630.66	1209.45
630.86	1214.16
631.06	1214.02
631.25	1210.19
631.45	1208.55
631.65	1218.77
631.85	1204.31
632.04	1228.56
632.24	1209.35
632.44	1218.21
632.64	1213.26
632.83	1217.64
633.03	1210.78
633.23	1217.42
633.42	1211.15
633.62	1216.96
633.82	1207.54
634.02	1212.03
634.21	1210.35
634.41	1216.33
634.61	1210.21
634.81	1219.20
635.00	1214.16
635.20	1221.08
635.40	1212.93
635.59	1218.36
635.79	1218.13
635.99	1219.61
636.18	1208.04
636.38	1210.60
636.58	1218.21
636.78	1217.62
636.97	1211.31
637.17	1213.38
637.37	1212.91
637.56	1221.37
637.76	1211.70
637.96	1211.58
638.15	1213.61
638.35	1210.41
638.55	1211.52
638.74	1219.20
638.94	1214.92
639.14	1219.83
639.34	1214.32
639.53	1220.79
639.73	1207.38
639.93	1216.04
640.12	1208.59
640.32	1209.02
640.52	1211.25
640.71	1220.88
640.91	1206.95
641.11	1212.32
641.30	1213.18
641.50	1214.30
641.70	1214.24
641.89	1210.90
642.09	1214.77
642.29	1218.93
642.48	1208.44
642.68	1219.95
642.88	1216.19
643.07	1216.12
643.27	1218.01
643.47	1214.24
643.66	1209.76
643.86	1217.58
644.06	1213.32
644.25	1221.41
644.45	1214.67
644.65	1213.48
644.84	1212.81
645.04	1210.06
645.23	1208.90
645.43	1223.87
645.63	1209.74
645.82	1218.95
646.02	1208.08
646.22	1216.02
646.41	1213.44
646.61	1214.26
646.81	1218.03
647.00	1213.61
647.20	1210.41
647.39	1214.79
647.59	1210.94
647.79	1214.79
647.98	1214.73
648.18	1217.03
648.38	1214.38
648.57	1214.71
648.77	1210.74
648.96	1214.90
649.16	1206.29
649.36	1215.59
649.55	1206.72
649.75	1218.25
649.95	1212.19
650.14	1219.16
650.34	1210.43
650.53	1214.83
650.73	1211.74
650.93	1215.43
651.12	1213.99
651.32	1220.38
651.51	1206.32
651.71	1217.50
651.91	1211.48
652.10	1219.93
652.30	1212.87
652.49	1224.26
652.69	1211.23
652.89	1217.97
653.08	1207.11
653.28	1223.40
653.47	1218.71
653.67	1219.42
653.86	1213.50
654.06	1219.77
654.26	1210.84
654.45	1216.68
654.65	1210.33
654.84	1214.47
655.04	1210.78
655.24	1221.53
655.43	1217.48
655.63	1218.15
655.82	1218.25
656.02	1218.34
656.21	1205.54
656.41	1213.69
656.61	1211.93
656.80	1216.00
657.00	1214.45
657.19	1215.31
657.39	1211.46
657.58	1215.69
657.78	1213.42
657.97	1216.04
658.17	1211.25
658.37	1217.93
658.56	1212.32
658.76	1221.08
658.95	1209.78
659.15	1213.24
659.34	1207.63
659.54	1222.06
659.73	1213.54
659.93	1214.04
660.13	1212.44
660.32	1220.84
660.52	1209.04
660.71	1221.33
660.91	1214.71
661.10	1219.89
661.30	1208.12
661.49	1218.23
661.69	1211.70
661.88	1218.97
662.08	1217.58
662.27	1217.46
662.47	1213.34
662.66	1222.25
662.86	1216.55
663.06	1218.95
663.25	1206.34
663.45	1215.88
663.64	1212.17
663.84	1219.34
664.03	1212.07
664.23	1220.28
664.42	1213.03
664.62	1217.48
664.81	1206.29
665.01	1220.26
665.20	1210.94
665.40	1218.52
665.59	1209.22
665.79	1224.60
665.98	1217.19
666.18	1214.67
666.37	1213.87
666.57	1217.58
666.76	1212.73
666.96	1217.70
667.15	1205.68
667.35	1218.62
667.54	1217.17
667.74	1221.55
667.93	1219.11
668.13	1214.96
668.32	1213.61
668.52	1214.65
668.71	1212.21
668.91	1218.38
669.10	1212.17
669.30	1220.67
669.49	1218.30
669.68	1217.87
669.88	1207.85
670.07	1222.62
670.27	1212.30
670.46	1218.30
670.66	1212.79
670.85	1218.50
671.05	1208.42
671.24	1220.81
671.44	1212.36
671.63	1213.44
671.83	1212.66
672.02	1216.06
672.22	1207.44
672.41	1222.56
672.60	1214.12
672.80	1223.01
672.99	1219.03
673.19	1220.49
673.38	1208.96
673.58	1221.16
673.77	1208.67
673.97	1221.59
674.16	1208.73
674.36	1221.43
674.55	1216.68
674.74	1220.81
674.94	1208.08
675.13	1222.00
675.33	1214.16
675.52	1223.54
675.72	1210.80
675.91	1219.81
676.10	1212.75
676.30	1218.13
676.49	1218.05
676.69	1210.76
676.88	1213.81
677.08	1214.45
677.27	1217.95
677.46	1223.27
677.66	1214.26
677.85	1220.00
678.05	1214.47
678.24	1220.24
678.44	1206.83
678.63	1231.30
678.82	1213.42
679.02	1227.16
679.21	1218.75
679.41	1215.49
679.60	1221.37
679.79	1217.27
679.99	1215.31
680.18	1224.36
680.38	1212.38
680.57	1222.80
680.76	1212.60
680.96	1219.40
681.15	1209.49
681.35	1223.66
681.54	1218.71
681.73	1222.66
681.93	1214.04
682.12	1218.56
682.32	1213.59
682.51	1225.03
682.70	1213.89
682.90	1224.56
683.09	1217.23
683.29	1225.28
683.48	1214.77
683.67	1224.34
683.87	1214.63
684.06	1220.38
684.25	1212.85
684.45	1230.54
684.64	1208.59
684.84	1222.56
685.03	1218.68
685.22	1228.35
685.42	1212.97
685.61	1220.61
685.80	1211.87
686.00	1221.31
686.19	1216.86
686.38	1223.58
686.58	1209.49
686.77	1220.94
686.96	1216.74
687.16	1221.18
687.35	1215.20
687.55	1217.50
687.74	1209.28
687.93	1219.20
688.13	1218.71
688.32	1223.23
688.51	1214.90
688.71	1221.67
688.90	1216.64
689.09	1220.90
689.29	1215.80
689.48	1215.02
689.67	1215.74
689.87	1226.49
690.06	1221.57
690.25	1220.45
690.45	1218.66
690.64	1221.61
690.83	1220.92
691.03	1223.66
691.22	1218.11
691.41	1225.28
691.61	1222.17
691.80	1222.13
691.99	1214.73
692.19	1230.58
692.38	1214.26
692.57	1223.44
692.76	1219.71
692.96	1225.01
693.15	1215.98
693.34	1223.44
693.54	1216.51
693.73	1219.73
693.92	1224.89
694.12	1225.46
694.31	1220.38
694.50	1218.79
694.70	1223.54
694.89	1232.04
695.08	1211.17
695.27	1226.10
695.47	1224.83
695.66	1227.33
695.85	1224.97
696.05	1231.24
696.24	1224.83
696.43	1227.35
696.62	1217.39
696.82	1232.92
697.01	1224.87
697.20	1232.08
697.40	1224.36
697.59	1226.63
697.78	1222.64
697.97	1228.41
698.17	1227.53
698.36	1224.60
698.55	1225.75
698.74	1233.84
698.94	1225.89
699.13	1236.89
699.32	1225.79
699.52	1227.47
699.71	1228.47
699.90	1233.18
700.09	1224.71
700.29	1232.30
700.48	1230.58
700.67	1232.65
700.86	1228.86
701.06	1232.26
701.25	1226.88
701.44	1249.10
701.63	1234.70
701.83	1244.28
702.02	1233.55
702.21	1241.42
702.40	1237.34
702.60	1243.24
702.79	1240.31
702.98	1239.72
703.17	1237.63
703.37	1246.13
703.56	1240.21
703.75	1249.71
703.94	1236.62
704.13	1246.07
704.33	1239.70
704.52	1246.33
704.71	1246.76
704.90	1246.27
705.10	1243.26
705.29	1242.11
705.48	1247.32
705.67	1245.06
705.86	1241.64
706.06	1253.34
706.25	1247.70
706.44	1253.32
706.63	1241.19
706.83	1248.16
707.02	1245.72
707.21	1245.37
707.40	1251.25
707.59	1251.10
707.79	1252.91
707.98	1255.00
708.17	1255.65
708.36	1263.74
708.55	1257.60
708.75	1267.92
708.94	1255.30
709.13	1257.47
709.32	1257.39
709.51	1263.80
709.71	1260.46
709.90	1265.56
710.09	1264.66
710.28	1266.93
710.47	1259.91
710.66	1270.17
710.86	1257.82
711.05	1263.60
711.24	1257.47
711.43	1276.11
711.62	1271.44
711.82	1265.40
712.01	1258.72
712.20	1273.94
712.39	1258.05
712.58	1272.44
712.77	1267.45
712.97	1274.55
713.16	1260.05
713.35	1274.66
713.54	1267.16
713.73	1266.96
713.92	1264.19
714.11	1264.44
714.31	1273.10
714.50	1261.57
714.69	1268.68
714.88	1268.37
715.07	1260.03
715.26	1270.54
715.46	1261.12
715.65	1268.84
715.84	1267.49
716.03	1269.95
716.22	1258.66
716.41	1270.21
716.60	1260.36
716.80	1267.75
716.99	1265.40
717.18	1269.35
717.37	1258.95
717.56	1273.82
717.75	1265.44
717.94	1269.72
718.13	1269.95
718.33	1278.96
718.52	1278.81
718.71	1280.57
718.90	1279.53
719.09	1294.99
719.28	1289.52
719.47	1299.91
719.66	1300.38
719.85	1318.99
720.05	1327.94
720.24	1344.18
720.43	1348.18
720.62	1378.36
720.81	1391.35
721.00	1418.85
721.19	1436.79
721.38	1454.96
721.57	1476.46
721.77	1524.45
721.96	1561.94
722.15	1637.33
722.34	1726.19
722.53	1888.55
722.72	2092.96
722.91	2408.55
723.10	2811.12
723.29	3286.05
723.48	3834.33
723.67	4442.37
723.87	5097.46
724.06	5686.84
724.25	6357.86
724.44	6913.39
724.63	7494.93
724.82	7968.22
725.01	8433.97
725.20	8877.35
725.39	9286.99
725.58	9620.03
725.77	9899.64
725.96	10156.92
726.15	10414.00
726.34	10737.07
726.54	10877.64
726.73	11099.40
726.92	11180.99
727.11	11338.64
727.30	11405.61
727.49	11458.79
727.68	11548.86
727.87	11558.63
728.06	11652.68
728.25	11638.34
728.44	11563.96
728.63	11496.60
728.82	11284.76
729.01	11106.50
729.20	10664.16
729.39	10218.97
729.58	9610.28
729.77	8897.81
729.96	8218.11
730.15	7516.23
730.34	6885.00
730.53	6206.98
730.73	5644.47
730.92	5148.92
731.11	4661.81
731.30	4305.53
731.49	3966.08
731.68	3753.84
731.87	3525.68
732.06	3376.14
732.25	3237.43
732.44	3123.17
732.63	3009.29
732.82	2921.63
733.01	2842.17
733.20	2777.07
733.39	2712.21
733.58	2649.95
733.77	2576.28
733.96	2543.37
734.15	2469.38
734.34	2422.11
734.53	2364.54
734.72	2324.92
734.91	2282.36
735.10	2243.53
735.29	2199.66
735.48	2150.12
735.67	2117.68
735.86	2067.51
736.05	2017.56
736.24	2007.64
736.43	1958.86
736.62	1931.28
736.81	1902.30
737.00	1883.70
737.19	1837.93
737.38	1824.25
737.57	1791.75
737.76	1769.61
737.95	1749.78
738.14	1742.08
738.33	1716.28
738.51	1708.89
738.70	1688.39
738.89	1692.61
739.08	1673.99
739.27	1688.28
739.46	1688.30
739.65	1714.93
739.84	1744.97
740.03	1786.46
740.22	1837.64
740.41	1906.15
740.60	1957.80
740.79	2020.26
740.98	2076.13
741.17	2126.36
741.36	2146.33
741.55	2194.40
741.74	2188.60
741.93	2189.05
742.12	2189.11
742.31	2182.83
742.50	2152.52
742.68	2123.60
742.87	2083.46
743.06	2052.60
743.25	1996.30
743.44	1973.10
743.63	1909.34
743.82	1877.05
744.01	1829.70
744.20	1796.23
744.39	1742.21
744.58	1720.27
744.77	1671.53
744.96	1646.22
745.14	1616.13
745.33	1569.73
745.52	1539.44
745.71	1517.61
745.90	1484.82
746.09	1476.01
746.28	1446.17
746.47	1451.76
746.66	1425.92
746.85	1426.76
747.04	1409.84
747.22	1411.07
747.41	1395.47
747.60	1400.36
747.79	1381.85
747.98	1380.25
748.17	1357.19
748.36	1343.90
748.55	1305.27
748.74	1293.50
748.93	1276.01
749.11	1272.63
749.30	1256.72
749.49	1263.80
749.68	1247.89
749.87	1243.42
750.06	1241.29
750.25	1242.46
750.44	1237.32
750.62	1243.77
750.81	1233.16
751.00	1243.81
751.19	1235.76
751.38	1243.44
751.57	1239.88
751.76	1243.22
751.95	1233.06
752.13	1238.12
752.32	1229.38
752.51	1235.52
752.70	1226.90
752.89	1237.22
753.08	1238.26
753.27	1237.08
753.45	1229.27
753.64	1232.34
753.83	1228.45
754.02	1232.51
754.21	1230.67
754.40	1235.09
754.58	1233.74
754.77	1235.46
754.96	1231.24
755.15	1238.30
755.34	1238.75
755.53	1239.14
755.71	1233.39
755.90	1239.72
756.09	1234.11
756.28	1232.00
756.47	1227.10
756.66	1235.48
756.84	1232.80
757.03	1229.70
757.22	1230.85
757.41	1230.81
757.60	1226.14
757.79	1237.30
757.97	1222.78
758.16	1230.87
758.35	1229.17
758.54	1232.04
758.73	1226.63
758.91	1227.96
759.10	1225.16
759.29	1228.49
759.48	1227.92
759.67	1226.79
759.85	1225.57
760.04	1232.71
760.23	1223.09
760.42	1223.99
760.61	1216.33
760.79	1226.49
760.98	1224.46
761.17	1229.23
761.36	1224.05
761.55	1227.16
761.73	1217.48
761.92	1223.58
762.11	1222.58
762.30	1230.93
762.49	1228.43
762.67	1220.41
762.86	1228.04
763.05	1223.68
763.24	1214.02
763.42	1225.91
763.61	1219.16
763.80	1222.70
763.99	1221.70
764.17	1227.94
764.36	1223.01
764.55	1223.95
764.74	1219.54
764.92	1231.44
765.11	1222.00
765.30	1232.49
765.49	1227.37
765.68	1226.32
765.86	1220.04
766.05	1229.95
766.24	1222.21
766.43	1235.72
766.61	1230.95
766.80	1229.74
766.99	1233.82
767.17	1230.79
767.36	1225.52
767.55	1228.90
767.74	1222.97
767.92	1227.70
768.11	1228.97
768.30	1232.32
768.49	1225.65
768.67	1237.69
768.86	1218.03
769.05	1232.84
769.24	1222.43
769.42	1231.65
769.61	1224.62
769.80	1234.62
769.98	1221.94
770.17	1236.42
770.36	1233.06
770.55	1235.97
770.73	1222.60
770.92	1230.89
771.11	1229.72
771.29	1232.20
771.48	1229.81
771.67	1227.98
771.86	1226.59
772.04	1233.18
772.23	1224.17
772.42	1226.49
772.60	1226.04
772.79	1233.61
772.98	1221.82
773.16	1228.64
773.35	1221.20
773.54	1231.46
773.72	1222.08
773.91	1224.34
774.10	1223.54
774.29	1229.68
774.47	1218.56
774.66	1221.45
774.85	1223.17
775.03	1222.08
775.22	1220.94
775.41	1226.55
775.59	1215.53
775.78	1225.12
775.97	1218.40
776.15	1221.12
776.34	1214.98
776.53	1229.07
776.71	1217.39
776.90	1217.19
777.09	1213.01
777.27	1220.12
777.46	1217.17
777.65	1217.80
777.83	1211.84
778.02	1220.61
778.21	1219.01
778.39	1226.88
778.58	1209.82
778.76	1219.26
778.95	1208.47
779.14	1220.04
779.32	1207.77
779.51	1223.66
779.70	1208.98
779.88	1212.11
780.07	1214.28
780.26	1218.28
780.44	1212.64
780.63	1214.42
780.81	1210.72
781.00	1214.75
781.19	1209.00
781.37	1216.10
781.56	1213.16
781.75	1217.31
781.93	1212.97
782.12	1216.66
782.30	1210.14
782.49	1214.98
782.68	1215.43
782.86	1219.69
783.05	1210.45
783.23	1220.96
783.42	1213.93
783.61	1216.86
783.79	1210.62
783.98	1214.63
784.16	1199.93
784.35	1213.50
784.54	1219.11
784.72	1214.63
784.91	1212.15
785.09	1220.98
785.28	1204.45
785.47	1217.07
785.65	1210.66
785.84	1217.80
786.02	1220.41
786.21	1221.47
786.40	1218.89
786.58	1223.48
786.77	1203.55
786.95	1218.87
787.14	1212.19
787.32	1229.85
787.51	1215.84
787.70	1223.87
787.88	1211.25
788.07	1223.35
788.25	1210.33
788.44	1208.04
788.62	1213.44
788.81	1217.11
789.00	1208.87
789.18	1219.24
789.37	1212.60
789.55	1220.59
789.74	1207.61
789.92	1223.29
790.11	1212.11
790.29	1218.58
790.48	1210.88
790.67	1213.81
790.85	1210.62
791.04	1216.76
791.22	1213.81
791.41	1218.23
791.59	1203.63
791.78	1217.19
791.96	1208.81
792.15	1217.42
792.33	1214.24
792.52	1218.07
792.70	1203.26
792.89	1218.97
793.07	1216.82
793.26	1223.33
793.45	1214.88
793.63	1219.59
793.82	1208.47
794.00	1215.65
794.19	1211.68
794.37	1221.45
794.56	1217.39
794.74	1217.05
794.93	1215.67
795.11	1214.16
795.30	1213.89
795.48	1219.63
795.67	1209.94
795.85	1212.11
796.04	1208.59
796.22	1212.95
796.41	1216.29
796.59	1212.66
796.78	1210.31
796.96	1227.18
797.15	1215.53
797.33	1216.04
797.52	1204.23
797.70	1216.43
797.89	1208.55
798.07	1215.86
798.26	1213.97
798.44	1218.19
798.63	1223.54
798.81	1214.45
798.99	1211.84
799.18	1218.36
799.36	1206.77
799.55	1210.76
799.73	1213.44
799.92	1216.66
800.10	1208.24
800.29	1218.13
800.47	1207.83
800.66	1221.06
800.84	1209.00
801.03	1219.61
801.21	1210.70
801.39	1216.27
801.58	1217.74
801.76	1216.35
801.95	1202.73
802.13	1215.78
802.32	1209.61
802.50	1220.61
802.69	1208.06
802.87	1211.78
803.06	1209.84
803.24	1213.24
803.42	1210.33
803.61	1216.17
803.79	1207.24
803.98	1212.50
804.16	1211.72
804.35	1221.98
804.53	1208.14
804.71	1217.80
804.90	1217.99
805.08	1221.86
805.27	1206.07
805.45	1216.84
805.63	1211.15
805.82	1218.97
806.00	1207.40
806.19	1215.72
806.37	1209.20
806.56	1220.14
806.74	1211.46
806.92	1212.40
807.11	1212.79
807.29	1212.91
807.48	1211.97
807.66	1213.03
807.84	1208.38
808.03	1217.91
808.21	1217.91
808.40	1218.42
808.58	1209.10
808.76	1216.98
808.95	1209.92
809.13	1219.40
809.32	1205.64
809.50	1228.31
809.68	1212.95
809.87	1219.93
810.05	1217.33
810.23	1220.22
810.42	1216.86
810.60	1210.92
810.79	1206.99
810.97	1223.25
811.15	1214.30
811.34	1218.48
811.52	1213.05
811.70	1216.31
811.89	1210.06
812.07	1219.52
812.25	1212.38
812.44	1216.78
812.62	1212.60
812.81	1218.71
812.99	1211.41
813.17	1212.62
813.36	1217.27
813.54	1213.73
813.72	1209.71
813.91	1220.65
814.09	1209.61
814.27	1215.37
814.46	1218.28
814.64	1219.63
814.82	1218.95
815.01	1222.68
815.19	1213.40
815.37	1212.87
815.56	1213.40
815.74	1217.19
815.92	1211.80
816.11	1217.50
816.29	1213.69
816.47	1212.60
816.66	1215.22
816.84	1218.01
817.02	1214.51
817.21	1214.10
817.39	1211.99
817.57	1216.21
817.76	1206.68
817.94	1217.52
818.12	1206.40
818.30	1217.05
818.49	1208.20
818.67	1217.70
818.85	1207.18
819.04	1217.37
819.22	1209.71
819.40	1214.38
819.59	1208.79
819.77	1220.04
819.95	1207.95
820.13	1221.24
820.32	1210.19
820.50	1216.68
820.68	1213.36
820.87	1215.98
821.05	1210.92
821.23	1219.67
821.41	1199.95
821.60	1212.54
821.78	1217.23
821.96	1212.38
822.14	1209.37
822.33	1221.14
822.51	1212.54
822.69	1212.97
822.88	1212.81
823.06	1213.79
823.24	1212.46
823.42	1213.24
823.61	1212.38
823.79	1215.69
823.97	1205.60
824.15	1221.16
824.34	1208.92
824.52	1219.05
824.70	1205.86
824.88	1211.82
825.07	1207.32
825.25	1227.47
825.43	1212.05
825.61	1214.61
825.80	1210.92
825.98	1219.26
826.16	1212.99
826.34	1216.45
826.53	1205.33
826.71	1213.65
826.89	1215.31
827.07	1217.44
827.25	1200.07
827.44	1222.23
827.62	1216.33
827.80	1214.49
827.98	1211.15
828.17	1212.73
828.35	1211.50
828.53	1221.53
828.71	1211.21
828.89	1215.72
829.08	1213.28
829.26	1215.57
829.44	1209.98
829.62	1212.19
829.80	1211.82
829.99	1214.92
830.17	1207.85
830.35	1215.20
830.53	1218.75
830.71	1214.51
830.90	1207.50
831.08	1212.85
831.26	1212.36
831.44	1213.56
831.62	1211.72
831.81	1210.74
831.99	1209.35
832.17	1216.25
832.35	1209.33
832.53	1211.93
832.71	1214.49
832.90	1216.70
833.08	1208.63
833.26	1212.05
833.44	1216.55
833.62	1215.88
833.81	1207.40
833.99	1213.99
834.17	1209.12
834.35	1216.96
834.53	1211.46
834.71	1210.23
834.89	1207.81
835.08	1219.61
835.26	1209.53
835.44	1219.52
835.62	1213.34
835.80	1212.32
835.98	1208.53
836.17	1222.15
836.35	1207.34
836.53	1214.51
836.71	1211.50
836.89	1215.12
837.07	1209.57
837.25	1217.50
837.44	1207.26
837.62	1217.05
837.80	1207.24
837.98	1220.04
838.16	1214.16
838.34	1216.62
838.52	1209.37
838.70	1211.35
838.89	1211.25
839.07	1216.21
839.25	1201.71
839.43	1221.24
839.61	1215.04
839.79	1214.28
839.97	1220.24
840.15	1216.78
840.33	1214.02
840.52	1211.74
840.70	1207.54
840.88	1217.05
841.06	1205.41
841.24	1221.24
841.42	1209.43
841.60	1222.04
841.78	1213.50
841.96	1211.74
842.14	1214.02
842.33	1215.35
842.51	1204.04
842.69	1213.52
842.87	1208.69
843.05	1216.58
843.23	1209.04
843.41	1218.75
843.59	1213.09
843.77	1217.62
843.95	1212.75
844.13	1214.65
844.31	1213.22
844.49	1215.02
844.68	1218.97
844.86	1218.64
845.04	1211.43
845.22	1211.64
845.40	1207.87
845.58	1216.49
845.76	1210.94
845.94	1212.32
846.12	1198.90
846.30	1218.71
846.48	1209.43
846.66	1218.91
846.84	1212.17
847.02	1218.40
847.20	1210.70
847.38	1218.48
847.56	1209.43
847.74	1221.67
847.92	1211.13
848.11	1205.45
848.29	1216.41
848.47	1212.11
848.65	1211.43
848.83	1218.28
849.01	1206.54
849.19	1220.24
849.37	1207.87
849.55	1216.49
849.73	1207.26
849.91	1219.95
850.09	1206.48
850.27	1216.92
850.45	1212.54
850.63	1217.09
850.81	1211.80
850.99	1214.49
851.17	1212.05
851.35	1217.35
851.53	1212.91
851.71	1220.02
851.89	1219.71
852.07	1218.68
852.25	1207.69
852.43	1223.15
852.61	1204.31
852.79	1211.91
852.97	1204.96
853.15	1212.56
853.33	1209.14
853.51	1216.15
853.69	1212.60
853.87	1212.56
854.05	1206.11
854.23	1213.73
854.41	1211.15
854.59	1222.41
854.77	1212.40
854.95	1216.39
855.13	1209.39
855.31	1217.50
855.49	1198.78
855.67	1224.69
855.84	1205.62
856.02	1218.87
856.20	1208.30
856.38	1214.40
856.56	1209.35
856.74	1208.83
856.92	1217.05
857.10	1215.96
857.28	1218.11
857.46	1217.05
857.64	1206.17
857.82	1215.20
858.00	1210.57
858.18	1224.62
858.36	1215.65
858.54	1218.95
858.72	1209.31
858.90	1213.18
859.08	1205.56
859.25	1207.18
859.43	1209.14
859.61	1213.91
859.79	1204.98
859.97	1224.89
860.15	1208.44
860.33	1217.11
860.51	1217.46
860.69	1213.28
860.87	1211.56
861.05	1214.81
861.23	1206.56
861.41	1216.58
861.58	1212.93
861.76	1214.10
861.94	1212.81
862.12	1215.14
862.30	1220.51
862.48	1212.38
862.66	1206.40
862.84	1212.34
863.02	1209.41
863.20	1223.44
863.37	1210.14
863.55	1218.62
863.73	1205.93
863.91	1217.74
864.09	1214.86
864.27	1215.00
864.45	1209.84
864.63	1214.38
864.80	1206.95
864.98	1219.71
865.16	1214.49
865.34	1214.67
865.52	1209.74
865.70	1208.51
865.88	1205.56
866.06	1223.44
866.23	1213.22
866.41	1219.46
866.59	1214.65
866.77	1219.01
866.95	1213.56
867.13	1218.23
867.31	1210.39
867.48	1212.75
867.66	1212.81
867.84	1214.40
868.02	1205.50
868.20	1217.60
868.38	1206.93
868.56	1215.08
868.73	1210.92
868.91	1219.34
869.09	1213.34
869.27	1219.01
869.45	1208.98
869.63	1217.66
869.80	1215.24
869.98	1212.17
870.16	1211.27
870.34	1219.75
870.52	1212.95
870.70	1214.57
870.87	1212.87
871.05	1220.34
871.23	1213.03
871.41	1218.13
871.59	1207.30
871.76	1214.06
871.94	1210.76
872.12	1212.75
872.30	1207.99
872.48	1222.94
872.65	1211.89
872.83	1211.43
873.01	1208.83
873.19	1219.73
873.37	1208.04
873.54	1221.92
873.72	1210.04
873.90	1215.51
874.08	1205.29
874.26	1212.46
874.43	1211.70
874.61	1213.32
874.79	1213.24
874.97	1217.54
875.15	1219.91
875.32	1216.37
875.50	1208.90
875.68	1211.35
875.86	1212.17
876.03	1213.54
876.21	1210.17
876.39	1220.71
876.57	1202.75
876.74	1220.22
876.92	1211.76
877.10	1211.58
877.28	1207.03
877.45	1216.21
877.63	1209.49
877.81	1219.65
877.99	1211.58
878.17	1217.97
878.34	1211.19
878.52	1218.42
878.70	1212.79
878.87	1216.27
879.05	1207.05
879.23	1217.03
879.41	1212.52
879.58	1210.29
879.76	1216.45
879.94	1211.62
880.12	1203.37
880.29	1217.87
880.47	1202.20
880.65	1218.23
880.83	1207.42
881.00	1215.98
881.18	1208.24
881.36	1224.07
881.53	1218.97
881.71	1211.27
881.89	1212.73
882.07	1216.10
882.24	1209.02
882.42	1222.92
882.60	1218.40
882.77	1219.26
882.95	1208.28
883.13	1209.37
883.30	1209.94
883.48	1215.14
883.66	1215.51
883.84	1213.67
884.01	1215.61
884.19	1215.16
884.37	1209.55
884.54	1217.76
884.72	1206.93
884.90	1212.56
885.07	1207.15
885.25	1209.41
885.43	1215.78
885.60	1217.78
885.78	1208.61
885.96	1218.75
886.13	1206.54
886.31	1221.98
886.49	1211.50
886.66	1220.53
886.84	1217.11
887.02	1218.97
887.19	1207.11
887.37	1218.34
887.55	1206.93
887.72	1220.41
887.90	1204.06
888.08	1219.22
888.25	1211.17
888.43	1212.25
888.61	1208.18
888.78	1217.87
888.96	1208.14
889.14	1218.85
889.31	1210.25
889.49	1215.55
889.67	1208.90
889.84	1211.31
890.02	1205.29
890.19	1212.66
890.37	1205.86
890.55	1219.20
890.72	1212.60
890.90	1211.76
891.08	1204.84
891.25	1220.14
891.43	1211.05
891.60	1219.91
891.78	1207.61
891.96	1214.38
892.13	1210.14
892.31	1210.10
892.48	1211.29
892.66	1216.41
892.84	1210.35
893.01	1219.44
893.19	1203.57
893.36	1213.48
893.54	1220.59
893.72	1215.45
893.89	1206.38
894.07	1219.67
894.24	1210.21
894.42	1229.44
894.60	1214.14
894.77	1216.90
894.95	1204.45
895.12	1217.66
895.30	1215.16
895.48	1211.82
895.65	1206.46
895.83	1215.90
896.00	1212.32
896.18	1208.81
896.35	1208.53
896.53	1219.73
896.71	1212.42
896.88	1223.74
897.06	1218.46
897.23	1208.16
897.41	1205.72
897.58	1216.19
897.76	1207.15
897.93	1217.64
898.11	1205.82
898.29	1217.21
898.46	1212.54
898.64	1224.60
898.81	1213.03
898.99	1222.99
899.16	1214.06
899.34	1214.04
899.51	1214.42
899.69	1212.64
899.86	1200.85
900.04	1205.05
900.21	1221.63
900.39	1227.70
900.57	1216.78
900.74	1222.23
900.92	1212.79
901.09	1211.95
901.27	1212.93
901.44	1222.70
901.62	1216.39
901.79	1206.75
901.97	1200.21
902.14	1214.14
902.32	1205.43
902.49	1217.91
902.67	1210.74
902.84	1221.08
903.02	1211.99
903.19	1210.94
903.37	1206.93
903.54	1209.22
903.72	1208.81
903.89	1212.17
904.07	1208.71
904.24	1219.40
904.42	1211.19
904.59	1216.15
904.77	1212.34
904.94	1209.82
905.12	1214.24
905.29	1214.24
905.47	1212.21
905.64	1211.27
905.82	1212.40
905.99	1214.67
906.16	1207.93
906.34	1217.82
906.51	1207.22
906.69	1218.73
906.86	1198.51
907.04	1215.14
907.21	1213.42
907.39	1212.62
907.56	1215.74
907.74	1211.80
907.91	1210.82
908.09	1214.88
908.26	1206.36
908.43	1214.75
908.61	1211.35
908.78	1212.83
908.96	1218.79
909.13	1215.84
909.31	1208.53
909.48	1214.81
909.65	1205.70
909.83	1218.19
910.00	1214.49
910.18	1216.51
910.35	1210.92
910.53	1214.77
910.70	1215.41
910.87	1219.03
911.05	1210.06
911.22	1214.94
911.40	1207.30
911.57	1218.38
911.75	1213.42
911.92	1217.17
912.09	1211.76
912.27	1216.31
912.44	1208.83
912.62	1216.21
912.79	1208.59
912.96	1217.89
913.14	1208.44
913.31	1219.14
913.49	1212.11
913.66	1219.18
913.83	1213.52
914.01	1219.73
914.18	1213.81
914.36	1215.45
914.53	1213.13
914.70	1223.68
914.88	1211.31
915.05	1216.74
915.22	1211.60
915.40	1213.99
915.57	1215.14
915.75	1216.80
915.92	1208.90
916.09	1215.37
916.27	1215.39
916.44	1218.03
916.61	1210.19
916.79	1217.25
916.96	1213.13
917.13	1212.87
917.31	1202.53
917.48	1219.65
917.66	1206.87
917.83	1220.84
918.00	1203.10
918.18	1217.01
918.35	1217.13
918.52	1216.94
918.70	1207.81
918.87	1222.43
919.04	1213.38
919.22	1215.45
919.39	1203.65
919.56	1215.20
919.74	1212.03
919.91	1223.68
920.08	1208.67
920.26	1214.49
920.43	1211.03
920.60	1213.73
920.78	1212.77
920.95	1214.22
921.12	1217.50
921.29	1212.19
921.47	1215.04
921.64	1213.73
921.81	1206.97
921.99	1216.41
922.16	1211.15
922.33	1216.15
922.51	1208.75
922.68	1218.19
922.85	1210.84
923.03	1213.44
923.20	1207.44
923.37	1212.91
923.54	1219.09
923.72	1212.40
923.89	1207.44
924.06	1212.70
924.24	1211.56
924.41	1217.29
924.58	1201.65
924.75	1217.74
924.93	1213.32
925.10	1211.21
925.27	1211.29
925.44	1221.94
925.62	1212.87
925.79	1208.06
925.96	1208.57
926.14	1220.16
926.31	1212.23
926.48	1213.40
926.65	1211.66
926.83	1219.07
927.00	1207.15
927.17	1216.76
927.34	1210.19
927.52	1210.06
927.69	1210.86
927.86	1217.25
928.03	1207.69
928.21	1212.99
928.38	1213.05
928.55	1215.78
928.72	1207.22
928.89	1214.32
929.07	1210.33
929.24	1215.69
929.41	1216.94
929.58	1207.54
929.76	1206.03
929.93	1212.23
930.10	1205.97
930.27	1217.95
930.44	1208.79
930.62	1214.02
930.79	1209.84
930.96	1214.79
931.13	1210.57
931.31	1211.23
931.48	1215.90
931.65	1218.64
931.82	1205.21
931.99	1215.92
932.17	1212.50
932.34	1216.23
932.51	1213.30
932.68	1213.93
932.85	1213.20
933.03	1213.46
933.20	1212.81
933.37	1216.10
933.54	1209.61
933.71	1212.03
933.88	1216.80
934.06	1219.07
934.23	1210.96
934.40	1212.48
934.57	1216.31
934.74	1220.06
934.91	1203.69
935.09	1216.90
935.26	1211.03
935.43	1216.37
935.60	1212.38
935.77	1216.86
935.94	1213.46
936.12	1219.28
936.29	1211.21
936.46	1210.62
936.63	1218.11
936.80	1221.63
936.97	1211.87
937.14	1220.92
937.32	1206.32
937.49	1221.70
937.66	1209.59
937.83	1213.42
938.00	1205.45
938.17	1219.24
938.34	1214.86
938.52	1216.29
938.69	1208.57
938.86	1218.46
939.03	1213.22
939.20	1217.66
939.37	1209.57
939.54	1216.62
939.71	1206.85
939.89	1211.39
940.06	1211.15
940.23	1210.94
940.40	1206.75
940.57	1216.41
940.74	1207.91
940.91	1214.81
941.08	1211.46
941.25	1207.01
941.43	1209.82
941.60	1211.68
941.77	1214.98
941.94	1221.82
942.11	1213.03
942.28	1221.67
942.45	1205.15
942.62	1220.55
942.79	1204.92
942.96	1215.59
943.13	1211.97
943.30	1217.07
943.48	1214.79
943.65	1220.86
943.82	1211.19
943.99	1215.61
944.16	1211.58
944.33	1222.64
944.50	1210.19
944.67	1212.34
944.84	1212.23
945.01	1211.78
945.18	1207.36
945.35	1208.79
945.52	1210.06
945.69	1209.69
945.86	1215.24
946.03	1223.27
946.21	1210.76
946.38	1216.62
946.55	1211.21
946.72	1215.47
946.89	1211.48
947.06	1218.38
947.23	1206.91
947.40	1214.73
947.57	1206.50
947.74	1220.14
947.91	1213.32
948.08	1209.49
948.25	1207.93
948.42	1209.49
948.59	1208.75
948.76	1214.53
948.93	1212.38
949.10	1214.45
949.27	1212.97
949.44	1219.77
949.61	1202.16
949.78	1212.93
949.95	1210.37
950.12	1219.79
950.29	1200.01
950.46	1213.91
950.63	1208.10
950.80	1217.66
950.97	1203.88
951.14	1210.86
951.31	1208.14
951.48	1217.72
951.65	1208.06
951.82	1214.65
951.99	1205.11
952.16	1217.01
952.33	1206.21
952.50	1217.27
952.67	1209.28
952.84	1209.61
953.01	1205.27
953.18	1215.72
953.35	1212.09
953.52	1216.25
953.69	1211.39
953.86	1212.89
954.03	1213.11
954.20	1211.33
954.37	1211.11
954.54	1211.78
954.70	1214.73
954.87	1208.98
955.04	1212.32
955.21	1213.26
955.38	1211.52
955.55	1216.62
955.72	1208.57
955.89	1220.57
956.06	1206.21
956.23	1217.68
956.40	1205.95
956.57	1213.48
956.74	1207.34
956.91	1218.19
957.08	1199.58
957.25	1219.26
957.41	1207.38
957.58	1219.22
957.75	1209.80
957.92	1216.70
958.09	1210.72
958.26	1214.24
958.43	1211.66
958.60	1218.09
958.77	1211.91
958.94	1214.86
959.11	1210.64
959.27	1221.82
959.44	1214.42
959.61	1219.09
959.78	1209.59
959.95	1220.38
960.12	1209.31
960.29	1225.22
960.46	1206.68
960.63	1213.89
960.80	1209.16
960.96	1216.55
961.13	1216.58
961.30	1217.50
961.47	1212.58
961.64	1217.33
961.81	1206.93
961.98	1216.37
962.15	1206.15
962.31	1219.57
962.48	1210.43
962.65	1212.38
962.82	1211.68
962.99	1214.51
963.16	1206.32
963.33	1216.72
963.49	1208.55
963.66	1217.01
963.83	1213.93
964.00	1218.54
964.17	1201.65
964.34	1221.10
964.51	1211.37
964.67	1219.83
964.84	1212.23
965.01	1233.88
965.18	1203.61
965.35	1222.84
965.52	1210.49
965.68	1219.50
965.85	1211.19
966.02	1211.62
966.19	1206.50
966.36	1216.51
966.52	1204.84
966.69	1219.26
966.86	1205.62
967.03	1213.18
967.20	1209.02
967.37	1214.88
967.53	1212.13
967.70	1221.82
967.87	1209.26
968.04	1220.94
968.21	1206.87
968.37	1214.90
968.54	1213.40
968.71	1216.35
968.88	1213.83
969.05	1212.21
969.21	1208.28
969.38	1213.63
969.55	1205.07
969.72	1216.84
969.89	1215.18
970.05	1214.36
970.22	1210.90
970.39	1211.31
970.56	1208.44
970.72	1217.56
970.89	1216.64
971.06	1212.81
971.23	1209.35
971.39	1211.60
971.56	1209.14
971.73	1216.55
971.90	1201.71
972.07	1219.30
972.23	1211.41
972.40	1216.88
972.57	1203.86
972.74	1223.52
972.90	1207.95
973.07	1213.46
973.24	1213.87
973.40	1219.24
973.57	1210.39
973.74	1212.79
973.91	1209.84
974.07	1220.06
974.24	1209.67
974.41	1217.58
974.58	1208.38
974.74	1213.81
974.91	1213.20
975.08	1214.92
975.25	1218.17
975.41	1216.98
975.58	1206.77
975.75	1219.59
975.91	1207.69
976.08	1216.15
976.25	1204.53
976.42	1212.21
976.58	1206.68
976.75	1222.23
976.92	1207.05
977.08	1220.20
977.25	1212.68
977.42	1217.07
977.58	1203.18
977.75	1209.47
977.92	1217.95
978.08	1208.42
978.25	1211.48
978.42	1218.60
978.59	1209.08
978.75	1216.00
978.92	1206.83
979.09	1223.19
979.25	1210.14
979.42	1223.25
979.59	1209.45
979.75	1216.45
979.92	1215.61
980.09	1215.80
980.25	1211.91
980.42	1210.27
980.59	1207.65
980.75	1206.62
980.92	1213.63
981.09	1215.63
981.25	1208.98
981.42	1214.61
981.59	1207.71
981.75	1217.29
981.92	1216.92
982.08	1212.09
982.25	1209.39
982.42	1219.69
982.58	1212.73
982.75	1212.23
982.92	1211.64
983.08	1215.14
983.25	1208.42
983.42	1212.50
983.58	1207.69
983.75	1217.68
983.91	1211.70
984.08	1214.45
984.25	1209.45
984.41	1219.57
984.58	1208.87
984.74	1213.83
984.91	1208.04
985.08	1206.13
985.24	1203.49
985.41	1214.77
985.57	1212.64
985.74	1216.10
985.91	1214.45
986.07	1216.70
986.24	1207.36
986.40	1216.98
986.57	1206.09
986.74	1215.98
986.90	1207.32
987.07	1213.91
987.23	1209.96
987.40	1217.13
987.57	1216.94
987.73	1211.97
987.90	1210.35
988.06	1215.20
988.23	1215.04
988.39	1215.49
988.56	1202.01
988.73	1214.51
988.89	1213.71
989.06	1213.71
989.22	1211.84
989.39	1217.74
989.55	1209.74
989.72	1219.69
989.88	1206.32
990.05	1222.90
990.22	1207.11
990.38	1220.26
990.55	1199.47
990.71	1215.55
990.88	1212.99
991.04	1211.05
991.21	1212.09
991.37	1217.42
991.54	1214.55
991.70	1216.70
991.87	1210.82
992.03	1220.57
992.20	1214.40
992.36	1214.10
992.53	1211.54
992.69	1215.84
992.86	1208.47
993.03	1216.02
993.19	1204.57
993.36	1225.85
993.52	1207.81
993.69	1216.19
993.85	1210.96
994.02	1217.50
994.18	1214.40
994.35	1218.17
994.51	1215.35
994.68	1216.74
994.84	1213.67
995.01	1213.63
995.17	1212.44
995.34	1223.95
995.50	1208.55
995.66	1221.86
995.83	1208.85
995.99	1210.70
996.16	1207.77
996.32	1211.54
996.49	1208.55
996.65	1213.67
996.82	1213.83
996.98	1217.89
997.15	1206.44
997.31	1218.66
997.48	1206.44
997.64	1219.07
997.81	1205.82
997.97	1223.46
998.13	1211.09
998.30	1219.75
998.46	1205.93
998.63	1215.35
998.79	1206.19
998.96	1214.53
999.12	1208.98
999.29	1210.86
999.45	1211.97
999.61	1214.86
999.78	1209.26
999.94	1221.84
1000.11	1216.39
1000.27	1218.42
1000.44	1212.42
1000.60	1218.93
1000.76	1217.39
1000.93	1217.13
1001.09	1209.80
1001.26	1217.48
1001.42	1212.97
1001.59	1218.85
1001.75	1211.99
1001.91	1215.33
1002.08	1205.93
1002.24	1218.21
1002.41	1207.75
1002.57	1216.70
1002.73	1212.56
1002.90	1211.31
1003.06	1219.77
1003.23	1215.94
1003.39	1215.33
1003.55	1210.80
1003.72	1211.97
1003.88	1213.83
1004.04	1206.38
1004.21	1216.45
1004.37	1212.42
1004.54	1215.80
1004.70	1211.60
1004.86	1218.79
1005.03	1210.29
1005.19	1217.42
1005.35	1214.65
1005.52	1215.86
1005.68	1210.14
1005.85	1214.69
1006.01	1206.91
1006.17	1218.46
1006.34	1207.87
1006.50	1216.82
1006.66	1215.43
1006.83	1218.77
1006.99	1211.17
1007.15	1211.13
1007.32	1208.44
1007.48	1209.80
1007.64	1207.81
1007.81	1212.56
1007.97	1209.39
1008.13	1218.85
1008.30	1218.07
1008.46	1217.66
1008.62	1207.42
1008.79	1213.95
1008.95	1207.89
1009.11	1218.40
1009.28	1212.07
1009.44	1215.49
1009.60	1206.40
1009.77	1218.40
1009.93	1208.16
1010.09	1219.87
1010.25	1206.54
1010.42	1217.48
1010.58	1214.02
1010.74	1215.65
1010.91	1207.97
1011.07	1213.67
1011.23	1210.04
1011.40	1219.32
1011.56	1208.94
1011.72	1217.50
1011.88	1215.69
1012.05	1222.62
1012.21	1205.23
1012.37	1220.26
1012.54	1209.78
1012.70	1220.94
1012.86	1210.64
1013.02	1215.49
1013.19	1212.89
1013.35	1210.57
1013.51	1210.53
1013.67	1215.78
1013.84	1212.50
1014.00	1213.95
1014.16	1213.46
1014.33	1214.10
1014.49	1213.38
1014.65	1225.67
1014.81	1211.25
1014.98	1216.17
1015.14	1213.63
1015.30	1213.71
1015.46	1205.97
1015.62	1220.28
1015.79	1209.47
1015.95	1221.49
1016.11	1213.65
1016.27	1222.60
1016.44	1209.04
1016.60	1217.21
1016.76	1215.43
1016.92	1219.85
1017.09	1215.02
1017.25	1217.23
1017.41	1209.00
1017.57	1218.32
1017.73	1205.31
1017.90	1218.36
1018.06	1207.89
1018.22	1212.34
1018.38	1213.28
1018.54	1222.62
1018.71	1204.35
1018.87	1214.77
1019.03	1212.19
1019.19	1215.43
1019.35	1210.02
1019.52	1218.93
1019.68	1210.23
1019.84	1216.94
1020.00	1207.73
1020.16	1220.96
1020.33	1217.05
1020.49	1215.76
1020.65	1207.15
1020.81	1219.61
1020.97	1205.95
1021.13	1220.24
1021.30	1216.76
1021.46	1214.88
1021.62	1207.50
1021.78	1214.34
1021.94	1205.99
1022.10	1208.49
1022.27	1210.39
1022.43	1215.24
1022.59	1209.78
1022.75	1217.54
1022.91	1209.16
1023.07	1219.18
1023.24	1211.15
1023.40	1217.54
1023.56	1205.07
1023.72	1206.99
1023.88	1217.87
1024.04	1209.49
1024.20	1213.22
1024.36	1220.36
1024.53	1209.98
1024.69	1215.16
1024.85	1217.09
1025.01	1215.63
1025.17	1212.03
1025.33	1213.87
1025.49	1213.09
1025.65	1212.32
1025.82	1208.36
1025.98	1211.95
1026.14	1208.10
1026.30	1218.01
1026.46	1213.61
1026.62	1219.11
1026.78	1214.96
1026.94	1221.12
1027.10	1205.95
1027.26	1220.16
1027.43	1214.18
1027.59	1214.22
1027.75	1212.09
1027.91	1214.69
1028.07	1216.37
1028.23	1224.07
1028.39	1206.38
1028.55	1209.18
1028.71	1212.54
1028.87	1212.23
1029.03	1207.81
1029.19	1219.81
1029.36	1210.55
1029.52	1218.77
1029.68	1206.54
1029.84	1217.74
1030.00	1210.74
1030.16	1211.58
1030.32	1216.21
1030.48	1216.37
1030.64	1206.66
1030.80	1215.49
1030.96	1205.09
1031.12	1215.37
1031.28	1213.48
1031.44	1221.88
1031.60	1206.03
1031.76	1212.95
1031.92	1210.84
1032.08	1233.20
1032.24	1216.04
1032.40	1217.95
1032.56	1210.00
1032.73	1221.10
1032.89	1208.94
1033.05	1209.65
1033.21	1215.80
1033.37	1210.37
1033.53	1209.55
1033.69	1216.64
1033.85	1213.24
1034.01	1219.57
1034.17	1216.19
1034.33	1210.55
1034.49	1216.82
1034.65	1228.43
1034.81	1207.40
1034.97	1216.80
1035.13	1211.46
1035.29	1219.24
1035.45	1208.10
1035.61	1226.10
1035.77	1207.15
1035.93	1212.85
1036.09	1208.73
1036.25	1214.63
1036.41	1206.54
1036.57	1218.58
1036.73	1208.65
1036.88	1220.43
1037.04	1203.63
