345.52	1202.96
345.73	1202.96
345.94	1202.96
346.16	1202.30
346.37	1211.80
346.58	1197.32
346.79	1216.62
347.00	1208.81
347.22	1209.16
347.43	1196.69
347.64	1206.03
347.85	1203.02
348.06	1210.00
348.28	1206.01
348.49	1209.02
348.70	1206.95
348.91	1217.70
349.12	1205.88
349.34	1212.07
349.55	1205.50
349.76	1204.02
349.97	1206.46
350.18	1216.68
350.40	1205.23
350.61	1211.54
350.82	1199.02
351.03	1214.79
351.24	1200.85
351.46	1206.34
351.67	1212.62
351.88	1213.22
352.09	1206.62
352.30	1212.87
352.51	1209.55
352.73	1214.16
352.94	1213.99
353.15	1211.46
353.36	1207.46
353.57	1208.12
353.79	1212.25
354.00	1211.25
354.21	1210.96
354.42	1214.24
354.63	1210.00
354.84	1211.19
355.06	1210.02
355.27	1209.74
355.48	1209.43
355.69	1217.85
355.90	1203.76
356.11	1217.31
356.33	1207.56
356.54	1215.37
356.75	1206.99
356.96	1212.27
357.17	1208.77
357.38	1209.98
357.60	1205.33
357.81	1214.57
358.02	1208.28
358.23	1217.56
358.44	1204.98
358.65	1212.95
358.87	1210.55
359.08	1210.94
359.29	1207.34
359.50	1209.35
359.71	1207.67
359.92	1214.08
360.13	1202.61
360.35	1209.57
360.56	1203.82
360.77	1214.45
360.98	1209.55
361.19	1220.24
361.40	1215.16
361.62	1216.41
361.83	1208.01
362.04	1209.35
362.25	1204.70
362.46	1212.03
362.67	1212.73
362.88	1208.81
363.10	1208.69
363.31	1210.53
363.52	1205.27
363.73	1216.70
363.94	1217.35
364.15	1217.72
364.36	1209.20
364.57	1209.47
364.79	1218.75
365.00	1215.90
365.21	1207.56
365.42	1217.29
365.63	1214.28
365.84	1209.10
366.05	1203.69
366.27	1219.67
366.48	1201.48
366.69	1217.82
366.90	1212.81
367.11	1212.52
367.32	1211.33
367.53	1212.56
367.74	1213.50
367.95	1213.65
368.17	1208.96
368.38	1217.11
368.59	1207.87
368.80	1215.39
369.01	1208.18
369.22	1209.28
369.43	1208.79
369.64	1210.51
369.86	1205.39
370.07	1217.99
370.28	1202.89
370.49	1215.65
370.70	1207.07
370.91	1212.91
371.12	1205.93
371.33	1209.39
371.54	1205.37
371.76	1215.35
371.97	1212.44
372.18	1212.91
372.39	1207.48
372.60	1215.45
372.81	1208.73
373.02	1217.78
373.23	1214.34
373.44	1216.10
373.65	1208.55
373.87	1213.83
374.08	1206.72
374.29	1212.58
374.50	1202.83
374.71	1217.74
374.92	1215.41
375.13	1215.31
375.34	1206.95
375.55	1217.42
375.76	1205.68
375.97	1211.99
376.19	1202.67
376.40	1211.62
376.61	1209.78
376.82	1213.56
377.03	1205.54
377.24	1214.22
377.45	1213.44
377.66	1207.63
377.87	1212.25
378.08	1223.97
378.29	1213.59
378.50	1212.62
378.71	1212.62
378.93	1217.33
379.14	1208.22
379.35	1212.44
379.56	1214.65
379.77	1223.66
379.98	1209.53
380.19	1219.22
380.40	1211.15
380.61	1215.26
380.82	1210.10
381.03	1216.64
381.24	1205.41
381.45	1207.79
381.66	1204.08
381.88	1215.88
382.09	1208.36
382.30	1212.07
382.51	1209.45
382.72	1214.94
382.93	1211.64
383.14	1211.97
383.35	1207.54
383.56	1218.48
383.77	1210.27
383.98	1217.07
384.19	1209.80
384.40	1209.69
384.61	1202.01
384.82	1213.75
385.03	1216.90
385.24	1221.41
385.45	1209.90
385.67	1212.97
385.88	1205.70
386.09	1216.88
386.30	1209.57
386.51	1211.41
386.72	1205.31
386.93	1216.15
387.14	1209.53
387.35	1214.67
387.56	1213.11
387.77	1218.40
387.98	1206.36
388.19	1219.97
388.40	1211.87
388.61	1212.58
388.82	1211.15
389.03	1215.29
389.24	1210.06
389.45	1213.99
389.66	1212.13
389.87	1206.66
390.08	1209.43
390.29	1217.89
390.50	1209.18
390.71	1207.71
390.92	1208.55
391.13	1213.22
391.34	1215.29
391.55	1217.97
391.76	1208.81
391.98	1216.06
392.19	1210.80
392.40	1214.18
392.61	1206.62
392.82	1220.79
393.03	1205.70
393.24	1211.15
393.45	1200.42
393.66	1216.66
393.87	1211.70
394.08	1217.01
394.29	1211.84
394.50	1208.59
394.71	1205.11
394.92	1220.84
395.13	1206.48
395.34	1216.70
395.55	1211.91
395.76	1217.35
395.97	1216.06
396.18	1215.24
396.39	1207.67
396.60	1217.42
396.81	1211.07
397.02	1218.42
397.23	1212.60
397.44	1217.27
397.65	1215.59
397.86	1217.62
398.07	1205.84
398.28	1217.62
398.49	1208.57
398.70	1222.33
398.91	1217.11
399.12	1213.65
399.33	1211.29
399.54	1216.17
399.75	1216.37
399.96	1215.18
400.17	1206.97
400.38	1216.15
400.59	1216.80
400.80	1215.47
401.01	1211.62
401.22	1212.44
401.42	1211.91
401.63	1211.23
401.84	1211.05
402.05	1213.91
402.26	1209.61
402.47	1210.82
402.68	1211.50
402.89	1211.82
403.10	1203.53
403.31	1218.23
403.52	1212.62
403.73	1214.94
403.94	1206.27
404.15	1220.47
404.36	1214.28
404.57	1213.20
404.78	1214.18
404.99	1215.65
405.20	1208.51
405.41	1215.06
405.62	1209.12
405.83	1216.84
406.04	1211.39
406.25	1217.21
406.46	1210.39
406.67	1207.36
406.88	1214.12
407.09	1215.92
407.30	1214.34
407.50	1213.18
407.71	1206.95
407.92	1215.90
408.13	1209.82
408.34	1214.30
408.55	1212.85
408.76	1212.52
408.97	1214.75
409.18	1218.30
409.39	1214.42
409.60	1210.02
409.81	1209.00
410.02	1217.23
410.23	1207.07
410.44	1211.74
410.65	1204.41
410.86	1220.94
411.07	1209.49
411.27	1219.28
411.48	1213.44
411.69	1217.85
411.90	1211.21
412.11	1218.75
412.32	1213.32
412.53	1214.42
412.74	1208.69
412.95	1218.32
413.16	1210.49
413.37	1217.54
413.58	1210.88
413.79	1215.96
414.00	1207.58
414.20	1219.50
414.41	1212.54
414.62	1218.77
414.83	1214.14
415.04	1214.08
415.25	1215.02
415.46	1215.06
415.67	1213.77
415.88	1214.73
416.09	1207.91
416.30	1211.97
416.51	1215.72
416.71	1213.07
416.92	1213.22
417.13	1220.43
417.34	1212.11
417.55	1213.75
417.76	1208.61
417.97	1221.78
418.18	1208.65
418.39	1215.20
418.60	1208.73
418.81	1211.00
419.01	1198.96
419.22	1224.64
419.43	1203.22
419.64	1223.52
419.85	1211.17
420.06	1211.11
420.27	1211.84
420.48	1219.40
420.69	1212.03
420.90	1207.32
421.10	1209.10
421.31	1216.10
421.52	1208.81
421.73	1217.37
421.94	1213.26
422.15	1213.69
422.36	1214.04
422.57	1222.97
422.78	1208.04
422.98	1214.86
423.19	1211.17
423.40	1217.27
423.61	1215.63
423.82	1218.21
424.03	1213.81
424.24	1221.82
424.45	1209.08
424.65	1217.80
424.86	1214.02
425.07	1213.61
425.28	1205.41
425.49	1214.67
425.70	1215.14
425.91	1219.89
426.12	1218.71
426.32	1222.17
426.53	1212.60
426.74	1215.18
426.95	1205.74
427.16	1217.29
427.37	1206.29
427.58	1212.79
427.78	1217.68
427.99	1220.53
428.20	1207.91
428.41	1210.17
428.62	1209.02
428.83	1217.15
429.04	1211.62
429.24	1213.61
429.45	1211.07
429.66	1211.25
429.87	1208.57
430.08	1211.52
430.29	1210.25
430.50	1213.99
430.70	1212.21
430.91	1213.89
431.12	1203.49
431.33	1213.20
431.54	1213.46
431.75	1216.55
431.96	1209.65
432.16	1226.63
432.37	1208.90
432.58	1208.10
432.79	1210.45
433.00	1212.40
433.21	1210.27
433.41	1219.44
433.62	1206.75
433.83	1216.45
434.04	1201.63
434.25	1210.37
434.46	1208.01
434.66	1219.22
434.87	1210.62
435.08	1215.10
435.29	1209.67
435.50	1218.56
435.71	1206.17
435.91	1212.54
436.12	1210.96
436.33	1216.74
436.54	1207.79
436.75	1213.03
436.95	1207.11
437.16	1214.45
437.37	1214.98
437.58	1216.23
437.79	1208.67
438.00	1210.33
438.20	1212.25
438.41	1214.92
438.62	1208.73
438.83	1217.17
439.04	1204.53
439.24	1217.68
439.45	1207.93
439.66	1217.58
439.87	1207.44
440.08	1217.19
440.28	1206.95
440.49	1215.80
440.70	1209.84
440.91	1213.69
441.12	1214.06
441.32	1213.42
441.53	1201.83
441.74	1215.26
441.95	1212.62
442.16	1209.24
442.36	1210.66
442.57	1221.10
442.78	1208.40
442.99	1220.79
443.20	1213.91
443.40	1214.42
443.61	1207.54
443.82	1217.13
444.03	1205.02
444.24	1217.39
444.44	1209.20
444.65	1220.49
444.86	1208.10
445.07	1213.34
445.27	1203.53
445.48	1215.33
445.69	1210.45
445.90	1211.33
446.11	1208.34
446.31	1219.87
446.52	1208.06
446.73	1217.80
446.94	1204.62
447.14	1214.53
447.35	1207.44
447.56	1214.04
447.77	1213.26
447.97	1219.22
448.18	1204.90
448.39	1207.65
448.60	1214.45
448.81	1219.34
449.01	1217.19
449.22	1212.85
449.43	1210.47
449.64	1219.91
449.84	1209.41
450.05	1219.61
450.26	1211.27
450.47	1214.81
450.67	1216.02
450.88	1214.30
451.09	1210.37
451.30	1217.95
451.50	1212.83
451.71	1214.14
451.92	1201.97
452.13	1211.41
452.33	1208.96
452.54	1219.26
452.75	1205.07
452.96	1223.19
453.16	1211.48
453.37	1215.29
453.58	1200.03
453.79	1217.76
453.99	1211.03
454.20	1210.96
454.41	1210.60
454.61	1213.34
454.82	1206.85
455.03	1213.83
455.24	1207.95
455.44	1214.65
455.65	1207.58
455.86	1211.39
456.07	1209.22
456.27	1216.98
456.48	1212.01
456.69	1226.53
456.90	1204.21
457.10	1220.34
457.31	1203.20
457.52	1213.40
457.72	1210.23
457.93	1212.27
458.14	1216.86
458.35	1219.57
458.55	1211.41
458.76	1216.82
458.97	1215.78
459.17	1212.50
459.38	1213.87
459.59	1212.23
459.80	1209.04
460.00	1212.30
460.21	1212.50
460.42	1211.76
460.62	1214.30
460.83	1220.12
461.04	1208.53
461.25	1215.33
461.45	1209.08
461.66	1221.18
461.87	1211.52
462.07	1221.65
462.28	1206.38
462.49	1215.43
462.69	1214.08
462.90	1212.30
463.11	1209.59
463.31	1213.56
463.52	1205.19
463.73	1215.10
463.94	1202.46
464.14	1212.85
464.35	1212.58
464.56	1208.57
464.76	1208.77
464.97	1213.69
465.18	1200.58
465.38	1216.98
465.59	1205.78
465.80	1212.75
466.00	1215.26
466.21	1212.81
466.42	1206.52
466.62	1213.42
466.83	1210.45
467.04	1217.74
467.24	1210.55
467.45	1211.05
467.66	1213.75
467.86	1214.32
468.07	1206.77
468.28	1215.57
468.48	1212.85
468.69	1205.88
468.90	1209.90
469.10	1207.87
469.31	1207.05
469.52	1216.33
469.72	1206.27
469.93	1212.07
470.14	1213.38
470.34	1223.48
470.55	1206.99
470.76	1224.89
470.96	1211.99
471.17	1217.42
471.38	1209.39
471.58	1219.85
471.79	1207.73
472.00	1213.28
472.20	1210.98
472.41	1214.04
472.62	1210.94
472.82	1220.38
473.03	1208.85
473.24	1216.00
473.44	1210.60
473.65	1215.14
473.85	1210.66
474.06	1211.21
474.27	1212.32
474.47	1214.53
474.68	1213.09
474.89	1208.81
475.09	1212.77
475.30	1218.32
475.51	1207.79
475.71	1218.46
475.92	1207.24
476.12	1215.51
476.33	1211.80
476.54	1217.58
476.74	1216.64
476.95	1214.75
477.16	1208.73
477.36	1214.14
477.57	1212.52
477.77	1217.50
477.98	1209.55
478.19	1209.78
478.39	1210.82
478.60	1212.89
478.81	1210.10
479.01	1214.63
479.22	1209.71
479.42	1217.68
479.63	1214.40
479.84	1224.36
480.04	1210.21
480.25	1219.61
480.45	1207.61
480.66	1210.82
480.87	1207.15
481.07	1213.50
481.28	1206.36
481.48	1221.41
481.69	1212.89
481.90	1216.41
482.10	1210.33
482.31	1215.04
482.51	1213.77
482.72	1220.32
482.93	1212.99
483.13	1209.98
483.34	1212.56
483.54	1216.80
483.75	1212.15
483.96	1216.17
484.16	1205.02
484.37	1224.56
484.57	1206.21
484.78	1221.74
484.99	1208.67
485.19	1214.34
485.40	1215.67
485.60	1212.75
485.81	1210.10
486.01	1221.65
486.22	1214.40
486.43	1217.13
486.63	1214.77
486.84	1215.92
487.04	1208.65
487.25	1215.26
487.46	1216.55
487.66	1217.76
487.87	1215.65
488.07	1221.70
488.28	1211.03
488.48	1210.08
488.69	1213.73
488.89	1212.81
489.10	1213.30
489.31	1218.42
489.51	1207.32
489.72	1215.94
489.92	1207.79
490.13	1220.47
490.33	1215.24
490.54	1214.94
490.75	1207.97
490.95	1211.35
491.16	1206.27
491.36	1213.42
491.57	1202.61
491.77	1216.94
491.98	1205.56
492.18	1212.48
492.39	1213.89
492.59	1214.40
492.80	1210.88
493.01	1212.42
493.21	1214.92
493.42	1217.01
493.62	1213.01
493.83	1221.80
494.03	1202.65
494.24	1214.63
494.44	1208.06
494.65	1219.61
494.85	1212.42
495.06	1212.30
495.26	1207.28
495.47	1216.53
495.68	1208.53
495.88	1209.04
496.09	1208.69
496.29	1220.32
496.50	1209.33
496.70	1204.29
496.91	1208.83
497.11	1212.77
497.32	1213.93
497.52	1213.26
497.73	1208.92
497.93	1216.43
498.14	1208.77
498.34	1214.42
498.55	1209.22
498.75	1216.84
498.96	1210.39
499.16	1210.92
499.37	1209.45
499.57	1213.67
499.78	1206.36
499.98	1209.18
500.19	1213.67
500.39	1214.73
500.60	1211.29
500.80	1216.08
501.01	1213.16
501.21	1214.16
501.42	1206.91
501.62	1213.26
501.83	1211.00
502.03	1209.45
502.24	1212.25
502.44	1215.33
502.65	1209.65
502.85	1215.49
503.06	1207.61
503.26	1207.38
503.47	1212.81
503.67	1214.10
503.88	1205.54
504.08	1219.34
504.29	1209.49
504.49	1213.85
504.70	1209.43
504.90	1211.56
505.11	1204.64
505.31	1219.65
505.52	1208.61
505.72	1210.66
505.93	1206.05
506.13	1214.81
506.34	1211.37
506.54	1214.26
506.75	1203.16
506.95	1218.21
507.16	1222.39
507.36	1218.85
507.56	1216.51
507.77	1212.34
507.97	1204.74
508.18	1215.61
508.38	1211.46
508.59	1217.23
508.79	1210.88
509.00	1219.40
509.20	1216.06
509.41	1217.78
509.61	1206.95
509.82	1217.99
510.02	1210.53
510.22	1218.25
510.43	1211.76
510.63	1212.56
510.84	1211.15
511.04	1214.40
511.25	1204.92
511.45	1218.99
511.66	1209.47
511.86	1223.01
512.06	1211.54
512.27	1207.77
512.47	1202.26
512.68	1216.80
512.88	1210.33
513.09	1208.51
513.29	1210.82
513.50	1220.96
513.70	1210.45
513.90	1216.72
514.11	1212.62
514.31	1217.99
514.52	1214.55
514.72	1215.84
514.93	1204.64
515.13	1213.65
515.33	1207.20
515.54	1216.49
515.74	1208.20
515.95	1216.41
516.15	1201.03
516.36	1218.32
516.56	1209.76
516.76	1215.72
516.97	1209.04
517.17	1214.94
517.38	1211.07
517.58	1215.14
517.78	1211.93
517.99	1218.62
518.19	1201.91
518.40	1213.75
518.60	1210.23
518.81	1216.19
519.01	1210.08
519.21	1216.33
519.42	1205.05
519.62	1218.25
519.83	1215.16
520.03	1216.82
520.23	1210.43
520.44	1215.20
520.64	1210.53
520.85	1205.62
521.05	1208.16
521.25	1221.49
521.46	1215.78
521.66	1214.08
521.86	1208.79
522.07	1214.65
522.27	1206.66
522.48	1221.31
522.68	1207.83
522.88	1217.64
523.09	1209.84
523.29	1224.17
523.50	1206.83
523.70	1218.81
523.90	1210.62
524.11	1212.97
524.31	1207.99
524.51	1214.20
524.72	1209.26
524.92	1213.32
525.13	1205.91
525.33	1209.26
525.53	1206.32
525.74	1211.70
525.94	1212.77
526.14	1212.99
526.35	1209.31
526.55	1218.21
526.76	1211.60
526.96	1222.10
527.16	1203.82
527.37	1214.12
527.57	1202.89
527.77	1217.56
527.98	1212.56
528.18	1219.07
528.38	1208.14
528.59	1214.83
528.79	1211.29
528.99	1215.00
529.20	1210.76
529.40	1215.26
529.61	1211.97
529.81	1213.77
530.01	1203.65
530.22	1211.95
530.42	1212.23
530.62	1215.69
530.83	1206.25
531.03	1211.76
531.23	1208.69
531.44	1215.49
531.64	1205.29
531.84	1214.92
532.05	1208.98
532.25	1206.87
532.45	1200.70
532.66	1214.47
532.86	1215.33
533.06	1214.24
533.27	1213.38
533.47	1214.42
533.67	1207.89
533.88	1218.56
534.08	1206.56
534.28	1212.44
534.49	1205.84
534.69	1217.74
534.89	1207.61
535.09	1219.40
535.30	1202.63
535.50	1214.06
535.70	1207.30
535.91	1215.78
536.11	1211.00
536.31	1216.72
536.52	1208.22
536.72	1216.82
536.92	1208.59
537.13	1216.72
537.33	1212.85
537.53	1219.61
537.74	1211.91
537.94	1210.27
538.14	1209.02
538.34	1217.01
538.55	1209.78
538.75	1219.32
538.95	1213.77
539.16	1214.04
539.36	1220.67
539.56	1210.51
539.77	1206.89
539.97	1218.73
540.17	1207.36
540.37	1216.84
540.58	1211.21
540.78	1216.49
540.98	1203.88
541.19	1211.19
541.39	1216.04
541.59	1211.52
541.79	1205.95
542.00	1214.38
542.20	1209.00
542.40	1218.19
542.60	1208.14
542.81	1219.50
543.01	1209.18
543.21	1214.51
543.42	1206.15
543.62	1220.65
543.82	1216.80
544.02	1214.75
544.23	1215.35
544.43	1215.94
544.63	1214.59
544.83	1219.81
545.04	1203.22
545.24	1215.84
545.44	1214.06
545.64	1212.23
545.85	1207.11
546.05	1211.70
546.25	1217.13
546.45	1208.85
546.66	1205.66
546.86	1217.13
547.06	1210.25
547.27	1218.99
547.47	1205.35
547.67	1215.41
547.87	1211.64
548.07	1220.06
548.28	1204.04
548.48	1217.44
548.68	1205.23
548.88	1214.96
549.09	1204.88
549.29	1211.00
549.49	1208.20
549.69	1218.40
549.90	1206.75
550.10	1217.21
550.30	1206.27
550.50	1213.52
550.71	1214.10
550.91	1214.79
551.11	1210.25
551.31	1220.36
551.51	1212.62
551.72	1215.29
551.92	1204.31
552.12	1217.99
552.32	1212.36
552.53	1213.09
552.73	1204.39
552.93	1222.04
553.13	1210.31
553.33	1217.68
553.54	1207.87
553.74	1220.24
553.94	1214.06
554.14	1218.44
554.35	1203.28
554.55	1220.47
554.75	1210.12
554.95	1209.26
555.15	1210.29
555.36	1216.21
555.56	1206.17
555.76	1213.56
555.96	1204.94
556.16	1215.24
556.37	1208.49
556.57	1215.31
556.77	1213.11
556.97	1216.15
557.17	1211.80
557.38	1218.83
557.58	1204.90
557.78	1207.65
557.98	1209.20
558.18	1215.39
558.38	1203.82
558.59	1217.60
558.79	1203.47
558.99	1218.97
559.19	1213.11
559.39	1220.59
559.60	1209.94
559.80	1210.84
560.00	1201.95
560.20	1220.20
560.40	1211.72
560.60	1215.53
560.81	1214.42
561.01	1214.67
561.21	1214.79
561.41	1221.02
561.61	1208.36
561.81	1213.30
562.02	1214.57
562.22	1216.00
562.42	1207.46
562.62	1223.62
562.82	1210.25
563.02	1214.79
563.23	1210.23
563.43	1222.49
563.63	1207.75
563.83	1217.33
564.03	1203.47
564.23	1221.22
564.43	1215.67
564.64	1217.50
564.84	1213.44
565.04	1222.23
565.24	1206.07
565.44	1218.87
565.64	1214.16
565.85	1216.62
566.05	1206.62
566.25	1223.13
566.45	1211.15
566.65	1214.59
566.85	1210.88
567.05	1214.73
567.25	1207.13
567.46	1220.67
567.66	1213.26
567.86	1213.30
568.06	1217.52
568.26	1210.74
568.46	1207.99
568.66	1210.41
568.86	1213.34
569.07	1216.17
569.27	1209.02
569.47	1217.97
569.67	1208.81
569.87	1222.15
570.07	1205.88
570.27	1210.45
570.47	1209.84
570.68	1212.87
570.88	1212.81
571.08	1211.68
571.28	1209.45
571.48	1211.84
571.68	1205.21
571.88	1224.09
572.08	1210.94
572.28	1209.65
572.49	1212.27
572.69	1211.60
572.89	1201.83
573.09	1223.21
573.29	1207.73
573.49	1213.85
573.69	1209.49
573.89	1218.07
574.09	1210.88
574.29	1216.10
574.50	1211.70
574.70	1215.69
574.90	1212.89
575.10	1213.69
575.30	1206.68
575.50	1208.90
575.70	1214.26
575.90	1216.33
576.10	1204.23
576.30	1219.61
576.50	1204.14
576.70	1225.01
576.91	1207.58
577.11	1214.22
577.31	1210.98
577.51	1211.37
577.71	1210.80
577.91	1214.83
578.11	1208.59
578.31	1219.30
578.51	1210.06
578.71	1211.39
578.91	1213.24
579.11	1219.48
579.31	1207.36
579.51	1218.07
579.71	1212.36
579.92	1212.60
580.12	1216.84
580.32	1219.77
580.52	1208.73
580.72	1207.67
580.92	1216.23
581.12	1216.39
581.32	1211.78
581.52	1219.87
581.72	1212.13
581.92	1212.91
582.12	1208.04
582.32	1220.75
582.52	1210.02
582.72	1213.89
582.92	1207.85
583.12	1219.57
583.32	1212.62
583.52	1215.20
583.72	1205.97
583.92	1217.42
584.12	1211.00
584.33	1216.37
584.53	1206.99
584.73	1217.52
584.93	1209.45
585.13	1215.35
585.33	1210.51
585.53	1215.55
585.73	1210.53
585.93	1212.79
586.13	1205.64
586.33	1214.81
586.53	1212.42
586.73	1213.24
586.93	1209.41
587.13	1215.61
587.33	1208.24
587.53	1214.42
587.73	1204.31
587.93	1216.62
588.13	1204.90
588.33	1216.21
588.53	1209.49
588.73	1219.52
588.93	1210.27
589.13	1215.31
589.33	1210.33
589.53	1213.20
589.73	1213.67
589.93	1213.75
590.13	1201.85
590.33	1204.37
590.53	1211.23
590.73	1220.02
590.93	1201.01
591.13	1211.60
591.33	1212.54
591.53	1216.15
591.73	1211.27
591.93	1212.79
592.13	1210.47
592.33	1218.23
592.53	1212.52
592.73	1211.97
592.93	1201.89
593.13	1213.44
593.33	1209.04
593.53	1212.79
593.73	1208.22
593.93	1219.71
594.13	1212.79
594.33	1217.62
594.53	1214.18
594.73	1217.93
594.92	1206.50
595.12	1215.69
595.32	1215.92
595.52	1213.97
595.72	1215.18
595.92	1216.25
596.12	1216.92
596.32	1221.70
596.52	1207.38
596.72	1212.64
596.92	1215.61
597.12	1209.04
597.32	1215.45
597.52	1214.67
597.72	1210.49
597.92	1224.05
598.12	1211.17
598.32	1211.33
598.52	1213.26
598.72	1214.67
598.92	1210.72
599.12	1214.04
599.31	1208.85
599.51	1213.40
599.71	1205.52
599.91	1217.31
600.11	1209.08
600.31	1218.99
600.51	1218.83
600.71	1220.02
600.91	1207.63
601.11	1214.73
601.31	1211.95
601.51	1212.64
601.71	1210.94
601.91	1210.02
602.10	1204.68
602.30	1215.90
602.50	1202.26
602.70	1213.26
602.90	1211.80
603.10	1213.38
603.30	1204.12
603.50	1218.30
603.70	1208.79
603.90	1220.94
604.10	1212.81
604.30	1215.45
604.49	1207.34
604.69	1213.30
604.89	1213.54
605.09	1217.80
605.29	1204.98
605.49	1203.37
605.69	1209.04
605.89	1216.08
606.09	1205.29
606.29	1213.26
606.48	1208.22
606.68	1218.46
606.88	1207.28
607.08	1217.56
607.28	1206.25
607.48	1216.31
607.68	1206.36
607.88	1219.14
608.08	1206.27
608.27	1220.34
608.47	1211.76
608.67	1212.68
608.87	1207.07
609.07	1225.46
609.27	1209.61
609.47	1219.63
609.67	1204.74
609.87	1219.95
610.06	1203.18
610.26	1212.44
610.46	1211.97
610.66	1212.07
610.86	1209.57
611.06	1212.21
611.26	1212.48
611.45	1216.43
611.65	1211.62
611.85	1212.93
612.05	1209.41
612.25	1222.53
612.45	1210.37
612.65	1218.97
612.84	1208.36
613.04	1218.77
613.24	1211.50
613.44	1213.89
613.64	1210.14
613.84	1221.84
614.04	1208.04
614.23	1213.46
614.43	1212.85
614.63	1218.83
614.83	1210.31
615.03	1220.18
615.23	1208.44
615.42	1216.15
615.62	1211.58
615.82	1216.25
616.02	1209.65
616.22	1207.05
616.42	1212.40
616.61	1223.85
616.81	1213.07
617.01	1218.13
617.21	1206.09
617.41	1216.47
617.61	1205.35
617.80	1215.10
618.00	1210.60
618.20	1221.04
618.40	1213.20
618.60	1217.91
618.80	1208.24
618.99	1212.93
619.19	1211.82
619.39	1222.21
619.59	1216.49
619.79	1211.76
619.98	1210.19
620.18	1211.35
620.38	1206.91
620.58	1207.24
620.78	1210.92
620.97	1215.86
621.17	1213.69
621.37	1219.63
621.57	1209.76
621.77	1215.47
621.96	1209.02
622.16	1217.74
622.36	1212.32
622.56	1211.13
622.76	1212.44
622.95	1219.91
623.15	1208.59
623.35	1209.98
623.55	1207.46
623.75	1211.29
623.94	1213.85
624.14	1215.72
624.34	1204.39
624.54	1212.73
624.73	1207.58
624.93	1219.30
625.13	1209.24
625.33	1209.35
625.53	1211.46
625.72	1212.56
625.92	1214.20
626.12	1213.24
626.32	1203.73
626.51	1219.11
626.71	1215.02
626.91	1217.54
627.11	1204.76
627.30	1222.29
627.50	1207.26
627.70	1217.23
627.90	1212.75
628.10	1208.63
628.29	1207.36
628.49	1213.73
628.69	1212.48
628.89	1224.46
629.08	1206.79
629.28	1218.77
629.48	1207.42
629.68	1211.62
629.87	1208.63
630.07	1218.36
630.27	1206.25
630.47	1212.11
630.66	1212.58
630.86	1221.16
631.06	1209.65
631.25	1215.06
631.45	1206.95
631.65	1207.44
631.85	1215.10
632.04	1217.72
632.24	1202.32
632.44	1221.51
632.64	1207.42
632.83	1215.90
633.03	1209.96
633.23	1214.12
633.42	1212.13
633.62	1217.52
633.82	1210.78
634.02	1217.19
634.21	1212.56
634.41	1214.36
634.61	1210.29
634.81	1216.53
635.00	1209.74
635.20	1214.49
635.40	1206.32
635.59	1215.69
635.79	1214.12
635.99	1219.20
636.18	1212.79
636.38	1215.49
636.58	1215.94
636.78	1218.93
636.97	1204.47
637.17	1218.25
637.37	1210.23
637.56	1212.03
637.76	1205.99
637.96	1216.45
638.15	1208.57
638.35	1217.76
638.55	1209.51
638.74	1216.15
638.94	1211.54
639.14	1213.38
639.34	1214.08
639.53	1223.17
639.73	1210.43
639.93	1216.19
640.12	1202.69
640.32	1223.66
640.52	1205.74
640.71	1214.36
640.91	1212.85
641.11	1215.35
641.30	1204.45
641.50	1211.07
641.70	1212.89
641.89	1214.04
642.09	1206.15
642.29	1214.86
642.48	1211.46
642.68	1211.97
642.88	1210.29
643.07	1220.63
643.27	1218.19
643.47	1218.87
643.66	1208.77
643.86	1214.18
644.06	1214.02
644.25	1218.17
644.45	1214.57
644.65	1218.56
644.84	1211.09
645.04	1209.59
645.23	1208.10
645.43	1208.63
645.63	1210.72
645.82	1218.91
646.02	1216.35
646.22	1210.14
646.41	1210.70
646.61	1214.73
646.81	1208.26
647.00	1213.24
647.20	1214.67
647.39	1219.32
647.59	1212.77
647.79	1211.11
647.98	1212.32
648.18	1214.49
648.38	1211.91
648.57	1215.45
648.77	1209.10
648.96	1214.38
649.16	1206.36
649.36	1214.96
649.55	1206.89
649.75	1212.93
649.95	1206.50
650.14	1218.11
650.34	1211.07
650.53	1222.66
650.73	1214.51
650.93	1212.89
651.12	1208.98
651.32	1216.90
651.51	1209.80
651.71	1216.23
651.91	1213.05
652.10	1218.48
652.30	1212.44
652.49	1216.66
652.69	1212.66
652.89	1217.78
653.08	1217.17
653.28	1210.04
653.47	1214.55
653.67	1215.31
653.86	1214.51
654.06	1213.56
654.26	1215.06
654.45	1219.75
654.65	1202.40
654.84	1215.37
655.04	1214.98
655.24	1218.60
655.43	1205.76
655.63	1216.82
655.82	1211.99
656.02	1220.94
656.21	1212.34
656.41	1220.04
656.61	1206.60
656.80	1226.16
657.00	1210.08
657.19	1225.69
657.39	1210.31
657.58	1222.80
657.78	1204.02
657.97	1217.19
658.17	1218.89
658.37	1217.89
658.56	1210.94
658.76	1220.06
658.95	1217.07
659.15	1223.76
659.34	1210.68
659.54	1217.42
659.73	1205.41
659.93	1216.94
660.13	1212.85
660.32	1204.92
660.52	1206.07
660.71	1221.31
660.91	1211.41
661.10	1225.73
661.30	1215.45
661.49	1218.38
661.69	1209.74
661.88	1225.03
662.08	1215.92
662.27	1216.70
662.47	1212.32
662.66	1216.35
662.86	1206.46
663.06	1223.05
663.25	1217.82
663.45	1222.10
663.64	1211.07
663.84	1213.03
664.03	1209.41
664.23	1212.40
664.42	1212.40
664.62	1217.37
664.81	1221.16
665.01	1219.38
665.20	1212.27
665.40	1215.55
665.59	1213.22
665.79	1228.06
665.98	1217.62
666.18	1221.74
666.37	1214.36
666.57	1223.27
666.76	1218.66
666.96	1221.76
667.15	1217.29
667.35	1221.39
667.54	1213.13
667.74	1230.28
667.93	1218.93
668.13	1225.59
668.32	1210.62
668.52	1218.87
668.71	1218.52
668.91	1217.42
669.10	1220.00
669.30	1221.24
669.49	1212.58
669.68	1222.94
669.88	1211.60
670.07	1226.73
670.27	1208.73
670.46	1218.30
670.66	1212.83
670.85	1218.17
671.05	1218.34
671.24	1221.43
671.44	1217.74
671.63	1217.66
671.83	1216.27
672.02	1223.74
672.22	1209.20
672.41	1226.55
672.60	1215.51
672.80	1225.40
672.99	1213.30
673.19	1222.80
673.38	1226.59
673.58	1223.80
673.77	1218.71
673.97	1226.41
674.16	1219.16
674.36	1227.00
674.55	1217.35
674.74	1222.04
674.94	1219.36
675.13	1221.98
675.33	1220.28
675.52	1220.14
675.72	1213.69
675.91	1223.99
676.10	1217.07
676.30	1222.74
676.49	1219.48
676.69	1229.64
676.88	1220.65
677.08	1219.07
677.27	1213.89
677.46	1221.74
677.66	1218.05
677.85	1221.65
678.05	1220.41
678.24	1231.77
678.44	1213.42
678.63	1229.81
678.82	1216.00
679.02	1229.27
679.21	1219.40
679.41	1227.02
679.60	1223.93
679.79	1226.28
679.99	1219.32
680.18	1230.15
680.38	1216.80
680.57	1231.89
680.76	1223.74
680.96	1230.05
681.15	1218.50
681.35	1221.76
681.54	1214.88
681.73	1229.52
681.93	1229.93
682.12	1229.78
682.32	1227.86
682.51	1228.39
682.70	1225.14
682.90	1242.42
683.09	1231.51
683.29	1236.93
683.48	1224.11
683.67	1233.20
683.87	1231.48
684.06	1244.00
684.25	1230.60
684.45	1245.55
684.64	1235.62
684.84	1247.11
685.03	1239.29
685.22	1240.05
685.42	1230.73
685.61	1250.31
685.80	1244.47
686.00	1253.52
686.19	1235.87
686.38	1252.60
686.58	1245.92
686.77	1250.71
686.96	1247.68
687.16	1243.98
687.35	1247.11
687.55	1257.17
687.74	1247.11
687.93	1252.17
688.13	1247.11
688.32	1256.45
688.51	1247.81
688.71	1256.12
688.90	1244.28
689.09	1248.40
689.29	1249.77
689.48	1242.61
689.67	1255.38
689.87	1258.25
690.06	1250.47
690.25	1256.84
690.45	1247.62
690.64	1267.08
690.83	1263.45
691.03	1264.03
691.22	1260.01
691.41	1267.08
691.61	1263.43
691.80	1270.89
691.99	1265.01
692.19	1275.68
692.38	1265.34
692.57	1277.11
692.76	1270.76
692.96	1279.39
693.15	1267.32
693.34	1278.16
693.54	1281.72
693.73	1281.64
693.92	1270.66
694.12	1278.26
694.31	1274.80
694.50	1287.91
694.70	1273.96
694.89	1275.70
695.08	1279.39
695.27	1284.67
695.47	1280.57
695.66	1273.51
695.85	1276.79
696.05	1281.70
696.24	1274.47
696.43	1276.83
696.62	1271.15
696.82	1283.42
697.01	1273.06
697.20	1271.75
697.40	1269.15
697.59	1274.25
697.78	1264.64
697.97	1276.25
698.17	1273.20
698.36	1271.75
698.55	1268.82
698.74	1273.30
698.94	1268.84
699.13	1275.00
699.32	1273.22
699.52	1267.39
699.71	1274.27
699.90	1269.43
700.09	1266.69
700.29	1279.88
700.48	1270.23
700.67	1286.64
700.86	1273.98
701.06	1276.68
701.25	1280.66
701.44	1277.69
701.63	1276.66
701.83	1282.52
702.02	1271.17
702.21	1287.80
702.40	1290.88
702.60	1299.89
702.79	1304.97
702.98	1315.51
703.17	1318.75
703.37	1333.94
703.56	1351.21
703.75	1360.71
703.94	1369.33
704.13	1391.92
704.33	1403.51
704.52	1433.62
704.71	1442.20
704.90	1470.46
705.10	1497.31
705.29	1541.14
705.48	1593.16
705.67	1675.59
705.86	1798.16
706.06	1974.51
706.25	2218.36
706.44	2571.68
706.63	3006.91
706.83	3512.68
707.02	4105.26
707.21	4695.87
707.40	5368.69
707.59	5995.49
707.79	6629.19
707.98	7180.75
708.17	7768.64
708.36	8270.93
708.55	8713.06
708.75	9146.99
708.94	9518.69
709.13	9753.59
709.32	10131.77
709.51	10331.06
709.71	10584.13
709.90	10804.04
710.09	10922.94
710.28	11158.26
710.47	11352.55
710.66	11346.42
710.86	11573.64
711.05	11654.58
711.24	11714.98
711.43	11744.53
711.62	11703.57
711.82	11676.10
712.01	11559.23
712.20	11457.79
712.39	11145.35
712.58	10682.18
712.77	10263.42
712.97	9755.05
713.16	9033.96
713.35	8405.19
713.54	7681.79
713.73	7003.13
713.92	6343.42
714.11	5738.18
714.31	5225.29
714.50	4747.29
714.69	4359.53
714.88	4059.03
715.07	3801.91
715.26	3609.32
715.46	3424.82
715.65	3297.72
715.84	3165.75
716.03	3074.29
716.22	2992.31
716.41	2912.64
716.60	2837.34
716.80	2768.87
716.99	2689.02
717.18	2639.59
717.37	2576.08
717.56	2534.91
717.75	2470.14
717.94	2430.02
718.13	2369.01
718.33	2326.29
718.52	2267.10
718.71	2236.98
718.90	2183.93
719.09	2136.38
719.28	2108.59
719.47	2071.36
719.66	2021.02
719.85	1995.93
720.05	1962.75
720.24	1926.11
720.43	1895.11
720.62	1870.06
720.81	1844.05
721.00	1827.77
721.19	1784.35
721.38	1776.41
721.57	1747.63
721.77	1735.43
721.96	1718.76
722.15	1719.21
722.34	1702.74
722.53	1706.22
722.72	1699.22
722.91	1719.43
723.10	1734.57
723.29	1777.90
723.48	1817.72
723.67	1888.74
723.87	1951.78
724.06	2031.95
724.25	2110.39
724.44	2181.95
724.63	2236.01
724.82	2290.20
725.01	2301.59
725.20	2325.94
725.39	2342.22
725.58	2329.26
725.77	2311.89
725.96	2287.68
726.15	2256.82
726.34	2228.97
726.54	2158.85
726.73	2137.85
726.92	2072.63
727.11	2032.02
727.30	1974.82
727.49	1911.92
727.68	1863.96
727.87	1817.18
728.06	1766.41
728.25	1735.57
728.44	1679.17
728.63	1653.92
728.82	1611.03
729.01	1580.11
729.20	1542.06
729.39	1525.68
729.58	1492.68
729.77	1475.05
729.96	1457.11
730.15	1456.04
730.34	1440.99
730.53	1439.64
730.73	1426.39
730.92	1435.97
731.11	1419.77
731.30	1408.98
731.49	1391.86
731.68	1372.12
731.87	1340.13
732.06	1325.98
732.25	1296.81
732.44	1278.32
732.63	1269.80
732.82	1265.24
733.01	1250.22
733.20	1250.45
733.39	1236.38
733.58	1242.58
733.77	1239.62
733.96	1246.17
734.15	1232.14
734.34	1242.17
734.53	1227.94
734.72	1251.33
734.91	1233.59
735.10	1235.95
735.29	1235.52
735.48	1245.47
735.67	1230.50
735.86	1240.13
736.05	1236.48
736.24	1243.08
736.43	1233.25
736.62	1239.47
736.81	1228.82
737.00	1254.85
737.19	1227.49
737.38	1242.17
737.57	1229.09
737.76	1235.83
737.95	1227.55
738.14	1232.63
738.33	1225.69
738.51	1232.26
738.70	1235.97
738.89	1237.08
739.08	1235.91
739.27	1238.45
739.46	1231.85
739.65	1233.90
739.84	1231.98
740.03	1241.79
740.22	1231.44
740.41	1231.59
740.60	1222.60
740.79	1227.68
740.98	1232.12
741.17	1234.13
741.36	1221.88
741.55	1230.21
741.74	1227.04
741.93	1225.85
742.12	1224.34
742.31	1222.66
742.50	1221.84
742.68	1228.11
742.87	1232.57
743.06	1229.91
743.25	1229.25
743.44	1221.61
743.63	1225.01
743.82	1224.26
744.01	1219.91
744.20	1235.03
744.39	1222.62
744.58	1221.96
744.77	1217.09
744.96	1225.87
745.14	1225.85
745.33	1223.07
745.52	1213.93
745.71	1223.95
745.90	1217.46
746.09	1234.70
746.28	1217.93
746.47	1228.19
746.66	1219.05
746.85	1216.82
747.04	1226.69
747.22	1223.44
747.41	1222.02
747.60	1234.07
747.79	1218.09
747.98	1224.64
748.17	1224.17
748.36	1231.87
748.55	1217.15
748.74	1219.81
748.93	1218.36
749.11	1227.49
749.30	1223.72
749.49	1228.72
749.68	1225.93
749.87	1223.76
750.06	1224.93
750.25	1231.18
750.44	1224.69
750.62	1225.30
750.81	1221.35
751.00	1232.63
751.19	1218.66
751.38	1229.48
751.57	1227.82
751.76	1230.83
751.95	1220.16
752.13	1233.98
752.32	1227.41
752.51	1232.63
752.70	1223.42
752.89	1236.11
753.08	1222.51
753.27	1230.07
753.45	1222.35
753.64	1231.30
753.83	1228.64
754.02	1230.40
754.21	1225.91
754.40	1227.18
754.58	1229.50
754.77	1230.05
754.96	1225.32
755.15	1225.77
755.34	1229.85
755.53	1225.73
755.71	1225.50
755.90	1233.12
756.09	1226.63
756.28	1226.39
756.47	1220.16
756.66	1228.92
756.84	1216.04
757.03	1226.63
757.22	1219.63
757.41	1215.06
757.60	1223.68
757.79	1233.29
757.97	1217.42
758.16	1232.39
758.35	1216.78
758.54	1229.70
758.73	1220.12
758.91	1218.44
759.10	1211.29
759.29	1217.31
759.48	1223.48
759.67	1221.16
759.85	1213.81
760.04	1208.85
760.23	1213.01
760.42	1216.90
760.61	1214.94
760.79	1223.33
760.98	1208.59
761.17	1220.04
761.36	1208.47
761.55	1222.35
761.73	1207.52
761.92	1221.37
762.11	1210.08
762.30	1219.87
762.49	1220.43
762.67	1217.35
762.86	1214.61
763.05	1218.71
763.24	1215.41
763.42	1221.96
763.61	1208.01
763.80	1213.59
763.99	1210.84
764.17	1213.65
764.36	1222.41
764.55	1217.89
764.74	1213.32
764.92	1216.80
765.11	1215.80
765.30	1221.08
765.49	1210.43
765.68	1219.57
765.86	1210.92
766.05	1218.91
766.24	1212.95
766.43	1218.89
766.61	1213.30
766.80	1214.73
766.99	1212.75
767.17	1215.96
767.36	1214.65
767.55	1211.91
767.74	1209.80
767.92	1218.85
768.11	1212.52
768.30	1215.04
768.49	1213.50
768.67	1215.08
768.86	1215.29
769.05	1211.11
769.24	1215.98
769.42	1214.79
769.61	1210.04
769.80	1213.32
769.98	1212.64
770.17	1210.68
770.36	1202.32
770.55	1226.90
770.73	1205.09
770.92	1214.04
771.11	1207.44
771.29	1206.03
771.48	1211.80
771.67	1215.20
771.86	1211.09
772.04	1215.92
772.23	1216.76
772.42	1211.95
772.60	1210.60
772.79	1218.79
772.98	1211.72
773.16	1215.65
773.35	1210.90
773.54	1217.70
773.72	1204.90
773.91	1214.22
774.10	1209.49
774.29	1220.34
774.47	1209.82
774.66	1213.32
774.85	1212.32
775.03	1220.43
775.22	1206.81
775.41	1213.07
775.59	1210.45
775.78	1209.39
775.97	1199.56
776.15	1218.30
776.34	1206.79
776.53	1213.09
776.71	1208.47
776.90	1218.64
777.09	1204.14
777.27	1220.32
777.46	1216.47
777.65	1217.60
777.83	1211.39
778.02	1212.83
778.21	1206.77
778.39	1218.77
778.58	1209.41
778.76	1217.76
778.95	1205.68
779.14	1207.85
779.32	1217.07
779.51	1217.72
779.70	1209.14
779.88	1212.11
780.07	1211.43
780.26	1210.33
780.44	1208.26
780.63	1211.35
780.81	1206.07
781.00	1215.94
781.19	1206.44
781.37	1215.86
781.56	1208.14
781.75	1209.33
781.93	1210.76
782.12	1219.36
782.30	1211.91
782.49	1214.08
782.68	1214.06
782.86	1215.22
783.05	1213.87
783.23	1218.99
783.42	1202.34
783.61	1215.94
783.79	1211.07
783.98	1214.30
784.16	1207.24
784.35	1218.52
784.54	1211.48
784.72	1215.74
784.91	1203.35
785.09	1214.04
785.28	1211.05
785.47	1214.32
785.65	1214.83
785.84	1214.51
786.02	1210.66
786.21	1220.30
786.40	1210.23
786.58	1220.90
786.77	1210.41
786.95	1216.88
787.14	1216.90
787.32	1218.95
787.51	1210.19
787.70	1213.75
787.88	1215.02
788.07	1220.75
788.25	1207.67
788.44	1216.58
788.62	1219.03
788.81	1218.30
789.00	1209.84
789.18	1212.99
789.37	1213.22
789.55	1211.39
789.74	1208.73
789.92	1219.32
790.11	1211.89
790.29	1218.25
790.48	1203.47
790.67	1209.82
790.85	1199.07
791.04	1220.41
791.22	1213.75
791.41	1208.71
791.59	1202.28
791.78	1214.57
791.96	1212.85
792.15	1216.29
792.33	1208.57
792.52	1217.85
792.70	1205.09
792.89	1217.44
793.07	1206.66
793.26	1211.60
793.45	1205.29
793.63	1219.79
793.82	1207.30
794.00	1216.68
794.19	1209.37
794.37	1216.62
794.56	1211.76
794.74	1212.36
794.93	1213.16
795.11	1213.09
795.30	1218.58
795.48	1210.45
795.67	1210.25
795.85	1208.47
796.04	1213.99
796.22	1221.74
796.41	1210.12
796.59	1208.16
796.78	1215.67
796.96	1215.26
797.15	1212.30
797.33	1212.75
797.52	1207.28
797.70	1209.18
797.89	1208.61
798.07	1217.42
798.26	1210.04
798.44	1213.79
798.63	1205.31
798.81	1212.17
798.99	1209.18
799.18	1207.79
799.36	1207.77
799.55	1206.77
799.73	1203.39
799.92	1218.03
800.10	1204.41
800.29	1215.06
800.47	1203.43
800.66	1216.64
800.84	1205.09
801.03	1216.02
801.21	1205.68
801.39	1213.26
801.58	1208.59
801.76	1211.76
801.95	1208.90
802.13	1215.61
802.32	1207.52
802.50	1216.27
802.69	1210.55
802.87	1209.67
803.06	1211.13
803.24	1214.73
803.42	1211.27
803.61	1214.59
803.79	1207.73
803.98	1218.75
804.16	1206.52
804.35	1217.70
804.53	1205.93
804.71	1212.99
804.90	1207.01
805.08	1218.25
805.27	1210.02
805.45	1206.99
805.63	1212.15
805.82	1214.24
806.00	1210.90
806.19	1212.81
806.37	1208.01
806.56	1215.18
806.74	1209.12
806.92	1211.84
807.11	1207.09
807.29	1210.06
807.48	1198.57
807.66	1212.97
807.84	1211.87
808.03	1215.53
808.21	1209.86
808.40	1211.11
808.58	1210.72
808.76	1212.44
808.95	1209.55
809.13	1213.28
809.32	1210.17
809.50	1219.40
809.68	1198.70
809.87	1209.69
810.05	1209.86
810.23	1209.35
810.42	1211.72
810.60	1212.73
810.79	1211.52
810.97	1218.07
811.15	1208.24
811.34	1214.47
811.52	1214.77
811.70	1215.86
811.89	1204.80
812.07	1220.43
812.25	1207.77
812.44	1210.35
812.62	1215.47
812.81	1212.23
812.99	1208.87
813.17	1212.95
813.36	1216.98
813.54	1214.49
813.72	1208.92
813.91	1212.40
814.09	1213.09
814.27	1214.88
814.46	1212.09
814.64	1212.77
814.82	1212.36
815.01	1220.59
815.19	1209.57
815.37	1219.16
815.56	1220.34
815.74	1212.81
815.92	1210.76
816.11	1203.86
816.29	1218.13
816.47	1208.32
816.66	1206.89
816.84	1211.33
817.02	1201.56
817.21	1212.44
817.39	1206.46
817.57	1215.24
817.76	1206.97
817.94	1205.70
818.12	1199.04
818.30	1213.20
818.49	1208.59
818.67	1222.94
818.85	1208.42
819.04	1213.83
819.22	1208.14
819.40	1219.28
819.59	1208.10
819.77	1221.10
819.95	1210.02
820.13	1210.92
820.32	1204.98
820.50	1206.23
820.68	1213.13
820.87	1213.65
821.05	1216.68
821.23	1222.99
821.41	1214.28
821.60	1214.28
821.78	1209.24
821.96	1211.66
822.14	1210.74
822.33	1215.67
822.51	1211.35
822.69	1209.39
822.88	1213.38
823.06	1213.18
823.24	1213.28
823.42	1215.84
823.61	1207.71
823.79	1215.96
823.97	1213.83
824.15	1208.18
824.34	1200.58
824.52	1216.90
824.70	1210.94
824.88	1217.91
825.07	1201.71
825.25	1224.28
825.43	1210.94
825.61	1215.69
825.80	1202.83
825.98	1215.26
826.16	1208.18
826.34	1217.87
826.53	1215.26
826.71	1219.46
826.89	1215.39
827.07	1211.35
827.25	1209.35
827.44	1211.76
827.62	1209.49
827.80	1212.99
827.98	1208.69
828.17	1213.05
828.35	1209.57
828.53	1221.47
828.71	1208.28
828.89	1220.28
829.08	1214.14
829.26	1216.70
829.44	1211.97
829.62	1216.25
829.80	1211.66
829.99	1220.41
830.17	1205.45
830.35	1219.48
830.53	1206.23
830.71	1214.79
830.90	1209.67
831.08	1215.61
831.26	1206.54
831.44	1211.41
831.62	1208.63
831.81	1221.33
831.99	1211.25
832.17	1212.99
832.35	1206.25
832.53	1210.88
832.71	1204.80
832.90	1208.63
833.08	1207.61
833.26	1220.24
833.44	1204.70
833.62	1213.40
833.81	1210.35
833.99	1216.19
834.17	1205.33
834.35	1214.61
834.53	1217.15
834.71	1211.58
834.89	1210.96
835.08	1221.39
835.26	1203.88
835.44	1215.08
835.62	1212.64
835.80	1213.32
835.98	1218.11
836.17	1216.92
836.35	1210.92
836.53	1210.43
836.71	1208.14
836.89	1214.40
837.07	1210.27
837.25	1216.58
837.44	1201.73
837.62	1221.18
837.80	1205.41
837.98	1211.25
838.16	1210.60
838.34	1219.03
838.52	1204.04
838.70	1212.95
838.89	1208.36
839.07	1214.63
839.25	1206.01
839.43	1215.06
839.61	1204.62
839.79	1217.82
839.97	1216.51
840.15	1212.95
840.33	1210.74
840.52	1213.87
840.70	1208.47
840.88	1216.98
841.06	1208.61
841.24	1214.61
841.42	1203.69
841.60	1213.61
841.78	1208.98
841.96	1212.97
842.14	1212.40
842.33	1222.10
842.51	1209.53
842.69	1218.60
842.87	1204.10
843.05	1218.15
843.23	1204.66
843.41	1215.04
843.59	1211.00
843.77	1214.49
843.95	1203.69
844.13	1216.66
844.31	1210.66
844.49	1214.55
844.68	1206.17
844.86	1204.70
845.04	1211.21
845.22	1214.42
845.40	1207.79
845.58	1215.61
845.76	1215.90
845.94	1212.97
846.12	1207.65
846.30	1211.29
846.48	1207.67
846.66	1221.00
846.84	1211.89
847.02	1213.13
847.20	1205.15
847.38	1213.85
847.56	1212.03
847.74	1220.06
847.92	1208.28
848.11	1219.87
848.29	1212.01
848.47	1215.02
848.65	1207.52
848.83	1212.27
849.01	1204.72
849.19	1212.77
849.37	1215.14
849.55	1221.53
849.73	1205.64
849.91	1216.25
850.09	1209.84
850.27	1213.67
850.45	1207.07
850.63	1212.77
850.81	1205.00
850.99	1218.15
851.17	1217.80
851.35	1212.85
851.53	1206.27
851.71	1215.59
851.89	1210.72
852.07	1209.49
852.25	1204.90
852.43	1209.86
852.61	1208.96
852.79	1217.76
852.97	1205.48
853.15	1210.41
853.33	1207.87
853.51	1221.31
853.69	1214.83
853.87	1210.43
854.05	1208.16
854.23	1211.31
854.41	1214.36
854.59	1219.81
854.77	1211.97
854.95	1210.94
855.13	1212.17
855.31	1215.20
855.49	1211.58
855.67	1216.00
855.84	1206.87
856.02	1211.05
856.20	1199.70
856.38	1214.53
856.56	1199.45
856.74	1219.95
856.92	1210.64
857.10	1218.34
857.28	1210.49
857.46	1213.99
857.64	1203.65
857.82	1212.62
858.00	1204.90
858.18	1220.51
858.36	1207.83
858.54	1214.14
858.72	1202.87
858.90	1216.68
859.08	1209.78
859.25	1211.99
859.43	1217.27
859.61	1214.51
859.79	1204.78
859.97	1211.78
860.15	1208.22
860.33	1218.28
860.51	1211.11
860.69	1208.44
860.87	1212.40
861.05	1220.06
861.23	1209.35
861.41	1222.23
861.58	1203.92
861.76	1221.65
861.94	1208.22
862.12	1215.80
862.30	1218.64
862.48	1209.28
862.66	1208.22
862.84	1218.77
863.02	1207.63
863.20	1214.55
863.37	1201.22
863.55	1210.84
863.73	1207.05
863.91	1208.79
864.09	1202.67
864.27	1214.02
864.45	1207.71
864.63	1210.78
864.80	1210.10
864.98	1216.35
865.16	1207.09
865.34	1204.37
865.52	1215.02
865.70	1212.01
865.88	1210.78
866.06	1221.24
866.23	1210.64
866.41	1209.18
866.59	1209.16
866.77	1220.06
866.95	1206.66
867.13	1208.24
867.31	1210.55
867.48	1221.29
867.66	1207.01
867.84	1216.82
868.02	1203.94
868.20	1215.06
868.38	1211.25
868.56	1213.28
868.73	1211.29
868.91	1219.52
869.09	1209.57
869.27	1210.31
869.45	1206.38
869.63	1209.51
869.80	1212.62
869.98	1216.68
870.16	1213.87
870.34	1218.44
870.52	1210.08
870.70	1216.62
870.87	1203.67
871.05	1213.38
871.23	1212.32
871.41	1219.30
871.59	1204.76
871.76	1218.56
871.94	1206.38
872.12	1218.21
872.30	1202.38
872.48	1216.27
872.65	1209.39
872.83	1209.53
873.01	1206.38
873.19	1220.02
873.37	1216.66
873.54	1215.08
873.72	1206.75
873.90	1209.47
874.08	1206.83
874.26	1218.95
874.43	1206.64
874.61	1221.04
874.79	1203.96
874.97	1220.34
875.15	1208.73
875.32	1216.19
875.50	1212.79
875.68	1208.55
875.86	1205.95
876.03	1214.88
876.21	1210.88
876.39	1213.34
876.57	1211.11
876.74	1214.77
876.92	1206.23
877.10	1221.33
877.28	1204.68
877.45	1213.03
877.63	1204.88
877.81	1214.42
877.99	1209.90
878.17	1217.39
878.34	1205.86
878.52	1210.43
878.70	1212.46
878.87	1221.39
879.05	1209.22
879.23	1208.36
879.41	1208.14
879.58	1218.79
879.76	1212.79
879.94	1212.13
880.12	1213.13
880.29	1223.17
880.47	1212.54
880.65	1212.44
880.83	1208.85
881.00	1204.64
881.18	1213.13
881.36	1218.23
881.53	1209.00
881.71	1215.06
881.89	1211.07
882.07	1219.73
882.24	1212.64
882.42	1215.55
882.60	1202.98
882.77	1213.34
882.95	1212.44
883.13	1214.96
883.30	1210.64
883.48	1213.56
883.66	1204.88
883.84	1216.33
884.01	1207.22
884.19	1211.76
884.37	1207.61
884.54	1220.84
884.72	1211.11
884.90	1208.92
885.07	1202.22
885.25	1220.61
885.43	1204.37
885.60	1220.51
885.78	1215.45
885.96	1221.43
886.13	1205.97
886.31	1215.20
886.49	1215.04
886.66	1217.85
886.84	1205.88
887.02	1214.81
887.19	1209.98
887.37	1209.14
887.55	1209.00
887.72	1217.54
887.90	1209.20
888.08	1212.95
888.25	1207.77
888.43	1214.16
888.61	1205.66
888.78	1213.91
888.96	1208.55
889.14	1212.36
889.31	1206.09
889.49	1214.18
889.67	1210.04
889.84	1221.27
890.02	1208.40
890.19	1220.28
890.37	1209.71
890.55	1224.48
890.72	1204.78
890.90	1216.43
891.08	1207.11
891.25	1209.43
891.43	1207.69
891.60	1218.40
891.78	1209.04
891.96	1213.93
892.13	1208.73
892.31	1215.72
892.48	1205.91
892.66	1221.53
892.84	1210.84
893.01	1216.72
893.19	1207.91
893.36	1212.62
893.54	1209.14
893.72	1211.33
893.89	1211.48
894.07	1214.34
894.24	1206.05
894.42	1233.37
894.60	1218.17
894.77	1221.24
894.95	1216.62
895.12	1214.75
895.30	1207.77
895.48	1213.71
895.65	1215.65
895.83	1219.28
896.00	1210.33
896.18	1216.62
896.35	1208.40
896.53	1217.48
896.71	1210.39
896.88	1211.35
897.06	1209.39
897.23	1216.47
897.41	1204.68
897.58	1218.66
897.76	1204.35
897.93	1215.39
898.11	1212.81
898.29	1212.48
898.46	1206.62
898.64	1218.64
898.81	1209.94
898.99	1211.64
899.16	1217.56
899.34	1216.23
899.51	1207.97
899.69	1211.93
899.86	1206.77
900.04	1216.92
900.21	1217.01
900.39	1218.93
900.57	1205.43
900.74	1218.40
900.92	1205.74
901.09	1217.25
901.27	1202.85
901.44	1219.05
901.62	1210.80
901.79	1216.78
901.97	1198.84
902.14	1212.99
902.32	1202.49
902.49	1212.34
902.67	1206.77
902.84	1217.76
903.02	1212.09
903.19	1216.33
903.37	1210.33
903.54	1217.42
903.72	1206.89
903.89	1212.85
904.07	1206.46
904.24	1210.86
904.42	1204.90
904.59	1220.02
904.77	1209.84
904.94	1221.27
905.12	1211.89
905.29	1216.68
905.47	1204.47
905.64	1214.36
905.82	1204.33
905.99	1215.10
906.16	1210.14
906.34	1216.21
906.51	1202.44
906.69	1217.85
906.86	1206.48
907.04	1209.90
907.21	1207.99
907.39	1209.88
907.56	1210.92
907.74	1214.42
907.91	1211.13
908.09	1215.02
908.26	1209.14
908.43	1213.85
908.61	1207.30
908.78	1211.74
908.96	1214.12
909.13	1209.96
909.31	1217.48
909.48	1217.11
909.65	1212.81
909.83	1213.69
910.00	1211.27
910.18	1211.23
910.35	1205.86
910.53	1208.51
910.70	1217.03
910.87	1213.71
911.05	1209.84
911.22	1217.50
911.40	1207.11
911.57	1211.89
911.75	1212.01
911.92	1216.98
912.09	1206.64
912.27	1215.10
912.44	1216.47
912.62	1212.75
912.79	1200.17
912.96	1215.53
913.14	1207.13
913.31	1215.84
913.49	1208.16
913.66	1219.63
913.83	1210.88
914.01	1213.05
914.18	1211.11
914.36	1213.81
914.53	1206.68
914.70	1215.67
914.88	1206.44
915.05	1212.11
915.22	1206.56
915.40	1215.04
915.57	1203.20
915.75	1210.49
915.92	1205.95
916.09	1217.68
916.27	1220.67
916.44	1217.54
916.61	1208.49
916.79	1212.17
916.96	1206.79
917.13	1220.84
917.31	1208.85
917.48	1217.33
917.66	1204.51
917.83	1219.46
918.00	1206.19
918.18	1210.08
918.35	1207.95
918.52	1218.73
918.70	1206.66
918.87	1219.42
919.04	1210.43
919.22	1218.91
919.39	1215.51
919.56	1217.09
919.74	1214.02
919.91	1205.99
920.08	1204.64
920.26	1217.85
920.43	1209.84
920.60	1217.89
920.78	1209.22
920.95	1223.91
921.12	1213.18
921.29	1214.18
921.47	1212.36
921.64	1209.26
921.81	1212.83
921.99	1211.70
922.16	1207.24
922.33	1211.05
922.51	1211.25
922.68	1219.16
922.85	1214.67
923.03	1206.83
923.20	1203.69
923.37	1216.96
923.54	1211.03
923.72	1209.67
923.89	1214.02
924.06	1211.48
924.24	1212.81
924.41	1219.22
924.58	1210.49
924.75	1210.78
924.93	1210.27
925.10	1211.97
925.27	1209.57
925.44	1214.94
925.62	1219.57
925.79	1208.61
925.96	1210.86
926.14	1214.59
926.31	1208.75
926.48	1212.66
926.65	1210.53
926.83	1210.98
927.00	1215.06
927.17	1217.37
927.34	1205.76
927.52	1205.58
927.69	1210.08
927.86	1216.19
928.03	1207.71
928.21	1219.16
928.38	1204.19
928.55	1210.10
928.72	1203.71
928.89	1210.10
929.07	1210.64
929.24	1214.18
929.41	1209.33
929.58	1213.52
929.76	1213.71
929.93	1212.70
930.10	1202.03
930.27	1214.49
930.44	1209.39
930.62	1215.59
930.79	1213.32
930.96	1213.67
931.13	1205.33
931.31	1210.53
931.48	1210.82
931.65	1217.48
931.82	1215.12
931.99	1206.38
932.17	1206.87
932.34	1218.30
932.51	1212.21
932.68	1212.54
932.85	1212.40
933.03	1219.91
933.20	1207.73
933.37	1217.93
933.54	1213.91
933.71	1224.09
933.88	1212.36
934.06	1208.14
934.23	1200.21
934.40	1218.34
934.57	1212.70
934.74	1217.03
934.91	1212.27
935.09	1223.31
935.26	1207.11
935.43	1214.10
935.60	1208.40
935.77	1209.90
935.94	1206.25
936.12	1212.54
936.29	1208.92
936.46	1216.02
936.63	1200.19
936.80	1212.58
936.97	1212.07
937.14	1208.87
937.32	1210.19
937.49	1216.62
937.66	1211.31
937.83	1215.29
938.00	1203.10
938.17	1220.16
938.34	1207.32
938.52	1215.47
938.69	1208.49
938.86	1215.26
939.03	1208.65
939.20	1212.95
939.37	1203.30
939.54	1213.73
939.71	1212.27
939.89	1209.90
940.06	1207.18
940.23	1214.34
940.40	1207.38
940.57	1217.09
940.74	1209.00
940.91	1211.60
941.08	1202.20
941.25	1217.70
941.43	1207.67
941.60	1214.08
941.77	1210.90
941.94	1219.71
942.11	1204.49
942.28	1221.72
942.45	1210.88
942.62	1212.50
942.79	1211.74
942.96	1215.43
943.13	1208.75
943.30	1215.74
943.48	1203.22
943.65	1218.46
943.82	1207.56
943.99	1213.99
944.16	1205.95
944.33	1214.49
944.50	1203.61
944.67	1210.64
944.84	1209.22
945.01	1224.17
945.18	1201.65
945.35	1211.74
945.52	1207.52
945.69	1211.35
945.86	1214.63
946.03	1211.39
946.21	1208.55
946.38	1214.61
946.55	1206.48
946.72	1220.90
946.89	1214.49
947.06	1213.05
947.23	1222.19
947.40	1216.08
947.57	1212.36
947.74	1215.35
947.91	1205.45
948.08	1216.35
948.25	1205.48
948.42	1215.55
948.59	1210.25
948.76	1220.06
948.93	1206.46
949.10	1209.59
949.27	1205.41
949.44	1218.07
949.61	1206.50
949.78	1220.08
949.95	1209.26
950.12	1211.82
950.29	1203.94
950.46	1217.05
950.63	1205.50
950.80	1212.68
950.97	1206.66
951.14	1218.05
951.31	1201.75
951.48	1207.20
951.65	1208.32
951.82	1220.88
951.99	1208.63
952.16	1219.36
952.33	1211.05
952.50	1215.74
952.67	1209.16
952.84	1214.18
953.01	1199.54
953.18	1219.28
953.35	1207.07
953.52	1209.88
953.69	1212.73
953.86	1218.40
954.03	1210.96
954.20	1213.46
954.37	1217.29
954.54	1214.55
954.70	1206.72
954.87	1216.31
955.04	1203.51
955.21	1219.14
955.38	1202.81
955.55	1214.65
955.72	1204.25
955.89	1218.58
956.06	1211.84
956.23	1213.03
956.40	1204.90
956.57	1212.38
956.74	1214.92
956.91	1213.40
957.08	1210.39
957.25	1215.04
957.41	1214.49
957.58	1214.94
957.75	1203.96
957.92	1211.66
958.09	1211.05
958.26	1216.68
958.43	1205.68
958.60	1217.35
958.77	1205.56
958.94	1209.18
959.11	1212.50
959.27	1219.50
959.44	1215.43
959.61	1215.67
959.78	1205.52
959.95	1214.40
960.12	1213.30
960.29	1220.22
960.46	1208.49
960.63	1217.68
960.80	1210.06
960.96	1208.55
961.13	1205.15
961.30	1217.87
961.47	1214.69
961.64	1212.83
961.81	1207.48
961.98	1216.04
962.15	1207.77
962.31	1211.09
962.48	1207.11
962.65	1212.54
962.82	1209.10
962.99	1216.12
963.16	1206.75
963.33	1211.60
963.49	1213.13
963.66	1215.14
963.83	1212.58
964.00	1214.20
964.17	1210.60
964.34	1210.37
964.51	1201.69
964.67	1220.86
964.84	1205.62
965.01	1236.36
965.18	1206.56
965.35	1214.69
965.52	1212.25
965.68	1210.08
965.85	1207.01
966.02	1214.71
966.19	1214.71
966.36	1209.41
966.52	1200.91
966.69	1224.48
966.86	1201.52
967.03	1213.95
967.20	1206.64
967.37	1218.68
967.53	1206.07
967.70	1215.08
967.87	1203.20
968.04	1216.90
968.21	1203.88
968.37	1221.10
968.54	1209.00
968.71	1211.19
968.88	1210.08
969.05	1208.16
969.21	1205.35
969.38	1212.73
969.55	1205.05
969.72	1218.71
969.89	1206.38
970.05	1215.59
970.22	1209.06
970.39	1215.43
970.56	1206.95
970.72	1218.34
970.89	1214.88
971.06	1215.61
971.23	1203.88
971.39	1211.68
971.56	1213.85
971.73	1212.09
971.90	1211.76
972.07	1209.86
972.23	1207.67
972.40	1214.49
972.57	1206.38
972.74	1216.33
972.90	1208.04
973.07	1215.57
973.24	1207.22
973.40	1210.02
973.57	1213.36
973.74	1212.56
973.91	1203.78
974.07	1211.89
974.24	1205.19
974.41	1221.65
974.58	1203.73
974.74	1211.21
974.91	1213.73
975.08	1217.29
975.25	1206.19
975.41	1215.84
975.58	1205.39
975.75	1215.18
975.91	1201.05
976.08	1213.77
976.25	1206.05
976.42	1206.87
976.58	1209.61
976.75	1215.57
976.92	1210.08
977.08	1210.96
977.25	1213.07
977.42	1209.04
977.58	1208.38
977.75	1216.88
977.92	1206.72
978.08	1216.66
978.25	1205.74
978.42	1209.31
978.59	1210.17
978.75	1216.53
978.92	1214.71
979.09	1214.51
979.25	1206.85
979.42	1220.06
979.59	1204.19
979.75	1209.96
979.92	1202.34
980.09	1216.21
980.25	1208.77
980.42	1212.09
980.59	1207.09
980.75	1213.18
980.92	1200.31
981.09	1214.65
981.25	1207.89
981.42	1210.78
981.59	1201.54
981.75	1213.61
981.92	1207.75
982.08	1206.27
982.25	1207.79
982.42	1212.89
982.58	1205.68
982.75	1220.16
982.92	1206.44
983.08	1212.87
983.25	1208.42
983.42	1206.03
983.58	1212.58
983.75	1208.94
983.91	1208.69
984.08	1210.33
984.25	1209.86
984.41	1210.55
984.58	1212.54
984.74	1215.00
984.91	1206.13
985.08	1214.65
985.24	1208.81
985.41	1214.96
985.57	1204.39
985.74	1216.49
985.91	1209.37
986.07	1224.46
986.24	1207.20
986.40	1216.21
986.57	1207.15
986.74	1215.39
986.90	1211.99
987.07	1205.91
987.23	1211.15
987.40	1212.89
987.57	1204.25
987.73	1210.80
987.90	1201.93
988.06	1209.67
988.23	1206.85
988.39	1218.13
988.56	1204.33
988.73	1211.33
988.89	1208.55
989.06	1219.40
989.22	1204.57
989.39	1220.57
989.55	1208.73
989.72	1218.85
989.88	1207.63
990.05	1206.93
990.22	1209.96
990.38	1216.06
990.55	1210.08
990.71	1222.94
990.88	1213.36
991.04	1217.50
991.21	1204.66
991.37	1213.34
991.54	1208.77
991.70	1218.99
991.87	1209.26
992.03	1214.16
992.20	1207.89
992.36	1217.87
992.53	1208.67
992.69	1218.23
992.86	1206.46
993.03	1206.36
993.19	1210.35
993.36	1216.43
993.52	1209.86
993.69	1218.52
993.85	1215.02
994.02	1210.60
994.18	1207.28
994.35	1216.66
994.51	1210.04
994.68	1211.68
994.84	1209.31
995.01	1210.66
995.17	1211.82
995.34	1216.62
995.50	1202.26
995.66	1222.27
995.83	1209.10
995.99	1218.40
996.16	1201.87
996.32	1215.55
996.49	1203.96
996.65	1210.45
996.82	1210.43
996.98	1216.62
997.15	1212.56
997.31	1219.67
997.48	1200.25
997.64	1210.00
997.81	1203.61
997.97	1218.71
998.13	1202.92
998.30	1216.29
998.46	1206.36
998.63	1213.36
998.79	1210.80
998.96	1212.27
999.12	1216.39
999.29	1213.09
999.45	1204.10
999.61	1206.34
999.78	1211.72
999.94	1216.53
1000.11	1206.93
1000.27	1209.76
1000.44	1205.48
1000.60	1212.95
1000.76	1207.65
1000.93	1220.94
1001.09	1209.63
1001.26	1217.72
1001.42	1207.83
1001.59	1217.97
1001.75	1212.23
1001.91	1222.19
1002.08	1215.02
1002.24	1212.03
1002.41	1212.46
1002.57	1216.94
1002.73	1199.90
1002.90	1211.29
1003.06	1212.44
1003.23	1213.65
1003.39	1213.16
1003.55	1213.34
1003.72	1211.56
1003.88	1208.73
1004.04	1203.00
1004.21	1213.89
1004.37	1206.77
1004.54	1214.02
1004.70	1213.16
1004.86	1216.66
1005.03	1208.92
1005.19	1211.11
1005.35	1209.10
1005.52	1207.97
1005.68	1204.88
1005.85	1216.29
1006.01	1209.22
1006.17	1213.20
1006.34	1203.88
1006.50	1213.48
1006.66	1207.83
1006.83	1218.83
1006.99	1207.28
1007.15	1209.31
1007.32	1202.87
1007.48	1216.10
1007.64	1204.92
1007.81	1208.69
1007.97	1210.00
1008.13	1215.02
1008.30	1209.57
1008.46	1209.02
1008.62	1210.39
1008.79	1210.90
1008.95	1209.61
1009.11	1214.12
1009.28	1208.49
1009.44	1217.09
1009.60	1208.65
1009.77	1216.90
1009.93	1211.78
1010.09	1210.86
1010.25	1210.23
1010.42	1211.76
1010.58	1210.25
1010.74	1213.36
1010.91	1204.70
1011.07	1216.00
1011.23	1207.67
1011.40	1216.80
1011.56	1214.55
1011.72	1211.15
1011.88	1208.12
1012.05	1216.55
1012.21	1210.35
1012.37	1213.85
1012.54	1211.11
1012.70	1223.19
1012.86	1210.86
1013.02	1213.26
1013.19	1207.61
1013.35	1217.44
1013.51	1208.96
1013.67	1213.65
1013.84	1212.50
1014.00	1215.78
1014.16	1206.64
1014.33	1214.73
1014.49	1208.79
1014.65	1210.17
1014.81	1197.22
1014.98	1221.33
1015.14	1207.36
1015.30	1209.84
1015.46	1214.57
1015.62	1209.00
1015.79	1210.25
1015.95	1214.94
1016.11	1205.11
1016.27	1219.44
1016.44	1204.06
1016.60	1213.79
1016.76	1205.72
1016.92	1214.75
1017.09	1212.79
1017.25	1213.54
1017.41	1211.23
1017.57	1214.40
1017.73	1205.99
1017.90	1215.47
1018.06	1202.38
1018.22	1212.79
1018.38	1202.89
1018.54	1212.44
1018.71	1208.04
1018.87	1213.09
1019.03	1208.75
1019.19	1214.45
1019.35	1212.25
1019.52	1219.32
1019.68	1203.92
1019.84	1222.23
1020.00	1209.49
1020.16	1214.30
1020.33	1207.34
1020.49	1212.42
1020.65	1207.13
1020.81	1218.25
1020.97	1213.61
1021.13	1211.97
1021.30	1215.10
1021.46	1218.32
1021.62	1204.33
1021.78	1215.16
1021.94	1211.66
1022.10	1215.47
1022.27	1208.90
1022.43	1214.88
1022.59	1206.03
1022.75	1219.50
1022.91	1208.59
1023.07	1213.81
1023.24	1208.36
1023.40	1210.27
1023.56	1207.89
1023.72	1216.88
1023.88	1212.52
1024.04	1213.44
1024.20	1213.24
1024.36	1217.58
1024.53	1213.01
1024.69	1219.57
1024.85	1205.64
1025.01	1220.00
1025.17	1215.84
1025.33	1222.80
1025.49	1214.14
1025.65	1207.11
1025.82	1206.13
1025.98	1219.16
1026.14	1203.61
1026.30	1219.93
1026.46	1208.06
1026.62	1208.16
1026.78	1201.69
1026.94	1223.03
1027.10	1207.30
1027.26	1213.63
1027.43	1211.58
1027.59	1217.87
1027.75	1209.31
1027.91	1217.87
1028.07	1213.05
1028.23	1216.29
1028.39	1207.63
1028.55	1212.81
1028.71	1207.83
1028.87	1206.29
1029.03	1210.17
1029.19	1215.06
1029.36	1204.64
1029.52	1215.14
1029.68	1202.89
1029.84	1213.36
1030.00	1214.45
1030.16	1217.78
1030.32	1213.56
1030.48	1212.89
1030.64	1216.53
1030.80	1219.69
1030.96	1205.70
1031.12	1216.55
1031.28	1209.02
1031.44	1218.30
1031.60	1208.92
1031.76	1207.99
1031.92	1209.14
1032.08	1230.67
1032.24	1208.90
1032.40	1217.58
1032.56	1208.79
1032.73	1217.37
1032.89	1206.68
1033.05	1213.71
1033.21	1203.47
1033.37	1213.36
1033.53	1208.98
1033.69	1220.77
1033.85	1214.40
1034.01	1216.02
1034.17	1210.12
1034.33	1214.26
1034.49	1212.97
1034.65	1218.50
1034.81	1206.19
1034.97	1218.25
1035.13	1216.39
1035.29	1220.75
1035.45	1209.00
1035.61	1217.95
1035.77	1209.74
1035.93	1214.02
1036.09	1211.29
1036.25	1208.36
1036.41	1213.75
1036.57	1219.05
1036.73	1206.87
1036.88	1222.60
1037.04	1214.34
