345.52	1197.55
345.73	1197.55
345.94	1197.55
346.16	1199.13
346.37	1200.93
346.58	1198.27
346.79	1207.20
347.00	1205.41
347.22	1201.07
347.43	1207.63
347.64	1208.47
347.85	1201.97
348.06	1215.18
348.28	1204.19
348.49	1201.67
348.70	1207.28
348.91	1204.80
349.12	1203.37
349.34	1201.89
349.55	1210.64
349.76	1208.30
349.97	1201.22
350.18	1212.11
350.40	1203.73
350.61	1203.86
350.82	1204.82
351.03	1209.39
351.24	1201.32
351.46	1211.60
351.67	1210.92
351.88	1210.21
352.09	1203.57
352.30	1210.64
352.51	1205.11
352.73	1218.64
352.94	1202.49
353.15	1212.42
353.36	1198.45
353.57	1213.46
353.79	1204.90
354.00	1208.49
354.21	1203.61
354.42	1216.60
354.63	1199.99
354.84	1212.03
355.06	1202.38
355.27	1220.30
355.48	1215.84
355.69	1213.34
355.90	1201.13
356.11	1214.61
356.33	1205.56
356.54	1208.30
356.75	1214.26
356.96	1209.71
357.17	1205.25
357.38	1211.70
357.60	1207.28
357.81	1214.45
358.02	1208.59
358.23	1218.64
358.44	1208.77
358.65	1212.23
358.87	1210.76
359.08	1210.72
359.29	1205.70
359.50	1213.73
359.71	1204.47
359.92	1217.58
360.13	1207.99
360.35	1213.91
360.56	1206.03
360.77	1213.42
360.98	1200.33
361.19	1214.38
361.40	1207.93
361.62	1207.77
361.83	1205.88
362.04	1212.05
362.25	1211.80
362.46	1212.93
362.67	1209.24
362.88	1215.57
363.10	1203.84
363.31	1211.27
363.52	1205.95
363.73	1210.51
363.94	1209.78
364.15	1211.41
364.36	1208.87
364.57	1214.12
364.79	1204.19
365.00	1209.04
365.21	1210.96
365.42	1210.14
365.63	1205.80
365.84	1215.37
366.05	1202.65
366.27	1213.89
366.48	1204.47
366.69	1211.80
366.90	1204.29
367.11	1210.84
367.32	1213.20
367.53	1211.52
367.74	1203.96
367.95	1221.84
368.17	1212.36
368.38	1212.52
368.59	1203.14
368.80	1210.53
369.01	1202.59
369.22	1211.60
369.43	1201.44
369.64	1212.19
369.86	1211.31
370.07	1215.86
370.28	1206.56
370.49	1214.96
370.70	1213.63
370.91	1215.98
371.12	1207.34
371.33	1208.94
371.54	1205.15
371.76	1208.81
371.97	1205.70
372.18	1213.32
372.39	1209.37
372.60	1211.35
372.81	1211.54
373.02	1205.88
373.23	1202.28
373.44	1210.31
373.65	1207.15
373.87	1208.40
374.08	1210.98
374.29	1217.82
374.50	1201.30
374.71	1213.95
374.92	1206.27
375.13	1219.83
375.34	1209.63
375.55	1211.60
375.76	1207.69
375.97	1213.54
376.19	1209.92
376.40	1215.10
376.61	1214.47
376.82	1215.26
377.03	1207.32
377.24	1214.86
377.45	1205.93
377.66	1211.74
377.87	1213.03
378.08	1216.39
378.29	1208.92
378.50	1209.86
378.71	1207.83
378.93	1217.09
379.14	1206.42
379.35	1216.15
379.56	1207.75
379.77	1216.64
379.98	1200.64
380.19	1212.81
380.40	1214.73
380.61	1209.47
380.82	1214.79
381.03	1214.38
381.24	1208.18
381.45	1203.98
381.66	1215.06
381.88	1213.79
382.09	1211.07
382.30	1208.96
382.51	1208.65
382.72	1217.56
382.93	1203.16
383.14	1206.23
383.35	1209.88
383.56	1211.66
383.77	1210.94
383.98	1211.93
384.19	1206.60
384.40	1213.87
384.61	1207.89
384.82	1220.65
385.03	1204.62
385.24	1219.89
385.45	1202.40
385.67	1221.04
385.88	1204.04
386.09	1221.67
386.30	1210.17
386.51	1204.10
386.72	1198.68
386.93	1210.33
387.14	1208.96
387.35	1206.07
387.56	1214.14
387.77	1209.84
387.98	1204.33
388.19	1214.83
388.40	1208.38
388.61	1215.96
388.82	1207.77
389.03	1210.33
389.24	1211.97
389.45	1213.32
389.66	1200.89
389.87	1210.14
390.08	1210.43
390.29	1219.05
390.50	1205.07
390.71	1210.66
390.92	1204.55
391.13	1219.69
391.34	1208.22
391.55	1219.65
391.76	1210.25
391.98	1214.32
392.19	1207.67
392.40	1217.35
392.61	1202.24
392.82	1220.43
393.03	1210.25
393.24	1212.56
393.45	1206.54
393.66	1214.63
393.87	1206.01
394.08	1212.05
394.29	1215.06
394.50	1213.85
394.71	1212.50
394.92	1216.70
395.13	1210.66
395.34	1210.06
395.55	1210.39
395.76	1214.14
395.97	1212.64
396.18	1216.12
396.39	1205.97
396.60	1211.23
396.81	1208.79
397.02	1220.75
397.23	1215.43
397.44	1211.50
397.65	1211.60
397.86	1221.41
398.07	1204.66
398.28	1214.40
398.49	1209.12
398.70	1213.44
398.91	1208.92
399.12	1216.45
399.33	1201.44
399.54	1213.79
399.75	1208.96
399.96	1215.14
400.17	1209.74
400.38	1214.06
400.59	1204.10
400.80	1212.40
401.01	1208.67
401.22	1216.47
401.42	1208.96
401.63	1209.22
401.84	1206.29
402.05	1213.61
402.26	1209.33
402.47	1213.61
402.68	1206.29
402.89	1214.73
403.10	1203.08
403.31	1217.70
403.52	1212.34
403.73	1213.97
403.94	1208.10
404.15	1218.54
404.36	1200.91
404.57	1217.97
404.78	1209.98
404.99	1216.06
405.20	1206.62
405.41	1211.54
405.62	1210.41
405.83	1213.26
406.04	1211.43
406.25	1214.88
406.46	1206.81
406.67	1213.24
406.88	1204.98
407.09	1212.52
407.30	1212.50
407.50	1213.91
407.71	1211.07
407.92	1219.18
408.13	1206.19
408.34	1219.01
408.55	1217.23
408.76	1214.47
408.97	1208.59
409.18	1218.09
409.39	1210.96
409.60	1219.83
409.81	1210.27
410.02	1217.25
410.23	1206.23
410.44	1212.62
410.65	1199.76
410.86	1209.96
411.07	1211.31
411.27	1219.81
411.48	1212.75
411.69	1213.54
411.90	1209.18
412.11	1218.07
412.32	1212.60
412.53	1211.66
412.74	1209.47
412.95	1217.15
413.16	1210.92
413.37	1215.78
413.58	1211.74
413.79	1219.95
414.00	1210.08
414.20	1221.53
414.41	1213.79
414.62	1219.18
414.83	1206.62
415.04	1221.59
415.25	1217.76
415.46	1218.52
415.67	1207.40
415.88	1215.47
416.09	1211.60
416.30	1211.80
416.51	1211.07
416.71	1217.87
416.92	1210.10
417.13	1218.58
417.34	1210.82
417.55	1224.30
417.76	1212.99
417.97	1217.15
418.18	1213.95
418.39	1229.19
418.60	1220.10
418.81	1219.65
419.01	1218.83
419.22	1220.32
419.43	1214.34
419.64	1222.29
419.85	1214.38
420.06	1225.30
420.27	1212.17
420.48	1218.79
420.69	1212.46
420.90	1219.32
421.10	1223.19
421.31	1223.74
421.52	1218.52
421.73	1214.59
421.94	1225.61
422.15	1227.68
422.36	1218.42
422.57	1228.27
422.78	1218.54
422.98	1228.74
423.19	1221.67
423.40	1222.31
423.61	1218.83
423.82	1226.30
424.03	1221.88
424.24	1224.01
424.45	1212.09
424.65	1223.05
424.86	1216.08
425.07	1228.80
425.28	1217.25
425.49	1226.55
425.70	1221.24
425.91	1225.36
426.12	1216.58
426.32	1217.60
426.53	1212.27
426.74	1219.75
426.95	1214.24
427.16	1219.73
427.37	1207.69
427.58	1213.97
427.78	1215.06
427.99	1219.09
428.20	1210.53
428.41	1220.59
428.62	1215.61
428.83	1211.46
429.04	1211.23
429.24	1220.84
429.45	1213.69
429.66	1218.34
429.87	1206.21
430.08	1213.69
430.29	1203.55
430.50	1216.98
430.70	1211.19
430.91	1221.22
431.12	1206.52
431.33	1215.88
431.54	1208.49
431.75	1220.84
431.96	1210.41
432.16	1209.90
432.37	1206.93
432.58	1212.79
432.79	1206.03
433.00	1211.05
433.21	1210.86
433.41	1209.02
433.62	1211.56
433.83	1213.81
434.04	1206.19
434.25	1211.80
434.46	1209.24
434.66	1212.89
434.87	1212.03
435.08	1206.56
435.29	1205.00
435.50	1210.55
435.71	1207.46
435.91	1211.50
436.12	1206.91
436.33	1215.41
436.54	1207.69
436.75	1213.65
436.95	1204.19
437.16	1214.02
437.37	1202.10
437.58	1212.44
437.79	1215.90
438.00	1211.99
438.20	1210.29
438.41	1216.74
438.62	1209.10
438.83	1210.31
439.04	1206.21
439.24	1218.17
439.45	1206.15
439.66	1218.87
439.87	1208.28
440.08	1212.52
440.28	1213.18
440.49	1208.04
440.70	1206.56
440.91	1214.08
441.12	1211.00
441.32	1219.03
441.53	1208.24
441.74	1207.95
441.95	1208.40
442.16	1215.14
442.36	1211.84
442.57	1212.23
442.78	1215.12
442.99	1210.19
443.20	1208.38
443.40	1215.88
443.61	1205.52
443.82	1214.24
444.03	1203.90
444.24	1217.58
444.44	1204.78
444.65	1212.44
444.86	1209.67
445.07	1214.08
445.27	1213.46
445.48	1210.33
445.69	1214.02
445.90	1213.30
446.11	1205.80
446.31	1213.01
446.52	1203.61
446.73	1211.19
446.94	1211.95
447.14	1214.75
447.35	1207.03
447.56	1214.67
447.77	1208.16
447.97	1215.63
448.18	1205.74
448.39	1213.30
448.60	1208.32
448.81	1210.72
449.01	1208.53
449.22	1216.88
449.43	1204.23
449.64	1211.05
449.84	1209.28
450.05	1215.63
450.26	1206.48
450.47	1220.55
450.67	1205.86
450.88	1217.54
451.09	1208.18
451.30	1215.31
451.50	1212.68
451.71	1212.91
451.92	1210.10
452.13	1214.45
452.33	1211.50
452.54	1211.89
452.75	1210.35
452.96	1217.31
453.16	1206.03
453.37	1207.13
453.58	1210.64
453.79	1211.52
453.99	1210.47
454.20	1209.94
454.41	1212.97
454.61	1214.83
454.82	1210.14
455.03	1215.63
455.24	1208.61
455.44	1217.76
455.65	1209.22
455.86	1217.29
456.07	1204.78
456.27	1209.45
456.48	1203.59
456.69	1217.66
456.90	1214.69
457.10	1217.78
457.31	1210.04
457.52	1213.81
457.72	1212.81
457.93	1213.40
458.14	1210.64
458.35	1214.57
458.55	1211.89
458.76	1207.40
458.97	1207.99
459.17	1212.17
459.38	1214.83
459.59	1213.77
459.80	1209.86
460.00	1219.93
460.21	1202.53
460.42	1218.28
460.62	1209.16
460.83	1220.43
461.04	1211.17
461.25	1218.46
461.45	1209.55
461.66	1217.66
461.87	1208.01
462.07	1217.52
462.28	1203.47
462.49	1206.40
462.69	1209.80
462.90	1218.17
463.11	1211.50
463.31	1219.54
463.52	1208.94
463.73	1218.68
463.94	1206.23
464.14	1211.17
464.35	1209.16
464.56	1212.56
464.76	1214.38
464.97	1218.81
465.18	1206.19
465.38	1212.99
465.59	1208.55
465.80	1211.91
466.00	1213.81
466.21	1212.09
466.42	1209.41
466.62	1212.03
466.83	1210.49
467.04	1214.57
467.24	1216.72
467.45	1215.72
467.66	1203.06
467.86	1217.76
468.07	1209.35
468.28	1208.24
468.48	1212.38
468.69	1216.49
468.90	1209.84
469.10	1207.18
469.31	1210.60
469.52	1214.73
469.72	1199.19
469.93	1211.43
470.14	1209.14
470.34	1215.94
470.55	1203.53
470.76	1224.17
470.96	1204.76
471.17	1218.62
471.38	1211.58
471.58	1208.18
471.79	1212.44
472.00	1214.77
472.20	1204.02
472.41	1216.60
472.62	1207.63
472.82	1215.20
473.03	1207.46
473.24	1210.04
473.44	1219.11
473.65	1214.22
473.85	1205.66
474.06	1219.14
474.27	1215.10
474.47	1214.16
474.68	1205.41
474.89	1214.32
475.09	1206.07
475.30	1222.19
475.51	1210.64
475.71	1216.66
475.92	1209.14
476.12	1211.21
476.33	1209.90
476.54	1212.54
476.74	1203.65
476.95	1217.93
477.16	1208.92
477.36	1214.16
477.57	1205.72
477.77	1211.17
477.98	1214.69
478.19	1217.29
478.39	1210.76
478.60	1214.51
478.81	1206.09
479.01	1216.62
479.22	1211.48
479.42	1215.59
479.63	1207.30
479.84	1213.20
480.04	1204.16
480.25	1215.90
480.45	1212.48
480.66	1217.66
480.87	1205.97
481.07	1217.03
481.28	1209.08
481.48	1210.74
481.69	1206.42
481.90	1209.98
482.10	1210.72
482.31	1217.66
482.51	1211.43
482.72	1206.66
482.93	1203.90
483.13	1215.80
483.34	1209.06
483.54	1213.93
483.75	1209.76
483.96	1207.63
484.16	1206.50
484.37	1215.88
484.57	1204.19
484.78	1214.88
484.99	1207.95
485.19	1210.25
485.40	1206.62
485.60	1215.06
485.81	1208.92
486.01	1214.55
486.22	1214.98
486.43	1216.23
486.63	1211.46
486.84	1213.46
487.04	1217.31
487.25	1217.05
487.46	1207.22
487.66	1207.77
487.87	1206.13
488.07	1214.06
488.28	1211.84
488.48	1214.59
488.69	1210.74
488.89	1216.78
489.10	1209.35
489.31	1211.48
489.51	1205.70
489.72	1214.24
489.92	1214.83
490.13	1220.14
490.33	1208.28
490.54	1215.39
490.75	1210.68
490.95	1214.75
491.16	1207.61
491.36	1205.05
491.57	1198.49
491.77	1213.34
491.98	1208.51
492.18	1211.41
492.39	1208.20
492.59	1207.28
492.80	1204.12
493.01	1221.29
493.21	1209.96
493.42	1209.16
493.62	1211.03
493.83	1204.35
494.03	1197.53
494.24	1208.30
494.44	1208.06
494.65	1216.04
494.85	1210.86
495.06	1216.04
495.26	1213.85
495.47	1212.91
495.68	1203.57
495.88	1210.37
496.09	1206.42
496.29	1223.66
496.50	1210.43
496.70	1214.75
496.91	1210.94
497.11	1216.02
497.32	1206.54
497.52	1219.59
497.73	1206.68
497.93	1216.47
498.14	1207.52
498.34	1214.02
498.55	1209.47
498.75	1220.34
498.96	1209.86
499.16	1212.46
499.37	1209.51
499.57	1213.59
499.78	1209.26
499.98	1212.19
500.19	1206.52
500.39	1211.80
500.60	1203.28
500.80	1214.79
501.01	1206.36
501.21	1211.03
501.42	1210.60
501.62	1209.02
501.83	1204.31
502.03	1208.63
502.24	1214.65
502.44	1219.16
502.65	1204.76
502.85	1216.04
503.06	1210.08
503.26	1210.84
503.47	1204.43
503.67	1206.52
503.88	1213.56
504.08	1212.75
504.29	1205.58
504.49	1215.74
504.70	1204.21
504.90	1217.95
505.11	1211.43
505.31	1211.76
505.52	1203.37
505.72	1208.10
505.93	1217.25
506.13	1217.48
506.34	1217.11
506.54	1221.08
506.75	1209.78
506.95	1208.59
507.16	1210.10
507.36	1209.84
507.56	1203.18
507.77	1209.88
507.97	1211.00
508.18	1218.89
508.38	1198.70
508.59	1212.44
508.79	1208.42
509.00	1209.51
509.20	1204.90
509.41	1213.77
509.61	1206.97
509.82	1219.44
510.02	1216.74
510.22	1211.21
510.43	1210.23
510.63	1212.27
510.84	1204.96
511.04	1212.60
511.25	1203.65
511.45	1211.89
511.66	1210.96
511.86	1211.97
512.06	1211.39
512.27	1215.90
512.47	1211.33
512.68	1214.63
512.88	1212.58
513.09	1209.45
513.29	1209.47
513.50	1214.42
513.70	1202.73
513.90	1209.80
514.11	1206.09
514.31	1220.63
514.52	1208.53
514.72	1213.87
514.93	1200.97
515.13	1215.51
515.33	1206.77
515.54	1220.57
515.74	1209.82
515.95	1208.44
516.15	1211.93
516.36	1220.61
516.56	1206.75
516.76	1209.96
516.97	1205.84
517.17	1216.68
517.38	1210.80
517.58	1213.89
517.78	1209.35
517.99	1214.94
518.19	1212.64
518.40	1212.32
518.60	1211.31
518.81	1216.27
519.01	1214.34
519.21	1213.42
519.42	1211.74
519.62	1210.49
519.83	1208.92
520.03	1213.28
520.23	1200.85
520.44	1219.11
520.64	1202.44
520.85	1208.18
521.05	1204.80
521.25	1213.50
521.46	1209.76
521.66	1217.70
521.86	1212.44
522.07	1213.65
522.27	1210.02
522.48	1217.17
522.68	1210.12
522.88	1211.62
523.09	1212.70
523.29	1215.94
523.50	1217.05
523.70	1215.24
523.90	1202.34
524.11	1213.38
524.31	1205.95
524.51	1218.07
524.72	1204.80
524.92	1212.89
525.13	1207.71
525.33	1217.50
525.53	1204.88
525.74	1215.88
525.94	1204.98
526.14	1216.62
526.35	1206.36
526.55	1216.74
526.76	1208.92
526.96	1217.70
527.16	1203.28
527.37	1210.74
527.57	1207.67
527.77	1223.15
527.98	1210.53
528.18	1213.32
528.38	1209.63
528.59	1210.70
528.79	1211.33
528.99	1216.70
529.20	1204.41
529.40	1212.66
529.61	1204.43
529.81	1214.55
530.01	1215.98
530.22	1214.96
530.42	1204.47
530.62	1214.49
530.83	1211.99
531.03	1210.25
531.23	1208.12
531.44	1215.92
531.64	1206.75
531.84	1211.60
532.05	1211.56
532.25	1213.69
532.45	1216.58
532.66	1218.60
532.86	1202.92
533.06	1218.09
533.27	1209.10
533.47	1209.59
533.67	1211.43
533.88	1216.39
534.08	1211.05
534.28	1212.64
534.49	1208.87
534.69	1219.22
534.89	1199.97
535.09	1210.27
535.30	1210.27
535.50	1209.31
535.70	1208.94
535.91	1214.61
536.11	1208.90
536.31	1211.00
536.52	1212.44
536.72	1213.91
536.92	1210.84
537.13	1214.83
537.33	1208.44
537.53	1212.73
537.74	1205.99
537.94	1211.80
538.14	1201.83
538.34	1217.15
538.55	1208.42
538.75	1220.96
538.95	1210.62
539.16	1214.53
539.36	1211.00
539.56	1209.57
539.77	1205.43
539.97	1211.91
540.17	1199.47
540.37	1219.69
540.58	1206.42
540.78	1211.23
540.98	1204.49
541.19	1214.06
541.39	1205.91
541.59	1215.63
541.79	1208.73
542.00	1214.22
542.20	1207.46
542.40	1209.96
542.60	1213.26
542.81	1218.89
543.01	1207.56
543.21	1222.41
543.42	1203.82
543.62	1215.37
543.82	1210.33
544.02	1218.13
544.23	1209.51
544.43	1213.93
544.63	1206.58
544.83	1214.69
545.04	1209.00
545.24	1217.35
545.44	1206.11
545.64	1221.14
545.85	1212.11
546.05	1219.95
546.25	1209.86
546.45	1213.16
546.66	1216.98
546.86	1218.03
547.06	1207.11
547.27	1220.02
547.47	1213.46
547.67	1214.90
547.87	1217.13
548.07	1205.95
548.28	1212.99
548.48	1215.41
548.68	1212.17
548.88	1218.93
549.09	1206.29
549.29	1207.79
549.49	1211.76
549.69	1214.10
549.90	1201.56
550.10	1209.20
550.30	1207.09
550.50	1205.95
550.71	1216.06
550.91	1216.21
551.11	1205.58
551.31	1219.34
551.51	1209.43
551.72	1216.02
551.92	1206.81
552.12	1210.06
552.32	1204.02
552.53	1210.00
552.73	1207.52
552.93	1215.61
553.13	1209.57
553.33	1216.92
553.54	1203.51
553.74	1216.96
553.94	1210.90
554.14	1213.24
554.35	1214.94
554.55	1221.82
554.75	1201.42
554.95	1218.25
555.15	1210.88
555.36	1214.88
555.56	1209.14
555.76	1209.71
555.96	1210.31
556.16	1210.45
556.37	1205.13
556.57	1215.43
556.77	1209.53
556.97	1212.62
557.17	1205.29
557.38	1213.36
557.58	1208.42
557.78	1211.54
557.98	1204.45
558.18	1215.53
558.38	1201.50
558.59	1211.64
558.79	1205.88
558.99	1215.00
559.19	1209.67
559.39	1215.63
559.60	1206.25
559.80	1217.48
560.00	1208.61
560.20	1216.47
560.40	1214.96
560.60	1205.19
560.81	1208.65
561.01	1210.47
561.21	1203.63
561.41	1212.32
561.61	1206.64
561.81	1214.88
562.02	1213.09
562.22	1212.05
562.42	1208.32
562.62	1214.98
562.82	1211.15
563.02	1219.18
563.23	1215.78
563.43	1215.29
563.63	1209.53
563.83	1214.86
564.03	1208.30
564.23	1216.29
564.43	1212.27
564.64	1215.84
564.84	1213.54
565.04	1215.82
565.24	1205.62
565.44	1211.52
565.64	1208.20
565.85	1215.84
566.05	1207.93
566.25	1213.59
566.45	1203.61
566.65	1214.36
566.85	1213.42
567.05	1215.29
567.25	1205.45
567.46	1208.67
567.66	1210.82
567.86	1220.61
568.06	1204.57
568.26	1213.26
568.46	1205.97
568.66	1209.65
568.86	1212.83
569.07	1215.61
569.27	1205.74
569.47	1211.31
569.67	1210.78
569.87	1214.73
570.07	1212.83
570.27	1210.51
570.47	1207.91
570.68	1214.14
570.88	1204.08
571.08	1217.93
571.28	1207.58
571.48	1212.85
571.68	1205.09
571.88	1215.18
572.08	1209.31
572.28	1215.24
572.49	1209.02
572.69	1211.74
572.89	1207.69
573.09	1215.31
573.29	1206.11
573.49	1213.67
573.69	1212.64
573.89	1217.09
574.09	1208.12
574.29	1207.93
574.50	1200.99
574.70	1209.98
574.90	1213.40
575.10	1216.90
575.30	1211.27
575.50	1214.45
575.70	1209.84
575.90	1212.48
576.10	1206.68
576.30	1213.48
576.50	1208.90
576.70	1215.51
576.91	1210.62
577.11	1212.89
577.31	1213.16
577.51	1216.08
577.71	1200.79
577.91	1221.88
578.11	1211.00
578.31	1220.47
578.51	1211.35
578.71	1219.34
578.91	1206.83
579.11	1209.43
579.31	1211.17
579.51	1220.00
579.71	1206.03
579.92	1214.65
580.12	1201.89
580.32	1219.18
580.52	1206.81
580.72	1205.45
580.92	1208.49
581.12	1218.52
581.32	1208.96
581.52	1213.01
581.72	1207.56
581.92	1212.64
582.12	1205.02
582.32	1217.91
582.52	1209.86
582.72	1218.44
582.92	1207.77
583.12	1213.59
583.32	1210.43
583.52	1207.67
583.72	1205.95
583.92	1213.81
584.12	1204.57
584.33	1213.71
584.53	1197.94
584.73	1219.77
584.93	1215.96
585.13	1215.43
585.33	1202.89
585.53	1218.99
585.73	1210.84
585.93	1220.10
586.13	1206.62
586.33	1218.83
586.53	1216.06
586.73	1216.60
586.93	1209.33
587.13	1218.40
587.33	1209.10
587.53	1215.20
587.73	1211.99
587.93	1209.98
588.13	1207.71
588.33	1220.88
588.53	1205.82
588.73	1216.49
588.93	1213.54
589.13	1212.58
589.33	1206.05
589.53	1218.87
589.73	1206.81
589.93	1207.63
590.13	1208.04
590.33	1207.30
590.53	1214.34
590.73	1215.88
590.93	1208.20
591.13	1216.55
591.33	1210.57
591.53	1220.75
591.73	1205.80
591.93	1214.24
592.13	1212.60
592.33	1221.80
592.53	1211.76
592.73	1216.90
592.93	1209.94
593.13	1218.58
593.33	1212.89
593.53	1213.03
593.73	1212.68
593.93	1217.33
594.13	1208.98
594.33	1218.89
594.53	1205.52
594.73	1214.38
594.92	1202.61
595.12	1217.99
595.32	1201.03
595.52	1212.40
595.72	1210.70
595.92	1219.75
596.12	1200.89
596.32	1212.30
596.52	1204.37
596.72	1219.18
596.92	1196.28
597.12	1210.70
597.32	1205.78
597.52	1210.78
597.72	1203.35
597.92	1217.95
598.12	1207.15
598.32	1215.14
598.52	1209.67
598.72	1212.05
598.92	1210.29
599.12	1209.08
599.31	1206.46
599.51	1215.16
599.71	1199.13
599.91	1216.04
600.11	1213.30
600.31	1209.94
600.51	1212.15
600.71	1216.35
600.91	1211.72
601.11	1210.80
601.31	1207.99
601.51	1211.29
601.71	1213.34
601.91	1218.13
602.10	1204.29
602.30	1213.97
602.50	1209.80
602.70	1213.42
602.90	1201.24
603.10	1216.31
603.30	1205.43
603.50	1217.15
603.70	1209.02
603.90	1214.08
604.10	1212.01
604.30	1213.11
604.49	1205.23
604.69	1213.22
604.89	1205.23
605.09	1215.86
605.29	1209.76
605.49	1211.27
605.69	1201.38
605.89	1216.84
606.09	1209.65
606.29	1213.75
606.48	1199.35
606.68	1217.66
606.88	1212.70
607.08	1212.58
607.28	1217.70
607.48	1216.37
607.68	1203.73
607.88	1211.64
608.08	1208.12
608.27	1216.60
608.47	1207.61
608.67	1219.22
608.87	1205.09
609.07	1215.72
609.27	1211.74
609.47	1210.47
609.67	1206.52
609.87	1220.34
610.06	1205.95
610.26	1211.35
610.46	1207.56
610.66	1207.50
610.86	1214.69
611.06	1206.21
611.26	1213.65
611.45	1216.45
611.65	1213.59
611.85	1209.28
612.05	1207.81
612.25	1211.91
612.45	1211.27
612.65	1224.95
612.84	1208.77
613.04	1214.45
613.24	1209.98
613.44	1213.97
613.64	1212.79
613.84	1213.18
614.04	1208.04
614.23	1223.15
614.43	1211.91
614.63	1210.66
614.83	1212.15
615.03	1215.10
615.23	1208.59
615.42	1215.76
615.62	1210.17
615.82	1213.81
616.02	1211.99
616.22	1214.26
616.42	1210.02
616.61	1212.56
616.81	1208.42
617.01	1215.08
617.21	1201.89
617.41	1221.04
617.61	1208.65
617.80	1211.37
618.00	1212.95
618.20	1221.31
618.40	1210.12
618.60	1224.46
618.80	1212.30
618.99	1216.58
619.19	1209.47
619.39	1219.63
619.59	1208.77
619.79	1212.46
619.98	1208.59
620.18	1217.58
620.38	1209.41
620.58	1211.56
620.78	1207.95
620.97	1209.45
621.17	1206.52
621.37	1206.68
621.57	1210.23
621.77	1213.36
621.96	1203.98
622.16	1209.18
622.36	1211.19
622.56	1210.19
622.76	1210.47
622.95	1222.68
623.15	1206.40
623.35	1211.35
623.55	1211.62
623.75	1214.67
623.94	1208.96
624.14	1210.84
624.34	1212.62
624.54	1209.67
624.73	1202.14
624.93	1208.67
625.13	1211.29
625.33	1218.40
625.53	1207.81
625.72	1214.08
625.92	1203.63
626.12	1211.11
626.32	1210.86
626.51	1213.83
626.71	1208.65
626.91	1214.36
627.11	1201.54
627.30	1211.62
627.50	1209.04
627.70	1219.32
627.90	1208.12
628.10	1221.74
628.29	1205.05
628.49	1216.53
628.69	1206.83
628.89	1225.22
629.08	1209.26
629.28	1215.80
629.48	1209.94
629.68	1215.51
629.87	1205.78
630.07	1218.01
630.27	1214.10
630.47	1217.80
630.66	1212.81
630.86	1209.31
631.06	1212.25
631.25	1215.61
631.45	1208.08
631.65	1213.54
631.85	1211.60
632.04	1217.27
632.24	1210.76
632.44	1218.77
632.64	1206.46
632.83	1218.15
633.03	1211.89
633.23	1218.15
633.42	1213.30
633.62	1211.95
633.82	1208.94
634.02	1216.12
634.21	1212.56
634.41	1214.90
634.61	1206.25
634.81	1218.42
635.00	1205.50
635.20	1220.53
635.40	1201.75
635.59	1211.58
635.79	1205.23
635.99	1212.32
636.18	1219.09
636.38	1221.06
636.58	1209.20
636.78	1203.06
636.97	1208.08
637.17	1213.99
637.37	1209.90
637.56	1216.17
637.76	1211.43
637.96	1219.16
638.15	1214.96
638.35	1219.81
638.55	1215.57
638.74	1213.67
638.94	1216.12
639.14	1215.65
639.34	1210.25
639.53	1215.49
639.73	1205.15
639.93	1217.50
640.12	1212.48
640.32	1212.58
640.52	1206.87
640.71	1210.41
640.91	1212.11
641.11	1215.04
641.30	1211.70
641.50	1219.89
641.70	1213.65
641.89	1221.24
642.09	1213.18
642.29	1225.34
642.48	1219.44
642.68	1212.25
642.88	1216.62
643.07	1213.56
643.27	1215.43
643.47	1215.43
643.66	1211.50
643.86	1218.40
644.06	1214.24
644.25	1219.30
644.45	1214.10
644.65	1211.43
644.84	1210.23
645.04	1218.97
645.23	1210.53
645.43	1210.31
645.63	1205.64
645.82	1218.81
646.02	1215.31
646.22	1217.56
646.41	1212.34
646.61	1221.49
646.81	1208.71
647.00	1218.71
647.20	1215.90
647.39	1214.86
647.59	1216.37
647.79	1213.65
647.98	1216.27
648.18	1220.61
648.38	1212.75
648.57	1219.44
648.77	1210.96
648.96	1213.30
649.16	1211.31
649.36	1218.58
649.55	1206.97
649.75	1224.44
649.95	1213.97
650.14	1217.91
650.34	1207.11
650.53	1217.62
650.73	1211.78
650.93	1218.54
651.12	1217.15
651.32	1219.50
651.51	1210.31
651.71	1226.08
651.91	1212.42
652.10	1222.37
652.30	1224.21
652.49	1223.01
652.69	1218.50
652.89	1217.52
653.08	1213.48
653.28	1227.47
653.47	1208.30
653.67	1226.04
653.86	1217.42
654.06	1216.80
654.26	1210.51
654.45	1226.96
654.65	1214.77
654.84	1219.57
655.04	1224.42
655.24	1219.67
655.43	1215.94
655.63	1215.63
655.82	1210.94
656.02	1223.54
656.21	1215.65
656.41	1222.23
656.61	1221.61
656.80	1220.45
657.00	1216.80
657.19	1224.62
657.39	1220.69
657.58	1218.28
657.78	1221.39
657.97	1225.16
658.17	1219.01
658.37	1223.76
658.56	1212.87
658.76	1225.42
658.95	1222.74
659.15	1222.33
659.34	1219.32
659.54	1225.52
659.73	1220.20
659.93	1217.05
660.13	1226.18
660.32	1223.15
660.52	1232.20
660.71	1232.08
660.91	1213.59
661.10	1239.33
661.30	1225.18
661.49	1220.65
661.69	1224.13
661.88	1227.74
662.08	1227.72
662.27	1226.39
662.47	1218.19
662.66	1235.03
662.86	1219.93
663.06	1237.26
663.25	1224.87
663.45	1225.14
663.64	1229.62
663.84	1233.94
664.03	1223.33
664.23	1229.70
664.42	1230.19
664.62	1238.18
664.81	1232.73
665.01	1236.32
665.20	1227.45
665.40	1243.75
665.59	1238.12
665.79	1246.58
665.98	1238.57
666.18	1241.83
666.37	1243.18
666.57	1251.90
666.76	1244.08
666.96	1248.32
667.15	1239.70
667.35	1253.42
667.54	1246.72
667.74	1255.69
667.93	1247.58
668.13	1252.78
668.32	1250.57
668.52	1254.54
668.71	1251.12
668.91	1256.49
669.10	1249.26
669.30	1259.05
669.49	1250.47
669.68	1252.44
669.88	1251.39
670.07	1261.61
670.27	1246.37
670.46	1269.00
670.66	1257.86
670.85	1254.97
671.05	1260.14
671.24	1263.90
671.44	1250.14
671.63	1260.85
671.83	1261.81
672.02	1265.67
672.22	1258.19
672.41	1270.05
672.60	1271.07
672.80	1274.35
672.99	1273.18
673.19	1286.68
673.38	1275.99
673.58	1284.08
673.77	1277.50
673.97	1280.76
674.16	1275.64
674.36	1284.69
674.55	1285.80
674.74	1288.50
674.94	1284.28
675.13	1288.30
675.33	1282.17
675.52	1285.96
675.72	1288.15
675.91	1299.17
676.10	1285.49
676.30	1291.72
676.49	1282.42
676.69	1302.02
676.88	1287.37
677.08	1285.67
677.27	1286.57
677.46	1288.27
677.66	1278.90
677.85	1290.57
678.05	1283.03
678.24	1288.17
678.44	1275.29
678.63	1279.96
678.82	1280.27
679.02	1288.25
679.21	1285.90
679.41	1283.48
679.60	1279.84
679.79	1281.56
679.99	1271.99
680.18	1289.01
680.38	1277.48
680.57	1279.96
680.76	1283.95
680.96	1284.18
681.15	1279.10
681.35	1287.78
681.54	1275.66
681.73	1282.15
681.93	1275.11
682.12	1284.67
682.32	1276.01
682.51	1286.64
682.70	1287.39
682.90	1286.60
683.09	1280.37
683.29	1292.02
683.48	1295.95
683.67	1302.20
683.87	1294.25
684.06	1305.78
684.25	1298.04
684.45	1319.28
684.64	1314.80
684.84	1331.04
685.03	1341.64
685.22	1357.82
685.42	1370.52
685.61	1398.76
685.80	1400.13
686.00	1429.17
686.19	1453.22
686.38	1476.65
686.58	1491.76
686.77	1521.72
686.96	1552.69
687.16	1593.63
687.35	1636.25
687.55	1710.81
687.74	1778.19
687.93	1896.36
688.13	2048.97
688.32	2304.50
688.51	2635.67
688.71	3095.69
688.90	3653.13
689.09	4267.17
689.29	5019.51
689.48	5688.07
689.67	6531.22
689.87	7200.92
690.06	7920.29
690.25	8497.80
690.45	9077.56
690.64	9547.57
690.83	9893.88
691.03	10256.00
691.22	10577.31
691.41	10857.59
691.61	10972.26
691.80	11197.80
691.99	11167.94
692.19	11389.78
692.38	11357.71
692.57	11549.83
692.76	11517.90
692.96	11570.47
693.15	11555.85
693.34	11652.98
693.54	11623.31
693.73	11611.98
693.92	11579.05
694.12	11376.79
694.31	11239.03
694.50	10997.49
694.70	10663.73
694.89	10133.33
695.08	9606.43
695.27	9053.29
695.47	8337.77
695.66	7676.95
695.85	6945.54
696.05	6337.11
696.24	5715.98
696.43	5198.79
696.62	4749.85
696.82	4363.73
697.01	4061.39
697.20	3848.34
697.40	3639.10
697.59	3477.43
697.78	3337.76
697.97	3201.18
698.17	3111.27
698.36	3034.29
698.55	2932.94
698.74	2869.39
698.94	2790.23
699.13	2746.39
699.32	2679.19
699.52	2634.16
699.71	2575.79
699.90	2537.49
700.09	2466.90
700.29	2424.96
700.48	2377.26
700.67	2327.56
700.86	2286.37
701.06	2246.44
701.25	2196.71
701.44	2163.11
701.63	2110.76
701.83	2092.61
702.02	2033.69
702.21	2021.18
702.40	1968.00
702.60	1958.12
702.79	1919.23
702.98	1897.28
703.17	1865.66
703.37	1855.87
703.56	1831.97
703.75	1815.77
703.94	1782.37
704.13	1772.44
704.33	1761.85
704.52	1758.47
704.71	1749.19
704.90	1757.10
705.10	1764.47
705.29	1782.02
705.48	1811.24
705.67	1861.58
705.86	1913.01
706.06	1993.35
706.25	2070.39
706.44	2170.31
706.63	2238.47
706.83	2300.07
707.02	2350.54
707.21	2373.31
707.40	2401.33
707.59	2421.64
707.79	2409.93
707.98	2403.91
708.17	2390.82
708.36	2360.41
708.55	2313.41
708.75	2279.00
708.94	2219.96
709.13	2148.83
709.32	2102.63
709.51	2047.83
709.71	1984.79
709.90	1927.94
710.09	1866.07
710.28	1829.12
710.47	1783.31
710.66	1744.52
710.86	1690.95
711.05	1649.17
711.24	1609.50
711.43	1579.72
711.62	1547.83
711.82	1538.02
712.01	1506.77
712.20	1499.77
712.39	1475.09
712.58	1480.52
712.77	1467.14
712.97	1469.93
713.16	1457.17
713.35	1455.86
713.54	1432.90
713.73	1422.83
713.92	1392.13
714.11	1367.06
714.31	1335.19
714.50	1325.34
714.69	1296.26
714.88	1289.07
715.07	1274.59
715.26	1270.27
715.46	1259.50
715.65	1270.15
715.84	1258.13
716.03	1263.66
716.22	1248.73
716.41	1252.21
716.60	1251.33
716.80	1254.87
716.99	1246.76
717.18	1244.10
717.37	1250.06
717.56	1251.41
717.75	1244.61
717.94	1257.39
718.13	1240.93
718.33	1252.91
718.52	1243.47
718.71	1246.60
718.90	1244.63
719.09	1250.76
719.28	1245.96
719.47	1247.29
719.66	1237.67
719.85	1240.21
720.05	1234.09
720.24	1244.69
720.43	1234.80
720.62	1245.96
720.81	1230.32
721.00	1243.28
721.19	1233.43
721.38	1238.65
721.57	1229.89
721.77	1240.27
721.96	1233.04
722.15	1241.60
722.34	1226.92
722.53	1237.75
722.72	1229.91
722.91	1232.20
723.10	1228.90
723.29	1244.10
723.48	1224.13
723.67	1234.78
723.87	1223.50
724.06	1237.85
724.25	1226.41
724.44	1227.25
724.63	1225.81
724.82	1233.94
725.01	1225.24
725.20	1221.80
725.39	1220.16
725.58	1226.10
725.77	1228.72
725.96	1225.81
726.15	1217.91
726.34	1229.97
726.54	1221.55
726.73	1231.10
726.92	1216.51
727.11	1228.35
727.30	1214.65
727.49	1227.10
727.68	1216.00
727.87	1226.18
728.06	1219.38
728.25	1224.13
728.44	1223.91
728.63	1224.42
728.82	1222.56
729.01	1223.93
729.20	1220.22
729.39	1227.10
729.58	1210.51
729.77	1222.99
729.96	1222.00
730.15	1224.13
730.34	1217.03
730.53	1218.19
730.73	1224.46
730.92	1215.29
731.11	1222.19
731.30	1232.92
731.49	1226.34
731.68	1229.42
731.87	1226.92
732.06	1229.11
732.25	1227.49
732.44	1227.29
732.63	1221.96
732.82	1223.13
733.01	1229.99
733.20	1222.53
733.39	1222.66
733.58	1239.80
733.77	1225.65
733.96	1236.71
734.15	1220.14
734.34	1226.39
734.53	1228.00
734.72	1229.40
734.91	1232.32
735.10	1226.71
735.29	1221.72
735.48	1231.89
735.67	1221.90
735.86	1236.99
736.05	1222.15
736.24	1231.75
736.43	1231.89
736.62	1224.36
736.81	1222.37
737.00	1244.57
737.19	1223.52
737.38	1229.07
737.57	1225.20
737.76	1233.68
737.95	1220.24
738.14	1236.87
738.33	1220.96
738.51	1229.95
738.70	1227.98
738.89	1228.29
739.08	1222.62
739.27	1225.38
739.46	1214.18
739.65	1227.68
739.84	1215.59
740.03	1228.78
740.22	1221.00
740.41	1222.29
740.60	1215.37
740.79	1221.67
740.98	1214.32
741.17	1217.23
741.36	1219.32
741.55	1221.20
741.74	1214.04
741.93	1221.86
742.12	1209.86
742.31	1212.70
742.50	1221.39
742.68	1219.36
742.87	1220.47
743.06	1225.75
743.25	1218.91
743.44	1217.95
743.63	1211.39
743.82	1214.36
744.01	1213.46
744.20	1216.70
744.39	1213.11
744.58	1202.28
744.77	1209.37
744.96	1221.88
745.14	1206.60
745.33	1211.52
745.52	1210.57
745.71	1216.25
745.90	1209.02
746.09	1218.66
746.28	1208.90
746.47	1213.40
746.66	1206.79
746.85	1212.70
747.04	1202.73
747.22	1212.77
747.41	1213.01
747.60	1219.22
747.79	1217.05
747.98	1214.14
748.17	1207.24
748.36	1216.86
748.55	1215.39
748.74	1217.87
748.93	1211.70
749.11	1210.86
749.30	1210.27
749.49	1216.60
749.68	1210.80
749.87	1215.26
750.06	1211.46
750.25	1211.91
750.44	1208.16
750.62	1216.70
750.81	1209.24
751.00	1219.05
751.19	1208.01
751.38	1213.93
751.57	1201.03
751.76	1210.62
751.95	1205.60
752.13	1214.81
752.32	1210.82
752.51	1212.95
752.70	1211.56
752.89	1208.47
753.08	1205.02
753.27	1209.26
753.45	1208.69
753.64	1215.47
753.83	1211.62
754.02	1213.73
754.21	1216.70
754.40	1206.34
754.58	1205.70
754.77	1212.15
754.96	1204.76
755.15	1210.02
755.34	1210.49
755.53	1211.74
755.71	1205.82
755.90	1209.45
756.09	1208.47
756.28	1210.72
756.47	1206.17
756.66	1211.91
756.84	1211.76
757.03	1220.86
757.22	1210.17
757.41	1216.94
757.60	1209.61
757.79	1215.92
757.97	1210.66
758.16	1205.09
758.35	1211.37
758.54	1217.66
758.73	1211.21
758.91	1216.62
759.10	1214.06
759.29	1215.69
759.48	1206.25
759.67	1220.43
759.85	1215.63
760.04	1213.71
760.23	1208.71
760.42	1219.24
760.61	1205.19
760.79	1215.41
760.98	1215.45
761.17	1214.18
761.36	1205.17
761.55	1209.51
761.73	1204.92
761.92	1225.22
762.11	1203.32
762.30	1214.12
762.49	1211.29
762.67	1212.89
762.86	1217.33
763.05	1205.25
763.24	1208.32
763.42	1215.53
763.61	1206.64
763.80	1206.97
763.99	1205.25
764.17	1219.11
764.36	1206.64
764.55	1216.55
764.74	1210.10
764.92	1224.15
765.11	1207.15
765.30	1215.39
765.49	1207.58
765.68	1206.15
765.86	1206.29
766.05	1217.35
766.24	1201.65
766.43	1212.73
766.61	1213.01
766.80	1212.50
766.99	1210.39
767.17	1213.07
767.36	1209.39
767.55	1213.67
767.74	1207.65
767.92	1207.01
768.11	1208.51
768.30	1212.60
768.49	1209.96
768.67	1210.37
768.86	1205.78
769.05	1217.17
769.24	1209.37
769.42	1219.34
769.61	1210.94
769.80	1211.05
769.98	1209.39
770.17	1215.14
770.36	1208.81
770.55	1209.98
770.73	1210.21
770.92	1212.87
771.11	1203.43
771.29	1212.03
771.48	1206.13
771.67	1216.31
771.86	1212.77
772.04	1216.53
772.23	1206.29
772.42	1213.54
772.60	1209.04
772.79	1216.98
772.98	1197.84
773.16	1214.98
773.35	1212.83
773.54	1214.32
773.72	1206.40
773.91	1214.75
774.10	1209.20
774.29	1216.10
774.47	1210.10
774.66	1205.25
774.85	1208.83
775.03	1219.28
775.22	1208.34
775.41	1214.71
775.59	1204.64
775.78	1214.75
775.97	1207.87
776.15	1208.51
776.34	1211.35
776.53	1218.71
776.71	1206.11
776.90	1208.18
777.09	1209.16
777.27	1216.88
777.46	1203.78
777.65	1213.11
777.83	1207.56
778.02	1213.81
778.21	1207.97
778.39	1211.50
778.58	1204.94
778.76	1211.74
778.95	1206.93
779.14	1213.69
779.32	1205.88
779.51	1214.47
779.70	1206.23
779.88	1214.71
780.07	1207.38
780.26	1218.81
780.44	1207.63
780.63	1216.58
780.81	1206.25
781.00	1213.69
781.19	1207.97
781.37	1217.35
781.56	1214.61
781.75	1217.91
781.93	1211.54
782.12	1213.69
782.30	1208.81
782.49	1214.40
782.68	1208.53
782.86	1222.53
783.05	1203.20
783.23	1213.71
783.42	1201.71
783.61	1213.16
783.79	1204.70
783.98	1213.09
784.16	1204.16
784.35	1215.45
784.54	1208.65
784.72	1210.90
784.91	1201.22
785.09	1210.29
785.28	1213.87
785.47	1209.16
785.65	1209.16
785.84	1220.24
786.02	1206.72
786.21	1220.10
786.40	1203.59
786.58	1215.88
786.77	1209.16
786.95	1214.96
787.14	1212.54
787.32	1208.81
787.51	1214.79
787.70	1211.25
787.88	1215.67
788.07	1210.76
788.25	1207.05
788.44	1212.44
788.62	1203.71
788.81	1210.10
789.00	1209.51
789.18	1211.29
789.37	1211.84
789.55	1215.80
789.74	1203.57
789.92	1214.92
790.11	1208.40
790.29	1218.71
790.48	1206.87
790.67	1216.41
790.85	1206.19
791.04	1212.87
791.22	1206.13
791.41	1213.54
791.59	1210.25
791.78	1210.33
791.96	1209.22
792.15	1215.29
792.33	1202.92
792.52	1209.59
792.70	1206.85
792.89	1211.52
793.07	1202.28
793.26	1224.99
793.45	1206.91
793.63	1212.40
793.82	1215.90
794.00	1220.24
794.19	1200.36
794.37	1210.39
794.56	1209.02
794.74	1217.99
794.93	1206.89
795.11	1219.75
795.30	1204.78
795.48	1212.48
795.67	1210.55
795.85	1219.71
796.04	1200.64
796.22	1212.40
796.41	1205.52
796.59	1218.42
796.78	1205.11
796.96	1214.26
797.15	1203.80
797.33	1213.40
797.52	1209.31
797.70	1212.50
797.89	1199.35
798.07	1214.77
798.26	1204.19
798.44	1213.40
798.63	1212.62
798.81	1208.65
798.99	1204.96
799.18	1209.61
799.36	1205.11
799.55	1212.66
799.73	1205.66
799.92	1222.51
800.10	1212.66
800.29	1212.09
800.47	1205.68
800.66	1213.67
800.84	1209.67
801.03	1212.83
801.21	1204.70
801.39	1209.18
801.58	1215.78
801.76	1213.73
801.95	1204.86
802.13	1210.17
802.32	1206.62
802.50	1212.27
802.69	1205.99
802.87	1212.13
803.06	1205.15
803.24	1219.69
803.42	1200.09
803.61	1215.78
803.79	1201.95
803.98	1210.04
804.16	1207.83
804.35	1214.28
804.53	1200.29
804.71	1210.80
804.90	1209.24
805.08	1209.76
805.27	1213.38
805.45	1213.61
805.63	1206.77
805.82	1213.99
806.00	1194.44
806.19	1215.55
806.37	1204.25
806.56	1220.26
806.74	1203.61
806.92	1204.14
807.11	1202.98
807.29	1212.58
807.48	1203.26
807.66	1212.09
807.84	1209.86
808.03	1212.79
808.21	1203.41
808.40	1213.18
808.58	1204.41
808.76	1217.48
808.95	1207.71
809.13	1216.58
809.32	1209.41
809.50	1217.35
809.68	1204.90
809.87	1208.53
810.05	1203.94
810.23	1214.40
810.42	1204.04
810.60	1211.21
810.79	1204.88
810.97	1220.10
811.15	1206.68
811.34	1210.68
811.52	1217.01
811.70	1211.80
811.89	1210.94
812.07	1217.27
812.25	1212.05
812.44	1208.83
812.62	1207.61
812.81	1210.94
812.99	1214.18
813.17	1202.51
813.36	1207.65
813.54	1222.86
813.72	1208.63
813.91	1216.58
814.09	1207.71
814.27	1213.32
814.46	1208.96
814.64	1214.10
814.82	1207.28
815.01	1218.54
815.19	1206.36
815.37	1215.22
815.56	1211.31
815.74	1211.46
815.92	1203.59
816.11	1227.72
816.29	1212.54
816.47	1214.34
816.66	1200.64
816.84	1219.83
817.02	1209.43
817.21	1212.38
817.39	1202.40
817.57	1209.82
817.76	1210.39
817.94	1211.64
818.12	1207.91
818.30	1210.31
818.49	1211.39
818.67	1216.72
818.85	1202.08
819.04	1213.01
819.22	1206.72
819.40	1207.48
819.59	1203.41
819.77	1212.07
819.95	1207.73
820.13	1217.60
820.32	1208.96
820.50	1204.90
820.68	1212.68
820.87	1213.09
821.05	1206.40
821.23	1210.51
821.41	1202.79
821.60	1211.39
821.78	1215.39
821.96	1204.66
822.14	1205.76
822.33	1215.98
822.51	1207.54
822.69	1211.35
822.88	1209.84
823.06	1212.38
823.24	1201.40
823.42	1208.08
823.61	1209.92
823.79	1221.18
823.97	1206.79
824.15	1213.03
824.34	1205.00
824.52	1214.40
824.70	1205.91
824.88	1214.86
825.07	1199.00
825.25	1218.28
825.43	1204.84
825.61	1211.25
825.80	1202.08
825.98	1213.42
826.16	1207.24
826.34	1213.65
826.53	1207.24
826.71	1210.88
826.89	1214.73
827.07	1217.11
827.25	1207.38
827.44	1214.14
827.62	1215.06
827.80	1215.84
827.98	1207.26
828.17	1211.17
828.35	1209.37
828.53	1219.38
828.71	1206.21
828.89	1205.21
829.08	1210.14
829.26	1212.58
829.44	1212.64
829.62	1214.40
829.80	1204.19
829.99	1212.56
830.17	1203.61
830.35	1211.07
830.53	1203.78
830.71	1215.41
830.90	1206.60
831.08	1215.37
831.26	1212.97
831.44	1209.78
831.62	1208.53
831.81	1214.02
831.99	1206.52
832.17	1210.12
832.35	1211.78
832.53	1209.65
832.71	1206.95
832.90	1215.86
833.08	1210.04
833.26	1212.38
833.44	1208.69
833.62	1213.24
833.81	1209.49
833.99	1210.62
834.17	1212.91
834.35	1212.87
834.53	1202.87
834.71	1208.83
834.89	1206.58
835.08	1215.31
835.26	1203.06
835.44	1211.72
835.62	1204.06
835.80	1211.76
835.98	1208.10
836.17	1211.72
836.35	1209.12
836.53	1212.77
836.71	1204.74
836.89	1214.10
837.07	1202.53
837.25	1213.97
837.44	1201.69
837.62	1208.75
837.80	1206.01
837.98	1214.86
838.16	1208.77
838.34	1212.68
838.52	1211.21
838.70	1212.85
838.89	1206.15
839.07	1209.20
839.25	1207.15
839.43	1215.86
839.61	1208.34
839.79	1217.66
839.97	1209.47
840.15	1208.12
840.33	1212.87
840.52	1211.87
840.70	1203.12
840.88	1213.91
841.06	1201.77
841.24	1222.21
841.42	1217.78
841.60	1214.63
841.78	1202.63
841.96	1218.03
842.14	1212.05
842.33	1209.33
842.51	1201.85
842.69	1215.84
842.87	1198.86
843.05	1217.68
843.23	1205.93
843.41	1211.19
843.59	1214.77
843.77	1206.89
843.95	1208.55
844.13	1203.65
844.31	1201.91
844.49	1212.73
844.68	1206.15
844.86	1218.44
845.04	1206.03
845.22	1214.26
845.40	1209.47
845.58	1219.24
845.76	1204.43
845.94	1219.01
846.12	1205.84
846.30	1220.45
846.48	1209.53
846.66	1218.48
846.84	1201.91
847.02	1218.83
847.20	1210.39
847.38	1207.79
847.56	1208.69
847.74	1215.26
847.92	1211.00
848.11	1211.60
848.29	1200.23
848.47	1213.77
848.65	1210.70
848.83	1209.43
849.01	1207.54
849.19	1221.70
849.37	1204.98
849.55	1212.66
849.73	1204.39
849.91	1207.54
850.09	1209.88
850.27	1213.79
850.45	1202.65
850.63	1213.67
850.81	1197.78
850.99	1211.68
851.17	1208.36
851.35	1213.93
851.53	1206.32
851.71	1210.43
851.89	1212.27
852.07	1202.73
852.25	1204.37
852.43	1214.28
852.61	1202.67
852.79	1212.36
852.97	1209.88
853.15	1213.63
853.33	1208.28
853.51	1212.85
853.69	1208.30
853.87	1216.23
854.05	1213.79
854.23	1207.97
854.41	1210.45
854.59	1205.09
854.77	1206.77
854.95	1209.55
855.13	1208.16
855.31	1221.98
855.49	1210.45
855.67	1210.98
855.84	1201.22
856.02	1208.42
856.20	1200.36
856.38	1216.12
856.56	1203.84
856.74	1215.78
856.92	1203.02
857.10	1212.40
857.28	1207.81
857.46	1209.35
857.64	1209.96
857.82	1213.73
858.00	1208.24
858.18	1214.32
858.36	1207.61
858.54	1218.99
858.72	1206.64
858.90	1211.93
859.08	1212.54
859.25	1211.21
859.43	1199.95
859.61	1215.84
859.79	1204.64
859.97	1211.15
860.15	1208.49
860.33	1215.31
860.51	1211.09
860.69	1211.56
860.87	1209.92
861.05	1214.86
861.23	1200.87
861.41	1215.96
861.58	1202.40
861.76	1208.87
861.94	1210.55
862.12	1216.84
862.30	1210.39
862.48	1213.91
862.66	1205.39
862.84	1219.38
863.02	1204.80
863.20	1209.45
863.37	1210.19
863.55	1213.85
863.73	1205.52
863.91	1212.17
864.09	1202.32
864.27	1216.47
864.45	1208.30
864.63	1211.87
864.80	1208.53
864.98	1210.53
865.16	1208.06
865.34	1217.15
865.52	1208.40
865.70	1211.29
865.88	1210.70
866.06	1215.22
866.23	1206.89
866.41	1211.35
866.59	1203.12
866.77	1208.87
866.95	1207.95
867.13	1215.78
867.31	1204.08
867.48	1210.41
867.66	1207.83
867.84	1219.20
868.02	1211.23
868.20	1218.73
868.38	1205.82
868.56	1206.03
868.73	1199.93
868.91	1208.57
869.09	1199.82
869.27	1216.08
869.45	1210.17
869.63	1210.70
869.80	1209.76
869.98	1215.02
870.16	1204.74
870.34	1211.23
870.52	1212.97
870.70	1212.50
870.87	1206.85
871.05	1219.71
871.23	1209.08
871.41	1214.06
871.59	1203.39
871.76	1214.06
871.94	1213.13
872.12	1212.36
872.30	1199.93
872.48	1210.98
872.65	1210.76
872.83	1207.11
873.01	1204.62
873.19	1214.75
873.37	1212.38
873.54	1213.42
873.72	1206.15
873.90	1216.06
874.08	1210.23
874.26	1213.71
874.43	1210.68
874.61	1209.28
874.79	1211.91
874.97	1210.23
875.15	1213.24
875.32	1210.43
875.50	1211.48
875.68	1211.66
875.86	1205.66
876.03	1212.83
876.21	1205.13
876.39	1213.22
876.57	1203.22
876.74	1212.91
876.92	1203.45
877.10	1221.70
877.28	1202.83
877.45	1216.08
877.63	1199.35
877.81	1208.08
877.99	1205.37
878.17	1210.31
878.34	1210.88
878.52	1210.23
878.70	1204.27
878.87	1218.11
879.05	1206.77
879.23	1209.98
879.41	1210.90
879.58	1217.39
879.76	1208.94
879.94	1212.19
880.12	1207.56
880.29	1214.69
880.47	1209.47
880.65	1206.60
880.83	1203.20
881.00	1212.15
881.18	1207.03
881.36	1216.47
881.53	1207.28
881.71	1214.16
881.89	1198.76
882.07	1207.42
882.24	1207.65
882.42	1210.57
882.60	1208.14
882.77	1205.17
882.95	1209.00
883.13	1211.21
883.30	1205.88
883.48	1216.53
883.66	1198.82
883.84	1211.91
884.01	1213.05
884.19	1218.79
884.37	1203.41
884.54	1222.86
884.72	1208.44
884.90	1209.16
885.07	1202.46
885.25	1214.67
885.43	1210.47
885.60	1216.43
885.78	1211.43
885.96	1212.38
886.13	1207.32
886.31	1211.43
886.49	1207.71
886.66	1217.91
886.84	1209.94
887.02	1212.23
887.19	1209.24
887.37	1213.07
887.55	1215.80
887.72	1208.04
887.90	1207.50
888.08	1214.45
888.25	1213.38
888.43	1215.47
888.61	1204.90
888.78	1218.68
888.96	1211.05
889.14	1209.57
889.31	1210.39
889.49	1204.37
889.67	1207.61
889.84	1212.34
890.02	1207.30
890.19	1218.15
890.37	1212.03
890.55	1222.78
890.72	1213.71
890.90	1206.44
891.08	1206.01
891.25	1214.83
891.43	1205.27
891.60	1209.53
891.78	1204.53
891.96	1212.75
892.13	1211.17
892.31	1206.25
892.48	1204.23
892.66	1216.41
892.84	1206.01
893.01	1219.18
893.19	1207.52
893.36	1219.40
893.54	1207.50
893.72	1212.99
893.89	1208.96
894.07	1214.69
894.24	1210.06
894.42	1230.95
894.60	1207.15
894.77	1206.17
894.95	1209.18
895.12	1213.93
895.30	1213.07
895.48	1208.20
895.65	1212.17
895.83	1209.49
896.00	1205.37
896.18	1213.03
896.35	1206.60
896.53	1217.68
896.71	1206.64
896.88	1215.94
897.06	1207.48
897.23	1215.57
897.41	1209.94
897.58	1207.36
897.76	1206.99
897.93	1218.40
898.11	1204.21
898.29	1219.16
898.46	1205.84
898.64	1218.52
898.81	1206.15
898.99	1209.24
899.16	1211.17
899.34	1210.47
899.51	1205.80
899.69	1214.77
899.86	1209.53
900.04	1205.27
900.21	1203.47
900.39	1217.62
900.57	1199.88
900.74	1212.11
900.92	1212.30
901.09	1213.30
901.27	1198.06
901.44	1218.07
901.62	1205.72
901.79	1209.80
901.97	1201.97
902.14	1217.13
902.32	1200.42
902.49	1214.83
902.67	1206.13
902.84	1215.29
903.02	1203.02
903.19	1215.04
903.37	1201.50
903.54	1214.30
903.72	1206.07
903.89	1217.91
904.07	1203.57
904.24	1215.51
904.42	1209.98
904.59	1209.76
904.77	1204.94
904.94	1219.67
905.12	1205.29
905.29	1208.08
905.47	1202.92
905.64	1209.06
905.82	1203.90
905.99	1213.52
906.16	1206.46
906.34	1211.23
906.51	1207.44
906.69	1212.27
906.86	1201.30
907.04	1211.09
907.21	1204.78
907.39	1210.92
907.56	1202.77
907.74	1212.87
907.91	1208.08
908.09	1213.56
908.26	1206.19
908.43	1215.18
908.61	1215.10
908.78	1213.05
908.96	1210.94
909.13	1208.44
909.31	1205.00
909.48	1212.27
909.65	1203.86
909.83	1215.26
910.00	1207.75
910.18	1208.18
910.35	1201.56
910.53	1207.32
910.70	1206.93
910.87	1216.82
911.05	1215.86
911.22	1213.01
911.40	1207.63
911.57	1213.07
911.75	1203.65
911.92	1217.42
912.09	1198.29
912.27	1212.19
912.44	1200.81
912.62	1211.29
912.79	1209.88
912.96	1208.16
913.14	1206.40
913.31	1211.23
913.49	1215.26
913.66	1212.05
913.83	1204.76
914.01	1207.30
914.18	1212.17
914.36	1218.56
914.53	1204.47
914.70	1213.22
914.88	1208.87
915.05	1213.24
915.22	1211.07
915.40	1211.09
915.57	1206.34
915.75	1215.10
915.92	1203.43
916.09	1211.82
916.27	1210.37
916.44	1213.71
916.61	1201.97
916.79	1209.92
916.96	1208.96
917.13	1205.56
917.31	1202.49
917.48	1213.65
917.66	1206.13
917.83	1211.09
918.00	1207.91
918.18	1214.20
918.35	1208.53
918.52	1210.25
918.70	1204.43
918.87	1214.20
919.04	1207.61
919.22	1211.62
919.39	1207.71
919.56	1207.79
919.74	1211.70
919.91	1211.50
920.08	1206.56
920.26	1212.15
920.43	1211.50
920.60	1216.21
920.78	1200.03
920.95	1214.40
921.12	1206.60
921.29	1210.68
921.47	1206.44
921.64	1208.67
921.81	1212.79
921.99	1220.47
922.16	1208.59
922.33	1215.18
922.51	1209.59
922.68	1214.14
922.85	1206.17
923.03	1214.34
923.20	1202.10
923.37	1212.07
923.54	1206.01
923.72	1216.02
923.89	1204.10
924.06	1211.41
924.24	1203.24
924.41	1212.64
924.58	1210.76
924.75	1211.80
924.93	1199.37
925.10	1212.36
925.27	1205.84
925.44	1218.11
925.62	1202.16
925.79	1215.26
925.96	1207.73
926.14	1215.49
926.31	1204.33
926.48	1216.10
926.65	1205.86
926.83	1213.85
927.00	1207.48
927.17	1210.68
927.34	1205.97
927.52	1213.32
927.69	1203.67
927.86	1225.55
928.03	1202.01
928.21	1214.30
928.38	1200.13
928.55	1211.58
928.72	1207.67
928.89	1212.99
929.07	1210.74
929.24	1205.80
929.41	1205.25
929.58	1211.66
929.76	1206.46
929.93	1212.05
930.10	1204.70
930.27	1216.39
930.44	1201.15
930.62	1205.43
930.79	1204.98
930.96	1217.89
931.13	1206.25
931.31	1218.11
931.48	1210.98
931.65	1207.61
931.82	1209.37
931.99	1210.12
932.17	1201.36
932.34	1215.45
932.51	1207.71
932.68	1215.43
932.85	1209.39
933.03	1218.32
933.20	1213.09
933.37	1209.67
933.54	1202.69
933.71	1213.28
933.88	1205.23
934.06	1214.59
934.23	1207.97
934.40	1218.19
934.57	1211.07
934.74	1215.98
934.91	1209.49
935.09	1205.25
935.26	1199.13
935.43	1212.81
935.60	1207.36
935.77	1210.35
935.94	1206.38
936.12	1217.21
936.29	1202.40
936.46	1210.76
936.63	1204.90
936.80	1210.47
936.97	1203.18
937.14	1213.59
937.32	1202.75
937.49	1209.74
937.66	1205.54
937.83	1213.03
938.00	1202.26
938.17	1211.05
938.34	1201.89
938.52	1210.02
938.69	1208.81
938.86	1212.87
939.03	1209.16
939.20	1213.36
939.37	1210.45
939.54	1209.65
939.71	1203.08
939.89	1213.46
940.06	1203.00
940.23	1208.79
940.40	1213.97
940.57	1210.00
940.74	1209.63
940.91	1214.24
941.08	1204.21
941.25	1214.63
941.43	1206.23
941.60	1206.93
941.77	1211.27
941.94	1210.78
942.11	1215.43
942.28	1217.37
942.45	1211.91
942.62	1210.43
942.79	1207.83
942.96	1208.38
943.13	1212.25
943.30	1208.81
943.48	1201.44
943.65	1209.74
943.82	1208.28
943.99	1212.93
944.16	1213.42
944.33	1216.55
944.50	1206.58
944.67	1207.95
944.84	1212.03
945.01	1211.43
945.18	1210.80
945.35	1205.93
945.52	1201.40
945.69	1212.64
945.86	1209.76
946.03	1211.21
946.21	1205.29
946.38	1209.47
946.55	1204.84
946.72	1210.23
946.89	1208.06
947.06	1206.46
947.23	1205.54
947.40	1213.18
947.57	1209.63
947.74	1208.26
947.91	1203.51
948.08	1216.02
948.25	1209.63
948.42	1211.89
948.59	1205.25
948.76	1207.01
948.93	1208.20
949.10	1208.59
949.27	1207.85
949.44	1210.82
949.61	1203.61
949.78	1215.12
949.95	1207.26
950.12	1210.88
950.29	1201.22
950.46	1212.83
950.63	1206.89
950.80	1217.35
950.97	1205.78
951.14	1210.12
951.31	1204.94
951.48	1210.06
951.65	1206.15
951.82	1207.07
951.99	1205.35
952.16	1205.50
952.33	1205.68
952.50	1218.21
952.67	1206.38
952.84	1209.35
953.01	1209.98
953.18	1205.82
953.35	1210.66
953.52	1206.81
953.69	1211.25
953.86	1217.23
954.03	1205.93
954.20	1207.87
954.37	1205.37
954.54	1215.74
954.70	1213.09
954.87	1217.15
955.04	1205.97
955.21	1204.02
955.38	1201.13
955.55	1212.44
955.72	1203.94
955.89	1214.75
956.06	1205.50
956.23	1216.84
956.40	1210.10
956.57	1204.27
956.74	1209.35
956.91	1212.30
957.08	1206.13
957.25	1210.21
957.41	1201.91
957.58	1209.53
957.75	1210.27
957.92	1212.89
958.09	1214.36
958.26	1211.70
958.43	1199.54
958.60	1212.81
958.77	1208.65
958.94	1216.35
959.11	1209.90
959.27	1214.55
959.44	1208.57
959.61	1209.51
959.78	1204.33
959.95	1220.20
960.12	1204.59
960.29	1219.18
960.46	1199.86
960.63	1218.03
960.80	1203.78
960.96	1214.12
961.13	1203.55
961.30	1217.44
961.47	1202.36
961.64	1212.83
961.81	1213.26
961.98	1210.53
962.15	1203.47
962.31	1213.97
962.48	1205.88
962.65	1208.34
962.82	1210.82
962.99	1217.89
963.16	1210.55
963.33	1211.72
963.49	1206.15
963.66	1209.02
963.83	1204.08
964.00	1216.58
964.17	1200.89
964.34	1216.82
964.51	1204.41
964.67	1215.18
964.84	1209.53
965.01	1229.89
965.18	1202.61
965.35	1218.13
965.52	1203.67
965.68	1214.08
965.85	1201.34
966.02	1213.69
966.19	1206.07
966.36	1218.30
966.52	1204.04
966.69	1217.93
966.86	1195.75
967.03	1225.57
967.20	1213.20
967.37	1207.63
967.53	1211.07
967.70	1210.39
967.87	1198.70
968.04	1209.12
968.21	1203.57
968.37	1213.01
968.54	1204.78
968.71	1220.90
968.88	1204.76
969.05	1208.34
969.21	1204.51
969.38	1211.21
969.55	1204.72
969.72	1219.26
969.89	1207.52
970.05	1209.57
970.22	1204.78
970.39	1211.70
970.56	1209.26
970.72	1209.57
970.89	1209.39
971.06	1220.36
971.23	1206.68
971.39	1208.98
971.56	1201.93
971.73	1210.70
971.90	1204.90
972.07	1216.08
972.23	1206.03
972.40	1213.07
972.57	1206.15
972.74	1219.54
972.90	1203.12
973.07	1212.40
973.24	1205.93
973.40	1218.46
973.57	1206.83
973.74	1220.38
973.91	1206.97
974.07	1213.46
974.24	1208.40
974.41	1212.87
974.58	1207.15
974.74	1220.59
974.91	1206.38
975.08	1212.87
975.25	1198.86
975.41	1211.56
975.58	1209.12
975.75	1211.41
975.91	1206.72
976.08	1214.59
976.25	1211.52
976.42	1207.24
976.58	1203.78
976.75	1215.08
976.92	1203.06
977.08	1211.89
977.25	1203.67
977.42	1210.29
977.58	1205.13
977.75	1211.58
977.92	1209.22
978.08	1213.48
978.25	1208.47
978.42	1213.59
978.59	1209.65
978.75	1217.27
978.92	1212.50
979.09	1212.38
979.25	1202.36
979.42	1216.25
979.59	1203.73
979.75	1217.05
979.92	1210.08
980.09	1210.25
980.25	1204.00
980.42	1211.99
980.59	1202.96
980.75	1211.66
980.92	1211.46
981.09	1214.59
981.25	1209.98
981.42	1210.98
981.59	1207.99
981.75	1207.63
981.92	1203.30
982.08	1210.21
982.25	1206.60
982.42	1213.65
982.58	1203.84
982.75	1209.98
982.92	1207.50
983.08	1212.97
983.25	1206.66
983.42	1205.99
983.58	1207.20
983.75	1213.32
983.91	1201.75
984.08	1214.77
984.25	1206.52
984.41	1214.18
984.58	1208.65
984.74	1207.38
984.91	1206.46
985.08	1215.33
985.24	1206.95
985.41	1212.07
985.57	1207.36
985.74	1208.20
985.91	1208.28
986.07	1211.78
986.24	1202.44
986.40	1215.98
986.57	1208.04
986.74	1210.55
986.90	1211.17
987.07	1219.26
987.23	1208.57
987.40	1208.30
987.57	1208.42
987.73	1215.16
987.90	1204.68
988.06	1209.61
988.23	1207.73
988.39	1211.74
988.56	1201.01
988.73	1208.24
988.89	1205.82
989.06	1215.29
989.22	1207.73
989.39	1213.20
989.55	1207.67
989.72	1212.75
989.88	1206.27
990.05	1221.08
990.22	1203.90
990.38	1213.71
990.55	1209.45
990.71	1214.45
990.88	1207.24
991.04	1212.36
991.21	1203.02
991.37	1208.42
991.54	1209.53
991.70	1216.43
991.87	1205.41
992.03	1216.47
992.20	1206.09
992.36	1211.19
992.53	1206.09
992.69	1217.07
992.86	1207.67
993.03	1213.73
993.19	1206.85
993.36	1213.52
993.52	1208.26
993.69	1210.49
993.85	1208.98
994.02	1212.09
994.18	1207.38
994.35	1210.33
994.51	1207.95
994.68	1207.46
994.84	1207.93
995.01	1212.19
995.17	1208.57
995.34	1215.86
995.50	1199.37
995.66	1214.90
995.83	1210.49
995.99	1211.93
996.16	1203.12
996.32	1218.58
996.49	1201.83
996.65	1208.20
996.82	1212.83
996.98	1207.50
997.15	1197.39
997.31	1220.69
997.48	1208.83
997.64	1218.79
997.81	1208.90
997.97	1208.01
998.13	1207.38
998.30	1214.77
998.46	1203.22
998.63	1213.61
998.79	1201.89
998.96	1210.12
999.12	1204.00
999.29	1214.57
999.45	1209.47
999.61	1214.28
999.78	1207.05
999.94	1207.48
1000.11	1211.56
1000.27	1218.99
1000.44	1208.73
1000.60	1213.01
1000.76	1208.16
1000.93	1211.35
1001.09	1207.28
1001.26	1211.91
1001.42	1207.48
1001.59	1220.47
1001.75	1205.64
1001.91	1208.38
1002.08	1216.04
1002.24	1213.20
1002.41	1206.75
1002.57	1224.83
1002.73	1207.58
1002.90	1207.09
1003.06	1207.99
1003.23	1215.98
1003.39	1209.12
1003.55	1206.66
1003.72	1204.64
1003.88	1213.11
1004.04	1207.18
1004.21	1207.95
1004.37	1210.74
1004.54	1214.34
1004.70	1203.67
1004.86	1211.27
1005.03	1210.37
1005.19	1216.66
1005.35	1202.61
1005.52	1216.25
1005.68	1202.12
1005.85	1216.51
1006.01	1202.26
1006.17	1213.95
1006.34	1210.72
1006.50	1217.25
1006.66	1204.72
1006.83	1214.14
1006.99	1202.92
1007.15	1208.12
1007.32	1206.32
1007.48	1222.31
1007.64	1203.57
1007.81	1210.90
1007.97	1211.68
1008.13	1212.89
1008.30	1206.50
1008.46	1212.27
1008.62	1203.28
1008.79	1211.09
1008.95	1206.27
1009.11	1211.68
1009.28	1208.24
1009.44	1209.78
1009.60	1203.06
1009.77	1209.41
1009.93	1208.40
1010.09	1207.20
1010.25	1205.13
1010.42	1210.55
1010.58	1203.20
1010.74	1216.92
1010.91	1207.65
1011.07	1215.69
1011.23	1206.25
1011.40	1218.64
1011.56	1210.47
1011.72	1209.47
1011.88	1209.94
1012.05	1206.56
1012.21	1205.48
1012.37	1211.89
1012.54	1212.15
1012.70	1213.07
1012.86	1201.65
1013.02	1209.43
1013.19	1204.31
1013.35	1209.47
1013.51	1202.40
1013.67	1213.73
1013.84	1212.89
1014.00	1213.91
1014.16	1209.98
1014.33	1212.42
1014.49	1207.71
1014.65	1214.63
1014.81	1204.39
1014.98	1213.44
1015.14	1207.65
1015.30	1210.96
1015.46	1206.13
1015.62	1210.84
1015.79	1206.34
1015.95	1217.60
1016.11	1208.49
1016.27	1208.10
1016.44	1205.41
1016.60	1207.09
1016.76	1201.32
1016.92	1211.52
1017.09	1202.96
1017.25	1212.58
1017.41	1201.63
1017.57	1213.97
1017.73	1210.60
1017.90	1216.23
1018.06	1207.87
1018.22	1213.89
1018.38	1203.04
1018.54	1212.75
1018.71	1208.16
1018.87	1213.50
1019.03	1209.55
1019.19	1209.39
1019.35	1211.00
1019.52	1215.37
1019.68	1207.46
1019.84	1207.65
1020.00	1215.67
1020.16	1207.58
1020.33	1201.24
1020.49	1214.12
1020.65	1200.81
1020.81	1209.18
1020.97	1207.54
1021.13	1215.90
1021.30	1211.39
1021.46	1211.87
1021.62	1208.51
1021.78	1204.53
1021.94	1207.36
1022.10	1217.48
1022.27	1202.81
1022.43	1217.56
1022.59	1211.00
1022.75	1207.61
1022.91	1218.77
1023.07	1218.15
1023.24	1200.23
1023.40	1208.61
1023.56	1208.81
1023.72	1209.71
1023.88	1211.09
1024.04	1211.84
1024.20	1209.28
1024.36	1209.74
1024.53	1210.08
1024.69	1217.82
1024.85	1209.86
1025.01	1215.55
1025.17	1211.05
1025.33	1216.64
1025.49	1205.19
1025.65	1218.77
1025.82	1208.12
1025.98	1214.18
1026.14	1206.15
1026.30	1205.70
1026.46	1203.94
1026.62	1209.02
1026.78	1207.50
1026.94	1217.76
1027.10	1201.87
1027.26	1217.23
1027.43	1208.28
1027.59	1211.50
1027.75	1201.79
1027.91	1217.27
1028.07	1203.04
1028.23	1217.44
1028.39	1208.18
1028.55	1204.51
1028.71	1211.74
1028.87	1217.91
1029.03	1209.08
1029.19	1210.08
1029.36	1208.83
1029.52	1213.18
1029.68	1200.95
1029.84	1214.57
1030.00	1213.71
1030.16	1216.31
1030.32	1209.35
1030.48	1215.31
1030.64	1204.64
1030.80	1213.95
1030.96	1210.27
1031.12	1215.88
1031.28	1208.59
1031.44	1209.78
1031.60	1203.96
1031.76	1212.62
1031.92	1200.97
1032.08	1231.96
1032.24	1204.76
1032.40	1212.66
1032.56	1207.91
1032.73	1206.01
1032.89	1201.58
1033.05	1209.63
1033.21	1203.26
1033.37	1210.94
1033.53	1207.05
1033.69	1214.47
1033.85	1207.89
1034.01	1212.38
1034.17	1201.05
1034.33	1215.16
1034.49	1209.63
1034.65	1210.21
1034.81	1206.50
1034.97	1218.99
1035.13	1210.78
1035.29	1213.71
1035.45	1204.90
1035.61	1215.08
1035.77	1205.66
1035.93	1215.49
1036.09	1205.97
1036.25	1209.55
1036.41	1209.26
1036.57	1216.53
1036.73	1205.80
1036.88	1218.30
1037.04	1203.14
