345.52	1213.24
345.73	1213.24
345.94	1213.24
346.16	1205.91
346.37	1205.82
346.58	1214.34
346.79	1214.18
347.00	1210.76
347.22	1216.84
347.43	1212.25
347.64	1222.84
347.85	1211.80
348.06	1221.33
348.28	1210.43
348.49	1218.71
348.70	1211.21
348.91	1218.05
349.12	1217.13
349.34	1219.67
349.55	1212.34
349.76	1214.30
349.97	1212.87
350.18	1220.51
350.40	1212.81
350.61	1216.49
350.82	1212.03
351.03	1223.80
351.24	1206.05
351.46	1223.29
351.67	1214.49
351.88	1218.73
352.09	1215.08
352.30	1219.52
352.51	1216.64
352.73	1213.54
352.94	1215.47
353.15	1217.33
353.36	1210.39
353.57	1227.02
353.79	1214.92
354.00	1215.61
354.21	1226.30
354.42	1223.07
354.63	1212.27
354.84	1219.97
355.06	1209.88
355.27	1217.93
355.48	1211.76
355.69	1220.43
355.90	1214.65
356.11	1224.73
356.33	1208.90
356.54	1230.03
356.75	1217.39
356.96	1216.68
357.17	1212.60
357.38	1215.84
357.60	1218.17
357.81	1221.86
358.02	1210.68
358.23	1220.36
358.44	1217.54
358.65	1215.72
358.87	1212.38
359.08	1221.96
359.29	1213.69
359.50	1221.98
359.71	1210.06
359.92	1217.93
360.13	1219.46
360.35	1215.78
360.56	1211.05
360.77	1222.06
360.98	1217.74
361.19	1229.95
361.40	1217.97
361.62	1211.11
361.83	1217.85
362.04	1219.36
362.25	1217.07
362.46	1222.53
362.67	1213.67
362.88	1217.89
363.10	1221.20
363.31	1228.92
363.52	1212.25
363.73	1224.54
363.94	1221.47
364.15	1221.63
364.36	1214.63
364.57	1217.66
364.79	1216.64
365.00	1230.44
365.21	1220.86
365.42	1220.77
365.63	1215.86
365.84	1228.23
366.05	1215.35
366.27	1220.36
366.48	1218.66
366.69	1223.15
366.90	1216.02
367.11	1215.33
367.32	1216.62
367.53	1221.82
367.74	1221.06
367.95	1216.23
368.17	1216.08
368.38	1231.03
368.59	1226.26
368.80	1217.54
369.01	1214.24
369.22	1226.96
369.43	1218.36
369.64	1223.76
369.86	1219.50
370.07	1222.90
370.28	1214.36
370.49	1220.98
370.70	1213.91
370.91	1221.94
371.12	1219.32
371.33	1220.18
371.54	1215.80
371.76	1221.18
371.97	1212.97
372.18	1226.06
372.39	1219.54
372.60	1212.64
372.81	1218.36
373.02	1226.84
373.23	1212.73
373.44	1219.54
373.65	1216.55
373.87	1222.35
374.08	1216.49
374.29	1218.19
374.50	1220.69
374.71	1220.08
374.92	1221.72
375.13	1217.31
375.34	1212.89
375.55	1221.53
375.76	1210.49
375.97	1218.56
376.19	1219.44
376.40	1221.29
376.61	1218.11
376.82	1220.59
377.03	1215.76
377.24	1224.62
377.45	1218.77
377.66	1217.07
377.87	1215.59
378.08	1220.38
378.29	1214.38
378.50	1219.50
378.71	1211.72
378.93	1224.15
379.14	1212.89
379.35	1226.86
379.56	1213.63
379.77	1226.57
379.98	1217.82
380.19	1220.79
380.40	1213.79
380.61	1222.70
380.82	1219.93
381.03	1228.80
381.24	1214.45
381.45	1224.71
381.66	1213.69
381.88	1224.19
382.09	1217.23
382.30	1227.86
382.51	1221.10
382.72	1216.70
382.93	1216.41
383.14	1213.28
383.35	1220.88
383.56	1220.22
383.77	1221.12
383.98	1227.45
384.19	1216.82
384.40	1221.00
384.61	1216.10
384.82	1226.53
385.03	1210.92
385.24	1218.48
385.45	1219.30
385.67	1223.05
385.88	1224.13
386.09	1225.65
386.30	1214.61
386.51	1225.96
386.72	1215.39
386.93	1222.72
387.14	1216.45
387.35	1220.08
387.56	1221.33
387.77	1226.06
387.98	1215.49
388.19	1226.06
388.40	1217.50
388.61	1228.74
388.82	1219.05
389.03	1222.08
389.24	1219.05
389.45	1225.32
389.66	1221.63
389.87	1219.34
390.08	1210.43
390.29	1212.36
390.50	1214.81
390.71	1222.56
390.92	1217.05
391.13	1222.70
391.34	1213.26
391.55	1219.46
391.76	1218.64
391.98	1225.50
392.19	1210.41
392.40	1225.73
392.61	1221.53
392.82	1224.44
393.03	1222.56
393.24	1225.98
393.45	1213.99
393.66	1221.31
393.87	1217.66
394.08	1221.55
394.29	1223.27
394.50	1220.18
394.71	1215.20
394.92	1222.60
395.13	1212.48
395.34	1213.79
395.55	1218.81
395.76	1223.52
395.97	1221.06
396.18	1223.56
396.39	1214.57
396.60	1214.92
396.81	1210.60
397.02	1220.47
397.23	1217.70
397.44	1227.72
397.65	1221.35
397.86	1226.12
398.07	1217.78
398.28	1221.51
398.49	1221.27
398.70	1218.50
398.91	1217.78
399.12	1220.49
399.33	1214.40
399.54	1224.05
399.75	1215.08
399.96	1228.06
400.17	1214.38
400.38	1218.83
400.59	1214.08
400.80	1225.73
401.01	1219.14
401.22	1223.25
401.42	1212.21
401.63	1217.56
401.84	1214.04
402.05	1219.09
402.26	1228.00
402.47	1223.52
402.68	1217.50
402.89	1219.63
403.10	1216.15
403.31	1218.30
403.52	1213.38
403.73	1224.91
403.94	1219.97
404.15	1221.16
404.36	1220.90
404.57	1219.65
404.78	1214.96
404.99	1221.74
405.20	1220.12
405.41	1220.51
405.62	1219.61
405.83	1228.74
406.04	1212.87
406.25	1223.29
406.46	1212.56
406.67	1227.14
406.88	1219.63
407.09	1220.00
407.30	1223.33
407.50	1226.28
407.71	1217.05
407.92	1227.33
408.13	1211.43
408.34	1223.11
408.55	1224.75
408.76	1221.18
408.97	1215.98
409.18	1221.16
409.39	1220.63
409.60	1226.04
409.81	1214.36
410.02	1219.46
410.23	1209.59
410.44	1222.60
410.65	1219.20
410.86	1223.25
411.07	1208.59
411.27	1223.17
411.48	1218.34
411.69	1220.86
411.90	1215.43
412.11	1221.78
412.32	1214.90
412.53	1219.30
412.74	1215.53
412.95	1223.58
413.16	1211.11
413.37	1221.27
413.58	1219.07
413.79	1219.18
414.00	1218.46
414.20	1219.69
414.41	1211.78
414.62	1224.95
414.83	1211.93
415.04	1220.59
415.25	1217.56
415.46	1222.82
415.67	1218.30
415.88	1228.15
416.09	1218.23
416.30	1217.01
416.51	1212.58
416.71	1224.30
416.92	1215.67
417.13	1227.80
417.34	1216.33
417.55	1222.41
417.76	1215.49
417.97	1220.77
418.18	1223.99
418.39	1223.01
418.60	1216.23
418.81	1219.93
419.01	1214.28
419.22	1223.29
419.43	1217.03
419.64	1224.66
419.85	1213.99
420.06	1219.01
420.27	1222.02
420.48	1220.84
420.69	1214.28
420.90	1225.85
421.10	1216.82
421.31	1227.65
421.52	1219.71
421.73	1221.98
421.94	1217.15
422.15	1226.04
422.36	1226.71
422.57	1227.84
422.78	1215.65
422.98	1228.29
423.19	1210.70
423.40	1228.27
423.61	1213.73
423.82	1224.50
424.03	1227.43
424.24	1218.21
424.45	1213.40
424.65	1223.03
424.86	1207.50
425.07	1219.54
425.28	1215.94
425.49	1223.13
425.70	1217.64
425.91	1224.91
426.12	1210.37
426.32	1220.77
426.53	1219.95
426.74	1224.05
426.95	1217.39
427.16	1225.73
427.37	1214.96
427.58	1222.31
427.78	1218.42
427.99	1218.30
428.20	1225.85
428.41	1220.61
428.62	1209.43
428.83	1225.07
429.04	1210.00
429.24	1228.21
429.45	1222.19
429.66	1225.46
429.87	1215.43
430.08	1227.43
430.29	1211.78
430.50	1223.05
430.70	1214.57
430.91	1220.55
431.12	1216.35
431.33	1218.11
431.54	1214.77
431.75	1224.64
431.96	1214.30
432.16	1225.69
432.37	1213.65
432.58	1219.24
432.79	1217.76
433.00	1217.46
433.21	1217.48
433.41	1222.99
433.62	1223.40
433.83	1218.17
434.04	1217.25
434.25	1224.73
434.46	1218.99
434.66	1226.43
434.87	1216.23
435.08	1232.26
435.29	1219.50
435.50	1221.90
435.71	1222.49
435.91	1221.47
436.12	1221.51
436.33	1216.80
436.54	1216.68
436.75	1221.02
436.95	1217.29
437.16	1221.20
437.37	1213.28
437.58	1226.22
437.79	1211.76
438.00	1229.72
438.20	1214.34
438.41	1223.74
438.62	1223.03
438.83	1219.05
439.04	1216.94
439.24	1217.27
439.45	1215.72
439.66	1220.90
439.87	1221.08
440.08	1224.17
440.28	1217.11
440.49	1223.97
440.70	1221.51
440.91	1221.47
441.12	1222.80
441.32	1225.24
441.53	1214.67
441.74	1221.92
441.95	1223.17
442.16	1223.29
442.36	1215.51
442.57	1223.15
442.78	1221.86
442.99	1222.99
443.20	1216.19
443.40	1220.36
443.61	1215.96
443.82	1222.58
444.03	1213.65
444.24	1224.34
444.44	1208.83
444.65	1224.66
444.86	1219.26
445.07	1224.09
445.27	1217.93
445.48	1220.84
445.69	1216.19
445.90	1222.76
446.11	1219.01
446.31	1219.42
446.52	1220.98
446.73	1217.42
446.94	1211.76
447.14	1220.92
447.35	1216.37
447.56	1229.07
447.77	1215.74
447.97	1222.21
448.18	1222.21
448.39	1222.17
448.60	1217.54
448.81	1217.87
449.01	1222.35
449.22	1223.89
449.43	1216.33
449.64	1221.16
449.84	1214.75
450.05	1221.49
450.26	1221.08
450.47	1219.87
450.67	1224.13
450.88	1224.91
451.09	1212.50
451.30	1223.44
451.50	1221.18
451.71	1218.09
451.92	1216.53
452.13	1223.76
452.33	1216.53
452.54	1217.74
452.75	1220.92
452.96	1222.27
453.16	1218.09
453.37	1226.39
453.58	1219.59
453.79	1218.62
453.99	1216.78
454.20	1220.36
454.41	1218.01
454.61	1224.09
454.82	1221.43
455.03	1223.99
455.24	1214.38
455.44	1226.92
455.65	1216.70
455.86	1219.61
456.07	1217.62
456.27	1224.69
456.48	1224.30
456.69	1215.67
456.90	1214.59
457.10	1230.99
457.31	1212.70
457.52	1232.94
457.72	1218.87
457.93	1221.90
458.14	1224.48
458.35	1226.16
458.55	1219.16
458.76	1221.39
458.97	1215.35
459.17	1223.09
459.38	1218.99
459.59	1223.62
459.80	1217.07
460.00	1216.08
460.21	1216.23
460.42	1216.31
460.62	1217.70
460.83	1228.06
461.04	1218.50
461.25	1230.30
461.45	1211.78
461.66	1217.64
461.87	1219.71
462.07	1226.14
462.28	1214.71
462.49	1223.64
462.69	1216.33
462.90	1226.59
463.11	1212.68
463.31	1220.28
463.52	1218.95
463.73	1218.32
463.94	1213.52
464.14	1223.99
464.35	1222.33
464.56	1225.34
464.76	1218.81
464.97	1217.56
465.18	1217.27
465.38	1221.63
465.59	1220.28
465.80	1221.14
466.00	1217.01
466.21	1224.46
466.42	1220.51
466.62	1222.15
466.83	1224.66
467.04	1231.12
467.24	1213.77
467.45	1219.01
467.66	1213.56
467.86	1223.09
468.07	1214.94
468.28	1221.14
468.48	1208.75
468.69	1228.45
468.90	1211.66
469.10	1227.25
469.31	1218.17
469.52	1223.07
469.72	1218.58
469.93	1231.53
470.14	1214.32
470.34	1218.99
470.55	1211.56
470.76	1228.68
470.96	1220.16
471.17	1216.96
471.38	1214.94
471.58	1228.66
471.79	1219.14
472.00	1227.16
472.20	1215.08
472.41	1223.01
472.62	1222.08
472.82	1224.38
473.03	1218.71
473.24	1218.87
473.44	1218.28
473.65	1222.97
473.85	1219.22
474.06	1230.13
474.27	1217.78
474.47	1228.80
474.68	1217.99
474.89	1225.44
475.09	1220.36
475.30	1224.01
475.51	1218.11
475.71	1229.29
475.92	1214.98
476.12	1222.84
476.33	1219.24
476.54	1217.85
476.74	1219.81
476.95	1224.34
477.16	1216.39
477.36	1219.50
477.57	1220.92
477.77	1211.48
477.98	1215.86
478.19	1221.63
478.39	1212.23
478.60	1223.44
478.81	1224.40
479.01	1220.36
479.22	1215.76
479.42	1218.77
479.63	1219.11
479.84	1223.27
480.04	1215.47
480.25	1225.40
480.45	1217.95
480.66	1224.71
480.87	1218.85
481.07	1224.71
481.28	1218.71
481.48	1226.90
481.69	1209.76
481.90	1222.68
482.10	1209.74
482.31	1226.24
482.51	1217.70
482.72	1221.76
482.93	1220.10
483.13	1226.26
483.34	1220.51
483.54	1227.70
483.75	1217.54
483.96	1221.27
484.16	1219.89
484.37	1224.54
484.57	1206.40
484.78	1224.83
484.99	1212.83
485.19	1224.19
485.40	1216.02
485.60	1226.47
485.81	1212.17
486.01	1228.25
486.22	1227.20
486.43	1230.77
486.63	1208.36
486.84	1225.09
487.04	1218.01
487.25	1219.95
487.46	1212.11
487.66	1222.33
487.87	1232.04
488.07	1223.70
488.28	1218.46
488.48	1221.35
488.69	1215.08
488.89	1220.98
489.10	1217.87
489.31	1227.65
489.51	1219.14
489.72	1224.69
489.92	1214.79
490.13	1226.94
490.33	1216.70
490.54	1226.49
490.75	1227.39
490.95	1222.21
491.16	1217.11
491.36	1225.89
491.57	1218.66
491.77	1219.44
491.98	1211.82
492.18	1229.38
492.39	1218.83
492.59	1222.53
492.80	1218.54
493.01	1223.95
493.21	1223.27
493.42	1219.52
493.62	1212.73
493.83	1216.02
494.03	1218.56
494.24	1223.78
494.44	1211.91
494.65	1221.82
494.85	1215.47
495.06	1226.61
495.26	1214.98
495.47	1217.91
495.68	1211.25
495.88	1221.14
496.09	1224.66
496.29	1223.48
496.50	1209.67
496.70	1222.74
496.91	1215.37
497.11	1227.55
497.32	1218.17
497.52	1222.60
497.73	1219.77
497.93	1220.18
498.14	1211.29
498.34	1223.97
498.55	1217.03
498.75	1219.77
498.96	1217.19
499.16	1217.15
499.37	1216.31
499.57	1224.44
499.78	1214.79
499.98	1219.67
500.19	1218.62
500.39	1224.30
500.60	1214.63
500.80	1222.02
501.01	1214.32
501.21	1226.45
501.42	1211.00
501.62	1224.69
501.83	1214.08
502.03	1215.00
502.24	1218.15
502.44	1224.81
502.65	1209.84
502.85	1230.19
503.06	1217.27
503.26	1229.93
503.47	1224.13
503.67	1221.12
503.88	1216.96
504.08	1220.41
504.29	1221.61
504.49	1221.55
504.70	1219.97
504.90	1224.56
505.11	1214.79
505.31	1228.47
505.52	1212.21
505.72	1225.50
505.93	1220.36
506.13	1220.81
506.34	1219.81
506.54	1227.49
506.75	1219.87
506.95	1214.65
507.16	1219.22
507.36	1218.28
507.56	1218.93
507.77	1222.53
507.97	1215.82
508.18	1225.26
508.38	1217.11
508.59	1223.05
508.79	1224.71
509.00	1225.67
509.20	1212.11
509.41	1226.41
509.61	1215.45
509.82	1219.57
510.02	1212.21
510.22	1216.64
510.43	1218.91
510.63	1223.97
510.84	1210.23
511.04	1217.58
511.25	1217.46
511.45	1229.09
511.66	1217.44
511.86	1222.66
512.06	1212.25
512.27	1218.97
512.47	1218.28
512.68	1225.85
512.88	1216.53
513.09	1224.91
513.29	1216.04
513.50	1225.98
513.70	1216.88
513.90	1224.81
514.11	1222.80
514.31	1225.05
514.52	1214.49
514.72	1221.31
514.93	1222.10
515.13	1221.45
515.33	1215.06
515.54	1218.30
515.74	1214.40
515.95	1222.88
516.15	1215.10
516.36	1227.68
516.56	1214.55
516.76	1217.74
516.97	1219.20
517.17	1227.51
517.38	1214.20
517.58	1226.10
517.78	1221.76
517.99	1230.30
518.19	1214.38
518.40	1226.14
518.60	1221.78
518.81	1215.16
519.01	1219.18
519.21	1222.21
519.42	1219.46
519.62	1223.80
519.83	1217.70
520.03	1226.45
520.23	1217.64
520.44	1221.16
520.64	1219.77
520.85	1221.39
521.05	1218.68
521.25	1226.47
521.46	1218.73
521.66	1224.50
521.86	1220.51
522.07	1219.05
522.27	1217.93
522.48	1221.51
522.68	1217.93
522.88	1221.33
523.09	1223.29
523.29	1217.66
523.50	1213.50
523.70	1232.16
523.90	1221.74
524.11	1221.00
524.31	1214.94
524.51	1218.58
524.72	1218.97
524.92	1220.84
525.13	1216.53
525.33	1223.68
525.53	1216.51
525.74	1222.80
525.94	1218.58
526.14	1224.44
526.35	1212.48
526.55	1216.92
526.76	1216.64
526.96	1222.02
527.16	1210.76
527.37	1229.68
527.57	1214.06
527.77	1228.76
527.98	1225.28
528.18	1222.51
528.38	1216.68
528.59	1222.08
528.79	1221.02
528.99	1227.43
529.20	1214.04
529.40	1219.16
529.61	1218.03
529.81	1226.57
530.01	1222.90
530.22	1218.05
530.42	1217.85
530.62	1223.44
530.83	1215.29
531.03	1221.88
531.23	1215.90
531.44	1218.79
531.64	1220.79
531.84	1224.87
532.05	1218.09
532.25	1221.29
532.45	1215.51
532.66	1225.38
532.86	1215.35
533.06	1225.01
533.27	1214.96
533.47	1218.85
533.67	1211.37
533.88	1217.64
534.08	1214.42
534.28	1224.40
534.49	1221.10
534.69	1232.26
534.89	1211.91
535.09	1223.85
535.30	1213.75
535.50	1215.57
535.70	1214.08
535.91	1226.08
536.11	1218.25
536.31	1227.00
536.52	1221.02
536.72	1224.32
536.92	1213.13
537.13	1226.90
537.33	1212.62
537.53	1226.73
537.74	1218.58
537.94	1221.45
538.14	1218.54
538.34	1223.44
538.55	1211.35
538.75	1221.90
538.95	1215.18
539.16	1224.19
539.36	1215.18
539.56	1225.16
539.77	1221.49
539.97	1220.38
540.17	1213.52
540.37	1218.97
540.58	1217.62
540.78	1228.78
540.98	1221.22
541.19	1223.21
541.39	1214.92
541.59	1224.36
541.79	1220.12
542.00	1219.97
542.20	1215.53
542.40	1217.33
542.60	1216.15
542.81	1220.59
543.01	1218.64
543.21	1218.56
543.42	1209.76
543.62	1217.11
543.82	1215.37
544.02	1218.40
544.23	1225.18
544.43	1221.10
544.63	1212.25
544.83	1225.91
545.04	1221.20
545.24	1217.19
545.44	1218.44
545.64	1218.21
545.85	1213.16
546.05	1218.25
546.25	1210.33
546.45	1226.00
546.66	1220.10
546.86	1218.85
547.06	1217.31
547.27	1225.63
547.47	1217.60
547.67	1222.47
547.87	1210.78
548.07	1224.05
548.28	1215.76
548.48	1222.84
548.68	1217.25
548.88	1225.16
549.09	1219.54
549.29	1218.40
549.49	1217.85
549.69	1228.37
549.90	1214.65
550.10	1224.91
550.30	1214.10
550.50	1230.44
550.71	1216.27
550.91	1221.55
551.11	1217.80
551.31	1217.54
551.51	1211.66
551.72	1220.92
551.92	1213.18
552.12	1227.72
552.32	1217.17
552.53	1220.32
552.73	1216.55
552.93	1217.33
553.13	1214.96
553.33	1217.19
553.54	1219.20
553.74	1224.79
553.94	1218.75
554.14	1221.08
554.35	1218.79
554.55	1223.97
554.75	1218.95
554.95	1218.44
555.15	1221.04
555.36	1221.65
555.56	1218.21
555.76	1232.59
555.96	1221.37
556.16	1218.83
556.37	1218.75
556.57	1217.17
556.77	1215.57
556.97	1220.79
557.17	1213.79
557.38	1222.35
557.58	1219.24
557.78	1221.10
557.98	1215.39
558.18	1229.72
558.38	1224.85
558.59	1222.45
558.79	1214.61
558.99	1220.96
559.19	1221.96
559.39	1222.74
559.60	1213.13
559.80	1224.09
560.00	1215.82
560.20	1223.70
560.40	1212.42
560.60	1226.08
560.81	1213.26
561.01	1220.49
561.21	1214.30
561.41	1223.33
561.61	1210.31
561.81	1227.02
562.02	1222.80
562.22	1215.35
562.42	1214.02
562.62	1223.91
562.82	1213.40
563.02	1222.78
563.23	1219.69
563.43	1217.11
563.63	1209.00
563.83	1220.22
564.03	1218.83
564.23	1219.85
564.43	1214.65
564.64	1219.63
564.84	1217.13
565.04	1226.14
565.24	1212.44
565.44	1226.69
565.64	1211.99
565.85	1224.54
566.05	1217.97
566.25	1224.13
566.45	1207.54
566.65	1219.67
566.85	1212.07
567.05	1222.60
567.25	1218.97
567.46	1220.43
567.66	1209.86
567.86	1225.50
568.06	1214.20
568.26	1231.42
568.46	1214.96
568.66	1220.90
568.86	1222.92
569.07	1221.78
569.27	1214.40
569.47	1223.70
569.67	1213.87
569.87	1217.35
570.07	1213.99
570.27	1223.29
570.47	1211.78
570.68	1223.05
570.88	1220.63
571.08	1215.02
571.28	1215.33
571.48	1219.28
571.68	1211.37
571.88	1222.72
572.08	1215.43
572.28	1218.21
572.49	1217.64
572.69	1224.09
572.89	1216.23
573.09	1225.18
573.29	1215.55
573.49	1220.59
573.69	1221.27
573.89	1223.44
574.09	1219.81
574.29	1224.81
574.50	1209.74
574.70	1225.96
574.90	1218.54
575.10	1223.93
575.30	1221.98
575.50	1219.73
575.70	1219.67
575.90	1220.84
576.10	1215.04
576.30	1218.48
576.50	1209.35
576.70	1230.24
576.91	1219.79
577.11	1220.51
577.31	1217.91
577.51	1226.77
577.71	1220.38
577.91	1221.12
578.11	1218.54
578.31	1220.98
578.51	1215.45
578.71	1218.05
578.91	1219.20
579.11	1221.90
579.31	1218.85
579.51	1222.10
579.71	1215.10
579.92	1222.62
580.12	1215.67
580.32	1225.65
580.52	1216.41
580.72	1223.74
580.92	1219.63
581.12	1220.69
581.32	1220.02
581.52	1219.36
581.72	1214.57
581.92	1220.32
582.12	1213.59
582.32	1217.48
582.52	1218.62
582.72	1225.87
582.92	1216.70
583.12	1223.99
583.32	1216.86
583.52	1221.51
583.72	1215.59
583.92	1220.59
584.12	1217.78
584.33	1223.42
584.53	1211.13
584.73	1219.40
584.93	1221.78
585.13	1217.97
585.33	1212.56
585.53	1227.33
585.73	1215.31
585.93	1219.24
586.13	1217.89
586.33	1222.84
586.53	1212.99
586.73	1221.24
586.93	1217.87
587.13	1227.98
587.33	1219.20
587.53	1231.98
587.73	1214.53
587.93	1225.61
588.13	1217.93
588.33	1226.20
588.53	1221.37
588.73	1224.15
588.93	1218.68
589.13	1223.46
589.33	1209.49
589.53	1221.20
589.73	1211.80
589.93	1218.77
590.13	1215.12
590.33	1223.64
590.53	1214.83
590.73	1222.27
590.93	1214.16
591.13	1221.74
591.33	1217.15
591.53	1223.62
591.73	1213.81
591.93	1215.14
592.13	1216.15
592.33	1224.50
592.53	1218.44
592.73	1216.76
592.93	1215.00
593.13	1228.88
593.33	1217.15
593.53	1220.53
593.73	1212.95
593.93	1219.73
594.13	1220.47
594.33	1226.26
594.53	1217.87
594.73	1224.26
594.92	1218.68
595.12	1222.39
595.32	1215.55
595.52	1222.47
595.72	1218.09
595.92	1223.50
596.12	1216.25
596.32	1223.17
596.52	1214.81
596.72	1227.20
596.92	1220.90
597.12	1223.95
597.32	1215.08
597.52	1226.32
597.72	1217.70
597.92	1221.57
598.12	1210.29
598.32	1221.78
598.52	1221.33
598.72	1212.50
598.92	1220.90
599.12	1220.02
599.31	1216.19
599.51	1217.70
599.71	1217.42
599.91	1222.27
600.11	1219.71
600.31	1218.07
600.51	1217.50
600.71	1223.07
600.91	1215.08
601.11	1222.97
601.31	1213.48
601.51	1215.57
601.71	1215.20
601.91	1221.27
602.10	1209.35
602.30	1221.51
602.50	1218.71
602.70	1221.78
602.90	1217.74
603.10	1214.69
603.30	1213.38
603.50	1224.40
603.70	1213.56
603.90	1221.88
604.10	1223.21
604.30	1219.28
604.49	1214.71
604.69	1223.37
604.89	1221.22
605.09	1223.25
605.29	1215.47
605.49	1220.88
605.69	1215.86
605.89	1219.54
606.09	1217.09
606.29	1222.41
606.48	1219.07
606.68	1229.25
606.88	1217.62
607.08	1221.06
607.28	1217.46
607.48	1217.33
607.68	1218.71
607.88	1223.37
608.08	1214.45
608.27	1228.17
608.47	1219.44
608.67	1228.84
608.87	1215.57
609.07	1224.23
609.27	1211.58
609.47	1221.86
609.67	1216.10
609.87	1223.76
610.06	1214.49
610.26	1219.91
610.46	1209.49
610.66	1221.22
610.86	1225.42
611.06	1226.16
611.26	1218.50
611.45	1214.30
611.65	1217.76
611.85	1218.19
612.05	1215.16
612.25	1217.21
612.45	1221.18
612.65	1226.92
612.84	1217.72
613.04	1223.13
613.24	1216.49
613.44	1221.24
613.64	1214.18
613.84	1220.41
614.04	1221.84
614.23	1219.87
614.43	1210.12
614.63	1230.13
614.83	1214.67
615.03	1220.30
615.23	1220.55
615.42	1221.61
615.62	1213.71
615.82	1222.43
616.02	1210.94
616.22	1217.44
616.42	1220.51
616.61	1225.77
616.81	1218.75
617.01	1226.28
617.21	1218.77
617.41	1219.67
617.61	1216.68
617.80	1221.35
618.00	1221.06
618.20	1213.44
618.40	1214.20
618.60	1222.86
618.80	1210.27
618.99	1222.88
619.19	1216.49
619.39	1221.35
619.59	1223.19
619.79	1221.04
619.98	1213.87
620.18	1219.38
620.38	1218.17
620.58	1222.99
620.78	1214.22
620.97	1222.86
621.17	1216.04
621.37	1218.38
621.57	1215.37
621.77	1217.50
621.96	1217.17
622.16	1224.46
622.36	1218.87
622.56	1217.80
622.76	1220.90
622.95	1222.21
623.15	1217.13
623.35	1218.38
623.55	1215.16
623.75	1218.64
623.94	1213.16
624.14	1226.90
624.34	1217.78
624.54	1216.49
624.73	1221.59
624.93	1218.99
625.13	1215.26
625.33	1221.08
625.53	1217.11
625.72	1221.72
625.92	1219.95
626.12	1224.52
626.32	1219.28
626.51	1223.72
626.71	1217.87
626.91	1225.63
627.11	1219.87
627.30	1221.04
627.50	1215.18
627.70	1221.78
627.90	1218.28
628.10	1222.76
628.29	1209.51
628.49	1227.41
628.69	1212.46
628.89	1222.86
629.08	1218.77
629.28	1219.75
629.48	1217.15
629.68	1225.96
629.87	1216.76
630.07	1222.00
630.27	1219.24
630.47	1219.30
630.66	1213.63
630.86	1219.97
631.06	1219.42
631.25	1220.04
631.45	1217.72
631.65	1224.91
631.85	1216.31
632.04	1216.58
632.24	1224.44
632.44	1222.82
632.64	1210.78
632.83	1216.94
633.03	1216.84
633.23	1226.12
633.42	1214.77
633.62	1221.78
633.82	1216.37
634.02	1222.21
634.21	1215.43
634.41	1217.35
634.61	1214.18
634.81	1220.38
635.00	1213.50
635.20	1219.03
635.40	1216.88
635.59	1219.93
635.79	1214.14
635.99	1224.01
636.18	1218.17
636.38	1222.04
636.58	1219.44
636.78	1224.17
636.97	1220.57
637.17	1223.31
637.37	1220.96
637.56	1224.15
637.76	1213.97
637.96	1220.45
638.15	1212.79
638.35	1217.46
638.55	1216.80
638.74	1216.82
638.94	1219.85
639.14	1223.46
639.34	1217.70
639.53	1224.56
639.73	1210.02
639.93	1217.39
640.12	1206.75
640.32	1218.13
640.52	1217.05
640.71	1216.62
640.91	1214.38
641.11	1225.32
641.30	1213.32
641.50	1220.32
641.70	1223.52
641.89	1224.93
642.09	1220.00
642.29	1222.84
642.48	1218.36
642.68	1217.19
642.88	1215.51
643.07	1229.21
643.27	1216.86
643.47	1221.18
643.66	1222.06
643.86	1217.17
644.06	1217.54
644.25	1223.85
644.45	1210.47
644.65	1224.44
644.84	1222.97
645.04	1223.03
645.23	1213.07
645.43	1222.25
645.63	1211.58
645.82	1215.45
646.02	1219.73
646.22	1222.15
646.41	1211.97
646.61	1222.58
646.81	1207.89
647.00	1225.89
647.20	1209.33
647.39	1215.67
647.59	1215.10
647.79	1219.89
647.98	1218.54
648.18	1219.18
648.38	1216.25
648.57	1226.49
648.77	1217.17
648.96	1211.41
649.16	1215.16
649.36	1222.51
649.55	1218.34
649.75	1223.09
649.95	1209.12
650.14	1230.34
650.34	1214.92
650.53	1218.25
650.73	1220.30
650.93	1215.14
651.12	1222.80
651.32	1221.67
651.51	1227.08
651.71	1216.80
651.91	1217.50
652.10	1229.35
652.30	1222.97
652.49	1226.22
652.69	1215.94
652.89	1213.11
653.08	1211.17
653.28	1220.47
653.47	1222.31
653.67	1219.54
653.86	1218.81
654.06	1222.68
654.26	1218.01
654.45	1226.69
654.65	1215.18
654.84	1226.98
655.04	1213.75
655.24	1221.18
655.43	1211.60
655.63	1218.50
655.82	1211.93
656.02	1223.89
656.21	1223.99
656.41	1229.58
656.61	1212.68
656.80	1228.82
657.00	1215.65
657.19	1219.85
657.39	1215.96
657.58	1223.95
657.78	1214.55
657.97	1222.15
658.17	1216.66
658.37	1225.79
658.56	1211.33
658.76	1222.84
658.95	1217.46
659.15	1225.77
659.34	1220.47
659.54	1228.02
659.73	1221.88
659.93	1222.08
660.13	1213.46
660.32	1228.33
660.52	1222.10
660.71	1228.54
660.91	1218.77
661.10	1224.64
661.30	1219.65
661.49	1217.35
661.69	1214.88
661.88	1230.69
662.08	1214.59
662.27	1222.13
662.47	1217.11
662.66	1217.35
662.86	1221.18
663.06	1225.30
663.25	1221.55
663.45	1225.69
663.64	1220.81
663.84	1218.85
664.03	1218.99
664.23	1219.97
664.42	1216.92
664.62	1220.65
664.81	1221.04
665.01	1229.78
665.20	1219.20
665.40	1217.05
665.59	1215.39
665.79	1221.18
665.98	1221.12
666.18	1218.42
666.37	1219.71
666.57	1221.02
666.76	1217.56
666.96	1225.44
667.15	1212.01
667.35	1223.25
667.54	1217.27
667.74	1228.06
667.93	1219.32
668.13	1222.97
668.32	1218.34
668.52	1225.50
668.71	1221.84
668.91	1223.78
669.10	1229.64
669.30	1223.93
669.49	1221.16
669.68	1219.48
669.88	1216.82
670.07	1229.13
670.27	1215.39
670.46	1224.11
670.66	1217.91
670.85	1217.25
671.05	1210.68
671.24	1219.79
671.44	1216.43
671.63	1223.76
671.83	1217.58
672.02	1222.84
672.22	1215.86
672.41	1220.28
672.60	1226.10
672.80	1226.86
672.99	1217.78
673.19	1228.47
673.38	1215.08
673.58	1222.13
673.77	1217.52
673.97	1222.04
674.16	1222.00
674.36	1221.27
674.55	1217.05
674.74	1228.52
674.94	1217.91
675.13	1221.86
675.33	1219.22
675.52	1218.75
675.72	1215.63
675.91	1227.59
676.10	1212.42
676.30	1226.47
676.49	1209.45
676.69	1218.36
676.88	1217.76
677.08	1219.57
677.27	1210.62
677.46	1218.30
677.66	1212.34
677.85	1226.24
678.05	1219.24
678.24	1225.85
678.44	1211.68
678.63	1226.36
678.82	1212.03
679.02	1222.45
679.21	1219.95
679.41	1226.65
679.60	1222.23
679.79	1219.81
679.99	1220.28
680.18	1226.02
680.38	1218.36
680.57	1222.29
680.76	1215.94
680.96	1229.44
681.15	1209.82
681.35	1222.43
681.54	1212.52
681.73	1226.30
681.93	1215.86
682.12	1218.54
682.32	1211.33
682.51	1222.00
682.70	1215.47
682.90	1223.56
683.09	1204.82
683.29	1222.68
683.48	1215.90
683.67	1226.92
683.87	1214.10
684.06	1219.20
684.25	1211.64
684.45	1227.39
684.64	1212.36
684.84	1217.95
685.03	1218.89
685.22	1222.53
685.42	1211.23
685.61	1223.17
685.80	1217.78
686.00	1221.78
686.19	1221.98
686.38	1223.62
686.58	1209.08
686.77	1222.45
686.96	1215.53
687.16	1224.19
687.35	1219.89
687.55	1230.19
687.74	1213.38
687.93	1220.63
688.13	1212.91
688.32	1218.44
688.51	1216.31
688.71	1221.51
688.90	1216.15
689.09	1213.97
689.29	1217.31
689.48	1222.47
689.67	1212.09
689.87	1226.94
690.06	1210.62
690.25	1222.51
690.45	1222.19
690.64	1225.79
690.83	1216.90
691.03	1223.13
691.22	1217.89
691.41	1215.65
691.61	1215.22
691.80	1223.50
691.99	1218.73
692.19	1227.14
692.38	1208.71
692.57	1231.32
692.76	1219.30
692.96	1215.43
693.15	1220.00
693.34	1220.34
693.54	1223.95
693.73	1230.71
693.92	1215.84
694.12	1220.51
694.31	1223.72
694.50	1226.75
694.70	1217.07
694.89	1221.41
695.08	1214.77
695.27	1225.34
695.47	1215.06
695.66	1225.40
695.85	1211.41
696.05	1225.87
696.24	1215.86
696.43	1225.07
696.62	1215.45
696.82	1221.90
697.01	1218.71
697.20	1219.18
697.40	1218.19
697.59	1221.45
697.78	1216.10
697.97	1218.56
698.17	1217.54
698.36	1225.98
698.55	1221.59
698.74	1224.71
698.94	1213.69
699.13	1226.69
699.32	1225.93
699.52	1222.41
699.71	1212.85
699.90	1225.40
700.09	1217.39
700.29	1223.31
700.48	1216.10
700.67	1220.69
700.86	1214.06
701.06	1222.10
701.25	1222.80
701.44	1225.63
701.63	1220.43
701.83	1223.80
702.02	1213.36
702.21	1216.41
702.40	1218.93
702.60	1219.14
702.79	1220.75
702.98	1217.05
703.17	1214.79
703.37	1224.09
703.56	1220.47
703.75	1225.16
703.94	1223.13
704.13	1219.20
704.33	1207.58
704.52	1220.45
704.71	1219.52
704.90	1223.64
705.10	1219.05
705.29	1221.18
705.48	1218.25
705.67	1228.29
705.86	1214.51
706.06	1221.16
706.25	1215.14
706.44	1224.95
706.63	1217.78
706.83	1224.93
707.02	1218.19
707.21	1224.36
707.40	1217.50
707.59	1226.90
707.79	1212.40
707.98	1225.87
708.17	1212.64
708.36	1223.42
708.55	1215.49
708.75	1222.70
708.94	1213.65
709.13	1223.40
709.32	1216.90
709.51	1229.11
709.71	1222.41
709.90	1225.89
710.09	1218.28
710.28	1220.00
710.47	1213.77
710.66	1219.87
710.86	1213.36
711.05	1219.57
711.24	1212.52
711.43	1218.21
711.62	1213.16
711.82	1224.05
712.01	1213.13
712.20	1221.33
712.39	1211.72
712.58	1223.13
712.77	1212.52
712.97	1218.87
713.16	1212.66
713.35	1217.74
713.54	1220.49
713.73	1223.46
713.92	1216.45
714.11	1226.61
714.31	1212.56
714.50	1223.80
714.69	1217.07
714.88	1212.56
715.07	1218.03
715.26	1216.62
715.46	1218.68
715.65	1218.68
715.84	1220.61
716.03	1227.31
716.22	1218.13
716.41	1230.67
716.60	1212.30
716.80	1215.65
716.99	1219.91
717.18	1227.45
717.37	1213.01
717.56	1221.61
717.75	1216.49
717.94	1224.15
718.13	1219.16
718.33	1215.82
718.52	1217.15
718.71	1219.75
718.90	1220.22
719.09	1223.19
719.28	1211.66
719.47	1224.52
719.66	1211.15
719.85	1223.95
720.05	1220.45
720.24	1223.72
720.43	1210.29
720.62	1223.74
720.81	1221.55
721.00	1226.67
721.19	1220.22
721.38	1222.00
721.57	1209.59
721.77	1226.90
721.96	1214.12
722.15	1218.66
722.34	1215.33
722.53	1225.63
722.72	1216.27
722.91	1211.78
723.10	1213.67
723.29	1225.98
723.48	1215.04
723.67	1229.42
723.87	1218.68
724.06	1224.60
724.25	1218.05
724.44	1218.34
724.63	1215.26
724.82	1220.98
725.01	1214.32
725.20	1219.89
725.39	1214.86
725.58	1225.91
725.77	1213.44
725.96	1227.06
726.15	1212.19
726.34	1228.45
726.54	1213.44
726.73	1228.95
726.92	1215.69
727.11	1224.13
727.30	1217.64
727.49	1214.04
727.68	1212.17
727.87	1223.91
728.06	1217.42
728.25	1226.51
728.44	1219.40
728.63	1222.06
728.82	1219.93
729.01	1222.23
729.20	1214.42
729.39	1232.24
729.58	1216.23
729.77	1233.41
729.96	1221.49
730.15	1223.03
730.34	1214.04
730.53	1221.70
730.73	1217.44
730.92	1216.08
731.11	1212.60
731.30	1225.01
731.49	1220.57
731.68	1216.19
731.87	1219.89
732.06	1216.02
732.25	1221.55
732.44	1225.67
732.63	1219.65
732.82	1218.81
733.01	1219.20
733.20	1223.62
733.39	1214.42
733.58	1220.98
733.77	1216.90
733.96	1228.64
734.15	1216.15
734.34	1226.34
734.53	1208.34
734.72	1226.57
734.91	1216.68
735.10	1225.42
735.29	1211.17
735.48	1224.46
735.67	1216.58
735.86	1232.63
736.05	1213.28
736.24	1227.65
736.43	1215.57
736.62	1225.05
736.81	1220.73
737.00	1237.03
737.19	1214.22
737.38	1225.61
737.57	1213.32
737.76	1225.91
737.95	1221.24
738.14	1219.34
738.33	1213.69
738.51	1225.38
738.70	1211.89
738.89	1227.55
739.08	1215.88
739.27	1228.25
739.46	1216.15
739.65	1221.84
739.84	1218.09
740.03	1220.86
740.22	1217.23
740.41	1221.22
740.60	1220.71
740.79	1225.63
740.98	1218.54
741.17	1227.82
741.36	1216.80
741.55	1221.22
741.74	1216.76
741.93	1224.46
742.12	1215.65
742.31	1227.96
742.50	1224.42
742.68	1222.17
742.87	1224.17
743.06	1223.91
743.25	1220.04
743.44	1216.78
743.63	1215.69
743.82	1224.52
744.01	1217.42
744.20	1222.51
744.39	1213.91
744.58	1223.35
744.77	1220.65
744.96	1217.05
745.14	1217.56
745.33	1224.54
745.52	1214.40
745.71	1221.84
745.90	1217.95
746.09	1229.19
746.28	1215.80
746.47	1215.92
746.66	1209.14
746.85	1222.51
747.04	1216.90
747.22	1219.46
747.41	1218.54
747.60	1221.63
747.79	1217.42
747.98	1218.13
748.17	1218.73
748.36	1227.10
748.55	1216.74
748.74	1223.56
748.93	1219.18
749.11	1227.35
749.30	1224.21
749.49	1226.79
749.68	1216.08
749.87	1217.05
750.06	1212.52
750.25	1222.76
750.44	1208.67
750.62	1222.78
750.81	1216.29
751.00	1220.02
751.19	1213.77
751.38	1219.52
751.57	1211.74
751.76	1224.05
751.95	1215.33
752.13	1223.72
752.32	1213.03
752.51	1222.08
752.70	1224.01
752.89	1220.67
753.08	1218.97
753.27	1222.27
753.45	1222.72
753.64	1227.47
753.83	1218.11
754.02	1222.21
754.21	1212.05
754.40	1221.84
754.58	1217.97
754.77	1223.74
754.96	1230.91
755.15	1221.16
755.34	1218.54
755.53	1220.10
755.71	1221.88
755.90	1228.37
756.09	1214.18
756.28	1220.69
756.47	1214.38
756.66	1224.71
756.84	1228.04
757.03	1222.27
757.22	1214.30
757.41	1228.31
757.60	1214.79
757.79	1227.88
757.97	1221.45
758.16	1224.46
758.35	1213.38
758.54	1225.14
758.73	1218.85
758.91	1218.97
759.10	1217.44
759.29	1226.18
759.48	1216.47
759.67	1228.49
759.85	1219.69
760.04	1223.40
760.23	1215.18
760.42	1221.33
760.61	1213.07
760.79	1220.53
760.98	1219.32
761.17	1227.84
761.36	1218.62
761.55	1221.16
761.73	1212.32
761.92	1217.66
762.11	1219.48
762.30	1235.05
762.49	1226.73
762.67	1222.15
762.86	1221.10
763.05	1223.56
763.24	1216.25
763.42	1213.75
763.61	1216.55
763.80	1223.21
763.99	1215.02
764.17	1222.45
764.36	1222.64
764.55	1217.56
764.74	1217.64
764.92	1232.94
765.11	1216.06
765.30	1224.93
765.49	1214.94
765.68	1221.94
765.86	1213.63
766.05	1219.83
766.24	1217.50
766.43	1224.97
766.61	1223.11
766.80	1226.47
766.99	1222.25
767.17	1222.45
767.36	1218.48
767.55	1224.19
767.74	1220.30
767.92	1233.18
768.11	1221.45
768.30	1221.78
768.49	1223.33
768.67	1218.19
768.86	1224.83
769.05	1226.86
769.24	1214.04
769.42	1223.46
769.61	1217.91
769.80	1226.86
769.98	1221.08
770.17	1230.93
770.36	1219.20
770.55	1222.58
770.73	1218.34
770.92	1224.62
771.11	1217.50
771.29	1219.05
771.48	1220.04
771.67	1224.64
771.86	1221.45
772.04	1227.10
772.23	1217.09
772.42	1222.33
772.60	1216.43
772.79	1221.02
772.98	1217.05
773.16	1227.70
773.35	1215.35
773.54	1232.41
773.72	1216.19
773.91	1224.28
774.10	1214.73
774.29	1225.48
774.47	1216.31
774.66	1228.06
774.85	1220.57
775.03	1227.43
775.22	1220.12
775.41	1227.55
775.59	1218.11
775.78	1219.87
775.97	1217.50
776.15	1224.62
776.34	1221.10
776.53	1222.74
776.71	1222.58
776.90	1222.19
777.09	1221.70
777.27	1233.41
777.46	1219.48
777.65	1229.66
777.83	1220.65
778.02	1226.26
778.21	1215.06
778.39	1230.48
778.58	1222.19
778.76	1226.94
778.95	1217.07
779.14	1228.15
779.32	1212.75
779.51	1231.94
779.70	1216.25
779.88	1223.56
780.07	1220.55
780.26	1223.83
780.44	1213.16
780.63	1225.67
780.81	1215.41
781.00	1224.19
781.19	1217.19
781.37	1232.41
781.56	1220.75
781.75	1221.98
781.93	1219.81
782.12	1227.55
782.30	1218.44
782.49	1224.54
782.68	1229.42
782.86	1230.85
783.05	1221.10
783.23	1226.65
783.42	1219.22
783.61	1226.26
783.79	1215.16
783.98	1227.10
784.16	1219.36
784.35	1228.82
784.54	1222.35
784.72	1229.56
784.91	1216.78
785.09	1229.54
785.28	1218.68
785.47	1221.63
785.65	1219.57
785.84	1232.14
786.02	1216.17
786.21	1226.63
786.40	1217.58
786.58	1232.39
786.77	1230.46
786.95	1228.49
787.14	1223.19
787.32	1233.59
787.51	1223.72
787.70	1231.59
787.88	1230.97
788.07	1233.61
788.25	1222.76
788.44	1235.13
788.62	1224.42
788.81	1233.35
789.00	1225.24
789.18	1230.05
789.37	1226.47
789.55	1235.85
789.74	1223.46
789.92	1227.41
790.11	1230.52
790.29	1235.68
790.48	1236.22
790.67	1234.09
790.85	1231.65
791.04	1243.01
791.22	1227.88
791.41	1240.86
791.59	1231.20
791.78	1238.63
791.96	1231.18
792.15	1239.37
792.33	1232.71
792.52	1235.70
792.70	1235.97
792.89	1239.84
793.07	1234.41
793.26	1232.45
793.45	1233.12
793.63	1244.22
793.82	1231.96
794.00	1244.57
794.19	1240.68
794.37	1239.16
794.56	1235.54
794.74	1246.11
794.93	1238.37
795.11	1256.80
795.30	1241.74
795.48	1251.60
795.67	1243.79
795.85	1254.05
796.04	1249.24
796.22	1256.45
796.41	1237.63
796.59	1245.60
796.78	1250.02
796.96	1249.40
797.15	1247.87
797.33	1248.71
797.52	1238.49
797.70	1260.07
797.89	1252.03
798.07	1258.52
798.26	1252.27
798.44	1257.27
798.63	1254.01
798.81	1255.94
798.99	1255.26
799.18	1261.59
799.36	1246.84
799.55	1257.37
799.73	1260.26
799.92	1257.41
800.10	1249.02
800.29	1266.07
800.47	1251.90
800.66	1255.61
800.84	1251.17
801.03	1255.10
801.21	1250.76
801.39	1247.25
801.58	1248.16
801.76	1247.95
801.95	1240.29
802.13	1255.18
802.32	1240.19
802.50	1251.10
802.69	1250.57
802.87	1249.81
803.06	1250.90
803.24	1256.96
803.42	1248.65
803.61	1252.50
803.79	1245.94
803.98	1252.68
804.16	1254.97
804.35	1260.73
804.53	1259.89
804.71	1260.30
804.90	1258.82
805.08	1266.18
805.27	1268.06
805.45	1277.65
805.63	1283.58
805.82	1290.30
806.00	1294.34
806.19	1302.63
806.37	1307.91
806.56	1328.85
806.74	1334.85
806.92	1352.54
807.11	1372.81
807.29	1407.30
807.48	1456.84
807.66	1531.82
807.84	1644.60
808.03	1814.15
808.21	2008.24
808.40	2266.71
808.58	2571.22
808.76	2931.07
808.95	3301.51
809.13	3657.94
809.32	4035.07
809.50	4383.51
809.68	4733.61
809.87	5059.73
810.05	5333.18
810.23	5599.15
810.42	5850.53
810.60	6107.78
810.79	6290.66
810.97	6458.11
811.15	6621.19
811.34	6747.89
811.52	6920.37
811.70	7087.43
811.89	7139.46
812.07	7306.56
812.25	7418.58
812.44	7526.10
812.62	7640.85
812.81	7720.21
812.99	7765.47
813.17	7877.59
813.36	7893.61
813.54	7874.01
813.72	7853.84
813.91	7706.32
814.09	7540.56
814.27	7330.07
814.46	7020.21
814.64	6759.08
814.82	6367.26
815.01	5971.59
815.19	5552.74
815.37	5160.35
815.56	4741.60
815.74	4370.61
815.92	4000.56
816.11	3686.90
816.29	3405.51
816.47	3138.45
816.66	2944.20
816.84	2769.61
817.02	2622.20
817.21	2524.94
817.39	2419.84
817.57	2360.22
817.76	2286.48
817.94	2253.99
818.12	2191.74
818.30	2160.07
818.49	2111.35
818.67	2087.08
818.85	2052.56
819.04	2019.48
819.22	1974.26
819.40	1952.31
819.59	1931.64
819.77	1904.45
819.95	1852.94
820.13	1856.03
820.32	1807.48
820.50	1789.76
820.68	1748.76
820.87	1742.47
821.05	1714.33
821.23	1698.03
821.41	1676.55
821.60	1662.09
821.78	1631.88
821.96	1624.94
822.14	1610.11
822.33	1593.24
822.51	1570.34
822.69	1566.37
822.88	1550.19
823.06	1539.25
823.24	1522.58
823.42	1523.40
823.61	1509.54
823.79	1513.16
823.97	1489.30
824.15	1496.29
824.34	1488.50
824.52	1492.97
824.70	1503.19
824.88	1526.15
825.07	1526.64
825.25	1559.22
825.43	1575.91
825.61	1614.35
825.80	1623.32
825.98	1643.19
826.16	1661.68
826.34	1676.53
826.53	1672.13
826.71	1672.00
826.89	1676.61
827.07	1672.82
827.25	1660.57
827.44	1655.54
827.62	1637.49
827.80	1626.97
827.98	1601.55
828.17	1580.32
828.35	1560.39
828.53	1552.32
828.71	1529.32
828.89	1514.55
829.08	1490.61
829.26	1480.27
829.44	1459.12
829.62	1449.96
829.80	1435.97
829.99	1412.79
830.17	1402.08
830.35	1392.62
830.53	1381.56
830.71	1365.61
830.90	1350.10
831.08	1353.77
831.26	1329.68
831.44	1330.42
831.62	1319.36
831.81	1317.97
831.99	1307.22
832.17	1314.08
832.35	1300.01
832.53	1311.93
832.71	1293.46
832.90	1300.30
833.08	1285.31
833.26	1283.09
833.44	1264.31
833.62	1264.91
833.81	1256.20
833.99	1251.70
834.17	1247.09
834.35	1250.61
834.53	1230.87
834.71	1242.01
834.89	1229.58
835.08	1243.83
835.26	1228.02
835.44	1235.38
835.62	1224.64
835.80	1231.55
835.98	1234.99
836.17	1234.52
836.35	1234.37
836.53	1238.92
836.71	1229.44
836.89	1233.72
837.07	1228.52
837.25	1239.70
837.44	1231.87
837.62	1237.71
837.80	1221.39
837.98	1231.01
838.16	1229.50
838.34	1230.03
838.52	1226.57
838.70	1230.95
838.89	1226.04
839.07	1235.25
839.25	1226.82
839.43	1237.16
839.61	1226.79
839.79	1236.44
839.97	1237.89
840.15	1235.74
840.33	1223.33
840.52	1231.79
840.70	1232.71
840.88	1237.94
841.06	1233.92
841.24	1232.53
841.42	1231.67
841.60	1234.33
841.78	1229.21
841.96	1226.79
842.14	1228.13
842.33	1232.16
842.51	1229.05
842.69	1232.88
842.87	1223.99
843.05	1231.34
843.23	1219.69
843.41	1228.60
843.59	1224.32
843.77	1227.90
843.95	1230.42
844.13	1223.93
844.31	1225.44
844.49	1235.62
844.68	1222.76
844.86	1227.78
845.04	1225.91
845.22	1231.98
845.40	1223.66
845.58	1232.73
845.76	1223.56
845.94	1228.08
846.12	1218.38
846.30	1228.56
846.48	1223.19
846.66	1233.59
846.84	1219.18
847.02	1232.80
847.20	1222.25
847.38	1229.15
847.56	1213.46
847.74	1236.48
847.92	1218.87
848.11	1227.68
848.29	1224.23
848.47	1227.31
848.65	1219.71
848.83	1224.23
849.01	1221.39
849.19	1224.42
849.37	1222.13
849.55	1227.00
849.73	1226.57
849.91	1225.61
850.09	1218.85
850.27	1228.88
850.45	1220.20
850.63	1225.71
850.81	1221.16
850.99	1223.87
851.17	1227.70
851.35	1228.74
851.53	1222.49
851.71	1223.35
851.89	1223.46
852.07	1227.94
852.25	1219.42
852.43	1230.30
852.61	1228.39
852.79	1229.27
852.97	1227.96
853.15	1231.42
853.33	1227.65
853.51	1229.64
853.69	1220.67
853.87	1234.43
854.05	1225.87
854.23	1230.73
854.41	1228.06
854.59	1233.02
854.77	1228.76
854.95	1224.81
855.13	1226.22
855.31	1232.12
855.49	1225.75
855.67	1227.72
855.84	1225.98
856.02	1233.33
856.20	1224.79
856.38	1232.57
856.56	1228.99
856.74	1231.26
856.92	1226.08
857.10	1232.75
857.28	1223.07
857.46	1222.97
857.64	1218.89
857.82	1232.49
858.00	1217.54
858.18	1232.30
858.36	1224.17
858.54	1236.34
858.72	1217.74
858.90	1227.04
859.08	1221.90
859.25	1230.60
859.43	1218.81
859.61	1224.60
859.79	1222.29
859.97	1230.93
860.15	1226.77
860.33	1227.70
860.51	1220.71
860.69	1223.17
860.87	1219.30
861.05	1231.40
861.23	1219.30
861.41	1230.21
861.58	1213.46
861.76	1222.72
861.94	1217.48
862.12	1229.95
862.30	1227.25
862.48	1232.18
862.66	1214.26
862.84	1218.36
863.02	1222.31
863.20	1224.34
863.37	1221.55
863.55	1225.26
863.73	1217.21
863.91	1229.09
864.09	1220.36
864.27	1223.76
864.45	1218.30
864.63	1215.29
864.80	1214.22
864.98	1226.84
865.16	1218.77
865.34	1216.41
865.52	1221.74
865.70	1222.84
865.88	1220.43
866.06	1223.50
866.23	1214.51
866.41	1231.16
866.59	1215.08
866.77	1216.80
866.95	1208.12
867.13	1218.11
867.31	1217.66
867.48	1224.64
867.66	1216.55
867.84	1219.69
868.02	1218.34
868.20	1226.02
868.38	1217.07
868.56	1223.09
868.73	1217.68
868.91	1227.00
869.09	1210.00
869.27	1221.65
869.45	1216.53
869.63	1219.57
869.80	1215.49
869.98	1225.46
870.16	1217.11
870.34	1227.59
870.52	1220.20
870.70	1222.33
870.87	1208.18
871.05	1217.76
871.23	1219.30
871.41	1230.30
871.59	1213.09
871.76	1224.01
871.94	1211.46
872.12	1222.37
872.30	1219.24
872.48	1218.79
872.65	1213.16
872.83	1224.50
873.01	1220.92
873.19	1216.04
873.37	1220.69
873.54	1222.08
873.72	1217.82
873.90	1232.80
874.08	1215.55
874.26	1220.12
874.43	1209.53
874.61	1221.49
874.79	1213.85
874.97	1224.07
875.15	1224.54
875.32	1228.58
875.50	1216.39
875.68	1224.26
875.86	1216.86
876.03	1217.62
876.21	1220.88
876.39	1224.93
876.57	1213.65
876.74	1224.32
876.92	1223.46
877.10	1224.40
877.28	1216.51
877.45	1223.80
877.63	1214.73
877.81	1218.17
877.99	1214.65
878.17	1218.54
878.34	1215.08
878.52	1225.71
878.70	1211.03
878.87	1232.30
879.05	1206.34
879.23	1226.96
879.41	1219.36
879.58	1220.14
879.76	1220.26
879.94	1227.82
880.12	1217.48
880.29	1223.42
880.47	1210.37
880.65	1220.75
880.83	1212.17
881.00	1220.36
881.18	1224.91
881.36	1232.06
881.53	1210.72
881.71	1224.71
881.89	1221.92
882.07	1220.77
882.24	1217.09
882.42	1215.14
882.60	1220.20
882.77	1224.19
882.95	1220.26
883.13	1220.22
883.30	1218.87
883.48	1224.91
883.66	1217.33
883.84	1223.11
884.01	1222.70
884.19	1229.58
884.37	1216.98
884.54	1225.20
884.72	1215.24
884.90	1224.56
885.07	1220.98
885.25	1226.90
885.43	1219.71
885.60	1224.32
885.78	1208.90
885.96	1224.58
886.13	1219.95
886.31	1223.19
886.49	1221.16
886.66	1225.48
886.84	1218.09
887.02	1219.01
887.19	1206.99
887.37	1208.63
887.55	1218.93
887.72	1220.49
887.90	1215.78
888.08	1222.80
888.25	1213.28
888.43	1218.11
888.61	1218.95
888.78	1221.98
888.96	1208.53
889.14	1221.41
889.31	1213.52
889.49	1220.51
889.67	1216.80
889.84	1229.42
890.02	1219.42
890.19	1221.45
890.37	1214.55
890.55	1224.58
890.72	1217.11
890.90	1214.98
891.08	1216.78
891.25	1225.16
891.43	1215.76
891.60	1226.75
891.78	1217.48
891.96	1221.45
892.13	1218.77
892.31	1224.71
892.48	1220.28
892.66	1230.64
892.84	1216.08
893.01	1222.99
893.19	1216.82
893.36	1230.87
893.54	1215.88
893.72	1214.63
893.89	1211.80
894.07	1222.66
894.24	1216.23
894.42	1233.06
894.60	1215.51
894.77	1223.85
894.95	1219.34
895.12	1219.36
895.30	1217.21
895.48	1225.44
895.65	1211.29
895.83	1221.96
896.00	1213.22
896.18	1223.85
896.35	1220.02
896.53	1223.89
896.71	1214.24
896.88	1224.38
897.06	1218.75
897.23	1226.30
897.41	1210.33
897.58	1220.51
897.76	1208.90
897.93	1219.05
898.11	1216.68
898.29	1227.43
898.46	1219.34
898.64	1225.93
898.81	1221.08
898.99	1231.34
899.16	1216.74
899.34	1218.05
899.51	1220.45
899.69	1219.81
899.86	1219.05
900.04	1222.53
900.21	1219.20
900.39	1223.78
900.57	1219.38
900.74	1226.96
900.92	1214.18
901.09	1227.70
901.27	1217.87
901.44	1221.29
901.62	1217.80
901.79	1219.24
901.97	1222.10
902.14	1226.14
902.32	1212.79
902.49	1225.09
902.67	1213.03
902.84	1223.54
903.02	1213.63
903.19	1228.52
903.37	1214.77
903.54	1225.87
903.72	1217.03
903.89	1216.47
904.07	1212.25
904.24	1226.86
904.42	1216.76
904.59	1217.66
904.77	1220.47
904.94	1223.09
905.12	1211.37
905.29	1220.59
905.47	1215.82
905.64	1220.04
905.82	1210.51
905.99	1220.98
906.16	1214.90
906.34	1219.59
906.51	1225.26
906.69	1217.93
906.86	1214.26
907.04	1218.30
907.21	1222.23
907.39	1218.66
907.56	1209.02
907.74	1221.78
907.91	1215.98
908.09	1223.76
908.26	1214.73
908.43	1223.62
908.61	1218.11
908.78	1221.29
908.96	1211.11
909.13	1222.56
909.31	1215.51
909.48	1223.42
909.65	1219.83
909.83	1224.85
910.00	1209.76
910.18	1221.53
910.35	1218.64
910.53	1221.37
910.70	1213.81
910.87	1218.09
911.05	1213.07
911.22	1224.23
911.40	1213.46
911.57	1225.18
911.75	1211.89
911.92	1227.37
912.09	1207.46
912.27	1222.86
912.44	1223.19
912.62	1224.99
912.79	1215.20
912.96	1226.16
913.14	1219.97
913.31	1222.53
913.49	1222.97
913.66	1228.47
913.83	1216.60
914.01	1228.41
914.18	1220.32
914.36	1221.00
914.53	1216.41
914.70	1215.24
914.88	1220.16
915.05	1225.05
915.22	1214.73
915.40	1219.65
915.57	1219.44
915.75	1222.64
915.92	1212.23
916.09	1216.80
916.27	1218.23
916.44	1225.07
916.61	1219.52
916.79	1217.42
916.96	1217.39
917.13	1225.36
917.31	1214.61
917.48	1223.62
917.66	1216.72
917.83	1219.97
918.00	1213.79
918.18	1225.55
918.35	1218.23
918.52	1221.86
918.70	1223.33
918.87	1219.69
919.04	1211.48
919.22	1225.96
919.39	1213.13
919.56	1225.79
919.74	1219.16
919.91	1214.92
920.08	1214.90
920.26	1212.23
920.43	1219.32
920.60	1220.90
920.78	1219.16
920.95	1218.48
921.12	1211.84
921.29	1226.90
921.47	1213.32
921.64	1217.99
921.81	1217.09
921.99	1216.49
922.16	1211.99
922.33	1223.07
922.51	1209.08
922.68	1229.09
922.85	1219.65
923.03	1217.52
923.20	1211.50
923.37	1220.61
923.54	1216.90
923.72	1229.70
923.89	1216.98
924.06	1219.24
924.24	1214.40
924.41	1219.85
924.58	1216.21
924.75	1224.07
924.93	1215.24
925.10	1224.71
925.27	1212.68
925.44	1224.71
925.62	1221.20
925.79	1220.04
925.96	1223.40
926.14	1216.84
926.31	1217.78
926.48	1225.65
926.65	1211.54
926.83	1230.24
927.00	1212.73
927.17	1225.01
927.34	1212.68
927.52	1221.20
927.69	1215.24
927.86	1221.16
928.03	1217.80
928.21	1227.63
928.38	1218.71
928.55	1224.83
928.72	1212.50
928.89	1221.22
929.07	1217.52
929.24	1221.88
929.41	1205.97
929.58	1222.06
929.76	1214.38
929.93	1223.03
930.10	1210.43
930.27	1227.55
930.44	1217.87
930.62	1224.81
930.79	1215.82
930.96	1219.87
931.13	1215.86
931.31	1223.19
931.48	1217.68
931.65	1216.39
931.82	1212.46
931.99	1211.07
932.17	1216.76
932.34	1215.24
932.51	1219.83
932.68	1224.48
932.85	1219.75
933.03	1224.52
933.20	1211.35
933.37	1221.27
933.54	1221.63
933.71	1222.92
933.88	1211.82
934.06	1215.29
934.23	1212.46
934.40	1228.19
934.57	1221.70
934.74	1226.45
934.91	1217.70
935.09	1220.49
935.26	1210.04
935.43	1220.59
935.60	1218.75
935.77	1217.95
935.94	1215.49
936.12	1226.86
936.29	1220.00
936.46	1219.93
936.63	1215.67
936.80	1220.86
936.97	1211.91
937.14	1227.00
937.32	1211.46
937.49	1223.83
937.66	1219.46
937.83	1223.44
938.00	1219.03
938.17	1219.09
938.34	1202.49
938.52	1221.78
938.69	1222.72
938.86	1219.91
939.03	1222.41
939.20	1218.03
939.37	1213.28
939.54	1220.71
939.71	1219.03
939.89	1230.07
940.06	1221.45
940.23	1221.80
940.40	1215.47
940.57	1219.91
940.74	1213.09
940.91	1228.82
941.08	1210.84
941.25	1218.54
941.43	1220.38
941.60	1223.15
941.77	1221.14
941.94	1225.93
942.11	1218.05
942.28	1219.44
942.45	1218.93
942.62	1216.25
942.79	1217.15
942.96	1226.77
943.13	1218.64
943.30	1219.42
943.48	1218.01
943.65	1220.14
943.82	1210.84
943.99	1221.65
944.16	1214.92
944.33	1223.91
944.50	1221.43
944.67	1225.03
944.84	1219.32
945.01	1221.55
945.18	1217.19
945.35	1222.62
945.52	1210.94
945.69	1223.72
945.86	1213.54
946.03	1223.48
946.21	1213.28
946.38	1216.02
946.55	1220.30
946.72	1223.01
946.89	1209.69
947.06	1216.51
947.23	1218.25
947.40	1222.56
947.57	1208.92
947.74	1218.36
947.91	1211.54
948.08	1218.91
948.25	1218.30
948.42	1218.50
948.59	1217.48
948.76	1220.57
948.93	1216.45
949.10	1222.08
949.27	1218.38
949.44	1225.69
949.61	1219.28
949.78	1217.68
949.95	1216.96
950.12	1221.96
950.29	1215.65
950.46	1232.08
950.63	1218.97
950.80	1222.27
950.97	1211.23
951.14	1229.74
951.31	1213.05
951.48	1221.96
951.65	1216.47
951.82	1220.32
951.99	1218.11
952.16	1215.31
952.33	1218.46
952.50	1216.06
952.67	1217.37
952.84	1215.94
953.01	1209.59
953.18	1217.42
953.35	1223.31
953.52	1222.10
953.69	1222.64
953.86	1222.94
954.03	1214.92
954.20	1221.14
954.37	1217.03
954.54	1223.11
954.70	1215.65
954.87	1223.95
955.04	1214.51
955.21	1223.35
955.38	1214.49
955.55	1226.73
955.72	1217.87
955.89	1227.63
956.06	1217.58
956.23	1225.91
956.40	1221.16
956.57	1226.04
956.74	1211.11
956.91	1219.71
957.08	1222.72
957.25	1223.64
957.41	1216.33
957.58	1220.24
957.75	1217.27
957.92	1218.62
958.09	1220.49
958.26	1217.85
958.43	1215.94
958.60	1220.92
958.77	1218.07
958.94	1227.12
959.11	1217.85
959.27	1228.31
959.44	1221.98
959.61	1226.65
959.78	1216.82
959.95	1223.54
960.12	1222.56
960.29	1226.94
960.46	1219.65
960.63	1220.73
960.80	1215.10
960.96	1227.08
961.13	1212.60
961.30	1222.45
961.47	1218.91
961.64	1220.79
961.81	1218.68
961.98	1221.86
962.15	1214.20
962.31	1224.69
962.48	1217.23
962.65	1222.84
962.82	1215.88
962.99	1220.36
963.16	1222.68
963.33	1215.65
963.49	1214.77
963.66	1220.88
963.83	1218.73
964.00	1222.80
964.17	1211.87
964.34	1227.72
964.51	1209.61
964.67	1223.25
964.84	1218.21
965.01	1236.97
965.18	1214.34
965.35	1226.18
965.52	1213.69
965.68	1219.30
965.85	1214.26
966.02	1227.00
966.19	1214.12
966.36	1222.35
966.52	1216.66
966.69	1227.78
966.86	1216.10
967.03	1218.87
967.20	1216.19
967.37	1227.55
967.53	1211.72
967.70	1223.93
967.87	1211.60
968.04	1220.81
968.21	1216.31
968.37	1224.36
968.54	1213.22
968.71	1225.63
968.88	1214.38
969.05	1220.28
969.21	1213.87
969.38	1223.93
969.55	1217.56
969.72	1223.52
969.89	1214.73
970.05	1221.74
970.22	1218.89
970.39	1221.27
970.56	1204.21
970.72	1226.79
970.89	1221.06
971.06	1230.38
971.23	1204.88
971.39	1224.66
971.56	1220.69
971.73	1221.74
971.90	1214.47
972.07	1221.12
972.23	1217.62
972.40	1227.41
972.57	1217.56
972.74	1218.07
972.90	1219.61
973.07	1224.54
973.24	1219.05
973.40	1214.47
973.57	1213.67
973.74	1218.60
973.91	1215.55
974.07	1225.32
974.24	1217.09
974.41	1221.82
974.58	1220.92
974.74	1220.59
974.91	1219.93
975.08	1217.60
975.25	1225.61
975.41	1218.77
975.58	1214.24
975.75	1219.77
975.91	1215.63
976.08	1214.92
976.25	1211.39
976.42	1218.99
976.58	1218.21
976.75	1224.03
976.92	1208.44
977.08	1218.03
977.25	1217.48
977.42	1216.23
977.58	1215.39
977.75	1214.28
977.92	1211.64
978.08	1219.11
978.25	1219.89
978.42	1214.75
978.59	1223.11
978.75	1219.32
978.92	1220.30
979.09	1226.49
979.25	1210.17
979.42	1218.54
979.59	1217.11
979.75	1227.72
979.92	1218.44
980.09	1217.78
980.25	1215.26
980.42	1217.64
980.59	1220.26
980.75	1224.03
980.92	1223.40
981.09	1224.34
981.25	1216.86
981.42	1221.00
981.59	1222.88
981.75	1221.80
981.92	1218.09
982.08	1220.00
982.25	1214.51
982.42	1220.63
982.58	1216.37
982.75	1220.63
982.92	1220.00
983.08	1218.54
983.25	1214.59
983.42	1214.90
983.58	1209.55
983.75	1218.50
983.91	1216.82
984.08	1230.19
984.25	1220.32
984.41	1226.90
984.58	1209.96
984.74	1219.11
984.91	1210.76
985.08	1218.03
985.24	1218.85
985.41	1220.53
985.57	1217.70
985.74	1219.20
985.91	1217.70
986.07	1213.20
986.24	1214.63
986.40	1225.59
986.57	1213.67
986.74	1219.57
986.90	1221.12
987.07	1223.13
987.23	1221.78
987.40	1214.88
987.57	1219.69
987.73	1217.93
987.90	1213.67
988.06	1222.39
988.23	1212.91
988.39	1220.53
988.56	1213.26
988.73	1221.76
988.89	1219.18
989.06	1222.47
989.22	1216.78
989.39	1223.48
989.55	1221.80
989.72	1222.80
989.88	1215.08
990.05	1224.44
990.22	1221.04
990.38	1218.81
990.55	1220.32
990.71	1227.43
990.88	1210.39
991.04	1220.65
991.21	1212.75
991.37	1227.10
991.54	1220.86
991.70	1217.97
991.87	1221.06
992.03	1214.24
992.20	1213.05
992.36	1215.53
992.53	1214.75
992.69	1226.55
992.86	1212.58
993.03	1218.25
993.19	1214.67
993.36	1224.21
993.52	1214.98
993.69	1218.46
993.85	1216.41
994.02	1215.26
994.18	1220.18
994.35	1223.44
994.51	1217.17
994.68	1216.84
994.84	1215.86
995.01	1227.68
995.17	1219.40
995.34	1218.60
995.50	1212.77
995.66	1225.87
995.83	1207.99
995.99	1228.72
996.16	1216.53
996.32	1222.80
996.49	1214.77
996.65	1224.40
996.82	1215.90
996.98	1214.94
997.15	1221.31
997.31	1224.77
997.48	1214.30
997.64	1220.12
997.81	1220.18
997.97	1223.99
998.13	1213.65
998.30	1218.15
998.46	1217.42
998.63	1220.20
998.79	1215.26
998.96	1219.50
999.12	1216.82
999.29	1216.68
999.45	1221.43
999.61	1221.74
999.78	1222.10
999.94	1215.31
1000.11	1220.22
1000.27	1226.02
1000.44	1216.33
1000.60	1221.06
1000.76	1216.78
1000.93	1229.13
1001.09	1224.30
1001.26	1225.26
1001.42	1215.14
1001.59	1216.51
1001.75	1214.69
1001.91	1218.60
1002.08	1217.97
1002.24	1217.74
1002.41	1213.75
1002.57	1222.33
1002.73	1217.50
1002.90	1223.42
1003.06	1212.15
1003.23	1218.83
1003.39	1217.74
1003.55	1225.73
1003.72	1214.47
1003.88	1220.02
1004.04	1214.30
1004.21	1223.05
1004.37	1219.89
1004.54	1224.77
1004.70	1217.56
1004.86	1226.22
1005.03	1206.85
1005.19	1216.90
1005.35	1220.14
1005.52	1225.12
1005.68	1212.52
1005.85	1223.68
1006.01	1219.48
1006.17	1222.19
1006.34	1214.55
1006.50	1222.51
1006.66	1219.61
1006.83	1226.10
1006.99	1211.48
1007.15	1220.98
1007.32	1218.13
1007.48	1222.64
1007.64	1214.10
1007.81	1220.77
1007.97	1216.29
1008.13	1226.34
1008.30	1215.72
1008.46	1214.04
1008.62	1210.64
1008.79	1222.37
1008.95	1223.44
1009.11	1217.78
1009.28	1211.05
1009.44	1224.62
1009.60	1213.81
1009.77	1224.15
1009.93	1218.17
1010.09	1223.35
1010.25	1221.86
1010.42	1219.83
1010.58	1217.78
1010.74	1224.05
1010.91	1214.88
1011.07	1227.02
1011.23	1217.66
1011.40	1219.20
1011.56	1218.56
1011.72	1220.84
1011.88	1220.59
1012.05	1223.25
1012.21	1218.46
1012.37	1215.10
1012.54	1219.87
1012.70	1220.24
1012.86	1212.85
1013.02	1217.27
1013.19	1218.87
1013.35	1217.50
1013.51	1214.08
1013.67	1224.52
1013.84	1219.26
1014.00	1220.36
1014.16	1213.89
1014.33	1218.44
1014.49	1213.63
1014.65	1214.36
1014.81	1215.51
1014.98	1222.90
1015.14	1215.53
1015.30	1217.44
1015.46	1215.61
1015.62	1218.66
1015.79	1214.73
1015.95	1223.62
1016.11	1216.66
1016.27	1221.37
1016.44	1215.02
1016.60	1219.48
1016.76	1213.28
1016.92	1221.10
1017.09	1213.59
1017.25	1226.30
1017.41	1218.66
1017.57	1229.66
1017.73	1218.32
1017.90	1221.12
1018.06	1213.99
1018.22	1221.53
1018.38	1211.43
1018.54	1222.37
1018.71	1219.14
1018.87	1221.10
1019.03	1212.56
1019.19	1218.44
1019.35	1215.43
1019.52	1220.51
1019.68	1217.93
1019.84	1222.68
1020.00	1219.54
1020.16	1225.20
1020.33	1215.94
1020.49	1220.26
1020.65	1218.46
1020.81	1224.40
1020.97	1211.70
1021.13	1216.55
1021.30	1218.71
1021.46	1222.88
1021.62	1212.99
1021.78	1225.63
1021.94	1218.01
1022.10	1221.20
1022.27	1204.31
1022.43	1225.85
1022.59	1218.73
1022.75	1222.99
1022.91	1215.63
1023.07	1220.84
1023.24	1214.10
1023.40	1218.30
1023.56	1214.65
1023.72	1226.53
1023.88	1218.54
1024.04	1218.56
1024.20	1213.85
1024.36	1220.65
1024.53	1218.66
1024.69	1218.36
1024.85	1216.39
1025.01	1221.94
1025.17	1215.45
1025.33	1223.40
1025.49	1225.61
1025.65	1217.80
1025.82	1215.51
1025.98	1221.88
1026.14	1208.61
1026.30	1222.43
1026.46	1218.66
1026.62	1226.61
1026.78	1215.16
1026.94	1219.52
1027.10	1209.43
1027.26	1227.94
1027.43	1214.73
1027.59	1222.82
1027.75	1215.02
1027.91	1220.65
1028.07	1216.00
1028.23	1220.88
1028.39	1213.99
1028.55	1225.83
1028.71	1211.62
1028.87	1221.63
1029.03	1218.21
1029.19	1229.87
1029.36	1211.50
1029.52	1219.69
1029.68	1217.56
1029.84	1220.75
1030.00	1213.56
1030.16	1220.34
1030.32	1215.80
1030.48	1222.23
1030.64	1213.91
1030.80	1228.15
1030.96	1217.37
1031.12	1220.90
1031.28	1214.71
1031.44	1222.17
1031.60	1217.97
1031.76	1222.15
1031.92	1216.58
1032.08	1233.35
1032.24	1215.06
1032.40	1224.40
1032.56	1216.33
1032.73	1230.83
1032.89	1212.64
1033.05	1217.09
1033.21	1219.07
1033.37	1217.60
1033.53	1207.89
1033.69	1228.25
1033.85	1212.95
1034.01	1220.69
1034.17	1212.75
1034.33	1223.76
1034.49	1220.63
1034.65	1224.75
1034.81	1219.87
1034.97	1214.69
1035.13	1219.91
1035.29	1222.72
1035.45	1210.62
1035.61	1225.07
1035.77	1220.02
1035.93	1219.07
1036.09	1218.73
1036.25	1217.56
1036.41	1220.90
1036.57	1216.21
1036.73	1219.26
1036.88	1220.73
1037.04	1217.87
