345.52	1204.49
345.73	1204.49
345.94	1204.49
346.16	1193.76
346.37	1200.77
346.58	1207.89
346.79	1208.69
347.00	1202.75
347.22	1216.33
347.43	1201.20
347.64	1209.04
347.85	1204.66
348.06	1205.91
348.28	1204.78
348.49	1206.17
348.70	1210.74
348.91	1211.95
349.12	1206.89
349.34	1212.97
349.55	1206.05
349.76	1209.26
349.97	1204.25
350.18	1204.84
350.40	1203.88
350.61	1209.67
350.82	1209.12
351.03	1207.20
351.24	1204.98
351.46	1206.91
351.67	1208.06
351.88	1212.58
352.09	1209.82
352.30	1214.20
352.51	1208.34
352.73	1215.82
352.94	1215.29
353.15	1214.83
353.36	1204.08
353.57	1211.89
353.79	1207.75
354.00	1217.31
354.21	1206.29
354.42	1212.81
354.63	1209.31
354.84	1206.27
355.06	1207.03
355.27	1216.21
355.48	1208.06
355.69	1220.69
355.90	1207.01
356.11	1214.69
356.33	1210.14
356.54	1221.94
356.75	1213.09
356.96	1210.55
357.17	1210.84
357.38	1214.20
357.60	1208.26
357.81	1217.87
358.02	1212.70
358.23	1220.16
358.44	1209.35
358.65	1210.98
358.87	1215.12
359.08	1210.62
359.29	1205.27
359.50	1215.02
359.71	1202.77
359.92	1216.31
360.13	1213.56
360.35	1215.02
360.56	1204.82
360.77	1213.54
360.98	1210.84
361.19	1208.75
361.40	1216.80
361.62	1215.84
361.83	1200.83
362.04	1212.23
362.25	1211.99
362.46	1214.59
362.67	1206.60
362.88	1213.79
363.10	1208.32
363.31	1210.70
363.52	1204.90
363.73	1214.96
363.94	1203.26
364.15	1216.66
364.36	1211.50
364.57	1214.92
364.79	1210.23
365.00	1210.10
365.21	1207.40
365.42	1210.27
365.63	1209.74
365.84	1215.12
366.05	1209.61
366.27	1208.32
366.48	1207.24
366.69	1214.67
366.90	1206.95
367.11	1220.47
367.32	1208.90
367.53	1214.75
367.74	1202.22
367.95	1214.34
368.17	1210.82
368.38	1211.15
368.59	1210.23
368.80	1215.26
369.01	1210.41
369.22	1215.12
369.43	1213.79
369.64	1223.54
369.86	1209.41
370.07	1213.99
370.28	1208.42
370.49	1219.63
370.70	1202.14
370.91	1217.19
371.12	1206.27
371.33	1210.19
371.54	1211.21
371.76	1210.19
371.97	1207.69
372.18	1211.64
372.39	1203.37
372.60	1216.90
372.81	1206.60
373.02	1214.02
373.23	1206.70
373.44	1212.42
373.65	1216.68
373.87	1217.64
374.08	1208.75
374.29	1215.61
374.50	1207.01
374.71	1214.94
374.92	1213.77
375.13	1214.88
375.34	1213.99
375.55	1210.78
375.76	1218.66
375.97	1217.70
376.19	1209.69
376.40	1218.87
376.61	1213.07
376.82	1211.80
377.03	1207.73
377.24	1219.54
377.45	1203.06
377.66	1212.60
377.87	1207.26
378.08	1224.17
378.29	1212.21
378.50	1222.10
378.71	1213.03
378.93	1213.16
379.14	1207.65
379.35	1214.02
379.56	1208.57
379.77	1221.92
379.98	1208.94
380.19	1217.37
380.40	1210.12
380.61	1219.46
380.82	1209.06
381.03	1210.80
381.24	1203.24
381.45	1217.95
381.66	1214.02
381.88	1220.24
382.09	1210.04
382.30	1220.41
382.51	1208.98
382.72	1217.23
382.93	1204.74
383.14	1219.91
383.35	1205.84
383.56	1213.71
383.77	1212.23
383.98	1216.02
384.19	1211.97
384.40	1210.82
384.61	1205.05
384.82	1221.76
385.03	1208.49
385.24	1216.27
385.45	1207.30
385.67	1215.08
385.88	1207.15
386.09	1218.85
386.30	1203.73
386.51	1214.16
386.72	1202.34
386.93	1217.78
387.14	1205.52
387.35	1223.13
387.56	1208.32
387.77	1211.84
387.98	1208.20
388.19	1214.12
388.40	1202.10
388.61	1215.86
388.82	1207.07
389.03	1208.92
389.24	1204.88
389.45	1209.00
389.66	1208.04
389.87	1213.44
390.08	1210.06
390.29	1217.48
390.50	1211.07
390.71	1220.08
390.92	1200.38
391.13	1222.80
391.34	1211.21
391.55	1212.42
391.76	1215.24
391.98	1218.54
392.19	1204.37
392.40	1212.34
392.61	1211.80
392.82	1216.72
393.03	1207.24
393.24	1211.76
393.45	1214.65
393.66	1217.50
393.87	1212.62
394.08	1211.39
394.29	1206.87
394.50	1210.94
394.71	1205.80
394.92	1219.07
395.13	1207.38
395.34	1215.08
395.55	1208.20
395.76	1213.34
395.97	1214.71
396.18	1220.92
396.39	1206.87
396.60	1218.17
396.81	1206.95
397.02	1215.41
397.23	1206.48
397.44	1216.33
397.65	1213.28
397.86	1215.84
398.07	1212.36
398.28	1210.80
398.49	1214.67
398.70	1213.95
398.91	1208.83
399.12	1215.76
399.33	1214.36
399.54	1212.87
399.75	1214.77
399.96	1221.65
400.17	1204.72
400.38	1215.69
400.59	1208.14
400.80	1215.22
401.01	1211.19
401.22	1220.67
401.42	1212.70
401.63	1218.77
401.84	1202.71
402.05	1212.73
402.26	1213.91
402.47	1216.80
402.68	1207.85
402.89	1216.90
403.10	1206.77
403.31	1212.66
403.52	1213.54
403.73	1219.14
403.94	1215.57
404.15	1218.13
404.36	1209.18
404.57	1221.10
404.78	1200.87
404.99	1210.57
405.20	1213.95
405.41	1214.30
405.62	1217.17
405.83	1222.15
406.04	1213.52
406.25	1217.50
406.46	1205.23
406.67	1215.90
406.88	1207.93
407.09	1211.68
407.30	1205.78
407.50	1217.72
407.71	1202.83
407.92	1222.41
408.13	1207.99
408.34	1219.42
408.55	1215.59
408.76	1219.40
408.97	1212.40
409.18	1210.31
409.39	1217.29
409.60	1221.00
409.81	1210.55
410.02	1211.19
410.23	1210.06
410.44	1213.28
410.65	1216.23
410.86	1209.20
411.07	1214.14
411.27	1221.63
411.48	1215.20
411.69	1207.56
411.90	1217.21
412.11	1216.15
412.32	1212.77
412.53	1221.98
412.74	1208.63
412.95	1217.01
413.16	1204.39
413.37	1215.33
413.58	1206.11
413.79	1221.12
414.00	1211.62
414.20	1216.08
414.41	1211.60
414.62	1214.24
414.83	1210.57
415.04	1219.77
415.25	1215.00
415.46	1223.76
415.67	1208.16
415.88	1213.73
416.09	1216.31
416.30	1214.36
416.51	1216.00
416.71	1206.97
416.92	1210.72
417.13	1223.97
417.34	1204.39
417.55	1221.65
417.76	1211.76
417.97	1224.54
418.18	1209.59
418.39	1215.22
418.60	1208.42
418.81	1215.47
419.01	1211.00
419.22	1226.86
419.43	1202.65
419.64	1222.21
419.85	1205.86
420.06	1210.94
420.27	1215.41
420.48	1214.63
420.69	1200.27
420.90	1209.49
421.10	1206.68
421.31	1216.10
421.52	1212.93
421.73	1217.80
421.94	1206.91
422.15	1219.79
422.36	1216.58
422.57	1221.00
422.78	1218.85
422.98	1220.16
423.19	1216.10
423.40	1216.37
423.61	1211.99
423.82	1211.35
424.03	1200.09
424.24	1213.01
424.45	1208.63
424.65	1213.26
424.86	1204.66
425.07	1214.32
425.28	1204.16
425.49	1211.29
425.70	1210.72
425.91	1215.72
426.12	1204.76
426.32	1214.14
426.53	1215.06
426.74	1216.68
426.95	1211.84
427.16	1213.91
427.37	1209.06
427.58	1214.57
427.78	1210.51
427.99	1219.69
428.20	1211.95
428.41	1219.28
428.62	1217.89
428.83	1218.13
429.04	1213.50
429.24	1217.58
429.45	1206.54
429.66	1214.98
429.87	1200.97
430.08	1205.70
430.29	1207.56
430.50	1214.90
430.70	1211.11
430.91	1213.42
431.12	1214.79
431.33	1215.59
431.54	1202.55
431.75	1220.36
431.96	1207.89
432.16	1220.14
432.37	1204.10
432.58	1214.40
432.79	1209.69
433.00	1210.45
433.21	1210.92
433.41	1206.23
433.62	1208.51
433.83	1208.04
434.04	1206.13
434.25	1209.74
434.46	1210.92
434.66	1219.30
434.87	1209.31
435.08	1216.00
435.29	1207.89
435.50	1219.48
435.71	1217.13
435.91	1214.81
436.12	1212.25
436.33	1213.46
436.54	1216.86
436.75	1218.52
436.95	1198.33
437.16	1216.78
437.37	1209.41
437.58	1217.91
437.79	1203.65
438.00	1212.70
438.20	1210.64
438.41	1214.42
438.62	1217.31
438.83	1214.22
439.04	1209.39
439.24	1221.88
439.45	1210.98
439.66	1214.98
439.87	1203.82
440.08	1219.42
440.28	1205.76
440.49	1215.00
440.70	1207.75
440.91	1210.47
441.12	1210.17
441.32	1215.29
441.53	1209.59
441.74	1214.73
441.95	1206.70
442.16	1218.81
442.36	1208.47
442.57	1216.27
442.78	1206.40
442.99	1222.68
443.20	1206.87
443.40	1209.98
443.61	1206.70
443.82	1223.29
444.03	1198.66
444.24	1224.13
444.44	1211.48
444.65	1219.34
444.86	1211.00
445.07	1219.59
445.27	1205.70
445.48	1216.04
445.69	1213.38
445.90	1210.84
446.11	1216.72
446.31	1219.52
446.52	1211.25
446.73	1217.31
446.94	1207.89
447.14	1219.38
447.35	1213.13
447.56	1217.46
447.77	1206.19
447.97	1213.03
448.18	1208.12
448.39	1216.06
448.60	1206.75
448.81	1219.71
449.01	1200.33
449.22	1220.30
449.43	1209.24
449.64	1215.84
449.84	1216.68
450.05	1219.57
450.26	1213.09
450.47	1216.10
450.67	1206.58
450.88	1220.53
451.09	1204.82
451.30	1212.30
451.50	1205.68
451.71	1217.11
451.92	1206.19
452.13	1206.15
452.33	1210.90
452.54	1211.66
452.75	1207.18
452.96	1218.64
453.16	1208.14
453.37	1215.84
453.58	1205.82
453.79	1219.26
453.99	1216.55
454.20	1216.84
454.41	1208.53
454.61	1213.89
454.82	1208.57
455.03	1211.11
455.24	1209.49
455.44	1203.82
455.65	1204.00
455.86	1216.10
456.07	1208.94
456.27	1217.82
456.48	1202.32
456.69	1220.90
456.90	1212.03
457.10	1214.38
457.31	1211.03
457.52	1210.66
457.72	1215.59
457.93	1221.88
458.14	1213.34
458.35	1213.85
458.55	1204.43
458.76	1216.43
458.97	1213.26
459.17	1207.13
459.38	1210.57
459.59	1219.48
459.80	1208.22
460.00	1218.99
460.21	1212.36
460.42	1212.58
460.62	1210.60
460.83	1216.60
461.04	1209.78
461.25	1213.36
461.45	1209.98
461.66	1218.89
461.87	1217.31
462.07	1217.17
462.28	1211.50
462.49	1212.91
462.69	1212.13
462.90	1217.42
463.11	1210.43
463.31	1217.54
463.52	1207.65
463.73	1216.80
463.94	1207.73
464.14	1217.01
464.35	1203.73
464.56	1214.86
464.76	1218.25
464.97	1208.36
465.18	1203.65
465.38	1221.08
465.59	1215.00
465.80	1216.43
466.00	1208.32
466.21	1216.55
466.42	1206.72
466.62	1209.41
466.83	1208.85
467.04	1218.15
467.24	1207.93
467.45	1223.33
467.66	1204.10
467.86	1217.64
468.07	1205.07
468.28	1216.98
468.48	1211.66
468.69	1219.54
468.90	1209.51
469.10	1216.31
469.31	1208.63
469.52	1220.02
469.72	1209.24
469.93	1218.50
470.14	1202.85
470.34	1213.67
470.55	1214.26
470.76	1215.35
470.96	1208.81
471.17	1208.73
471.38	1206.62
471.58	1218.56
471.79	1204.74
472.00	1222.70
472.20	1204.82
472.41	1213.13
472.62	1216.45
472.82	1210.21
473.03	1214.18
473.24	1218.38
473.44	1210.92
473.65	1217.70
473.85	1205.58
474.06	1215.80
474.27	1204.94
474.47	1217.05
474.68	1209.63
474.89	1220.57
475.09	1204.31
475.30	1219.87
475.51	1212.42
475.71	1218.52
475.92	1204.27
476.12	1212.89
476.33	1206.05
476.54	1214.94
476.74	1211.93
476.95	1214.81
477.16	1211.23
477.36	1219.89
477.57	1203.43
477.77	1219.22
477.98	1206.27
478.19	1213.93
478.39	1215.33
478.60	1219.50
478.81	1209.45
479.01	1222.08
479.22	1209.80
479.42	1220.16
479.63	1207.79
479.84	1217.13
480.04	1206.03
480.25	1224.75
480.45	1205.27
480.66	1212.99
480.87	1211.27
481.07	1218.66
481.28	1214.42
481.48	1220.71
481.69	1217.50
481.90	1214.49
482.10	1207.63
482.31	1213.03
482.51	1213.95
482.72	1216.68
482.93	1200.40
483.13	1215.86
483.34	1218.23
483.54	1215.45
483.75	1214.86
483.96	1216.47
484.16	1210.33
484.37	1212.95
484.57	1208.83
484.78	1217.58
484.99	1202.89
485.19	1210.31
485.40	1206.81
485.60	1216.53
485.81	1203.98
486.01	1218.62
486.22	1219.57
486.43	1214.53
486.63	1208.94
486.84	1216.33
487.04	1212.11
487.25	1215.14
487.46	1209.47
487.66	1213.61
487.87	1204.16
488.07	1223.01
488.28	1207.50
488.48	1217.64
488.69	1203.57
488.89	1219.83
489.10	1205.80
489.31	1214.20
489.51	1206.62
489.72	1215.51
489.92	1210.72
490.13	1220.02
490.33	1207.81
490.54	1211.68
490.75	1212.54
490.95	1215.43
491.16	1213.40
491.36	1220.20
491.57	1211.23
491.77	1217.13
491.98	1211.09
492.18	1214.49
492.39	1211.03
492.59	1211.00
492.80	1206.05
493.01	1218.34
493.21	1218.85
493.42	1219.69
493.62	1213.30
493.83	1209.67
494.03	1213.01
494.24	1216.23
494.44	1215.18
494.65	1213.07
494.85	1209.45
495.06	1211.97
495.26	1212.58
495.47	1221.65
495.68	1207.42
495.88	1214.71
496.09	1213.77
496.29	1215.16
496.50	1212.68
496.70	1213.85
496.91	1206.68
497.11	1215.88
497.32	1212.50
497.52	1213.85
497.73	1214.79
497.93	1205.43
498.14	1208.81
498.34	1213.54
498.55	1203.47
498.75	1214.12
498.96	1209.16
499.16	1215.69
499.37	1204.82
499.57	1216.35
499.78	1204.98
499.98	1218.62
500.19	1213.91
500.39	1216.62
500.60	1212.95
500.80	1210.21
501.01	1213.83
501.21	1216.37
501.42	1208.53
501.62	1212.15
501.83	1209.80
502.03	1218.42
502.24	1209.24
502.44	1217.72
502.65	1209.55
502.85	1214.02
503.06	1205.72
503.26	1214.34
503.47	1207.01
503.67	1212.19
503.88	1207.93
504.08	1211.39
504.29	1215.72
504.49	1216.12
504.70	1211.17
504.90	1215.96
505.11	1212.56
505.31	1214.81
505.52	1202.92
505.72	1215.76
505.93	1208.94
506.13	1217.27
506.34	1207.09
506.54	1218.21
506.75	1209.39
506.95	1210.86
507.16	1213.67
507.36	1214.12
507.56	1211.31
507.77	1211.54
507.97	1216.23
508.18	1219.32
508.38	1205.25
508.59	1214.18
508.79	1212.32
509.00	1220.77
509.20	1214.75
509.41	1207.40
509.61	1203.47
509.82	1213.99
510.02	1202.22
510.22	1214.49
510.43	1208.79
510.63	1218.07
510.84	1201.48
511.04	1215.90
511.25	1204.53
511.45	1220.20
511.66	1202.24
511.86	1218.21
512.06	1217.37
512.27	1205.68
512.47	1214.26
512.68	1214.16
512.88	1210.41
513.09	1216.31
513.29	1207.34
513.50	1219.16
513.70	1215.51
513.90	1215.76
514.11	1214.18
514.31	1216.25
514.52	1210.55
514.72	1222.99
514.93	1211.37
515.13	1210.19
515.33	1208.38
515.54	1213.44
515.74	1210.27
515.95	1213.50
516.15	1207.65
516.36	1220.94
516.56	1212.75
516.76	1209.51
516.97	1205.60
517.17	1212.15
517.38	1211.03
517.58	1212.87
517.78	1206.07
517.99	1218.52
518.19	1207.42
518.40	1218.01
518.60	1205.60
518.81	1209.12
519.01	1208.30
519.21	1213.07
519.42	1208.20
519.62	1217.80
519.83	1207.03
520.03	1212.81
520.23	1214.55
520.44	1216.39
520.64	1217.46
520.85	1213.87
521.05	1209.04
521.25	1217.78
521.46	1209.12
521.66	1215.78
521.86	1213.52
522.07	1212.46
522.27	1208.18
522.48	1214.14
522.68	1207.97
522.88	1212.87
523.09	1209.98
523.29	1210.60
523.50	1208.32
523.70	1209.71
523.90	1207.28
524.11	1207.65
524.31	1210.57
524.51	1214.88
524.72	1210.00
524.92	1216.02
525.13	1213.83
525.33	1217.42
525.53	1212.70
525.74	1212.40
525.94	1207.01
526.14	1217.17
526.35	1207.44
526.55	1209.82
526.76	1211.05
526.96	1216.74
527.16	1211.19
527.37	1216.74
527.57	1209.14
527.77	1218.93
527.98	1214.04
528.18	1219.20
528.38	1206.29
528.59	1213.61
528.79	1212.77
528.99	1217.23
529.20	1206.36
529.40	1214.47
529.61	1211.39
529.81	1218.48
530.01	1214.16
530.22	1209.92
530.42	1215.43
530.62	1212.87
530.83	1216.39
531.03	1209.94
531.23	1210.78
531.44	1222.37
531.64	1204.76
531.84	1216.68
532.05	1210.08
532.25	1209.90
532.45	1211.91
532.66	1221.49
532.86	1206.34
533.06	1213.26
533.27	1212.15
533.47	1216.15
533.67	1207.56
533.88	1219.61
534.08	1210.78
534.28	1221.35
534.49	1210.94
534.69	1211.87
534.89	1211.19
535.09	1207.18
535.30	1210.92
535.50	1214.34
535.70	1210.51
535.91	1217.48
536.11	1204.74
536.31	1216.53
536.52	1214.88
536.72	1216.12
536.92	1207.18
537.13	1222.04
537.33	1207.65
537.53	1216.88
537.74	1208.63
537.94	1214.73
538.14	1205.97
538.34	1212.75
538.55	1218.48
538.75	1214.22
538.95	1214.22
539.16	1218.34
539.36	1217.31
539.56	1213.24
539.77	1207.79
539.97	1214.51
540.17	1206.75
540.37	1210.90
540.58	1207.87
540.78	1217.66
540.98	1217.27
541.19	1209.28
541.39	1208.44
541.59	1220.30
541.79	1213.24
542.00	1212.79
542.20	1217.31
542.40	1213.52
542.60	1217.87
542.81	1209.08
543.01	1210.94
543.21	1210.74
543.42	1207.95
543.62	1222.64
543.82	1217.56
544.02	1208.85
544.23	1207.36
544.43	1212.32
544.63	1206.46
544.83	1215.45
545.04	1207.63
545.24	1219.40
545.44	1200.77
545.64	1210.74
545.85	1214.24
546.05	1214.77
546.25	1212.46
546.45	1214.61
546.66	1211.66
546.86	1214.40
547.06	1215.57
547.27	1219.85
547.47	1214.08
547.67	1215.47
547.87	1210.23
548.07	1214.10
548.28	1205.39
548.48	1215.06
548.68	1207.24
548.88	1216.10
549.09	1212.56
549.29	1209.78
549.49	1203.84
549.69	1214.30
549.90	1213.65
550.10	1216.47
550.30	1208.38
550.50	1221.31
550.71	1208.90
550.91	1213.48
551.11	1213.32
551.31	1214.53
551.51	1211.23
551.72	1209.51
551.92	1214.24
552.12	1210.49
552.32	1206.46
552.53	1222.47
552.73	1213.85
552.93	1215.20
553.13	1216.98
553.33	1213.16
553.54	1212.34
553.74	1212.01
553.94	1206.54
554.14	1211.21
554.35	1209.26
554.55	1220.24
554.75	1210.23
554.95	1214.92
555.15	1208.53
555.36	1212.48
555.56	1203.65
555.76	1209.14
555.96	1205.48
556.16	1212.07
556.37	1209.84
556.57	1210.86
556.77	1208.73
556.97	1219.28
557.17	1208.44
557.38	1214.71
557.58	1216.10
557.78	1207.50
557.98	1205.88
558.18	1213.30
558.38	1210.57
558.59	1214.79
558.79	1212.27
558.99	1211.87
559.19	1203.92
559.39	1215.12
559.60	1209.14
559.80	1222.90
560.00	1207.91
560.20	1219.28
560.40	1209.31
560.60	1217.17
560.81	1210.00
561.01	1217.68
561.21	1214.10
561.41	1218.42
561.61	1212.01
561.81	1215.18
562.02	1205.60
562.22	1216.04
562.42	1210.06
562.62	1214.86
562.82	1201.69
563.02	1222.47
563.23	1213.46
563.43	1213.44
563.63	1212.19
563.83	1213.89
564.03	1208.92
564.23	1213.32
564.43	1206.52
564.64	1213.97
564.84	1209.18
565.04	1213.77
565.24	1208.49
565.44	1210.08
565.64	1213.87
565.85	1212.73
566.05	1212.54
566.25	1222.29
566.45	1210.19
566.65	1216.66
566.85	1209.65
567.05	1215.24
567.25	1209.98
567.46	1218.38
567.66	1215.55
567.86	1217.80
568.06	1211.29
568.26	1216.02
568.46	1204.12
568.66	1219.89
568.86	1217.78
569.07	1213.97
569.27	1210.39
569.47	1219.79
569.67	1204.47
569.87	1215.76
570.07	1213.34
570.27	1219.36
570.47	1206.95
570.68	1212.42
570.88	1206.83
571.08	1217.56
571.28	1207.85
571.48	1218.95
571.68	1207.67
571.88	1221.16
572.08	1212.54
572.28	1207.36
572.49	1207.71
572.69	1215.00
572.89	1210.39
573.09	1209.14
573.29	1203.90
573.49	1222.86
573.69	1217.50
573.89	1214.32
574.09	1209.06
574.29	1214.94
574.50	1212.48
574.70	1214.12
574.90	1207.01
575.10	1219.75
575.30	1208.75
575.50	1217.31
575.70	1209.94
575.90	1214.53
576.10	1211.68
576.30	1218.38
576.50	1209.39
576.70	1221.04
576.91	1214.94
577.11	1214.32
577.31	1209.39
577.51	1222.56
577.71	1203.53
577.91	1213.03
578.11	1208.83
578.31	1214.57
578.51	1210.68
578.71	1213.79
578.91	1210.96
579.11	1219.59
579.31	1205.27
579.51	1220.00
579.71	1212.40
579.92	1212.25
580.12	1209.84
580.32	1207.63
580.52	1208.55
580.72	1209.90
580.92	1210.88
581.12	1216.98
581.32	1210.88
581.52	1215.24
581.72	1214.38
581.92	1217.76
582.12	1205.23
582.32	1214.06
582.52	1209.84
582.72	1218.71
582.92	1205.58
583.12	1210.37
583.32	1208.90
583.52	1221.41
583.72	1209.82
583.92	1216.72
584.12	1206.42
584.33	1215.82
584.53	1212.70
584.73	1210.12
584.93	1211.15
585.13	1211.93
585.33	1206.97
585.53	1221.27
585.73	1217.15
585.93	1216.10
586.13	1212.56
586.33	1210.94
586.53	1213.36
586.73	1222.53
586.93	1216.37
587.13	1213.52
587.33	1205.50
587.53	1229.31
587.73	1211.56
587.93	1209.63
588.13	1213.44
588.33	1218.15
588.53	1206.56
588.73	1212.79
588.93	1208.92
589.13	1220.47
589.33	1210.68
589.53	1211.37
589.73	1211.35
589.93	1214.12
590.13	1210.92
590.33	1216.33
590.53	1212.50
590.73	1216.00
590.93	1211.03
591.13	1221.57
591.33	1210.27
591.53	1220.16
591.73	1216.15
591.93	1212.01
592.13	1208.51
592.33	1222.25
592.53	1209.22
592.73	1218.44
592.93	1206.48
593.13	1216.27
593.33	1209.53
593.53	1210.70
593.73	1217.39
593.93	1222.39
594.13	1212.97
594.33	1219.91
594.53	1200.25
594.73	1210.62
594.92	1207.30
595.12	1220.55
595.32	1213.11
595.52	1210.51
595.72	1204.88
595.92	1211.09
596.12	1210.90
596.32	1212.87
596.52	1211.25
596.72	1222.49
596.92	1210.55
597.12	1219.85
597.32	1200.33
597.52	1218.28
597.72	1204.06
597.92	1212.38
598.12	1207.11
598.32	1212.48
598.52	1212.85
598.72	1207.26
598.92	1201.38
599.12	1214.79
599.31	1209.76
599.51	1217.13
599.71	1210.62
599.91	1212.23
600.11	1210.98
600.31	1216.19
600.51	1213.24
600.71	1213.32
600.91	1208.90
601.11	1216.76
601.31	1208.28
601.51	1210.00
601.71	1211.95
601.91	1211.68
602.10	1207.95
602.30	1214.28
602.50	1218.40
602.70	1216.06
602.90	1202.77
603.10	1218.64
603.30	1214.18
603.50	1215.20
603.70	1208.59
603.90	1213.71
604.10	1211.70
604.30	1213.95
604.49	1213.85
604.69	1214.18
604.89	1213.44
605.09	1217.07
605.29	1207.36
605.49	1218.60
605.69	1208.85
605.89	1214.75
606.09	1209.98
606.29	1207.54
606.48	1207.61
606.68	1212.68
606.88	1207.95
607.08	1215.10
607.28	1208.77
607.48	1213.36
607.68	1208.73
607.88	1215.08
608.08	1210.64
608.27	1216.88
608.47	1217.09
608.67	1211.50
608.87	1200.93
609.07	1216.47
609.27	1214.77
609.47	1218.60
609.67	1211.66
609.87	1218.56
610.06	1209.43
610.26	1217.07
610.46	1210.25
610.66	1217.66
610.86	1207.85
611.06	1216.43
611.26	1208.92
611.45	1217.70
611.65	1210.21
611.85	1221.45
612.05	1204.39
612.25	1218.66
612.45	1203.43
612.65	1216.23
612.84	1206.34
613.04	1215.49
613.24	1211.00
613.44	1216.45
613.64	1207.30
613.84	1220.20
614.04	1211.89
614.23	1219.77
614.43	1210.35
614.63	1215.51
614.83	1209.24
615.03	1218.09
615.23	1215.39
615.42	1215.10
615.62	1204.35
615.82	1213.44
616.02	1217.25
616.22	1222.94
616.42	1207.56
616.61	1214.53
616.81	1213.85
617.01	1217.56
617.21	1208.18
617.41	1219.24
617.61	1211.05
617.80	1209.55
618.00	1206.29
618.20	1218.56
618.40	1212.23
618.60	1214.90
618.80	1205.54
618.99	1214.34
619.19	1206.95
619.39	1214.96
619.59	1206.07
619.79	1215.29
619.98	1207.71
620.18	1218.99
620.38	1202.87
620.58	1217.97
620.78	1207.15
620.97	1224.03
621.17	1210.82
621.37	1212.42
621.57	1215.74
621.77	1217.68
621.96	1205.02
622.16	1212.60
622.36	1213.32
622.56	1222.62
622.76	1211.80
622.95	1214.96
623.15	1206.62
623.35	1214.20
623.55	1208.90
623.75	1213.69
623.94	1210.72
624.14	1213.85
624.34	1212.62
624.54	1217.09
624.73	1210.10
624.93	1218.19
625.13	1210.62
625.33	1218.28
625.53	1212.07
625.72	1214.34
625.92	1215.78
626.12	1216.84
626.32	1212.38
626.51	1209.59
626.71	1206.83
626.91	1224.05
627.11	1207.58
627.30	1203.67
627.50	1214.10
627.70	1210.60
627.90	1204.35
628.10	1214.16
628.29	1210.64
628.49	1217.39
628.69	1206.44
628.89	1217.33
629.08	1213.65
629.28	1218.05
629.48	1203.80
629.68	1213.48
629.87	1207.05
630.07	1213.87
630.27	1205.19
630.47	1216.21
630.66	1213.87
630.86	1210.82
631.06	1208.42
631.25	1214.08
631.45	1204.94
631.65	1217.78
631.85	1216.00
632.04	1216.17
632.24	1207.65
632.44	1222.72
632.64	1213.28
632.83	1210.39
633.03	1211.82
633.23	1217.54
633.42	1209.00
633.62	1210.78
633.82	1213.93
634.02	1212.17
634.21	1206.09
634.41	1213.67
634.61	1201.32
634.81	1210.76
635.00	1209.31
635.20	1216.12
635.40	1216.25
635.59	1221.02
635.79	1206.89
635.99	1220.92
636.18	1215.55
636.38	1214.94
636.58	1208.73
636.78	1210.86
636.97	1213.11
637.17	1221.29
637.37	1198.39
637.56	1221.20
637.76	1208.49
637.96	1215.55
638.15	1214.71
638.35	1215.65
638.55	1211.03
638.74	1205.54
638.94	1217.39
639.14	1219.89
639.34	1201.38
639.53	1218.28
639.73	1203.98
639.93	1205.29
640.12	1208.26
640.32	1221.31
640.52	1215.16
640.71	1208.34
640.91	1213.34
641.11	1219.85
641.30	1211.46
641.50	1216.60
641.70	1213.91
641.89	1217.13
642.09	1212.91
642.29	1209.84
642.48	1213.30
642.68	1209.18
642.88	1205.09
643.07	1215.08
643.27	1213.50
643.47	1214.49
643.66	1210.29
643.86	1221.74
644.06	1210.47
644.25	1214.12
644.45	1212.73
644.65	1215.88
644.84	1210.47
645.04	1213.69
645.23	1213.26
645.43	1215.12
645.63	1206.07
645.82	1213.75
646.02	1208.71
646.22	1216.00
646.41	1209.39
646.61	1218.44
646.81	1207.18
647.00	1219.09
647.20	1217.50
647.39	1207.71
647.59	1217.39
647.79	1218.09
647.98	1204.76
648.18	1215.06
648.38	1214.55
648.57	1219.16
648.77	1205.80
648.96	1213.18
649.16	1206.09
649.36	1223.80
649.55	1212.56
649.75	1223.54
649.95	1214.69
650.14	1214.16
650.34	1204.68
650.53	1216.23
650.73	1205.15
650.93	1217.78
651.12	1207.73
651.32	1217.58
651.51	1208.71
651.71	1217.11
651.91	1212.09
652.10	1213.67
652.30	1213.75
652.49	1214.53
652.69	1211.15
652.89	1213.42
653.08	1207.77
653.28	1214.96
653.47	1215.96
653.67	1218.28
653.86	1209.82
654.06	1212.77
654.26	1212.40
654.45	1215.16
654.65	1217.23
654.84	1219.57
655.04	1212.40
655.24	1216.94
655.43	1209.04
655.63	1218.19
655.82	1213.36
656.02	1215.04
656.21	1206.81
656.41	1220.24
656.61	1209.06
656.80	1220.63
657.00	1213.16
657.19	1219.03
657.39	1218.36
657.58	1210.66
657.78	1207.56
657.97	1212.44
658.17	1211.64
658.37	1218.40
658.56	1208.14
658.76	1220.04
658.95	1213.01
659.15	1215.51
659.34	1203.69
659.54	1222.53
659.73	1206.42
659.93	1211.54
660.13	1215.31
660.32	1213.95
660.52	1215.00
660.71	1219.79
660.91	1218.07
661.10	1218.21
661.30	1211.43
661.49	1218.03
661.69	1211.27
661.88	1211.41
662.08	1210.60
662.27	1220.28
662.47	1214.22
662.66	1213.28
662.86	1212.87
663.06	1214.98
663.25	1208.22
663.45	1220.47
663.64	1210.94
663.84	1223.44
664.03	1205.27
664.23	1213.30
664.42	1206.54
664.62	1212.25
664.81	1217.29
665.01	1214.59
665.20	1211.48
665.40	1218.97
665.59	1215.88
665.79	1223.42
665.98	1216.55
666.18	1214.59
666.37	1213.61
666.57	1218.01
666.76	1207.79
666.96	1218.83
667.15	1207.81
667.35	1220.14
667.54	1213.34
667.74	1217.91
667.93	1214.81
668.13	1213.36
668.32	1212.58
668.52	1216.06
668.71	1209.80
668.91	1213.26
669.10	1218.42
669.30	1217.46
669.49	1212.11
669.68	1217.87
669.88	1218.52
670.07	1222.56
670.27	1216.45
670.46	1213.93
670.66	1207.85
670.85	1214.24
671.05	1215.76
671.24	1224.19
671.44	1210.94
671.63	1219.54
671.83	1210.41
672.02	1221.41
672.22	1213.36
672.41	1216.02
672.60	1207.61
672.80	1222.64
672.99	1214.79
673.19	1211.64
673.38	1211.64
673.58	1223.78
673.77	1217.62
673.97	1217.17
674.16	1215.33
674.36	1212.89
674.55	1215.02
674.74	1217.56
674.94	1214.38
675.13	1218.85
675.33	1213.38
675.52	1213.79
675.72	1209.65
675.91	1220.53
676.10	1208.79
676.30	1218.34
676.49	1210.70
676.69	1215.47
676.88	1216.53
677.08	1225.34
677.27	1214.51
677.46	1222.49
677.66	1208.30
677.85	1222.33
678.05	1212.66
678.24	1229.31
678.44	1208.24
678.63	1222.74
678.82	1214.30
679.02	1216.53
679.21	1208.96
679.41	1222.58
679.60	1216.94
679.79	1218.30
679.99	1211.52
680.18	1230.13
680.38	1214.96
680.57	1221.92
680.76	1222.53
680.96	1219.20
681.15	1215.55
681.35	1225.63
681.54	1219.89
681.73	1220.14
681.93	1218.01
682.12	1220.32
682.32	1221.16
682.51	1221.35
682.70	1212.23
682.90	1222.92
683.09	1211.13
683.29	1226.43
683.48	1213.71
683.67	1235.33
683.87	1211.97
684.06	1223.37
684.25	1217.76
684.45	1228.54
684.64	1211.35
684.84	1220.49
685.03	1214.34
685.22	1221.10
685.42	1221.63
685.61	1227.70
685.80	1218.25
686.00	1234.00
686.19	1223.93
686.38	1223.83
686.58	1221.39
686.77	1222.41
686.96	1224.91
687.16	1228.08
687.35	1218.46
687.55	1225.73
687.74	1217.68
687.93	1224.95
688.13	1217.39
688.32	1234.82
688.51	1215.18
688.71	1227.94
688.90	1221.49
689.09	1234.23
689.29	1221.49
689.48	1216.82
689.67	1227.82
689.87	1226.82
690.06	1223.93
690.25	1231.03
690.45	1221.10
690.64	1231.05
690.83	1230.97
691.03	1230.99
691.22	1224.17
691.41	1228.68
691.61	1228.19
691.80	1231.36
691.99	1227.35
692.19	1238.28
692.38	1233.61
692.57	1243.36
692.76	1231.61
692.96	1236.36
693.15	1232.47
693.34	1236.46
693.54	1239.18
693.73	1242.11
693.92	1238.18
694.12	1243.42
694.31	1230.05
694.50	1239.82
694.70	1240.70
694.89	1241.19
695.08	1238.98
695.27	1252.13
695.47	1240.52
695.66	1243.44
695.85	1244.00
696.05	1247.15
696.24	1241.23
696.43	1248.99
696.62	1237.85
696.82	1251.00
697.01	1242.50
697.20	1251.41
697.40	1241.46
697.59	1250.47
697.78	1244.98
697.97	1253.44
698.17	1252.97
698.36	1253.38
698.55	1246.99
698.74	1251.33
698.94	1252.80
699.13	1259.87
699.32	1260.98
699.52	1256.98
699.71	1253.52
699.90	1261.49
700.09	1258.50
700.29	1257.66
700.48	1258.72
700.67	1269.72
700.86	1269.06
701.06	1267.32
701.25	1261.53
701.44	1268.68
701.63	1269.41
701.83	1267.98
702.02	1263.29
702.21	1271.01
702.40	1265.19
702.60	1277.05
702.79	1270.62
702.98	1275.37
703.17	1262.10
703.37	1272.67
703.56	1268.92
703.75	1275.23
703.94	1274.76
704.13	1281.46
704.33	1262.10
704.52	1275.15
704.71	1271.99
704.90	1267.08
705.10	1267.34
705.29	1277.56
705.48	1266.67
705.67	1271.32
705.86	1269.52
706.06	1274.18
706.25	1266.89
706.44	1270.36
706.63	1265.40
706.83	1271.81
707.02	1261.86
707.21	1256.12
707.40	1269.49
707.59	1271.24
707.79	1270.95
707.98	1270.07
708.17	1266.05
708.36	1266.01
708.55	1269.90
708.75	1273.65
708.94	1265.26
709.13	1268.66
709.32	1269.76
709.51	1276.40
709.71	1269.66
709.90	1275.33
710.09	1274.82
710.28	1280.78
710.47	1279.73
710.66	1290.14
710.86	1285.00
711.05	1290.77
711.24	1295.89
711.43	1309.80
711.62	1316.86
711.82	1336.63
712.01	1337.04
712.20	1363.44
712.39	1374.00
712.58	1402.39
712.77	1406.16
712.97	1447.63
713.16	1448.45
713.35	1486.87
713.54	1509.54
713.73	1577.57
713.92	1624.51
714.11	1723.75
714.31	1870.86
714.50	2077.75
714.69	2357.19
714.88	2751.30
715.07	3214.57
715.26	3782.48
715.46	4396.74
715.65	5027.19
715.84	5690.65
716.03	6311.47
716.22	6959.06
716.41	7507.69
716.60	8061.24
716.80	8504.05
716.99	8930.97
717.18	9337.12
717.37	9740.28
717.56	10009.16
717.75	10262.15
717.94	10545.05
718.13	10822.51
718.33	10984.22
718.52	11150.55
718.71	11419.82
718.90	11462.77
719.09	11576.06
719.28	11755.01
719.47	11778.97
719.66	11859.58
719.85	11889.73
720.05	11887.48
720.24	11779.67
720.43	11571.41
720.62	11341.04
720.81	11089.26
721.00	10730.29
721.19	10143.30
721.38	9581.63
721.57	8931.38
721.77	8191.28
721.96	7540.11
722.15	6874.29
722.34	6161.89
722.53	5590.50
722.72	5066.20
722.91	4640.57
723.10	4251.03
723.29	3964.25
723.48	3705.19
723.67	3536.00
723.87	3369.71
724.06	3234.17
724.25	3130.16
724.44	3025.94
724.63	2936.25
724.82	2843.17
725.01	2777.46
725.20	2727.55
725.39	2652.57
725.58	2606.88
725.77	2529.24
725.96	2487.48
726.15	2431.16
726.34	2404.42
726.54	2318.89
726.73	2289.40
726.92	2225.98
727.11	2191.61
727.30	2144.26
727.49	2102.38
727.68	2059.60
727.87	2018.17
728.06	1988.02
728.25	1959.62
728.44	1919.09
728.63	1908.01
728.82	1869.88
729.01	1860.13
729.20	1816.00
729.39	1804.14
729.58	1775.16
729.77	1761.48
729.96	1740.04
730.15	1723.20
730.34	1717.00
730.53	1697.46
730.73	1694.08
730.92	1699.86
731.11	1693.08
731.30	1703.68
731.49	1718.47
731.68	1760.15
731.87	1795.82
732.06	1867.44
732.25	1931.81
732.44	2007.79
732.63	2067.90
732.82	2122.49
733.01	2165.83
733.20	2208.28
733.39	2229.64
733.58	2252.72
733.77	2244.39
733.96	2256.02
734.15	2242.98
734.34	2219.59
734.53	2191.49
734.72	2144.16
734.91	2099.21
735.10	2051.27
735.29	1994.86
735.48	1962.73
735.67	1915.30
735.86	1870.94
736.05	1808.79
736.24	1766.48
736.43	1729.41
736.62	1695.72
736.81	1642.37
737.00	1634.59
737.19	1581.20
737.38	1546.99
737.57	1521.31
737.76	1497.09
737.95	1473.29
738.14	1470.20
738.33	1453.50
738.51	1441.40
738.70	1429.91
738.89	1429.87
739.08	1413.47
739.27	1415.02
739.46	1400.77
739.65	1392.91
739.84	1376.75
740.03	1357.70
740.22	1339.33
740.41	1312.79
740.60	1287.99
740.79	1277.97
740.98	1263.60
741.17	1264.99
741.36	1250.96
741.55	1246.66
741.74	1236.07
741.93	1240.43
742.12	1229.78
742.31	1236.83
742.50	1235.74
742.68	1242.50
742.87	1228.78
743.06	1243.20
743.25	1226.79
743.44	1243.55
743.63	1229.29
743.82	1237.46
744.01	1229.40
744.20	1234.88
744.39	1227.06
744.58	1237.51
744.77	1229.03
744.96	1234.15
745.14	1236.85
745.33	1234.27
745.52	1226.18
745.71	1236.56
745.90	1236.38
746.09	1238.41
746.28	1226.61
746.47	1237.34
746.66	1228.88
746.85	1235.72
747.04	1231.96
747.22	1233.63
747.41	1228.27
747.60	1235.07
747.79	1226.63
747.98	1244.18
748.17	1233.88
748.36	1239.31
748.55	1226.77
748.74	1235.56
748.93	1224.95
749.11	1234.45
749.30	1223.54
749.49	1232.92
749.68	1226.71
749.87	1226.45
750.06	1218.60
750.25	1227.08
750.44	1225.71
750.62	1229.68
750.81	1222.41
751.00	1224.44
751.19	1220.18
751.38	1224.38
751.57	1225.18
751.76	1229.78
751.95	1215.14
752.13	1228.80
752.32	1219.71
752.51	1232.30
752.70	1212.81
752.89	1223.76
753.08	1225.48
753.27	1231.36
753.45	1214.98
753.64	1228.97
753.83	1218.58
754.02	1226.34
754.21	1221.80
754.40	1227.06
754.58	1213.46
754.77	1223.09
754.96	1223.87
755.15	1231.96
755.34	1217.25
755.53	1224.87
755.71	1222.58
755.90	1230.79
756.09	1211.23
756.28	1224.73
756.47	1218.99
756.66	1224.13
756.84	1219.71
757.03	1227.20
757.22	1213.52
757.41	1233.63
757.60	1219.16
757.79	1228.35
757.97	1221.35
758.16	1224.21
758.35	1222.68
758.54	1237.77
758.73	1225.91
758.91	1230.21
759.10	1221.14
759.29	1231.20
759.48	1222.23
759.67	1230.79
759.85	1221.88
760.04	1234.25
760.23	1216.33
760.42	1231.75
760.61	1223.31
760.79	1231.18
760.98	1227.08
761.17	1224.81
761.36	1224.40
761.55	1230.36
761.73	1222.53
761.92	1235.11
762.11	1222.45
762.30	1229.05
762.49	1231.85
762.67	1230.40
762.86	1220.96
763.05	1236.71
763.24	1226.92
763.42	1227.37
763.61	1228.70
763.80	1231.63
763.99	1222.08
764.17	1227.72
764.36	1226.14
764.55	1231.24
764.74	1219.46
764.92	1230.83
765.11	1226.02
765.30	1228.95
765.49	1224.07
765.68	1226.75
765.86	1216.76
766.05	1226.61
766.24	1226.36
766.43	1227.35
766.61	1218.79
766.80	1224.79
766.99	1216.39
767.17	1219.63
767.36	1219.22
767.55	1225.81
767.74	1215.24
767.92	1221.63
768.11	1205.70
768.30	1221.67
768.49	1218.83
768.67	1223.85
768.86	1206.44
769.05	1220.18
769.24	1207.13
769.42	1216.29
769.61	1212.01
769.80	1222.02
769.98	1212.38
770.17	1217.60
770.36	1211.68
770.55	1213.44
770.73	1207.15
770.92	1218.64
771.11	1213.87
771.29	1220.73
771.48	1212.99
771.67	1214.73
771.86	1211.35
772.04	1220.43
772.23	1209.51
772.42	1216.88
772.60	1202.16
772.79	1220.24
772.98	1210.25
773.16	1217.29
773.35	1208.24
773.54	1214.24
773.72	1218.50
773.91	1218.19
774.10	1208.67
774.29	1215.08
774.47	1205.50
774.66	1217.37
774.85	1216.19
775.03	1217.35
775.22	1210.55
775.41	1226.90
775.59	1215.29
775.78	1216.88
775.97	1209.51
776.15	1209.28
776.34	1205.82
776.53	1219.57
776.71	1215.45
776.90	1218.17
777.09	1203.30
777.27	1218.60
777.46	1211.72
777.65	1211.25
777.83	1206.48
778.02	1214.22
778.21	1213.42
778.39	1215.14
778.58	1213.48
778.76	1220.00
778.95	1213.40
779.14	1214.47
779.32	1207.54
779.51	1214.92
779.70	1206.34
779.88	1220.55
780.07	1212.15
780.26	1218.38
780.44	1203.92
780.63	1215.51
780.81	1213.63
781.00	1215.33
781.19	1214.83
781.37	1216.49
781.56	1205.27
781.75	1215.63
781.93	1206.11
782.12	1219.32
782.30	1207.69
782.49	1218.30
782.68	1207.75
782.86	1221.12
783.05	1212.77
783.23	1214.10
783.42	1203.78
783.61	1212.58
783.79	1211.29
783.98	1213.28
784.16	1219.24
784.35	1221.02
784.54	1210.25
784.72	1216.90
784.91	1207.63
785.09	1216.58
785.28	1211.35
785.47	1210.04
785.65	1217.87
785.84	1224.23
786.02	1213.48
786.21	1220.34
786.40	1212.68
786.58	1216.15
786.77	1207.20
786.95	1213.56
787.14	1215.98
787.32	1216.12
787.51	1222.43
787.70	1219.81
787.88	1215.22
788.07	1221.41
788.25	1207.75
788.44	1216.00
788.62	1208.57
788.81	1221.29
789.00	1204.55
789.18	1213.71
789.37	1208.14
789.55	1215.72
789.74	1214.20
789.92	1213.83
790.11	1212.56
790.29	1215.82
790.48	1214.71
790.67	1221.29
790.85	1207.01
791.04	1217.21
791.22	1210.96
791.41	1209.35
791.59	1206.64
791.78	1216.58
791.96	1215.16
792.15	1219.83
792.33	1203.53
792.52	1211.46
792.70	1209.08
792.89	1216.02
793.07	1216.94
793.26	1220.90
793.45	1211.91
793.63	1217.35
793.82	1212.79
794.00	1215.31
794.19	1212.81
794.37	1215.04
794.56	1210.72
794.74	1214.14
794.93	1211.19
795.11	1224.34
795.30	1214.34
795.48	1211.74
795.67	1204.82
795.85	1212.75
796.04	1206.75
796.22	1215.39
796.41	1211.72
796.59	1208.08
796.78	1206.29
796.96	1222.25
797.15	1209.78
797.33	1215.53
797.52	1208.40
797.70	1214.67
797.89	1201.83
798.07	1214.26
798.26	1210.78
798.44	1210.57
798.63	1209.78
798.81	1217.11
798.99	1215.43
799.18	1213.77
799.36	1206.40
799.55	1207.95
799.73	1211.52
799.92	1216.43
800.10	1213.69
800.29	1212.89
800.47	1211.25
800.66	1217.50
800.84	1212.50
801.03	1216.64
801.21	1209.94
801.39	1220.41
801.58	1211.11
801.76	1214.34
801.95	1211.00
802.13	1213.40
802.32	1208.38
802.50	1212.42
802.69	1210.90
802.87	1218.83
803.06	1208.83
803.24	1211.60
803.42	1215.57
803.61	1211.13
803.79	1208.55
803.98	1209.88
804.16	1209.20
804.35	1218.17
804.53	1210.39
804.71	1219.91
804.90	1211.62
805.08	1221.02
805.27	1210.25
805.45	1210.98
805.63	1206.42
805.82	1210.10
806.00	1208.63
806.19	1216.55
806.37	1208.79
806.56	1221.84
806.74	1206.89
806.92	1220.77
807.11	1199.70
807.29	1213.67
807.48	1208.36
807.66	1215.14
807.84	1211.50
808.03	1215.57
808.21	1212.66
808.40	1210.55
808.58	1209.49
808.76	1211.11
808.95	1208.98
809.13	1216.78
809.32	1208.36
809.50	1216.90
809.68	1209.18
809.87	1214.67
810.05	1212.34
810.23	1217.66
810.42	1212.19
810.60	1212.73
810.79	1211.43
810.97	1214.02
811.15	1214.69
811.34	1215.49
811.52	1212.30
811.70	1217.44
811.89	1207.03
812.07	1224.13
812.25	1210.86
812.44	1210.72
812.62	1205.15
812.81	1215.67
812.99	1211.11
813.17	1220.34
813.36	1207.15
813.54	1216.49
813.72	1212.60
813.91	1211.78
814.09	1207.26
814.27	1213.56
814.46	1210.21
814.64	1216.70
814.82	1210.31
815.01	1213.63
815.19	1204.74
815.37	1216.84
815.56	1211.72
815.74	1210.70
815.92	1213.56
816.11	1222.99
816.29	1208.47
816.47	1215.04
816.66	1209.22
816.84	1220.47
817.02	1209.86
817.21	1214.51
817.39	1212.17
817.57	1223.91
817.76	1210.60
817.94	1214.57
818.12	1205.74
818.30	1212.91
818.49	1211.50
818.67	1214.94
818.85	1200.87
819.04	1208.06
819.22	1217.56
819.40	1218.34
819.59	1212.79
819.77	1213.34
819.95	1210.31
820.13	1211.25
820.32	1205.62
820.50	1212.03
820.68	1207.50
820.87	1217.56
821.05	1212.30
821.23	1214.55
821.41	1204.68
821.60	1214.18
821.78	1209.31
821.96	1208.94
822.14	1204.59
822.33	1213.87
822.51	1206.19
822.69	1213.89
822.88	1208.92
823.06	1205.50
823.24	1206.66
823.42	1213.83
823.61	1214.47
823.79	1208.55
823.97	1212.38
824.15	1212.64
824.34	1205.43
824.52	1212.75
824.70	1209.00
824.88	1212.58
825.07	1206.77
825.25	1218.81
825.43	1208.53
825.61	1218.83
825.80	1211.62
825.98	1222.97
826.16	1205.99
826.34	1218.58
826.53	1206.85
826.71	1216.39
826.89	1215.08
827.07	1217.46
827.25	1210.02
827.44	1214.86
827.62	1209.94
827.80	1213.36
827.98	1206.11
828.17	1217.05
828.35	1207.99
828.53	1216.58
828.71	1207.89
828.89	1212.68
829.08	1208.24
829.26	1215.69
829.44	1208.55
829.62	1207.93
829.80	1207.32
829.99	1212.75
830.17	1205.11
830.35	1216.35
830.53	1206.50
830.71	1214.18
830.90	1208.42
831.08	1214.88
831.26	1206.89
831.44	1206.83
831.62	1213.16
831.81	1217.23
831.99	1207.48
832.17	1215.55
832.35	1215.14
832.53	1216.12
832.71	1215.37
832.90	1211.74
833.08	1204.31
833.26	1212.15
833.44	1207.65
833.62	1212.79
833.81	1207.50
833.99	1215.24
834.17	1209.22
834.35	1206.09
834.53	1207.71
834.71	1215.51
834.89	1200.77
835.08	1219.54
835.26	1202.67
835.44	1217.01
835.62	1205.23
835.80	1210.25
835.98	1213.38
836.17	1212.81
836.35	1206.42
836.53	1215.31
836.71	1211.31
836.89	1216.04
837.07	1209.41
837.25	1214.24
837.44	1208.57
837.62	1214.90
837.80	1205.05
837.98	1225.03
838.16	1212.73
838.34	1215.14
838.52	1204.80
838.70	1213.20
838.89	1204.49
839.07	1214.51
839.25	1216.90
839.43	1219.77
839.61	1201.03
839.79	1214.51
839.97	1216.45
840.15	1220.41
840.33	1212.38
840.52	1215.65
840.70	1213.69
840.88	1214.36
841.06	1211.95
841.24	1220.88
841.42	1208.92
841.60	1220.63
841.78	1214.59
841.96	1216.23
842.14	1214.81
842.33	1210.98
842.51	1206.99
842.69	1214.34
842.87	1204.06
843.05	1213.73
843.23	1212.56
843.41	1212.75
843.59	1204.06
843.77	1212.68
843.95	1208.18
844.13	1212.07
844.31	1206.79
844.49	1220.84
844.68	1205.74
844.86	1218.09
845.04	1209.08
845.22	1211.03
845.40	1206.93
845.58	1213.85
845.76	1206.19
845.94	1218.46
846.12	1209.28
846.30	1214.90
846.48	1207.73
846.66	1214.18
846.84	1207.97
847.02	1215.00
847.20	1211.74
847.38	1214.63
847.56	1203.92
847.74	1217.33
847.92	1211.23
848.11	1212.46
848.29	1214.42
848.47	1206.70
848.65	1202.53
848.83	1215.14
849.01	1207.85
849.19	1211.99
849.37	1204.31
849.55	1215.92
849.73	1213.44
849.91	1219.95
850.09	1207.77
850.27	1219.36
850.45	1208.26
850.63	1214.94
850.81	1201.71
850.99	1219.89
851.17	1208.32
851.35	1211.46
851.53	1206.58
851.71	1212.60
851.89	1210.08
852.07	1207.83
852.25	1203.16
852.43	1217.72
852.61	1218.05
852.79	1215.02
852.97	1211.66
853.15	1212.64
853.33	1206.25
853.51	1219.61
853.69	1209.12
853.87	1218.42
854.05	1214.28
854.23	1221.02
854.41	1215.00
854.59	1215.92
854.77	1214.75
854.95	1208.28
855.13	1208.22
855.31	1216.58
855.49	1214.90
855.67	1215.49
855.84	1206.09
856.02	1210.57
856.20	1212.40
856.38	1211.74
856.56	1205.05
856.74	1212.27
856.92	1208.67
857.10	1214.75
857.28	1208.65
857.46	1213.95
857.64	1209.04
857.82	1217.39
858.00	1208.53
858.18	1211.11
858.36	1213.18
858.54	1211.33
858.72	1202.79
858.90	1215.98
859.08	1204.96
859.25	1211.82
859.43	1210.41
859.61	1218.73
859.79	1201.83
859.97	1212.09
860.15	1198.51
860.33	1207.30
860.51	1210.39
860.69	1207.50
860.87	1207.93
861.05	1217.62
861.23	1214.28
861.41	1213.99
861.58	1204.45
861.76	1211.52
861.94	1207.85
862.12	1211.25
862.30	1208.04
862.48	1215.26
862.66	1211.00
862.84	1215.74
863.02	1207.97
863.20	1215.26
863.37	1201.91
863.55	1224.34
863.73	1215.06
863.91	1219.69
864.09	1206.27
864.27	1214.28
864.45	1204.66
864.63	1210.49
864.80	1206.93
864.98	1212.32
865.16	1213.36
865.34	1212.05
865.52	1212.89
865.70	1216.15
865.88	1198.90
866.06	1211.87
866.23	1203.88
866.41	1214.51
866.59	1209.61
866.77	1213.44
866.95	1208.53
867.13	1213.91
867.31	1207.91
867.48	1214.14
867.66	1205.50
867.84	1215.82
868.02	1210.04
868.20	1211.27
868.38	1198.02
868.56	1212.42
868.73	1208.87
868.91	1211.31
869.09	1196.73
869.27	1216.45
869.45	1202.67
869.63	1216.47
869.80	1208.53
869.98	1210.41
870.16	1213.99
870.34	1201.52
870.52	1204.04
870.70	1215.74
870.87	1206.01
871.05	1216.68
871.23	1209.39
871.41	1213.75
871.59	1209.28
871.76	1216.00
871.94	1207.11
872.12	1211.97
872.30	1212.17
872.48	1213.77
872.65	1212.62
872.83	1216.39
873.01	1202.30
873.19	1214.77
873.37	1212.85
873.54	1215.84
873.72	1208.42
873.90	1216.00
874.08	1210.82
874.26	1210.45
874.43	1204.51
874.61	1216.27
874.79	1210.94
874.97	1215.86
875.15	1214.86
875.32	1209.80
875.50	1215.82
875.68	1214.26
875.86	1212.50
876.03	1214.02
876.21	1211.41
876.39	1221.45
876.57	1206.95
876.74	1219.40
876.92	1208.81
877.10	1209.65
877.28	1212.25
877.45	1212.79
877.63	1207.61
877.81	1214.55
877.99	1212.13
878.17	1213.42
878.34	1219.22
878.52	1214.06
878.70	1206.95
878.87	1218.79
879.05	1206.19
879.23	1210.94
879.41	1205.78
879.58	1212.03
879.76	1211.48
879.94	1217.13
880.12	1209.49
880.29	1213.28
880.47	1200.19
880.65	1215.51
880.83	1203.90
881.00	1218.99
881.18	1213.11
881.36	1220.92
881.53	1204.94
881.71	1213.93
881.89	1209.63
882.07	1208.10
882.24	1205.07
882.42	1212.54
882.60	1208.87
882.77	1216.58
882.95	1207.54
883.13	1213.28
883.30	1212.95
883.48	1208.51
883.66	1209.37
883.84	1215.31
884.01	1207.03
884.19	1216.10
884.37	1209.69
884.54	1219.38
884.72	1205.13
884.90	1218.03
885.07	1210.76
885.25	1213.48
885.43	1206.66
885.60	1220.18
885.78	1206.32
885.96	1221.92
886.13	1208.01
886.31	1217.95
886.49	1206.81
886.66	1210.17
886.84	1215.59
887.02	1208.47
887.19	1202.89
887.37	1214.28
887.55	1214.28
887.72	1207.65
887.90	1208.28
888.08	1211.13
888.25	1203.47
888.43	1215.02
888.61	1211.76
888.78	1204.94
888.96	1211.54
889.14	1212.05
889.31	1208.10
889.49	1209.16
889.67	1206.64
889.84	1214.83
890.02	1209.26
890.19	1213.83
890.37	1208.51
890.55	1220.67
890.72	1216.70
890.90	1217.74
891.08	1207.28
891.25	1214.71
891.43	1213.40
891.60	1209.67
891.78	1212.21
891.96	1210.27
892.13	1208.42
892.31	1215.63
892.48	1202.69
892.66	1217.19
892.84	1210.00
893.01	1216.68
893.19	1204.70
893.36	1219.42
893.54	1211.70
893.72	1215.59
893.89	1206.40
894.07	1212.05
894.24	1214.30
894.42	1226.96
894.60	1212.83
894.77	1216.66
894.95	1204.90
895.12	1214.90
895.30	1213.03
895.48	1220.55
895.65	1213.13
895.83	1219.03
896.00	1206.95
896.18	1211.33
896.35	1212.42
896.53	1212.30
896.71	1208.24
896.88	1218.40
897.06	1211.29
897.23	1214.88
897.41	1208.53
897.58	1211.03
897.76	1210.80
897.93	1212.89
898.11	1212.66
898.29	1218.40
898.46	1205.27
898.64	1220.96
898.81	1208.22
898.99	1217.37
899.16	1216.25
899.34	1213.01
899.51	1208.69
899.69	1218.44
899.86	1207.40
900.04	1211.89
900.21	1214.10
900.39	1213.32
900.57	1213.24
900.74	1216.45
900.92	1205.97
901.09	1223.64
901.27	1209.69
901.44	1212.81
901.62	1211.33
901.79	1213.40
901.97	1205.88
902.14	1212.21
902.32	1209.12
902.49	1220.81
902.67	1211.87
902.84	1211.99
903.02	1204.74
903.19	1219.22
903.37	1207.73
903.54	1209.63
903.72	1207.32
903.89	1216.10
904.07	1209.14
904.24	1220.92
904.42	1218.85
904.59	1216.64
904.77	1208.59
904.94	1218.81
905.12	1209.82
905.29	1210.70
905.47	1202.24
905.64	1217.29
905.82	1210.17
905.99	1215.22
906.16	1204.55
906.34	1218.85
906.51	1210.57
906.69	1209.22
906.86	1209.59
907.04	1213.48
907.21	1210.35
907.39	1215.96
907.56	1217.62
907.74	1205.80
907.91	1210.49
908.09	1217.56
908.26	1214.12
908.43	1217.74
908.61	1212.21
908.78	1214.28
908.96	1199.04
909.13	1212.56
909.31	1211.07
909.48	1209.80
909.65	1204.59
909.83	1214.73
910.00	1209.53
910.18	1215.86
910.35	1205.86
910.53	1218.97
910.70	1211.87
910.87	1215.04
911.05	1206.32
911.22	1221.45
911.40	1203.88
911.57	1215.51
911.75	1211.95
911.92	1209.24
912.09	1208.67
912.27	1207.42
912.44	1207.50
912.62	1213.61
912.79	1212.34
912.96	1217.39
913.14	1209.88
913.31	1220.02
913.49	1213.95
913.66	1219.97
913.83	1207.85
914.01	1217.27
914.18	1206.32
914.36	1217.60
914.53	1204.23
914.70	1217.87
914.88	1212.36
915.05	1217.54
915.22	1211.17
915.40	1209.55
915.57	1211.68
915.75	1217.70
915.92	1201.81
916.09	1214.36
916.27	1210.74
916.44	1212.21
916.61	1207.99
916.79	1216.82
916.96	1212.89
917.13	1213.65
917.31	1206.62
917.48	1209.71
917.66	1207.85
917.83	1225.57
918.00	1207.03
918.18	1215.41
918.35	1212.40
918.52	1219.95
918.70	1210.70
918.87	1214.59
919.04	1211.72
919.22	1214.40
919.39	1207.52
919.56	1215.90
919.74	1211.19
919.91	1211.39
920.08	1208.53
920.26	1214.14
920.43	1208.01
920.60	1212.99
920.78	1212.46
920.95	1216.51
921.12	1213.26
921.29	1210.19
921.47	1208.40
921.64	1212.46
921.81	1208.94
921.99	1214.12
922.16	1210.70
922.33	1215.57
922.51	1207.50
922.68	1221.02
922.85	1210.86
923.03	1212.40
923.20	1210.86
923.37	1215.57
923.54	1213.75
923.72	1218.71
923.89	1213.48
924.06	1215.69
924.24	1210.53
924.41	1222.82
924.58	1208.34
924.75	1215.78
924.93	1208.47
925.10	1215.33
925.27	1209.04
925.44	1220.67
925.62	1210.78
925.79	1214.47
925.96	1209.74
926.14	1218.46
926.31	1215.88
926.48	1216.29
926.65	1207.34
926.83	1205.82
927.00	1214.14
927.17	1218.56
927.34	1201.71
927.52	1209.14
927.69	1208.34
927.86	1215.67
928.03	1204.96
928.21	1214.88
928.38	1205.48
928.55	1219.30
928.72	1206.95
928.89	1212.13
929.07	1209.53
929.24	1217.66
929.41	1206.93
929.58	1207.73
929.76	1207.09
929.93	1213.93
930.10	1207.85
930.27	1216.82
930.44	1212.40
930.62	1214.90
930.79	1211.23
930.96	1218.03
931.13	1212.09
931.31	1219.52
931.48	1202.44
931.65	1217.01
931.82	1214.45
931.99	1217.01
932.17	1208.40
932.34	1213.75
932.51	1203.63
932.68	1203.20
932.85	1206.60
933.03	1212.27
933.20	1207.44
933.37	1217.50
933.54	1210.49
933.71	1215.76
933.88	1214.12
934.06	1216.33
934.23	1210.55
934.40	1219.79
934.57	1206.62
934.74	1208.08
934.91	1213.36
935.09	1209.14
935.26	1206.44
935.43	1213.89
935.60	1208.55
935.77	1220.75
935.94	1205.31
936.12	1217.80
936.29	1210.47
936.46	1221.14
936.63	1212.42
936.80	1219.67
936.97	1205.35
937.14	1212.66
937.32	1210.19
937.49	1217.74
937.66	1210.86
937.83	1215.65
938.00	1201.54
938.17	1215.74
938.34	1208.28
938.52	1215.98
938.69	1212.13
938.86	1216.72
939.03	1209.80
939.20	1221.14
939.37	1202.24
939.54	1219.95
939.71	1206.77
939.89	1219.50
940.06	1209.28
940.23	1218.64
940.40	1206.87
940.57	1214.65
940.74	1211.05
940.91	1216.82
941.08	1208.42
941.25	1211.31
941.43	1206.25
941.60	1213.07
941.77	1212.85
941.94	1213.11
942.11	1209.24
942.28	1218.32
942.45	1202.71
942.62	1208.18
942.79	1208.16
942.96	1217.21
943.13	1207.75
943.30	1217.91
943.48	1209.61
943.65	1212.27
943.82	1220.47
943.99	1214.92
944.16	1207.87
944.33	1216.98
944.50	1214.34
944.67	1214.83
944.84	1210.55
945.01	1220.53
945.18	1206.50
945.35	1213.46
945.52	1210.08
945.69	1210.98
945.86	1211.25
946.03	1224.28
946.21	1211.00
946.38	1214.86
946.55	1215.14
946.72	1214.12
946.89	1210.60
947.06	1216.98
947.23	1213.40
947.40	1211.21
947.57	1204.64
947.74	1214.04
947.91	1210.37
948.08	1213.77
948.25	1212.44
948.42	1210.86
948.59	1206.83
948.76	1215.55
948.93	1206.87
949.10	1206.46
949.27	1211.93
949.44	1216.92
949.61	1203.51
949.78	1214.51
949.95	1216.31
950.12	1214.92
950.29	1204.04
950.46	1213.91
950.63	1211.17
950.80	1210.84
950.97	1204.80
951.14	1214.12
951.31	1207.85
951.48	1210.66
951.65	1205.07
951.82	1216.76
951.99	1215.84
952.16	1213.24
952.33	1216.19
952.50	1212.46
952.67	1211.19
952.84	1215.14
953.01	1202.81
953.18	1209.84
953.35	1217.58
953.52	1218.23
953.69	1207.89
953.86	1210.72
954.03	1207.32
954.20	1213.95
954.37	1212.19
954.54	1213.09
954.70	1208.71
954.87	1213.03
955.04	1209.76
955.21	1207.18
955.38	1203.88
955.55	1216.31
955.72	1207.20
955.89	1213.38
956.06	1212.77
956.23	1210.27
956.40	1206.32
956.57	1211.54
956.74	1203.02
956.91	1216.25
957.08	1211.50
957.25	1220.94
957.41	1218.30
957.58	1214.61
957.75	1211.66
957.92	1216.10
958.09	1201.58
958.26	1219.22
958.43	1206.36
958.60	1218.50
958.77	1211.50
958.94	1208.69
959.11	1212.34
959.27	1213.56
959.44	1211.80
959.61	1217.07
959.78	1209.94
959.95	1214.96
960.12	1209.88
960.29	1218.62
960.46	1209.78
960.63	1210.68
960.80	1202.06
960.96	1218.62
961.13	1201.54
961.30	1215.45
961.47	1212.56
961.64	1213.30
961.81	1201.13
961.98	1210.41
962.15	1213.28
962.31	1217.99
962.48	1210.23
962.65	1220.36
962.82	1207.46
962.99	1213.03
963.16	1201.15
963.33	1218.54
963.49	1214.49
963.66	1217.25
963.83	1204.06
964.00	1218.64
964.17	1202.92
964.34	1215.88
964.51	1201.50
964.67	1218.97
964.84	1210.66
965.01	1231.65
965.18	1208.87
965.35	1212.21
965.52	1209.02
965.68	1213.87
965.85	1210.70
966.02	1220.14
966.19	1213.03
966.36	1214.14
966.52	1201.34
966.69	1223.23
966.86	1207.89
967.03	1218.81
967.20	1211.64
967.37	1223.07
967.53	1214.18
967.70	1211.39
967.87	1201.09
968.04	1211.17
968.21	1206.70
968.37	1212.27
968.54	1206.87
968.71	1217.48
968.88	1209.80
969.05	1211.17
969.21	1206.91
969.38	1209.92
969.55	1210.98
969.72	1222.60
969.89	1211.62
970.05	1216.58
970.22	1203.16
970.39	1216.00
970.56	1202.20
970.72	1211.17
970.89	1211.64
971.06	1224.15
971.23	1206.07
971.39	1219.63
971.56	1209.24
971.73	1213.03
971.90	1207.44
972.07	1216.51
972.23	1206.58
972.40	1212.64
972.57	1206.60
972.74	1216.35
972.90	1210.19
973.07	1214.34
973.24	1201.50
973.40	1211.95
973.57	1206.79
973.74	1214.14
973.91	1210.41
974.07	1221.65
974.24	1212.38
974.41	1216.43
974.58	1209.18
974.74	1214.32
974.91	1208.71
975.08	1217.97
975.25	1207.87
975.41	1211.80
975.58	1211.70
975.75	1209.69
975.91	1200.38
976.08	1212.27
976.25	1214.94
976.42	1213.67
976.58	1208.44
976.75	1216.53
976.92	1203.20
977.08	1207.01
977.25	1212.60
977.42	1221.22
977.58	1212.46
977.75	1211.19
977.92	1209.16
978.08	1209.28
978.25	1205.84
978.42	1210.33
978.59	1207.87
978.75	1213.28
978.92	1208.77
979.09	1218.52
979.25	1207.46
979.42	1210.10
979.59	1209.49
979.75	1213.61
979.92	1212.32
980.09	1217.87
980.25	1212.89
980.42	1207.44
980.59	1204.19
980.75	1211.76
980.92	1214.47
981.09	1215.37
981.25	1205.82
981.42	1212.85
981.59	1215.45
981.75	1212.95
981.92	1203.96
982.08	1210.14
982.25	1209.06
982.42	1212.95
982.58	1209.39
982.75	1217.01
982.92	1207.50
983.08	1207.07
983.25	1217.31
983.42	1211.84
983.58	1204.02
983.75	1210.25
983.91	1203.65
984.08	1211.19
984.25	1208.81
984.41	1213.13
984.58	1212.07
984.74	1210.47
984.91	1209.12
985.08	1205.56
985.24	1211.80
985.41	1218.73
985.57	1205.60
985.74	1216.53
985.91	1208.26
986.07	1215.47
986.24	1206.40
986.40	1218.07
986.57	1208.14
986.74	1209.10
986.90	1211.05
987.07	1210.35
987.23	1215.94
987.40	1211.11
987.57	1215.49
987.73	1220.10
987.90	1212.17
988.06	1216.08
988.23	1200.89
988.39	1210.76
988.56	1212.77
988.73	1211.25
988.89	1210.14
989.06	1214.69
989.22	1214.16
989.39	1218.81
989.55	1207.54
989.72	1211.74
989.88	1208.12
990.05	1211.76
990.22	1204.57
990.38	1218.68
990.55	1199.70
990.71	1220.10
990.88	1205.31
991.04	1215.72
991.21	1209.06
991.37	1213.40
991.54	1204.53
991.70	1219.11
991.87	1213.28
992.03	1209.39
992.20	1205.07
992.36	1211.15
992.53	1203.37
992.69	1218.03
992.86	1211.27
993.03	1211.17
993.19	1210.39
993.36	1213.16
993.52	1211.76
993.69	1213.05
993.85	1210.82
994.02	1216.80
994.18	1208.44
994.35	1208.87
994.51	1210.68
994.68	1215.78
994.84	1210.41
995.01	1214.51
995.17	1210.88
995.34	1216.72
995.50	1205.52
995.66	1213.71
995.83	1200.83
995.99	1218.75
996.16	1210.80
996.32	1212.56
996.49	1205.29
996.65	1213.46
996.82	1208.28
996.98	1210.04
997.15	1210.55
997.31	1216.80
997.48	1210.17
997.64	1213.87
997.81	1207.28
997.97	1215.49
998.13	1210.12
998.30	1220.96
998.46	1207.48
998.63	1208.18
998.79	1213.13
998.96	1221.08
999.12	1210.94
999.29	1215.06
999.45	1213.56
999.61	1203.92
999.78	1207.44
999.94	1211.66
1000.11	1209.51
1000.27	1219.14
1000.44	1205.37
1000.60	1217.78
1000.76	1215.72
1000.93	1219.11
1001.09	1207.44
1001.26	1207.34
1001.42	1204.70
1001.59	1212.11
1001.75	1207.26
1001.91	1210.43
1002.08	1208.36
1002.24	1214.47
1002.41	1211.87
1002.57	1207.11
1002.73	1212.75
1002.90	1212.13
1003.06	1212.03
1003.23	1216.04
1003.39	1202.40
1003.55	1220.79
1003.72	1207.20
1003.88	1213.48
1004.04	1206.01
1004.21	1214.18
1004.37	1209.96
1004.54	1217.74
1004.70	1208.42
1004.86	1212.44
1005.03	1207.22
1005.19	1213.22
1005.35	1212.44
1005.52	1217.95
1005.68	1212.40
1005.85	1215.35
1006.01	1208.77
1006.17	1216.23
1006.34	1201.54
1006.50	1218.56
1006.66	1203.88
1006.83	1216.19
1006.99	1209.08
1007.15	1222.27
1007.32	1209.86
1007.48	1218.79
1007.64	1211.68
1007.81	1216.80
1007.97	1210.45
1008.13	1218.95
1008.30	1207.61
1008.46	1214.88
1008.62	1217.03
1008.79	1209.47
1008.95	1211.50
1009.11	1213.34
1009.28	1210.60
1009.44	1222.47
1009.60	1209.20
1009.77	1214.34
1009.93	1204.29
1010.09	1212.38
1010.25	1211.50
1010.42	1220.79
1010.58	1204.64
1010.74	1212.81
1010.91	1206.54
1011.07	1212.52
1011.23	1200.23
1011.40	1212.77
1011.56	1210.66
1011.72	1215.82
1011.88	1210.17
1012.05	1215.51
1012.21	1209.22
1012.37	1216.90
1012.54	1210.94
1012.70	1221.14
1012.86	1216.41
1013.02	1210.25
1013.19	1216.98
1013.35	1208.75
1013.51	1209.06
1013.67	1211.43
1013.84	1211.11
1014.00	1211.35
1014.16	1207.71
1014.33	1211.23
1014.49	1204.37
1014.65	1219.85
1014.81	1206.44
1014.98	1211.99
1015.14	1209.61
1015.30	1213.38
1015.46	1208.49
1015.62	1216.60
1015.79	1206.60
1015.95	1222.21
1016.11	1206.42
1016.27	1213.95
1016.44	1200.50
1016.60	1213.46
1016.76	1213.32
1016.92	1215.20
1017.09	1204.43
1017.25	1214.71
1017.41	1206.25
1017.57	1212.81
1017.73	1207.75
1017.90	1210.25
1018.06	1214.47
1018.22	1213.01
1018.38	1211.00
1018.54	1217.89
1018.71	1211.23
1018.87	1216.84
1019.03	1213.69
1019.19	1213.69
1019.35	1213.28
1019.52	1221.55
1019.68	1203.76
1019.84	1213.67
1020.00	1213.95
1020.16	1218.66
1020.33	1211.48
1020.49	1218.44
1020.65	1206.09
1020.81	1208.63
1020.97	1202.55
1021.13	1213.93
1021.30	1211.84
1021.46	1212.89
1021.62	1209.37
1021.78	1215.72
1021.94	1213.01
1022.10	1211.72
1022.27	1203.69
1022.43	1218.75
1022.59	1204.49
1022.75	1211.97
1022.91	1205.19
1023.07	1214.63
1023.24	1207.28
1023.40	1215.41
1023.56	1210.49
1023.72	1217.42
1023.88	1203.14
1024.04	1216.66
1024.20	1208.38
1024.36	1216.76
1024.53	1205.29
1024.69	1218.95
1024.85	1207.69
1025.01	1218.42
1025.17	1208.10
1025.33	1218.75
1025.49	1211.87
1025.65	1219.24
1025.82	1211.52
1025.98	1218.46
1026.14	1206.91
1026.30	1214.55
1026.46	1215.84
1026.62	1225.87
1026.78	1209.31
1026.94	1213.87
1027.10	1212.52
1027.26	1214.75
1027.43	1204.51
1027.59	1213.65
1027.75	1208.63
1027.91	1203.45
1028.07	1207.61
1028.23	1209.78
1028.39	1206.03
1028.55	1213.13
1028.71	1206.44
1028.87	1209.71
1029.03	1208.10
1029.19	1217.56
1029.36	1199.21
1029.52	1224.11
1029.68	1206.07
1029.84	1220.75
1030.00	1206.44
1030.16	1219.30
1030.32	1211.41
1030.48	1217.11
1030.64	1207.81
1030.80	1224.99
1030.96	1210.23
1031.12	1209.28
1031.28	1211.15
1031.44	1217.87
1031.60	1205.39
1031.76	1215.61
1031.92	1213.46
1032.08	1230.34
1032.24	1208.08
1032.40	1216.92
1032.56	1203.41
1032.73	1216.58
1032.89	1211.70
1033.05	1211.19
1033.21	1205.64
1033.37	1214.73
1033.53	1205.84
1033.69	1210.82
1033.85	1208.63
1034.01	1211.11
1034.17	1199.62
1034.33	1218.19
1034.49	1202.85
1034.65	1208.59
1034.81	1206.36
1034.97	1211.37
1035.13	1213.09
1035.29	1218.38
1035.45	1212.85
1035.61	1211.70
1035.77	1214.30
1035.93	1211.46
1036.09	1211.52
1036.25	1216.72
1036.41	1208.42
1036.57	1212.77
1036.73	1208.83
1036.88	1214.47
1037.04	1206.46
