345.52	1220.34
345.73	1220.34
345.94	1220.34
346.16	1206.40
346.37	1212.89
346.58	1214.24
346.79	1218.46
347.00	1215.96
347.22	1225.52
347.43	1214.67
347.64	1220.49
347.85	1217.07
348.06	1220.88
348.28	1213.32
348.49	1216.80
348.70	1210.25
348.91	1226.63
349.12	1206.77
349.34	1220.94
349.55	1218.99
349.76	1221.47
349.97	1212.64
350.18	1218.40
350.40	1210.68
350.61	1228.45
350.82	1209.41
351.03	1221.10
351.24	1213.16
351.46	1217.29
351.67	1220.43
351.88	1219.48
352.09	1215.55
352.30	1220.12
352.51	1211.33
352.73	1218.13
352.94	1221.80
353.15	1223.80
353.36	1217.11
353.57	1220.24
353.79	1221.82
354.00	1225.91
354.21	1213.18
354.42	1224.32
354.63	1211.72
354.84	1225.96
355.06	1219.50
355.27	1217.37
355.48	1215.18
355.69	1219.87
355.90	1213.05
356.11	1224.77
356.33	1216.62
356.54	1230.28
356.75	1217.93
356.96	1223.44
357.17	1218.91
357.38	1222.00
357.60	1214.94
357.81	1215.90
358.02	1218.58
358.23	1222.19
358.44	1219.95
358.65	1221.39
358.87	1222.58
359.08	1217.15
359.29	1215.20
359.50	1227.39
359.71	1216.10
359.92	1225.50
360.13	1219.61
360.35	1227.45
360.56	1211.50
360.77	1222.76
360.98	1226.14
361.19	1230.75
361.40	1211.46
361.62	1224.50
361.83	1214.16
362.04	1220.55
362.25	1214.90
362.46	1226.69
362.67	1219.67
362.88	1222.62
363.10	1224.66
363.31	1222.15
363.52	1224.09
363.73	1227.33
363.94	1220.65
364.15	1226.16
364.36	1216.39
364.57	1225.16
364.79	1213.52
365.00	1224.66
365.21	1216.58
365.42	1222.41
365.63	1218.05
365.84	1223.50
366.05	1220.00
366.27	1220.51
366.48	1208.49
366.69	1223.37
366.90	1220.61
367.11	1222.45
367.32	1210.78
367.53	1229.33
367.74	1222.27
367.95	1224.73
368.17	1217.37
368.38	1224.09
368.59	1224.60
368.80	1223.93
369.01	1215.22
369.22	1224.09
369.43	1216.15
369.64	1231.16
369.86	1221.67
370.07	1225.16
370.28	1217.91
370.49	1223.17
370.70	1219.24
370.91	1225.07
371.12	1215.86
371.33	1229.85
371.54	1215.04
371.76	1223.87
371.97	1219.24
372.18	1222.60
372.39	1218.07
372.60	1225.71
372.81	1229.97
373.02	1223.11
373.23	1224.79
373.44	1228.58
373.65	1219.07
373.87	1227.82
374.08	1219.28
374.29	1224.87
374.50	1218.79
374.71	1220.79
374.92	1226.65
375.13	1229.64
375.34	1214.34
375.55	1219.91
375.76	1223.52
375.97	1227.29
376.19	1218.17
376.40	1218.28
376.61	1225.57
376.82	1226.32
377.03	1217.60
377.24	1221.49
377.45	1220.00
377.66	1224.05
377.87	1214.98
378.08	1224.01
378.29	1220.32
378.50	1220.69
378.71	1220.92
378.93	1221.27
379.14	1217.39
379.35	1222.86
379.56	1218.75
379.77	1220.75
379.98	1215.41
380.19	1229.72
380.40	1223.48
380.61	1224.19
380.82	1216.33
381.03	1236.26
381.24	1218.77
381.45	1219.28
381.66	1222.86
381.88	1231.12
382.09	1219.32
382.30	1227.00
382.51	1221.63
382.72	1224.50
382.93	1217.25
383.14	1221.14
383.35	1224.11
383.56	1227.41
383.77	1218.93
383.98	1230.11
384.19	1217.80
384.40	1223.58
384.61	1210.68
384.82	1224.26
385.03	1219.59
385.24	1226.36
385.45	1225.07
385.67	1227.76
385.88	1220.65
386.09	1228.99
386.30	1218.44
386.51	1224.44
386.72	1216.43
386.93	1228.02
387.14	1214.45
387.35	1222.15
387.56	1221.88
387.77	1218.62
387.98	1222.23
388.19	1225.28
388.40	1224.81
388.61	1228.95
388.82	1216.68
389.03	1223.54
389.24	1221.67
389.45	1218.52
389.66	1219.26
389.87	1229.19
390.08	1216.35
390.29	1223.83
390.50	1224.71
390.71	1226.28
390.92	1222.21
391.13	1222.35
391.34	1216.31
391.55	1221.51
391.76	1218.89
391.98	1219.14
392.19	1219.14
392.40	1213.95
392.61	1217.62
392.82	1230.89
393.03	1222.39
393.24	1222.99
393.45	1223.74
393.66	1216.88
393.87	1223.37
394.08	1227.39
394.29	1217.70
394.50	1220.02
394.71	1213.87
394.92	1223.31
395.13	1218.97
395.34	1227.22
395.55	1220.28
395.76	1225.26
395.97	1220.61
396.18	1231.71
396.39	1214.51
396.60	1221.76
396.81	1224.30
397.02	1228.37
397.23	1215.31
397.44	1218.30
397.65	1219.32
397.86	1226.34
398.07	1220.55
398.28	1229.33
398.49	1217.89
398.70	1223.05
398.91	1219.85
399.12	1219.26
399.33	1219.59
399.54	1225.83
399.75	1223.29
399.96	1228.86
400.17	1218.97
400.38	1225.26
400.59	1219.59
400.80	1228.39
401.01	1209.98
401.22	1230.32
401.42	1219.05
401.63	1230.71
401.84	1228.66
402.05	1219.50
402.26	1227.57
402.47	1226.18
402.68	1219.05
402.89	1223.62
403.10	1216.74
403.31	1229.01
403.52	1217.70
403.73	1222.88
403.94	1221.72
404.15	1219.18
404.36	1225.14
404.57	1226.96
404.78	1214.42
404.99	1224.87
405.20	1219.34
405.41	1222.88
405.62	1220.86
405.83	1228.37
406.04	1219.52
406.25	1223.01
406.46	1222.64
406.67	1228.72
406.88	1219.54
407.09	1223.05
407.30	1220.57
407.50	1229.81
407.71	1212.19
407.92	1230.24
408.13	1221.35
408.34	1220.71
408.55	1224.23
408.76	1226.24
408.97	1218.32
409.18	1222.21
409.39	1218.05
409.60	1222.04
409.81	1222.99
410.02	1234.60
410.23	1216.21
410.44	1225.91
410.65	1219.16
410.86	1226.36
411.07	1219.20
411.27	1227.41
411.48	1218.38
411.69	1224.05
411.90	1221.43
412.11	1221.12
412.32	1218.81
412.53	1221.43
412.74	1220.04
412.95	1227.65
413.16	1223.23
413.37	1220.45
413.58	1214.79
413.79	1224.64
414.00	1219.50
414.20	1231.14
414.41	1220.12
414.62	1224.17
414.83	1219.22
415.04	1225.16
415.25	1219.38
415.46	1221.37
415.67	1219.69
415.88	1223.31
416.09	1221.92
416.30	1224.07
416.51	1221.67
416.71	1230.38
416.92	1222.82
417.13	1223.03
417.34	1219.67
417.55	1229.62
417.76	1219.95
417.97	1228.80
418.18	1223.48
418.39	1226.71
418.60	1221.80
418.81	1223.89
419.01	1218.56
419.22	1223.01
419.43	1224.89
419.64	1225.71
419.85	1217.25
420.06	1227.65
420.27	1223.68
420.48	1222.66
420.69	1219.46
420.90	1228.37
421.10	1221.06
421.31	1225.34
421.52	1215.08
421.73	1226.02
421.94	1221.63
422.15	1222.31
422.36	1222.06
422.57	1222.92
422.78	1215.26
422.98	1223.01
423.19	1221.22
423.40	1224.97
423.61	1218.46
423.82	1233.31
424.03	1217.37
424.24	1224.03
424.45	1218.40
424.65	1227.12
424.86	1217.46
425.07	1227.68
425.28	1211.99
425.49	1226.86
425.70	1223.95
425.91	1225.01
426.12	1222.68
426.32	1227.35
426.53	1217.93
426.74	1225.01
426.95	1223.29
427.16	1225.85
427.37	1214.55
427.58	1235.31
427.78	1217.91
427.99	1222.00
428.20	1218.30
428.41	1233.92
428.62	1224.09
428.83	1227.88
429.04	1216.64
429.24	1226.28
429.45	1226.18
429.66	1225.50
429.87	1215.61
430.08	1228.86
430.29	1215.61
430.50	1228.52
430.70	1218.97
430.91	1227.96
431.12	1218.62
431.33	1226.06
431.54	1220.92
431.75	1219.69
431.96	1221.94
432.16	1231.03
432.37	1216.33
432.58	1226.18
432.79	1219.63
433.00	1226.14
433.21	1220.51
433.41	1223.85
433.62	1213.18
433.83	1226.82
434.04	1220.81
434.25	1223.33
434.46	1222.62
434.66	1225.50
434.87	1216.80
435.08	1232.26
435.29	1218.73
435.50	1225.75
435.71	1219.28
435.91	1218.44
436.12	1223.33
436.33	1224.64
436.54	1219.59
436.75	1223.21
436.95	1217.95
437.16	1228.31
437.37	1220.32
437.58	1220.28
437.79	1231.20
438.00	1228.64
438.20	1219.48
438.41	1229.07
438.62	1217.91
438.83	1227.18
439.04	1223.42
439.24	1223.25
439.45	1216.47
439.66	1219.57
439.87	1222.92
440.08	1227.82
440.28	1223.64
440.49	1223.72
440.70	1216.23
440.91	1230.05
441.12	1222.86
441.32	1223.37
441.53	1220.08
441.74	1232.57
441.95	1225.42
442.16	1219.83
442.36	1219.46
442.57	1228.86
442.78	1218.15
442.99	1224.85
443.20	1222.51
443.40	1226.22
443.61	1214.79
443.82	1222.23
444.03	1215.33
444.24	1225.63
444.44	1218.05
444.65	1226.51
444.86	1215.16
445.07	1224.79
445.27	1216.78
445.48	1227.45
445.69	1223.21
445.90	1226.96
446.11	1217.66
446.31	1224.07
446.52	1218.34
446.73	1226.98
446.94	1217.95
447.14	1230.44
447.35	1226.98
447.56	1228.72
447.77	1216.84
447.97	1230.73
448.18	1219.95
448.39	1225.67
448.60	1216.78
448.81	1227.18
449.01	1222.97
449.22	1223.64
449.43	1220.63
449.64	1227.35
449.84	1220.53
450.05	1220.63
450.26	1226.49
450.47	1224.17
450.67	1219.95
450.88	1229.11
451.09	1218.28
451.30	1223.80
451.50	1221.18
451.71	1222.56
451.92	1217.58
452.13	1225.91
452.33	1218.99
452.54	1222.21
452.75	1222.04
452.96	1230.34
453.16	1210.35
453.37	1223.19
453.58	1215.80
453.79	1227.88
453.99	1215.84
454.20	1224.56
454.41	1219.09
454.61	1228.64
454.82	1219.93
455.03	1231.96
455.24	1215.65
455.44	1224.66
455.65	1222.99
455.86	1221.02
456.07	1217.33
456.27	1224.13
456.48	1209.96
456.69	1227.16
456.90	1224.60
457.10	1224.48
457.31	1219.14
457.52	1231.94
457.72	1219.85
457.93	1226.04
458.14	1220.14
458.35	1222.35
458.55	1220.51
458.76	1222.92
458.97	1225.73
459.17	1223.03
459.38	1218.23
459.59	1225.30
459.80	1212.77
460.00	1224.44
460.21	1220.77
460.42	1229.13
460.62	1216.04
460.83	1222.41
461.04	1222.86
461.25	1223.87
461.45	1220.16
461.66	1226.49
461.87	1224.62
462.07	1224.42
462.28	1214.40
462.49	1223.80
462.69	1226.43
462.90	1223.35
463.11	1214.34
463.31	1229.87
463.52	1210.00
463.73	1223.09
463.94	1218.38
464.14	1229.78
464.35	1221.31
464.56	1221.90
464.76	1229.31
464.97	1221.20
465.18	1213.01
465.38	1221.41
465.59	1220.30
465.80	1230.01
466.00	1219.79
466.21	1218.46
466.42	1220.96
466.62	1219.28
466.83	1224.40
467.04	1223.13
467.24	1216.80
467.45	1219.52
467.66	1215.53
467.86	1218.95
468.07	1217.50
468.28	1224.17
468.48	1213.46
468.69	1231.16
468.90	1219.87
469.10	1227.68
469.31	1217.33
469.52	1228.62
469.72	1214.18
469.93	1230.11
470.14	1216.35
470.34	1220.79
470.55	1221.16
470.76	1228.76
470.96	1226.41
471.17	1223.11
471.38	1217.93
471.58	1227.43
471.79	1219.28
472.00	1222.92
472.20	1224.75
472.41	1227.29
472.62	1227.63
472.82	1231.30
473.03	1214.71
473.24	1224.01
473.44	1221.02
473.65	1221.88
473.85	1216.29
474.06	1226.43
474.27	1218.36
474.47	1219.83
474.68	1223.35
474.89	1226.20
475.09	1212.56
475.30	1223.29
475.51	1219.54
475.71	1231.01
475.92	1216.58
476.12	1228.17
476.33	1223.60
476.54	1223.35
476.74	1218.19
476.95	1227.04
477.16	1218.25
477.36	1223.40
477.57	1219.87
477.77	1224.34
477.98	1215.10
478.19	1224.91
478.39	1216.66
478.60	1232.77
478.81	1221.31
479.01	1229.95
479.22	1220.71
479.42	1224.89
479.63	1222.66
479.84	1220.36
480.04	1224.42
480.25	1227.27
480.45	1217.50
480.66	1224.44
480.87	1222.86
481.07	1221.12
481.28	1217.72
481.48	1220.26
481.69	1223.40
481.90	1225.63
482.10	1217.17
482.31	1227.06
482.51	1226.02
482.72	1216.23
482.93	1217.60
483.13	1217.25
483.34	1216.12
483.54	1226.63
483.75	1220.47
483.96	1227.16
484.16	1220.88
484.37	1225.75
484.57	1217.95
484.78	1227.35
484.99	1216.49
485.19	1228.52
485.40	1222.82
485.60	1230.71
485.81	1217.56
486.01	1221.82
486.22	1222.51
486.43	1225.22
486.63	1220.22
486.84	1231.63
487.04	1210.64
487.25	1223.37
487.46	1222.99
487.66	1225.14
487.87	1222.37
488.07	1224.58
488.28	1223.35
488.48	1226.47
488.69	1222.10
488.89	1226.92
489.10	1217.85
489.31	1227.29
489.51	1221.96
489.72	1221.39
489.92	1218.40
490.13	1228.84
490.33	1216.06
490.54	1231.46
490.75	1223.33
490.95	1223.25
491.16	1211.29
491.36	1223.95
491.57	1220.26
491.77	1222.00
491.98	1222.31
492.18	1221.33
492.39	1214.16
492.59	1225.79
492.80	1215.84
493.01	1212.83
493.21	1223.66
493.42	1229.78
493.62	1227.04
493.83	1225.36
494.03	1219.61
494.24	1222.64
494.44	1222.37
494.65	1223.74
494.85	1220.30
495.06	1225.73
495.26	1215.04
495.47	1222.56
495.68	1218.36
495.88	1216.12
496.09	1213.24
496.29	1225.03
496.50	1222.76
496.70	1222.35
496.91	1216.51
497.11	1222.56
497.32	1213.65
497.52	1229.21
497.73	1220.63
497.93	1221.12
498.14	1226.06
498.34	1229.09
498.55	1224.83
498.75	1221.16
498.96	1217.64
499.16	1220.67
499.37	1210.31
499.57	1226.18
499.78	1218.17
499.98	1220.24
500.19	1220.16
500.39	1224.91
500.60	1222.49
500.80	1225.65
501.01	1217.11
501.21	1221.84
501.42	1216.55
501.62	1220.88
501.83	1217.91
502.03	1223.78
502.24	1222.41
502.44	1225.03
502.65	1217.33
502.85	1219.89
503.06	1214.02
503.26	1225.65
503.47	1216.45
503.67	1232.37
503.88	1218.36
504.08	1222.88
504.29	1219.85
504.49	1222.06
504.70	1223.68
504.90	1225.30
505.11	1217.21
505.31	1226.04
505.52	1216.55
505.72	1227.43
505.93	1214.30
506.13	1227.10
506.34	1220.10
506.54	1226.45
506.75	1216.76
506.95	1226.57
507.16	1224.07
507.36	1222.13
507.56	1225.85
507.77	1221.41
507.97	1222.17
508.18	1225.18
508.38	1208.94
508.59	1225.09
508.79	1221.86
509.00	1229.11
509.20	1220.26
509.41	1227.37
509.61	1218.32
509.82	1225.71
510.02	1218.19
510.22	1225.73
510.43	1221.18
510.63	1223.35
510.84	1218.62
511.04	1217.95
511.25	1218.42
511.45	1223.03
511.66	1223.93
511.86	1222.64
512.06	1223.91
512.27	1220.26
512.47	1220.75
512.68	1235.46
512.88	1223.95
513.09	1223.44
513.29	1211.46
513.50	1221.04
513.70	1220.86
513.90	1221.18
514.11	1221.06
514.31	1226.51
514.52	1218.85
514.72	1221.78
514.93	1225.26
515.13	1226.14
515.33	1217.89
515.54	1226.36
515.74	1209.80
515.95	1221.61
516.15	1214.61
516.36	1234.19
516.56	1218.60
516.76	1224.95
516.97	1217.46
517.17	1230.69
517.38	1217.68
517.58	1222.74
517.78	1215.22
517.99	1222.35
518.19	1223.21
518.40	1228.45
518.60	1214.88
518.81	1228.06
519.01	1222.25
519.21	1216.31
519.42	1217.66
519.62	1226.06
519.83	1218.17
520.03	1228.92
520.23	1221.74
520.44	1221.35
520.64	1214.24
520.85	1230.38
521.05	1214.73
521.25	1228.72
521.46	1213.03
521.66	1226.45
521.86	1221.12
522.07	1225.93
522.27	1224.44
522.48	1223.09
522.68	1221.78
522.88	1219.11
523.09	1217.64
523.29	1225.71
523.50	1215.31
523.70	1219.30
523.90	1212.89
524.11	1219.24
524.31	1223.60
524.51	1225.50
524.72	1224.09
524.92	1226.53
525.13	1217.17
525.33	1226.51
525.53	1226.69
525.74	1225.87
525.94	1222.49
526.14	1230.64
526.35	1216.94
526.55	1227.08
526.76	1218.60
526.96	1228.31
527.16	1213.73
527.37	1223.46
527.57	1213.75
527.77	1227.31
527.98	1221.53
528.18	1225.22
528.38	1222.04
528.59	1217.37
528.79	1225.77
528.99	1222.21
529.20	1214.57
529.40	1215.82
529.61	1215.06
529.81	1224.09
530.01	1222.51
530.22	1218.73
530.42	1217.09
530.62	1227.35
530.83	1222.04
531.03	1218.91
531.23	1228.41
531.44	1222.37
531.64	1221.47
531.84	1226.08
532.05	1220.16
532.25	1220.92
532.45	1215.82
532.66	1227.70
532.86	1217.72
533.06	1228.68
533.27	1217.42
533.47	1230.91
533.67	1210.06
533.88	1224.28
534.08	1220.47
534.28	1229.99
534.49	1223.05
534.69	1219.03
534.89	1217.97
535.09	1227.55
535.30	1222.39
535.50	1217.39
535.70	1219.65
535.91	1226.51
536.11	1216.70
536.31	1225.73
536.52	1216.64
536.72	1241.36
536.92	1216.90
537.13	1228.23
537.33	1215.16
537.53	1222.13
537.74	1212.70
537.94	1227.41
538.14	1222.13
538.34	1220.81
538.55	1223.87
538.75	1229.07
538.95	1218.03
539.16	1221.43
539.36	1220.71
539.56	1223.83
539.77	1220.00
539.97	1231.18
540.17	1216.19
540.37	1220.88
540.58	1220.59
540.78	1230.48
540.98	1211.48
541.19	1224.03
541.39	1222.51
541.59	1226.94
541.79	1223.72
542.00	1222.76
542.20	1219.14
542.40	1218.93
542.60	1216.55
542.81	1225.20
543.01	1215.57
543.21	1222.94
543.42	1217.27
543.62	1220.45
543.82	1216.96
544.02	1223.93
544.23	1218.32
544.43	1223.80
544.63	1218.54
544.83	1224.11
545.04	1221.51
545.24	1222.41
545.44	1218.95
545.64	1212.05
545.85	1221.41
546.05	1228.06
546.25	1220.67
546.45	1222.82
546.66	1222.15
546.86	1229.83
547.06	1221.51
547.27	1218.23
547.47	1218.54
547.67	1222.27
547.87	1227.06
548.07	1222.92
548.28	1217.99
548.48	1222.94
548.68	1218.17
548.88	1228.54
549.09	1219.81
549.29	1227.76
549.49	1212.36
549.69	1224.97
549.90	1219.54
550.10	1231.77
550.30	1216.58
550.50	1230.19
550.71	1217.74
550.91	1224.69
551.11	1221.57
551.31	1229.50
551.51	1221.16
551.72	1228.99
551.92	1217.25
552.12	1223.72
552.32	1220.24
552.53	1221.84
552.73	1212.38
552.93	1220.75
553.13	1217.82
553.33	1226.24
553.54	1223.50
553.74	1228.00
553.94	1215.86
554.14	1225.75
554.35	1218.62
554.55	1225.61
554.75	1215.47
554.95	1224.48
555.15	1217.68
555.36	1229.78
555.56	1218.44
555.76	1225.69
555.96	1222.74
556.16	1226.26
556.37	1213.18
556.57	1222.33
556.77	1220.61
556.97	1226.53
557.17	1215.26
557.38	1225.44
557.58	1218.32
557.78	1226.88
557.98	1216.39
558.18	1223.05
558.38	1222.80
558.59	1223.89
558.79	1218.46
558.99	1223.72
559.19	1224.85
559.39	1224.21
559.60	1218.95
559.80	1227.90
560.00	1216.96
560.20	1231.03
560.40	1214.36
560.60	1228.02
560.81	1227.31
561.01	1219.22
561.21	1225.46
561.41	1238.61
561.61	1216.06
561.81	1227.63
562.02	1220.20
562.22	1226.20
562.42	1224.52
562.62	1226.00
562.82	1220.53
563.02	1224.79
563.23	1216.58
563.43	1218.46
563.63	1217.68
563.83	1219.85
564.03	1223.89
564.23	1221.82
564.43	1223.83
564.64	1227.29
564.84	1219.91
565.04	1224.30
565.24	1223.09
565.44	1224.09
565.64	1223.44
565.85	1218.50
566.05	1219.69
566.25	1227.27
566.45	1210.12
566.65	1225.34
566.85	1220.08
567.05	1230.75
567.25	1214.24
567.46	1226.30
567.66	1218.75
567.86	1220.38
568.06	1218.52
568.26	1230.26
568.46	1219.14
568.66	1226.16
568.86	1218.83
569.07	1225.38
569.27	1222.29
569.47	1222.49
569.67	1221.57
569.87	1222.51
570.07	1217.64
570.27	1223.62
570.47	1220.77
570.68	1225.81
570.88	1213.99
571.08	1223.60
571.28	1215.08
571.48	1225.36
571.68	1219.89
571.88	1221.18
572.08	1212.36
572.28	1228.72
572.49	1218.97
572.69	1227.49
572.89	1214.63
573.09	1221.45
573.29	1223.52
573.49	1223.87
573.69	1217.89
573.89	1229.23
574.09	1224.17
574.29	1221.16
574.50	1217.17
574.70	1227.06
574.90	1225.36
575.10	1227.43
575.30	1222.70
575.50	1226.12
575.70	1219.63
575.90	1224.89
576.10	1216.47
576.30	1216.21
576.50	1215.53
576.70	1223.66
576.91	1219.05
577.11	1227.51
577.31	1220.34
577.51	1223.46
577.71	1220.73
577.91	1225.63
578.11	1217.68
578.31	1228.00
578.51	1218.48
578.71	1233.88
578.91	1215.84
579.11	1217.39
579.31	1223.54
579.51	1225.12
579.71	1221.10
579.92	1221.22
580.12	1224.40
580.32	1222.08
580.52	1222.00
580.72	1225.87
580.92	1221.14
581.12	1229.31
581.32	1221.22
581.52	1223.76
581.72	1215.53
581.92	1221.12
582.12	1216.64
582.32	1222.53
582.52	1212.44
582.72	1224.09
582.92	1223.70
583.12	1230.32
583.32	1212.81
583.52	1225.09
583.72	1216.60
583.92	1221.94
584.12	1224.62
584.33	1221.96
584.53	1219.05
584.73	1226.41
584.93	1214.30
585.13	1224.44
585.33	1217.56
585.53	1224.58
585.73	1226.26
585.93	1222.02
586.13	1224.60
586.33	1225.63
586.53	1220.59
586.73	1226.26
586.93	1214.12
587.13	1227.80
587.33	1220.47
587.53	1228.29
587.73	1215.86
587.93	1217.03
588.13	1217.52
588.33	1224.85
588.53	1221.33
588.73	1222.06
588.93	1220.24
589.13	1220.51
589.33	1217.93
589.53	1227.72
589.73	1223.35
589.93	1224.52
590.13	1216.80
590.33	1225.83
590.53	1226.02
590.73	1224.99
590.93	1220.00
591.13	1224.38
591.33	1224.09
591.53	1219.61
591.73	1219.01
591.93	1224.15
592.13	1222.21
592.33	1227.00
592.53	1216.45
592.73	1226.75
592.93	1215.94
593.13	1224.15
593.33	1216.49
593.53	1222.21
593.73	1211.15
593.93	1222.15
594.13	1219.54
594.33	1220.57
594.53	1216.68
594.73	1225.81
594.92	1219.09
595.12	1222.53
595.32	1220.26
595.52	1224.21
595.72	1224.73
595.92	1218.89
596.12	1218.83
596.32	1219.03
596.52	1212.23
596.72	1228.39
596.92	1215.49
597.12	1234.80
597.32	1217.46
597.52	1223.33
597.72	1219.59
597.92	1224.81
598.12	1216.35
598.32	1228.23
598.52	1226.84
598.72	1228.49
598.92	1208.79
599.12	1221.37
599.31	1219.05
599.51	1227.02
599.71	1216.08
599.91	1225.24
600.11	1217.33
600.31	1225.03
600.51	1216.29
600.71	1224.32
600.91	1222.47
601.11	1218.81
601.31	1219.91
601.51	1222.00
601.71	1225.59
601.91	1222.06
602.10	1217.25
602.30	1225.48
602.50	1217.62
602.70	1227.04
602.90	1226.92
603.10	1230.05
603.30	1220.36
603.50	1227.41
603.70	1220.81
603.90	1224.13
604.10	1216.70
604.30	1227.27
604.49	1223.09
604.69	1223.31
604.89	1220.67
605.09	1226.98
605.29	1224.64
605.49	1222.43
605.69	1217.68
605.89	1226.47
606.09	1220.32
606.29	1218.58
606.48	1219.81
606.68	1224.46
606.88	1216.84
607.08	1226.34
607.28	1225.59
607.48	1228.08
607.68	1221.82
607.88	1222.53
608.08	1228.58
608.27	1221.96
608.47	1213.79
608.67	1223.01
608.87	1217.93
609.07	1228.23
609.27	1216.19
609.47	1230.03
609.67	1214.47
609.87	1225.22
610.06	1219.97
610.26	1223.48
610.46	1219.24
610.66	1223.21
610.86	1224.69
611.06	1228.02
611.26	1220.18
611.45	1225.57
611.65	1219.97
611.85	1222.97
612.05	1212.52
612.25	1227.76
612.45	1217.60
612.65	1225.75
612.84	1219.75
613.04	1222.35
613.24	1220.57
613.44	1223.01
613.64	1216.82
613.84	1228.92
614.04	1220.94
614.23	1227.92
614.43	1212.95
614.63	1228.60
614.83	1218.75
615.03	1230.56
615.23	1222.68
615.42	1218.62
615.62	1217.87
615.82	1220.38
616.02	1217.25
616.22	1224.95
616.42	1219.32
616.61	1227.29
616.81	1211.82
617.01	1224.93
617.21	1216.90
617.41	1217.87
617.61	1216.72
617.80	1223.03
618.00	1219.09
618.20	1222.47
618.40	1221.29
618.60	1219.11
618.80	1219.07
618.99	1222.13
619.19	1221.02
619.39	1229.56
619.59	1224.87
619.79	1224.26
619.98	1216.15
620.18	1220.88
620.38	1225.75
620.58	1222.90
620.78	1219.83
620.97	1221.27
621.17	1220.75
621.37	1228.90
621.57	1219.11
621.77	1228.88
621.96	1218.58
622.16	1219.75
622.36	1217.62
622.56	1222.19
622.76	1218.75
622.95	1223.35
623.15	1212.89
623.35	1220.57
623.55	1217.89
623.75	1231.63
623.94	1211.13
624.14	1223.29
624.34	1215.02
624.54	1229.09
624.73	1226.45
624.93	1230.52
625.13	1216.62
625.33	1226.14
625.53	1213.05
625.72	1223.78
625.92	1219.24
626.12	1225.32
626.32	1211.23
626.51	1225.61
626.71	1219.54
626.91	1229.78
627.11	1218.99
627.30	1226.79
627.50	1210.04
627.70	1225.34
627.90	1216.39
628.10	1223.11
628.29	1212.23
628.49	1228.02
628.69	1221.02
628.89	1222.23
629.08	1218.28
629.28	1217.48
629.48	1211.27
629.68	1224.09
629.87	1219.83
630.07	1225.67
630.27	1210.70
630.47	1222.68
630.66	1217.37
630.86	1216.08
631.06	1218.91
631.25	1225.20
631.45	1219.07
631.65	1225.69
631.85	1214.81
632.04	1225.77
632.24	1220.47
632.44	1224.58
632.64	1210.02
632.83	1222.00
633.03	1221.90
633.23	1221.43
633.42	1218.09
633.62	1215.08
633.82	1218.25
634.02	1224.26
634.21	1221.67
634.41	1225.18
634.61	1213.59
634.81	1228.39
635.00	1219.40
635.20	1225.55
635.40	1214.73
635.59	1226.96
635.79	1218.07
635.99	1221.80
636.18	1217.76
636.38	1230.28
636.58	1220.28
636.78	1226.88
636.97	1220.69
637.17	1225.38
637.37	1217.17
637.56	1228.39
637.76	1212.79
637.96	1222.94
638.15	1224.26
638.35	1223.56
638.55	1217.62
638.74	1227.27
638.94	1222.53
639.14	1225.89
639.34	1226.94
639.53	1223.89
639.73	1223.01
639.93	1221.63
640.12	1219.40
640.32	1222.47
640.52	1225.63
640.71	1217.05
640.91	1214.98
641.11	1226.18
641.30	1217.23
641.50	1225.98
641.70	1217.54
641.89	1222.00
642.09	1215.90
642.29	1220.92
642.48	1213.44
642.68	1225.98
642.88	1218.34
643.07	1221.20
643.27	1225.46
643.47	1225.85
643.66	1224.13
643.86	1228.41
644.06	1224.85
644.25	1225.46
644.45	1221.76
644.65	1225.48
644.84	1213.56
645.04	1221.27
645.23	1219.89
645.43	1218.68
645.63	1209.63
645.82	1216.15
646.02	1223.42
646.22	1225.16
646.41	1222.56
646.61	1224.56
646.81	1218.03
647.00	1230.44
647.20	1218.09
647.39	1222.92
647.59	1215.61
647.79	1224.60
647.98	1217.35
648.18	1223.33
648.38	1221.39
648.57	1227.31
648.77	1212.85
648.96	1217.99
649.16	1218.03
649.36	1224.81
649.55	1209.63
649.75	1226.20
649.95	1221.06
650.14	1222.62
650.34	1216.68
650.53	1223.58
650.73	1221.43
650.93	1226.59
651.12	1215.29
651.32	1225.85
651.51	1216.10
651.71	1227.88
651.91	1214.18
652.10	1224.42
652.30	1220.98
652.49	1220.51
652.69	1220.18
652.89	1226.90
653.08	1220.18
653.28	1222.10
653.47	1222.92
653.67	1228.43
653.86	1217.42
654.06	1224.73
654.26	1215.53
654.45	1218.32
654.65	1213.91
654.84	1222.92
655.04	1219.87
655.24	1223.19
655.43	1214.69
655.63	1222.35
655.82	1217.99
656.02	1221.20
656.21	1216.62
656.41	1233.61
656.61	1220.92
656.80	1228.15
657.00	1217.48
657.19	1223.07
657.39	1216.88
657.58	1222.23
657.78	1221.02
657.97	1226.61
658.17	1221.29
658.37	1221.88
658.56	1204.06
658.76	1235.03
658.95	1217.93
659.15	1228.99
659.34	1222.27
659.54	1226.79
659.73	1218.91
659.93	1226.88
660.13	1224.89
660.32	1223.44
660.52	1221.12
660.71	1224.97
660.91	1221.16
661.10	1228.39
661.30	1216.10
661.49	1225.63
661.69	1213.32
661.88	1218.30
662.08	1215.02
662.27	1223.50
662.47	1222.21
662.66	1223.19
662.86	1210.39
663.06	1225.89
663.25	1222.92
663.45	1226.65
663.64	1221.96
663.84	1221.02
664.03	1214.36
664.23	1217.64
664.42	1216.27
664.62	1219.52
664.81	1220.18
665.01	1222.10
665.20	1211.00
665.40	1221.22
665.59	1217.56
665.79	1226.59
665.98	1217.78
666.18	1228.15
666.37	1224.30
666.57	1215.33
666.76	1213.77
666.96	1222.15
667.15	1218.44
667.35	1227.59
667.54	1214.79
667.74	1242.56
667.93	1225.36
668.13	1228.90
668.32	1215.39
668.52	1224.99
668.71	1219.63
668.91	1223.91
669.10	1214.88
669.30	1226.53
669.49	1224.79
669.68	1222.99
669.88	1218.66
670.07	1224.91
670.27	1209.90
670.46	1219.18
670.66	1217.42
670.85	1230.58
671.05	1217.39
671.24	1231.14
671.44	1224.66
671.63	1220.61
671.83	1219.11
672.02	1220.69
672.22	1219.67
672.41	1220.10
672.60	1220.47
672.80	1225.16
672.99	1214.79
673.19	1227.57
673.38	1222.47
673.58	1232.22
673.77	1220.28
673.97	1226.90
674.16	1228.47
674.36	1227.29
674.55	1218.36
674.74	1227.41
674.94	1218.21
675.13	1227.31
675.33	1218.81
675.52	1223.93
675.72	1217.62
675.91	1225.12
676.10	1217.13
676.30	1220.79
676.49	1216.39
676.69	1222.33
676.88	1222.62
677.08	1231.69
677.27	1215.51
677.46	1225.89
677.66	1220.92
677.85	1219.61
678.05	1223.09
678.24	1228.95
678.44	1217.09
678.63	1224.13
678.82	1213.40
679.02	1228.95
679.21	1219.18
679.41	1227.45
679.60	1214.18
679.79	1229.33
679.99	1220.59
680.18	1225.48
680.38	1214.47
680.57	1228.95
680.76	1218.03
680.96	1218.81
681.15	1213.03
681.35	1224.48
681.54	1218.13
681.73	1223.64
681.93	1214.49
682.12	1217.68
682.32	1219.85
682.51	1226.28
682.70	1223.93
682.90	1224.73
683.09	1221.08
683.29	1224.77
683.48	1213.71
683.67	1225.03
683.87	1221.84
684.06	1229.74
684.25	1219.85
684.45	1230.58
684.64	1220.69
684.84	1219.61
685.03	1222.10
685.22	1224.44
685.42	1210.66
685.61	1224.28
685.80	1218.05
686.00	1226.49
686.19	1226.02
686.38	1225.55
686.58	1216.00
686.77	1228.60
686.96	1220.22
687.16	1222.37
687.35	1223.13
687.55	1219.09
687.74	1220.79
687.93	1222.84
688.13	1213.26
688.32	1222.06
688.51	1221.88
688.71	1222.45
688.90	1220.94
689.09	1225.89
689.29	1223.25
689.48	1216.10
689.67	1220.96
689.87	1227.39
690.06	1216.21
690.25	1222.92
690.45	1216.37
690.64	1221.98
690.83	1222.82
691.03	1225.79
691.22	1213.75
691.41	1223.48
691.61	1215.31
691.80	1230.93
691.99	1223.87
692.19	1232.69
692.38	1217.23
692.57	1221.31
692.76	1223.23
692.96	1225.69
693.15	1216.29
693.34	1218.58
693.54	1220.67
693.73	1229.81
693.92	1223.76
694.12	1226.63
694.31	1210.21
694.50	1216.70
694.70	1215.04
694.89	1222.39
695.08	1219.93
695.27	1224.19
695.47	1218.28
695.66	1223.85
695.85	1217.13
696.05	1233.39
696.24	1217.74
696.43	1228.60
696.62	1224.17
696.82	1230.42
697.01	1216.62
697.20	1236.19
697.40	1222.94
697.59	1225.93
697.78	1217.91
697.97	1218.46
698.17	1217.99
698.36	1222.00
698.55	1224.28
698.74	1230.28
698.94	1219.24
699.13	1228.74
699.32	1217.62
699.52	1223.87
699.71	1218.15
699.90	1230.42
700.09	1225.05
700.29	1224.87
700.48	1221.94
700.67	1222.97
700.86	1216.31
701.06	1222.97
701.25	1217.68
701.44	1226.45
701.63	1221.57
701.83	1223.05
702.02	1216.96
702.21	1226.84
702.40	1219.05
702.60	1221.63
702.79	1226.16
702.98	1222.84
703.17	1222.08
703.37	1229.01
703.56	1218.62
703.75	1230.19
703.94	1211.48
704.13	1223.15
704.33	1219.65
704.52	1225.96
704.71	1224.50
704.90	1230.30
705.10	1226.00
705.29	1227.61
705.48	1219.79
705.67	1228.13
705.86	1213.83
706.06	1228.80
706.25	1219.57
706.44	1226.75
706.63	1217.89
706.83	1226.06
707.02	1222.19
707.21	1220.36
707.40	1212.27
707.59	1227.41
707.79	1208.30
707.98	1225.44
708.17	1220.34
708.36	1225.73
708.55	1213.81
708.75	1217.87
708.94	1221.53
709.13	1236.11
709.32	1220.20
709.51	1223.46
709.71	1223.07
709.90	1232.57
710.09	1214.98
710.28	1221.88
710.47	1209.67
710.66	1221.12
710.86	1218.30
711.05	1225.79
711.24	1215.08
711.43	1222.84
711.62	1217.80
711.82	1224.40
712.01	1220.00
712.20	1215.80
712.39	1219.85
712.58	1226.45
712.77	1219.11
712.97	1224.62
713.16	1220.90
713.35	1229.72
713.54	1222.00
713.73	1218.34
713.92	1223.07
714.11	1221.92
714.31	1217.95
714.50	1218.81
714.69	1219.59
714.88	1219.87
715.07	1219.36
715.26	1226.18
715.46	1210.31
715.65	1222.99
715.84	1214.73
716.03	1224.17
716.22	1215.16
716.41	1226.96
716.60	1213.97
716.80	1222.78
716.99	1214.16
717.18	1220.69
717.37	1213.36
717.56	1224.07
717.75	1223.93
717.94	1233.10
718.13	1222.23
718.33	1220.20
718.52	1215.90
718.71	1224.83
718.90	1222.21
719.09	1229.52
719.28	1216.62
719.47	1234.17
719.66	1219.81
719.85	1224.79
720.05	1215.74
720.24	1222.99
720.43	1221.14
720.62	1221.31
720.81	1213.83
721.00	1229.25
721.19	1219.18
721.38	1226.69
721.57	1210.12
721.77	1226.18
721.96	1216.39
722.15	1229.09
722.34	1218.87
722.53	1227.92
722.72	1216.74
722.91	1216.86
723.10	1221.98
723.29	1231.26
723.48	1211.09
723.67	1229.91
723.87	1228.45
724.06	1227.82
724.25	1220.26
724.44	1224.75
724.63	1217.66
724.82	1223.52
725.01	1211.78
725.20	1222.80
725.39	1216.76
725.58	1222.88
725.77	1219.79
725.96	1218.07
726.15	1223.37
726.34	1229.31
726.54	1221.94
726.73	1221.45
726.92	1214.14
727.11	1221.08
727.30	1224.11
727.49	1225.50
727.68	1210.62
727.87	1224.66
728.06	1223.23
728.25	1225.81
728.44	1219.89
728.63	1223.48
728.82	1221.04
729.01	1229.13
729.20	1226.04
729.39	1223.11
729.58	1218.91
729.77	1226.69
729.96	1219.14
730.15	1223.68
730.34	1219.11
730.53	1228.58
730.73	1220.34
730.92	1223.89
731.11	1222.04
731.30	1223.21
731.49	1223.19
731.68	1218.50
731.87	1217.97
732.06	1222.21
732.25	1218.89
732.44	1224.54
732.63	1217.23
732.82	1221.98
733.01	1213.22
733.20	1222.70
733.39	1213.28
733.58	1218.34
733.77	1217.11
733.96	1230.38
734.15	1214.42
734.34	1226.08
734.53	1219.28
734.72	1226.67
734.91	1212.91
735.10	1220.24
735.29	1227.57
735.48	1224.15
735.67	1219.65
735.86	1228.64
736.05	1222.56
736.24	1219.03
736.43	1221.45
736.62	1222.72
736.81	1217.17
737.00	1241.91
737.19	1217.23
737.38	1220.84
737.57	1213.61
737.76	1225.26
737.95	1215.12
738.14	1226.16
738.33	1215.51
738.51	1221.57
738.70	1220.84
738.89	1228.60
739.08	1216.72
739.27	1226.86
739.46	1213.36
739.65	1221.96
739.84	1218.46
740.03	1222.21
740.22	1224.13
740.41	1226.96
740.60	1213.69
740.79	1224.85
740.98	1223.80
741.17	1219.91
741.36	1222.58
741.55	1215.96
741.74	1225.81
741.93	1226.65
742.12	1213.54
742.31	1223.66
742.50	1220.08
742.68	1233.74
742.87	1214.75
743.06	1222.51
743.25	1218.56
743.44	1217.44
743.63	1222.64
743.82	1222.45
744.01	1215.86
744.20	1226.10
744.39	1217.56
744.58	1221.53
744.77	1219.36
744.96	1222.39
745.14	1226.32
745.33	1226.73
745.52	1219.03
745.71	1230.64
745.90	1224.36
746.09	1220.20
746.28	1215.20
746.47	1224.79
746.66	1216.17
746.85	1221.08
747.04	1212.91
747.22	1221.00
747.41	1217.19
747.60	1226.96
747.79	1221.45
747.98	1221.67
748.17	1215.80
748.36	1223.37
748.55	1221.92
748.74	1225.57
748.93	1222.86
749.11	1222.66
749.30	1225.14
749.49	1227.14
749.68	1220.88
749.87	1213.13
750.06	1216.66
750.25	1225.09
750.44	1218.15
750.62	1227.14
750.81	1219.18
751.00	1220.67
751.19	1219.24
751.38	1224.99
751.57	1220.51
751.76	1223.31
751.95	1215.96
752.13	1220.94
752.32	1218.95
752.51	1222.17
752.70	1220.88
752.89	1220.49
753.08	1219.36
753.27	1226.08
753.45	1213.54
753.64	1229.58
753.83	1218.07
754.02	1232.73
754.21	1213.95
754.40	1225.57
754.58	1219.61
754.77	1222.60
754.96	1221.24
755.15	1233.92
755.34	1218.81
755.53	1218.95
755.71	1221.96
755.90	1225.48
756.09	1222.90
756.28	1226.51
756.47	1222.86
756.66	1225.36
756.84	1217.72
757.03	1225.16
757.22	1211.62
757.41	1222.41
757.60	1225.89
757.79	1228.80
757.97	1217.52
758.16	1223.83
758.35	1225.22
758.54	1226.26
758.73	1221.12
758.91	1228.19
759.10	1216.55
759.29	1227.16
759.48	1222.86
759.67	1219.42
759.85	1218.83
760.04	1221.94
760.23	1218.58
760.42	1218.75
760.61	1217.39
760.79	1222.23
760.98	1220.43
761.17	1225.71
761.36	1217.37
761.55	1227.27
761.73	1212.89
761.92	1227.45
762.11	1217.31
762.30	1219.34
762.49	1223.21
762.67	1226.90
762.86	1226.26
763.05	1228.60
763.24	1219.05
763.42	1226.34
763.61	1214.57
763.80	1227.51
763.99	1219.79
764.17	1222.97
764.36	1226.59
764.55	1225.75
764.74	1223.17
764.92	1225.01
765.11	1220.51
765.30	1222.56
765.49	1222.02
765.68	1226.18
765.86	1214.02
766.05	1223.11
766.24	1215.04
766.43	1232.16
766.61	1214.10
766.80	1225.61
766.99	1219.32
767.17	1219.11
767.36	1220.49
767.55	1221.16
767.74	1220.94
767.92	1223.46
768.11	1220.63
768.30	1220.94
768.49	1212.64
768.67	1228.84
768.86	1218.19
769.05	1221.70
769.24	1214.61
769.42	1219.24
769.61	1222.15
769.80	1227.59
769.98	1224.71
770.17	1225.57
770.36	1214.55
770.55	1230.69
770.73	1217.48
770.92	1224.42
771.11	1214.65
771.29	1224.60
771.48	1218.81
771.67	1221.33
771.86	1218.07
772.04	1221.53
772.23	1217.54
772.42	1219.42
772.60	1214.57
772.79	1231.26
772.98	1224.28
773.16	1224.89
773.35	1219.89
773.54	1229.33
773.72	1220.06
773.91	1229.48
774.10	1228.17
774.29	1223.76
774.47	1219.24
774.66	1219.95
774.85	1211.97
775.03	1233.43
775.22	1218.71
775.41	1226.14
775.59	1212.42
775.78	1229.97
775.97	1223.95
776.15	1219.11
776.34	1220.32
776.53	1227.43
776.71	1218.19
776.90	1223.70
777.09	1214.94
777.27	1224.64
777.46	1214.94
777.65	1225.55
777.83	1212.01
778.02	1224.07
778.21	1215.37
778.39	1221.41
778.58	1216.96
778.76	1224.89
778.95	1216.88
779.14	1221.63
779.32	1215.08
779.51	1228.90
779.70	1217.52
779.88	1226.88
780.07	1217.42
780.26	1223.58
780.44	1215.88
780.63	1231.42
780.81	1219.52
781.00	1215.76
781.19	1214.22
781.37	1220.79
781.56	1215.69
781.75	1226.18
781.93	1220.90
782.12	1226.14
782.30	1215.61
782.49	1220.92
782.68	1216.94
782.86	1226.61
783.05	1224.05
783.23	1225.71
783.42	1216.33
783.61	1224.93
783.79	1210.84
783.98	1224.05
784.16	1221.76
784.35	1228.90
784.54	1219.93
784.72	1221.00
784.91	1213.85
785.09	1219.54
785.28	1216.02
785.47	1222.45
785.65	1223.07
785.84	1225.50
786.02	1217.52
786.21	1223.27
786.40	1222.45
786.58	1227.57
786.77	1212.11
786.95	1224.26
787.14	1228.04
787.32	1233.08
787.51	1227.04
787.70	1224.23
787.88	1220.73
788.07	1226.77
788.25	1210.31
788.44	1228.49
788.62	1220.00
788.81	1224.42
789.00	1213.52
789.18	1219.03
789.37	1213.99
789.55	1226.08
789.74	1210.12
789.92	1227.39
790.11	1215.57
790.29	1225.59
790.48	1210.14
790.67	1224.13
790.85	1217.35
791.04	1221.04
791.22	1218.95
791.41	1226.98
791.59	1213.07
791.78	1224.26
791.96	1212.70
792.15	1220.90
792.33	1220.49
792.52	1223.40
792.70	1220.63
792.89	1222.97
793.07	1219.16
793.26	1219.01
793.45	1217.64
793.63	1221.10
793.82	1223.25
794.00	1229.68
794.19	1215.47
794.37	1219.22
794.56	1217.01
794.74	1223.27
794.93	1217.44
795.11	1235.11
795.30	1222.04
795.48	1225.14
795.67	1217.89
795.85	1224.05
796.04	1221.49
796.22	1227.98
796.41	1221.78
796.59	1228.80
796.78	1218.87
796.96	1225.26
797.15	1217.74
797.33	1220.34
797.52	1216.27
797.70	1222.70
797.89	1212.44
798.07	1222.68
798.26	1212.75
798.44	1221.59
798.63	1215.80
798.81	1220.34
798.99	1216.92
799.18	1222.41
799.36	1216.19
799.55	1224.81
799.73	1222.35
799.92	1229.68
800.10	1214.28
800.29	1230.05
800.47	1223.97
800.66	1227.25
800.84	1216.86
801.03	1222.58
801.21	1208.87
801.39	1227.16
801.58	1214.55
801.76	1224.97
801.95	1212.87
802.13	1229.11
802.32	1219.44
802.50	1228.92
802.69	1217.07
802.87	1218.32
803.06	1220.04
803.24	1218.52
803.42	1220.61
803.61	1223.17
803.79	1214.83
803.98	1220.36
804.16	1222.06
804.35	1227.10
804.53	1214.61
804.71	1226.28
804.90	1218.30
805.08	1223.89
805.27	1216.12
805.45	1222.56
805.63	1216.84
805.82	1220.79
806.00	1217.70
806.19	1226.65
806.37	1222.76
806.56	1221.67
806.74	1210.25
806.92	1220.98
807.11	1220.08
807.29	1219.81
807.48	1212.91
807.66	1222.31
807.84	1215.45
808.03	1223.31
808.21	1209.22
808.40	1222.51
808.58	1215.78
808.76	1229.87
808.95	1222.25
809.13	1227.55
809.32	1223.74
809.50	1224.91
809.68	1226.41
809.87	1230.44
810.05	1222.74
810.23	1227.47
810.42	1214.55
810.60	1218.09
810.79	1216.86
810.97	1224.97
811.15	1222.02
811.34	1219.59
811.52	1218.23
811.70	1220.16
811.89	1216.62
812.07	1220.47
812.25	1217.64
812.44	1225.32
812.62	1212.85
812.81	1223.95
812.99	1216.33
813.17	1222.51
813.36	1214.36
813.54	1224.21
813.72	1214.02
813.91	1225.24
814.09	1214.59
814.27	1224.34
814.46	1226.84
814.64	1220.47
814.82	1219.73
815.01	1222.58
815.19	1216.70
815.37	1221.47
815.56	1225.48
815.74	1223.68
815.92	1222.04
816.11	1222.23
816.29	1215.22
816.47	1222.47
816.66	1218.66
816.84	1217.44
817.02	1216.78
817.21	1218.71
817.39	1221.10
817.57	1223.42
817.76	1213.46
817.94	1232.00
818.12	1220.00
818.30	1225.87
818.49	1219.11
818.67	1229.83
818.85	1219.01
819.04	1227.70
819.22	1223.48
819.40	1224.97
819.59	1217.91
819.77	1231.53
819.95	1220.55
820.13	1225.65
820.32	1222.62
820.50	1223.99
820.68	1225.50
820.87	1227.37
821.05	1217.31
821.23	1231.01
821.41	1222.66
821.60	1223.74
821.78	1221.18
821.96	1223.66
822.14	1215.06
822.33	1219.59
822.51	1215.37
822.69	1229.03
822.88	1223.13
823.06	1225.38
823.24	1220.02
823.42	1212.23
823.61	1218.66
823.79	1226.63
823.97	1220.86
824.15	1221.35
824.34	1220.84
824.52	1230.05
824.70	1220.79
824.88	1227.20
825.07	1221.80
825.25	1222.92
825.43	1219.77
825.61	1221.35
825.80	1219.50
825.98	1225.98
826.16	1222.29
826.34	1213.97
826.53	1213.34
826.71	1223.05
826.89	1222.06
827.07	1224.07
827.25	1220.02
827.44	1223.01
827.62	1214.94
827.80	1226.84
827.98	1216.17
828.17	1228.80
828.35	1216.06
828.53	1233.76
828.71	1218.83
828.89	1222.84
829.08	1218.66
829.26	1227.51
829.44	1212.62
829.62	1226.10
829.80	1214.18
829.99	1221.59
830.17	1225.73
830.35	1227.86
830.53	1222.47
830.71	1229.78
830.90	1219.16
831.08	1228.97
831.26	1208.24
831.44	1225.63
831.62	1217.27
831.81	1223.01
831.99	1223.78
832.17	1227.53
832.35	1214.18
832.53	1222.60
832.71	1209.63
832.90	1230.17
833.08	1219.24
833.26	1226.47
833.44	1218.46
833.62	1224.19
833.81	1220.16
833.99	1221.45
834.17	1214.49
834.35	1218.52
834.53	1222.58
834.71	1219.14
834.89	1227.65
835.08	1222.23
835.26	1217.48
835.44	1227.94
835.62	1224.95
835.80	1225.59
835.98	1222.70
836.17	1221.92
836.35	1212.52
836.53	1226.18
836.71	1211.78
836.89	1218.85
837.07	1218.42
837.25	1223.64
837.44	1211.52
837.62	1219.79
837.80	1220.69
837.98	1223.68
838.16	1222.21
838.34	1224.05
838.52	1219.22
838.70	1224.66
838.89	1220.04
839.07	1228.70
839.25	1218.13
839.43	1229.21
839.61	1216.84
839.79	1219.28
839.97	1229.25
840.15	1222.49
840.33	1216.92
840.52	1229.19
840.70	1223.05
840.88	1225.09
841.06	1219.44
841.24	1226.06
841.42	1221.16
841.60	1223.74
841.78	1222.84
841.96	1225.44
842.14	1218.36
842.33	1229.76
842.51	1223.15
842.69	1227.74
842.87	1219.18
843.05	1229.13
843.23	1224.48
843.41	1229.48
843.59	1228.06
843.77	1224.89
843.95	1219.36
844.13	1225.05
844.31	1225.05
844.49	1219.91
844.68	1219.40
844.86	1224.15
845.04	1219.44
845.22	1229.85
845.40	1215.67
845.58	1227.86
845.76	1225.61
845.94	1225.22
846.12	1218.44
846.30	1218.87
846.48	1213.79
846.66	1227.04
846.84	1219.50
847.02	1224.09
847.20	1220.55
847.38	1224.52
847.56	1214.81
847.74	1230.38
847.92	1221.72
848.11	1228.33
848.29	1219.91
848.47	1225.71
848.65	1221.00
848.83	1222.08
849.01	1215.29
849.19	1231.12
849.37	1217.87
849.55	1220.26
849.73	1219.44
849.91	1230.07
850.09	1216.55
850.27	1228.29
850.45	1227.57
850.63	1228.72
850.81	1212.01
850.99	1226.55
851.17	1226.18
851.35	1222.80
851.53	1211.91
851.71	1228.37
851.89	1225.73
852.07	1226.53
852.25	1227.06
852.43	1223.42
852.61	1222.43
852.79	1223.31
852.97	1220.10
853.15	1225.61
853.33	1214.90
853.51	1227.43
853.69	1216.45
853.87	1235.42
854.05	1221.41
854.23	1230.54
854.41	1220.90
854.59	1228.64
854.77	1222.76
854.95	1221.78
855.13	1218.50
855.31	1227.12
855.49	1222.99
855.67	1224.81
855.84	1218.11
856.02	1228.02
856.20	1218.62
856.38	1228.08
856.56	1222.19
856.74	1221.27
856.92	1222.56
857.10	1225.34
857.28	1218.58
857.46	1229.97
857.64	1220.34
857.82	1232.04
858.00	1221.18
858.18	1226.67
858.36	1211.17
858.54	1223.72
858.72	1221.84
858.90	1223.07
859.08	1218.91
859.25	1223.46
859.43	1223.72
859.61	1223.99
859.79	1224.52
859.97	1232.28
860.15	1223.76
860.33	1229.11
860.51	1219.40
860.69	1224.87
860.87	1216.82
861.05	1229.31
861.23	1217.05
861.41	1227.98
861.58	1217.68
861.76	1231.51
861.94	1220.59
862.12	1230.79
862.30	1223.76
862.48	1226.41
862.66	1217.15
862.84	1225.09
863.02	1221.53
863.20	1227.43
863.37	1222.33
863.55	1227.29
863.73	1226.57
863.91	1225.32
864.09	1215.12
864.27	1224.32
864.45	1225.85
864.63	1223.07
864.80	1222.47
864.98	1229.62
865.16	1226.63
865.34	1227.59
865.52	1224.77
865.70	1218.99
865.88	1219.50
866.06	1226.88
866.23	1222.99
866.41	1227.55
866.59	1218.99
866.77	1235.38
866.95	1226.73
867.13	1232.53
867.31	1227.88
867.48	1232.77
867.66	1224.23
867.84	1232.24
868.02	1224.36
868.20	1227.96
868.38	1218.85
868.56	1239.25
868.73	1216.35
868.91	1226.65
869.09	1218.56
869.27	1231.57
869.45	1221.18
869.63	1234.86
869.80	1233.31
869.98	1227.98
870.16	1229.72
870.34	1240.64
870.52	1228.08
870.70	1230.62
870.87	1228.88
871.05	1236.48
871.23	1236.71
871.41	1237.01
871.59	1226.96
871.76	1245.00
871.94	1232.26
872.12	1235.68
872.30	1224.75
872.48	1241.66
872.65	1237.94
872.83	1239.76
873.01	1232.00
873.19	1244.24
873.37	1234.74
873.54	1239.00
873.72	1225.30
873.90	1246.00
874.08	1236.34
874.26	1244.16
874.43	1238.43
874.61	1245.88
874.79	1237.94
874.97	1243.79
875.15	1240.74
875.32	1251.53
875.50	1241.36
875.68	1254.03
875.86	1246.17
876.03	1245.10
876.21	1243.26
876.39	1249.28
876.57	1242.07
876.74	1249.98
876.92	1238.80
877.10	1250.67
877.28	1243.55
877.45	1249.83
877.63	1243.67
877.81	1248.59
877.99	1238.16
878.17	1253.38
878.34	1242.63
878.52	1253.83
878.70	1246.80
878.87	1249.98
879.05	1245.19
879.23	1251.43
879.41	1238.73
879.58	1251.33
879.76	1245.68
879.94	1251.29
880.12	1244.10
880.29	1250.88
880.47	1246.95
880.65	1248.28
880.83	1245.94
881.00	1247.95
881.18	1242.54
881.36	1254.81
881.53	1244.04
881.71	1252.15
881.89	1244.26
882.07	1251.10
882.24	1256.90
882.42	1257.70
882.60	1260.05
882.77	1260.61
882.95	1251.94
883.13	1281.72
883.30	1271.48
883.48	1287.72
883.66	1279.16
883.84	1291.51
884.01	1300.97
884.19	1318.81
884.37	1327.08
884.54	1369.07
884.72	1408.33
884.90	1470.97
885.07	1565.26
885.25	1693.04
885.43	1830.09
885.60	2010.57
885.78	2195.42
885.96	2391.68
886.13	2584.58
886.31	2793.25
886.49	2993.33
886.66	3188.30
886.84	3361.78
887.02	3558.90
887.19	3704.88
887.37	3892.10
887.55	4056.33
887.72	4179.00
887.90	4332.52
888.08	4498.04
888.25	4596.03
888.43	4706.54
888.61	4847.05
888.78	4901.22
888.96	5009.41
889.14	5057.93
889.31	5208.66
889.49	5265.63
889.67	5335.41
889.84	5387.76
890.02	5427.18
890.19	5430.60
890.37	5425.81
890.55	5359.45
890.72	5340.00
890.90	5244.34
891.08	5110.95
891.25	4954.08
891.43	4757.23
891.60	4560.48
891.78	4313.72
891.96	4083.81
892.13	3818.95
892.31	3601.97
892.48	3352.91
892.66	3137.59
892.84	2937.73
893.01	2783.76
893.19	2614.17
893.36	2500.94
893.54	2372.10
893.72	2282.91
893.89	2185.45
894.07	2137.10
894.24	2082.21
894.42	2048.26
894.60	1982.45
894.77	1957.12
894.95	1922.74
895.12	1905.49
895.30	1853.82
895.48	1842.00
895.65	1802.60
895.83	1793.88
896.00	1762.87
896.18	1749.42
896.35	1727.87
896.53	1718.39
896.71	1698.85
896.88	1688.61
897.06	1672.64
897.23	1652.22
897.41	1632.11
897.58	1626.48
897.76	1606.57
897.93	1606.16
898.11	1576.73
898.29	1563.44
898.46	1548.20
898.64	1539.77
898.81	1513.18
898.99	1515.87
899.16	1492.91
899.34	1481.34
899.51	1471.98
899.69	1464.46
899.86	1454.49
900.04	1447.14
900.21	1437.10
900.39	1441.16
900.57	1439.03
900.74	1435.67
900.92	1432.21
901.09	1443.16
901.27	1439.09
901.44	1450.47
901.62	1451.83
901.79	1465.36
901.97	1472.74
902.14	1493.67
902.32	1496.86
902.49	1508.98
902.67	1506.57
902.84	1533.01
903.02	1520.02
903.19	1530.53
903.37	1525.22
903.54	1531.10
903.72	1520.80
903.89	1523.57
904.07	1518.08
904.24	1503.80
904.42	1493.83
904.59	1491.99
904.77	1478.26
904.94	1470.93
905.12	1454.45
905.29	1449.00
905.47	1434.42
905.64	1416.52
905.82	1401.69
905.99	1399.50
906.16	1389.12
906.34	1376.60
906.51	1360.71
906.69	1357.89
906.86	1337.41
907.04	1343.18
907.21	1332.00
907.39	1326.82
907.56	1310.95
907.74	1310.78
907.91	1300.46
908.09	1302.55
908.26	1294.40
908.43	1298.78
908.61	1288.36
908.78	1291.14
908.96	1282.83
909.13	1297.65
909.31	1278.12
909.48	1287.35
909.65	1271.83
909.83	1271.58
910.00	1255.49
910.18	1264.60
910.35	1246.31
910.53	1245.29
910.70	1239.25
910.87	1244.12
911.05	1232.67
911.22	1239.76
911.40	1231.98
911.57	1241.11
911.75	1228.82
911.92	1235.38
912.09	1232.32
912.27	1238.37
912.44	1235.31
912.62	1237.14
912.79	1224.48
912.96	1233.94
913.14	1233.80
913.31	1233.66
913.49	1228.13
913.66	1232.32
913.83	1233.37
914.01	1235.81
914.18	1227.16
914.36	1235.60
914.53	1230.15
914.70	1233.59
914.88	1234.99
915.05	1233.55
915.22	1233.14
915.40	1228.11
915.57	1228.02
915.75	1235.89
915.92	1225.40
916.09	1238.51
916.27	1234.56
916.44	1230.60
916.61	1222.49
916.79	1232.18
916.96	1232.26
917.13	1234.97
917.31	1231.03
917.48	1235.81
917.66	1227.94
917.83	1239.10
918.00	1229.09
918.18	1238.30
918.35	1231.63
918.52	1237.67
918.70	1223.13
918.87	1235.27
919.04	1224.01
919.22	1236.28
919.39	1221.76
919.56	1228.37
919.74	1229.52
919.91	1230.44
920.08	1228.25
920.26	1233.84
920.43	1232.45
920.60	1227.41
920.78	1231.07
920.95	1230.21
921.12	1220.12
921.29	1225.01
921.47	1222.51
921.64	1226.34
921.81	1225.83
921.99	1229.99
922.16	1217.19
922.33	1227.80
922.51	1231.22
922.68	1233.92
922.85	1221.51
923.03	1229.21
923.20	1221.53
923.37	1238.26
923.54	1214.06
923.72	1225.48
923.89	1222.78
924.06	1225.67
924.24	1221.06
924.41	1229.66
924.58	1218.09
924.75	1231.18
924.93	1223.83
925.10	1226.75
925.27	1220.61
925.44	1228.25
925.62	1221.57
925.79	1228.43
925.96	1226.14
926.14	1219.50
926.31	1223.91
926.48	1231.55
926.65	1220.67
926.83	1230.44
927.00	1224.50
927.17	1229.29
927.34	1221.82
927.52	1228.97
927.69	1223.97
927.86	1238.71
928.03	1223.83
928.21	1226.00
928.38	1220.06
928.55	1227.63
928.72	1230.05
928.89	1232.34
929.07	1223.23
929.24	1223.19
929.41	1215.37
929.58	1231.42
929.76	1221.78
929.93	1223.21
930.10	1230.13
930.27	1220.94
930.44	1225.75
930.62	1226.41
930.79	1218.60
930.96	1232.63
931.13	1221.41
931.31	1230.64
931.48	1221.06
931.65	1233.14
931.82	1225.48
931.99	1226.32
932.17	1220.04
932.34	1230.24
932.51	1225.44
932.68	1232.63
932.85	1220.24
933.03	1234.82
933.20	1224.13
933.37	1235.89
933.54	1223.11
933.71	1227.10
933.88	1221.90
934.06	1227.39
934.23	1225.48
934.40	1227.70
934.57	1219.81
934.74	1233.74
934.91	1224.50
935.09	1229.74
935.26	1220.79
935.43	1232.10
935.60	1222.88
935.77	1230.11
935.94	1227.82
936.12	1234.19
936.29	1219.71
936.46	1225.18
936.63	1225.05
936.80	1225.91
936.97	1225.89
937.14	1228.74
937.32	1223.11
937.49	1229.58
937.66	1223.97
937.83	1227.55
938.00	1211.76
938.17	1217.89
938.34	1220.69
938.52	1221.55
938.69	1217.80
938.86	1232.51
939.03	1221.72
939.20	1230.34
939.37	1225.50
939.54	1231.24
939.71	1224.09
939.89	1234.31
940.06	1220.98
940.23	1222.02
940.40	1216.45
940.57	1223.17
940.74	1217.44
940.91	1219.26
941.08	1217.29
941.25	1221.16
941.43	1212.73
941.60	1223.35
941.77	1217.31
941.94	1220.53
942.11	1218.60
942.28	1225.87
942.45	1221.94
942.62	1220.71
942.79	1217.54
942.96	1220.71
943.13	1217.74
943.30	1220.96
943.48	1224.05
943.65	1222.19
943.82	1220.32
943.99	1230.67
944.16	1221.08
944.33	1224.34
944.50	1218.99
944.67	1223.07
944.84	1224.05
945.01	1227.39
945.18	1220.51
945.35	1230.32
945.52	1220.63
945.69	1219.22
945.86	1222.21
946.03	1228.13
946.21	1215.47
946.38	1218.44
946.55	1219.40
946.72	1220.79
946.89	1223.50
947.06	1227.16
947.23	1219.69
947.40	1223.44
947.57	1221.06
947.74	1222.88
947.91	1219.40
948.08	1224.75
948.25	1216.74
948.42	1225.03
948.59	1220.26
948.76	1229.01
948.93	1215.86
949.10	1215.53
949.27	1218.66
949.44	1226.10
949.61	1212.87
949.78	1231.24
949.95	1219.93
950.12	1220.02
950.29	1220.00
950.46	1227.90
950.63	1215.06
950.80	1226.12
950.97	1210.76
951.14	1227.10
951.31	1216.10
951.48	1229.76
951.65	1224.71
951.82	1222.66
951.99	1219.52
952.16	1222.66
952.33	1221.94
952.50	1228.74
952.67	1215.02
952.84	1224.79
953.01	1212.66
953.18	1228.90
953.35	1222.58
953.52	1216.66
953.69	1219.59
953.86	1226.12
954.03	1222.72
954.20	1218.68
954.37	1219.69
954.54	1228.13
954.70	1222.47
954.87	1220.36
955.04	1218.54
955.21	1227.35
955.38	1220.06
955.55	1218.93
955.72	1218.62
955.89	1222.00
956.06	1220.38
956.23	1227.43
956.40	1210.90
956.57	1227.92
956.74	1215.43
956.91	1224.87
957.08	1225.44
957.25	1224.71
957.41	1226.20
957.58	1230.32
957.75	1210.94
957.92	1227.04
958.09	1217.93
958.26	1224.01
958.43	1214.57
958.60	1232.14
958.77	1216.39
958.94	1232.28
959.11	1221.84
959.27	1229.38
959.44	1219.11
959.61	1225.03
959.78	1221.10
959.95	1224.89
960.12	1214.10
960.29	1227.92
960.46	1218.71
960.63	1226.67
960.80	1220.51
960.96	1232.51
961.13	1220.94
961.30	1233.39
961.47	1219.77
961.64	1230.48
961.81	1221.49
961.98	1223.15
962.15	1215.31
962.31	1233.72
962.48	1217.03
962.65	1231.42
962.82	1214.67
962.99	1224.79
963.16	1216.74
963.33	1227.92
963.49	1221.84
963.66	1226.26
963.83	1217.78
964.00	1222.23
964.17	1210.64
964.34	1215.86
964.51	1218.95
964.67	1221.18
964.84	1223.27
965.01	1234.60
965.18	1211.58
965.35	1225.09
965.52	1217.31
965.68	1225.09
965.85	1221.61
966.02	1227.68
966.19	1221.94
966.36	1225.42
966.52	1221.31
966.69	1229.64
966.86	1213.83
967.03	1219.97
967.20	1224.03
967.37	1224.56
967.53	1221.49
967.70	1229.99
967.87	1220.20
968.04	1231.34
968.21	1214.90
968.37	1223.52
968.54	1217.85
968.71	1222.64
968.88	1216.84
969.05	1228.04
969.21	1213.01
969.38	1221.78
969.55	1217.85
969.72	1229.89
969.89	1223.05
970.05	1221.22
970.22	1216.70
970.39	1228.88
970.56	1215.96
970.72	1224.52
970.89	1219.85
971.06	1227.78
971.23	1219.73
971.39	1225.14
971.56	1217.54
971.73	1227.68
971.90	1212.01
972.07	1226.65
972.23	1223.50
972.40	1223.72
972.57	1222.37
972.74	1220.18
972.90	1223.54
973.07	1228.70
973.24	1216.78
973.40	1219.91
973.57	1222.99
973.74	1226.69
973.91	1216.29
974.07	1228.58
974.24	1211.62
974.41	1229.23
974.58	1220.75
974.74	1223.13
974.91	1226.67
975.08	1227.43
975.25	1218.87
975.41	1227.27
975.58	1221.86
975.75	1228.39
975.91	1214.77
976.08	1219.75
976.25	1212.81
976.42	1227.04
976.58	1216.86
976.75	1231.16
976.92	1214.92
977.08	1230.87
977.25	1216.27
977.42	1225.85
977.58	1213.52
977.75	1225.63
977.92	1221.45
978.08	1221.57
978.25	1223.66
978.42	1222.49
978.59	1217.66
978.75	1223.35
978.92	1213.18
979.09	1231.44
979.25	1219.67
979.42	1229.70
979.59	1220.26
979.75	1218.97
979.92	1219.11
980.09	1230.56
980.25	1218.36
980.42	1222.41
980.59	1214.77
980.75	1226.08
980.92	1216.19
981.09	1218.81
981.25	1213.48
981.42	1223.64
981.59	1214.65
981.75	1222.90
981.92	1216.33
982.08	1223.54
982.25	1212.75
982.42	1222.49
982.58	1208.92
982.75	1222.41
982.92	1216.04
983.08	1223.03
983.25	1217.64
983.42	1225.96
983.58	1220.20
983.75	1222.08
983.91	1215.39
984.08	1226.28
984.25	1218.32
984.41	1218.62
984.58	1215.33
984.74	1215.88
984.91	1218.34
985.08	1223.44
985.24	1220.55
985.41	1221.47
985.57	1217.66
985.74	1220.86
985.91	1221.04
986.07	1227.90
986.24	1220.02
986.40	1227.33
986.57	1216.78
986.74	1220.98
986.90	1225.91
987.07	1217.99
987.23	1216.29
987.40	1226.28
987.57	1222.17
987.73	1229.05
987.90	1214.14
988.06	1219.24
988.23	1219.87
988.39	1225.05
988.56	1212.77
988.73	1225.50
988.89	1212.34
989.06	1222.51
989.22	1221.70
989.39	1214.16
989.55	1225.30
989.72	1221.53
989.88	1216.51
990.05	1221.33
990.22	1214.30
990.38	1223.99
990.55	1211.70
990.71	1222.00
990.88	1220.69
991.04	1229.15
991.21	1218.28
991.37	1225.28
991.54	1229.27
991.70	1224.75
991.87	1218.28
992.03	1224.05
992.20	1221.41
992.36	1219.79
992.53	1219.48
992.69	1225.81
992.86	1223.87
993.03	1218.11
993.19	1225.22
993.36	1226.24
993.52	1219.32
993.69	1226.12
993.85	1218.58
994.02	1224.23
994.18	1222.97
994.35	1221.12
994.51	1214.83
994.68	1230.93
994.84	1224.11
995.01	1220.88
995.17	1216.78
995.34	1218.38
995.50	1217.44
995.66	1228.76
995.83	1217.25
995.99	1221.18
996.16	1218.05
996.32	1224.73
996.49	1218.36
996.65	1221.43
996.82	1216.02
996.98	1226.59
997.15	1219.26
997.31	1224.97
997.48	1221.86
997.64	1229.31
997.81	1214.22
997.97	1223.13
998.13	1211.25
998.30	1219.81
998.46	1215.29
998.63	1223.07
998.79	1209.63
998.96	1227.53
999.12	1219.75
999.29	1230.30
999.45	1222.29
999.61	1224.34
999.78	1212.89
999.94	1225.01
1000.11	1221.88
1000.27	1226.82
1000.44	1216.94
1000.60	1218.09
1000.76	1214.65
1000.93	1225.42
1001.09	1221.24
1001.26	1219.91
1001.42	1216.15
1001.59	1222.31
1001.75	1221.61
1001.91	1227.51
1002.08	1215.76
1002.24	1224.13
1002.41	1227.80
1002.57	1226.45
1002.73	1213.54
1002.90	1220.32
1003.06	1218.56
1003.23	1227.16
1003.39	1223.11
1003.55	1224.15
1003.72	1220.30
1003.88	1226.55
1004.04	1221.18
1004.21	1224.54
1004.37	1226.57
1004.54	1221.27
1004.70	1220.16
1004.86	1228.76
1005.03	1215.16
1005.19	1224.23
1005.35	1215.63
1005.52	1223.66
1005.68	1221.96
1005.85	1228.37
1006.01	1216.78
1006.17	1220.67
1006.34	1216.68
1006.50	1225.32
1006.66	1213.63
1006.83	1226.26
1006.99	1214.63
1007.15	1223.54
1007.32	1211.25
1007.48	1222.74
1007.64	1216.10
1007.81	1229.52
1007.97	1215.72
1008.13	1225.09
1008.30	1221.74
1008.46	1223.68
1008.62	1220.18
1008.79	1225.03
1008.95	1223.09
1009.11	1225.77
1009.28	1220.47
1009.44	1226.14
1009.60	1217.39
1009.77	1222.49
1009.93	1223.70
1010.09	1228.90
1010.25	1218.11
1010.42	1224.60
1010.58	1215.18
1010.74	1230.91
1010.91	1216.58
1011.07	1225.36
1011.23	1227.84
1011.40	1223.05
1011.56	1211.72
1011.72	1225.20
1011.88	1220.12
1012.05	1224.69
1012.21	1213.99
1012.37	1226.79
1012.54	1226.24
1012.70	1221.18
1012.86	1216.12
1013.02	1219.93
1013.19	1219.44
1013.35	1224.52
1013.51	1221.94
1013.67	1217.99
1013.84	1220.22
1014.00	1227.43
1014.16	1216.12
1014.33	1218.54
1014.49	1215.33
1014.65	1222.21
1014.81	1217.60
1014.98	1227.35
1015.14	1225.24
1015.30	1222.62
1015.46	1227.59
1015.62	1224.69
1015.79	1216.78
1015.95	1223.85
1016.11	1216.29
1016.27	1231.96
1016.44	1212.44
1016.60	1224.58
1016.76	1218.32
1016.92	1223.64
1017.09	1215.12
1017.25	1226.57
1017.41	1225.30
1017.57	1221.08
1017.73	1213.65
1017.90	1220.92
1018.06	1217.91
1018.22	1219.32
1018.38	1214.77
1018.54	1221.51
1018.71	1215.72
1018.87	1222.33
1019.03	1219.89
1019.19	1227.53
1019.35	1219.91
1019.52	1227.61
1019.68	1218.46
1019.84	1221.47
1020.00	1215.49
1020.16	1225.14
1020.33	1221.84
1020.49	1229.64
1020.65	1213.81
1020.81	1224.42
1020.97	1220.71
1021.13	1225.24
1021.30	1219.65
1021.46	1226.86
1021.62	1221.33
1021.78	1225.91
1021.94	1217.52
1022.10	1227.12
1022.27	1215.08
1022.43	1227.47
1022.59	1216.60
1022.75	1227.92
1022.91	1219.73
1023.07	1229.07
1023.24	1213.81
1023.40	1229.56
1023.56	1219.77
1023.72	1223.95
1023.88	1222.60
1024.04	1216.39
1024.20	1226.71
1024.36	1220.81
1024.53	1221.45
1024.69	1219.14
1024.85	1217.54
1025.01	1224.52
1025.17	1224.19
1025.33	1227.22
1025.49	1220.86
1025.65	1226.26
1025.82	1214.59
1025.98	1230.75
1026.14	1219.87
1026.30	1231.89
1026.46	1217.85
1026.62	1223.09
1026.78	1221.88
1026.94	1222.74
1027.10	1216.23
1027.26	1218.71
1027.43	1218.91
1027.59	1224.64
1027.75	1218.28
1027.91	1231.20
1028.07	1215.18
1028.23	1219.05
1028.39	1219.75
1028.55	1221.41
1028.71	1221.57
1028.87	1221.84
1029.03	1215.53
1029.19	1223.95
1029.36	1217.97
1029.52	1230.44
1029.68	1220.81
1029.84	1219.03
1030.00	1218.50
1030.16	1221.84
1030.32	1216.70
1030.48	1229.54
1030.64	1215.47
1030.80	1226.63
1030.96	1221.16
1031.12	1228.74
1031.28	1220.94
1031.44	1224.87
1031.60	1219.61
1031.76	1227.20
1031.92	1227.53
1032.08	1234.43
1032.24	1218.54
1032.40	1231.44
1032.56	1219.40
1032.73	1223.91
1032.89	1222.84
1033.05	1222.97
1033.21	1218.28
1033.37	1223.60
1033.53	1216.53
1033.69	1229.35
1033.85	1219.24
1034.01	1223.56
1034.17	1226.04
1034.33	1230.28
1034.49	1222.74
1034.65	1229.15
1034.81	1220.26
1034.97	1222.90
1035.13	1228.35
1035.29	1226.04
1035.45	1220.08
1035.61	1225.89
1035.77	1218.01
1035.93	1225.85
1036.09	1219.91
1036.25	1216.86
1036.41	1222.35
1036.57	1223.89
1036.73	1222.72
1036.88	1224.21
1037.04	1217.46
