345.52	1201.85
345.73	1201.85
345.94	1201.85
346.16	1198.82
346.37	1207.95
346.58	1208.63
346.79	1212.75
347.00	1207.24
347.22	1216.43
347.43	1206.99
347.64	1212.38
347.85	1202.44
348.06	1207.09
348.28	1204.80
348.49	1214.28
348.70	1206.70
348.91	1209.04
349.12	1206.36
349.34	1217.62
349.55	1209.69
349.76	1211.89
349.97	1201.69
350.18	1214.28
350.40	1219.59
350.61	1210.23
350.82	1208.61
351.03	1214.08
351.24	1202.57
351.46	1218.56
351.67	1208.14
351.88	1210.33
352.09	1214.04
352.30	1212.11
352.51	1206.48
352.73	1217.58
352.94	1211.09
353.15	1212.54
353.36	1204.84
353.57	1215.86
353.79	1212.38
354.00	1208.14
354.21	1206.95
354.42	1211.93
354.63	1212.81
354.84	1212.21
355.06	1210.10
355.27	1211.50
355.48	1209.06
355.69	1215.20
355.90	1206.99
356.11	1218.07
356.33	1203.10
356.54	1218.36
356.75	1211.15
356.96	1210.08
357.17	1204.96
357.38	1216.90
357.60	1210.88
357.81	1214.77
358.02	1209.28
358.23	1216.82
358.44	1211.70
358.65	1212.30
358.87	1206.70
359.08	1211.19
359.29	1204.29
359.50	1209.80
359.71	1207.58
359.92	1217.09
360.13	1209.96
360.35	1224.66
360.56	1213.36
360.77	1217.64
360.98	1205.39
361.19	1215.22
361.40	1215.86
361.62	1220.65
361.83	1205.11
362.04	1212.21
362.25	1212.23
362.46	1213.46
362.67	1213.71
362.88	1216.82
363.10	1205.74
363.31	1216.94
363.52	1203.55
363.73	1215.69
363.94	1204.25
364.15	1216.66
364.36	1210.72
364.57	1210.92
364.79	1204.29
365.00	1214.16
365.21	1207.42
365.42	1218.07
365.63	1215.90
365.84	1223.50
366.05	1205.68
366.27	1217.17
366.48	1206.95
366.69	1219.40
366.90	1213.65
367.11	1217.35
367.32	1213.40
367.53	1206.91
367.74	1211.99
367.95	1220.14
368.17	1210.21
368.38	1218.60
368.59	1212.42
368.80	1217.74
369.01	1200.83
369.22	1218.62
369.43	1210.19
369.64	1210.82
369.86	1209.98
370.07	1217.09
370.28	1201.91
370.49	1217.58
370.70	1213.61
370.91	1219.07
371.12	1207.99
371.33	1217.48
371.54	1205.74
371.76	1217.25
371.97	1209.12
372.18	1219.93
372.39	1211.64
372.60	1216.84
372.81	1211.78
373.02	1218.87
373.23	1212.36
373.44	1220.55
373.65	1203.67
373.87	1215.18
374.08	1202.24
374.29	1223.25
374.50	1212.23
374.71	1218.09
374.92	1212.64
375.13	1212.01
375.34	1208.01
375.55	1215.24
375.76	1207.67
375.97	1217.74
376.19	1211.17
376.40	1221.94
376.61	1209.55
376.82	1220.61
377.03	1210.41
377.24	1215.90
377.45	1211.29
377.66	1218.58
377.87	1213.05
378.08	1219.79
378.29	1209.59
378.50	1220.73
378.71	1207.28
378.93	1210.08
379.14	1211.33
379.35	1217.46
379.56	1216.86
379.77	1215.69
379.98	1214.51
380.19	1220.57
380.40	1209.51
380.61	1213.73
380.82	1218.83
381.03	1214.77
381.24	1213.85
381.45	1220.47
381.66	1213.83
381.88	1219.73
382.09	1214.53
382.30	1214.20
382.51	1216.70
382.72	1214.06
382.93	1206.64
383.14	1217.66
383.35	1208.22
383.56	1212.89
383.77	1207.30
383.98	1214.40
384.19	1207.91
384.40	1218.54
384.61	1212.60
384.82	1212.85
385.03	1205.31
385.24	1215.82
385.45	1217.25
385.67	1216.10
385.88	1214.34
386.09	1217.23
386.30	1204.16
386.51	1204.51
386.72	1208.59
386.93	1217.37
387.14	1206.42
387.35	1219.11
387.56	1212.89
387.77	1217.39
387.98	1215.08
388.19	1219.14
388.40	1211.46
388.61	1220.75
388.82	1210.78
389.03	1214.55
389.24	1210.82
389.45	1213.36
389.66	1209.08
389.87	1220.94
390.08	1216.19
390.29	1214.67
390.50	1214.32
390.71	1217.09
390.92	1211.89
391.13	1215.45
391.34	1206.44
391.55	1217.07
391.76	1210.64
391.98	1217.25
392.19	1209.12
392.40	1208.75
392.61	1212.09
392.82	1221.08
393.03	1215.02
393.24	1214.22
393.45	1205.56
393.66	1215.37
393.87	1212.91
394.08	1218.73
394.29	1213.65
394.50	1215.10
394.71	1212.77
394.92	1213.61
395.13	1210.12
395.34	1217.48
395.55	1209.18
395.76	1228.04
395.97	1209.41
396.18	1214.94
396.39	1212.03
396.60	1213.69
396.81	1214.77
397.02	1212.77
397.23	1214.24
397.44	1216.12
397.65	1208.16
397.86	1219.46
398.07	1211.03
398.28	1215.10
398.49	1213.22
398.70	1211.29
398.91	1215.45
399.12	1216.76
399.33	1218.42
399.54	1221.55
399.75	1216.43
399.96	1216.02
400.17	1214.57
400.38	1213.77
400.59	1210.35
400.80	1221.43
401.01	1211.50
401.22	1220.77
401.42	1207.85
401.63	1216.66
401.84	1210.00
402.05	1218.15
402.26	1211.00
402.47	1223.50
402.68	1214.59
402.89	1220.04
403.10	1212.99
403.31	1214.61
403.52	1211.82
403.73	1226.55
403.94	1206.70
404.15	1222.49
404.36	1218.42
404.57	1212.83
404.78	1213.42
404.99	1214.02
405.20	1212.85
405.41	1213.59
405.62	1216.25
405.83	1221.22
406.04	1211.37
406.25	1216.90
406.46	1205.13
406.67	1219.73
406.88	1209.71
407.09	1212.70
407.30	1210.92
407.50	1219.50
407.71	1208.44
407.92	1225.32
408.13	1210.41
408.34	1217.52
408.55	1212.68
408.76	1218.68
408.97	1222.41
409.18	1222.41
409.39	1219.26
409.60	1223.40
409.81	1207.34
410.02	1216.68
410.23	1211.05
410.44	1216.25
410.65	1208.44
410.86	1217.58
411.07	1210.08
411.27	1221.16
411.48	1209.43
411.69	1214.83
411.90	1208.61
412.11	1218.01
412.32	1206.03
412.53	1219.95
412.74	1212.46
412.95	1213.54
413.16	1202.24
413.37	1214.96
413.58	1203.96
413.79	1215.92
414.00	1211.43
414.20	1222.53
414.41	1213.09
414.62	1217.82
414.83	1207.79
415.04	1215.98
415.25	1212.75
415.46	1212.95
415.67	1212.05
415.88	1223.31
416.09	1208.18
416.30	1219.40
416.51	1208.71
416.71	1222.64
416.92	1203.61
417.13	1213.83
417.34	1213.77
417.55	1222.64
417.76	1214.16
417.97	1218.03
418.18	1213.44
418.39	1219.30
418.60	1211.11
418.81	1217.56
419.01	1211.60
419.22	1224.17
419.43	1210.51
419.64	1219.71
419.85	1210.51
420.06	1223.95
420.27	1213.46
420.48	1219.28
420.69	1212.30
420.90	1216.70
421.10	1209.49
421.31	1216.88
421.52	1214.06
421.73	1212.79
421.94	1207.91
422.15	1215.53
422.36	1215.53
422.57	1217.48
422.78	1208.28
422.98	1217.82
423.19	1218.56
423.40	1217.37
423.61	1214.24
423.82	1214.59
424.03	1215.55
424.24	1217.56
424.45	1207.83
424.65	1217.52
424.86	1207.61
425.07	1220.49
425.28	1212.54
425.49	1213.50
425.70	1207.15
425.91	1214.06
426.12	1213.56
426.32	1214.67
426.53	1218.17
426.74	1216.21
426.95	1214.49
427.16	1221.43
427.37	1211.62
427.58	1216.86
427.78	1215.67
427.99	1215.92
428.20	1207.56
428.41	1216.72
428.62	1215.31
428.83	1211.66
429.04	1210.25
429.24	1215.78
429.45	1210.74
429.66	1215.12
429.87	1210.60
430.08	1220.12
430.29	1216.45
430.50	1214.63
430.70	1212.89
430.91	1214.45
431.12	1210.00
431.33	1216.49
431.54	1215.14
431.75	1222.78
431.96	1218.60
432.16	1221.29
432.37	1210.78
432.58	1218.17
432.79	1210.49
433.00	1221.86
433.21	1213.67
433.41	1214.45
433.62	1212.15
433.83	1219.95
434.04	1210.60
434.25	1215.33
434.46	1209.67
434.66	1214.14
434.87	1216.53
435.08	1212.13
435.29	1210.98
435.50	1220.79
435.71	1216.39
435.91	1209.80
436.12	1208.61
436.33	1217.56
436.54	1207.28
436.75	1214.57
436.95	1209.49
437.16	1213.16
437.37	1211.62
437.58	1215.51
437.79	1206.68
438.00	1220.30
438.20	1210.98
438.41	1211.84
438.62	1213.20
438.83	1213.87
439.04	1206.91
439.24	1211.84
439.45	1210.35
439.66	1214.67
439.87	1207.11
440.08	1218.52
440.28	1207.87
440.49	1221.20
440.70	1217.62
440.91	1216.55
441.12	1214.24
441.32	1212.58
441.53	1209.78
441.74	1214.32
441.95	1208.12
442.16	1217.15
442.36	1213.89
442.57	1217.93
442.78	1218.89
442.99	1213.38
443.20	1212.27
443.40	1223.78
443.61	1207.83
443.82	1222.74
444.03	1210.17
444.24	1212.73
444.44	1213.13
444.65	1219.16
444.86	1220.88
445.07	1219.87
445.27	1206.46
445.48	1216.60
445.69	1215.10
445.90	1212.40
446.11	1213.03
446.31	1220.20
446.52	1207.89
446.73	1221.88
446.94	1211.99
447.14	1216.41
447.35	1216.25
447.56	1217.54
447.77	1212.40
447.97	1222.70
448.18	1208.75
448.39	1221.16
448.60	1204.98
448.81	1222.08
449.01	1214.06
449.22	1223.44
449.43	1208.77
449.64	1213.05
449.84	1201.15
450.05	1216.10
450.26	1207.36
450.47	1223.60
450.67	1212.85
450.88	1217.85
451.09	1208.14
451.30	1212.64
451.50	1216.02
451.71	1218.19
451.92	1209.16
452.13	1218.77
452.33	1208.06
452.54	1218.11
452.75	1216.62
452.96	1212.79
453.16	1211.11
453.37	1214.63
453.58	1204.66
453.79	1216.64
453.99	1210.41
454.20	1215.98
454.41	1211.46
454.61	1210.12
454.82	1210.00
455.03	1211.35
455.24	1211.31
455.44	1222.56
455.65	1201.89
455.86	1210.00
456.07	1207.95
456.27	1218.87
456.48	1214.75
456.69	1213.50
456.90	1212.07
457.10	1216.19
457.31	1209.88
457.52	1216.25
457.72	1209.84
457.93	1218.66
458.14	1219.59
458.35	1214.55
458.55	1209.08
458.76	1218.73
458.97	1214.36
459.17	1219.32
459.38	1208.85
459.59	1209.37
459.80	1205.91
460.00	1221.29
460.21	1210.76
460.42	1212.89
460.62	1211.99
460.83	1214.38
461.04	1212.60
461.25	1222.86
461.45	1213.26
461.66	1220.94
461.87	1214.24
462.07	1226.51
462.28	1213.79
462.49	1216.62
462.69	1214.30
462.90	1223.52
463.11	1207.30
463.31	1215.43
463.52	1210.88
463.73	1219.14
463.94	1208.98
464.14	1214.98
464.35	1212.58
464.56	1209.96
464.76	1219.57
464.97	1221.70
465.18	1210.31
465.38	1219.44
465.59	1216.86
465.80	1210.72
466.00	1214.71
466.21	1211.19
466.42	1208.77
466.62	1210.00
466.83	1206.89
467.04	1228.70
467.24	1210.92
467.45	1215.65
467.66	1211.43
467.86	1209.43
468.07	1214.34
468.28	1218.07
468.48	1213.97
468.69	1215.76
468.90	1208.90
469.10	1218.77
469.31	1216.70
469.52	1216.66
469.72	1214.42
469.93	1217.58
470.14	1207.22
470.34	1212.23
470.55	1204.55
470.76	1216.39
470.96	1210.17
471.17	1212.25
471.38	1207.40
471.58	1216.25
471.79	1207.77
472.00	1219.09
472.20	1213.89
472.41	1217.68
472.62	1213.34
472.82	1219.95
473.03	1207.42
473.24	1211.21
473.44	1212.23
473.65	1218.32
473.85	1208.79
474.06	1217.82
474.27	1206.64
474.47	1216.00
474.68	1208.90
474.89	1210.35
475.09	1213.30
475.30	1217.62
475.51	1212.68
475.71	1214.22
475.92	1210.10
476.12	1220.00
476.33	1209.47
476.54	1221.94
476.74	1213.56
476.95	1219.81
477.16	1204.57
477.36	1219.01
477.57	1204.94
477.77	1216.55
477.98	1212.32
478.19	1218.28
478.39	1206.58
478.60	1217.78
478.81	1216.23
479.01	1219.75
479.22	1206.60
479.42	1212.79
479.63	1219.61
479.84	1218.66
480.04	1210.96
480.25	1223.80
480.45	1212.15
480.66	1224.56
480.87	1212.66
481.07	1209.06
481.28	1208.24
481.48	1223.05
481.69	1211.17
481.90	1212.77
482.10	1215.72
482.31	1220.24
482.51	1216.76
482.72	1222.94
482.93	1205.93
483.13	1214.65
483.34	1207.69
483.54	1220.67
483.75	1219.85
483.96	1214.55
484.16	1219.69
484.37	1218.85
484.57	1212.56
484.78	1219.01
484.99	1208.53
485.19	1217.80
485.40	1216.64
485.60	1217.54
485.81	1215.82
486.01	1215.29
486.22	1217.82
486.43	1217.76
486.63	1205.45
486.84	1222.51
487.04	1215.94
487.25	1210.00
487.46	1213.54
487.66	1214.12
487.87	1219.05
488.07	1221.16
488.28	1214.18
488.48	1218.83
488.69	1210.88
488.89	1223.09
489.10	1210.62
489.31	1216.74
489.51	1210.90
489.72	1219.22
489.92	1208.28
490.13	1220.86
490.33	1210.12
490.54	1219.05
490.75	1219.34
490.95	1216.47
491.16	1213.93
491.36	1213.40
491.57	1208.24
491.77	1213.54
491.98	1207.87
492.18	1212.25
492.39	1207.58
492.59	1212.34
492.80	1215.14
493.01	1215.67
493.21	1213.97
493.42	1218.23
493.62	1204.72
493.83	1218.23
494.03	1215.14
494.24	1215.43
494.44	1215.24
494.65	1221.22
494.85	1206.05
495.06	1219.63
495.26	1219.03
495.47	1212.93
495.68	1212.03
495.88	1218.91
496.09	1207.09
496.29	1221.02
496.50	1211.58
496.70	1211.97
496.91	1208.20
497.11	1224.56
497.32	1207.44
497.52	1221.45
497.73	1218.44
497.93	1214.61
498.14	1213.69
498.34	1215.55
498.55	1221.39
498.75	1213.26
498.96	1215.61
499.16	1218.42
499.37	1207.73
499.57	1216.55
499.78	1216.10
499.98	1215.90
500.19	1217.17
500.39	1225.24
500.60	1214.67
500.80	1221.39
501.01	1208.20
501.21	1222.56
501.42	1211.62
501.62	1214.77
501.83	1215.31
502.03	1215.78
502.24	1213.67
502.44	1219.87
502.65	1207.56
502.85	1213.40
503.06	1210.00
503.26	1215.78
503.47	1207.79
503.67	1215.69
503.88	1205.82
504.08	1219.18
504.29	1214.34
504.49	1221.00
504.70	1209.94
504.90	1216.02
505.11	1203.47
505.31	1219.20
505.52	1213.44
505.72	1217.17
505.93	1210.66
506.13	1213.87
506.34	1214.86
506.54	1215.92
506.75	1207.26
506.95	1218.62
507.16	1212.89
507.36	1217.29
507.56	1206.11
507.77	1219.32
507.97	1209.45
508.18	1221.00
508.38	1209.86
508.59	1225.28
508.79	1214.65
509.00	1217.72
509.20	1218.13
509.41	1223.66
509.61	1211.95
509.82	1220.00
510.02	1207.03
510.22	1212.25
510.43	1211.03
510.63	1217.56
510.84	1208.81
511.04	1211.46
511.25	1204.45
511.45	1215.33
511.66	1211.07
511.86	1217.56
512.06	1215.86
512.27	1218.85
512.47	1203.90
512.68	1221.29
512.88	1223.44
513.09	1212.05
513.29	1210.14
513.50	1218.32
513.70	1210.70
513.90	1221.61
514.11	1208.92
514.31	1214.98
514.52	1210.33
514.72	1217.76
514.93	1207.22
515.13	1212.30
515.33	1213.69
515.54	1208.38
515.74	1206.11
515.95	1217.87
516.15	1207.52
516.36	1229.33
516.56	1212.60
516.76	1218.11
516.97	1203.16
517.17	1215.06
517.38	1209.06
517.58	1219.52
517.78	1214.51
517.99	1221.82
518.19	1206.77
518.40	1212.75
518.60	1215.80
518.81	1218.40
519.01	1207.26
519.21	1219.87
519.42	1202.30
519.62	1224.13
519.83	1213.61
520.03	1216.17
520.23	1212.03
520.44	1216.76
520.64	1214.30
520.85	1210.96
521.05	1214.47
521.25	1218.91
521.46	1206.13
521.66	1219.73
521.86	1212.30
522.07	1215.06
522.27	1209.59
522.48	1224.15
522.68	1207.54
522.88	1217.05
523.09	1213.24
523.29	1212.79
523.50	1211.07
523.70	1213.71
523.90	1210.92
524.11	1209.47
524.31	1208.98
524.51	1223.99
524.72	1209.51
524.92	1213.95
525.13	1211.78
525.33	1219.46
525.53	1215.90
525.74	1212.27
525.94	1216.00
526.14	1215.61
526.35	1211.89
526.55	1216.21
526.76	1211.87
526.96	1218.85
527.16	1202.34
527.37	1219.69
527.57	1206.97
527.77	1212.58
527.98	1217.37
528.18	1218.25
528.38	1208.51
528.59	1218.21
528.79	1213.71
528.99	1214.26
529.20	1211.03
529.40	1219.16
529.61	1214.24
529.81	1216.60
530.01	1213.36
530.22	1213.40
530.42	1207.32
530.62	1214.28
530.83	1211.74
531.03	1216.06
531.23	1212.07
531.44	1216.04
531.64	1210.57
531.84	1218.21
532.05	1207.61
532.25	1214.18
532.45	1207.09
532.66	1218.58
532.86	1214.14
533.06	1219.87
533.27	1211.76
533.47	1215.53
533.67	1208.83
533.88	1213.22
534.08	1213.97
534.28	1224.26
534.49	1211.07
534.69	1213.89
534.89	1208.73
535.09	1212.60
535.30	1210.31
535.50	1215.63
535.70	1210.92
535.91	1222.15
536.11	1215.31
536.31	1220.90
536.52	1214.57
536.72	1217.09
536.92	1208.40
537.13	1219.54
537.33	1215.29
537.53	1214.24
537.74	1212.38
537.94	1214.30
538.14	1210.06
538.34	1217.66
538.55	1210.19
538.75	1219.85
538.95	1219.97
539.16	1220.69
539.36	1210.92
539.56	1210.14
539.77	1207.77
539.97	1218.38
540.17	1210.04
540.37	1214.67
540.58	1209.26
540.78	1219.77
540.98	1210.31
541.19	1217.46
541.39	1215.41
541.59	1213.28
541.79	1210.23
542.00	1212.07
542.20	1214.88
542.40	1218.56
542.60	1214.61
542.81	1214.40
543.01	1208.71
543.21	1209.08
543.42	1205.11
543.62	1215.24
543.82	1207.07
544.02	1215.26
544.23	1208.34
544.43	1215.65
544.63	1213.50
544.83	1215.31
545.04	1210.72
545.24	1218.99
545.44	1213.67
545.64	1212.79
545.85	1204.76
546.05	1224.32
546.25	1202.36
546.45	1216.78
546.66	1212.64
546.86	1220.61
547.06	1216.00
547.27	1214.67
547.47	1210.66
547.67	1212.11
547.87	1214.53
548.07	1227.00
548.28	1210.43
548.48	1213.69
548.68	1206.64
548.88	1220.08
549.09	1208.06
549.29	1213.34
549.49	1210.84
549.69	1216.94
549.90	1214.02
550.10	1212.42
550.30	1210.96
550.50	1217.60
550.71	1209.49
550.91	1211.23
551.11	1212.32
551.31	1214.28
551.51	1209.18
551.72	1216.90
551.92	1209.37
552.12	1219.63
552.32	1208.61
552.53	1218.85
552.73	1207.99
552.93	1210.29
553.13	1214.10
553.33	1216.25
553.54	1215.29
553.74	1218.95
553.94	1211.33
554.14	1215.45
554.35	1210.06
554.55	1216.53
554.75	1216.06
554.95	1218.38
555.15	1211.97
555.36	1217.80
555.56	1219.01
555.76	1217.31
555.96	1212.40
556.16	1219.03
556.37	1214.24
556.57	1217.46
556.77	1208.47
556.97	1220.20
557.17	1207.99
557.38	1217.56
557.58	1215.22
557.78	1214.34
557.98	1210.10
558.18	1220.04
558.38	1206.99
558.59	1209.98
558.79	1213.05
558.99	1223.07
559.19	1211.35
559.39	1218.25
559.60	1209.65
559.80	1214.98
560.00	1212.19
560.20	1213.05
560.40	1213.28
560.60	1220.90
560.81	1213.91
561.01	1217.95
561.21	1217.29
561.41	1219.73
561.61	1218.93
561.81	1222.27
562.02	1216.92
562.22	1215.20
562.42	1207.83
562.62	1220.71
562.82	1213.97
563.02	1216.70
563.23	1212.25
563.43	1218.73
563.63	1212.91
563.83	1212.95
564.03	1202.65
564.23	1216.35
564.43	1217.85
564.64	1211.27
564.84	1215.74
565.04	1213.54
565.24	1207.18
565.44	1217.62
565.64	1214.61
565.85	1218.15
566.05	1205.37
566.25	1220.22
566.45	1217.68
566.65	1218.87
566.85	1210.70
567.05	1208.90
567.25	1206.03
567.46	1221.12
567.66	1209.71
567.86	1219.93
568.06	1213.87
568.26	1218.85
568.46	1205.86
568.66	1211.27
568.86	1209.76
569.07	1214.32
569.27	1210.86
569.47	1218.34
569.67	1206.77
569.87	1220.79
570.07	1210.88
570.27	1216.70
570.47	1210.31
570.68	1215.22
570.88	1214.30
571.08	1216.45
571.28	1200.40
571.48	1215.61
571.68	1201.01
571.88	1217.07
572.08	1214.75
572.28	1214.45
572.49	1211.37
572.69	1213.03
572.89	1214.83
573.09	1218.38
573.29	1211.76
573.49	1213.79
573.69	1213.95
573.89	1215.55
574.09	1210.84
574.29	1220.00
574.50	1207.18
574.70	1206.77
574.90	1210.94
575.10	1214.26
575.30	1212.15
575.50	1219.05
575.70	1213.91
575.90	1211.70
576.10	1215.96
576.30	1220.71
576.50	1208.08
576.70	1219.61
576.91	1210.94
577.11	1213.09
577.31	1208.71
577.51	1221.43
577.71	1208.75
577.91	1213.97
578.11	1213.24
578.31	1214.75
578.51	1212.03
578.71	1220.02
578.91	1213.71
579.11	1215.08
579.31	1213.03
579.51	1222.33
579.71	1208.16
579.92	1218.38
580.12	1212.89
580.32	1219.05
580.52	1212.62
580.72	1215.78
580.92	1211.64
581.12	1217.85
581.32	1208.20
581.52	1213.34
581.72	1211.31
581.92	1218.56
582.12	1209.67
582.32	1219.81
582.52	1214.30
582.72	1218.21
582.92	1208.53
583.12	1214.69
583.32	1212.54
583.52	1214.40
583.72	1212.36
583.92	1216.43
584.12	1210.80
584.33	1212.97
584.53	1209.59
584.73	1215.61
584.93	1210.88
585.13	1215.00
585.33	1200.89
585.53	1213.71
585.73	1210.66
585.93	1217.99
586.13	1210.04
586.33	1212.21
586.53	1215.02
586.73	1222.08
586.93	1209.69
587.13	1219.11
587.33	1203.26
587.53	1214.51
587.73	1216.47
587.93	1220.55
588.13	1208.10
588.33	1226.36
588.53	1207.36
588.73	1216.74
588.93	1206.97
589.13	1212.66
589.33	1213.18
589.53	1216.94
589.73	1204.51
589.93	1209.65
590.13	1214.67
590.33	1210.47
590.53	1214.86
590.73	1212.83
590.93	1213.93
591.13	1216.51
591.33	1210.90
591.53	1219.71
591.73	1212.03
591.93	1220.77
592.13	1215.39
592.33	1211.76
592.53	1220.02
592.73	1219.77
592.93	1208.32
593.13	1216.51
593.33	1210.06
593.53	1218.62
593.73	1212.54
593.93	1220.67
594.13	1213.03
594.33	1223.50
594.53	1215.26
594.73	1212.62
594.92	1208.42
595.12	1219.36
595.32	1208.75
595.52	1211.87
595.72	1212.34
595.92	1217.66
596.12	1211.31
596.32	1213.75
596.52	1212.19
596.72	1214.90
596.92	1214.10
597.12	1217.62
597.32	1210.55
597.52	1220.16
597.72	1213.59
597.92	1212.30
598.12	1204.74
598.32	1219.97
598.52	1219.79
598.72	1221.51
598.92	1205.11
599.12	1218.62
599.31	1210.57
599.51	1220.28
599.71	1209.59
599.91	1224.05
600.11	1214.73
600.31	1216.90
600.51	1205.19
600.71	1217.95
600.91	1209.45
601.11	1214.04
601.31	1210.94
601.51	1218.01
601.71	1214.16
601.91	1218.40
602.10	1208.67
602.30	1223.21
602.50	1214.36
602.70	1220.75
602.90	1211.78
603.10	1213.56
603.30	1212.48
603.50	1218.71
603.70	1206.17
603.90	1211.91
604.10	1216.06
604.30	1214.59
604.49	1202.94
604.69	1213.77
604.89	1205.91
605.09	1219.87
605.29	1211.05
605.49	1218.46
605.69	1213.22
605.89	1213.24
606.09	1214.10
606.29	1212.95
606.48	1208.77
606.68	1217.93
606.88	1206.77
607.08	1217.37
607.28	1206.17
607.48	1214.65
607.68	1208.59
607.88	1218.83
608.08	1210.53
608.27	1218.66
608.47	1210.25
608.67	1214.30
608.87	1209.92
609.07	1219.73
609.27	1208.90
609.47	1213.79
609.67	1216.72
609.87	1219.57
610.06	1208.30
610.26	1219.57
610.46	1213.24
610.66	1219.18
610.86	1214.81
611.06	1214.08
611.26	1207.34
611.45	1216.62
611.65	1206.58
611.85	1217.56
612.05	1207.58
612.25	1213.73
612.45	1207.11
612.65	1217.25
612.84	1210.68
613.04	1218.93
613.24	1212.27
613.44	1220.26
613.64	1208.36
613.84	1219.22
614.04	1210.94
614.23	1216.39
614.43	1211.39
614.63	1218.44
614.83	1208.67
615.03	1216.08
615.23	1214.51
615.42	1209.71
615.62	1217.72
615.82	1218.50
616.02	1213.46
616.22	1214.65
616.42	1217.97
616.61	1214.26
616.81	1214.79
617.01	1223.44
617.21	1207.83
617.41	1221.31
617.61	1208.51
617.80	1221.02
618.00	1214.20
618.20	1213.54
618.40	1212.42
618.60	1220.22
618.80	1212.95
618.99	1217.52
619.19	1206.13
619.39	1222.88
619.59	1206.83
619.79	1221.04
619.98	1204.80
620.18	1228.35
620.38	1213.73
620.58	1212.73
620.78	1206.52
620.97	1216.49
621.17	1208.69
621.37	1212.07
621.57	1205.76
621.77	1221.22
621.96	1213.09
622.16	1215.22
622.36	1213.07
622.56	1211.21
622.76	1218.07
622.95	1218.25
623.15	1210.14
623.35	1212.01
623.55	1214.08
623.75	1215.67
623.94	1212.64
624.14	1219.32
624.34	1207.58
624.54	1212.87
624.73	1208.30
624.93	1221.47
625.13	1214.83
625.33	1219.20
625.53	1210.60
625.72	1212.03
625.92	1215.31
626.12	1212.75
626.32	1213.11
626.51	1215.08
626.71	1205.17
626.91	1215.14
627.11	1209.26
627.30	1210.90
627.50	1206.77
627.70	1221.37
627.90	1210.80
628.10	1214.49
628.29	1208.85
628.49	1213.16
628.69	1212.95
628.89	1214.98
629.08	1210.62
629.28	1220.75
629.48	1200.38
629.68	1222.66
629.87	1207.97
630.07	1218.50
630.27	1207.61
630.47	1215.90
630.66	1207.18
630.86	1214.81
631.06	1212.85
631.25	1219.87
631.45	1199.72
631.65	1215.84
631.85	1214.18
632.04	1209.45
632.24	1213.69
632.44	1232.41
632.64	1213.28
632.83	1219.01
633.03	1218.99
633.23	1214.32
633.42	1206.17
633.62	1219.18
633.82	1207.81
634.02	1212.32
634.21	1211.93
634.41	1214.71
634.61	1207.69
634.81	1216.35
635.00	1211.76
635.20	1218.91
635.40	1206.68
635.59	1216.76
635.79	1202.42
635.99	1224.17
636.18	1207.73
636.38	1206.34
636.58	1210.39
636.78	1213.22
636.97	1205.37
637.17	1220.43
637.37	1211.99
637.56	1217.91
637.76	1210.76
637.96	1218.15
638.15	1213.56
638.35	1213.09
638.55	1215.04
638.74	1214.14
638.94	1214.04
639.14	1219.69
639.34	1212.73
639.53	1219.89
639.73	1220.84
639.93	1216.94
640.12	1208.44
640.32	1218.75
640.52	1214.18
640.71	1216.33
640.91	1217.42
641.11	1218.99
641.30	1207.01
641.50	1214.92
641.70	1209.47
641.89	1225.50
642.09	1213.61
642.29	1213.67
642.48	1206.81
642.68	1215.59
642.88	1209.45
643.07	1219.48
643.27	1214.49
643.47	1216.60
643.66	1210.98
643.86	1212.54
644.06	1215.96
644.25	1222.39
644.45	1207.93
644.65	1216.76
644.84	1210.84
645.04	1213.16
645.23	1208.73
645.43	1216.88
645.63	1208.69
645.82	1216.55
646.02	1211.09
646.22	1215.98
646.41	1219.59
646.61	1222.64
646.81	1212.34
647.00	1216.76
647.20	1214.16
647.39	1214.69
647.59	1211.72
647.79	1222.06
647.98	1203.45
648.18	1214.36
648.38	1215.37
648.57	1219.40
648.77	1209.88
648.96	1216.00
649.16	1212.70
649.36	1220.06
649.55	1212.50
649.75	1218.13
649.95	1209.59
650.14	1212.87
650.34	1213.09
650.53	1229.35
650.73	1209.12
650.93	1217.74
651.12	1209.61
651.32	1214.88
651.51	1206.72
651.71	1214.55
651.91	1214.10
652.10	1218.73
652.30	1207.30
652.49	1215.78
652.69	1204.51
652.89	1219.03
653.08	1207.30
653.28	1217.39
653.47	1210.82
653.67	1221.41
653.86	1206.66
654.06	1217.85
654.26	1210.53
654.45	1209.94
654.65	1214.81
654.84	1220.98
655.04	1215.18
655.24	1223.19
655.43	1209.59
655.63	1213.85
655.82	1212.30
656.02	1215.37
656.21	1212.11
656.41	1221.10
656.61	1213.24
656.80	1222.45
657.00	1209.51
657.19	1216.17
657.39	1205.84
657.58	1207.99
657.78	1213.71
657.97	1216.76
658.17	1215.04
658.37	1216.62
658.56	1207.46
658.76	1223.19
658.95	1209.22
659.15	1216.17
659.34	1213.73
659.54	1214.77
659.73	1212.01
659.93	1217.80
660.13	1211.37
660.32	1217.74
660.52	1211.54
660.71	1221.57
660.91	1210.62
661.10	1227.92
661.30	1209.76
661.49	1216.94
661.69	1214.04
661.88	1212.85
662.08	1213.11
662.27	1217.89
662.47	1214.06
662.66	1213.83
662.86	1209.57
663.06	1218.52
663.25	1218.85
663.45	1221.88
663.64	1209.98
663.84	1210.41
664.03	1216.15
664.23	1211.25
664.42	1215.55
664.62	1218.93
664.81	1214.24
665.01	1220.92
665.20	1208.38
665.40	1221.82
665.59	1216.78
665.79	1214.77
665.98	1213.50
666.18	1218.52
666.37	1208.44
666.57	1217.03
666.76	1207.42
666.96	1217.09
667.15	1209.71
667.35	1216.70
667.54	1205.74
667.74	1221.98
667.93	1215.76
668.13	1220.34
668.32	1213.34
668.52	1221.63
668.71	1218.09
668.91	1214.69
669.10	1211.15
669.30	1216.41
669.49	1215.06
669.68	1217.85
669.88	1203.45
670.07	1220.28
670.27	1209.74
670.46	1208.51
670.66	1218.50
670.85	1223.37
671.05	1216.98
671.24	1215.86
671.44	1213.46
671.63	1212.34
671.83	1216.92
672.02	1220.79
672.22	1213.85
672.41	1220.88
672.60	1212.56
672.80	1225.24
672.99	1210.94
673.19	1211.93
673.38	1218.68
673.58	1221.12
673.77	1213.38
673.97	1217.19
674.16	1212.21
674.36	1230.87
674.55	1218.64
674.74	1223.87
674.94	1206.03
675.13	1216.86
675.33	1210.31
675.52	1215.88
675.72	1217.76
675.91	1220.59
676.10	1207.09
676.30	1223.31
676.49	1215.69
676.69	1222.45
676.88	1217.35
677.08	1219.20
677.27	1211.76
677.46	1220.34
677.66	1216.43
677.85	1212.97
678.05	1224.50
678.24	1212.99
678.44	1211.97
678.63	1219.40
678.82	1212.62
679.02	1219.05
679.21	1224.13
679.41	1220.57
679.60	1218.09
679.79	1216.17
679.99	1212.21
680.18	1219.77
680.38	1216.49
680.57	1224.91
680.76	1210.72
680.96	1215.41
681.15	1206.17
681.35	1218.99
681.54	1215.41
681.73	1227.65
681.93	1215.86
682.12	1222.78
682.32	1221.02
682.51	1221.72
682.70	1212.58
682.90	1223.85
683.09	1212.07
683.29	1226.61
683.48	1216.33
683.67	1217.21
683.87	1211.91
684.06	1229.56
684.25	1211.17
684.45	1221.43
684.64	1212.91
684.84	1224.19
685.03	1218.46
685.22	1216.62
685.42	1213.97
685.61	1222.70
685.80	1224.17
686.00	1222.90
686.19	1218.68
686.38	1220.45
686.58	1219.26
686.77	1220.81
686.96	1213.36
687.16	1219.93
687.35	1212.62
687.55	1232.94
687.74	1213.30
687.93	1222.88
688.13	1216.10
688.32	1217.80
688.51	1212.34
688.71	1217.58
688.90	1215.92
689.09	1225.44
689.29	1217.80
689.48	1219.30
689.67	1214.92
689.87	1218.99
690.06	1219.11
690.25	1228.27
690.45	1218.03
690.64	1229.58
690.83	1221.84
691.03	1228.00
691.22	1216.27
691.41	1218.21
691.61	1216.53
691.80	1229.31
691.99	1216.15
692.19	1224.95
692.38	1218.99
692.57	1223.05
692.76	1219.67
692.96	1223.66
693.15	1217.05
693.34	1226.12
693.54	1221.10
693.73	1229.95
693.92	1216.94
694.12	1223.62
694.31	1215.98
694.50	1224.30
694.70	1223.21
694.89	1226.30
695.08	1218.36
695.27	1231.28
695.47	1227.59
695.66	1228.43
695.85	1223.80
696.05	1230.40
696.24	1229.56
696.43	1229.17
696.62	1226.24
696.82	1229.74
697.01	1228.80
697.20	1227.16
697.40	1220.36
697.59	1230.62
697.78	1229.70
697.97	1227.25
698.17	1225.05
698.36	1230.32
698.55	1222.76
698.74	1228.58
698.94	1226.32
699.13	1235.62
699.32	1239.43
699.52	1231.05
699.71	1228.90
699.90	1236.56
700.09	1228.49
700.29	1238.75
700.48	1229.54
700.67	1236.73
700.86	1231.73
701.06	1236.07
701.25	1240.74
701.44	1243.51
701.63	1241.93
701.83	1242.81
702.02	1233.55
702.21	1244.08
702.40	1236.79
702.60	1242.81
702.79	1239.82
702.98	1242.26
703.17	1236.77
703.37	1252.37
703.56	1245.21
703.75	1249.53
703.94	1242.17
704.13	1252.50
704.33	1244.86
704.52	1251.96
704.71	1248.93
704.90	1250.74
705.10	1245.51
705.29	1248.46
705.48	1245.76
705.67	1248.50
705.86	1244.35
706.06	1249.92
706.25	1249.10
706.44	1257.43
706.63	1248.63
706.83	1254.97
707.02	1256.02
707.21	1244.10
707.40	1247.72
707.59	1255.06
707.79	1258.31
707.98	1256.26
708.17	1253.27
708.36	1262.31
708.55	1260.07
708.75	1263.13
708.94	1259.81
709.13	1265.87
709.32	1257.45
709.51	1263.88
709.71	1264.05
709.90	1276.31
710.09	1265.89
710.28	1271.91
710.47	1264.01
710.66	1270.64
710.86	1258.29
711.05	1263.80
711.24	1264.31
711.43	1271.85
711.62	1266.83
711.82	1274.39
712.01	1259.58
712.20	1269.15
712.39	1264.29
712.58	1261.88
712.77	1269.64
712.97	1273.65
713.16	1264.29
713.35	1268.08
713.54	1266.50
713.73	1272.73
713.92	1261.14
714.11	1266.18
714.31	1256.33
714.50	1271.22
714.69	1267.12
714.88	1264.50
715.07	1260.32
715.26	1281.21
715.46	1261.28
715.65	1270.74
715.84	1265.52
716.03	1272.44
716.22	1264.23
716.41	1264.11
716.60	1262.02
716.80	1271.15
716.99	1267.39
717.18	1274.39
717.37	1268.78
717.56	1283.32
717.75	1279.98
717.94	1289.65
718.13	1291.96
718.33	1298.43
718.52	1297.45
718.71	1317.68
718.90	1318.52
719.09	1339.33
719.28	1347.01
719.47	1376.69
719.66	1378.67
719.85	1399.97
720.05	1418.26
720.24	1444.53
720.43	1459.14
720.62	1492.40
720.81	1525.82
721.00	1590.96
721.19	1662.36
721.38	1780.34
721.57	1943.05
721.77	2183.54
721.96	2541.92
722.15	2971.85
722.34	3469.36
722.53	4072.39
722.72	4680.73
722.91	5317.94
723.10	5940.56
723.29	6544.59
723.48	7169.10
723.67	7690.41
723.87	8264.72
724.06	8672.59
724.25	9147.93
724.44	9463.13
724.63	9808.81
724.82	10057.16
725.01	10285.21
725.20	10541.24
725.39	10785.83
725.58	10980.12
725.77	11113.90
725.96	11246.95
726.15	11397.64
726.34	11601.68
726.54	11621.26
726.73	11730.40
726.92	11725.22
727.11	11749.11
727.30	11645.16
727.49	11517.45
727.68	11360.55
727.87	11081.56
728.06	10798.80
728.25	10372.82
728.44	9843.87
728.63	9298.06
728.82	8645.52
729.01	8050.09
729.20	7308.89
729.39	6680.11
729.58	6054.90
729.77	5445.96
729.96	4950.15
730.15	4512.49
730.34	4172.82
730.53	3880.59
730.73	3645.26
730.92	3493.10
731.11	3318.26
731.30	3196.18
731.49	3072.98
731.68	3002.63
731.87	2899.10
732.06	2837.26
732.25	2767.91
732.44	2717.59
732.63	2636.72
732.82	2564.22
733.01	2520.76
733.20	2471.10
733.39	2404.83
733.58	2368.52
733.77	2315.49
733.96	2274.17
734.15	2210.68
734.34	2185.55
734.53	2131.38
734.72	2088.89
734.91	2056.18
735.10	2020.03
735.29	1980.86
735.48	1964.10
735.67	1925.07
735.86	1890.60
736.05	1856.48
736.24	1841.53
736.43	1810.53
736.62	1798.24
736.81	1764.43
737.00	1766.15
737.19	1727.26
737.38	1717.77
737.57	1699.83
737.76	1693.30
737.95	1681.77
738.14	1686.28
738.33	1678.00
738.51	1701.88
738.70	1715.40
738.89	1763.53
739.08	1801.91
739.27	1863.73
739.46	1908.44
739.65	1987.29
739.84	2034.72
740.03	2098.16
740.22	2150.74
740.41	2166.30
740.60	2183.07
740.79	2207.40
740.98	2198.49
741.17	2176.09
741.36	2168.61
741.55	2170.66
741.74	2122.97
741.93	2074.12
742.12	2033.53
742.31	2002.95
742.50	1956.85
742.68	1906.99
742.87	1852.49
743.06	1814.66
743.25	1769.69
743.44	1734.53
743.63	1700.41
743.82	1663.50
744.01	1623.36
744.20	1606.14
744.39	1560.06
744.58	1538.17
744.77	1508.14
744.96	1488.65
745.14	1459.24
745.33	1442.75
745.52	1428.13
745.71	1425.55
745.90	1418.05
746.09	1420.78
746.28	1404.95
746.47	1409.58
746.66	1397.43
746.85	1393.29
747.04	1365.77
747.22	1354.42
747.41	1317.70
747.60	1306.93
747.79	1286.90
747.98	1278.30
748.17	1258.70
748.36	1267.82
748.55	1250.39
748.74	1252.03
748.93	1236.71
749.11	1239.33
749.30	1240.86
749.49	1238.59
749.68	1238.75
749.87	1238.51
750.06	1226.24
750.25	1234.62
750.44	1233.86
750.62	1241.97
750.81	1233.96
751.00	1239.10
751.19	1229.03
751.38	1234.84
751.57	1231.71
751.76	1237.71
751.95	1222.02
752.13	1242.30
752.32	1237.49
752.51	1237.18
752.70	1227.72
752.89	1237.85
753.08	1237.65
753.27	1231.36
753.45	1220.69
753.64	1238.55
753.83	1231.69
754.02	1236.15
754.21	1234.56
754.40	1235.70
754.58	1232.04
754.77	1238.45
754.96	1231.65
755.15	1240.15
755.34	1224.07
755.53	1239.84
755.71	1235.25
755.90	1239.18
756.09	1222.60
756.28	1236.65
756.47	1223.15
756.66	1233.33
756.84	1229.58
757.03	1237.28
757.22	1231.16
757.41	1235.68
757.60	1225.93
757.79	1233.14
757.97	1216.04
758.16	1228.60
758.35	1224.36
758.54	1231.38
758.73	1224.17
758.91	1231.77
759.10	1223.29
759.29	1228.78
759.48	1222.84
759.67	1223.70
759.85	1220.96
760.04	1232.67
760.23	1220.22
760.42	1227.70
760.61	1219.83
760.79	1224.05
760.98	1218.44
761.17	1225.28
761.36	1213.07
761.55	1227.47
761.73	1213.11
761.92	1219.48
762.11	1218.01
762.30	1230.48
762.49	1215.86
762.67	1219.71
762.86	1220.28
763.05	1228.99
763.24	1221.10
763.42	1217.76
763.61	1218.30
763.80	1223.83
763.99	1219.42
764.17	1223.09
764.36	1222.06
764.55	1227.72
764.74	1218.15
764.92	1227.39
765.11	1226.90
765.30	1230.09
765.49	1231.57
765.68	1225.28
765.86	1224.79
766.05	1230.32
766.24	1218.50
766.43	1227.53
766.61	1228.82
766.80	1230.48
766.99	1228.92
767.17	1232.59
767.36	1222.10
767.55	1226.65
767.74	1228.15
767.92	1234.80
768.11	1223.33
768.30	1232.92
768.49	1221.63
768.67	1229.27
768.86	1229.68
769.05	1234.84
769.24	1226.47
769.42	1232.71
769.61	1223.72
769.80	1231.83
769.98	1231.22
770.17	1234.07
770.36	1229.13
770.55	1233.90
770.73	1224.69
770.92	1234.17
771.11	1224.97
771.29	1226.92
771.48	1226.36
771.67	1236.60
771.86	1220.71
772.04	1232.34
772.23	1224.83
772.42	1227.55
772.60	1223.78
772.79	1231.57
772.98	1225.71
773.16	1228.49
773.35	1217.93
773.54	1225.83
773.72	1223.70
773.91	1223.93
774.10	1224.09
774.29	1228.80
774.47	1218.40
774.66	1222.02
774.85	1220.08
775.03	1223.25
775.22	1206.72
775.41	1230.87
775.59	1219.34
775.78	1208.55
775.97	1220.02
776.15	1217.99
776.34	1208.69
776.53	1225.77
776.71	1211.35
776.90	1225.26
777.09	1215.63
777.27	1222.21
777.46	1213.75
777.65	1219.40
777.83	1208.04
778.02	1220.98
778.21	1210.14
778.39	1220.45
778.58	1209.71
778.76	1218.77
778.95	1210.43
779.14	1215.69
779.32	1217.97
779.51	1222.56
779.70	1210.41
779.88	1224.44
780.07	1224.40
780.26	1217.56
780.44	1209.24
780.63	1219.85
780.81	1203.24
781.00	1216.74
781.19	1215.82
781.37	1223.72
781.56	1213.32
781.75	1215.45
781.93	1209.76
782.12	1215.22
782.30	1209.55
782.49	1223.09
782.68	1210.66
782.86	1218.38
783.05	1218.03
783.23	1221.86
783.42	1212.66
783.61	1217.09
783.79	1221.24
783.98	1214.02
784.16	1218.81
784.35	1224.38
784.54	1213.18
784.72	1214.96
784.91	1214.30
785.09	1221.63
785.28	1209.74
785.47	1220.20
785.65	1210.80
785.84	1214.08
786.02	1217.31
786.21	1220.34
786.40	1205.09
786.58	1219.40
786.77	1209.80
786.95	1216.60
787.14	1214.92
787.32	1226.14
787.51	1221.06
787.70	1214.75
787.88	1216.19
788.07	1223.74
788.25	1218.52
788.44	1217.19
788.62	1212.03
788.81	1217.60
789.00	1215.69
789.18	1210.88
789.37	1210.66
789.55	1214.22
789.74	1207.87
789.92	1218.60
790.11	1210.74
790.29	1217.29
790.48	1209.45
790.67	1218.19
790.85	1206.05
791.04	1219.67
791.22	1211.19
791.41	1217.99
791.59	1211.87
791.78	1212.73
791.96	1212.32
792.15	1216.53
792.33	1212.34
792.52	1217.03
792.70	1214.36
792.89	1213.73
793.07	1212.15
793.26	1212.23
793.45	1211.80
793.63	1217.31
793.82	1206.09
794.00	1225.14
794.19	1211.21
794.37	1217.93
794.56	1214.88
794.74	1221.16
794.93	1215.84
795.11	1220.94
795.30	1210.94
795.48	1214.20
795.67	1208.44
795.85	1207.79
796.04	1209.31
796.22	1225.16
796.41	1216.08
796.59	1220.53
796.78	1214.69
796.96	1219.20
797.15	1217.05
797.33	1218.38
797.52	1218.91
797.70	1217.15
797.89	1209.33
798.07	1221.08
798.26	1212.83
798.44	1213.40
798.63	1215.00
798.81	1219.50
798.99	1210.53
799.18	1216.12
799.36	1210.41
799.55	1216.82
799.73	1212.09
799.92	1222.10
800.10	1206.05
800.29	1210.96
800.47	1209.22
800.66	1216.51
800.84	1213.13
801.03	1223.85
801.21	1210.33
801.39	1219.09
801.58	1211.72
801.76	1217.23
801.95	1209.86
802.13	1214.67
802.32	1207.13
802.50	1211.99
802.69	1207.75
802.87	1215.49
803.06	1211.35
803.24	1211.33
803.42	1206.09
803.61	1219.79
803.79	1208.20
803.98	1219.20
804.16	1205.72
804.35	1213.63
804.53	1211.03
804.71	1217.25
804.90	1213.24
805.08	1214.86
805.27	1215.63
805.45	1222.08
805.63	1213.03
805.82	1215.29
806.00	1209.65
806.19	1222.76
806.37	1210.66
806.56	1218.15
806.74	1210.88
806.92	1217.78
807.11	1207.13
807.29	1215.63
807.48	1208.65
807.66	1219.38
807.84	1211.17
808.03	1216.53
808.21	1214.30
808.40	1222.00
808.58	1211.00
808.76	1219.87
808.95	1209.04
809.13	1215.59
809.32	1204.98
809.50	1213.26
809.68	1212.77
809.87	1214.79
810.05	1211.21
810.23	1211.74
810.42	1210.37
810.60	1216.27
810.79	1211.37
810.97	1216.53
811.15	1214.28
811.34	1224.73
811.52	1213.22
811.70	1216.21
811.89	1208.10
812.07	1218.15
812.25	1202.01
812.44	1218.77
812.62	1210.35
812.81	1216.74
812.99	1207.40
813.17	1218.50
813.36	1214.96
813.54	1217.46
813.72	1208.79
813.91	1213.18
814.09	1216.60
814.27	1213.26
814.46	1209.22
814.64	1224.69
814.82	1208.44
815.01	1218.66
815.19	1212.03
815.37	1220.98
815.56	1214.34
815.74	1212.25
815.92	1211.17
816.11	1220.67
816.29	1212.66
816.47	1212.46
816.66	1205.15
816.84	1213.75
817.02	1216.00
817.21	1211.93
817.39	1213.05
817.57	1217.25
817.76	1213.56
817.94	1216.41
818.12	1209.98
818.30	1213.73
818.49	1211.91
818.67	1211.87
818.85	1208.47
819.04	1215.26
819.22	1214.61
819.40	1218.15
819.59	1215.74
819.77	1221.39
819.95	1215.72
820.13	1218.85
820.32	1210.90
820.50	1218.15
820.68	1209.90
820.87	1224.69
821.05	1211.31
821.23	1219.28
821.41	1212.62
821.60	1214.36
821.78	1205.86
821.96	1223.31
822.14	1210.41
822.33	1214.14
822.51	1200.52
822.69	1215.65
822.88	1215.08
823.06	1212.11
823.24	1209.45
823.42	1219.79
823.61	1211.17
823.79	1215.12
823.97	1217.44
824.15	1225.61
824.34	1218.07
824.52	1207.44
824.70	1202.96
824.88	1208.79
825.07	1204.82
825.25	1220.63
825.43	1213.67
825.61	1215.18
825.80	1206.15
825.98	1220.49
826.16	1205.60
826.34	1215.82
826.53	1214.51
826.71	1213.05
826.89	1221.18
827.07	1219.09
827.25	1214.20
827.44	1215.63
827.62	1212.25
827.80	1218.13
827.98	1209.67
828.17	1222.06
828.35	1217.23
828.53	1223.33
828.71	1213.28
828.89	1215.45
829.08	1210.47
829.26	1216.98
829.44	1208.51
829.62	1209.24
829.80	1209.43
829.99	1213.93
830.17	1206.79
830.35	1216.06
830.53	1211.39
830.71	1219.71
830.90	1210.39
831.08	1217.62
831.26	1211.37
831.44	1216.49
831.62	1210.78
831.81	1211.74
831.99	1213.05
832.17	1213.75
832.35	1214.10
832.53	1219.61
832.71	1209.33
832.90	1215.82
833.08	1207.07
833.26	1216.92
833.44	1209.67
833.62	1204.55
833.81	1212.99
833.99	1218.56
834.17	1213.95
834.35	1222.02
834.53	1212.91
834.71	1225.42
834.89	1212.48
835.08	1223.72
835.26	1214.38
835.44	1210.23
835.62	1218.28
835.80	1213.36
835.98	1211.54
836.17	1212.44
836.35	1214.63
836.53	1216.92
836.71	1204.41
836.89	1218.89
837.07	1209.98
837.25	1215.49
837.44	1201.07
837.62	1212.60
837.80	1213.69
837.98	1211.07
838.16	1219.75
838.34	1215.47
838.52	1214.88
838.70	1220.28
838.89	1212.19
839.07	1217.95
839.25	1207.38
839.43	1224.44
839.61	1212.56
839.79	1218.68
839.97	1212.60
840.15	1213.67
840.33	1211.19
840.52	1222.43
840.70	1216.70
840.88	1222.45
841.06	1212.52
841.24	1215.51
841.42	1212.64
841.60	1211.21
841.78	1203.59
841.96	1206.68
842.14	1216.55
842.33	1217.62
842.51	1208.81
842.69	1213.44
842.87	1211.72
843.05	1209.63
843.23	1208.26
843.41	1214.08
843.59	1210.49
843.77	1220.77
843.95	1204.98
844.13	1217.17
844.31	1210.21
844.49	1217.25
844.68	1210.29
844.86	1215.65
845.04	1204.35
845.22	1214.38
845.40	1210.00
845.58	1222.08
845.76	1210.78
845.94	1211.46
846.12	1208.10
846.30	1216.25
846.48	1210.84
846.66	1219.93
846.84	1213.07
847.02	1217.87
847.20	1205.15
847.38	1219.79
847.56	1205.54
847.74	1215.22
847.92	1210.31
848.11	1214.53
848.29	1219.11
848.47	1211.00
848.65	1209.00
848.83	1213.89
849.01	1210.94
849.19	1216.84
849.37	1211.76
849.55	1212.34
849.73	1215.51
849.91	1211.46
850.09	1209.90
850.27	1218.32
850.45	1214.90
850.63	1217.97
850.81	1212.44
850.99	1221.47
851.17	1210.98
851.35	1215.39
851.53	1209.39
851.71	1213.50
851.89	1210.47
852.07	1220.38
852.25	1208.73
852.43	1216.70
852.61	1215.94
852.79	1216.39
852.97	1213.67
853.15	1220.51
853.33	1210.70
853.51	1216.90
853.69	1205.39
853.87	1216.88
854.05	1217.37
854.23	1213.48
854.41	1205.84
854.59	1221.43
854.77	1215.69
854.95	1219.54
855.13	1211.27
855.31	1219.65
855.49	1215.33
855.67	1213.83
855.84	1204.23
856.02	1211.68
856.20	1208.71
856.38	1214.83
856.56	1212.44
856.74	1216.35
856.92	1219.57
857.10	1212.27
857.28	1208.87
857.46	1210.98
857.64	1210.25
857.82	1222.37
858.00	1201.77
858.18	1212.42
858.36	1211.27
858.54	1215.84
858.72	1209.59
858.90	1213.85
859.08	1209.37
859.25	1216.23
859.43	1205.74
859.61	1213.42
859.79	1206.64
859.97	1217.72
860.15	1216.27
860.33	1220.65
860.51	1206.13
860.69	1216.47
860.87	1209.88
861.05	1213.77
861.23	1214.53
861.41	1217.03
861.58	1206.93
861.76	1218.25
861.94	1213.28
862.12	1219.36
862.30	1206.58
862.48	1217.03
862.66	1211.62
862.84	1219.38
863.02	1213.46
863.20	1215.02
863.37	1204.84
863.55	1218.17
863.73	1212.09
863.91	1216.58
864.09	1210.98
864.27	1216.04
864.45	1212.83
864.63	1214.28
864.80	1204.72
864.98	1217.07
865.16	1215.12
865.34	1207.18
865.52	1211.93
865.70	1215.33
865.88	1209.63
866.06	1216.94
866.23	1211.62
866.41	1219.24
866.59	1208.34
866.77	1215.96
866.95	1210.29
867.13	1215.43
867.31	1211.48
867.48	1214.30
867.66	1210.33
867.84	1217.70
868.02	1208.71
868.20	1215.94
868.38	1211.84
868.56	1221.98
868.73	1206.19
868.91	1221.06
869.09	1211.37
869.27	1213.81
869.45	1209.94
869.63	1216.98
869.80	1207.20
869.98	1214.77
870.16	1211.27
870.34	1214.92
870.52	1215.45
870.70	1218.75
870.87	1207.50
871.05	1213.61
871.23	1213.11
871.41	1212.30
871.59	1212.62
871.76	1214.18
871.94	1215.06
872.12	1214.28
872.30	1208.55
872.48	1217.21
872.65	1210.78
872.83	1218.40
873.01	1208.59
873.19	1218.36
873.37	1207.79
873.54	1211.82
873.72	1207.77
873.90	1216.10
874.08	1210.47
874.26	1221.37
874.43	1214.96
874.61	1218.95
874.79	1210.82
874.97	1219.01
875.15	1212.56
875.32	1220.77
875.50	1210.45
875.68	1215.80
875.86	1205.15
876.03	1213.89
876.21	1211.72
876.39	1217.25
876.57	1211.68
876.74	1217.01
876.92	1211.62
877.10	1208.65
877.28	1204.78
877.45	1215.04
877.63	1206.05
877.81	1221.98
877.99	1215.96
878.17	1213.65
878.34	1209.00
878.52	1211.37
878.70	1205.70
878.87	1212.83
879.05	1206.32
879.23	1212.34
879.41	1211.05
879.58	1212.50
879.76	1210.94
879.94	1212.60
880.12	1219.14
880.29	1220.59
880.47	1209.06
880.65	1221.61
880.83	1206.66
881.00	1211.66
881.18	1208.38
881.36	1216.00
881.53	1214.08
881.71	1217.91
881.89	1218.50
882.07	1211.05
882.24	1211.07
882.42	1215.78
882.60	1206.36
882.77	1215.65
882.95	1204.68
883.13	1222.02
883.30	1201.58
883.48	1208.81
883.66	1214.24
883.84	1220.96
884.01	1206.17
884.19	1215.43
884.37	1207.63
884.54	1218.62
884.72	1209.59
884.90	1212.52
885.07	1213.18
885.25	1210.88
885.43	1207.95
885.60	1220.43
885.78	1213.73
885.96	1220.32
886.13	1206.72
886.31	1218.11
886.49	1215.72
886.66	1215.55
886.84	1212.50
887.02	1214.40
887.19	1209.31
887.37	1212.91
887.55	1212.38
887.72	1217.46
887.90	1209.90
888.08	1213.30
888.25	1209.18
888.43	1217.37
888.61	1212.34
888.78	1217.05
888.96	1210.12
889.14	1221.27
889.31	1210.04
889.49	1210.29
889.67	1207.46
889.84	1214.14
890.02	1213.52
890.19	1215.47
890.37	1217.87
890.55	1217.27
890.72	1210.25
890.90	1210.29
891.08	1209.33
891.25	1217.91
891.43	1212.95
891.60	1215.67
891.78	1213.75
891.96	1218.52
892.13	1215.02
892.31	1214.22
892.48	1203.96
892.66	1219.61
892.84	1210.74
893.01	1219.28
893.19	1210.19
893.36	1218.15
893.54	1215.31
893.72	1205.48
893.89	1202.42
894.07	1216.37
894.24	1208.40
894.42	1228.70
894.60	1213.44
894.77	1218.87
894.95	1214.18
895.12	1214.59
895.30	1211.60
895.48	1217.31
895.65	1210.10
895.83	1216.15
896.00	1208.69
896.18	1221.10
896.35	1209.04
896.53	1219.36
896.71	1206.70
896.88	1216.47
897.06	1212.99
897.23	1216.51
897.41	1212.11
897.58	1216.25
897.76	1208.42
897.93	1215.06
898.11	1205.60
898.29	1211.60
898.46	1205.78
898.64	1219.79
898.81	1207.26
898.99	1214.59
899.16	1214.96
899.34	1216.39
899.51	1205.56
899.69	1213.69
899.86	1211.43
900.04	1220.34
900.21	1214.04
900.39	1216.10
900.57	1207.11
900.74	1203.90
900.92	1203.35
901.09	1209.45
901.27	1211.74
901.44	1218.46
901.62	1205.37
901.79	1213.09
901.97	1207.56
902.14	1216.23
902.32	1208.65
902.49	1222.78
902.67	1204.27
902.84	1215.55
903.02	1204.23
903.19	1216.88
903.37	1206.79
903.54	1217.99
903.72	1205.21
903.89	1218.95
904.07	1211.50
904.24	1220.26
904.42	1218.79
904.59	1220.43
904.77	1206.05
904.94	1222.04
905.12	1212.70
905.29	1218.36
905.47	1210.08
905.64	1219.03
905.82	1214.71
905.99	1220.16
906.16	1205.29
906.34	1227.22
906.51	1212.09
906.69	1214.94
906.86	1213.63
907.04	1217.39
907.21	1205.82
907.39	1215.59
907.56	1212.36
907.74	1211.62
907.91	1210.53
908.09	1214.38
908.26	1211.17
908.43	1216.90
908.61	1208.85
908.78	1217.70
908.96	1213.65
909.13	1213.26
909.31	1205.25
909.48	1218.17
909.65	1207.28
909.83	1223.76
910.00	1219.09
910.18	1219.40
910.35	1216.19
910.53	1218.36
910.70	1217.17
910.87	1213.69
911.05	1211.84
911.22	1209.06
911.40	1208.04
911.57	1213.95
911.75	1215.16
911.92	1213.75
912.09	1212.11
912.27	1212.36
912.44	1209.88
912.62	1213.42
912.79	1212.83
912.96	1221.14
913.14	1205.70
913.31	1217.99
913.49	1212.48
913.66	1216.53
913.83	1208.51
914.01	1216.92
914.18	1212.13
914.36	1220.81
914.53	1209.59
914.70	1218.07
914.88	1215.47
915.05	1214.73
915.22	1210.49
915.40	1214.02
915.57	1210.33
915.75	1220.24
915.92	1209.10
916.09	1209.63
916.27	1213.59
916.44	1218.95
916.61	1207.26
916.79	1212.15
916.96	1214.59
917.13	1215.51
917.31	1210.35
917.48	1212.64
917.66	1203.63
917.83	1215.41
918.00	1206.19
918.18	1219.93
918.35	1211.78
918.52	1218.30
918.70	1213.59
918.87	1209.14
919.04	1209.24
919.22	1216.60
919.39	1212.21
919.56	1220.88
919.74	1212.97
919.91	1220.47
920.08	1210.25
920.26	1209.63
920.43	1204.04
920.60	1212.25
920.78	1212.25
920.95	1213.38
921.12	1210.55
921.29	1209.78
921.47	1213.18
921.64	1218.44
921.81	1207.34
921.99	1217.11
922.16	1206.32
922.33	1214.34
922.51	1215.12
922.68	1221.98
922.85	1209.06
923.03	1215.31
923.20	1205.15
923.37	1217.42
923.54	1215.51
923.72	1219.34
923.89	1212.91
924.06	1223.80
924.24	1207.36
924.41	1214.86
924.58	1205.54
924.75	1221.55
924.93	1206.75
925.10	1215.20
925.27	1207.85
925.44	1218.75
925.62	1211.09
925.79	1215.55
925.96	1209.84
926.14	1213.83
926.31	1216.43
926.48	1219.81
926.65	1207.52
926.83	1218.36
927.00	1206.17
927.17	1215.22
927.34	1202.24
927.52	1219.97
927.69	1207.26
927.86	1216.66
928.03	1210.86
928.21	1214.77
928.38	1215.33
928.55	1226.04
928.72	1205.60
928.89	1213.42
929.07	1212.68
929.24	1219.69
929.41	1205.11
929.58	1210.14
929.76	1206.42
929.93	1212.38
930.10	1209.84
930.27	1214.06
930.44	1210.64
930.62	1217.97
930.79	1206.85
930.96	1215.33
931.13	1205.64
931.31	1218.66
931.48	1208.98
931.65	1213.52
931.82	1211.82
931.99	1211.78
932.17	1211.54
932.34	1215.16
932.51	1208.67
932.68	1219.46
932.85	1209.45
933.03	1216.35
933.20	1206.91
933.37	1218.77
933.54	1210.00
933.71	1218.15
933.88	1214.59
934.06	1221.04
934.23	1215.29
934.40	1220.32
934.57	1210.27
934.74	1214.55
934.91	1212.52
935.09	1215.12
935.26	1209.35
935.43	1220.12
935.60	1207.44
935.77	1219.22
935.94	1210.25
936.12	1217.95
936.29	1210.57
936.46	1218.58
936.63	1208.42
936.80	1218.58
936.97	1207.69
937.14	1219.09
937.32	1210.10
937.49	1220.12
937.66	1209.59
937.83	1221.16
938.00	1212.11
938.17	1215.84
938.34	1216.72
938.52	1210.66
938.69	1211.11
938.86	1219.18
939.03	1208.53
939.20	1212.68
939.37	1206.85
939.54	1215.20
939.71	1211.80
939.89	1214.83
940.06	1207.56
940.23	1212.46
940.40	1205.27
940.57	1214.92
940.74	1206.64
940.91	1213.11
941.08	1209.12
941.25	1213.83
941.43	1215.86
941.60	1217.85
941.77	1214.63
941.94	1217.91
942.11	1209.90
942.28	1214.16
942.45	1208.04
942.62	1209.37
942.79	1214.02
942.96	1211.91
943.13	1209.35
943.30	1209.69
943.48	1212.54
943.65	1211.33
943.82	1211.21
943.99	1217.60
944.16	1208.90
944.33	1211.35
944.50	1209.69
944.67	1212.62
944.84	1209.31
945.01	1214.86
945.18	1214.77
945.35	1212.97
945.52	1210.70
945.69	1217.82
945.86	1210.78
946.03	1217.27
946.21	1209.55
946.38	1217.78
946.55	1208.08
946.72	1216.84
946.89	1214.53
947.06	1218.21
947.23	1208.51
947.40	1215.08
947.57	1213.63
947.74	1210.96
947.91	1213.36
948.08	1221.33
948.25	1213.36
948.42	1209.55
948.59	1210.88
948.76	1211.70
948.93	1210.80
949.10	1209.92
949.27	1204.02
949.44	1215.08
949.61	1207.69
949.78	1216.62
949.95	1210.47
950.12	1215.53
950.29	1207.56
950.46	1217.23
950.63	1206.21
950.80	1212.54
950.97	1205.29
951.14	1218.19
951.31	1206.64
951.48	1213.71
951.65	1208.30
951.82	1212.66
951.99	1211.91
952.16	1213.59
952.33	1204.37
952.50	1212.79
952.67	1209.41
952.84	1220.53
953.01	1210.35
953.18	1211.19
953.35	1211.13
953.52	1216.98
953.69	1211.56
953.86	1211.09
954.03	1207.28
954.20	1221.98
954.37	1217.64
954.54	1207.89
954.70	1208.90
954.87	1217.07
955.04	1207.26
955.21	1211.64
955.38	1212.58
955.55	1219.65
955.72	1206.44
955.89	1212.40
956.06	1211.64
956.23	1220.51
956.40	1203.12
956.57	1216.10
956.74	1214.12
956.91	1215.76
957.08	1210.82
957.25	1216.68
957.41	1202.85
957.58	1217.72
957.75	1207.79
957.92	1216.33
958.09	1210.14
958.26	1216.00
958.43	1211.78
958.60	1221.61
958.77	1209.84
958.94	1216.45
959.11	1202.53
959.27	1224.54
959.44	1211.03
959.61	1216.23
959.78	1211.03
959.95	1214.71
960.12	1207.30
960.29	1219.89
960.46	1206.23
960.63	1218.85
960.80	1209.63
960.96	1221.00
961.13	1212.09
961.30	1213.01
961.47	1207.73
961.64	1216.41
961.81	1204.90
961.98	1216.29
962.15	1209.10
962.31	1218.05
962.48	1212.85
962.65	1217.91
962.82	1209.20
962.99	1219.18
963.16	1212.95
963.33	1216.49
963.49	1203.92
963.66	1214.24
963.83	1212.42
964.00	1216.41
964.17	1206.99
964.34	1215.92
964.51	1205.27
964.67	1214.38
964.84	1212.27
965.01	1227.98
965.18	1218.97
965.35	1217.89
965.52	1203.90
965.68	1220.84
965.85	1216.66
966.02	1209.31
966.19	1219.42
966.36	1218.19
966.52	1206.13
966.69	1218.36
966.86	1209.43
967.03	1218.77
967.20	1206.68
967.37	1214.36
967.53	1210.84
967.70	1214.81
967.87	1202.28
968.04	1214.22
968.21	1210.60
968.37	1219.16
968.54	1207.91
968.71	1222.00
968.88	1209.49
969.05	1210.82
969.21	1212.93
969.38	1214.18
969.55	1203.26
969.72	1216.88
969.89	1214.67
970.05	1224.60
970.22	1213.91
970.39	1218.30
970.56	1207.97
970.72	1216.51
970.89	1212.56
971.06	1212.83
971.23	1209.55
971.39	1214.22
971.56	1206.99
971.73	1220.02
971.90	1205.66
972.07	1211.93
972.23	1213.32
972.40	1213.71
972.57	1208.73
972.74	1215.69
972.90	1204.74
973.07	1217.74
973.24	1206.70
973.40	1210.37
973.57	1207.01
973.74	1217.87
973.91	1208.81
974.07	1211.52
974.24	1210.98
974.41	1223.33
974.58	1208.08
974.74	1213.11
974.91	1202.92
975.08	1209.53
975.25	1199.97
975.41	1209.63
975.58	1202.63
975.75	1215.39
975.91	1209.35
976.08	1217.89
976.25	1209.06
976.42	1216.90
976.58	1208.87
976.75	1214.40
976.92	1212.38
977.08	1214.26
977.25	1206.19
977.42	1213.50
977.58	1212.66
977.75	1211.46
977.92	1214.45
978.08	1208.06
978.25	1208.49
978.42	1219.16
978.59	1217.42
978.75	1216.06
978.92	1208.38
979.09	1218.01
979.25	1211.72
979.42	1226.86
979.59	1201.26
979.75	1215.12
979.92	1217.07
980.09	1217.62
980.25	1215.65
980.42	1219.28
980.59	1216.10
980.75	1220.73
980.92	1210.17
981.09	1213.01
981.25	1215.26
981.42	1216.86
981.59	1212.40
981.75	1217.13
981.92	1207.91
982.08	1218.93
982.25	1207.44
982.42	1215.35
982.58	1208.90
982.75	1215.82
982.92	1210.70
983.08	1211.33
983.25	1206.87
983.42	1214.20
983.58	1208.38
983.75	1211.33
983.91	1210.88
984.08	1212.11
984.25	1213.85
984.41	1212.09
984.58	1213.63
984.74	1216.19
984.91	1210.78
985.08	1211.46
985.24	1212.21
985.41	1214.28
985.57	1211.19
985.74	1209.78
985.91	1207.99
986.07	1224.60
986.24	1215.26
986.40	1215.67
986.57	1210.92
986.74	1215.67
986.90	1210.80
987.07	1213.03
987.23	1212.87
987.40	1213.52
987.57	1211.95
987.73	1220.47
987.90	1202.40
988.06	1219.05
988.23	1211.70
988.39	1218.56
988.56	1210.27
988.73	1221.10
988.89	1207.95
989.06	1217.99
989.22	1209.78
989.39	1220.43
989.55	1209.88
989.72	1218.38
989.88	1208.20
990.05	1217.29
990.22	1206.50
990.38	1218.46
990.55	1210.86
990.71	1217.13
990.88	1207.91
991.04	1215.12
991.21	1203.63
991.37	1215.06
991.54	1203.55
991.70	1214.83
991.87	1212.91
992.03	1215.24
992.20	1208.20
992.36	1211.50
992.53	1210.37
992.69	1217.37
992.86	1213.34
993.03	1214.45
993.19	1211.66
993.36	1224.40
993.52	1202.18
993.69	1218.17
993.85	1206.21
994.02	1211.31
994.18	1208.24
994.35	1215.02
994.51	1211.00
994.68	1214.53
994.84	1218.38
995.01	1213.89
995.17	1210.23
995.34	1218.48
995.50	1212.01
995.66	1221.10
995.83	1210.14
995.99	1221.49
996.16	1210.72
996.32	1210.55
996.49	1201.71
996.65	1213.85
996.82	1213.36
996.98	1213.32
997.15	1207.18
997.31	1214.18
997.48	1207.48
997.64	1215.45
997.81	1210.43
997.97	1219.01
998.13	1212.25
998.30	1214.98
998.46	1209.00
998.63	1215.76
998.79	1206.42
998.96	1215.10
999.12	1206.48
999.29	1208.20
999.45	1214.12
999.61	1217.07
999.78	1211.50
999.94	1219.26
1000.11	1214.04
1000.27	1216.84
1000.44	1212.36
1000.60	1218.48
1000.76	1208.71
1000.93	1220.84
1001.09	1216.72
1001.26	1216.74
1001.42	1213.97
1001.59	1217.35
1001.75	1210.23
1001.91	1216.96
1002.08	1205.29
1002.24	1213.36
1002.41	1210.72
1002.57	1218.09
1002.73	1209.51
1002.90	1211.99
1003.06	1208.59
1003.23	1213.24
1003.39	1209.51
1003.55	1214.88
1003.72	1212.25
1003.88	1225.14
1004.04	1207.46
1004.21	1221.74
1004.37	1211.82
1004.54	1217.23
1004.70	1217.33
1004.86	1217.91
1005.03	1212.05
1005.19	1209.94
1005.35	1214.96
1005.52	1211.41
1005.68	1212.46
1005.85	1214.02
1006.01	1210.10
1006.17	1214.49
1006.34	1207.42
1006.50	1216.74
1006.66	1215.35
1006.83	1226.02
1006.99	1210.96
1007.15	1222.10
1007.32	1216.68
1007.48	1211.33
1007.64	1208.98
1007.81	1215.37
1007.97	1206.36
1008.13	1213.89
1008.30	1214.04
1008.46	1223.72
1008.62	1211.50
1008.79	1210.49
1008.95	1210.02
1009.11	1221.57
1009.28	1207.99
1009.44	1220.24
1009.60	1210.72
1009.77	1220.06
1009.93	1210.84
1010.09	1217.58
1010.25	1212.62
1010.42	1218.87
1010.58	1213.67
1010.74	1217.09
1010.91	1209.14
1011.07	1215.72
1011.23	1207.48
1011.40	1217.25
1011.56	1212.34
1011.72	1208.38
1011.88	1212.79
1012.05	1211.82
1012.21	1210.82
1012.37	1218.48
1012.54	1207.91
1012.70	1216.35
1012.86	1211.89
1013.02	1217.62
1013.19	1211.56
1013.35	1216.62
1013.51	1213.71
1013.67	1214.20
1013.84	1213.75
1014.00	1215.26
1014.16	1209.35
1014.33	1219.24
1014.49	1209.76
1014.65	1214.94
1014.81	1211.43
1014.98	1217.25
1015.14	1211.50
1015.30	1212.77
1015.46	1208.34
1015.62	1214.22
1015.79	1205.78
1015.95	1215.02
1016.11	1209.71
1016.27	1222.00
1016.44	1207.63
1016.60	1210.04
1016.76	1211.78
1016.92	1209.69
1017.09	1210.80
1017.25	1212.77
1017.41	1208.06
1017.57	1217.97
1017.73	1210.72
1017.90	1217.78
1018.06	1209.98
1018.22	1218.07
1018.38	1214.22
1018.54	1213.26
1018.71	1206.95
1018.87	1217.56
1019.03	1210.57
1019.19	1222.39
1019.35	1210.92
1019.52	1219.59
1019.68	1213.50
1019.84	1217.23
1020.00	1205.97
1020.16	1215.04
1020.33	1205.09
1020.49	1215.82
1020.65	1210.29
1020.81	1221.16
1020.97	1210.02
1021.13	1211.31
1021.30	1213.26
1021.46	1213.38
1021.62	1207.05
1021.78	1215.49
1021.94	1206.09
1022.10	1219.20
1022.27	1211.00
1022.43	1217.82
1022.59	1205.91
1022.75	1215.69
1022.91	1210.14
1023.07	1214.22
1023.24	1207.91
1023.40	1216.68
1023.56	1213.20
1023.72	1219.34
1023.88	1209.69
1024.04	1215.43
1024.20	1211.99
1024.36	1213.07
1024.53	1206.62
1024.69	1211.46
1024.85	1205.29
1025.01	1216.06
1025.17	1204.12
1025.33	1212.27
1025.49	1214.81
1025.65	1211.23
1025.82	1211.37
1025.98	1221.20
1026.14	1214.12
1026.30	1217.19
1026.46	1210.57
1026.62	1216.80
1026.78	1211.91
1026.94	1219.81
1027.10	1210.94
1027.26	1217.62
1027.43	1213.24
1027.59	1220.12
1027.75	1205.11
1027.91	1219.14
1028.07	1205.58
1028.23	1216.74
1028.39	1208.01
1028.55	1214.94
1028.71	1205.17
1028.87	1219.03
1029.03	1205.41
1029.19	1212.01
1029.36	1207.07
1029.52	1206.40
1029.68	1202.71
1029.84	1214.65
1030.00	1217.01
1030.16	1225.09
1030.32	1217.13
1030.48	1214.61
1030.64	1212.34
1030.80	1224.99
1030.96	1212.89
1031.12	1219.20
1031.28	1210.70
1031.44	1215.24
1031.60	1210.92
1031.76	1211.66
1031.92	1209.76
1032.08	1235.15
1032.24	1210.64
1032.40	1218.19
1032.56	1213.32
1032.73	1214.51
1032.89	1213.79
1033.05	1212.42
1033.21	1208.49
1033.37	1213.52
1033.53	1211.03
1033.69	1212.34
1033.85	1208.28
1034.01	1212.75
1034.17	1216.92
1034.33	1220.24
1034.49	1210.66
1034.65	1213.01
1034.81	1209.39
1034.97	1216.62
1035.13	1210.86
1035.29	1218.42
1035.45	1207.77
1035.61	1223.07
1035.77	1203.53
1035.93	1216.29
1036.09	1210.23
1036.25	1216.64
1036.41	1210.04
1036.57	1213.52
1036.73	1201.36
1036.88	1224.62
1037.04	1210.00
