345.52	1204.98
345.73	1204.98
345.94	1204.98
346.16	1192.68
346.37	1195.69
346.58	1196.79
346.79	1207.71
347.00	1203.43
347.22	1208.38
347.43	1201.87
347.64	1209.14
347.85	1198.00
348.06	1212.34
348.28	1198.25
348.49	1204.94
348.70	1211.54
348.91	1205.23
349.12	1196.96
349.34	1216.98
349.55	1201.79
349.76	1211.25
349.97	1198.12
350.18	1213.77
350.40	1207.56
350.61	1212.23
350.82	1204.51
351.03	1215.61
351.24	1204.92
351.46	1209.71
351.67	1203.82
351.88	1209.55
352.09	1208.40
352.30	1216.82
352.51	1199.64
352.73	1211.66
352.94	1201.44
353.15	1210.82
353.36	1208.73
353.57	1208.40
353.79	1204.23
354.00	1213.28
354.21	1209.67
354.42	1209.94
354.63	1199.82
354.84	1214.22
355.06	1207.13
355.27	1208.57
355.48	1209.53
355.69	1212.13
355.90	1205.05
356.11	1208.96
356.33	1198.68
356.54	1223.72
356.75	1208.26
356.96	1213.22
357.17	1202.67
357.38	1207.38
357.60	1205.64
357.81	1214.51
358.02	1209.28
358.23	1212.97
358.44	1203.32
358.65	1207.93
358.87	1212.89
359.08	1213.85
359.29	1198.00
359.50	1214.55
359.71	1208.04
359.92	1214.10
360.13	1204.06
360.35	1214.55
360.56	1204.84
360.77	1216.37
360.98	1213.24
361.19	1205.35
361.40	1207.83
361.62	1213.40
361.83	1203.18
362.04	1208.96
362.25	1208.38
362.46	1212.42
362.67	1211.35
362.88	1213.20
363.10	1207.52
363.31	1206.40
363.52	1207.67
363.73	1214.08
363.94	1208.55
364.15	1213.11
364.36	1208.12
364.57	1211.15
364.79	1203.80
365.00	1209.78
365.21	1211.76
365.42	1209.94
365.63	1209.28
365.84	1207.91
366.05	1204.25
366.27	1216.60
366.48	1209.69
366.69	1214.79
366.90	1203.57
367.11	1208.47
367.32	1212.81
367.53	1213.77
367.74	1208.83
367.95	1215.29
368.17	1203.16
368.38	1216.62
368.59	1204.39
368.80	1208.77
369.01	1209.84
369.22	1211.03
369.43	1210.04
369.64	1209.45
369.86	1210.41
370.07	1213.83
370.28	1208.47
370.49	1217.39
370.70	1217.01
370.91	1209.35
371.12	1208.55
371.33	1210.14
371.54	1209.61
371.76	1217.82
371.97	1207.73
372.18	1213.97
372.39	1209.76
372.60	1212.42
372.81	1211.50
373.02	1211.11
373.23	1210.43
373.44	1217.58
373.65	1212.93
373.87	1212.93
374.08	1207.61
374.29	1213.83
374.50	1215.16
374.71	1208.42
374.92	1211.19
375.13	1214.86
375.34	1206.03
375.55	1215.76
375.76	1207.91
375.97	1218.15
376.19	1212.97
376.40	1223.35
376.61	1207.54
376.82	1216.94
377.03	1210.41
377.24	1219.28
377.45	1204.19
377.66	1214.71
377.87	1208.61
378.08	1216.88
378.29	1209.24
378.50	1213.38
378.71	1205.76
378.93	1204.00
379.14	1209.84
379.35	1210.57
379.56	1217.80
379.77	1216.33
379.98	1203.96
380.19	1214.77
380.40	1206.17
380.61	1213.40
380.82	1213.48
381.03	1209.67
381.24	1212.66
381.45	1212.81
381.66	1204.37
381.88	1209.69
382.09	1207.73
382.30	1216.55
382.51	1209.02
382.72	1212.17
382.93	1211.76
383.14	1213.24
383.35	1214.61
383.56	1214.02
383.77	1204.98
383.98	1214.40
384.19	1205.76
384.40	1212.19
384.61	1209.57
384.82	1217.42
385.03	1207.56
385.24	1214.71
385.45	1210.64
385.67	1210.70
385.88	1210.70
386.09	1214.30
386.30	1203.00
386.51	1208.55
386.72	1207.34
386.93	1207.56
387.14	1205.54
387.35	1215.53
387.56	1202.36
387.77	1210.04
387.98	1208.61
388.19	1212.32
388.40	1211.11
388.61	1213.73
388.82	1202.42
389.03	1208.22
389.24	1210.04
389.45	1215.08
389.66	1200.95
389.87	1224.71
390.08	1209.16
390.29	1209.69
390.50	1211.23
390.71	1212.27
390.92	1210.66
391.13	1216.37
391.34	1204.59
391.55	1216.15
391.76	1211.91
391.98	1219.59
392.19	1209.12
392.40	1209.14
392.61	1206.13
392.82	1217.99
393.03	1210.45
393.24	1208.55
393.45	1205.43
393.66	1214.20
393.87	1208.61
394.08	1217.82
394.29	1210.25
394.50	1214.83
394.71	1208.04
394.92	1210.96
395.13	1208.34
395.34	1216.70
395.55	1209.69
395.76	1213.87
395.97	1208.32
396.18	1211.21
396.39	1203.26
396.60	1214.36
396.81	1213.54
397.02	1208.59
397.23	1206.13
397.44	1214.98
397.65	1206.11
397.86	1214.22
398.07	1202.81
398.28	1211.09
398.49	1202.22
398.70	1208.40
398.91	1203.06
399.12	1210.60
399.33	1207.69
399.54	1216.53
399.75	1211.52
399.96	1209.61
400.17	1205.07
400.38	1221.08
400.59	1209.61
400.80	1218.07
401.01	1211.15
401.22	1213.26
401.42	1208.85
401.63	1215.59
401.84	1200.62
402.05	1216.04
402.26	1209.41
402.47	1213.36
402.68	1207.89
402.89	1215.86
403.10	1203.63
403.31	1219.75
403.52	1213.01
403.73	1214.32
403.94	1205.41
404.15	1220.36
404.36	1208.12
404.57	1212.99
404.78	1206.05
404.99	1214.40
405.20	1204.21
405.41	1211.54
405.62	1213.05
405.83	1221.35
406.04	1212.64
406.25	1215.63
406.46	1208.51
406.67	1218.25
406.88	1207.34
407.09	1215.18
407.30	1203.78
407.50	1221.37
407.71	1201.63
407.92	1214.57
408.13	1213.69
408.34	1208.42
408.55	1219.36
408.76	1219.63
408.97	1211.48
409.18	1225.44
409.39	1213.38
409.60	1211.50
409.81	1211.99
410.02	1218.66
410.23	1211.07
410.44	1221.86
410.65	1215.37
410.86	1213.63
411.07	1216.53
411.27	1223.85
411.48	1219.40
411.69	1219.11
411.90	1217.07
412.11	1222.80
412.32	1213.44
412.53	1217.11
412.74	1206.07
412.95	1215.53
413.16	1215.29
413.37	1222.13
413.58	1214.30
413.79	1223.58
414.00	1213.42
414.20	1225.89
414.41	1208.94
414.62	1224.69
414.83	1215.06
415.04	1223.09
415.25	1212.07
415.46	1223.13
415.67	1216.37
415.88	1225.44
416.09	1215.41
416.30	1222.31
416.51	1214.98
416.71	1222.10
416.92	1214.08
417.13	1222.51
417.34	1217.23
417.55	1225.09
417.76	1215.45
417.97	1220.28
418.18	1220.06
418.39	1214.38
418.60	1219.46
418.81	1232.14
419.01	1212.99
419.22	1228.68
419.43	1213.09
419.64	1220.49
419.85	1217.95
420.06	1221.70
420.27	1217.70
420.48	1218.58
420.69	1214.69
420.90	1213.59
421.10	1216.98
421.31	1213.40
421.52	1219.28
421.73	1210.47
421.94	1212.58
422.15	1219.26
422.36	1212.87
422.57	1217.50
422.78	1212.81
422.98	1214.51
423.19	1210.64
423.40	1211.25
423.61	1214.24
423.82	1218.75
424.03	1211.05
424.24	1216.88
424.45	1210.55
424.65	1213.20
424.86	1213.01
425.07	1212.23
425.28	1210.02
425.49	1214.81
425.70	1214.32
425.91	1212.93
426.12	1206.44
426.32	1211.66
426.53	1208.18
426.74	1213.24
426.95	1204.86
427.16	1216.04
427.37	1203.10
427.58	1214.71
427.78	1208.32
427.99	1216.08
428.20	1209.53
428.41	1214.96
428.62	1209.51
428.83	1216.15
429.04	1209.57
429.24	1215.43
429.45	1212.85
429.66	1209.96
429.87	1213.50
430.08	1216.31
430.29	1212.81
430.50	1217.89
430.70	1204.96
430.91	1205.31
431.12	1206.60
431.33	1221.70
431.54	1205.35
431.75	1218.03
431.96	1211.11
432.16	1222.19
432.37	1210.72
432.58	1210.10
432.79	1211.07
433.00	1208.14
433.21	1210.55
433.41	1212.50
433.62	1216.70
433.83	1209.43
434.04	1207.89
434.25	1210.57
434.46	1206.89
434.66	1219.89
434.87	1208.75
435.08	1213.93
435.29	1207.48
435.50	1210.47
435.71	1211.52
435.91	1216.90
436.12	1201.07
436.33	1211.64
436.54	1210.02
436.75	1212.44
436.95	1208.71
437.16	1209.61
437.37	1206.01
437.58	1217.66
437.79	1206.32
438.00	1215.90
438.20	1208.42
438.41	1219.32
438.62	1207.75
438.83	1218.62
439.04	1207.58
439.24	1215.16
439.45	1214.30
439.66	1208.83
439.87	1203.49
440.08	1217.31
440.28	1208.65
440.49	1207.67
440.70	1207.56
440.91	1218.19
441.12	1206.60
441.32	1210.98
441.53	1202.71
441.74	1207.07
441.95	1208.36
442.16	1213.46
442.36	1201.44
442.57	1213.99
442.78	1206.03
442.99	1216.96
443.20	1206.72
443.40	1213.73
443.61	1198.92
443.82	1209.92
444.03	1209.35
444.24	1214.49
444.44	1200.91
444.65	1218.44
444.86	1209.16
445.07	1208.32
445.27	1204.68
445.48	1209.67
445.69	1211.05
445.90	1217.05
446.11	1215.59
446.31	1212.54
446.52	1209.57
446.73	1210.80
446.94	1205.05
447.14	1212.52
447.35	1204.29
447.56	1213.83
447.77	1209.35
447.97	1214.47
448.18	1211.78
448.39	1211.46
448.60	1205.56
448.81	1214.02
449.01	1208.47
449.22	1214.90
449.43	1210.33
449.64	1206.77
449.84	1208.01
450.05	1217.39
450.26	1205.07
450.47	1215.90
450.67	1206.34
450.88	1211.00
451.09	1211.68
451.30	1208.10
451.50	1202.51
451.71	1214.26
451.92	1205.66
452.13	1206.46
452.33	1206.01
452.54	1214.38
452.75	1211.21
452.96	1215.86
453.16	1210.12
453.37	1206.38
453.58	1212.21
453.79	1216.94
453.99	1209.45
454.20	1205.21
454.41	1207.11
454.61	1211.13
454.82	1209.41
455.03	1217.29
455.24	1212.19
455.44	1219.26
455.65	1203.30
455.86	1210.29
456.07	1203.92
456.27	1216.92
456.48	1203.88
456.69	1216.39
456.90	1207.05
457.10	1218.38
457.31	1209.92
457.52	1215.96
457.72	1213.48
457.93	1210.55
458.14	1213.77
458.35	1207.58
458.55	1205.70
458.76	1217.03
458.97	1207.44
459.17	1211.41
459.38	1214.73
459.59	1216.29
459.80	1212.38
460.00	1212.36
460.21	1207.85
460.42	1216.78
460.62	1199.39
460.83	1214.55
461.04	1204.76
461.25	1218.34
461.45	1208.42
461.66	1213.46
461.87	1207.15
462.07	1212.38
462.28	1207.61
462.49	1211.64
462.69	1213.38
462.90	1215.63
463.11	1204.88
463.31	1220.30
463.52	1205.13
463.73	1210.94
463.94	1207.87
464.14	1209.33
464.35	1206.50
464.56	1205.21
464.76	1212.17
464.97	1209.94
465.18	1207.38
465.38	1207.09
465.59	1206.77
465.80	1214.75
466.00	1214.49
466.21	1219.46
466.42	1202.01
466.62	1212.87
466.83	1206.70
467.04	1219.79
467.24	1205.19
467.45	1211.99
467.66	1208.42
467.86	1217.09
468.07	1205.80
468.28	1220.63
468.48	1210.76
468.69	1223.31
468.90	1203.71
469.10	1221.70
469.31	1207.89
469.52	1224.52
469.72	1208.69
469.93	1220.88
470.14	1207.83
470.34	1211.17
470.55	1207.09
470.76	1217.60
470.96	1204.55
471.17	1213.36
471.38	1207.83
471.58	1214.75
471.79	1205.72
472.00	1211.39
472.20	1203.59
472.41	1211.72
472.62	1206.85
472.82	1221.27
473.03	1204.76
473.24	1216.17
473.44	1213.36
473.65	1212.81
473.85	1206.89
474.06	1219.44
474.27	1208.71
474.47	1209.47
474.68	1205.33
474.89	1217.37
475.09	1203.94
475.30	1215.55
475.51	1206.21
475.71	1212.25
475.92	1210.25
476.12	1214.47
476.33	1208.38
476.54	1213.20
476.74	1214.73
476.95	1216.35
477.16	1199.56
477.36	1206.48
477.57	1204.84
477.77	1215.06
477.98	1207.24
478.19	1211.62
478.39	1204.41
478.60	1212.40
478.81	1209.53
479.01	1211.60
479.22	1205.99
479.42	1216.21
479.63	1211.72
479.84	1220.57
480.04	1209.71
480.25	1216.68
480.45	1203.30
480.66	1218.83
480.87	1216.92
481.07	1210.39
481.28	1204.00
481.48	1219.11
481.69	1211.60
481.90	1212.23
482.10	1212.95
482.31	1218.07
482.51	1211.31
482.72	1218.83
482.93	1200.70
483.13	1211.23
483.34	1206.64
483.54	1212.93
483.75	1212.44
483.96	1225.67
484.16	1208.92
484.37	1220.30
484.57	1204.10
484.78	1217.99
484.99	1202.77
485.19	1214.45
485.40	1215.08
485.60	1219.32
485.81	1207.79
486.01	1217.60
486.22	1219.20
486.43	1212.52
486.63	1205.21
486.84	1215.43
487.04	1199.04
487.25	1220.59
487.46	1208.12
487.66	1212.91
487.87	1217.33
488.07	1214.49
488.28	1211.09
488.48	1222.23
488.69	1212.17
488.89	1220.73
489.10	1204.94
489.31	1215.14
489.51	1208.36
489.72	1210.92
489.92	1207.54
490.13	1215.80
490.33	1209.71
490.54	1214.55
490.75	1204.92
490.95	1215.18
491.16	1208.47
491.36	1215.57
491.57	1212.03
491.77	1209.10
491.98	1207.61
492.18	1217.01
492.39	1205.41
492.59	1209.59
492.80	1211.72
493.01	1211.78
493.21	1210.06
493.42	1212.68
493.62	1212.17
493.83	1218.89
494.03	1202.81
494.24	1213.75
494.44	1209.88
494.65	1212.97
494.85	1204.94
495.06	1214.18
495.26	1215.55
495.47	1204.88
495.68	1203.32
495.88	1221.39
496.09	1211.56
496.29	1217.52
496.50	1211.72
496.70	1217.23
496.91	1209.71
497.11	1220.12
497.32	1211.64
497.52	1212.42
497.73	1203.43
497.93	1213.69
498.14	1206.52
498.34	1219.44
498.55	1210.88
498.75	1213.52
498.96	1208.34
499.16	1211.91
499.37	1205.25
499.57	1217.62
499.78	1210.70
499.98	1217.68
500.19	1207.11
500.39	1213.73
500.60	1209.49
500.80	1213.32
501.01	1203.82
501.21	1213.65
501.42	1205.37
501.62	1206.27
501.83	1212.03
502.03	1216.55
502.24	1210.62
502.44	1222.33
502.65	1204.10
502.85	1210.92
503.06	1198.43
503.26	1214.28
503.47	1208.20
503.67	1210.66
503.88	1202.10
504.08	1221.37
504.29	1206.91
504.49	1214.94
504.70	1211.35
504.90	1210.31
505.11	1208.65
505.31	1212.07
505.52	1211.62
505.72	1209.86
505.93	1212.30
506.13	1212.68
506.34	1212.40
506.54	1212.38
506.75	1206.52
506.95	1214.16
507.16	1209.24
507.36	1210.41
507.56	1203.55
507.77	1213.71
507.97	1209.84
508.18	1208.08
508.38	1208.42
508.59	1219.77
508.79	1209.80
509.00	1215.57
509.20	1213.81
509.41	1217.35
509.61	1210.57
509.82	1216.64
510.02	1209.39
510.22	1205.78
510.43	1210.80
510.63	1209.94
510.84	1207.75
511.04	1219.40
511.25	1200.52
511.45	1215.61
511.66	1205.88
511.86	1215.94
512.06	1210.57
512.27	1212.58
512.47	1210.06
512.68	1219.16
512.88	1205.52
513.09	1216.88
513.29	1203.96
513.50	1214.75
513.70	1207.24
513.90	1216.39
514.11	1205.29
514.31	1211.91
514.52	1210.06
514.72	1212.32
514.93	1207.69
515.13	1217.07
515.33	1208.83
515.54	1211.07
515.74	1213.44
515.95	1208.96
516.15	1215.74
516.36	1215.49
516.56	1208.65
516.76	1217.85
516.97	1207.50
517.17	1216.86
517.38	1207.42
517.58	1213.24
517.78	1213.40
517.99	1217.93
518.19	1206.34
518.40	1215.37
518.60	1202.08
518.81	1210.39
519.01	1209.31
519.21	1211.23
519.42	1213.48
519.62	1218.17
519.83	1216.10
520.03	1212.03
520.23	1212.30
520.44	1215.31
520.64	1207.79
520.85	1213.28
521.05	1205.35
521.25	1222.45
521.46	1205.62
521.66	1216.45
521.86	1204.68
522.07	1214.57
522.27	1209.26
522.48	1213.52
522.68	1210.74
522.88	1216.49
523.09	1212.27
523.29	1218.42
523.50	1207.03
523.70	1218.36
523.90	1203.20
524.11	1208.40
524.31	1208.30
524.51	1225.24
524.72	1206.11
524.92	1217.50
525.13	1207.34
525.33	1210.98
525.53	1212.68
525.74	1218.81
525.94	1206.34
526.14	1212.66
526.35	1208.79
526.55	1211.50
526.76	1204.41
526.96	1212.56
527.16	1200.19
527.37	1213.46
527.57	1211.39
527.77	1213.30
527.98	1209.04
528.18	1218.13
528.38	1203.43
528.59	1215.33
528.79	1208.32
528.99	1218.09
529.20	1207.36
529.40	1214.77
529.61	1208.75
529.81	1215.18
530.01	1208.65
530.22	1218.56
530.42	1216.64
530.62	1211.99
530.83	1209.76
531.03	1217.72
531.23	1207.09
531.44	1214.55
531.64	1203.63
531.84	1212.99
532.05	1210.33
532.25	1216.72
532.45	1209.71
532.66	1215.16
532.86	1209.53
533.06	1209.98
533.27	1214.63
533.47	1220.57
533.67	1206.68
533.88	1217.58
534.08	1204.16
534.28	1212.70
534.49	1216.35
534.69	1213.83
534.89	1214.22
535.09	1214.94
535.30	1203.53
535.50	1215.47
535.70	1208.32
535.91	1219.89
536.11	1205.62
536.31	1214.38
536.52	1208.28
536.72	1215.35
536.92	1209.61
537.13	1216.66
537.33	1210.10
537.53	1213.28
537.74	1204.84
537.94	1207.95
538.14	1210.04
538.34	1215.47
538.55	1210.76
538.75	1223.07
538.95	1205.29
539.16	1211.35
539.36	1209.14
539.56	1208.57
539.77	1207.40
539.97	1213.11
540.17	1208.12
540.37	1208.57
540.58	1206.72
540.78	1210.74
540.98	1208.98
541.19	1216.96
541.39	1209.94
541.59	1225.71
541.79	1205.33
542.00	1217.60
542.20	1212.17
542.40	1213.03
542.60	1206.56
542.81	1214.38
543.01	1211.11
543.21	1211.64
543.42	1208.59
543.62	1220.22
543.82	1210.78
544.02	1213.07
544.23	1206.83
544.43	1213.28
544.63	1212.73
544.83	1213.20
545.04	1213.18
545.24	1217.46
545.44	1212.89
545.64	1213.11
545.85	1209.61
546.05	1210.39
546.25	1205.74
546.45	1217.99
546.66	1208.14
546.86	1212.09
547.06	1205.68
547.27	1217.44
547.47	1203.12
547.67	1217.54
547.87	1209.45
548.07	1218.01
548.28	1209.86
548.48	1212.46
548.68	1205.29
548.88	1217.33
549.09	1208.49
549.29	1209.90
549.49	1208.18
549.69	1210.29
549.90	1209.94
550.10	1213.30
550.30	1205.21
550.50	1213.61
550.71	1208.87
550.91	1216.66
551.11	1203.00
551.31	1212.56
551.51	1209.59
551.72	1213.46
551.92	1207.69
552.12	1210.64
552.32	1207.01
552.53	1217.35
552.73	1205.99
552.93	1204.47
553.13	1207.65
553.33	1213.13
553.54	1210.55
553.74	1218.38
553.94	1202.08
554.14	1213.01
554.35	1208.16
554.55	1212.21
554.75	1211.27
554.95	1218.38
555.15	1213.73
555.36	1211.80
555.56	1212.64
555.76	1208.10
555.96	1209.55
556.16	1214.47
556.37	1208.36
556.57	1210.70
556.77	1204.68
556.97	1217.27
557.17	1210.53
557.38	1215.92
557.58	1209.00
557.78	1211.74
557.98	1204.27
558.18	1212.87
558.38	1205.25
558.59	1217.17
558.79	1206.05
558.99	1213.18
559.19	1209.49
559.39	1210.82
559.60	1209.86
559.80	1210.92
560.00	1200.50
560.20	1215.55
560.40	1207.95
560.60	1221.33
560.81	1214.18
561.01	1217.58
561.21	1209.63
561.41	1221.61
561.61	1207.24
561.81	1215.33
562.02	1211.35
562.22	1218.36
562.42	1207.99
562.62	1219.11
562.82	1207.28
563.02	1218.58
563.23	1207.44
563.43	1211.62
563.63	1205.25
563.83	1212.48
564.03	1210.80
564.23	1215.96
564.43	1210.17
564.64	1211.62
564.84	1206.64
565.04	1210.82
565.24	1210.70
565.44	1215.22
565.64	1203.47
565.85	1210.35
566.05	1201.52
566.25	1214.10
566.45	1208.32
566.65	1214.69
566.85	1213.11
567.05	1210.29
567.25	1210.08
567.46	1215.16
567.66	1203.84
567.86	1217.54
568.06	1210.68
568.26	1218.68
568.46	1206.23
568.66	1213.16
568.86	1206.15
569.07	1210.62
569.27	1211.07
569.47	1211.43
569.67	1202.71
569.87	1214.51
570.07	1208.85
570.27	1216.08
570.47	1208.69
570.68	1209.37
570.88	1208.08
571.08	1214.96
571.28	1203.06
571.48	1205.93
571.68	1205.82
571.88	1217.70
572.08	1214.28
572.28	1210.98
572.49	1207.77
572.69	1215.63
572.89	1207.77
573.09	1220.51
573.29	1208.24
573.49	1211.29
573.69	1213.01
573.89	1210.14
574.09	1212.21
574.29	1214.34
574.50	1205.27
574.70	1215.08
574.90	1215.96
575.10	1214.69
575.30	1209.26
575.50	1207.89
575.70	1207.77
575.90	1204.78
576.10	1215.84
576.30	1211.23
576.50	1204.84
576.70	1211.70
576.91	1206.44
577.11	1213.81
577.31	1208.22
577.51	1212.21
577.71	1207.65
577.91	1216.15
578.11	1211.00
578.31	1216.27
578.51	1217.13
578.71	1212.48
578.91	1205.99
579.11	1213.24
579.31	1210.94
579.51	1216.10
579.71	1210.47
579.92	1218.03
580.12	1214.16
580.32	1217.01
580.52	1212.01
580.72	1211.66
580.92	1210.80
581.12	1209.74
581.32	1208.77
581.52	1211.39
581.72	1211.56
581.92	1218.62
582.12	1209.16
582.32	1217.52
582.52	1210.19
582.72	1216.55
582.92	1210.14
583.12	1211.25
583.32	1206.68
583.52	1208.24
583.72	1198.70
583.92	1213.46
584.12	1208.44
584.33	1213.65
584.53	1209.04
584.73	1214.86
584.93	1211.72
585.13	1211.27
585.33	1203.22
585.53	1213.40
585.73	1206.21
585.93	1206.27
586.13	1208.30
586.33	1211.39
586.53	1212.85
586.73	1212.17
586.93	1206.32
587.13	1218.32
587.33	1207.77
587.53	1215.41
587.73	1208.59
587.93	1214.81
588.13	1206.83
588.33	1219.30
588.53	1207.83
588.73	1211.99
588.93	1211.82
589.13	1212.25
589.33	1200.54
589.53	1219.32
589.73	1214.79
589.93	1214.10
590.13	1210.60
590.33	1213.48
590.53	1214.12
590.73	1213.99
590.93	1205.60
591.13	1219.54
591.33	1208.49
591.53	1215.57
591.73	1206.48
591.93	1210.84
592.13	1210.98
592.33	1218.48
592.53	1208.98
592.73	1220.45
592.93	1209.12
593.13	1213.71
593.33	1211.13
593.53	1213.46
593.73	1212.73
593.93	1220.26
594.13	1213.56
594.33	1212.44
594.53	1210.43
594.73	1213.30
594.92	1201.89
595.12	1208.96
595.32	1203.82
595.52	1213.87
595.72	1207.40
595.92	1217.68
596.12	1211.43
596.32	1221.06
596.52	1205.95
596.72	1219.48
596.92	1209.20
597.12	1215.08
597.32	1207.69
597.52	1216.08
597.72	1201.77
597.92	1214.90
598.12	1213.73
598.32	1209.02
598.52	1209.18
598.72	1220.96
598.92	1209.47
599.12	1213.01
599.31	1207.24
599.51	1214.79
599.71	1216.25
599.91	1215.49
600.11	1211.00
600.31	1212.79
600.51	1211.58
600.71	1218.13
600.91	1209.18
601.11	1217.27
601.31	1209.71
601.51	1219.79
601.71	1214.47
601.91	1218.05
602.10	1208.79
602.30	1215.29
602.50	1208.92
602.70	1209.65
602.90	1203.47
603.10	1213.26
603.30	1208.06
603.50	1211.72
603.70	1211.99
603.90	1214.57
604.10	1211.39
604.30	1206.83
604.49	1211.56
604.69	1212.58
604.89	1208.92
605.09	1222.27
605.29	1208.71
605.49	1216.06
605.69	1215.84
605.89	1217.03
606.09	1212.38
606.29	1217.95
606.48	1202.79
606.68	1212.99
606.88	1213.91
607.08	1217.01
607.28	1211.74
607.48	1216.41
607.68	1205.70
607.88	1210.84
608.08	1211.78
608.27	1214.02
608.47	1216.47
608.67	1214.30
608.87	1206.99
609.07	1216.37
609.27	1211.74
609.47	1212.09
609.67	1213.95
609.87	1219.89
610.06	1202.87
610.26	1212.25
610.46	1214.26
610.66	1210.72
610.86	1211.74
611.06	1214.30
611.26	1208.06
611.45	1223.58
611.65	1208.22
611.85	1208.73
612.05	1219.32
612.25	1213.56
612.45	1213.93
612.65	1222.97
612.84	1203.35
613.04	1217.17
613.24	1209.47
613.44	1212.64
613.64	1207.87
613.84	1222.94
614.04	1204.70
614.23	1204.84
614.43	1203.04
614.63	1217.80
614.83	1202.18
615.03	1218.48
615.23	1206.56
615.42	1215.33
615.62	1203.90
615.82	1213.83
616.02	1213.83
616.22	1215.78
616.42	1209.47
616.61	1218.85
616.81	1205.68
617.01	1214.88
617.21	1207.18
617.41	1214.22
617.61	1215.72
617.80	1214.86
618.00	1212.60
618.20	1215.55
618.40	1208.34
618.60	1210.82
618.80	1204.88
618.99	1219.79
619.19	1205.72
619.39	1222.45
619.59	1202.77
619.79	1213.93
619.98	1205.93
620.18	1213.44
620.38	1212.17
620.58	1215.82
620.78	1209.18
620.97	1214.36
621.17	1211.09
621.37	1213.71
621.57	1212.54
621.77	1210.66
621.96	1210.33
622.16	1220.59
622.36	1212.19
622.56	1213.77
622.76	1212.42
622.95	1215.08
623.15	1204.16
623.35	1209.63
623.55	1214.30
623.75	1211.15
623.94	1208.57
624.14	1222.45
624.34	1211.09
624.54	1215.31
624.73	1207.73
624.93	1212.30
625.13	1209.84
625.33	1214.59
625.53	1214.61
625.72	1212.89
625.92	1217.97
626.12	1217.48
626.32	1216.53
626.51	1210.27
626.71	1216.02
626.91	1226.98
627.11	1206.03
627.30	1213.40
627.50	1208.42
627.70	1214.51
627.90	1206.46
628.10	1210.66
628.29	1210.43
628.49	1213.95
628.69	1208.61
628.89	1214.18
629.08	1210.82
629.28	1212.07
629.48	1210.41
629.68	1223.97
629.87	1211.76
630.07	1214.28
630.27	1204.19
630.47	1213.69
630.66	1210.35
630.86	1220.88
631.06	1211.60
631.25	1221.06
631.45	1207.38
631.65	1214.30
631.85	1214.79
632.04	1215.80
632.24	1213.85
632.44	1219.57
632.64	1207.15
632.83	1220.98
633.03	1207.40
633.23	1218.03
633.42	1218.60
633.62	1215.35
633.82	1213.95
634.02	1217.91
634.21	1214.49
634.41	1212.75
634.61	1212.73
634.81	1215.84
635.00	1210.19
635.20	1216.25
635.40	1216.37
635.59	1221.53
635.79	1211.48
635.99	1217.91
636.18	1206.99
636.38	1214.06
636.58	1214.38
636.78	1222.06
636.97	1207.07
637.17	1218.25
637.37	1208.32
637.56	1220.90
637.76	1215.86
637.96	1213.32
638.15	1217.21
638.35	1216.47
638.55	1216.25
638.74	1217.89
638.94	1212.44
639.14	1220.81
639.34	1211.17
639.53	1225.85
639.73	1213.28
639.93	1221.78
640.12	1217.05
640.32	1222.19
640.52	1210.25
640.71	1216.64
640.91	1219.44
641.11	1220.75
641.30	1212.93
641.50	1217.68
641.70	1210.43
641.89	1221.51
642.09	1210.74
642.29	1219.40
642.48	1216.19
642.68	1221.63
642.88	1214.20
643.07	1225.52
643.27	1210.06
643.47	1221.43
643.66	1212.05
643.86	1215.20
644.06	1211.91
644.25	1218.19
644.45	1211.72
644.65	1220.26
644.84	1210.62
645.04	1221.20
645.23	1212.60
645.43	1217.09
645.63	1213.63
645.82	1220.45
646.02	1214.57
646.22	1222.80
646.41	1214.67
646.61	1222.33
646.81	1216.15
647.00	1219.69
647.20	1212.83
647.39	1217.39
647.59	1217.87
647.79	1226.08
647.98	1219.83
648.18	1224.89
648.38	1220.84
648.57	1223.91
648.77	1218.01
648.96	1221.31
649.16	1215.20
649.36	1220.73
649.55	1215.72
649.75	1223.19
649.95	1211.91
650.14	1215.10
650.34	1213.34
650.53	1230.05
650.73	1214.61
650.93	1226.53
651.12	1215.78
651.32	1228.58
651.51	1219.46
651.71	1225.38
651.91	1217.87
652.10	1226.30
652.30	1215.82
652.49	1224.36
652.69	1221.16
652.89	1229.99
653.08	1213.81
653.28	1226.41
653.47	1227.98
653.67	1228.41
653.86	1221.45
654.06	1231.20
654.26	1217.66
654.45	1226.90
654.65	1221.55
654.84	1228.95
655.04	1221.43
655.24	1234.47
655.43	1229.70
655.63	1234.41
655.82	1221.88
656.02	1228.00
656.21	1224.52
656.41	1235.15
656.61	1229.72
656.80	1238.84
657.00	1231.85
657.19	1241.77
657.39	1231.61
657.58	1245.60
657.78	1231.24
657.97	1247.25
658.17	1247.58
658.37	1242.24
658.56	1237.85
658.76	1249.08
658.95	1238.26
659.15	1243.73
659.34	1243.71
659.54	1248.63
659.73	1241.68
659.93	1251.92
660.13	1248.69
660.32	1253.15
660.52	1253.36
660.71	1253.17
660.91	1251.39
661.10	1260.63
661.30	1251.80
661.49	1255.53
661.69	1250.39
661.88	1261.43
662.08	1249.85
662.27	1260.30
662.47	1250.06
662.66	1253.83
662.86	1255.47
663.06	1259.66
663.25	1260.38
663.45	1271.77
663.64	1269.84
663.84	1262.88
664.03	1257.70
664.23	1274.98
664.42	1263.70
664.62	1270.89
664.81	1267.71
665.01	1276.27
665.20	1273.98
665.40	1276.95
665.59	1274.88
665.79	1280.57
665.98	1274.64
666.18	1276.68
666.37	1272.69
666.57	1286.55
666.76	1271.89
666.96	1283.36
667.15	1290.75
667.35	1289.83
667.54	1290.30
667.74	1293.93
667.93	1289.16
668.13	1289.18
668.32	1285.49
668.52	1293.33
668.71	1281.41
668.91	1300.11
669.10	1290.16
669.30	1283.13
669.49	1277.87
669.68	1282.81
669.88	1283.99
670.07	1281.17
670.27	1280.80
670.46	1281.21
670.66	1275.17
670.85	1282.91
671.05	1273.39
671.24	1280.78
671.44	1271.22
671.63	1283.46
671.83	1273.92
672.02	1283.26
672.22	1281.07
672.41	1282.77
672.60	1279.22
672.80	1286.02
672.99	1269.47
673.19	1281.80
673.38	1283.52
673.58	1281.89
673.77	1284.42
673.97	1281.84
674.16	1276.48
674.36	1280.14
674.55	1278.30
674.74	1279.02
674.94	1279.33
675.13	1290.28
675.33	1280.86
675.52	1298.99
675.72	1289.56
675.91	1296.26
676.10	1298.92
676.30	1307.91
676.49	1297.45
676.69	1313.65
676.88	1325.02
677.08	1337.22
677.27	1346.58
677.46	1367.67
677.66	1374.39
677.85	1408.33
678.05	1423.97
678.24	1459.71
678.44	1474.78
678.63	1505.93
678.82	1519.84
679.02	1553.55
679.21	1578.10
679.41	1635.96
679.60	1675.10
679.79	1738.66
679.99	1819.48
680.18	1953.35
680.38	2127.18
680.57	2385.88
680.76	2758.35
680.96	3229.46
681.15	3843.98
681.35	4531.36
681.54	5294.02
681.73	6033.42
681.93	6839.21
682.12	7550.27
682.32	8199.23
682.51	8792.22
682.70	9308.61
682.90	9816.43
683.09	10178.00
683.29	10578.76
683.48	10814.40
683.67	11066.51
683.87	11262.52
684.06	11404.34
684.25	11558.61
684.45	11700.78
684.64	11730.36
684.84	11791.04
685.03	11842.46
685.22	11760.95
685.42	11794.52
685.61	11771.77
685.80	11738.57
686.00	11708.36
686.19	11627.90
686.38	11496.54
686.58	11281.93
686.77	11057.50
686.96	10652.78
687.16	10137.20
687.35	9599.24
687.55	8976.00
687.74	8289.81
687.93	7621.80
688.13	6872.27
688.32	6251.12
688.51	5642.93
688.71	5130.39
688.90	4691.02
689.09	4331.64
689.29	4053.85
689.48	3763.45
689.67	3640.04
689.87	3479.72
690.06	3358.42
690.25	3242.10
690.45	3125.73
690.64	3046.37
690.83	2940.68
691.03	2882.43
691.22	2806.35
691.41	2769.65
691.61	2683.92
691.80	2652.00
691.99	2560.43
692.19	2535.53
692.38	2448.78
692.57	2435.75
692.76	2356.33
692.96	2323.56
693.15	2262.45
693.34	2223.32
693.54	2167.59
693.73	2138.65
693.92	2089.81
694.12	2055.77
694.31	2011.90
694.50	2000.54
694.70	1959.29
694.89	1926.83
695.08	1889.09
695.27	1869.32
695.47	1843.29
695.66	1831.83
695.85	1794.53
696.05	1791.05
696.24	1771.66
696.43	1757.01
696.62	1742.00
696.82	1744.77
697.01	1733.77
697.20	1733.32
697.40	1738.66
697.59	1773.36
697.78	1803.97
697.97	1849.27
698.17	1924.87
698.36	2020.28
698.55	2092.88
698.74	2179.92
698.94	2235.73
699.13	2310.64
699.32	2338.06
699.52	2395.02
699.71	2395.59
699.90	2417.91
700.09	2410.85
700.29	2386.13
700.48	2377.84
700.67	2345.03
700.86	2286.15
701.06	2244.04
701.25	2183.59
701.44	2136.44
701.63	2073.59
701.83	2024.52
702.02	1959.68
702.21	1911.25
702.40	1853.64
702.60	1812.00
702.79	1760.04
702.98	1721.38
703.17	1670.06
703.37	1639.42
703.56	1596.70
703.75	1574.44
703.94	1535.89
704.13	1530.41
704.33	1502.25
704.52	1493.32
704.71	1481.15
704.90	1485.41
705.10	1471.45
705.29	1466.69
705.48	1456.25
705.67	1444.51
705.86	1425.69
706.06	1408.84
706.25	1382.54
706.44	1359.01
706.63	1328.50
706.83	1309.04
707.02	1286.49
707.21	1279.59
707.40	1271.85
707.59	1271.44
707.79	1258.91
707.98	1263.80
708.17	1249.85
708.36	1253.30
708.55	1253.36
708.75	1255.51
708.94	1246.52
709.13	1259.07
709.32	1249.12
709.51	1254.22
709.71	1249.24
709.90	1252.84
710.09	1244.37
710.28	1251.53
710.47	1250.06
710.66	1250.51
710.86	1239.53
711.05	1245.51
711.24	1238.14
711.43	1249.98
711.62	1234.72
711.82	1245.64
712.01	1241.36
712.20	1246.25
712.39	1232.45
712.58	1247.93
712.77	1233.61
712.97	1244.16
713.16	1235.62
713.35	1250.51
713.54	1229.31
713.73	1234.90
713.92	1235.19
714.11	1241.58
714.31	1229.91
714.50	1243.24
714.69	1228.19
714.88	1228.70
715.07	1231.83
715.26	1236.40
715.46	1226.63
715.65	1236.95
715.84	1226.94
716.03	1233.25
716.22	1225.93
716.41	1230.28
716.60	1228.54
716.80	1222.27
716.99	1229.56
717.18	1236.65
717.37	1231.05
717.56	1230.36
717.75	1216.43
717.94	1225.28
718.13	1221.53
718.33	1229.72
718.52	1224.73
718.71	1224.91
718.90	1226.32
719.09	1226.63
719.28	1222.78
719.47	1234.35
719.66	1216.43
719.85	1221.94
720.05	1215.51
720.24	1226.18
720.43	1225.34
720.62	1224.83
720.81	1217.95
721.00	1224.42
721.19	1223.09
721.38	1227.88
721.57	1215.47
721.77	1223.33
721.96	1217.25
722.15	1226.36
722.34	1225.57
722.53	1228.33
722.72	1215.08
722.91	1229.44
723.10	1215.08
723.29	1233.06
723.48	1216.41
723.67	1228.17
723.87	1219.42
724.06	1228.04
724.25	1221.04
724.44	1224.97
724.63	1219.26
724.82	1225.69
725.01	1220.61
725.20	1224.03
725.39	1225.81
725.58	1229.72
725.77	1219.18
725.96	1231.85
726.15	1223.44
726.34	1229.29
726.54	1216.88
726.73	1229.44
726.92	1222.23
727.11	1228.62
727.30	1219.52
727.49	1226.90
727.68	1227.53
727.87	1226.34
728.06	1222.31
728.25	1234.29
728.44	1219.95
728.63	1228.47
728.82	1227.37
729.01	1225.48
729.20	1221.12
729.39	1229.19
729.58	1215.02
729.77	1228.90
729.96	1229.05
730.15	1226.28
730.34	1223.60
730.53	1226.67
730.73	1224.58
730.92	1223.27
731.11	1221.31
731.30	1232.32
731.49	1225.83
731.68	1227.18
731.87	1226.02
732.06	1223.01
732.25	1216.82
732.44	1227.10
732.63	1220.53
732.82	1221.49
733.01	1220.73
733.20	1226.49
733.39	1214.86
733.58	1219.77
733.77	1211.43
733.96	1218.77
734.15	1212.13
734.34	1214.36
734.53	1216.49
734.72	1214.24
734.91	1209.67
735.10	1211.82
735.29	1206.38
735.48	1219.03
735.67	1212.01
735.86	1216.80
736.05	1210.88
736.24	1213.54
736.43	1206.91
736.62	1212.99
736.81	1210.14
737.00	1234.13
737.19	1209.28
737.38	1223.09
737.57	1212.03
737.76	1209.26
737.95	1214.49
738.14	1213.22
738.33	1202.96
738.51	1217.72
738.70	1213.13
738.89	1216.58
739.08	1215.98
739.27	1217.37
739.46	1208.79
739.65	1215.55
739.84	1204.00
740.03	1222.68
740.22	1212.52
740.41	1214.32
740.60	1206.52
740.79	1216.53
740.98	1209.80
741.17	1211.48
741.36	1209.61
741.55	1214.16
741.74	1212.25
741.93	1222.15
742.12	1208.77
742.31	1216.92
742.50	1216.04
742.68	1209.80
742.87	1213.97
743.06	1212.11
743.25	1212.48
743.44	1218.89
743.63	1212.36
743.82	1217.80
744.01	1210.02
744.20	1219.91
744.39	1212.38
744.58	1215.00
744.77	1204.94
744.96	1209.14
745.14	1213.40
745.33	1207.79
745.52	1206.60
745.71	1212.21
745.90	1211.93
746.09	1214.96
746.28	1206.19
746.47	1213.34
746.66	1216.84
746.85	1208.92
747.04	1214.02
747.22	1212.19
747.41	1214.20
747.60	1218.36
747.79	1206.64
747.98	1213.63
748.17	1208.53
748.36	1210.74
748.55	1210.92
748.74	1212.32
748.93	1216.06
749.11	1213.71
749.30	1211.74
749.49	1208.94
749.68	1209.78
749.87	1206.93
750.06	1203.82
750.25	1219.05
750.44	1203.80
750.62	1219.20
750.81	1205.80
751.00	1215.04
751.19	1205.23
751.38	1212.09
751.57	1208.90
751.76	1211.03
751.95	1209.41
752.13	1212.27
752.32	1211.03
752.51	1204.55
752.70	1211.80
752.89	1216.37
753.08	1210.47
753.27	1213.13
753.45	1209.31
753.64	1215.06
753.83	1210.88
754.02	1218.93
754.21	1208.42
754.40	1209.78
754.58	1209.24
754.77	1216.74
754.96	1211.35
755.15	1210.96
755.34	1211.60
755.53	1213.46
755.71	1203.39
755.90	1217.07
756.09	1211.80
756.28	1211.66
756.47	1208.73
756.66	1212.07
756.84	1201.81
757.03	1216.70
757.22	1205.25
757.41	1212.38
757.60	1215.61
757.79	1216.41
757.97	1210.78
758.16	1218.32
758.35	1208.61
758.54	1216.62
758.73	1204.94
758.91	1214.65
759.10	1212.42
759.29	1216.60
759.48	1209.86
759.67	1218.85
759.85	1214.94
760.04	1215.49
760.23	1210.60
760.42	1213.71
760.61	1204.59
760.79	1219.32
760.98	1207.81
761.17	1216.70
761.36	1207.69
761.55	1211.93
761.73	1206.19
761.92	1221.84
762.11	1212.13
762.30	1221.74
762.49	1213.95
762.67	1209.61
762.86	1218.01
763.05	1216.45
763.24	1215.31
763.42	1215.63
763.61	1204.16
763.80	1212.05
763.99	1216.37
764.17	1213.01
764.36	1212.15
764.55	1220.04
764.74	1206.97
764.92	1216.51
765.11	1203.41
765.30	1218.71
765.49	1209.76
765.68	1215.63
765.86	1206.79
766.05	1215.41
766.24	1206.21
766.43	1208.12
766.61	1209.84
766.80	1208.92
766.99	1203.18
767.17	1208.67
767.36	1209.45
767.55	1216.25
767.74	1204.88
767.92	1213.18
768.11	1213.01
768.30	1210.60
768.49	1205.27
768.67	1220.32
768.86	1210.19
769.05	1214.55
769.24	1207.18
769.42	1225.87
769.61	1213.18
769.80	1212.15
769.98	1210.47
770.17	1212.03
770.36	1206.15
770.55	1215.92
770.73	1207.09
770.92	1217.31
771.11	1207.69
771.29	1210.98
771.48	1211.80
771.67	1212.62
771.86	1206.85
772.04	1210.62
772.23	1206.15
772.42	1213.50
772.60	1205.37
772.79	1215.82
772.98	1207.71
773.16	1217.44
773.35	1203.94
773.54	1213.48
773.72	1211.48
773.91	1210.60
774.10	1215.29
774.29	1212.01
774.47	1212.97
774.66	1221.61
774.85	1205.07
775.03	1219.07
775.22	1207.85
775.41	1212.64
775.59	1208.81
775.78	1217.11
775.97	1208.32
776.15	1207.67
776.34	1204.92
776.53	1211.09
776.71	1208.81
776.90	1211.91
777.09	1203.18
777.27	1217.05
777.46	1201.81
777.65	1218.71
777.83	1214.98
778.02	1215.98
778.21	1213.20
778.39	1214.26
778.58	1208.14
778.76	1212.60
778.95	1206.42
779.14	1212.87
779.32	1210.08
779.51	1218.19
779.70	1209.47
779.88	1205.13
780.07	1212.83
780.26	1213.56
780.44	1198.78
780.63	1217.42
780.81	1203.12
781.00	1219.42
781.19	1209.33
781.37	1206.99
781.56	1209.24
781.75	1208.28
781.93	1201.36
782.12	1218.93
782.30	1213.56
782.49	1204.29
782.68	1211.23
782.86	1215.37
783.05	1213.07
783.23	1210.23
783.42	1207.32
783.61	1215.39
783.79	1211.99
783.98	1214.92
784.16	1209.31
784.35	1212.89
784.54	1210.72
784.72	1208.90
784.91	1206.19
785.09	1213.26
785.28	1210.78
785.47	1213.07
785.65	1210.70
785.84	1215.31
786.02	1206.75
786.21	1216.70
786.40	1206.25
786.58	1212.79
786.77	1209.20
786.95	1209.55
787.14	1210.08
787.32	1211.41
787.51	1210.64
787.70	1219.26
787.88	1212.56
788.07	1208.81
788.25	1204.68
788.44	1215.41
788.62	1206.46
788.81	1211.72
789.00	1210.88
789.18	1216.80
789.37	1207.63
789.55	1212.09
789.74	1208.77
789.92	1208.94
790.11	1204.74
790.29	1208.63
790.48	1199.02
790.67	1215.86
790.85	1207.58
791.04	1217.42
791.22	1208.32
791.41	1212.34
791.59	1204.04
791.78	1218.85
791.96	1208.24
792.15	1213.36
792.33	1207.54
792.52	1206.11
792.70	1213.26
792.89	1215.24
793.07	1204.47
793.26	1213.22
793.45	1205.50
793.63	1215.16
793.82	1205.78
794.00	1217.58
794.19	1206.99
794.37	1211.27
794.56	1212.87
794.74	1212.56
794.93	1206.44
795.11	1213.75
795.30	1209.94
795.48	1211.89
795.67	1202.81
795.85	1213.20
796.04	1204.39
796.22	1215.10
796.41	1208.53
796.59	1211.58
796.78	1216.21
796.96	1209.20
797.15	1203.26
797.33	1216.29
797.52	1209.69
797.70	1213.38
797.89	1201.67
798.07	1214.10
798.26	1207.36
798.44	1216.70
798.63	1206.07
798.81	1211.23
798.99	1206.27
799.18	1216.74
799.36	1209.76
799.55	1215.18
799.73	1215.24
799.92	1215.69
800.10	1211.19
800.29	1208.90
800.47	1208.96
800.66	1207.42
800.84	1208.69
801.03	1212.52
801.21	1200.99
801.39	1209.43
801.58	1208.47
801.76	1210.47
801.95	1206.95
802.13	1213.09
802.32	1202.06
802.50	1210.21
802.69	1198.55
802.87	1210.94
803.06	1205.82
803.24	1211.56
803.42	1207.03
803.61	1216.04
803.79	1202.53
803.98	1215.67
804.16	1210.49
804.35	1215.98
804.53	1209.51
804.71	1211.72
804.90	1206.77
805.08	1212.58
805.27	1203.55
805.45	1206.83
805.63	1208.16
805.82	1216.90
806.00	1202.57
806.19	1213.56
806.37	1210.72
806.56	1212.79
806.74	1210.92
806.92	1210.76
807.11	1205.93
807.29	1215.55
807.48	1207.46
807.66	1215.12
807.84	1203.61
808.03	1214.32
808.21	1201.05
808.40	1213.67
808.58	1206.23
808.76	1217.74
808.95	1208.10
809.13	1215.84
809.32	1200.21
809.50	1211.74
809.68	1211.54
809.87	1217.05
810.05	1208.55
810.23	1212.77
810.42	1212.66
810.60	1211.97
810.79	1204.02
810.97	1215.94
811.15	1207.69
811.34	1211.62
811.52	1211.52
811.70	1205.25
811.89	1206.19
812.07	1217.31
812.25	1205.43
812.44	1207.69
812.62	1206.34
812.81	1219.65
812.99	1205.72
813.17	1210.64
813.36	1206.64
813.54	1211.46
813.72	1201.56
813.91	1213.67
814.09	1202.89
814.27	1210.06
814.46	1211.15
814.64	1211.78
814.82	1207.63
815.01	1213.05
815.19	1203.39
815.37	1218.40
815.56	1212.32
815.74	1209.02
815.92	1201.99
816.11	1219.63
816.29	1210.25
816.47	1206.64
816.66	1213.59
816.84	1213.93
817.02	1209.96
817.21	1211.23
817.39	1207.89
817.57	1207.73
817.76	1208.53
817.94	1222.58
818.12	1205.56
818.30	1216.96
818.49	1203.51
818.67	1213.59
818.85	1205.56
819.04	1217.35
819.22	1210.04
819.40	1213.59
819.59	1202.22
819.77	1214.38
819.95	1207.95
820.13	1215.04
820.32	1213.13
820.50	1210.55
820.68	1211.72
820.87	1217.27
821.05	1201.67
821.23	1210.12
821.41	1207.69
821.60	1212.15
821.78	1207.46
821.96	1219.42
822.14	1204.39
822.33	1213.24
822.51	1206.79
822.69	1218.54
822.88	1212.09
823.06	1217.46
823.24	1205.09
823.42	1217.35
823.61	1211.39
823.79	1219.83
823.97	1206.42
824.15	1206.97
824.34	1204.12
824.52	1206.03
824.70	1207.48
824.88	1213.01
825.07	1206.03
825.25	1215.53
825.43	1208.61
825.61	1216.31
825.80	1201.69
825.98	1213.24
826.16	1205.37
826.34	1217.97
826.53	1208.16
826.71	1217.93
826.89	1208.42
827.07	1213.77
827.25	1206.44
827.44	1213.63
827.62	1206.95
827.80	1220.22
827.98	1208.77
828.17	1210.76
828.35	1202.53
828.53	1211.82
828.71	1200.15
828.89	1211.23
829.08	1214.22
829.26	1211.15
829.44	1209.65
829.62	1214.86
829.80	1207.30
829.99	1209.08
830.17	1201.56
830.35	1213.69
830.53	1214.81
830.71	1218.40
830.90	1208.98
831.08	1211.15
831.26	1202.57
831.44	1213.18
831.62	1208.67
831.81	1208.55
831.99	1211.93
832.17	1212.07
832.35	1206.07
832.53	1211.00
832.71	1202.28
832.90	1213.30
833.08	1204.90
833.26	1210.00
833.44	1204.90
833.62	1212.21
833.81	1209.55
833.99	1210.78
834.17	1205.17
834.35	1216.04
834.53	1204.96
834.71	1215.45
834.89	1205.11
835.08	1218.93
835.26	1210.57
835.44	1209.67
835.62	1199.02
835.80	1212.70
835.98	1211.97
836.17	1223.83
836.35	1206.46
836.53	1220.79
836.71	1207.95
836.89	1210.19
837.07	1200.52
837.25	1219.48
837.44	1204.86
837.62	1209.65
837.80	1198.10
837.98	1212.93
838.16	1212.52
838.34	1215.53
838.52	1211.13
838.70	1212.73
838.89	1207.87
839.07	1213.93
839.25	1206.38
839.43	1224.05
839.61	1200.91
839.79	1208.98
839.97	1209.31
840.15	1209.63
840.33	1209.20
840.52	1214.42
840.70	1205.19
840.88	1216.49
841.06	1206.79
841.24	1211.11
841.42	1201.79
841.60	1215.47
841.78	1205.72
841.96	1215.96
842.14	1213.71
842.33	1217.29
842.51	1211.60
842.69	1213.63
842.87	1203.65
843.05	1209.10
843.23	1207.87
843.41	1215.94
843.59	1202.38
843.77	1204.74
843.95	1209.24
844.13	1216.82
844.31	1208.04
844.49	1213.83
844.68	1205.15
844.86	1209.31
845.04	1207.75
845.22	1213.09
845.40	1206.97
845.58	1206.60
845.76	1202.01
845.94	1207.36
846.12	1208.32
846.30	1208.59
846.48	1203.24
846.66	1219.24
846.84	1209.45
847.02	1212.34
847.20	1202.10
847.38	1205.02
847.56	1208.38
847.74	1214.86
847.92	1211.46
848.11	1210.86
848.29	1211.56
848.47	1208.10
848.65	1207.71
848.83	1214.51
849.01	1206.25
849.19	1210.02
849.37	1204.84
849.55	1201.91
849.73	1209.88
849.91	1207.89
850.09	1204.70
850.27	1211.03
850.45	1207.22
850.63	1214.20
850.81	1203.80
850.99	1213.30
851.17	1208.92
851.35	1213.69
851.53	1211.56
851.71	1209.78
851.89	1203.90
852.07	1214.92
852.25	1207.81
852.43	1209.65
852.61	1203.41
852.79	1207.77
852.97	1207.01
853.15	1211.33
853.33	1207.40
853.51	1209.51
853.69	1204.14
853.87	1212.46
854.05	1207.69
854.23	1210.27
854.41	1204.25
854.59	1213.03
854.77	1215.39
854.95	1213.01
855.13	1202.65
855.31	1212.23
855.49	1210.25
855.67	1209.06
855.84	1207.34
856.02	1213.26
856.20	1207.40
856.38	1210.10
856.56	1210.90
856.74	1208.73
856.92	1199.80
857.10	1220.49
857.28	1206.85
857.46	1213.38
857.64	1206.03
857.82	1214.69
858.00	1206.07
858.18	1214.77
858.36	1214.96
858.54	1218.01
858.72	1210.00
858.90	1216.29
859.08	1213.85
859.25	1212.09
859.43	1205.86
859.61	1217.85
859.79	1209.53
859.97	1212.64
860.15	1207.44
860.33	1220.16
860.51	1209.76
860.69	1212.68
860.87	1214.32
861.05	1207.65
861.23	1205.82
861.41	1218.34
861.58	1207.09
861.76	1213.01
861.94	1208.96
862.12	1209.20
862.30	1211.76
862.48	1216.98
862.66	1214.83
862.84	1214.38
863.02	1204.39
863.20	1214.75
863.37	1196.96
863.55	1207.52
863.73	1205.21
863.91	1209.92
864.09	1201.07
864.27	1217.15
864.45	1214.98
864.63	1212.27
864.80	1208.28
864.98	1216.17
865.16	1213.11
865.34	1213.30
865.52	1208.10
865.70	1211.52
865.88	1206.68
866.06	1215.55
866.23	1213.99
866.41	1207.79
866.59	1204.08
866.77	1217.17
866.95	1209.90
867.13	1214.16
867.31	1205.11
867.48	1216.45
867.66	1204.12
867.84	1209.51
868.02	1201.73
868.20	1216.33
868.38	1208.36
868.56	1212.62
868.73	1205.05
868.91	1212.05
869.09	1210.23
869.27	1212.40
869.45	1209.22
869.63	1208.32
869.80	1212.62
869.98	1209.94
870.16	1209.39
870.34	1205.88
870.52	1212.07
870.70	1215.92
870.87	1198.49
871.05	1212.73
871.23	1207.36
871.41	1215.14
871.59	1210.39
871.76	1215.57
871.94	1215.51
872.12	1213.28
872.30	1208.75
872.48	1214.02
872.65	1203.16
872.83	1210.53
873.01	1209.28
873.19	1219.07
873.37	1216.82
873.54	1206.34
873.72	1206.23
873.90	1212.36
874.08	1211.41
874.26	1215.39
874.43	1204.37
874.61	1212.81
874.79	1207.58
874.97	1212.01
875.15	1209.69
875.32	1212.89
875.50	1204.49
875.68	1212.07
875.86	1212.52
876.03	1213.22
876.21	1204.82
876.39	1214.42
876.57	1209.02
876.74	1214.08
876.92	1196.40
877.10	1206.99
877.28	1199.90
877.45	1214.04
877.63	1203.67
877.81	1215.00
877.99	1213.18
878.17	1211.15
878.34	1210.47
878.52	1214.22
878.70	1209.98
878.87	1216.80
879.05	1205.11
879.23	1214.18
879.41	1209.18
879.58	1213.20
879.76	1204.82
879.94	1211.64
880.12	1209.06
880.29	1210.72
880.47	1208.20
880.65	1215.47
880.83	1207.13
881.00	1212.30
881.18	1209.65
881.36	1216.78
881.53	1206.81
881.71	1214.18
881.89	1211.76
882.07	1213.81
882.24	1215.16
882.42	1216.80
882.60	1206.40
882.77	1217.42
882.95	1209.06
883.13	1213.09
883.30	1211.58
883.48	1211.80
883.66	1204.45
883.84	1207.22
884.01	1210.94
884.19	1213.73
884.37	1204.10
884.54	1217.05
884.72	1208.81
884.90	1211.39
885.07	1214.38
885.25	1217.99
885.43	1202.53
885.60	1207.05
885.78	1210.55
885.96	1217.78
886.13	1207.07
886.31	1213.69
886.49	1203.49
886.66	1209.80
886.84	1215.80
887.02	1217.85
887.19	1208.75
887.37	1215.02
887.55	1206.05
887.72	1206.48
887.90	1210.70
888.08	1210.86
888.25	1204.59
888.43	1215.06
888.61	1210.92
888.78	1216.08
888.96	1211.15
889.14	1219.03
889.31	1201.77
889.49	1212.19
889.67	1210.08
889.84	1213.95
890.02	1215.06
890.19	1212.91
890.37	1212.48
890.55	1211.89
890.72	1210.78
890.90	1205.50
891.08	1200.29
891.25	1212.60
891.43	1213.69
891.60	1211.17
891.78	1216.08
891.96	1212.97
892.13	1204.08
892.31	1214.92
892.48	1212.17
892.66	1216.55
892.84	1199.88
893.01	1218.23
893.19	1204.00
893.36	1219.11
893.54	1209.08
893.72	1213.75
893.89	1208.98
894.07	1210.82
894.24	1209.96
894.42	1226.04
894.60	1214.38
894.77	1210.92
894.95	1208.28
895.12	1211.43
895.30	1208.59
895.48	1212.60
895.65	1205.39
895.83	1212.87
896.00	1213.30
896.18	1205.43
896.35	1211.54
896.53	1205.09
896.71	1215.82
896.88	1211.58
897.06	1212.25
897.23	1214.83
897.41	1203.26
897.58	1212.58
897.76	1211.46
897.93	1214.18
898.11	1206.91
898.29	1216.21
898.46	1208.26
898.64	1210.94
898.81	1210.33
898.99	1210.10
899.16	1207.28
899.34	1207.38
899.51	1211.74
899.69	1213.97
899.86	1204.90
900.04	1209.78
900.21	1202.40
900.39	1213.36
900.57	1212.70
900.74	1212.05
900.92	1204.76
901.09	1214.94
901.27	1201.83
901.44	1211.97
901.62	1204.78
901.79	1208.42
901.97	1208.75
902.14	1211.76
902.32	1201.46
902.49	1211.80
902.67	1201.95
902.84	1214.26
903.02	1209.35
903.19	1218.93
903.37	1217.72
903.54	1213.95
903.72	1211.56
903.89	1217.25
904.07	1217.46
904.24	1217.52
904.42	1200.83
904.59	1216.31
904.77	1205.84
904.94	1220.65
905.12	1204.06
905.29	1206.01
905.47	1203.39
905.64	1213.24
905.82	1211.52
905.99	1211.74
906.16	1202.92
906.34	1218.77
906.51	1205.97
906.69	1216.29
906.86	1199.21
907.04	1205.15
907.21	1196.14
907.39	1201.87
907.56	1208.49
907.74	1213.38
907.91	1205.84
908.09	1214.63
908.26	1208.22
908.43	1211.97
908.61	1211.80
908.78	1213.22
908.96	1207.28
909.13	1209.31
909.31	1206.75
909.48	1218.36
909.65	1205.76
909.83	1220.18
910.00	1202.96
910.18	1213.63
910.35	1198.49
910.53	1209.16
910.70	1208.40
910.87	1210.31
911.05	1205.66
911.22	1205.41
911.40	1210.68
911.57	1215.53
911.75	1214.45
911.92	1215.04
912.09	1202.51
912.27	1214.12
912.44	1210.72
912.62	1217.99
912.79	1208.83
912.96	1214.73
913.14	1201.52
913.31	1212.30
913.49	1211.72
913.66	1210.10
913.83	1210.25
914.01	1220.67
914.18	1207.44
914.36	1212.89
914.53	1206.11
914.70	1214.20
914.88	1213.83
915.05	1210.82
915.22	1207.52
915.40	1209.57
915.57	1202.87
915.75	1215.47
915.92	1207.52
916.09	1219.48
916.27	1211.41
916.44	1218.40
916.61	1200.40
916.79	1212.87
916.96	1209.78
917.13	1212.60
917.31	1209.86
917.48	1217.78
917.66	1210.35
917.83	1209.53
918.00	1211.82
918.18	1212.19
918.35	1213.85
918.52	1212.79
918.70	1202.20
918.87	1215.96
919.04	1209.16
919.22	1216.82
919.39	1209.45
919.56	1210.00
919.74	1210.12
919.91	1211.15
920.08	1211.19
920.26	1210.23
920.43	1205.27
920.60	1216.31
920.78	1205.17
920.95	1216.35
921.12	1207.13
921.29	1207.91
921.47	1211.39
921.64	1213.32
921.81	1205.62
921.99	1209.96
922.16	1203.57
922.33	1215.31
922.51	1206.46
922.68	1218.95
922.85	1211.03
923.03	1217.72
923.20	1209.69
923.37	1209.69
923.54	1215.43
923.72	1209.71
923.89	1207.99
924.06	1214.08
924.24	1206.58
924.41	1212.38
924.58	1205.78
924.75	1215.72
924.93	1214.45
925.10	1211.84
925.27	1202.51
925.44	1213.24
925.62	1207.40
925.79	1208.44
925.96	1204.96
926.14	1206.91
926.31	1207.05
926.48	1215.61
926.65	1212.32
926.83	1210.00
927.00	1209.18
927.17	1205.76
927.34	1210.51
927.52	1210.49
927.69	1205.66
927.86	1211.62
928.03	1203.02
928.21	1217.21
928.38	1206.93
928.55	1208.42
928.72	1211.50
928.89	1211.99
929.07	1213.24
929.24	1212.81
929.41	1204.49
929.58	1206.72
929.76	1210.92
929.93	1204.21
930.10	1205.62
930.27	1217.37
930.44	1209.33
930.62	1215.63
930.79	1202.53
930.96	1210.96
931.13	1207.07
931.31	1214.36
931.48	1205.70
931.65	1212.58
931.82	1208.61
931.99	1210.37
932.17	1204.59
932.34	1212.62
932.51	1209.67
932.68	1206.54
932.85	1207.69
933.03	1210.41
933.20	1202.55
933.37	1207.07
933.54	1206.29
933.71	1207.18
933.88	1207.71
934.06	1209.37
934.23	1214.04
934.40	1216.68
934.57	1208.51
934.74	1214.42
934.91	1209.53
935.09	1215.26
935.26	1207.79
935.43	1209.22
935.60	1201.03
935.77	1214.45
935.94	1209.26
936.12	1220.86
936.29	1209.33
936.46	1201.48
936.63	1206.77
936.80	1217.74
936.97	1209.63
937.14	1216.92
937.32	1210.51
937.49	1213.54
937.66	1209.41
937.83	1205.72
938.00	1203.12
938.17	1204.47
938.34	1209.43
938.52	1218.56
938.69	1203.94
938.86	1209.12
939.03	1212.89
939.20	1220.26
939.37	1206.05
939.54	1210.80
939.71	1205.33
939.89	1214.18
940.06	1204.86
940.23	1211.52
940.40	1210.68
940.57	1212.46
940.74	1207.91
940.91	1209.04
941.08	1200.68
941.25	1205.02
941.43	1200.56
941.60	1212.05
941.77	1209.61
941.94	1220.51
942.11	1203.88
942.28	1218.60
942.45	1208.32
942.62	1206.93
942.79	1209.49
942.96	1212.32
943.13	1206.50
943.30	1212.68
943.48	1201.75
943.65	1215.80
943.82	1210.55
943.99	1208.65
944.16	1206.77
944.33	1219.75
944.50	1201.22
944.67	1213.11
944.84	1203.69
945.01	1216.98
945.18	1209.61
945.35	1210.78
945.52	1203.12
945.69	1209.90
945.86	1209.80
946.03	1215.39
946.21	1206.44
946.38	1216.86
946.55	1206.23
946.72	1215.82
946.89	1204.35
947.06	1209.24
947.23	1205.07
947.40	1209.57
947.57	1197.12
947.74	1209.61
947.91	1205.35
948.08	1213.79
948.25	1207.56
948.42	1211.58
948.59	1214.34
948.76	1214.79
948.93	1208.53
949.10	1212.73
949.27	1202.98
949.44	1207.01
949.61	1200.27
949.78	1212.52
949.95	1207.83
950.12	1211.29
950.29	1203.04
950.46	1216.25
950.63	1203.61
950.80	1213.38
950.97	1204.53
951.14	1216.72
951.31	1203.08
951.48	1212.58
951.65	1213.61
951.82	1208.83
951.99	1206.27
952.16	1215.31
952.33	1205.97
952.50	1209.57
952.67	1210.43
952.84	1213.93
953.01	1203.49
953.18	1216.39
953.35	1207.05
953.52	1216.70
953.69	1199.09
953.86	1213.89
954.03	1206.07
954.20	1206.62
954.37	1212.77
954.54	1211.03
954.70	1214.83
954.87	1210.60
955.04	1209.12
955.21	1209.47
955.38	1203.86
955.55	1212.19
955.72	1203.55
955.89	1211.37
956.06	1205.23
956.23	1212.13
956.40	1205.60
956.57	1213.75
956.74	1193.70
956.91	1216.70
957.08	1202.46
957.25	1208.79
957.41	1200.68
957.58	1211.05
957.75	1203.51
957.92	1206.05
958.09	1211.70
958.26	1209.24
958.43	1212.66
958.60	1215.06
958.77	1205.02
958.94	1217.97
959.11	1212.40
959.27	1211.03
959.44	1206.07
959.61	1213.07
959.78	1204.90
959.95	1214.83
960.12	1209.92
960.29	1212.44
960.46	1204.49
960.63	1213.24
960.80	1205.37
960.96	1217.33
961.13	1209.31
961.30	1214.38
961.47	1203.86
961.64	1218.23
961.81	1200.42
961.98	1217.58
962.15	1200.58
962.31	1214.12
962.48	1207.69
962.65	1218.60
962.82	1215.31
962.99	1213.46
963.16	1204.31
963.33	1218.81
963.49	1210.92
963.66	1208.44
963.83	1215.16
964.00	1218.62
964.17	1204.04
964.34	1214.92
964.51	1199.41
964.67	1213.83
964.84	1208.71
965.01	1230.56
965.18	1206.99
965.35	1208.12
965.52	1206.52
965.68	1211.93
965.85	1210.68
966.02	1208.55
966.19	1208.18
966.36	1208.22
966.52	1204.84
966.69	1219.87
966.86	1207.50
967.03	1220.32
967.20	1205.99
967.37	1215.33
967.53	1207.91
967.70	1213.09
967.87	1207.13
968.04	1208.34
968.21	1205.27
968.37	1215.18
968.54	1207.81
968.71	1211.97
968.88	1206.09
969.05	1206.54
969.21	1203.94
969.38	1215.63
969.55	1206.13
969.72	1212.99
969.89	1210.17
970.05	1214.08
970.22	1200.95
970.39	1212.60
970.56	1206.70
970.72	1209.69
970.89	1209.63
971.06	1208.30
971.23	1208.06
971.39	1205.78
971.56	1199.04
971.73	1212.32
971.90	1204.35
972.07	1218.71
972.23	1201.44
972.40	1220.67
972.57	1201.89
972.74	1207.69
972.90	1205.50
973.07	1206.87
973.24	1204.31
973.40	1214.30
973.57	1208.85
973.74	1206.09
973.91	1204.64
974.07	1216.62
974.24	1204.43
974.41	1215.43
974.58	1211.33
974.74	1210.00
974.91	1209.61
975.08	1209.80
975.25	1205.45
975.41	1212.70
975.58	1201.75
975.75	1214.26
975.91	1202.65
976.08	1216.49
976.25	1199.72
976.42	1205.95
976.58	1200.68
976.75	1208.34
976.92	1205.60
977.08	1209.20
977.25	1206.60
977.42	1216.80
977.58	1204.62
977.75	1209.84
977.92	1207.11
978.08	1210.06
978.25	1210.86
978.42	1213.52
978.59	1211.74
978.75	1204.53
978.92	1207.52
979.09	1215.08
979.25	1206.60
979.42	1212.79
979.59	1205.62
979.75	1210.00
979.92	1211.97
980.09	1212.54
980.25	1207.63
980.42	1212.42
980.59	1212.05
980.75	1208.65
980.92	1201.87
981.09	1211.54
981.25	1209.51
981.42	1212.50
981.59	1204.59
981.75	1205.97
981.92	1205.02
982.08	1211.62
982.25	1211.74
982.42	1210.74
982.58	1205.52
982.75	1215.55
982.92	1213.36
983.08	1208.90
983.25	1204.88
983.42	1216.68
983.58	1213.95
983.75	1214.30
983.91	1207.18
984.08	1213.13
984.25	1208.59
984.41	1218.05
984.58	1205.27
984.74	1216.23
984.91	1201.54
985.08	1210.04
985.24	1205.95
985.41	1216.82
985.57	1203.59
985.74	1204.02
985.91	1213.20
986.07	1214.86
986.24	1210.88
986.40	1213.73
986.57	1203.37
986.74	1212.13
986.90	1202.69
987.07	1209.47
987.23	1207.58
987.40	1213.48
987.57	1212.40
987.73	1217.05
987.90	1206.27
988.06	1205.58
988.23	1210.10
988.39	1210.62
988.56	1209.14
988.73	1210.62
988.89	1209.53
989.06	1207.26
989.22	1206.03
989.39	1215.78
989.55	1208.73
989.72	1213.36
989.88	1205.93
990.05	1210.55
990.22	1206.21
990.38	1207.05
990.55	1209.88
990.71	1210.12
990.88	1211.09
991.04	1215.55
991.21	1197.90
991.37	1220.00
991.54	1214.16
991.70	1214.22
991.87	1204.94
992.03	1209.86
992.20	1205.97
992.36	1211.33
992.53	1206.05
992.69	1211.33
992.86	1205.39
993.03	1209.57
993.19	1207.13
993.36	1219.67
993.52	1205.17
993.69	1215.65
993.85	1205.15
994.02	1210.76
994.18	1209.00
994.35	1221.06
994.51	1204.23
994.68	1210.39
994.84	1213.03
995.01	1217.70
995.17	1215.74
995.34	1216.68
995.50	1205.60
995.66	1214.73
995.83	1203.28
995.99	1210.25
996.16	1209.78
996.32	1204.51
996.49	1201.91
996.65	1219.03
996.82	1203.10
996.98	1215.06
997.15	1213.09
997.31	1213.20
997.48	1202.49
997.64	1215.61
997.81	1205.23
997.97	1215.16
998.13	1211.52
998.30	1211.46
998.46	1203.24
998.63	1212.68
998.79	1202.28
998.96	1216.51
999.12	1209.71
999.29	1214.63
999.45	1210.47
999.61	1211.78
999.78	1204.59
999.94	1212.48
1000.11	1210.00
1000.27	1216.06
1000.44	1214.30
1000.60	1211.82
1000.76	1199.56
1000.93	1220.28
1001.09	1213.16
1001.26	1211.82
1001.42	1204.21
1001.59	1211.41
1001.75	1207.30
1001.91	1221.92
1002.08	1209.26
1002.24	1215.37
1002.41	1210.76
1002.57	1220.63
1002.73	1201.11
1002.90	1209.92
1003.06	1207.71
1003.23	1217.25
1003.39	1203.10
1003.55	1217.46
1003.72	1205.23
1003.88	1215.78
1004.04	1204.19
1004.21	1206.58
1004.37	1203.37
1004.54	1212.36
1004.70	1207.61
1004.86	1217.23
1005.03	1208.81
1005.19	1218.03
1005.35	1202.89
1005.52	1218.36
1005.68	1205.80
1005.85	1218.89
1006.01	1204.19
1006.17	1216.33
1006.34	1207.89
1006.50	1210.53
1006.66	1200.68
1006.83	1220.12
1006.99	1215.65
1007.15	1210.41
1007.32	1213.59
1007.48	1205.93
1007.64	1207.95
1007.81	1213.52
1007.97	1206.97
1008.13	1212.79
1008.30	1210.06
1008.46	1210.88
1008.62	1211.93
1008.79	1214.18
1008.95	1203.96
1009.11	1216.60
1009.28	1205.37
1009.44	1218.32
1009.60	1209.86
1009.77	1207.54
1009.93	1214.71
1010.09	1209.65
1010.25	1211.39
1010.42	1210.25
1010.58	1204.41
1010.74	1215.90
1010.91	1210.33
1011.07	1212.89
1011.23	1197.10
1011.40	1213.59
1011.56	1211.25
1011.72	1206.25
1011.88	1203.82
1012.05	1214.79
1012.21	1206.13
1012.37	1217.44
1012.54	1206.70
1012.70	1214.34
1012.86	1203.32
1013.02	1212.79
1013.19	1207.79
1013.35	1216.00
1013.51	1213.83
1013.67	1208.90
1013.84	1205.02
1014.00	1212.09
1014.16	1208.26
1014.33	1211.25
1014.49	1211.31
1014.65	1218.21
1014.81	1201.73
1014.98	1206.97
1015.14	1199.19
1015.30	1211.48
1015.46	1211.52
1015.62	1217.76
1015.79	1204.59
1015.95	1216.41
1016.11	1209.59
1016.27	1213.05
1016.44	1200.81
1016.60	1217.19
1016.76	1209.47
1016.92	1205.11
1017.09	1202.53
1017.25	1216.94
1017.41	1210.29
1017.57	1210.96
1017.73	1203.00
1017.90	1219.24
1018.06	1207.58
1018.22	1214.90
1018.38	1210.39
1018.54	1210.64
1018.71	1203.69
1018.87	1217.29
1019.03	1207.50
1019.19	1203.96
1019.35	1210.37
1019.52	1212.23
1019.68	1201.44
1019.84	1214.38
1020.00	1205.45
1020.16	1214.61
1020.33	1204.39
1020.49	1205.76
1020.65	1203.45
1020.81	1209.14
1020.97	1202.71
1021.13	1215.98
1021.30	1207.95
1021.46	1213.16
1021.62	1204.27
1021.78	1211.72
1021.94	1202.61
1022.10	1216.49
1022.27	1208.10
1022.43	1207.18
1022.59	1206.58
1022.75	1218.77
1022.91	1209.10
1023.07	1212.83
1023.24	1201.83
1023.40	1214.73
1023.56	1206.52
1023.72	1209.33
1023.88	1207.91
1024.04	1214.02
1024.20	1205.84
1024.36	1218.05
1024.53	1208.81
1024.69	1212.89
1024.85	1205.54
1025.01	1217.80
1025.17	1211.95
1025.33	1211.76
1025.49	1204.21
1025.65	1215.00
1025.82	1205.62
1025.98	1215.61
1026.14	1210.17
1026.30	1209.20
1026.46	1206.27
1026.62	1212.64
1026.78	1203.22
1026.94	1218.48
1027.10	1206.75
1027.26	1215.88
1027.43	1204.23
1027.59	1209.20
1027.75	1208.98
1027.91	1216.17
1028.07	1206.54
1028.23	1215.51
1028.39	1208.22
1028.55	1211.78
1028.71	1204.98
1028.87	1210.88
1029.03	1205.43
1029.19	1208.38
1029.36	1206.11
1029.52	1208.85
1029.68	1204.16
1029.84	1213.16
1030.00	1212.79
1030.16	1209.31
1030.32	1212.09
1030.48	1214.02
1030.64	1211.13
1030.80	1210.60
1030.96	1211.29
1031.12	1221.82
1031.28	1202.36
1031.44	1211.52
1031.60	1212.64
1031.76	1214.14
1031.92	1208.98
1032.08	1227.37
1032.24	1209.22
1032.40	1222.68
1032.56	1212.68
1032.73	1212.87
1032.89	1196.83
1033.05	1214.92
1033.21	1204.16
1033.37	1205.09
1033.53	1204.12
1033.69	1214.88
1033.85	1210.68
1034.01	1210.84
1034.17	1208.32
1034.33	1213.46
1034.49	1210.04
1034.65	1214.94
1034.81	1208.69
1034.97	1211.17
1035.13	1207.69
1035.29	1207.69
1035.45	1213.05
1035.61	1213.71
1035.77	1203.69
1035.93	1211.37
1036.09	1205.37
1036.25	1214.57
1036.41	1204.16
1036.57	1208.14
1036.73	1207.56
1036.88	1214.18
1037.04	1202.94
