345.52	1207.09
345.73	1207.09
345.94	1207.09
346.16	1210.33
346.37	1211.00
346.58	1214.14
346.79	1220.53
347.00	1217.68
347.22	1223.70
347.43	1208.90
347.64	1221.80
347.85	1214.26
348.06	1224.36
348.28	1220.32
348.49	1221.33
348.70	1214.16
348.91	1222.74
349.12	1219.03
349.34	1219.79
349.55	1214.83
349.76	1220.38
349.97	1212.05
350.18	1226.49
350.40	1215.08
350.61	1216.92
350.82	1215.29
351.03	1228.29
351.24	1217.17
351.46	1222.78
351.67	1214.40
351.88	1223.21
352.09	1219.20
352.30	1226.94
352.51	1216.31
352.73	1223.44
352.94	1222.92
353.15	1223.33
353.36	1215.82
353.57	1221.63
353.79	1221.70
354.00	1219.81
354.21	1223.19
354.42	1227.22
354.63	1213.24
354.84	1220.84
355.06	1215.26
355.27	1225.34
355.48	1215.53
355.69	1214.24
355.90	1218.17
356.11	1219.50
356.33	1219.38
356.54	1224.71
356.75	1218.09
356.96	1224.46
357.17	1211.07
357.38	1223.35
357.60	1213.87
357.81	1217.35
358.02	1214.02
358.23	1221.74
358.44	1216.10
358.65	1221.61
358.87	1219.22
359.08	1219.09
359.29	1218.81
359.50	1225.22
359.71	1218.23
359.92	1226.86
360.13	1217.66
360.35	1229.07
360.56	1214.96
360.77	1220.43
360.98	1220.94
361.19	1229.11
361.40	1220.34
361.62	1220.04
361.83	1215.10
362.04	1222.25
362.25	1222.49
362.46	1226.43
362.67	1219.34
362.88	1226.73
363.10	1218.91
363.31	1222.76
363.52	1215.18
363.73	1226.90
363.94	1218.13
364.15	1222.94
364.36	1215.86
364.57	1220.10
364.79	1220.04
365.00	1221.02
365.21	1219.32
365.42	1226.53
365.63	1220.63
365.84	1229.15
366.05	1221.39
366.27	1228.95
366.48	1217.70
366.69	1222.27
366.90	1219.28
367.11	1221.82
367.32	1215.55
367.53	1218.38
367.74	1224.07
367.95	1221.86
368.17	1218.40
368.38	1228.06
368.59	1218.52
368.80	1215.57
369.01	1225.93
369.22	1225.81
369.43	1219.32
369.64	1221.35
369.86	1215.24
370.07	1223.56
370.28	1217.68
370.49	1228.15
370.70	1226.55
370.91	1222.58
371.12	1216.53
371.33	1215.41
371.54	1218.46
371.76	1224.52
371.97	1216.43
372.18	1221.31
372.39	1225.40
372.60	1224.09
372.81	1219.09
373.02	1219.61
373.23	1220.94
373.44	1223.93
373.65	1219.75
373.87	1227.74
374.08	1220.77
374.29	1219.65
374.50	1215.43
374.71	1229.29
374.92	1224.19
375.13	1224.28
375.34	1224.95
375.55	1224.58
375.76	1219.54
375.97	1225.91
376.19	1225.85
376.40	1221.51
376.61	1223.11
376.82	1228.76
377.03	1212.23
377.24	1227.20
377.45	1224.62
377.66	1220.36
377.87	1218.15
378.08	1226.67
378.29	1218.87
378.50	1227.65
378.71	1217.48
378.93	1229.38
379.14	1217.76
379.35	1225.14
379.56	1222.74
379.77	1220.55
379.98	1225.28
380.19	1230.36
380.40	1213.20
380.61	1230.93
380.82	1222.13
381.03	1226.20
381.24	1213.59
381.45	1226.39
381.66	1215.96
381.88	1228.23
382.09	1217.07
382.30	1224.71
382.51	1220.36
382.72	1222.23
382.93	1220.79
383.14	1228.88
383.35	1220.57
383.56	1219.69
383.77	1212.79
383.98	1229.38
384.19	1215.45
384.40	1220.10
384.61	1222.19
384.82	1222.19
385.03	1214.75
385.24	1225.93
385.45	1218.66
385.67	1224.58
385.88	1221.14
386.09	1224.60
386.30	1217.89
386.51	1225.81
386.72	1218.42
386.93	1229.01
387.14	1219.26
387.35	1229.64
387.56	1221.41
387.77	1224.83
387.98	1219.93
388.19	1221.70
388.40	1222.00
388.61	1223.89
388.82	1219.57
389.03	1226.86
389.24	1220.51
389.45	1226.06
389.66	1215.74
389.87	1224.71
390.08	1229.62
390.29	1220.73
390.50	1222.37
390.71	1224.83
390.92	1215.39
391.13	1233.57
391.34	1217.48
391.55	1227.18
391.76	1220.45
391.98	1223.37
392.19	1220.94
392.40	1224.60
392.61	1218.34
392.82	1228.80
393.03	1216.90
393.24	1228.56
393.45	1220.14
393.66	1226.24
393.87	1215.33
394.08	1228.99
394.29	1212.99
394.50	1230.40
394.71	1213.77
394.92	1231.07
395.13	1214.30
395.34	1227.02
395.55	1219.77
395.76	1220.65
395.97	1219.28
396.18	1233.90
396.39	1223.07
396.60	1223.72
396.81	1227.53
397.02	1228.66
397.23	1217.23
397.44	1234.78
397.65	1211.66
397.86	1228.13
398.07	1217.27
398.28	1229.05
398.49	1222.97
398.70	1226.20
398.91	1216.90
399.12	1227.04
399.33	1222.43
399.54	1231.83
399.75	1217.87
399.96	1224.83
400.17	1221.94
400.38	1219.61
400.59	1217.39
400.80	1226.53
401.01	1219.44
401.22	1229.13
401.42	1221.08
401.63	1218.40
401.84	1220.04
402.05	1220.67
402.26	1223.29
402.47	1235.64
402.68	1219.57
402.89	1224.23
403.10	1219.14
403.31	1227.47
403.52	1221.33
403.73	1231.28
403.94	1219.30
404.15	1229.97
404.36	1220.55
404.57	1231.22
404.78	1217.64
404.99	1219.69
405.20	1220.92
405.41	1226.32
405.62	1220.10
405.83	1225.46
406.04	1223.78
406.25	1222.82
406.46	1223.09
406.67	1233.53
406.88	1221.63
407.09	1217.31
407.30	1223.64
407.50	1233.63
407.71	1215.39
407.92	1227.12
408.13	1217.29
408.34	1229.54
408.55	1222.15
408.76	1220.71
408.97	1222.25
409.18	1225.40
409.39	1228.45
409.60	1228.58
409.81	1216.10
410.02	1230.44
410.23	1219.05
410.44	1221.98
410.65	1210.98
410.86	1226.04
411.07	1220.79
411.27	1225.57
411.48	1228.31
411.69	1224.52
411.90	1216.70
412.11	1221.67
412.32	1221.39
412.53	1227.94
412.74	1224.23
412.95	1226.12
413.16	1217.91
413.37	1231.03
413.58	1218.66
413.79	1223.64
414.00	1212.83
414.20	1231.79
414.41	1221.31
414.62	1229.81
414.83	1218.68
415.04	1222.15
415.25	1221.98
415.46	1227.98
415.67	1219.40
415.88	1227.16
416.09	1214.92
416.30	1227.47
416.51	1216.64
416.71	1224.03
416.92	1212.07
417.13	1219.77
417.34	1212.48
417.55	1225.81
417.76	1218.38
417.97	1221.98
418.18	1217.64
418.39	1221.33
418.60	1215.04
418.81	1225.77
419.01	1218.21
419.22	1225.65
419.43	1224.64
419.64	1231.55
419.85	1219.03
420.06	1228.06
420.27	1217.70
420.48	1222.88
420.69	1211.99
420.90	1226.16
421.10	1221.31
421.31	1219.05
421.52	1216.68
421.73	1224.99
421.94	1227.96
422.15	1220.28
422.36	1220.77
422.57	1222.53
422.78	1214.75
422.98	1229.19
423.19	1218.93
423.40	1228.47
423.61	1220.77
423.82	1226.53
424.03	1225.03
424.24	1230.54
424.45	1220.98
424.65	1222.66
424.86	1221.96
425.07	1225.34
425.28	1220.16
425.49	1224.03
425.70	1219.20
425.91	1231.48
426.12	1217.21
426.32	1226.22
426.53	1223.50
426.74	1231.07
426.95	1218.48
427.16	1226.69
427.37	1224.52
427.58	1228.21
427.78	1225.40
427.99	1228.06
428.20	1223.60
428.41	1227.78
428.62	1216.39
428.83	1222.23
429.04	1224.81
429.24	1220.77
429.45	1225.03
429.66	1222.39
429.87	1226.06
430.08	1229.01
430.29	1223.68
430.50	1225.30
430.70	1220.67
430.91	1229.54
431.12	1231.20
431.33	1231.20
431.54	1212.07
431.75	1227.82
431.96	1219.52
432.16	1226.61
432.37	1217.29
432.58	1222.62
432.79	1217.58
433.00	1223.19
433.21	1220.81
433.41	1227.45
433.62	1224.21
433.83	1230.50
434.04	1214.34
434.25	1220.51
434.46	1217.66
434.66	1219.91
434.87	1222.60
435.08	1225.30
435.29	1219.57
435.50	1223.33
435.71	1223.07
435.91	1223.56
436.12	1220.12
436.33	1229.76
436.54	1217.42
436.75	1226.92
436.95	1215.39
437.16	1223.72
437.37	1214.47
437.58	1221.61
437.79	1223.95
438.00	1234.60
438.20	1220.90
438.41	1229.15
438.62	1220.81
438.83	1226.55
439.04	1214.92
439.24	1226.55
439.45	1219.73
439.66	1229.97
439.87	1216.76
440.08	1225.01
440.28	1222.13
440.49	1224.15
440.70	1217.09
440.91	1225.87
441.12	1222.58
441.32	1227.35
441.53	1217.29
441.74	1223.70
441.95	1218.15
442.16	1228.72
442.36	1218.87
442.57	1225.26
442.78	1220.47
442.99	1225.73
443.20	1218.62
443.40	1223.35
443.61	1215.37
443.82	1222.68
444.03	1220.55
444.24	1221.47
444.44	1221.10
444.65	1223.03
444.86	1220.92
445.07	1223.13
445.27	1223.03
445.48	1221.70
445.69	1220.45
445.90	1227.00
446.11	1218.99
446.31	1218.93
446.52	1212.32
446.73	1224.50
446.94	1219.87
447.14	1228.41
447.35	1213.28
447.56	1223.48
447.77	1226.43
447.97	1226.26
448.18	1218.32
448.39	1229.21
448.60	1220.10
448.81	1223.03
449.01	1218.68
449.22	1222.70
449.43	1215.90
449.64	1224.58
449.84	1219.81
450.05	1221.00
450.26	1223.52
450.47	1229.13
450.67	1212.73
450.88	1226.86
451.09	1218.44
451.30	1225.05
451.50	1215.24
451.71	1227.31
451.92	1222.13
452.13	1223.66
452.33	1217.25
452.54	1229.33
452.75	1221.72
452.96	1231.91
453.16	1220.45
453.37	1230.91
453.58	1222.02
453.79	1223.91
453.99	1218.15
454.20	1224.50
454.41	1224.26
454.61	1227.04
454.82	1221.67
455.03	1228.64
455.24	1220.20
455.44	1228.72
455.65	1215.59
455.86	1232.90
456.07	1222.58
456.27	1226.36
456.48	1218.32
456.69	1229.72
456.90	1219.22
457.10	1228.25
457.31	1216.27
457.52	1228.00
457.72	1220.67
457.93	1229.62
458.14	1218.28
458.35	1220.30
458.55	1217.64
458.76	1224.66
458.97	1216.00
459.17	1219.79
459.38	1220.00
459.59	1227.16
459.80	1219.87
460.00	1220.55
460.21	1226.53
460.42	1226.04
460.62	1219.46
460.83	1226.41
461.04	1220.92
461.25	1228.86
461.45	1215.55
461.66	1225.46
461.87	1220.43
462.07	1228.92
462.28	1218.68
462.49	1219.59
462.69	1218.30
462.90	1227.27
463.11	1216.76
463.31	1232.96
463.52	1216.06
463.73	1235.25
463.94	1212.73
464.14	1222.35
464.35	1217.23
464.56	1225.18
464.76	1228.39
464.97	1230.01
465.18	1219.57
465.38	1228.35
465.59	1220.55
465.80	1225.18
466.00	1219.69
466.21	1225.73
466.42	1224.17
466.62	1223.56
466.83	1221.14
467.04	1229.72
467.24	1214.47
467.45	1227.86
467.66	1212.91
467.86	1217.66
468.07	1220.47
468.28	1225.01
468.48	1219.50
468.69	1223.66
468.90	1216.94
469.10	1224.81
469.31	1224.48
469.52	1234.78
469.72	1216.58
469.93	1224.93
470.14	1217.99
470.34	1230.69
470.55	1213.63
470.76	1224.07
470.96	1222.90
471.17	1227.74
471.38	1217.52
471.58	1233.63
471.79	1217.21
472.00	1229.97
472.20	1232.51
472.41	1216.55
472.62	1224.93
472.82	1227.55
473.03	1220.73
473.24	1233.76
473.44	1216.21
473.65	1231.26
473.85	1217.87
474.06	1232.12
474.27	1218.09
474.47	1227.04
474.68	1222.84
474.89	1221.92
475.09	1218.89
475.30	1228.62
475.51	1219.01
475.71	1227.04
475.92	1218.21
476.12	1222.84
476.33	1211.07
476.54	1219.95
476.74	1218.50
476.95	1232.94
477.16	1216.86
477.36	1221.80
477.57	1213.77
477.77	1226.98
477.98	1223.01
478.19	1222.15
478.39	1213.56
478.60	1232.49
478.81	1221.57
479.01	1225.32
479.22	1223.89
479.42	1226.82
479.63	1224.26
479.84	1225.30
480.04	1218.97
480.25	1228.43
480.45	1214.59
480.66	1228.70
480.87	1219.52
481.07	1223.11
481.28	1219.95
481.48	1220.45
481.69	1222.10
481.90	1224.58
482.10	1216.84
482.31	1219.73
482.51	1222.56
482.72	1229.48
482.93	1219.52
483.13	1224.44
483.34	1224.03
483.54	1221.12
483.75	1221.41
483.96	1231.05
484.16	1221.27
484.37	1233.33
484.57	1225.71
484.78	1227.25
484.99	1228.00
485.19	1227.35
485.40	1226.12
485.60	1230.60
485.81	1226.06
486.01	1228.39
486.22	1231.30
486.43	1223.56
486.63	1218.34
486.84	1229.68
487.04	1221.82
487.25	1229.17
487.46	1215.39
487.66	1230.09
487.87	1222.97
488.07	1225.38
488.28	1223.01
488.48	1223.72
488.69	1221.43
488.89	1228.11
489.10	1214.92
489.31	1219.34
489.51	1216.45
489.72	1222.99
489.92	1214.30
490.13	1232.69
490.33	1224.95
490.54	1225.09
490.75	1226.51
490.95	1228.70
491.16	1219.65
491.36	1230.89
491.57	1221.06
491.77	1227.25
491.98	1219.50
492.18	1218.15
492.39	1217.13
492.59	1227.08
492.80	1215.57
493.01	1222.45
493.21	1219.16
493.42	1228.70
493.62	1227.59
493.83	1221.08
494.03	1219.24
494.24	1224.26
494.44	1220.65
494.65	1221.00
494.85	1220.08
495.06	1222.78
495.26	1224.34
495.47	1226.69
495.68	1220.20
495.88	1227.84
496.09	1208.75
496.29	1236.40
496.50	1226.75
496.70	1224.66
496.91	1220.16
497.11	1221.78
497.32	1218.09
497.52	1231.69
497.73	1212.30
497.93	1224.64
498.14	1219.65
498.34	1220.24
498.55	1213.20
498.75	1224.32
498.96	1224.36
499.16	1219.16
499.37	1222.94
499.57	1227.37
499.78	1220.51
499.98	1221.37
500.19	1218.23
500.39	1219.30
500.60	1217.09
500.80	1220.10
501.01	1220.47
501.21	1225.91
501.42	1226.14
501.62	1226.51
501.83	1223.31
502.03	1218.17
502.24	1219.59
502.44	1226.94
502.65	1217.46
502.85	1220.55
503.06	1224.69
503.26	1223.25
503.47	1219.32
503.67	1222.62
503.88	1216.76
504.08	1224.60
504.29	1216.06
504.49	1222.39
504.70	1222.51
504.90	1224.17
505.11	1212.91
505.31	1224.95
505.52	1219.05
505.72	1226.45
505.93	1220.26
506.13	1227.35
506.34	1224.79
506.54	1220.65
506.75	1223.44
506.95	1221.51
507.16	1223.66
507.36	1226.32
507.56	1209.92
507.77	1225.40
507.97	1215.26
508.18	1222.39
508.38	1217.54
508.59	1228.82
508.79	1221.45
509.00	1224.73
509.20	1215.69
509.41	1222.53
509.61	1221.59
509.82	1226.94
510.02	1221.57
510.22	1223.91
510.43	1217.68
510.63	1221.20
510.84	1216.98
511.04	1227.82
511.25	1221.82
511.45	1225.18
511.66	1220.20
511.86	1224.42
512.06	1224.66
512.27	1223.66
512.47	1222.76
512.68	1228.60
512.88	1220.08
513.09	1230.07
513.29	1215.47
513.50	1221.74
513.70	1217.39
513.90	1227.96
514.11	1217.23
514.31	1223.15
514.52	1219.59
514.72	1227.63
514.93	1218.54
515.13	1226.86
515.33	1216.10
515.54	1226.94
515.74	1213.26
515.95	1227.53
516.15	1212.66
516.36	1230.95
516.56	1216.39
516.76	1223.64
516.97	1220.90
517.17	1219.79
517.38	1216.25
517.58	1228.00
517.78	1214.14
517.99	1221.41
518.19	1218.09
518.40	1220.84
518.60	1217.78
518.81	1223.95
519.01	1218.13
519.21	1219.40
519.42	1218.13
519.62	1229.68
519.83	1214.57
520.03	1230.19
520.23	1217.42
520.44	1225.77
520.64	1221.22
520.85	1223.54
521.05	1215.26
521.25	1223.11
521.46	1216.33
521.66	1233.23
521.86	1216.88
522.07	1221.76
522.27	1214.59
522.48	1222.02
522.68	1226.67
522.88	1224.52
523.09	1216.12
523.29	1229.89
523.50	1217.70
523.70	1231.61
523.90	1216.84
524.11	1224.79
524.31	1219.50
524.51	1228.29
524.72	1218.44
524.92	1220.57
525.13	1219.67
525.33	1218.99
525.53	1223.64
525.74	1225.61
525.94	1220.59
526.14	1229.58
526.35	1223.21
526.55	1221.47
526.76	1215.18
526.96	1225.85
527.16	1218.66
527.37	1221.27
527.57	1219.65
527.77	1229.23
527.98	1227.00
528.18	1220.98
528.38	1217.44
528.59	1222.88
528.79	1219.40
528.99	1230.15
529.20	1217.25
529.40	1224.17
529.61	1217.46
529.81	1223.56
530.01	1215.22
530.22	1227.43
530.42	1222.35
530.62	1219.63
530.83	1218.07
531.03	1227.74
531.23	1218.99
531.44	1225.87
531.64	1219.11
531.84	1223.93
532.05	1218.21
532.25	1224.93
532.45	1216.74
532.66	1227.80
532.86	1212.73
533.06	1224.75
533.27	1218.93
533.47	1228.58
533.67	1220.00
533.88	1228.37
534.08	1217.23
534.28	1225.65
534.49	1212.17
534.69	1219.20
534.89	1209.82
535.09	1223.80
535.30	1218.40
535.50	1219.71
535.70	1221.20
535.91	1223.29
536.11	1220.90
536.31	1221.20
536.52	1222.60
536.72	1226.30
536.92	1213.36
537.13	1222.70
537.33	1216.17
537.53	1225.50
537.74	1213.52
537.94	1220.92
538.14	1216.23
538.34	1232.39
538.55	1212.75
538.75	1229.31
538.95	1225.44
539.16	1217.64
539.36	1220.98
539.56	1229.15
539.77	1221.39
539.97	1223.27
540.17	1216.92
540.37	1228.29
540.58	1221.45
540.78	1228.70
540.98	1215.82
541.19	1218.25
541.39	1217.82
541.59	1223.89
541.79	1219.91
542.00	1223.13
542.20	1221.57
542.40	1235.54
542.60	1215.22
542.81	1217.31
543.01	1216.27
543.21	1226.16
543.42	1215.49
543.62	1225.81
543.82	1221.18
544.02	1223.31
544.23	1216.84
544.43	1227.65
544.63	1214.94
544.83	1220.59
545.04	1221.14
545.24	1230.79
545.44	1218.19
545.64	1224.58
545.85	1215.84
546.05	1227.70
546.25	1218.23
546.45	1225.36
546.66	1223.85
546.86	1227.37
547.06	1216.12
547.27	1228.21
547.47	1215.86
547.67	1224.09
547.87	1218.30
548.07	1226.84
548.28	1221.22
548.48	1225.44
548.68	1218.58
548.88	1220.81
549.09	1218.58
549.29	1227.06
549.49	1223.50
549.69	1225.28
549.90	1217.19
550.10	1222.60
550.30	1216.33
550.50	1226.26
550.71	1219.28
550.91	1221.65
551.11	1214.75
551.31	1227.29
551.51	1229.19
551.72	1228.00
551.92	1214.24
552.12	1222.23
552.32	1211.68
552.53	1228.25
552.73	1222.51
552.93	1224.09
553.13	1215.10
553.33	1225.07
553.54	1220.88
553.74	1230.09
553.94	1220.92
554.14	1223.19
554.35	1223.56
554.55	1226.43
554.75	1214.51
554.95	1225.48
555.15	1222.31
555.36	1222.94
555.56	1221.43
555.76	1224.34
555.96	1216.47
556.16	1221.08
556.37	1216.76
556.57	1223.25
556.77	1219.32
556.97	1223.21
557.17	1219.16
557.38	1223.52
557.58	1218.05
557.78	1219.75
557.98	1217.31
558.18	1228.37
558.38	1220.43
558.59	1225.20
558.79	1216.37
558.99	1229.99
559.19	1219.36
559.39	1229.42
559.60	1217.27
559.80	1226.34
560.00	1224.91
560.20	1227.16
560.40	1214.26
560.60	1224.66
560.81	1219.14
561.01	1225.69
561.21	1224.40
561.41	1225.98
561.61	1221.61
561.81	1224.23
562.02	1217.44
562.22	1229.70
562.42	1218.01
562.62	1228.52
562.82	1220.75
563.02	1215.18
563.23	1221.72
563.43	1220.34
563.63	1217.91
563.83	1217.62
564.03	1221.20
564.23	1226.26
564.43	1226.79
564.64	1222.02
564.84	1225.09
565.04	1221.55
565.24	1214.75
565.44	1226.92
565.64	1209.61
565.85	1225.89
566.05	1218.48
566.25	1229.60
566.45	1218.42
566.65	1224.09
566.85	1223.54
567.05	1227.02
567.25	1219.73
567.46	1218.21
567.66	1221.45
567.86	1227.22
568.06	1227.98
568.26	1230.67
568.46	1216.88
568.66	1220.75
568.86	1220.28
569.07	1235.31
569.27	1223.64
569.47	1223.09
569.67	1219.91
569.87	1227.10
570.07	1220.32
570.27	1220.41
570.47	1219.01
570.68	1219.81
570.88	1218.05
571.08	1227.49
571.28	1223.46
571.48	1226.16
571.68	1222.25
571.88	1225.75
572.08	1220.86
572.28	1215.00
572.49	1215.55
572.69	1223.42
572.89	1217.46
573.09	1229.46
573.29	1219.63
573.49	1223.33
573.69	1223.17
573.89	1231.22
574.09	1219.83
574.29	1222.53
574.50	1214.55
574.70	1229.72
574.90	1212.48
575.10	1217.50
575.30	1225.96
575.50	1222.43
575.70	1219.65
575.90	1228.13
576.10	1222.13
576.30	1225.61
576.50	1213.56
576.70	1224.89
576.91	1216.37
577.11	1219.34
577.31	1218.91
577.51	1223.46
577.71	1219.79
577.91	1227.45
578.11	1227.02
578.31	1221.31
578.51	1220.14
578.71	1229.72
578.91	1217.17
579.11	1225.73
579.31	1221.14
579.51	1229.99
579.71	1224.26
579.92	1218.81
580.12	1215.59
580.32	1223.74
580.52	1212.32
580.72	1218.07
580.92	1221.51
581.12	1221.02
581.32	1224.50
581.52	1223.40
581.72	1219.32
581.92	1229.31
582.12	1222.04
582.32	1219.65
582.52	1218.93
582.72	1224.28
582.92	1223.91
583.12	1224.30
583.32	1217.78
583.52	1225.16
583.72	1211.91
583.92	1224.38
584.12	1221.82
584.33	1226.82
584.53	1223.52
584.73	1221.14
584.93	1212.58
585.13	1221.24
585.33	1219.11
585.53	1225.07
585.73	1214.10
585.93	1216.49
586.13	1209.53
586.33	1218.85
586.53	1221.86
586.73	1214.04
586.93	1218.30
587.13	1230.21
587.33	1222.51
587.53	1234.25
587.73	1216.84
587.93	1227.63
588.13	1221.78
588.33	1226.39
588.53	1214.69
588.73	1231.65
588.93	1209.98
589.13	1224.85
589.33	1213.63
589.53	1228.35
589.73	1216.25
589.93	1230.07
590.13	1217.48
590.33	1225.34
590.53	1212.34
590.73	1223.23
590.93	1215.00
591.13	1217.17
591.33	1221.98
591.53	1230.07
591.73	1217.70
591.93	1229.74
592.13	1216.80
592.33	1227.72
592.53	1218.58
592.73	1227.29
592.93	1217.68
593.13	1220.81
593.33	1215.47
593.53	1226.63
593.73	1211.48
593.93	1223.42
594.13	1218.48
594.33	1230.67
594.53	1212.60
594.73	1221.80
594.92	1214.92
595.12	1221.16
595.32	1216.33
595.52	1222.72
595.72	1220.77
595.92	1225.05
596.12	1222.80
596.32	1231.22
596.52	1219.57
596.72	1222.82
596.92	1215.31
597.12	1222.99
597.32	1218.50
597.52	1219.95
597.72	1215.14
597.92	1222.33
598.12	1220.04
598.32	1229.50
598.52	1227.02
598.72	1224.44
598.92	1213.63
599.12	1231.96
599.31	1223.11
599.51	1223.01
599.71	1208.81
599.91	1229.05
600.11	1221.41
600.31	1216.55
600.51	1219.40
600.71	1225.91
600.91	1217.85
601.11	1222.23
601.31	1215.55
601.51	1226.20
601.71	1219.77
601.91	1222.49
602.10	1216.15
602.30	1220.73
602.50	1221.33
602.70	1231.65
602.90	1224.56
603.10	1225.77
603.30	1223.58
603.50	1219.85
603.70	1218.48
603.90	1224.26
604.10	1223.37
604.30	1220.81
604.49	1214.38
604.69	1222.66
604.89	1220.24
605.09	1230.07
605.29	1218.11
605.49	1222.72
605.69	1222.68
605.89	1224.09
606.09	1212.89
606.29	1223.76
606.48	1222.70
606.68	1225.42
606.88	1212.40
607.08	1221.51
607.28	1216.90
607.48	1225.32
607.68	1216.66
607.88	1219.36
608.08	1216.35
608.27	1226.63
608.47	1225.81
608.67	1225.79
608.87	1217.52
609.07	1223.74
609.27	1218.58
609.47	1220.45
609.67	1227.31
609.87	1221.47
610.06	1222.21
610.26	1220.94
610.46	1222.82
610.66	1224.36
610.86	1228.06
611.06	1228.00
611.26	1212.99
611.45	1225.87
611.65	1215.84
611.85	1220.30
612.05	1214.53
612.25	1227.57
612.45	1224.79
612.65	1235.74
612.84	1221.59
613.04	1228.70
613.24	1219.40
613.44	1220.00
613.64	1225.40
613.84	1224.75
614.04	1215.14
614.23	1228.37
614.43	1215.35
614.63	1221.74
614.83	1219.63
615.03	1222.21
615.23	1220.43
615.42	1225.12
615.62	1218.66
615.82	1227.63
616.02	1217.11
616.22	1221.84
616.42	1211.17
616.61	1234.21
616.81	1216.86
617.01	1223.13
617.21	1215.86
617.41	1220.43
617.61	1221.82
617.80	1217.78
618.00	1221.74
618.20	1216.78
618.40	1218.32
618.60	1219.16
618.80	1216.12
618.99	1227.08
619.19	1213.91
619.39	1234.97
619.59	1220.08
619.79	1229.70
619.98	1215.47
620.18	1219.05
620.38	1210.76
620.58	1220.28
620.78	1221.49
620.97	1222.56
621.17	1213.09
621.37	1223.13
621.57	1222.17
621.77	1222.76
621.96	1220.20
622.16	1226.32
622.36	1222.68
622.56	1225.12
622.76	1214.40
622.95	1217.99
623.15	1219.95
623.35	1220.43
623.55	1217.56
623.75	1223.95
623.94	1215.06
624.14	1225.40
624.34	1219.42
624.54	1225.59
624.73	1216.58
624.93	1224.66
625.13	1217.31
625.33	1221.37
625.53	1216.78
625.72	1217.76
625.92	1211.62
626.12	1224.13
626.32	1222.00
626.51	1219.77
626.71	1215.26
626.91	1226.41
627.11	1223.01
627.30	1221.65
627.50	1215.86
627.70	1228.86
627.90	1212.05
628.10	1229.46
628.29	1215.82
628.49	1221.92
628.69	1216.29
628.89	1223.93
629.08	1225.34
629.28	1221.65
629.48	1218.68
629.68	1227.82
629.87	1214.75
630.07	1217.89
630.27	1222.04
630.47	1221.43
630.66	1216.88
630.86	1221.39
631.06	1219.07
631.25	1222.15
631.45	1218.32
631.65	1231.01
631.85	1215.37
632.04	1227.33
632.24	1217.44
632.44	1228.90
632.64	1217.50
632.83	1222.56
633.03	1214.90
633.23	1228.31
633.42	1224.44
633.62	1226.73
633.82	1221.31
634.02	1218.85
634.21	1219.26
634.41	1218.21
634.61	1216.88
634.81	1223.17
635.00	1215.43
635.20	1228.37
635.40	1222.27
635.59	1221.63
635.79	1215.80
635.99	1221.35
636.18	1218.85
636.38	1222.78
636.58	1219.69
636.78	1220.96
636.97	1211.60
637.17	1232.02
637.37	1214.51
637.56	1222.31
637.76	1217.39
637.96	1226.39
638.15	1220.92
638.35	1225.91
638.55	1213.54
638.74	1223.35
638.94	1223.89
639.14	1219.24
639.34	1216.74
639.53	1228.92
639.73	1217.21
639.93	1221.51
640.12	1209.94
640.32	1227.84
640.52	1218.68
640.71	1218.19
640.91	1222.15
641.11	1225.52
641.30	1214.83
641.50	1220.43
641.70	1224.23
641.89	1227.68
642.09	1217.39
642.29	1228.62
642.48	1211.99
642.68	1219.65
642.88	1222.64
643.07	1220.96
643.27	1217.99
643.47	1219.44
643.66	1210.64
643.86	1223.29
644.06	1223.60
644.25	1226.65
644.45	1223.70
644.65	1215.80
644.84	1214.90
645.04	1218.52
645.23	1221.90
645.43	1232.82
645.63	1220.38
645.82	1229.60
646.02	1220.24
646.22	1224.62
646.41	1220.18
646.61	1220.67
646.81	1218.15
647.00	1223.97
647.20	1217.68
647.39	1222.64
647.59	1221.27
647.79	1222.39
647.98	1220.63
648.18	1217.52
648.38	1222.37
648.57	1222.31
648.77	1220.02
648.96	1221.37
649.16	1215.41
649.36	1222.66
649.55	1219.97
649.75	1224.54
649.95	1214.30
650.14	1221.14
650.34	1216.82
650.53	1227.16
650.73	1214.32
650.93	1223.44
651.12	1222.72
651.32	1227.84
651.51	1218.81
651.71	1222.06
651.91	1218.34
652.10	1225.69
652.30	1216.90
652.49	1218.07
652.69	1219.69
652.89	1223.40
653.08	1217.99
653.28	1223.46
653.47	1219.77
653.67	1230.89
653.86	1222.08
654.06	1222.04
654.26	1216.68
654.45	1222.64
654.65	1218.85
654.84	1232.02
655.04	1226.49
655.24	1217.52
655.43	1219.48
655.63	1225.14
655.82	1224.32
656.02	1227.57
656.21	1213.73
656.41	1230.48
656.61	1217.93
656.80	1223.78
657.00	1220.71
657.19	1225.55
657.39	1212.11
657.58	1222.00
657.78	1224.30
657.97	1225.42
658.17	1223.85
658.37	1228.49
658.56	1210.86
658.76	1225.96
658.95	1222.49
659.15	1228.21
659.34	1215.33
659.54	1223.95
659.73	1213.99
659.93	1224.93
660.13	1218.23
660.32	1220.86
660.52	1218.11
660.71	1223.03
660.91	1224.07
661.10	1223.19
661.30	1219.01
661.49	1224.15
661.69	1217.33
661.88	1219.40
662.08	1224.58
662.27	1226.14
662.47	1217.44
662.66	1217.19
662.86	1219.28
663.06	1224.38
663.25	1215.53
663.45	1227.33
663.64	1219.71
663.84	1226.30
664.03	1212.66
664.23	1213.13
664.42	1216.78
664.62	1225.50
664.81	1216.15
665.01	1220.45
665.20	1219.07
665.40	1215.92
665.59	1217.25
665.79	1229.23
665.98	1218.97
666.18	1222.64
666.37	1227.94
666.57	1216.15
666.76	1214.75
666.96	1226.34
667.15	1211.66
667.35	1219.07
667.54	1221.37
667.74	1227.96
667.93	1214.77
668.13	1226.57
668.32	1222.23
668.52	1231.20
668.71	1220.71
668.91	1231.20
669.10	1216.12
669.30	1220.75
669.49	1224.60
669.68	1221.20
669.88	1215.20
670.07	1219.09
670.27	1215.61
670.46	1227.88
670.66	1212.38
670.85	1224.54
671.05	1218.52
671.24	1227.22
671.44	1215.53
671.63	1223.23
671.83	1223.76
672.02	1222.21
672.22	1224.50
672.41	1218.30
672.60	1213.50
672.80	1225.40
672.99	1214.94
673.19	1222.35
673.38	1211.91
673.58	1222.92
673.77	1219.20
673.97	1221.98
674.16	1216.06
674.36	1222.92
674.55	1216.74
674.74	1221.24
674.94	1218.85
675.13	1227.63
675.33	1215.65
675.52	1224.46
675.72	1218.97
675.91	1231.10
676.10	1218.81
676.30	1225.18
676.49	1222.33
676.69	1223.27
676.88	1219.09
677.08	1232.08
677.27	1213.38
677.46	1221.06
677.66	1212.46
677.85	1226.14
678.05	1215.12
678.24	1220.79
678.44	1215.61
678.63	1220.12
678.82	1216.74
679.02	1223.33
679.21	1216.10
679.41	1222.39
679.60	1221.12
679.79	1222.02
679.99	1218.28
680.18	1223.17
680.38	1223.56
680.57	1219.59
680.76	1225.12
680.96	1223.07
681.15	1213.44
681.35	1224.64
681.54	1221.59
681.73	1224.93
681.93	1219.14
682.12	1222.53
682.32	1219.48
682.51	1223.03
682.70	1218.58
682.90	1223.91
683.09	1218.42
683.29	1220.75
683.48	1226.30
683.67	1222.70
683.87	1223.89
684.06	1223.52
684.25	1225.18
684.45	1224.26
684.64	1216.00
684.84	1227.37
685.03	1220.08
685.22	1225.98
685.42	1223.44
685.61	1222.80
685.80	1218.05
686.00	1227.37
686.19	1216.27
686.38	1221.86
686.58	1214.10
686.77	1216.88
686.96	1218.93
687.16	1223.76
687.35	1219.18
687.55	1226.69
687.74	1225.44
687.93	1223.46
688.13	1215.06
688.32	1223.93
688.51	1222.15
688.71	1224.71
688.90	1214.04
689.09	1220.34
689.29	1216.23
689.48	1228.29
689.67	1219.71
689.87	1225.61
690.06	1215.94
690.25	1230.99
690.45	1214.96
690.64	1220.90
690.83	1225.36
691.03	1224.60
691.22	1217.74
691.41	1223.31
691.61	1224.66
691.80	1227.82
691.99	1217.54
692.19	1228.17
692.38	1222.00
692.57	1227.68
692.76	1222.92
692.96	1224.32
693.15	1221.00
693.34	1223.74
693.54	1223.54
693.73	1225.81
693.92	1229.15
694.12	1228.29
694.31	1220.34
694.50	1226.39
694.70	1214.73
694.89	1228.37
695.08	1218.38
695.27	1221.27
695.47	1221.63
695.66	1214.79
695.85	1228.76
696.05	1226.59
696.24	1219.63
696.43	1224.89
696.62	1218.89
696.82	1219.22
697.01	1220.14
697.20	1220.77
697.40	1223.09
697.59	1218.05
697.78	1218.54
697.97	1226.34
698.17	1222.06
698.36	1220.59
698.55	1221.06
698.74	1222.90
698.94	1225.40
699.13	1222.15
699.32	1216.10
699.52	1223.54
699.71	1219.44
699.90	1228.70
700.09	1220.57
700.29	1223.05
700.48	1223.42
700.67	1218.58
700.86	1220.02
701.06	1227.49
701.25	1217.01
701.44	1224.30
701.63	1215.41
701.83	1227.39
702.02	1211.78
702.21	1224.28
702.40	1222.60
702.60	1230.21
702.79	1224.79
702.98	1220.36
703.17	1211.70
703.37	1226.00
703.56	1224.44
703.75	1225.34
703.94	1220.92
704.13	1222.90
704.33	1219.40
704.52	1223.85
704.71	1223.31
704.90	1224.05
705.10	1221.78
705.29	1225.05
705.48	1218.36
705.67	1219.93
705.86	1220.61
706.06	1219.28
706.25	1219.01
706.44	1225.14
706.63	1216.94
706.83	1229.74
707.02	1211.41
707.21	1222.60
707.40	1216.62
707.59	1221.92
707.79	1215.14
707.98	1222.41
708.17	1224.50
708.36	1224.32
708.55	1219.50
708.75	1229.31
708.94	1220.04
709.13	1223.48
709.32	1220.69
709.51	1231.01
709.71	1211.87
709.90	1223.13
710.09	1219.50
710.28	1229.42
710.47	1218.83
710.66	1227.84
710.86	1217.89
711.05	1225.96
711.24	1215.43
711.43	1223.62
711.62	1219.85
711.82	1229.31
712.01	1218.89
712.20	1220.14
712.39	1220.61
712.58	1230.69
712.77	1219.57
712.97	1226.98
713.16	1218.36
713.35	1222.08
713.54	1216.72
713.73	1221.76
713.92	1216.58
714.11	1232.75
714.31	1224.60
714.50	1221.37
714.69	1224.38
714.88	1224.97
715.07	1215.22
715.26	1226.06
715.46	1222.39
715.65	1230.52
715.84	1215.76
716.03	1218.09
716.22	1219.46
716.41	1218.30
716.60	1217.35
716.80	1220.61
716.99	1218.66
717.18	1223.66
717.37	1216.86
717.56	1226.36
717.75	1219.91
717.94	1221.82
718.13	1217.05
718.33	1224.44
718.52	1218.09
718.71	1221.78
718.90	1219.87
719.09	1219.42
719.28	1222.10
719.47	1230.24
719.66	1225.09
719.85	1229.56
720.05	1216.80
720.24	1222.27
720.43	1217.64
720.62	1221.61
720.81	1217.46
721.00	1229.15
721.19	1219.36
721.38	1227.43
721.57	1225.50
721.77	1223.99
721.96	1222.25
722.15	1223.44
722.34	1224.71
722.53	1218.79
722.72	1218.36
722.91	1222.94
723.10	1210.17
723.29	1237.46
723.48	1216.17
723.67	1224.89
723.87	1219.79
724.06	1225.32
724.25	1223.40
724.44	1226.96
724.63	1221.41
724.82	1229.11
725.01	1219.50
725.20	1223.87
725.39	1220.12
725.58	1228.33
725.77	1215.86
725.96	1223.13
726.15	1225.48
726.34	1225.14
726.54	1221.78
726.73	1220.94
726.92	1223.76
727.11	1221.72
727.30	1220.81
727.49	1228.00
727.68	1223.27
727.87	1220.84
728.06	1218.07
728.25	1231.18
728.44	1220.86
728.63	1228.62
728.82	1221.24
729.01	1225.87
729.20	1221.10
729.39	1222.17
729.58	1215.10
729.77	1225.50
729.96	1220.20
730.15	1225.26
730.34	1218.81
730.53	1216.31
730.73	1219.34
730.92	1225.85
731.11	1221.76
731.30	1225.63
731.49	1220.90
731.68	1224.46
731.87	1217.60
732.06	1231.16
732.25	1218.11
732.44	1227.02
732.63	1216.12
732.82	1221.90
733.01	1220.79
733.20	1225.79
733.39	1214.30
733.58	1222.23
733.77	1218.23
733.96	1227.29
734.15	1224.21
734.34	1225.75
734.53	1216.60
734.72	1224.50
734.91	1212.09
735.10	1225.85
735.29	1220.30
735.48	1230.97
735.67	1219.73
735.86	1225.16
736.05	1217.72
736.24	1224.42
736.43	1223.87
736.62	1224.28
736.81	1218.50
737.00	1238.84
737.19	1216.70
737.38	1227.33
737.57	1220.51
737.76	1223.46
737.95	1221.31
738.14	1231.48
738.33	1213.59
738.51	1230.64
738.70	1216.41
738.89	1231.69
739.08	1218.07
739.27	1228.33
739.46	1221.61
739.65	1228.23
739.84	1218.99
740.03	1223.11
740.22	1222.23
740.41	1226.57
740.60	1218.56
740.79	1219.71
740.98	1226.00
741.17	1219.73
741.36	1220.34
741.55	1228.82
741.74	1211.74
741.93	1223.40
742.12	1217.70
742.31	1219.87
742.50	1220.77
742.68	1220.67
742.87	1217.44
743.06	1226.41
743.25	1214.55
743.44	1222.02
743.63	1215.63
743.82	1221.61
744.01	1216.74
744.20	1222.86
744.39	1216.08
744.58	1224.69
744.77	1221.63
744.96	1219.14
745.14	1215.22
745.33	1221.76
745.52	1214.59
745.71	1227.55
745.90	1220.98
746.09	1217.85
746.28	1213.85
746.47	1225.32
746.66	1215.18
746.85	1224.19
747.04	1220.53
747.22	1214.59
747.41	1215.69
747.60	1225.59
747.79	1222.41
747.98	1218.83
748.17	1216.21
748.36	1227.88
748.55	1220.73
748.74	1220.43
748.93	1212.23
749.11	1225.69
749.30	1221.72
749.49	1228.31
749.68	1217.54
749.87	1221.53
750.06	1223.50
750.25	1229.01
750.44	1215.20
750.62	1227.22
750.81	1215.51
751.00	1225.87
751.19	1219.89
751.38	1223.72
751.57	1228.95
751.76	1224.58
751.95	1215.18
752.13	1226.69
752.32	1221.24
752.51	1221.37
752.70	1220.84
752.89	1222.43
753.08	1221.78
753.27	1223.44
753.45	1215.78
753.64	1223.25
753.83	1225.83
754.02	1219.28
754.21	1222.82
754.40	1222.19
754.58	1217.58
754.77	1225.48
754.96	1221.74
755.15	1221.18
755.34	1225.85
755.53	1227.51
755.71	1211.68
755.90	1217.68
756.09	1211.72
756.28	1224.77
756.47	1211.87
756.66	1222.58
756.84	1211.13
757.03	1221.02
757.22	1211.15
757.41	1224.36
757.60	1219.26
757.79	1228.49
757.97	1216.27
758.16	1224.87
758.35	1217.33
758.54	1230.48
758.73	1216.74
758.91	1224.69
759.10	1217.87
759.29	1224.64
759.48	1213.22
759.67	1228.25
759.85	1219.69
760.04	1229.99
760.23	1219.05
760.42	1228.54
760.61	1221.61
760.79	1223.70
760.98	1220.65
761.17	1219.09
761.36	1213.77
761.55	1216.98
761.73	1218.23
761.92	1222.19
762.11	1224.48
762.30	1226.26
762.49	1219.20
762.67	1222.58
762.86	1218.64
763.05	1226.00
763.24	1214.57
763.42	1220.34
763.61	1217.89
763.80	1224.19
763.99	1213.77
764.17	1227.84
764.36	1219.61
764.55	1227.41
764.74	1213.91
764.92	1231.55
765.11	1219.75
765.30	1224.79
765.49	1221.65
765.68	1231.51
765.86	1210.19
766.05	1223.89
766.24	1214.83
766.43	1230.13
766.61	1217.37
766.80	1225.67
766.99	1215.47
767.17	1225.12
767.36	1224.46
767.55	1236.95
767.74	1212.23
767.92	1223.60
768.11	1216.27
768.30	1222.53
768.49	1217.01
768.67	1224.60
768.86	1219.42
769.05	1217.62
769.24	1215.43
769.42	1223.07
769.61	1220.34
769.80	1225.22
769.98	1225.24
770.17	1222.74
770.36	1216.62
770.55	1228.23
770.73	1220.73
770.92	1220.12
771.11	1220.49
771.29	1228.62
771.48	1219.01
771.67	1224.79
771.86	1222.64
772.04	1223.29
772.23	1220.86
772.42	1225.26
772.60	1221.20
772.79	1233.27
772.98	1213.54
773.16	1232.69
773.35	1218.99
773.54	1220.94
773.72	1219.89
773.91	1223.09
774.10	1218.77
774.29	1229.01
774.47	1223.97
774.66	1227.31
774.85	1211.11
775.03	1229.89
775.22	1216.39
775.41	1224.73
775.59	1225.96
775.78	1224.58
775.97	1219.52
776.15	1228.11
776.34	1220.08
776.53	1224.09
776.71	1224.03
776.90	1221.45
777.09	1223.74
777.27	1225.36
777.46	1215.61
777.65	1227.22
777.83	1220.06
778.02	1220.22
778.21	1207.69
778.39	1220.26
778.58	1212.87
778.76	1226.96
778.95	1210.92
779.14	1226.00
779.32	1220.75
779.51	1222.04
779.70	1223.25
779.88	1218.09
780.07	1221.70
780.26	1219.91
780.44	1217.31
780.63	1220.10
780.81	1205.66
781.00	1224.95
781.19	1218.05
781.37	1224.99
781.56	1221.14
781.75	1215.96
781.93	1215.31
782.12	1227.43
782.30	1215.86
782.49	1225.26
782.68	1216.68
782.86	1224.11
783.05	1219.48
783.23	1224.36
783.42	1221.88
783.61	1224.58
783.79	1215.06
783.98	1230.64
784.16	1210.80
784.35	1221.08
784.54	1224.28
784.72	1230.32
784.91	1219.46
785.09	1223.25
785.28	1219.59
785.47	1214.45
785.65	1225.87
785.84	1221.55
786.02	1216.64
786.21	1222.72
786.40	1221.78
786.58	1228.11
786.77	1223.76
786.95	1218.05
787.14	1222.19
787.32	1226.39
787.51	1231.05
787.70	1229.83
787.88	1227.68
788.07	1221.61
788.25	1221.29
788.44	1223.62
788.62	1218.50
788.81	1221.14
789.00	1213.44
789.18	1223.74
789.37	1222.49
789.55	1221.92
789.74	1212.52
789.92	1232.14
790.11	1221.22
790.29	1218.15
790.48	1219.40
790.67	1227.18
790.85	1218.03
791.04	1223.37
791.22	1210.70
791.41	1220.73
791.59	1215.92
791.78	1225.91
791.96	1217.25
792.15	1220.38
792.33	1218.30
792.52	1221.16
792.70	1223.17
792.89	1225.93
793.07	1221.45
793.26	1222.27
793.45	1223.21
793.63	1227.55
793.82	1222.88
794.00	1226.75
794.19	1218.54
794.37	1228.58
794.56	1216.98
794.74	1225.65
794.93	1222.13
795.11	1223.54
795.30	1215.55
795.48	1223.52
795.67	1215.69
795.85	1223.72
796.04	1216.78
796.22	1224.34
796.41	1222.51
796.59	1225.05
796.78	1216.17
796.96	1222.02
797.15	1229.72
797.33	1221.55
797.52	1219.46
797.70	1229.13
797.89	1222.43
798.07	1226.75
798.26	1219.61
798.44	1232.04
798.63	1217.54
798.81	1225.83
798.99	1211.15
799.18	1223.03
799.36	1217.15
799.55	1227.25
799.73	1210.98
799.92	1229.09
800.10	1218.25
800.29	1224.83
800.47	1224.60
800.66	1216.98
800.84	1219.81
801.03	1228.37
801.21	1213.50
801.39	1227.22
801.58	1213.18
801.76	1227.37
801.95	1208.65
802.13	1224.34
802.32	1219.69
802.50	1222.72
802.69	1211.09
802.87	1220.75
803.06	1221.72
803.24	1220.32
803.42	1214.38
803.61	1224.64
803.79	1218.71
803.98	1224.71
804.16	1220.14
804.35	1227.33
804.53	1218.56
804.71	1224.15
804.90	1214.94
805.08	1229.83
805.27	1220.73
805.45	1219.54
805.63	1216.29
805.82	1221.12
806.00	1221.20
806.19	1216.55
806.37	1221.65
806.56	1224.40
806.74	1223.72
806.92	1225.91
807.11	1218.34
807.29	1222.90
807.48	1221.57
807.66	1219.46
807.84	1216.15
808.03	1222.70
808.21	1220.16
808.40	1224.07
808.58	1216.64
808.76	1223.95
808.95	1218.28
809.13	1224.36
809.32	1217.72
809.50	1224.85
809.68	1221.18
809.87	1215.69
810.05	1214.34
810.23	1218.97
810.42	1224.91
810.60	1219.77
810.79	1220.16
810.97	1227.59
811.15	1222.56
811.34	1224.69
811.52	1219.93
811.70	1229.56
811.89	1213.85
812.07	1224.30
812.25	1213.85
812.44	1225.61
812.62	1218.97
812.81	1222.60
812.99	1219.28
813.17	1225.63
813.36	1213.44
813.54	1225.32
813.72	1218.60
813.91	1231.73
814.09	1217.23
814.27	1223.58
814.46	1216.51
814.64	1223.91
814.82	1214.22
815.01	1227.55
815.19	1217.85
815.37	1223.99
815.56	1221.37
815.74	1226.55
815.92	1217.64
816.11	1232.96
816.29	1218.40
816.47	1223.70
816.66	1216.15
816.84	1225.50
817.02	1218.19
817.21	1228.11
817.39	1219.44
817.57	1222.70
817.76	1216.70
817.94	1225.14
818.12	1214.24
818.30	1223.37
818.49	1218.66
818.67	1220.34
818.85	1216.41
819.04	1228.37
819.22	1222.17
819.40	1222.80
819.59	1220.69
819.77	1224.97
819.95	1226.82
820.13	1223.42
820.32	1221.06
820.50	1222.60
820.68	1218.68
820.87	1226.57
821.05	1217.87
821.23	1227.96
821.41	1223.42
821.60	1216.96
821.78	1216.55
821.96	1222.37
822.14	1216.06
822.33	1224.19
822.51	1222.25
822.69	1228.56
822.88	1221.78
823.06	1218.05
823.24	1217.25
823.42	1219.11
823.61	1222.19
823.79	1221.61
823.97	1218.54
824.15	1229.40
824.34	1212.25
824.52	1221.45
824.70	1215.35
824.88	1230.93
825.07	1212.79
825.25	1231.69
825.43	1218.58
825.61	1219.75
825.80	1219.28
825.98	1222.62
826.16	1220.10
826.34	1231.69
826.53	1217.97
826.71	1219.26
826.89	1227.63
827.07	1221.08
827.25	1220.36
827.44	1230.13
827.62	1222.25
827.80	1217.15
827.98	1213.93
828.17	1224.64
828.35	1216.66
828.53	1227.02
828.71	1220.67
828.89	1223.07
829.08	1223.68
829.26	1224.44
829.44	1218.44
829.62	1228.00
829.80	1222.15
829.99	1223.56
830.17	1222.49
830.35	1227.61
830.53	1224.44
830.71	1223.91
830.90	1214.30
831.08	1230.64
831.26	1217.44
831.44	1219.63
831.62	1211.50
831.81	1222.94
831.99	1217.89
832.17	1227.80
832.35	1219.87
832.53	1220.04
832.71	1214.61
832.90	1229.19
833.08	1220.06
833.26	1224.73
833.44	1220.24
833.62	1218.09
833.81	1214.98
833.99	1223.64
834.17	1217.74
834.35	1230.24
834.53	1212.93
834.71	1220.96
834.89	1218.56
835.08	1224.44
835.26	1222.58
835.44	1229.68
835.62	1212.70
835.80	1217.95
835.98	1219.34
836.17	1227.65
836.35	1218.30
836.53	1225.24
836.71	1220.49
836.89	1224.03
837.07	1218.05
837.25	1230.87
837.44	1216.58
837.62	1226.71
837.80	1220.22
837.98	1219.91
838.16	1218.38
838.34	1226.69
838.52	1222.29
838.70	1232.16
838.89	1214.77
839.07	1224.15
839.25	1217.64
839.43	1230.79
839.61	1217.07
839.79	1225.07
839.97	1220.28
840.15	1232.45
840.33	1224.66
840.52	1227.72
840.70	1214.02
840.88	1222.02
841.06	1213.09
841.24	1226.18
841.42	1220.94
841.60	1231.94
841.78	1211.03
841.96	1228.86
842.14	1215.18
842.33	1226.92
842.51	1223.50
842.69	1227.08
842.87	1217.15
843.05	1222.45
843.23	1218.19
843.41	1227.76
843.59	1218.91
843.77	1221.27
843.95	1223.60
844.13	1226.88
844.31	1219.93
844.49	1234.54
844.68	1217.99
844.86	1223.72
845.04	1221.10
845.22	1221.45
845.40	1220.43
845.58	1225.07
845.76	1216.58
845.94	1228.00
846.12	1218.52
846.30	1223.58
846.48	1226.43
846.66	1224.54
846.84	1215.35
847.02	1224.52
847.20	1214.02
847.38	1224.85
847.56	1225.65
847.74	1231.40
847.92	1218.23
848.11	1222.56
848.29	1228.60
848.47	1225.91
848.65	1217.31
848.83	1233.80
849.01	1219.28
849.19	1227.43
849.37	1215.98
849.55	1219.36
849.73	1220.98
849.91	1226.51
850.09	1216.10
850.27	1229.60
850.45	1219.42
850.63	1226.04
850.81	1221.84
850.99	1226.84
851.17	1228.70
851.35	1231.24
851.53	1216.82
851.71	1222.49
851.89	1227.22
852.07	1226.06
852.25	1223.23
852.43	1232.57
852.61	1223.76
852.79	1225.52
852.97	1220.45
853.15	1222.82
853.33	1222.23
853.51	1228.54
853.69	1215.69
853.87	1225.40
854.05	1218.97
854.23	1220.96
854.41	1224.03
854.59	1224.46
854.77	1223.35
854.95	1226.67
855.13	1216.08
855.31	1228.68
855.49	1220.67
855.67	1222.58
855.84	1218.50
856.02	1226.28
856.20	1230.30
856.38	1230.34
856.56	1220.32
856.74	1217.07
856.92	1224.58
857.10	1229.54
857.28	1221.29
857.46	1224.66
857.64	1221.37
857.82	1227.55
858.00	1217.44
858.18	1225.61
858.36	1229.25
858.54	1231.63
858.72	1219.32
858.90	1226.24
859.08	1219.24
859.25	1228.37
859.43	1224.48
859.61	1228.37
859.79	1220.61
859.97	1225.89
860.15	1226.61
860.33	1227.00
860.51	1225.61
860.69	1227.82
860.87	1228.58
861.05	1226.18
861.23	1223.62
861.41	1231.16
861.58	1220.43
861.76	1236.17
861.94	1225.12
862.12	1224.07
862.30	1229.19
862.48	1224.71
862.66	1218.97
862.84	1229.64
863.02	1219.32
863.20	1230.58
863.37	1235.54
863.55	1226.47
863.73	1230.30
863.91	1232.08
864.09	1219.09
864.27	1230.40
864.45	1226.98
864.63	1238.28
864.80	1231.10
864.98	1224.36
865.16	1226.20
865.34	1228.70
865.52	1227.16
865.70	1221.55
865.88	1226.96
866.06	1237.46
866.23	1235.85
866.41	1232.94
866.59	1232.47
866.77	1232.53
866.95	1231.38
867.13	1237.67
867.31	1232.18
867.48	1239.12
867.66	1228.70
867.84	1230.81
868.02	1236.71
868.20	1235.11
868.38	1233.45
868.56	1240.17
868.73	1229.44
868.91	1236.58
869.09	1235.29
869.27	1240.80
869.45	1228.92
869.63	1245.43
869.80	1240.33
869.98	1242.26
870.16	1241.89
870.34	1247.42
870.52	1236.89
870.70	1246.17
870.87	1243.67
871.05	1247.34
871.23	1238.32
871.41	1243.90
871.59	1237.83
871.76	1244.73
871.94	1240.95
872.12	1253.11
872.30	1237.44
872.48	1247.23
872.65	1252.11
872.83	1246.17
873.01	1230.44
873.19	1250.18
873.37	1238.12
873.54	1251.74
873.72	1239.51
873.90	1254.42
874.08	1240.07
874.26	1251.58
874.43	1239.27
874.61	1253.36
874.79	1245.47
874.97	1253.52
875.15	1242.20
875.32	1255.51
875.50	1242.63
875.68	1252.19
875.86	1247.93
876.03	1245.80
876.21	1240.35
876.39	1251.86
876.57	1242.15
876.74	1252.50
876.92	1245.06
877.10	1247.09
877.28	1251.45
877.45	1252.29
877.63	1246.82
877.81	1263.33
877.99	1250.69
878.17	1276.21
878.34	1256.61
878.52	1263.86
878.70	1269.70
878.87	1282.81
879.05	1274.49
879.23	1286.21
879.41	1292.41
879.58	1303.61
879.76	1319.75
879.94	1351.93
880.12	1377.73
880.29	1442.40
880.47	1507.90
880.65	1618.08
880.83	1739.89
881.00	1897.83
881.18	2069.51
881.36	2260.96
881.53	2444.87
881.71	2647.70
881.89	2839.30
882.07	3047.54
882.24	3212.85
882.42	3395.10
882.60	3573.07
882.77	3713.95
882.95	3861.42
883.13	4002.39
883.30	4143.00
883.48	4274.05
883.66	4372.54
883.84	4487.78
884.01	4589.48
884.19	4688.80
884.37	4805.29
884.54	4865.44
884.72	4986.62
884.90	5010.11
885.07	5099.38
885.25	5197.42
885.43	5224.65
885.60	5226.95
885.78	5278.33
885.96	5261.95
886.13	5226.54
886.31	5139.68
886.49	5027.80
886.66	4925.98
886.84	4724.99
887.02	4537.34
887.19	4292.60
887.37	4095.69
887.55	3874.29
887.72	3610.59
887.90	3386.93
888.08	3193.97
888.25	2960.24
888.43	2788.43
888.61	2634.10
888.78	2487.50
888.96	2358.71
889.14	2265.67
889.31	2176.83
889.49	2117.76
889.67	2055.73
889.84	2026.42
890.02	1977.31
890.19	1952.39
890.37	1899.92
890.55	1880.24
890.72	1870.16
890.90	1846.26
891.08	1814.71
891.25	1796.72
891.43	1773.03
891.60	1756.97
891.78	1730.49
891.96	1729.65
892.13	1708.01
892.31	1695.12
892.48	1665.53
892.66	1667.48
892.84	1632.42
893.01	1636.04
893.19	1609.15
893.36	1601.96
893.54	1582.01
893.72	1564.89
893.89	1554.04
894.07	1550.27
894.24	1534.01
894.42	1539.81
894.60	1506.36
894.77	1503.41
894.95	1491.56
895.12	1478.12
895.30	1460.65
895.48	1464.93
895.65	1438.84
895.83	1441.61
896.00	1437.57
896.18	1439.87
896.35	1426.31
896.53	1440.73
896.71	1432.04
896.88	1456.49
897.06	1453.65
897.23	1473.45
897.41	1472.22
897.58	1484.18
897.76	1490.27
897.93	1508.62
898.11	1506.59
898.29	1517.03
898.46	1518.14
898.64	1527.76
898.81	1521.09
898.99	1517.87
899.16	1515.97
899.34	1513.10
899.51	1498.99
899.69	1499.15
899.86	1474.58
900.04	1477.22
900.21	1461.12
900.39	1456.17
900.57	1454.88
900.74	1446.87
900.92	1424.10
901.09	1430.34
901.27	1397.80
901.44	1400.11
901.62	1385.14
901.79	1377.22
901.97	1365.83
902.14	1363.48
902.32	1344.41
902.49	1340.83
902.67	1328.72
902.84	1323.75
903.02	1319.79
903.19	1318.34
903.37	1310.43
903.54	1307.30
903.72	1294.36
903.89	1298.17
904.07	1290.65
904.24	1291.45
904.42	1287.21
904.59	1291.88
904.77	1281.97
904.94	1282.29
905.12	1273.88
905.29	1266.36
905.47	1256.47
905.64	1257.78
905.82	1244.10
905.99	1246.50
906.16	1243.34
906.34	1245.74
906.51	1235.44
906.69	1239.64
906.86	1225.77
907.04	1233.04
907.21	1231.03
907.39	1238.12
907.56	1228.00
907.74	1234.02
907.91	1231.75
908.09	1229.64
908.26	1237.10
908.43	1235.05
908.61	1229.05
908.78	1240.19
908.96	1226.82
909.13	1232.80
909.31	1227.12
909.48	1237.67
909.65	1231.20
909.83	1231.77
910.00	1229.97
910.18	1230.97
910.35	1226.71
910.53	1229.54
910.70	1230.91
910.87	1232.90
911.05	1230.79
911.22	1226.84
911.40	1227.22
911.57	1233.92
911.75	1228.00
911.92	1236.83
912.09	1225.22
912.27	1238.73
912.44	1230.87
912.62	1229.76
912.79	1227.86
912.96	1239.66
913.14	1231.22
913.31	1235.68
913.49	1227.98
913.66	1235.29
913.83	1230.01
914.01	1237.40
914.18	1220.90
914.36	1232.57
914.53	1222.86
914.70	1235.15
914.88	1226.79
915.05	1227.98
915.22	1224.52
915.40	1231.18
915.57	1231.18
915.75	1230.85
915.92	1231.36
916.09	1227.25
916.27	1226.86
916.44	1236.65
916.61	1226.04
916.79	1232.37
916.96	1222.88
917.13	1231.26
917.31	1224.32
917.48	1228.47
917.66	1222.31
917.83	1224.79
918.00	1228.52
918.18	1227.00
918.35	1221.55
918.52	1234.82
918.70	1222.21
918.87	1231.34
919.04	1223.23
919.22	1229.85
919.39	1228.23
919.56	1226.10
919.74	1219.95
919.91	1225.16
920.08	1227.63
920.26	1229.56
920.43	1226.12
920.60	1226.47
920.78	1224.60
920.95	1231.87
921.12	1219.42
921.29	1230.60
921.47	1226.16
921.64	1233.35
921.81	1221.88
921.99	1232.37
922.16	1221.82
922.33	1233.41
922.51	1221.78
922.68	1228.84
922.85	1226.59
923.03	1231.30
923.20	1224.46
923.37	1235.13
923.54	1227.80
923.72	1230.62
923.89	1226.06
924.06	1227.18
924.24	1227.06
924.41	1229.93
924.58	1224.62
924.75	1226.28
924.93	1219.61
925.10	1229.35
925.27	1224.11
925.44	1235.15
925.62	1221.57
925.79	1228.08
925.96	1232.28
926.14	1232.22
926.31	1222.37
926.48	1229.62
926.65	1227.70
926.83	1234.31
927.00	1226.73
927.17	1236.48
927.34	1222.86
927.52	1230.52
927.69	1230.58
927.86	1227.47
928.03	1219.71
928.21	1228.86
928.38	1225.98
928.55	1224.38
928.72	1224.77
928.89	1225.07
929.07	1226.30
929.24	1230.44
929.41	1224.15
929.58	1228.04
929.76	1221.33
929.93	1225.09
930.10	1227.31
930.27	1233.29
930.44	1219.16
930.62	1232.00
930.79	1218.77
930.96	1226.79
931.13	1222.94
931.31	1230.56
931.48	1223.31
931.65	1226.90
931.82	1222.06
931.99	1227.59
932.17	1220.28
932.34	1226.86
932.51	1221.92
932.68	1229.38
932.85	1218.01
933.03	1231.77
933.20	1221.02
933.37	1225.32
933.54	1220.24
933.71	1223.83
933.88	1226.30
934.06	1227.35
934.23	1217.54
934.40	1221.88
934.57	1217.42
934.74	1222.90
934.91	1220.98
935.09	1222.15
935.26	1215.57
935.43	1225.77
935.60	1220.38
935.77	1223.09
935.94	1220.84
936.12	1230.28
936.29	1219.44
936.46	1219.48
936.63	1219.57
936.80	1225.28
936.97	1215.78
937.14	1229.21
937.32	1220.98
937.49	1226.16
937.66	1219.36
937.83	1222.45
938.00	1217.80
938.17	1214.30
938.34	1218.85
938.52	1223.68
938.69	1214.65
938.86	1234.11
939.03	1217.48
939.20	1225.87
939.37	1214.26
939.54	1228.43
939.71	1214.90
939.89	1220.16
940.06	1216.90
940.23	1222.15
940.40	1217.95
940.57	1228.35
940.74	1216.96
940.91	1225.28
941.08	1216.80
941.25	1219.44
941.43	1215.72
941.60	1220.67
941.77	1219.16
941.94	1223.54
942.11	1223.01
942.28	1216.04
942.45	1216.06
942.62	1228.45
942.79	1209.86
942.96	1229.76
943.13	1215.35
943.30	1226.26
943.48	1220.65
943.65	1221.04
943.82	1215.06
943.99	1223.74
944.16	1219.42
944.33	1219.26
944.50	1216.76
944.67	1223.76
944.84	1217.03
945.01	1223.93
945.18	1221.65
945.35	1227.16
945.52	1214.86
945.69	1230.11
945.86	1224.09
946.03	1225.79
946.21	1222.33
946.38	1228.64
946.55	1219.22
946.72	1231.26
946.89	1217.48
947.06	1229.07
947.23	1224.36
947.40	1229.11
947.57	1218.01
947.74	1225.93
947.91	1227.18
948.08	1225.57
948.25	1220.75
948.42	1223.72
948.59	1220.79
948.76	1219.32
948.93	1219.75
949.10	1222.41
949.27	1223.50
949.44	1219.85
949.61	1211.39
949.78	1225.57
949.95	1211.93
950.12	1224.13
950.29	1213.79
950.46	1225.20
950.63	1225.61
950.80	1228.21
950.97	1219.54
951.14	1220.04
951.31	1216.33
951.48	1228.19
951.65	1225.61
951.82	1217.29
951.99	1221.45
952.16	1219.26
952.33	1214.59
952.50	1227.70
952.67	1221.63
952.84	1227.43
953.01	1215.33
953.18	1221.49
953.35	1221.65
953.52	1225.89
953.69	1215.00
953.86	1222.82
954.03	1215.61
954.20	1226.90
954.37	1221.92
954.54	1226.90
954.70	1223.66
954.87	1217.52
955.04	1217.89
955.21	1225.50
955.38	1217.93
955.55	1227.63
955.72	1216.15
955.89	1221.02
956.06	1213.22
956.23	1231.44
956.40	1219.79
956.57	1223.99
956.74	1223.13
956.91	1235.03
957.08	1220.38
957.25	1228.52
957.41	1219.26
957.58	1231.28
957.75	1213.36
957.92	1225.05
958.09	1219.67
958.26	1218.91
958.43	1216.29
958.60	1225.09
958.77	1218.28
958.94	1218.99
959.11	1212.11
959.27	1225.38
959.44	1223.91
959.61	1224.36
959.78	1223.03
959.95	1231.03
960.12	1217.33
960.29	1227.63
960.46	1217.05
960.63	1225.12
960.80	1214.42
960.96	1227.68
961.13	1222.47
961.30	1225.73
961.47	1223.60
961.64	1225.98
961.81	1224.50
961.98	1230.48
962.15	1212.91
962.31	1228.52
962.48	1219.01
962.65	1223.35
962.82	1217.91
962.99	1227.55
963.16	1216.88
963.33	1224.11
963.49	1217.76
963.66	1226.90
963.83	1222.66
964.00	1226.90
964.17	1221.20
964.34	1223.17
964.51	1215.10
964.67	1227.08
964.84	1221.84
965.01	1243.51
965.18	1213.75
965.35	1228.25
965.52	1227.57
965.68	1226.94
965.85	1222.49
966.02	1223.27
966.19	1215.22
966.36	1224.19
966.52	1218.73
966.69	1231.12
966.86	1217.31
967.03	1226.16
967.20	1221.31
967.37	1224.79
967.53	1225.77
967.70	1224.71
967.87	1214.10
968.04	1218.87
968.21	1225.91
968.37	1223.40
968.54	1218.68
968.71	1225.03
968.88	1223.76
969.05	1225.87
969.21	1217.60
969.38	1223.07
969.55	1219.30
969.72	1223.93
969.89	1215.31
970.05	1222.06
970.22	1221.16
970.39	1226.65
970.56	1217.62
970.72	1227.47
970.89	1218.99
971.06	1228.27
971.23	1222.41
971.39	1223.97
971.56	1224.62
971.73	1224.64
971.90	1220.12
972.07	1223.58
972.23	1226.02
972.40	1225.81
972.57	1215.49
972.74	1216.92
972.90	1223.21
973.07	1229.87
973.24	1214.10
973.40	1223.23
973.57	1218.73
973.74	1215.12
973.91	1214.34
974.07	1222.99
974.24	1214.40
974.41	1223.17
974.58	1219.87
974.74	1223.09
974.91	1228.35
975.08	1227.43
975.25	1214.38
975.41	1222.08
975.58	1218.40
975.75	1222.51
975.91	1211.50
976.08	1224.73
976.25	1214.75
976.42	1217.03
976.58	1218.42
976.75	1217.31
976.92	1223.11
977.08	1224.48
977.25	1217.19
977.42	1224.46
977.58	1220.14
977.75	1220.00
977.92	1216.64
978.08	1224.97
978.25	1218.50
978.42	1222.80
978.59	1219.83
978.75	1228.11
978.92	1225.75
979.09	1227.22
979.25	1220.06
979.42	1224.40
979.59	1219.73
979.75	1224.99
979.92	1223.46
980.09	1229.09
980.25	1216.62
980.42	1224.52
980.59	1209.84
980.75	1215.26
980.92	1221.76
981.09	1226.47
981.25	1218.58
981.42	1226.84
981.59	1216.45
981.75	1224.81
981.92	1220.04
982.08	1223.27
982.25	1222.86
982.42	1219.22
982.58	1226.88
982.75	1225.16
982.92	1223.05
983.08	1218.17
983.25	1222.13
983.42	1222.86
983.58	1222.35
983.75	1225.01
983.91	1217.19
984.08	1221.37
984.25	1217.85
984.41	1226.28
984.58	1217.52
984.74	1218.89
984.91	1218.38
985.08	1223.13
985.24	1218.01
985.41	1222.56
985.57	1214.12
985.74	1224.52
985.91	1222.33
986.07	1217.56
986.24	1220.88
986.40	1224.81
986.57	1217.09
986.74	1223.83
986.90	1217.58
987.07	1225.24
987.23	1216.02
987.40	1222.00
987.57	1216.66
987.73	1229.15
987.90	1216.49
988.06	1224.75
988.23	1219.61
988.39	1220.20
988.56	1213.32
988.73	1224.81
988.89	1214.83
989.06	1226.65
989.22	1218.85
989.39	1227.59
989.55	1216.53
989.72	1228.00
989.88	1214.73
990.05	1227.20
990.22	1221.53
990.38	1229.66
990.55	1218.62
990.71	1219.63
990.88	1219.89
991.04	1220.24
991.21	1218.07
991.37	1225.87
991.54	1220.14
991.70	1229.72
991.87	1220.47
992.03	1226.71
992.20	1217.39
992.36	1227.74
992.53	1216.15
992.69	1218.50
992.86	1217.29
993.03	1224.50
993.19	1217.11
993.36	1230.28
993.52	1219.44
993.69	1222.19
993.85	1215.98
994.02	1227.35
994.18	1219.57
994.35	1215.37
994.51	1223.42
994.68	1222.15
994.84	1214.14
995.01	1231.24
995.17	1224.07
995.34	1221.37
995.50	1214.59
995.66	1230.38
995.83	1213.59
995.99	1226.96
996.16	1219.28
996.32	1226.02
996.49	1217.42
996.65	1223.64
996.82	1215.49
996.98	1224.87
997.15	1221.33
997.31	1230.15
997.48	1211.91
997.64	1221.92
997.81	1220.32
997.97	1226.45
998.13	1215.98
998.30	1223.66
998.46	1217.03
998.63	1224.05
998.79	1218.09
998.96	1224.71
999.12	1224.89
999.29	1222.17
999.45	1212.99
999.61	1229.13
999.78	1217.09
999.94	1219.07
1000.11	1219.79
1000.27	1231.05
1000.44	1218.46
1000.60	1224.87
1000.76	1221.12
1000.93	1225.79
1001.09	1227.02
1001.26	1218.68
1001.42	1217.78
1001.59	1223.37
1001.75	1220.88
1001.91	1223.99
1002.08	1214.10
1002.24	1225.65
1002.41	1213.11
1002.57	1233.61
1002.73	1216.92
1002.90	1216.10
1003.06	1216.74
1003.23	1230.24
1003.39	1220.26
1003.55	1227.29
1003.72	1220.67
1003.88	1223.80
1004.04	1219.05
1004.21	1226.59
1004.37	1216.90
1004.54	1219.75
1004.70	1219.05
1004.86	1222.49
1005.03	1214.34
1005.19	1226.28
1005.35	1213.11
1005.52	1221.74
1005.68	1216.37
1005.85	1226.90
1006.01	1213.61
1006.17	1223.44
1006.34	1216.62
1006.50	1220.57
1006.66	1219.24
1006.83	1232.55
1006.99	1215.41
1007.15	1212.77
1007.32	1222.82
1007.48	1220.81
1007.64	1215.57
1007.81	1224.48
1007.97	1215.74
1008.13	1225.69
1008.30	1218.66
1008.46	1228.25
1008.62	1223.97
1008.79	1224.23
1008.95	1219.97
1009.11	1227.27
1009.28	1215.14
1009.44	1225.38
1009.60	1219.03
1009.77	1224.52
1009.93	1214.81
1010.09	1224.21
1010.25	1211.80
1010.42	1226.04
1010.58	1216.84
1010.74	1226.75
1010.91	1218.36
1011.07	1232.45
1011.23	1216.64
1011.40	1224.75
1011.56	1216.66
1011.72	1225.30
1011.88	1224.85
1012.05	1223.23
1012.21	1222.00
1012.37	1225.81
1012.54	1217.17
1012.70	1226.55
1012.86	1221.67
1013.02	1216.98
1013.19	1212.56
1013.35	1226.18
1013.51	1217.91
1013.67	1227.45
1013.84	1218.32
1014.00	1219.01
1014.16	1218.58
1014.33	1220.81
1014.49	1221.59
1014.65	1221.61
1014.81	1217.46
1014.98	1228.68
1015.14	1215.02
1015.30	1229.46
1015.46	1214.14
1015.62	1221.35
1015.79	1217.62
1015.95	1222.47
1016.11	1217.25
1016.27	1223.64
1016.44	1221.96
1016.60	1223.29
1016.76	1213.65
1016.92	1225.38
1017.09	1213.89
1017.25	1218.38
1017.41	1217.39
1017.57	1229.50
1017.73	1212.60
1017.90	1219.75
1018.06	1217.03
1018.22	1225.73
1018.38	1212.70
1018.54	1226.02
1018.71	1219.24
1018.87	1221.76
1019.03	1221.63
1019.19	1230.83
1019.35	1219.40
1019.52	1222.86
1019.68	1219.36
1019.84	1220.14
1020.00	1222.62
1020.16	1226.16
1020.33	1217.37
1020.49	1228.78
1020.65	1215.51
1020.81	1221.74
1020.97	1218.77
1021.13	1227.98
1021.30	1216.70
1021.46	1231.34
1021.62	1216.90
1021.78	1226.47
1021.94	1217.11
1022.10	1224.30
1022.27	1219.26
1022.43	1226.57
1022.59	1222.10
1022.75	1220.20
1022.91	1222.47
1023.07	1227.80
1023.24	1213.91
1023.40	1234.95
1023.56	1219.71
1023.72	1226.51
1023.88	1225.32
1024.04	1225.42
1024.20	1217.25
1024.36	1227.65
1024.53	1216.76
1024.69	1225.55
1024.85	1217.54
1025.01	1226.06
1025.17	1224.50
1025.33	1233.84
1025.49	1210.41
1025.65	1215.16
1025.82	1217.74
1025.98	1229.68
1026.14	1222.68
1026.30	1233.84
1026.46	1217.87
1026.62	1228.86
1026.78	1216.17
1026.94	1225.50
1027.10	1219.50
1027.26	1223.83
1027.43	1214.30
1027.59	1223.42
1027.75	1215.41
1027.91	1227.16
1028.07	1221.18
1028.23	1225.89
1028.39	1216.27
1028.55	1225.46
1028.71	1215.16
1028.87	1222.02
1029.03	1217.87
1029.19	1227.80
1029.36	1210.76
1029.52	1229.19
1029.68	1222.97
1029.84	1219.22
1030.00	1218.23
1030.16	1223.72
1030.32	1224.75
1030.48	1224.66
1030.64	1218.05
1030.80	1224.91
1030.96	1219.89
1031.12	1228.60
1031.28	1222.23
1031.44	1222.21
1031.60	1215.22
1031.76	1220.94
1031.92	1220.77
1032.08	1236.13
1032.24	1219.95
1032.40	1223.40
1032.56	1211.33
1032.73	1230.05
1032.89	1216.00
1033.05	1221.47
1033.21	1216.49
1033.37	1228.74
1033.53	1222.97
1033.69	1227.41
1033.85	1216.82
1034.01	1225.71
1034.17	1214.90
1034.33	1229.70
1034.49	1223.76
1034.65	1221.55
1034.81	1220.12
1034.97	1224.97
1035.13	1218.01
1035.29	1220.75
1035.45	1220.14
1035.61	1220.98
1035.77	1214.42
1035.93	1224.13
1036.09	1218.91
1036.25	1224.26
1036.41	1224.05
1036.57	1225.85
1036.73	1210.12
1036.88	1228.06
1037.04	1218.40
