345.52	1200.79
345.73	1200.79
345.94	1200.79
346.16	1205.97
346.37	1209.67
346.58	1203.80
346.79	1212.13
347.00	1211.17
347.22	1210.04
347.43	1201.77
347.64	1218.81
347.85	1202.59
348.06	1212.93
348.28	1214.08
348.49	1212.52
348.70	1207.22
348.91	1211.21
349.12	1206.95
349.34	1217.19
349.55	1207.34
349.76	1210.29
349.97	1207.75
350.18	1206.91
350.40	1210.29
350.61	1223.44
350.82	1211.74
351.03	1220.98
351.24	1210.86
351.46	1216.72
351.67	1209.63
351.88	1216.88
352.09	1208.22
352.30	1222.17
352.51	1210.92
352.73	1214.61
352.94	1213.93
353.15	1219.26
353.36	1211.48
353.57	1221.41
353.79	1209.45
354.00	1222.56
354.21	1217.93
354.42	1226.55
354.63	1209.47
354.84	1217.97
355.06	1208.94
355.27	1213.34
355.48	1211.35
355.69	1213.18
355.90	1209.49
356.11	1217.68
356.33	1210.74
356.54	1215.33
356.75	1215.39
356.96	1214.73
357.17	1210.04
357.38	1214.26
357.60	1212.23
357.81	1214.69
358.02	1213.63
358.23	1215.22
358.44	1210.74
358.65	1214.79
358.87	1211.89
359.08	1219.75
359.29	1209.10
359.50	1217.87
359.71	1206.81
359.92	1219.69
360.13	1213.44
360.35	1219.40
360.56	1206.40
360.77	1218.15
360.98	1211.60
361.19	1217.78
361.40	1208.92
361.62	1216.35
361.83	1207.48
362.04	1209.92
362.25	1211.99
362.46	1217.17
362.67	1214.36
362.88	1220.02
363.10	1215.04
363.31	1219.16
363.52	1212.87
363.73	1219.16
363.94	1211.78
364.15	1215.14
364.36	1208.67
364.57	1213.93
364.79	1217.37
365.00	1222.84
365.21	1210.08
365.42	1215.08
365.63	1215.59
365.84	1224.26
366.05	1208.26
366.27	1222.19
366.48	1213.61
366.69	1216.02
366.90	1209.49
367.11	1215.26
367.32	1219.38
367.53	1219.18
367.74	1210.74
367.95	1219.83
368.17	1211.82
368.38	1220.06
368.59	1217.46
368.80	1222.49
369.01	1206.89
369.22	1214.92
369.43	1208.81
369.64	1220.69
369.86	1213.05
370.07	1215.22
370.28	1210.33
370.49	1221.67
370.70	1212.81
370.91	1212.66
371.12	1210.04
371.33	1214.49
371.54	1215.12
371.76	1215.47
371.97	1208.81
372.18	1214.20
372.39	1214.04
372.60	1213.69
372.81	1213.32
373.02	1217.21
373.23	1212.17
373.44	1223.56
373.65	1214.77
373.87	1221.47
374.08	1207.52
374.29	1215.82
374.50	1213.87
374.71	1218.68
374.92	1215.82
375.13	1221.76
375.34	1209.74
375.55	1226.57
375.76	1214.30
375.97	1226.53
376.19	1210.86
376.40	1226.63
376.61	1212.73
376.82	1217.44
377.03	1212.34
377.24	1220.02
377.45	1210.88
377.66	1221.94
377.87	1214.18
378.08	1221.70
378.29	1221.02
378.50	1215.63
378.71	1212.48
378.93	1211.09
379.14	1205.72
379.35	1217.44
379.56	1216.74
379.77	1216.80
379.98	1211.37
380.19	1221.72
380.40	1218.17
380.61	1217.37
380.82	1221.86
381.03	1223.91
381.24	1214.16
381.45	1220.90
381.66	1214.90
381.88	1223.31
382.09	1211.72
382.30	1220.08
382.51	1216.60
382.72	1223.35
382.93	1212.11
383.14	1222.97
383.35	1218.05
383.56	1219.50
383.77	1218.21
383.98	1216.33
384.19	1219.32
384.40	1223.60
384.61	1213.69
384.82	1221.49
385.03	1212.56
385.24	1216.49
385.45	1211.80
385.67	1218.23
385.88	1215.10
386.09	1222.25
386.30	1209.43
386.51	1216.66
386.72	1207.11
386.93	1220.71
387.14	1207.69
387.35	1219.85
387.56	1222.10
387.77	1210.41
387.98	1206.70
388.19	1213.32
388.40	1216.94
388.61	1215.88
388.82	1217.62
389.03	1215.82
389.24	1213.22
389.45	1220.75
389.66	1210.68
389.87	1219.57
390.08	1213.16
390.29	1219.61
390.50	1210.35
390.71	1218.60
390.92	1212.36
391.13	1214.49
391.34	1217.31
391.55	1217.87
391.76	1215.90
391.98	1215.35
392.19	1211.11
392.40	1217.68
392.61	1220.24
392.82	1221.76
393.03	1212.07
393.24	1226.10
393.45	1209.37
393.66	1219.73
393.87	1216.06
394.08	1223.62
394.29	1214.20
394.50	1218.46
394.71	1213.11
394.92	1222.58
395.13	1214.12
395.34	1222.13
395.55	1216.25
395.76	1226.77
395.97	1216.64
396.18	1220.32
396.39	1215.57
396.60	1216.64
396.81	1219.91
397.02	1215.63
397.23	1221.84
397.44	1217.58
397.65	1210.23
397.86	1222.62
398.07	1211.76
398.28	1221.29
398.49	1216.53
398.70	1221.33
398.91	1218.77
399.12	1225.93
399.33	1207.87
399.54	1218.89
399.75	1214.24
399.96	1220.02
400.17	1214.16
400.38	1217.01
400.59	1213.38
400.80	1217.29
401.01	1207.93
401.22	1222.43
401.42	1213.97
401.63	1222.23
401.84	1213.87
402.05	1217.60
402.26	1219.89
402.47	1220.02
402.68	1213.38
402.89	1226.92
403.10	1217.25
403.31	1215.55
403.52	1219.93
403.73	1220.12
403.94	1210.12
404.15	1222.92
404.36	1214.22
404.57	1219.63
404.78	1208.85
404.99	1216.96
405.20	1206.05
405.41	1217.05
405.62	1213.26
405.83	1226.26
406.04	1215.61
406.25	1220.90
406.46	1213.13
406.67	1216.27
406.88	1216.06
407.09	1224.21
407.30	1214.55
407.50	1223.56
407.71	1211.46
407.92	1224.66
408.13	1210.80
408.34	1221.06
408.55	1217.76
408.76	1219.18
408.97	1220.43
409.18	1220.88
409.39	1210.98
409.60	1218.19
409.81	1219.54
410.02	1211.39
410.23	1216.31
410.44	1217.07
410.65	1210.66
410.86	1214.98
411.07	1215.49
411.27	1229.23
411.48	1219.11
411.69	1219.32
411.90	1219.05
412.11	1223.74
412.32	1209.14
412.53	1214.96
412.74	1211.68
412.95	1221.20
413.16	1220.69
413.37	1225.28
413.58	1210.94
413.79	1217.50
414.00	1216.90
414.20	1228.43
414.41	1212.44
414.62	1219.28
414.83	1213.01
415.04	1216.74
415.25	1211.41
415.46	1223.99
415.67	1217.17
415.88	1221.29
416.09	1211.39
416.30	1230.36
416.51	1222.19
416.71	1224.23
416.92	1217.72
417.13	1219.36
417.34	1211.91
417.55	1215.02
417.76	1220.24
417.97	1225.12
418.18	1217.21
418.39	1216.39
418.60	1210.78
418.81	1218.60
419.01	1213.54
419.22	1227.33
419.43	1211.52
419.64	1221.43
419.85	1221.35
420.06	1228.37
420.27	1210.43
420.48	1218.56
420.69	1206.81
420.90	1225.57
421.10	1212.03
421.31	1219.07
421.52	1213.97
421.73	1218.87
421.94	1217.19
422.15	1218.11
422.36	1217.68
422.57	1232.53
422.78	1219.40
422.98	1223.60
423.19	1213.18
423.40	1219.73
423.61	1214.26
423.82	1215.41
424.03	1217.93
424.24	1221.84
424.45	1210.68
424.65	1222.17
424.86	1216.33
425.07	1222.80
425.28	1219.46
425.49	1222.56
425.70	1219.83
425.91	1222.51
426.12	1217.25
426.32	1218.36
426.53	1215.06
426.74	1214.12
426.95	1218.58
427.16	1228.00
427.37	1214.32
427.58	1221.02
427.78	1210.68
427.99	1219.54
428.20	1209.04
428.41	1217.25
428.62	1208.53
428.83	1220.06
429.04	1206.38
429.24	1215.39
429.45	1215.00
429.66	1221.16
429.87	1214.16
430.08	1222.10
430.29	1219.97
430.50	1217.13
430.70	1215.08
430.91	1218.07
431.12	1213.52
431.33	1221.16
431.54	1214.55
431.75	1214.32
431.96	1217.35
432.16	1221.65
432.37	1216.43
432.58	1215.24
432.79	1209.88
433.00	1218.52
433.21	1214.73
433.41	1217.99
433.62	1217.05
433.83	1220.02
434.04	1213.05
434.25	1216.90
434.46	1210.33
434.66	1222.13
434.87	1214.22
435.08	1211.27
435.29	1215.57
435.50	1217.85
435.71	1220.10
435.91	1218.87
436.12	1211.74
436.33	1222.31
436.54	1220.71
436.75	1217.80
436.95	1211.66
437.16	1218.28
437.37	1214.06
437.58	1219.50
437.79	1214.79
438.00	1215.76
438.20	1210.19
438.41	1219.59
438.62	1210.51
438.83	1222.25
439.04	1211.80
439.24	1219.28
439.45	1216.17
439.66	1224.69
439.87	1209.69
440.08	1227.88
440.28	1217.80
440.49	1217.50
440.70	1214.24
440.91	1222.43
441.12	1215.90
441.32	1222.78
441.53	1210.88
441.74	1214.83
441.95	1217.19
442.16	1225.55
442.36	1216.92
442.57	1230.58
442.78	1207.38
442.99	1215.31
443.20	1215.51
443.40	1220.00
443.61	1213.26
443.82	1220.69
444.03	1216.06
444.24	1220.59
444.44	1214.69
444.65	1220.73
444.86	1211.60
445.07	1217.91
445.27	1211.43
445.48	1223.70
445.69	1212.46
445.90	1220.36
446.11	1213.77
446.31	1213.36
446.52	1215.00
446.73	1217.29
446.94	1216.41
447.14	1219.52
447.35	1213.01
447.56	1220.02
447.77	1212.97
447.97	1215.26
448.18	1214.94
448.39	1222.06
448.60	1210.33
448.81	1220.10
449.01	1208.73
449.22	1212.95
449.43	1212.01
449.64	1222.19
449.84	1206.60
450.05	1222.53
450.26	1213.87
450.47	1216.27
450.67	1213.52
450.88	1212.03
451.09	1212.03
451.30	1216.74
451.50	1215.57
451.71	1224.42
451.92	1212.52
452.13	1219.03
452.33	1218.58
452.54	1218.99
452.75	1219.30
452.96	1220.24
453.16	1215.41
453.37	1215.51
453.58	1210.10
453.79	1217.97
453.99	1209.20
454.20	1214.61
454.41	1213.79
454.61	1223.97
454.82	1216.88
455.03	1227.39
455.24	1214.61
455.44	1222.10
455.65	1211.07
455.86	1223.27
456.07	1213.22
456.27	1214.24
456.48	1211.58
456.69	1216.86
456.90	1216.55
457.10	1228.11
457.31	1209.43
457.52	1226.86
457.72	1214.77
457.93	1223.85
458.14	1216.39
458.35	1218.95
458.55	1211.48
458.76	1224.60
458.97	1208.01
459.17	1219.22
459.38	1214.10
459.59	1214.69
459.80	1212.93
460.00	1220.30
460.21	1218.11
460.42	1219.95
460.62	1205.80
460.83	1219.52
461.04	1219.11
461.25	1221.55
461.45	1213.73
461.66	1217.66
461.87	1217.80
462.07	1221.65
462.28	1210.70
462.49	1216.53
462.69	1213.81
462.90	1226.22
463.11	1211.07
463.31	1225.42
463.52	1212.89
463.73	1220.43
463.94	1215.14
464.14	1220.49
464.35	1216.74
464.56	1215.63
464.76	1223.46
464.97	1212.70
465.18	1208.47
465.38	1218.87
465.59	1216.10
465.80	1214.61
466.00	1212.75
466.21	1219.34
466.42	1218.32
466.62	1222.58
466.83	1211.95
467.04	1224.77
467.24	1212.21
467.45	1219.71
467.66	1210.51
467.86	1208.34
468.07	1211.70
468.28	1216.08
468.48	1219.52
468.69	1226.36
468.90	1215.39
469.10	1222.21
469.31	1210.82
469.52	1220.65
469.72	1210.72
469.93	1218.03
470.14	1216.43
470.34	1218.95
470.55	1214.06
470.76	1221.96
470.96	1211.23
471.17	1218.15
471.38	1214.47
471.58	1224.19
471.79	1215.65
472.00	1218.93
472.20	1211.07
472.41	1214.42
472.62	1216.06
472.82	1220.63
473.03	1208.16
473.24	1218.83
473.44	1215.22
473.65	1221.02
473.85	1209.37
474.06	1212.54
474.27	1216.66
474.47	1225.20
474.68	1214.18
474.89	1225.96
475.09	1209.41
475.30	1230.11
475.51	1211.52
475.71	1223.78
475.92	1211.76
476.12	1222.37
476.33	1209.45
476.54	1217.13
476.74	1217.09
476.95	1221.67
477.16	1213.73
477.36	1214.69
477.57	1211.93
477.77	1217.01
477.98	1204.43
478.19	1218.07
478.39	1214.88
478.60	1227.53
478.81	1215.24
479.01	1215.53
479.22	1217.48
479.42	1218.38
479.63	1207.32
479.84	1218.52
480.04	1210.92
480.25	1219.30
480.45	1208.24
480.66	1220.73
480.87	1218.50
481.07	1219.03
481.28	1216.90
481.48	1220.69
481.69	1219.30
481.90	1219.09
482.10	1216.64
482.31	1220.12
482.51	1215.22
482.72	1217.21
482.93	1216.51
483.13	1224.97
483.34	1212.87
483.54	1217.35
483.75	1215.51
483.96	1215.35
484.16	1213.85
484.37	1223.11
484.57	1215.04
484.78	1228.37
484.99	1211.54
485.19	1222.99
485.40	1210.53
485.60	1220.61
485.81	1211.50
486.01	1228.95
486.22	1221.96
486.43	1220.41
486.63	1211.68
486.84	1215.98
487.04	1218.89
487.25	1222.97
487.46	1212.01
487.66	1217.78
487.87	1214.69
488.07	1220.53
488.28	1211.89
488.48	1222.72
488.69	1221.94
488.89	1216.12
489.10	1211.00
489.31	1221.74
489.51	1220.41
489.72	1219.46
489.92	1219.63
490.13	1222.13
490.33	1212.60
490.54	1221.88
490.75	1207.42
490.95	1216.88
491.16	1211.07
491.36	1219.61
491.57	1213.85
491.77	1218.05
491.98	1221.74
492.18	1223.25
492.39	1207.46
492.59	1224.05
492.80	1208.40
493.01	1225.01
493.21	1209.55
493.42	1222.56
493.62	1226.55
493.83	1215.76
494.03	1211.62
494.24	1218.85
494.44	1218.87
494.65	1214.57
494.85	1214.73
495.06	1216.90
495.26	1218.50
495.47	1225.24
495.68	1211.00
495.88	1218.93
496.09	1214.45
496.29	1216.68
496.50	1213.20
496.70	1222.21
496.91	1206.11
497.11	1217.21
497.32	1214.77
497.52	1227.55
497.73	1214.59
497.93	1221.04
498.14	1219.44
498.34	1226.79
498.55	1212.01
498.75	1212.83
498.96	1214.18
499.16	1220.18
499.37	1212.95
499.57	1212.81
499.78	1216.27
499.98	1222.64
500.19	1219.34
500.39	1218.50
500.60	1219.52
500.80	1224.64
501.01	1208.20
501.21	1215.86
501.42	1216.53
501.62	1219.18
501.83	1214.18
502.03	1224.34
502.24	1215.35
502.44	1223.19
502.65	1214.22
502.85	1221.16
503.06	1205.93
503.26	1216.96
503.47	1212.66
503.67	1221.59
503.88	1217.66
504.08	1215.80
504.29	1214.98
504.49	1219.46
504.70	1218.79
504.90	1218.03
505.11	1213.28
505.31	1220.81
505.52	1214.24
505.72	1212.54
505.93	1211.50
506.13	1220.94
506.34	1215.31
506.54	1219.85
506.75	1219.95
506.95	1223.56
507.16	1215.51
507.36	1217.15
507.56	1205.00
507.77	1220.36
507.97	1215.76
508.18	1220.73
508.38	1216.41
508.59	1218.01
508.79	1213.16
509.00	1218.25
509.20	1210.39
509.41	1224.75
509.61	1207.34
509.82	1229.03
510.02	1208.04
510.22	1220.08
510.43	1215.96
510.63	1213.61
510.84	1211.31
511.04	1217.80
511.25	1211.11
511.45	1228.84
511.66	1215.04
511.86	1221.86
512.06	1208.71
512.27	1221.02
512.47	1210.72
512.68	1220.20
512.88	1214.34
513.09	1218.93
513.29	1205.35
513.50	1224.17
513.70	1212.81
513.90	1221.55
514.11	1210.35
514.31	1219.03
514.52	1217.50
514.72	1222.72
514.93	1216.66
515.13	1215.20
515.33	1214.75
515.54	1220.61
515.74	1220.14
515.95	1211.74
516.15	1215.26
516.36	1230.03
516.56	1210.02
516.76	1220.14
516.97	1210.68
517.17	1216.17
517.38	1215.10
517.58	1222.70
517.78	1208.59
517.99	1216.70
518.19	1212.87
518.40	1213.03
518.60	1212.36
518.81	1218.38
519.01	1217.37
519.21	1216.04
519.42	1215.31
519.62	1221.22
519.83	1212.30
520.03	1226.55
520.23	1215.74
520.44	1217.31
520.64	1214.75
520.85	1216.66
521.05	1222.06
521.25	1224.01
521.46	1206.72
521.66	1218.56
521.86	1214.75
522.07	1217.25
522.27	1209.45
522.48	1220.41
522.68	1212.70
522.88	1212.58
523.09	1213.56
523.29	1222.76
523.50	1217.29
523.70	1219.67
523.90	1208.42
524.11	1226.36
524.31	1212.27
524.51	1225.14
524.72	1213.07
524.92	1221.16
525.13	1213.44
525.33	1219.95
525.53	1221.41
525.74	1218.89
525.94	1209.22
526.14	1213.89
526.35	1221.08
526.55	1217.05
526.76	1209.33
526.96	1221.92
527.16	1214.47
527.37	1220.00
527.57	1210.68
527.77	1214.47
527.98	1215.02
528.18	1222.41
528.38	1215.02
528.59	1213.44
528.79	1213.52
528.99	1216.94
529.20	1208.92
529.40	1220.22
529.61	1213.97
529.81	1221.67
530.01	1216.15
530.22	1217.58
530.42	1213.46
530.62	1224.42
530.83	1219.85
531.03	1213.40
531.23	1210.78
531.44	1216.51
531.64	1214.36
531.84	1217.42
532.05	1213.97
532.25	1218.36
532.45	1213.30
532.66	1224.03
532.86	1212.21
533.06	1226.10
533.27	1219.89
533.47	1215.88
533.67	1213.54
533.88	1217.25
534.08	1213.13
534.28	1215.76
534.49	1209.26
534.69	1225.01
534.89	1216.51
535.09	1220.20
535.30	1209.12
535.50	1213.63
535.70	1212.07
535.91	1217.87
536.11	1215.04
536.31	1213.99
536.52	1215.69
536.72	1215.37
536.92	1210.84
537.13	1226.18
537.33	1211.21
537.53	1214.04
537.74	1219.95
537.94	1221.22
538.14	1216.98
538.34	1219.32
538.55	1208.12
538.75	1222.25
538.95	1218.60
539.16	1214.81
539.36	1217.56
539.56	1224.09
539.77	1209.41
539.97	1218.48
540.17	1202.38
540.37	1221.33
540.58	1219.38
540.78	1218.71
540.98	1210.92
541.19	1216.94
541.39	1218.36
541.59	1216.68
541.79	1210.92
542.00	1223.70
542.20	1212.95
542.40	1220.69
542.60	1206.42
542.81	1219.52
543.01	1219.59
543.21	1222.27
543.42	1202.61
543.62	1222.92
543.82	1212.52
544.02	1209.86
544.23	1217.54
544.43	1219.63
544.63	1219.42
544.83	1216.47
545.04	1215.88
545.24	1214.06
545.44	1216.37
545.64	1218.17
545.85	1212.66
546.05	1215.18
546.25	1210.92
546.45	1221.63
546.66	1219.03
546.86	1217.72
547.06	1212.50
547.27	1222.64
547.47	1208.44
547.67	1220.12
547.87	1212.70
548.07	1216.88
548.28	1212.13
548.48	1220.94
548.68	1217.52
548.88	1226.20
549.09	1216.68
549.29	1211.56
549.49	1215.53
549.69	1223.76
549.90	1213.05
550.10	1223.09
550.30	1209.88
550.50	1218.09
550.71	1214.63
550.91	1219.22
551.11	1203.71
551.31	1218.13
551.51	1210.76
551.72	1220.38
551.92	1216.55
552.12	1214.26
552.32	1204.57
552.53	1223.11
552.73	1218.28
552.93	1215.16
553.13	1211.80
553.33	1221.51
553.54	1206.25
553.74	1224.87
553.94	1213.87
554.14	1217.72
554.35	1212.07
554.55	1213.34
554.75	1218.81
554.95	1219.50
555.15	1212.60
555.36	1218.34
555.56	1213.87
555.76	1215.35
555.96	1203.94
556.16	1213.54
556.37	1207.44
556.57	1215.67
556.77	1221.61
556.97	1217.76
557.17	1213.81
557.38	1217.60
557.58	1211.09
557.78	1213.32
557.98	1210.08
558.18	1217.39
558.38	1210.98
558.59	1217.99
558.79	1209.69
558.99	1222.19
559.19	1211.52
559.39	1218.46
559.60	1210.29
559.80	1219.05
560.00	1216.33
560.20	1222.08
560.40	1206.42
560.60	1221.39
560.81	1214.36
561.01	1221.14
561.21	1220.10
561.41	1221.63
561.61	1213.56
561.81	1220.53
562.02	1213.73
562.22	1224.71
562.42	1210.12
562.62	1221.29
562.82	1209.57
563.02	1213.44
563.23	1218.68
563.43	1220.84
563.63	1213.05
563.83	1215.43
564.03	1212.52
564.23	1213.99
564.43	1209.67
564.64	1214.75
564.84	1212.30
565.04	1222.04
565.24	1215.51
565.44	1224.44
565.64	1212.05
565.85	1222.49
566.05	1216.08
566.25	1222.70
566.45	1215.04
566.65	1221.59
566.85	1214.79
567.05	1221.96
567.25	1216.23
567.46	1220.34
567.66	1215.96
567.86	1225.34
568.06	1211.58
568.26	1218.79
568.46	1216.02
568.66	1215.90
568.86	1212.09
569.07	1225.79
569.27	1208.28
569.47	1216.17
569.67	1216.39
569.87	1219.95
570.07	1211.41
570.27	1216.51
570.47	1211.11
570.68	1225.48
570.88	1212.01
571.08	1216.37
571.28	1210.33
571.48	1223.48
571.68	1215.57
571.88	1220.86
572.08	1211.66
572.28	1217.39
572.49	1212.64
572.69	1222.76
572.89	1214.98
573.09	1223.09
573.29	1209.24
573.49	1215.80
573.69	1214.75
573.89	1216.88
574.09	1219.18
574.29	1219.97
574.50	1212.99
574.70	1219.50
574.90	1210.53
575.10	1219.93
575.30	1213.34
575.50	1219.97
575.70	1215.63
575.90	1221.16
576.10	1213.36
576.30	1222.08
576.50	1203.88
576.70	1214.83
576.91	1221.49
577.11	1213.20
577.31	1211.66
577.51	1217.23
577.71	1219.36
577.91	1217.05
578.11	1216.78
578.31	1220.47
578.51	1210.31
578.71	1214.79
578.91	1210.62
579.11	1220.28
579.31	1222.08
579.51	1229.50
579.71	1215.39
579.92	1219.05
580.12	1218.13
580.32	1218.21
580.52	1216.19
580.72	1214.81
580.92	1212.87
581.12	1214.47
581.32	1210.43
581.52	1221.59
581.72	1210.25
581.92	1220.22
582.12	1214.71
582.32	1224.28
582.52	1210.14
582.72	1217.64
582.92	1214.10
583.12	1224.69
583.32	1212.21
583.52	1221.70
583.72	1210.62
583.92	1222.97
584.12	1215.41
584.33	1221.12
584.53	1210.78
584.73	1221.76
584.93	1210.19
585.13	1221.02
585.33	1207.11
585.53	1216.29
585.73	1218.17
585.93	1219.95
586.13	1207.40
586.33	1217.39
586.53	1212.36
586.73	1225.77
586.93	1222.04
587.13	1218.93
587.33	1206.50
587.53	1215.02
587.73	1208.71
587.93	1223.74
588.13	1211.93
588.33	1220.38
588.53	1211.46
588.73	1216.74
588.93	1212.79
589.13	1220.43
589.33	1212.19
589.53	1223.85
589.73	1208.94
589.93	1217.54
590.13	1209.24
590.33	1219.83
590.53	1219.81
590.73	1219.07
590.93	1207.69
591.13	1217.13
591.33	1217.64
591.53	1215.10
591.73	1215.57
591.93	1224.46
592.13	1211.91
592.33	1212.54
592.53	1211.43
592.73	1214.63
592.93	1214.98
593.13	1218.01
593.33	1213.36
593.53	1214.92
593.73	1209.86
593.93	1223.48
594.13	1210.02
594.33	1218.42
594.53	1207.93
594.73	1220.86
594.92	1212.44
595.12	1218.44
595.32	1205.43
595.52	1217.74
595.72	1212.50
595.92	1215.14
596.12	1222.64
596.32	1221.39
596.52	1208.16
596.72	1218.52
596.92	1203.57
597.12	1223.42
597.32	1217.17
597.52	1213.65
597.72	1213.50
597.92	1220.28
598.12	1213.16
598.32	1219.75
598.52	1219.44
598.72	1216.35
598.92	1215.29
599.12	1221.16
599.31	1211.78
599.51	1216.92
599.71	1211.93
599.91	1223.44
600.11	1214.94
600.31	1226.28
600.51	1213.75
600.71	1218.52
600.91	1213.83
601.11	1213.54
601.31	1213.63
601.51	1216.17
601.71	1209.92
601.91	1216.49
602.10	1211.23
602.30	1214.18
602.50	1218.19
602.70	1220.84
602.90	1211.62
603.10	1218.30
603.30	1213.99
603.50	1212.77
603.70	1218.07
603.90	1223.03
604.10	1208.04
604.30	1219.85
604.49	1210.45
604.69	1222.13
604.89	1212.95
605.09	1222.74
605.29	1210.19
605.49	1225.12
605.69	1215.04
605.89	1213.07
606.09	1214.47
606.29	1212.64
606.48	1207.54
606.68	1219.69
606.88	1204.06
607.08	1212.66
607.28	1215.78
607.48	1227.74
607.68	1215.08
607.88	1217.80
608.08	1216.60
608.27	1226.00
608.47	1213.77
608.67	1218.11
608.87	1213.07
609.07	1221.02
609.27	1209.98
609.47	1222.17
609.67	1215.12
609.87	1217.42
610.06	1212.27
610.26	1217.50
610.46	1217.99
610.66	1212.23
610.86	1212.68
611.06	1222.45
611.26	1207.38
611.45	1226.06
611.65	1210.55
611.85	1218.99
612.05	1214.55
612.25	1218.93
612.45	1212.83
612.65	1226.10
612.84	1220.06
613.04	1222.51
613.24	1215.06
613.44	1218.71
613.64	1215.84
613.84	1221.00
614.04	1213.59
614.23	1211.23
614.43	1221.14
614.63	1223.07
614.83	1212.17
615.03	1221.37
615.23	1222.86
615.42	1212.48
615.62	1213.48
615.82	1216.19
616.02	1215.67
616.22	1221.33
616.42	1206.56
616.61	1221.24
616.81	1217.70
617.01	1218.91
617.21	1216.15
617.41	1216.00
617.61	1215.84
617.80	1216.76
618.00	1215.24
618.20	1220.73
618.40	1208.06
618.60	1215.12
618.80	1211.39
618.99	1217.25
619.19	1215.22
619.39	1222.74
619.59	1214.16
619.79	1225.52
619.98	1215.90
620.18	1218.91
620.38	1216.96
620.58	1215.92
620.78	1211.87
620.97	1213.63
621.17	1208.38
621.37	1224.66
621.57	1211.21
621.77	1220.24
621.96	1221.37
622.16	1213.93
622.36	1215.02
622.56	1218.64
622.76	1212.44
622.95	1222.37
623.15	1212.15
623.35	1213.24
623.55	1214.06
623.75	1215.53
623.94	1216.68
624.14	1218.87
624.34	1216.23
624.54	1216.66
624.73	1212.25
624.93	1223.58
625.13	1213.99
625.33	1220.38
625.53	1207.22
625.72	1216.58
625.92	1209.35
626.12	1223.11
626.32	1220.86
626.51	1222.33
626.71	1210.68
626.91	1225.18
627.11	1210.27
627.30	1210.37
627.50	1214.42
627.70	1223.99
627.90	1217.64
628.10	1217.19
628.29	1210.80
628.49	1208.01
628.69	1208.75
628.89	1213.73
629.08	1219.54
629.28	1218.46
629.48	1207.54
629.68	1214.77
629.87	1213.38
630.07	1217.48
630.27	1213.24
630.47	1223.01
630.66	1212.32
630.86	1223.33
631.06	1214.90
631.25	1219.16
631.45	1210.33
631.65	1227.20
631.85	1208.38
632.04	1224.09
632.24	1215.47
632.44	1218.13
632.64	1211.91
632.83	1220.24
633.03	1215.16
633.23	1212.93
633.42	1215.88
633.62	1223.66
633.82	1210.04
634.02	1217.31
634.21	1215.08
634.41	1215.04
634.61	1222.13
634.81	1217.62
635.00	1211.89
635.20	1218.97
635.40	1213.03
635.59	1223.31
635.79	1204.35
635.99	1225.81
636.18	1213.34
636.38	1220.53
636.58	1215.08
636.78	1210.90
636.97	1210.78
637.17	1219.42
637.37	1213.67
637.56	1218.64
637.76	1209.35
637.96	1216.29
638.15	1211.39
638.35	1229.68
638.55	1214.49
638.74	1222.88
638.94	1203.39
639.14	1224.13
639.34	1215.57
639.53	1220.00
639.73	1208.47
639.93	1213.36
640.12	1209.39
640.32	1213.18
640.52	1213.93
640.71	1211.82
640.91	1216.31
641.11	1224.83
641.30	1212.73
641.50	1217.42
641.70	1215.00
641.89	1220.18
642.09	1218.03
642.29	1220.53
642.48	1210.29
642.68	1209.22
642.88	1213.42
643.07	1214.59
643.27	1209.53
643.47	1222.51
643.66	1213.93
643.86	1217.19
644.06	1217.99
644.25	1213.07
644.45	1207.56
644.65	1214.08
644.84	1210.04
645.04	1219.14
645.23	1212.25
645.43	1214.61
645.63	1213.73
645.82	1223.95
646.02	1217.64
646.22	1222.39
646.41	1209.71
646.61	1223.97
646.81	1212.85
647.00	1226.49
647.20	1209.18
647.39	1213.83
647.59	1214.47
647.79	1214.12
647.98	1215.59
648.18	1215.26
648.38	1219.24
648.57	1219.11
648.77	1210.19
648.96	1220.65
649.16	1216.47
649.36	1219.40
649.55	1215.35
649.75	1220.04
649.95	1216.02
650.14	1219.36
650.34	1213.03
650.53	1220.55
650.73	1210.86
650.93	1216.60
651.12	1210.21
651.32	1223.33
651.51	1212.64
651.71	1216.04
651.91	1217.76
652.10	1217.66
652.30	1210.17
652.49	1217.56
652.69	1213.71
652.89	1217.44
653.08	1210.78
653.28	1222.70
653.47	1217.09
653.67	1219.93
653.86	1214.16
654.06	1224.81
654.26	1211.60
654.45	1220.63
654.65	1209.98
654.84	1221.37
655.04	1213.89
655.24	1222.19
655.43	1218.01
655.63	1213.65
655.82	1217.23
656.02	1213.77
656.21	1209.65
656.41	1222.39
656.61	1213.83
656.80	1215.43
657.00	1213.59
657.19	1218.54
657.39	1213.52
657.58	1217.70
657.78	1207.52
657.97	1221.76
658.17	1209.86
658.37	1217.31
658.56	1212.81
658.76	1221.88
658.95	1209.67
659.15	1222.56
659.34	1216.04
659.54	1222.45
659.73	1215.69
659.93	1220.61
660.13	1214.18
660.32	1213.99
660.52	1210.23
660.71	1221.02
660.91	1216.33
661.10	1222.99
661.30	1209.49
661.49	1217.31
661.69	1216.90
661.88	1212.99
662.08	1220.34
662.27	1220.22
662.47	1207.20
662.66	1217.21
662.86	1216.19
663.06	1217.64
663.25	1214.94
663.45	1219.07
663.64	1211.99
663.84	1220.26
664.03	1217.07
664.23	1219.67
664.42	1214.55
664.62	1216.58
664.81	1211.70
665.01	1219.36
665.20	1212.58
665.40	1221.14
665.59	1211.39
665.79	1226.43
665.98	1215.39
666.18	1225.28
666.37	1209.61
666.57	1216.82
666.76	1208.57
666.96	1225.96
667.15	1213.16
667.35	1218.58
667.54	1222.10
667.74	1222.82
667.93	1212.62
668.13	1222.80
668.32	1215.55
668.52	1220.18
668.71	1213.91
668.91	1226.26
669.10	1220.55
669.30	1222.78
669.49	1219.97
669.68	1222.56
669.88	1210.88
670.07	1217.07
670.27	1211.54
670.46	1211.95
670.66	1211.39
670.85	1214.28
671.05	1210.57
671.24	1218.56
671.44	1209.88
671.63	1223.87
671.83	1207.67
672.02	1219.57
672.22	1209.12
672.41	1221.78
672.60	1220.53
672.80	1222.35
672.99	1212.85
673.19	1213.69
673.38	1217.54
673.58	1223.64
673.77	1207.36
673.97	1216.47
674.16	1209.67
674.36	1219.46
674.55	1204.29
674.74	1218.28
674.94	1218.71
675.13	1215.51
675.33	1213.05
675.52	1217.25
675.72	1219.09
675.91	1224.62
676.10	1212.13
676.30	1220.77
676.49	1210.08
676.69	1214.49
676.88	1219.50
677.08	1221.92
677.27	1211.89
677.46	1216.02
677.66	1210.10
677.85	1222.66
678.05	1208.69
678.24	1223.87
678.44	1209.24
678.63	1216.92
678.82	1211.56
679.02	1223.97
679.21	1210.41
679.41	1219.11
679.60	1214.32
679.79	1221.65
679.99	1209.41
680.18	1221.35
680.38	1218.77
680.57	1214.04
680.76	1211.95
680.96	1212.95
681.15	1216.62
681.35	1221.47
681.54	1215.65
681.73	1219.59
681.93	1217.54
682.12	1217.87
682.32	1215.14
682.51	1228.41
682.70	1217.01
682.90	1218.36
683.09	1222.06
683.29	1215.08
683.48	1212.99
683.67	1216.27
683.87	1214.90
684.06	1216.88
684.25	1215.04
684.45	1219.83
684.64	1211.37
684.84	1225.07
685.03	1210.88
685.22	1216.17
685.42	1212.05
685.61	1222.10
685.80	1210.84
686.00	1226.30
686.19	1211.19
686.38	1214.22
686.58	1205.52
686.77	1212.52
686.96	1212.56
687.16	1219.32
687.35	1214.67
687.55	1220.61
687.74	1215.55
687.93	1227.51
688.13	1215.65
688.32	1218.03
688.51	1210.60
688.71	1221.20
688.90	1223.68
689.09	1218.03
689.29	1211.33
689.48	1215.08
689.67	1214.22
689.87	1218.97
690.06	1214.30
690.25	1219.44
690.45	1214.06
690.64	1223.09
690.83	1207.54
691.03	1216.25
691.22	1213.07
691.41	1216.82
691.61	1205.72
691.80	1216.84
691.99	1211.52
692.19	1225.96
692.38	1210.78
692.57	1221.70
692.76	1217.07
692.96	1222.23
693.15	1212.50
693.34	1220.41
693.54	1213.79
693.73	1224.69
693.92	1214.47
694.12	1211.52
694.31	1211.68
694.50	1223.95
694.70	1210.92
694.89	1215.24
695.08	1213.56
695.27	1225.01
695.47	1214.86
695.66	1216.86
695.85	1218.13
696.05	1212.99
696.24	1214.77
696.43	1223.01
696.62	1211.23
696.82	1228.23
697.01	1221.92
697.20	1218.36
697.40	1212.15
697.59	1220.73
697.78	1213.46
697.97	1216.43
698.17	1216.90
698.36	1223.15
698.55	1219.32
698.74	1219.69
698.94	1212.07
699.13	1224.56
699.32	1210.70
699.52	1216.04
699.71	1210.39
699.90	1217.78
700.09	1213.34
700.29	1229.44
700.48	1212.87
700.67	1224.05
700.86	1215.12
701.06	1221.47
701.25	1211.80
701.44	1221.39
701.63	1216.92
701.83	1217.89
702.02	1220.30
702.21	1221.22
702.40	1220.90
702.60	1225.14
702.79	1220.98
702.98	1216.96
703.17	1218.40
703.37	1212.15
703.56	1216.06
703.75	1222.51
703.94	1215.92
704.13	1217.09
704.33	1210.06
704.52	1220.08
704.71	1217.03
704.90	1221.08
705.10	1217.31
705.29	1223.58
705.48	1215.61
705.67	1219.97
705.86	1220.34
706.06	1212.40
706.25	1216.70
706.44	1218.79
706.63	1217.95
706.83	1219.69
707.02	1216.06
707.21	1214.71
707.40	1214.32
707.59	1225.40
707.79	1212.07
707.98	1221.78
708.17	1213.30
708.36	1224.13
708.55	1224.71
708.75	1221.47
708.94	1209.35
709.13	1219.07
709.32	1211.03
709.51	1215.98
709.71	1218.17
709.90	1218.68
710.09	1213.52
710.28	1220.53
710.47	1209.76
710.66	1222.37
710.86	1217.07
711.05	1221.84
711.24	1210.47
711.43	1217.66
711.62	1214.65
711.82	1221.39
712.01	1212.58
712.20	1219.83
712.39	1214.63
712.58	1226.24
712.77	1211.48
712.97	1219.44
713.16	1214.71
713.35	1217.54
713.54	1218.13
713.73	1222.86
713.92	1209.10
714.11	1225.52
714.31	1214.06
714.50	1226.94
714.69	1215.72
714.88	1220.26
715.07	1220.10
715.26	1217.62
715.46	1213.87
715.65	1222.00
715.84	1215.69
716.03	1223.09
716.22	1211.03
716.41	1220.45
716.60	1215.06
716.80	1211.25
716.99	1215.08
717.18	1221.35
717.37	1213.59
717.56	1221.24
717.75	1219.07
717.94	1213.16
718.13	1210.94
718.33	1214.22
718.52	1215.92
718.71	1219.46
718.90	1215.02
719.09	1220.06
719.28	1215.53
719.47	1222.13
719.66	1213.07
719.85	1220.43
720.05	1217.37
720.24	1221.08
720.43	1215.49
720.62	1219.81
720.81	1220.55
721.00	1227.80
721.19	1213.63
721.38	1218.30
721.57	1209.18
721.77	1214.30
721.96	1216.43
722.15	1225.34
722.34	1210.08
722.53	1219.18
722.72	1212.70
722.91	1218.13
723.10	1212.77
723.29	1228.25
723.48	1217.74
723.67	1215.69
723.87	1218.85
724.06	1222.23
724.25	1219.20
724.44	1212.34
724.63	1214.83
724.82	1213.20
725.01	1218.19
725.20	1224.15
725.39	1222.97
725.58	1220.14
725.77	1216.49
725.96	1219.63
726.15	1216.88
726.34	1220.69
726.54	1211.31
726.73	1225.44
726.92	1208.04
727.11	1223.99
727.30	1211.29
727.49	1215.98
727.68	1215.33
727.87	1220.20
728.06	1220.10
728.25	1217.42
728.44	1218.03
728.63	1222.21
728.82	1212.64
729.01	1223.44
729.20	1214.04
729.39	1220.12
729.58	1212.56
729.77	1218.38
729.96	1225.07
730.15	1219.38
730.34	1216.55
730.53	1217.66
730.73	1215.47
730.92	1219.32
731.11	1218.25
731.30	1220.51
731.49	1215.92
731.68	1225.46
731.87	1218.56
732.06	1222.41
732.25	1217.29
732.44	1223.80
732.63	1213.07
732.82	1225.07
733.01	1217.07
733.20	1219.36
733.39	1214.16
733.58	1220.51
733.77	1217.91
733.96	1228.45
734.15	1221.80
734.34	1224.62
734.53	1214.34
734.72	1221.80
734.91	1215.43
735.10	1226.96
735.29	1209.35
735.48	1228.29
735.67	1215.08
735.86	1224.42
736.05	1219.24
736.24	1222.53
736.43	1210.49
736.62	1222.35
736.81	1221.57
737.00	1235.85
737.19	1210.70
737.38	1229.97
737.57	1227.31
737.76	1224.19
737.95	1210.41
738.14	1220.10
738.33	1207.75
738.51	1217.95
738.70	1214.53
738.89	1221.51
739.08	1223.33
739.27	1224.99
739.46	1212.23
739.65	1218.71
739.84	1213.97
740.03	1217.93
740.22	1215.04
740.41	1222.21
740.60	1215.20
740.79	1219.95
740.98	1215.22
741.17	1229.13
741.36	1214.59
741.55	1218.32
741.74	1219.07
741.93	1225.81
742.12	1215.06
742.31	1221.94
742.50	1220.63
742.68	1223.99
742.87	1217.19
743.06	1225.55
743.25	1215.55
743.44	1220.24
743.63	1214.06
743.82	1225.61
744.01	1214.92
744.20	1222.35
744.39	1226.24
744.58	1229.74
744.77	1215.47
744.96	1226.61
745.14	1220.65
745.33	1226.12
745.52	1220.73
745.71	1219.65
745.90	1218.50
746.09	1227.59
746.28	1229.05
746.47	1226.12
746.66	1217.74
746.85	1220.14
747.04	1216.62
747.22	1225.93
747.41	1218.13
747.60	1228.45
747.79	1223.40
747.98	1222.97
748.17	1216.76
748.36	1225.57
748.55	1222.99
748.74	1226.49
748.93	1219.77
749.11	1227.63
749.30	1220.04
749.49	1226.34
749.68	1227.43
749.87	1226.45
750.06	1220.88
750.25	1231.36
750.44	1224.03
750.62	1228.76
750.81	1222.13
751.00	1232.80
751.19	1222.21
751.38	1230.50
751.57	1225.28
751.76	1235.33
751.95	1224.52
752.13	1234.37
752.32	1228.04
752.51	1233.27
752.70	1224.93
752.89	1237.92
753.08	1227.22
753.27	1235.85
753.45	1233.59
753.64	1234.95
753.83	1233.70
754.02	1238.43
754.21	1226.98
754.40	1237.22
754.58	1233.39
754.77	1236.83
754.96	1237.20
755.15	1246.21
755.34	1238.41
755.53	1239.45
755.71	1235.44
755.90	1238.90
756.09	1229.85
756.28	1243.73
756.47	1227.57
756.66	1249.53
756.84	1239.90
757.03	1246.46
757.22	1245.31
757.41	1245.90
757.60	1242.61
757.79	1251.27
757.97	1244.55
758.16	1244.80
758.35	1248.03
758.54	1258.95
758.73	1250.20
758.91	1248.91
759.10	1250.80
759.29	1252.62
759.48	1246.60
759.67	1258.09
759.85	1255.86
760.04	1264.89
760.23	1255.53
760.42	1258.13
760.61	1259.03
760.79	1263.99
760.98	1259.30
761.17	1268.39
761.36	1259.32
761.55	1265.83
761.73	1261.65
761.92	1269.95
762.11	1262.35
762.30	1272.44
762.49	1276.97
762.67	1268.39
762.86	1264.48
763.05	1265.36
763.24	1264.56
763.42	1274.57
763.61	1271.34
763.80	1269.78
763.99	1265.52
764.17	1269.52
764.36	1258.50
764.55	1263.88
764.74	1264.37
764.92	1270.70
765.11	1257.15
765.30	1262.20
765.49	1257.10
765.68	1260.91
765.86	1255.12
766.05	1259.58
766.24	1255.28
766.43	1262.39
766.61	1253.52
766.80	1254.87
766.99	1258.09
767.17	1257.17
767.36	1250.69
767.55	1260.87
767.74	1255.59
767.92	1265.32
768.11	1257.51
768.30	1265.99
768.49	1258.15
768.67	1271.30
768.86	1267.14
769.05	1270.56
769.24	1273.24
769.42	1278.49
769.61	1287.21
769.80	1292.41
769.98	1298.90
770.17	1312.09
770.36	1316.68
770.55	1330.05
770.73	1325.28
770.92	1349.24
771.11	1364.11
771.29	1376.48
771.48	1399.05
771.67	1426.37
771.86	1469.56
772.04	1543.51
772.23	1629.55
772.42	1776.76
772.60	1979.10
772.79	2238.06
772.98	2558.47
773.16	2905.45
773.35	3353.41
773.54	3753.66
773.72	4203.99
773.91	4602.28
774.10	4998.95
774.29	5394.04
774.47	5744.08
774.66	6068.38
774.85	6403.34
775.03	6635.52
775.22	6902.45
775.41	7115.59
775.59	7307.91
775.78	7490.34
775.97	7585.35
776.15	7729.65
776.34	7937.48
776.53	8084.13
776.71	8162.26
776.90	8278.28
777.09	8370.27
777.27	8479.12
777.46	8567.41
777.65	8613.57
777.83	8606.57
778.02	8552.22
778.21	8506.28
778.39	8390.67
778.58	8200.37
778.76	7977.04
778.95	7681.62
779.14	7341.27
779.32	6906.92
779.51	6506.72
779.70	6025.92
779.88	5594.23
780.07	5101.88
780.26	4705.90
780.44	4277.18
780.63	3962.31
780.81	3611.27
781.00	3357.30
781.19	3133.27
781.37	2950.32
781.56	2788.94
781.75	2678.76
781.93	2572.88
782.12	2498.89
782.30	2423.12
782.49	2362.97
782.68	2304.05
782.86	2270.32
783.05	2210.19
783.23	2189.09
783.42	2139.57
783.61	2106.29
783.79	2052.88
783.98	2036.36
784.16	1989.19
784.35	1960.46
784.54	1920.40
784.72	1904.57
784.91	1861.56
785.09	1845.28
785.28	1812.72
785.47	1790.13
785.65	1765.19
785.84	1735.82
786.02	1709.36
786.21	1710.52
786.40	1671.49
786.58	1654.45
786.77	1642.08
786.95	1619.78
787.14	1603.50
787.32	1587.34
787.51	1576.01
787.70	1574.01
787.88	1554.35
788.07	1553.38
788.25	1522.40
788.44	1524.45
788.62	1522.03
788.81	1524.49
789.00	1513.98
789.18	1524.51
789.37	1525.16
789.55	1551.44
789.74	1583.22
789.92	1620.82
790.11	1644.29
790.29	1676.73
790.48	1701.84
790.67	1727.81
790.85	1735.88
791.04	1761.29
791.22	1756.46
791.41	1770.10
791.59	1760.95
791.78	1770.12
791.96	1745.22
792.15	1742.39
792.33	1705.10
792.52	1706.31
792.70	1675.32
792.89	1664.22
793.07	1634.03
793.26	1621.68
793.45	1589.04
793.63	1562.17
793.82	1546.07
794.00	1519.35
794.19	1493.21
794.37	1480.44
794.56	1457.72
794.74	1447.01
794.93	1426.92
795.11	1420.84
795.30	1399.38
795.48	1388.77
795.67	1375.52
795.85	1365.85
796.04	1349.57
796.22	1354.38
796.41	1338.02
796.59	1335.48
796.78	1329.01
796.96	1329.17
797.15	1329.05
797.33	1319.53
797.52	1307.22
797.70	1310.68
797.89	1287.95
798.07	1272.51
798.26	1260.73
798.44	1257.21
798.63	1256.53
798.81	1247.48
798.99	1237.94
799.18	1233.98
799.36	1232.92
799.55	1239.10
799.73	1232.08
799.92	1242.93
800.10	1222.74
800.29	1241.27
800.47	1226.32
800.66	1234.04
800.84	1229.33
801.03	1230.99
801.21	1232.86
801.39	1234.39
801.58	1227.45
801.76	1231.53
801.95	1221.72
802.13	1236.79
802.32	1221.31
802.50	1235.48
802.69	1226.49
802.87	1235.31
803.06	1226.18
803.24	1233.12
803.42	1232.28
803.61	1236.58
803.79	1219.36
803.98	1234.68
804.16	1230.26
804.35	1241.77
804.53	1229.44
804.71	1234.80
804.90	1230.60
805.08	1242.42
805.27	1224.44
805.45	1232.98
805.63	1223.03
805.82	1232.28
806.00	1222.21
806.19	1232.55
806.37	1233.39
806.56	1233.84
806.74	1221.55
806.92	1228.00
807.11	1222.19
807.29	1224.54
807.48	1224.07
807.66	1225.69
807.84	1225.20
808.03	1233.84
808.21	1219.42
808.40	1229.17
808.58	1219.07
808.76	1222.74
808.95	1225.96
809.13	1230.38
809.32	1226.71
809.50	1234.07
809.68	1219.65
809.87	1223.31
810.05	1223.83
810.23	1224.69
810.42	1222.04
810.60	1225.48
810.79	1221.02
810.97	1224.81
811.15	1220.94
811.34	1224.44
811.52	1217.66
811.70	1229.48
811.89	1222.49
812.07	1222.82
812.25	1212.19
812.44	1225.69
812.62	1212.79
812.81	1217.62
812.99	1217.68
813.17	1228.31
813.36	1222.08
813.54	1227.10
813.72	1220.69
813.91	1224.26
814.09	1212.62
814.27	1225.14
814.46	1224.36
814.64	1223.46
814.82	1226.61
815.01	1221.86
815.19	1228.49
815.37	1227.45
815.56	1224.60
815.74	1233.61
815.92	1223.11
816.11	1233.10
816.29	1221.24
816.47	1225.07
816.66	1226.49
816.84	1225.09
817.02	1227.65
817.21	1221.10
817.39	1224.19
817.57	1231.44
817.76	1227.33
817.94	1230.11
818.12	1225.30
818.30	1229.05
818.49	1233.31
818.67	1231.42
818.85	1222.90
819.04	1230.48
819.22	1222.66
819.40	1230.81
819.59	1224.34
819.77	1233.20
819.95	1225.16
820.13	1234.23
820.32	1222.41
820.50	1224.56
820.68	1231.01
820.87	1232.43
821.05	1220.57
821.23	1230.03
821.41	1221.80
821.60	1231.73
821.78	1229.91
821.96	1234.66
822.14	1221.67
822.33	1230.42
822.51	1218.42
822.69	1234.66
822.88	1226.43
823.06	1218.85
823.24	1223.17
823.42	1232.80
823.61	1220.59
823.79	1223.29
823.97	1221.49
824.15	1225.22
824.34	1224.44
824.52	1232.08
824.70	1213.99
824.88	1219.61
825.07	1214.14
825.25	1228.06
825.43	1220.38
825.61	1221.96
825.80	1212.05
825.98	1228.86
826.16	1208.63
826.34	1221.12
826.53	1216.66
826.71	1223.68
826.89	1217.87
827.07	1220.12
827.25	1213.52
827.44	1217.46
827.62	1221.35
827.80	1222.21
827.98	1212.09
828.17	1215.47
828.35	1217.29
828.53	1219.26
828.71	1212.91
828.89	1217.82
829.08	1210.66
829.26	1222.78
829.44	1211.07
829.62	1208.67
829.80	1211.66
829.99	1209.69
830.17	1213.01
830.35	1222.99
830.53	1211.37
830.71	1218.05
830.90	1214.51
831.08	1219.87
831.26	1218.15
831.44	1222.78
831.62	1212.36
831.81	1219.34
831.99	1214.79
832.17	1223.42
832.35	1213.38
832.53	1223.42
832.71	1214.77
832.90	1219.79
833.08	1214.20
833.26	1211.58
833.44	1216.29
833.62	1222.74
833.81	1218.21
833.99	1222.47
834.17	1214.16
834.35	1219.95
834.53	1215.35
834.71	1220.94
834.89	1213.50
835.08	1222.25
835.26	1206.27
835.44	1223.66
835.62	1212.01
835.80	1221.29
835.98	1211.29
836.17	1220.51
836.35	1216.62
836.53	1223.60
836.71	1211.25
836.89	1217.64
837.07	1212.03
837.25	1229.35
837.44	1204.21
837.62	1222.15
837.80	1218.34
837.98	1221.78
838.16	1213.44
838.34	1218.64
838.52	1211.41
838.70	1214.38
838.89	1205.95
839.07	1220.20
839.25	1213.61
839.43	1216.60
839.61	1209.78
839.79	1216.39
839.97	1214.94
840.15	1216.60
840.33	1218.11
840.52	1220.94
840.70	1216.02
840.88	1226.59
841.06	1208.55
841.24	1222.37
841.42	1214.40
841.60	1221.06
841.78	1211.48
841.96	1222.82
842.14	1217.44
842.33	1214.88
842.51	1221.45
842.69	1220.20
842.87	1214.63
843.05	1218.85
843.23	1213.87
843.41	1221.41
843.59	1212.97
843.77	1220.30
843.95	1211.54
844.13	1216.08
844.31	1215.00
844.49	1223.35
844.68	1206.19
844.86	1214.12
845.04	1213.32
845.22	1217.78
845.40	1212.48
845.58	1213.79
845.76	1218.71
845.94	1216.78
846.12	1208.10
846.30	1215.72
846.48	1213.65
846.66	1221.63
846.84	1207.03
847.02	1218.87
847.20	1210.90
847.38	1218.25
847.56	1212.11
847.74	1220.00
847.92	1215.72
848.11	1221.04
848.29	1215.10
848.47	1222.72
848.65	1216.04
848.83	1217.87
849.01	1211.66
849.19	1216.94
849.37	1217.91
849.55	1218.21
849.73	1216.62
849.91	1218.17
850.09	1211.37
850.27	1220.73
850.45	1212.21
850.63	1220.79
850.81	1211.15
850.99	1222.04
851.17	1211.03
851.35	1221.45
851.53	1217.03
851.71	1220.00
851.89	1211.54
852.07	1223.27
852.25	1207.30
852.43	1218.99
852.61	1208.40
852.79	1215.84
852.97	1212.91
853.15	1215.96
853.33	1215.24
853.51	1223.87
853.69	1209.65
853.87	1220.77
854.05	1214.38
854.23	1219.30
854.41	1215.78
854.59	1222.53
854.77	1215.14
854.95	1215.08
855.13	1211.64
855.31	1223.56
855.49	1216.02
855.67	1216.02
855.84	1206.13
856.02	1215.86
856.20	1215.12
856.38	1221.04
856.56	1210.47
856.74	1217.97
856.92	1207.13
857.10	1217.39
857.28	1214.77
857.46	1219.03
857.64	1207.44
857.82	1221.43
858.00	1214.61
858.18	1221.20
858.36	1204.98
858.54	1224.66
858.72	1214.71
858.90	1212.30
859.08	1220.28
859.25	1219.89
859.43	1206.44
859.61	1228.62
859.79	1210.06
859.97	1223.31
860.15	1215.49
860.33	1218.87
860.51	1211.99
860.69	1216.06
860.87	1216.12
861.05	1214.10
861.23	1211.13
861.41	1215.47
861.58	1209.78
861.76	1213.26
861.94	1212.58
862.12	1222.10
862.30	1213.99
862.48	1219.59
862.66	1214.51
862.84	1213.16
863.02	1211.29
863.20	1220.47
863.37	1204.37
863.55	1226.45
863.73	1215.31
863.91	1219.28
864.09	1215.10
864.27	1216.60
864.45	1210.76
864.63	1218.73
864.80	1215.43
864.98	1218.75
865.16	1216.90
865.34	1220.86
865.52	1216.43
865.70	1222.82
865.88	1217.09
866.06	1221.72
866.23	1210.74
866.41	1219.07
866.59	1208.24
866.77	1222.41
866.95	1216.08
867.13	1221.70
867.31	1216.39
867.48	1209.53
867.66	1216.17
867.84	1224.32
868.02	1219.03
868.20	1217.56
868.38	1210.70
868.56	1216.33
868.73	1210.98
868.91	1214.65
869.09	1213.32
869.27	1220.67
869.45	1212.38
869.63	1221.80
869.80	1211.62
869.98	1216.08
870.16	1219.32
870.34	1217.54
870.52	1213.13
870.70	1216.92
870.87	1206.40
871.05	1219.73
871.23	1208.38
871.41	1223.56
871.59	1214.06
871.76	1221.92
871.94	1210.74
872.12	1215.08
872.30	1213.36
872.48	1223.89
872.65	1217.72
872.83	1215.80
873.01	1216.02
873.19	1223.83
873.37	1203.55
873.54	1218.66
873.72	1214.04
873.90	1222.60
874.08	1209.74
874.26	1219.38
874.43	1212.66
874.61	1222.58
874.79	1212.48
874.97	1207.93
875.15	1216.66
875.32	1217.82
875.50	1209.74
875.68	1216.47
875.86	1218.07
876.03	1216.27
876.21	1214.57
876.39	1219.93
876.57	1211.95
876.74	1220.53
876.92	1210.66
877.10	1222.21
877.28	1212.66
877.45	1221.35
877.63	1209.41
877.81	1216.80
877.99	1215.00
878.17	1214.86
878.34	1217.82
878.52	1212.30
878.70	1211.89
878.87	1223.70
879.05	1208.67
879.23	1209.78
879.41	1211.80
879.58	1218.52
879.76	1216.49
879.94	1219.61
880.12	1213.91
880.29	1219.54
880.47	1207.79
880.65	1212.95
880.83	1212.85
881.00	1211.70
881.18	1213.40
881.36	1217.62
881.53	1207.28
881.71	1219.50
881.89	1213.44
882.07	1219.54
882.24	1215.82
882.42	1216.53
882.60	1216.41
882.77	1216.41
882.95	1216.04
883.13	1213.11
883.30	1219.81
883.48	1218.38
883.66	1209.06
883.84	1220.06
884.01	1213.07
884.19	1216.45
884.37	1221.92
884.54	1214.75
884.72	1215.12
884.90	1217.09
885.07	1206.48
885.25	1217.15
885.43	1214.12
885.60	1215.80
885.78	1219.83
885.96	1220.61
886.13	1210.14
886.31	1220.59
886.49	1215.51
886.66	1222.39
886.84	1215.94
887.02	1223.52
887.19	1209.69
887.37	1216.62
887.55	1211.48
887.72	1220.20
887.90	1214.16
888.08	1215.02
888.25	1215.86
888.43	1219.07
888.61	1211.17
888.78	1213.99
888.96	1214.51
889.14	1220.88
889.31	1209.14
889.49	1217.74
889.67	1212.58
889.84	1216.53
890.02	1215.49
890.19	1220.28
890.37	1215.41
890.55	1219.79
890.72	1212.85
890.90	1216.92
891.08	1212.87
891.25	1221.37
891.43	1208.87
891.60	1216.02
891.78	1208.40
891.96	1223.76
892.13	1214.32
892.31	1217.78
892.48	1215.49
892.66	1222.00
892.84	1214.30
893.01	1216.04
893.19	1213.09
893.36	1219.07
893.54	1211.25
893.72	1214.57
893.89	1210.02
894.07	1221.47
894.24	1211.82
894.42	1231.12
894.60	1217.25
894.77	1212.68
894.95	1218.71
895.12	1218.17
895.30	1212.73
895.48	1218.83
895.65	1209.80
895.83	1223.07
896.00	1209.04
896.18	1219.48
896.35	1216.41
896.53	1212.60
896.71	1213.89
896.88	1218.56
897.06	1211.99
897.23	1215.82
897.41	1213.54
897.58	1220.63
897.76	1206.99
897.93	1222.21
898.11	1215.24
898.29	1214.57
898.46	1211.68
898.64	1221.35
898.81	1214.45
898.99	1219.71
899.16	1213.67
899.34	1219.67
899.51	1208.79
899.69	1220.79
899.86	1208.04
900.04	1224.36
900.21	1213.38
900.39	1213.46
900.57	1210.12
900.74	1221.74
900.92	1209.18
901.09	1224.19
901.27	1207.58
901.44	1225.48
901.62	1213.22
901.79	1221.43
901.97	1212.93
902.14	1211.58
902.32	1207.50
902.49	1224.62
902.67	1204.49
902.84	1220.73
903.02	1217.74
903.19	1222.39
903.37	1207.36
903.54	1222.60
903.72	1222.74
903.89	1214.88
904.07	1212.01
904.24	1221.90
904.42	1213.09
904.59	1215.08
904.77	1210.57
904.94	1223.05
905.12	1214.16
905.29	1211.84
905.47	1207.01
905.64	1215.10
905.82	1210.68
905.99	1218.97
906.16	1215.47
906.34	1218.77
906.51	1210.74
906.69	1220.00
906.86	1205.62
907.04	1217.07
907.21	1211.99
907.39	1215.63
907.56	1209.84
907.74	1225.61
907.91	1211.99
908.09	1221.10
908.26	1208.51
908.43	1222.86
908.61	1212.01
908.78	1215.43
908.96	1207.26
909.13	1222.80
909.31	1214.61
909.48	1215.84
909.65	1213.38
909.83	1227.76
910.00	1217.76
910.18	1212.25
910.35	1215.20
910.53	1218.75
910.70	1209.90
910.87	1220.43
911.05	1213.42
911.22	1221.27
911.40	1214.20
911.57	1219.50
911.75	1214.22
911.92	1218.66
912.09	1211.89
912.27	1218.34
912.44	1212.60
912.62	1217.87
912.79	1213.75
912.96	1220.34
913.14	1206.34
913.31	1218.23
913.49	1210.92
913.66	1215.24
913.83	1212.66
914.01	1223.54
914.18	1214.83
914.36	1213.01
914.53	1216.49
914.70	1215.20
914.88	1215.57
915.05	1215.51
915.22	1208.20
915.40	1225.38
915.57	1210.86
915.75	1215.29
915.92	1213.71
916.09	1215.74
916.27	1216.68
916.44	1217.93
916.61	1211.21
916.79	1222.33
916.96	1211.93
917.13	1220.98
917.31	1210.23
917.48	1223.13
917.66	1209.02
917.83	1222.72
918.00	1214.94
918.18	1224.50
918.35	1209.37
918.52	1216.66
918.70	1215.94
918.87	1218.54
919.04	1206.91
919.22	1216.88
919.39	1212.23
919.56	1219.52
919.74	1210.02
919.91	1218.25
920.08	1215.96
920.26	1217.54
920.43	1207.71
920.60	1217.29
920.78	1212.83
920.95	1218.79
921.12	1213.87
921.29	1222.58
921.47	1211.68
921.64	1215.39
921.81	1204.76
921.99	1224.17
922.16	1211.21
922.33	1217.03
922.51	1214.18
922.68	1223.21
922.85	1207.99
923.03	1223.09
923.20	1211.54
923.37	1219.77
923.54	1216.12
923.72	1217.27
923.89	1211.80
924.06	1214.83
924.24	1213.36
924.41	1218.75
924.58	1210.47
924.75	1220.38
924.93	1214.38
925.10	1208.08
925.27	1209.14
925.44	1231.07
925.62	1210.10
925.79	1217.13
925.96	1211.21
926.14	1218.95
926.31	1211.64
926.48	1215.22
926.65	1211.15
926.83	1218.48
927.00	1206.46
927.17	1218.44
927.34	1212.46
927.52	1210.10
927.69	1210.82
927.86	1220.92
928.03	1214.55
928.21	1217.91
928.38	1212.21
928.55	1219.63
928.72	1212.91
928.89	1218.48
929.07	1214.63
929.24	1218.77
929.41	1207.69
929.58	1213.97
929.76	1217.44
929.93	1216.17
930.10	1207.20
930.27	1213.54
930.44	1207.58
930.62	1217.80
930.79	1207.50
930.96	1222.76
931.13	1218.01
931.31	1221.82
931.48	1208.20
931.65	1222.56
931.82	1213.73
931.99	1216.94
932.17	1215.14
932.34	1220.22
932.51	1212.62
932.68	1219.57
932.85	1212.42
933.03	1224.75
933.20	1208.38
933.37	1223.05
933.54	1211.25
933.71	1219.20
933.88	1205.62
934.06	1222.90
934.23	1210.74
934.40	1224.09
934.57	1214.90
934.74	1217.99
934.91	1217.87
935.09	1212.79
935.26	1209.96
935.43	1218.25
935.60	1207.83
935.77	1216.02
935.94	1215.67
936.12	1220.04
936.29	1211.50
936.46	1219.30
936.63	1217.11
936.80	1223.52
936.97	1213.77
937.14	1216.15
937.32	1218.52
937.49	1221.47
937.66	1211.52
937.83	1215.22
938.00	1221.14
938.17	1218.15
938.34	1214.10
938.52	1220.28
938.69	1213.36
938.86	1213.75
939.03	1214.42
939.20	1222.29
939.37	1216.19
939.54	1213.09
939.71	1212.17
939.89	1220.08
940.06	1217.42
940.23	1218.21
940.40	1214.16
940.57	1221.31
940.74	1214.28
940.91	1217.87
941.08	1219.65
941.25	1215.57
941.43	1212.56
941.60	1214.51
941.77	1218.64
941.94	1219.46
942.11	1207.77
942.28	1224.69
942.45	1207.91
942.62	1214.71
942.79	1210.29
942.96	1220.26
943.13	1213.48
943.30	1219.65
943.48	1210.96
943.65	1215.51
943.82	1213.59
943.99	1218.71
944.16	1215.96
944.33	1217.33
944.50	1211.52
944.67	1214.53
944.84	1210.12
945.01	1224.21
945.18	1220.08
945.35	1220.41
945.52	1216.45
945.69	1223.21
945.86	1219.71
946.03	1221.08
946.21	1218.56
946.38	1217.31
946.55	1213.85
946.72	1223.09
946.89	1210.53
947.06	1216.90
947.23	1215.43
947.40	1223.13
947.57	1213.38
947.74	1219.93
947.91	1221.35
948.08	1219.71
948.25	1213.93
948.42	1223.01
948.59	1208.08
948.76	1215.41
948.93	1211.87
949.10	1213.59
949.27	1215.43
949.44	1215.92
949.61	1208.65
949.78	1216.02
949.95	1217.03
950.12	1218.15
950.29	1208.85
950.46	1221.33
950.63	1216.60
950.80	1213.91
950.97	1210.80
951.14	1222.43
951.31	1212.48
951.48	1214.49
951.65	1218.21
951.82	1209.10
951.99	1209.10
952.16	1218.48
952.33	1216.12
952.50	1219.20
952.67	1208.01
952.84	1221.96
953.01	1209.78
953.18	1218.91
953.35	1214.94
953.52	1222.47
953.69	1210.78
953.86	1214.14
954.03	1209.31
954.20	1226.12
954.37	1220.57
954.54	1222.45
954.70	1210.66
954.87	1219.63
955.04	1215.45
955.21	1216.04
955.38	1217.50
955.55	1215.47
955.72	1211.48
955.89	1220.08
956.06	1211.00
956.23	1220.94
956.40	1212.89
956.57	1222.00
956.74	1212.05
956.91	1216.31
957.08	1212.01
957.25	1218.19
957.41	1212.50
957.58	1221.18
957.75	1211.27
957.92	1217.19
958.09	1217.72
958.26	1222.35
958.43	1210.41
958.60	1225.18
958.77	1212.73
958.94	1223.54
959.11	1217.19
959.27	1219.73
959.44	1210.39
959.61	1212.83
959.78	1210.86
959.95	1221.02
960.12	1209.63
960.29	1222.66
960.46	1209.74
960.63	1211.56
960.80	1210.70
960.96	1220.04
961.13	1204.86
961.30	1221.10
961.47	1212.44
961.64	1215.08
961.81	1214.20
961.98	1219.07
962.15	1215.20
962.31	1221.84
962.48	1216.82
962.65	1216.86
962.82	1214.86
962.99	1219.30
963.16	1209.20
963.33	1223.11
963.49	1211.00
963.66	1223.87
963.83	1217.72
964.00	1215.29
964.17	1211.21
964.34	1219.59
964.51	1204.64
964.67	1222.86
964.84	1212.42
965.01	1228.97
965.18	1211.56
965.35	1217.31
965.52	1217.68
965.68	1217.13
965.85	1213.22
966.02	1216.25
966.19	1217.19
966.36	1219.44
966.52	1211.00
966.69	1217.50
966.86	1208.26
967.03	1225.20
967.20	1219.87
967.37	1215.08
967.53	1208.75
967.70	1216.60
967.87	1214.51
968.04	1214.47
968.21	1201.60
968.37	1220.71
968.54	1208.55
968.71	1219.85
968.88	1209.45
969.05	1217.78
969.21	1210.43
969.38	1220.24
969.55	1219.52
969.72	1222.43
969.89	1216.06
970.05	1220.36
970.22	1208.73
970.39	1215.22
970.56	1215.57
970.72	1215.82
970.89	1214.98
971.06	1211.99
971.23	1217.48
971.39	1223.85
971.56	1207.24
971.73	1213.36
971.90	1209.86
972.07	1217.46
972.23	1203.80
972.40	1216.80
972.57	1211.29
972.74	1216.04
972.90	1208.18
973.07	1215.88
973.24	1210.06
973.40	1219.36
973.57	1213.07
973.74	1225.22
973.91	1214.67
974.07	1226.02
974.24	1207.81
974.41	1224.11
974.58	1215.82
974.74	1216.19
974.91	1212.01
975.08	1223.33
975.25	1216.29
975.41	1216.29
975.58	1211.74
975.75	1219.05
975.91	1215.22
976.08	1214.02
976.25	1211.23
976.42	1218.71
976.58	1212.03
976.75	1222.25
976.92	1204.35
977.08	1212.17
977.25	1211.35
977.42	1219.18
977.58	1215.24
977.75	1216.68
977.92	1208.49
978.08	1214.55
978.25	1215.33
978.42	1219.65
978.59	1217.72
978.75	1215.43
978.92	1213.77
979.09	1215.67
979.25	1211.66
979.42	1220.61
979.59	1202.38
979.75	1220.69
979.92	1214.02
980.09	1220.90
980.25	1217.89
980.42	1213.71
980.59	1209.98
980.75	1218.97
980.92	1216.53
981.09	1214.26
981.25	1214.10
981.42	1217.15
981.59	1215.86
981.75	1217.97
981.92	1217.37
982.08	1212.64
982.25	1211.97
982.42	1217.58
982.58	1212.21
982.75	1212.95
982.92	1212.52
983.08	1212.38
983.25	1213.59
983.42	1211.52
983.58	1209.00
983.75	1215.98
983.91	1206.95
984.08	1218.62
984.25	1218.44
984.41	1215.67
984.58	1208.38
984.74	1216.72
984.91	1210.39
985.08	1223.68
985.24	1213.46
985.41	1219.67
985.57	1209.20
985.74	1218.54
985.91	1211.41
986.07	1223.21
986.24	1211.89
986.40	1211.82
986.57	1208.42
986.74	1218.54
986.90	1208.24
987.07	1219.44
987.23	1215.04
987.40	1218.25
987.57	1212.05
987.73	1216.94
987.90	1220.77
988.06	1219.81
988.23	1210.88
988.39	1223.01
988.56	1209.31
988.73	1218.09
988.89	1219.48
989.06	1213.52
989.22	1213.36
989.39	1220.92
989.55	1222.86
989.72	1220.81
989.88	1209.63
990.05	1224.97
990.22	1210.39
990.38	1222.02
990.55	1210.66
990.71	1221.47
990.88	1219.09
991.04	1212.56
991.21	1214.63
991.37	1217.25
991.54	1218.50
991.70	1222.80
991.87	1215.06
992.03	1214.36
992.20	1216.49
992.36	1220.38
992.53	1215.98
992.69	1213.01
992.86	1209.18
993.03	1218.15
993.19	1215.57
993.36	1222.25
993.52	1207.34
993.69	1214.71
993.85	1211.56
994.02	1218.87
994.18	1217.11
994.35	1221.47
994.51	1213.54
994.68	1218.21
994.84	1215.02
995.01	1216.47
995.17	1212.79
995.34	1218.01
995.50	1208.04
995.66	1215.90
995.83	1207.63
995.99	1220.10
996.16	1209.28
996.32	1214.75
996.49	1206.34
996.65	1220.53
996.82	1215.18
996.98	1217.64
997.15	1210.29
997.31	1214.45
997.48	1210.53
997.64	1217.50
997.81	1210.62
997.97	1212.77
998.13	1211.11
998.30	1224.64
998.46	1209.24
998.63	1220.96
998.79	1208.75
998.96	1214.26
999.12	1206.52
999.29	1215.39
999.45	1211.91
999.61	1214.14
999.78	1215.33
999.94	1213.44
1000.11	1204.64
1000.27	1220.14
1000.44	1214.88
1000.60	1227.68
1000.76	1209.61
1000.93	1223.07
1001.09	1214.42
1001.26	1227.10
1001.42	1211.13
1001.59	1221.22
1001.75	1214.16
1001.91	1217.54
1002.08	1213.65
1002.24	1214.59
1002.41	1208.12
1002.57	1222.39
1002.73	1212.52
1002.90	1218.64
1003.06	1205.78
1003.23	1220.73
1003.39	1213.50
1003.55	1221.72
1003.72	1214.32
1003.88	1219.38
1004.04	1213.99
1004.21	1218.03
1004.37	1213.79
1004.54	1221.98
1004.70	1211.17
1004.86	1225.59
1005.03	1210.78
1005.19	1219.93
1005.35	1212.52
1005.52	1214.32
1005.68	1213.97
1005.85	1216.15
1006.01	1212.21
1006.17	1220.90
1006.34	1216.23
1006.50	1224.07
1006.66	1213.63
1006.83	1220.47
1006.99	1208.26
1007.15	1219.97
1007.32	1209.37
1007.48	1226.02
1007.64	1208.36
1007.81	1218.87
1007.97	1216.58
1008.13	1226.67
1008.30	1216.08
1008.46	1217.31
1008.62	1217.91
1008.79	1214.34
1008.95	1212.17
1009.11	1222.08
1009.28	1214.04
1009.44	1214.47
1009.60	1209.59
1009.77	1215.63
1009.93	1215.67
1010.09	1215.24
1010.25	1207.03
1010.42	1219.91
1010.58	1208.38
1010.74	1213.73
1010.91	1214.69
1011.07	1216.08
1011.23	1211.82
1011.40	1221.92
1011.56	1211.66
1011.72	1222.37
1011.88	1215.00
1012.05	1222.33
1012.21	1211.46
1012.37	1217.76
1012.54	1211.17
1012.70	1220.32
1012.86	1216.49
1013.02	1221.22
1013.19	1209.45
1013.35	1219.42
1013.51	1210.80
1013.67	1215.43
1013.84	1220.10
1014.00	1219.11
1014.16	1209.76
1014.33	1222.49
1014.49	1215.45
1014.65	1218.48
1014.81	1205.91
1014.98	1213.97
1015.14	1213.95
1015.30	1216.64
1015.46	1219.26
1015.62	1225.09
1015.79	1212.85
1015.95	1218.52
1016.11	1212.19
1016.27	1219.22
1016.44	1210.82
1016.60	1210.90
1016.76	1207.93
1016.92	1228.49
1017.09	1215.20
1017.25	1216.96
1017.41	1208.20
1017.57	1226.82
1017.73	1205.09
1017.90	1225.87
1018.06	1221.86
1018.22	1215.49
1018.38	1211.43
1018.54	1213.91
1018.71	1212.89
1018.87	1216.80
1019.03	1211.33
1019.19	1222.35
1019.35	1211.84
1019.52	1221.02
1019.68	1205.88
1019.84	1221.02
1020.00	1213.40
1020.16	1213.85
1020.33	1207.56
1020.49	1224.11
1020.65	1210.02
1020.81	1215.22
1020.97	1211.78
1021.13	1218.62
1021.30	1213.79
1021.46	1221.41
1021.62	1216.06
1021.78	1218.13
1021.94	1219.05
1022.10	1213.71
1022.27	1208.61
1022.43	1220.79
1022.59	1217.80
1022.75	1220.92
1022.91	1212.91
1023.07	1220.43
1023.24	1216.70
1023.40	1213.93
1023.56	1216.80
1023.72	1210.98
1023.88	1216.35
1024.04	1220.73
1024.20	1214.28
1024.36	1219.81
1024.53	1210.00
1024.69	1215.69
1024.85	1212.25
1025.01	1220.96
1025.17	1213.99
1025.33	1214.42
1025.49	1215.55
1025.65	1221.57
1025.82	1214.86
1025.98	1214.59
1026.14	1213.83
1026.30	1218.46
1026.46	1208.14
1026.62	1224.30
1026.78	1222.27
1026.94	1223.17
1027.10	1222.82
1027.26	1218.40
1027.43	1213.61
1027.59	1218.71
1027.75	1211.99
1027.91	1219.07
1028.07	1210.06
1028.23	1228.49
1028.39	1212.30
1028.55	1220.98
1028.71	1215.78
1028.87	1216.27
1029.03	1214.40
1029.19	1220.36
1029.36	1209.57
1029.52	1218.09
1029.68	1207.46
1029.84	1216.88
1030.00	1216.88
1030.16	1218.73
1030.32	1213.73
1030.48	1223.56
1030.64	1213.07
1030.80	1221.10
1030.96	1210.08
1031.12	1223.03
1031.28	1214.71
1031.44	1221.59
1031.60	1211.29
1031.76	1221.12
1031.92	1219.30
1032.08	1238.71
1032.24	1210.98
1032.40	1218.99
1032.56	1211.95
1032.73	1216.58
1032.89	1204.76
1033.05	1214.06
1033.21	1215.80
1033.37	1227.84
1033.53	1212.73
1033.69	1219.11
1033.85	1220.65
1034.01	1218.13
1034.17	1203.22
1034.33	1214.98
1034.49	1215.00
1034.65	1221.06
1034.81	1207.89
1034.97	1216.21
1035.13	1221.90
1035.29	1210.21
1035.45	1211.97
1035.61	1220.12
1035.77	1210.84
1035.93	1214.59
1036.09	1212.17
1036.25	1217.95
1036.41	1212.01
1036.57	1219.52
1036.73	1209.49
1036.88	1225.55
1037.04	1215.12
