3.855607591e-05 604.0 4.3282909183745245e-07 1.3687257677885437e-07
3.883640178e-05 608.0 4.437259501063504e-07 1.4031846592583006e-07
3.9307586309999996e-05 612.0 3.125944335339787e-07 9.885103938574901e-08
3.892756323e-05 616.0 4.945486372509438e-07 1.563900107445375e-07
4.0035766390000004e-05 620.0 3.20958092349467e-07 1.0149586052869791e-07
4.0378421459999996e-05 624.0 4.430111863893264e-07 1.4009243779236568e-07
4.0759368809999997e-05 628.0 4.4320102613387437e-07 1.401524703906853e-07
4.1555292220000006e-05 632.0 4.926371287177053e-07 1.5578553867134937e-07
4.195364939e-05 636.0 4.604756993836843e-07 1.456152017211435e-07
4.2179554659999995e-05 640.0 3.2237108532962235e-07 1.019426881422099e-07
4.266038266e-05 644.0 4.029321553862769e-07 1.2741833535415174e-07
4.298846909e-05 648.0 4.4625434690377426e-07 1.4111801519668355e-07
4.316398413e-05 652.0 4.1872558375459895e-07 1.3241265592481318e-07
4.353658379e-05 656.0 3.115496211405052e-07 9.852064069665418e-08
4.396441462e-05 660.0 2.2661331337297033e-07 7.166142183760803e-08
4.419230498e-05 664.0 4.587572218783877e-07 1.450717714186934e-07
4.516804486e-05 668.0 3.289672699019803e-07 1.0402858485376139e-07
4.562282845999999e-05 672.0 2.334333211296965e-07 7.381809765473504e-08
4.533679818e-05 676.0 6.061506013528365e-07 1.916816505355704e-07
4.604175138e-05 680.0 4.2435166885214683e-07 1.3419178024663136e-07
4.654126984e-05 684.0 5.245445737314364e-07 1.6587555872734664e-07
4.722607452e-05 688.0 3.456658448363333e-07 1.093091379009166e-07
4.782107469e-05 692.0 3.005263542605061e-07 9.503477763698466e-08
4.9035190889999995e-05 696.0 3.2382601614278806e-07 1.0240277766296635e-07
4.947282727e-05 700.0 3.762303075802265e-07 1.1897446967392282e-07
4.8561765099999996e-05 704.0 3.549450014995027e-07 1.1224346488303092e-07
4.939839522000001e-05 708.0 3.092704289609752e-07 9.779989684539837e-08
4.9644428979999995e-05 712.0 4.235653303476582e-07 1.339431181780239e-07
5.434916346e-05 716.0 6.517787672554276e-06 2.0611054350639243e-06
5.026015279000001e-05 720.0 2.453475313878269e-07 7.758570174851852e-08
5.079266403e-05 724.0 3.0168259210207326e-07 9.540041214660758e-08
5.066329891999999e-05 728.0 4.3022393526058686e-07 1.360487539344281e-07
5.043975302000001e-05 732.0 4.705940402908618e-07 1.4881490206201704e-07
5.067312129000001e-05 736.0 2.6593720696381194e-07 8.409672885892372e-08
5.06773511e-05 740.0 3.3713791207349806e-07 1.0661236877458341e-07
5.065299717e-05 744.0 6.154862078991921e-07 1.9463382853813658e-07
5.068702408e-05 748.0 4.99530185406098e-07 1.5796531458894722e-07
5.0651962430000014e-05 752.0 4.4055386927205186e-07 1.39315365889975e-07
5.092688317000001e-05 756.0 1.971536011942528e-07 6.234544286783315e-08
5.078533793e-05 760.0 3.504064192161813e-07 1.108082391466926e-07
5.0743147710000005e-05 764.0 2.58549194450962e-07 8.176043416668074e-08
5.060572476e-05 768.0 2.8774553204460085e-07 9.099312677979057e-08
5.0522878139999994e-05 772.0 5.079142252842861e-07 1.6061658078982273e-07
5.036302754999999e-05 776.0 4.5921096672730336e-07 1.4521525813860763e-07
5.0505397630000004e-05 780.0 4.79134309264942e-07 1.5151557224087333e-07
5.0345124199999996e-05 784.0 3.292797536384705e-07 1.0412740088766828e-07
5.0265042819999995e-05 788.0 2.490720230544278e-07 7.876348942779606e-08
5.048787565e-05 792.0 3.8222645403452284e-07 1.2087061767187475e-07
5.094305986999999e-05 796.0 4.2438651879508577e-07 1.3420280076623277e-07
5.054215196000001e-05 800.0 4.521802859130234e-07 1.4299196165113043e-07
5.0469906219999995e-05 804.0 2.9022569627152253e-07 9.17774235726249e-08
4.9615282989999996e-05 808.0 6.190918344359689e-07 1.9577402776295252e-07
5.0558503459999994e-05 812.0 2.5586411244919624e-07 8.091133668369034e-08
5.376294438000001e-05 816.0 7.05221819129316e-07 2.230107204095941e-07
5.1608843389999994e-05 820.0 3.3118095608075194e-07 1.047286138887367e-07
5.183368086e-05 824.0 3.6372668878537487e-07 1.1502047823530074e-07
5.2187624759999994e-05 828.0 4.830426362160803e-07 1.527514937414952e-07
5.2507786379999994e-05 832.0 4.0496333324045843e-07 1.2806065018936245e-07
5.327549353000001e-05 836.0 5.165367808948617e-07 1.63343272287911e-07
5.3649794979999996e-05 840.0 4.886736737938131e-07 1.545321841750585e-07
5.437535109e-05 844.0 3.7776635681149165e-07 1.194602110908177e-07
5.496352146e-05 848.0 3.244910213727663e-07 1.0261307078123189e-07
5.5498969110000015e-05 852.0 4.4693608630606116e-07 1.4133360012487438e-07
5.583803802e-05 856.0 4.169803229433919e-07 1.3186075599736846e-07
5.6689290970000005e-05 860.0 4.1672816822380757e-07 1.3178101767370368e-07
5.701970831e-05 864.0 3.3936511563794034e-07 1.0731667238223174e-07
5.746000099999999e-05 868.0 3.3918005311246367e-07 1.0725815047322682e-07
5.907706271e-05 872.0 4.695527950684205e-07 1.4848563141144872e-07
5.9521223049999994e-05 876.0 2.6344907022265305e-07 8.330991093572263e-08
6.0577093169999994e-05 880.0 3.979948247439386e-07 1.2585701431503864e-07
6.096884006999999e-05 884.0 4.619397551558191e-07 1.4607817680728976e-07
6.204574318000001e-05 888.0 6.076762533140154e-07 1.921641040469732e-07
6.234834539e-05 892.0 3.558352116094723e-07 1.1252497403739222e-07
6.351710255e-05 896.0 4.422955568029636e-07 1.398661358469746e-07
6.370010237999999e-05 900.0 2.578552358363457e-07 8.154098518427248e-08
6.441143415e-05 904.0 5.075870447713881e-07 1.6051311722714473e-07
6.487740832e-05 908.0 3.168364009330621e-07 1.0019246725987741e-07
6.565697569e-05 912.0 3.822573294117812e-07 1.2088038132345008e-07
6.617255682e-05 916.0 1.6611134977514359e-07 5.252902104943523e-08
6.703015659e-05 920.0 2.3698684962325397e-07 7.494182203172991e-08
6.765172609000001e-05 924.0 4.1125376088177836e-07 1.300498580696676e-07
6.814853747000001e-05 928.0 5.910221050938111e-07 1.8689759996038468e-07
6.875062342e-05 932.0 3.4041716616196976e-07 1.0764935996918241e-07
6.943647225e-05 936.0 1.5991999019623e-07 5.057114124118843e-08
6.970615235e-05 940.0 4.810065593988815e-07 1.5210762971815374e-07
7.020035660000002e-05 944.0 5.019702352934376e-07 1.5873692611379024e-07
7.052050911e-05 948.0 3.241074780231607e-07 1.024917837246155e-07
7.06041914e-05 952.0 4.829783099909685e-07 1.5273115200303178e-07
7.078480495e-05 956.0 4.093334322276399e-07 1.2944259682935129e-07
7.079127398e-05 960.0 4.080653007260725e-07 1.2904157843759504e-07
7.096461650999999e-05 964.0 1.583198131405126e-07 5.0065120825627515e-08
7.107779873e-05 968.0 6.03625143495706e-07 1.908830306392403e-07
7.126521394999999e-05 972.0 3.532919405247428e-07 1.1172072110389298e-07
7.105136369999999e-05 976.0 3.0497951226692306e-07 9.644298984507389e-08
7.103980814e-05 980.0 4.348614683923813e-07 1.375152706765245e-07
7.093637794999999e-05 984.0 3.37141940044918e-07 1.0661364253098713e-07
7.075370887e-05 988.0 4.558438382858971e-07 1.4415047863368998e-07
7.003992361e-05 992.0 5.539933312352674e-07 1.7518807352475472e-07
6.958105665000001e-05 996.0 3.9043943250846265e-07 1.234677895070331e-07
6.887887013000001e-05 1000.0 2.9980479612133335e-07 9.48066009185828e-08
